5
s 30 2 124
r 20 0.01 0 3.71366 0.01
r 22 0.01 0 3.43079 0.01
r 24 0.01 0 3.16983 0.01
r 26 0.01 0 2.97995 0.01
r 28 0.01 0 1.88186 0.01
r 30 0.01 0 1.32733 0.01
r 32 0.01 0 1.88187 0.01
r 34 0.01 0 2.97999 0.01
r 36 0.01 0 3.27258 0.01
r 38 0.01 0 3.59715 0.01
r 40 0.01 0 3.96045 0.01
r 42 0.01 0 4.30611 0.01
r 44 0.01 0 4.59205 0.01
r 46 0.01 0 4.79987 0.01
r 48 0.01 0 5.06132 0.01
r 50 0.01 0 5.36974 0.01
r 52 0.01 0 5.67254 0.01
r 54 0.01 0 5.97401 0.01
r 56 0.01 0 6.23893 0.01
r 58 0.01 0 6.47963 0.01
r 60 0.01 0 6.72498 0.01
r 62 0.01 0 7.01107 0.01
r 64 0.01 0 7.37972 0.01
r 66 0.01 0 7.70895 0.01
r 68 0.01 0 7.92416 0.01
r 70 0.01 0 8.16596 0.01
r 72 0.01 0 8.42814 0.01
r 74 0.01 0 8.67745 0.01
r 76 0.01 0 8.91173 0.01
r 78 0.01 0 9.21167 0.01
r 80 0.01 0 9.44139 0.01
r 20 0.01 1 4.57307 0.01
r 22 0.01 1 4.43146 0.01
r 24 0.01 1 4.31631 0.01
r 26 0.01 1 4.28338 0.01
r 28 0.01 1 4.30196 0.01
r 30 0.01 1 4.27301 0.01
r 32 0.01 1 4.26898 0.01
r 34 0.01 1 4.33773 0.01
r 36 0.01 1 4.41609 0.01
r 38 0.01 1 4.55452 0.01
r 40 0.01 1 4.73194 0.01
r 42 0.01 1 4.92109 0.01
r 44 0.01 1 5.09708 0.01
r 46 0.01 1 5.22119 0.01
r 48 0.01 1 5.43607 0.01
r 50 0.01 1 5.66829 0.01
r 52 0.01 1 5.9523 0.01
r 54 0.01 1 6.20961 0.01
r 56 0.01 1 6.45204 0.01
r 58 0.01 1 6.67409 0.01
r 60 0.01 1 6.9165 0.01
r 62 0.01 1 7.20169 0.01
r 64 0.01 1 7.54621 0.01
r 66 0.01 1 7.82865 0.01
r 68 0.01 1 8.01338 0.01
r 70 0.01 1 8.22803 0.01
r 72 0.01 1 8.47561 0.01
r 74 0.01 1 8.74386 0.01
r 76 0.01 1 9.01279 0.01
r 78 0.01 1 9.29284 0.01
r 80 0.01 1 9.49028 0.01
r 20 0.01 7 4.33651 0.01
r 22 0.01 7 4.05743 0.01
r 24 0.01 7 3.78463 0.01
r 26 0.01 7 3.57592 0.01
r 28 0.01 7 3.41063 0.01
r 30 0.01 7 3.11398 0.01
r 32 0.01 7 3.3424 0.01
r 34 0.01 7 3.63523 0.01
r 36 0.01 7 3.93911 0.01
r 38 0.01 7 4.28527 0.01
r 40 0.01 7 4.6451 0.01
r 42 0.01 7 4.98284 0.01
r 44 0.01 7 5.20916 0.01
r 46 0.01 7 5.41904 0.01
r 48 0.01 7 5.71647 0.01
r 50 0.01 7 6.01441 0.01
r 52 0.01 7 6.33922 0.01
r 54 0.01 7 6.59044 0.01
r 56 0.01 7 6.85691 0.01
r 58 0.01 7 7.09683 0.01
r 60 0.01 7 7.354 0.01
r 62 0.01 7 7.69419 0.01
r 64 0.01 7 8.05341 0.01
r 66 0.01 7 8.32594 0.01
r 68 0.01 7 8.53782 0.01
r 70 0.01 7 8.78267 0.01
r 72 0.01 7 9.0682 0.01
r 74 0.01 7 9.29031 0.01
r 76 0.01 7 9.55169 0.01
r 78 0.01 7 9.85658 0.01
r 80 0.01 7 10.0434 0.01
r 20 0.01 8 5.1879 0.01
r 22 0.01 8 5.32733 0.01
r 24 0.01 8 4.77074 0.01
r 26 0.01 8 3.90207 0.01
r 28 0.01 8 3.4805 0.01
r 30 0.01 8 3.1213 0.01
r 32 0.01 8 3.48343 0.01
r 34 0.01 8 3.79416 0.01
r 36 0.01 8 4.26843 0.01
r 38 0.01 8 4.78278 0.01
r 40 0.01 8 5.34634 0.01
r 42 0.01 8 5.8914 0.01
r 44 0.01 8 6.40914 0.01
r 46 0.01 8 6.84063 0.01
r 48 0.01 8 7.26595 0.01
r 50 0.01 8 7.73549 0.01
r 52 0.01 8 8.20101 0.01
r 54 0.01 8 8.67647 0.01
r 56 0.01 8 9.13735 0.01
r 58 0.01 8 9.60065 0.01
r 60 0.01 8 10.0235 0.01
r 62 0.01 8 10.4811 0.01
r 64 0.01 8 10.9858 0.01
r 66 0.01 8 11.496 0.01
r 68 0.01 8 11.9524 0.01
r 70 0.01 8 12.3714 0.01
r 72 0.01 8 12.809 0.01
r 74 0.01 8 13.2208 0.01
r 76 0.01 8 13.5997 0.01
r 78 0.01 8 14.0106 0.01
r 80 0.01 8 14.4294 0.01
s 40 2 124
r 20 0.01 0 5.18742 0.01
r 22 0.01 0 4.92209 0.01
r 24 0.01 0 4.66831 0.01
r 26 0.01 0 4.47708 0.01
r 28 0.01 0 4.27991 0.01
r 30 0.01 0 3.96638 0.01
r 32 0.01 0 3.65808 0.01
r 34 0.01 0 3.3653 0.01
r 36 0.01 0 2.98237 0.01
r 38 0.01 0 1.88343 0.01
r 40 0.01 0 1.32847 0.01
r 42 0.01 0 1.88343 0.01
r 44 0.01 0 2.98235 0.01
r 46 0.01 0 3.51112 0.01
r 48 0.01 0 3.79146 0.01
r 50 0.01 0 4.12799 0.01
r 52 0.01 0 4.45632 0.01
r 54 0.01 0 4.77953 0.01
r 56 0.01 0 5.05893 0.01
r 58 0.01 0 5.30889 0.01
r 60 0.01 0 5.56167 0.01
r 62 0.01 0 5.85157 0.01
r 64 0.01 0 6.2244 0.01
r 66 0.01 0 6.56967 0.01
r 68 0.01 0 6.79052 0.01
r 70 0.01 0 7.02446 0.01
r 72 0.01 0 7.29398 0.01
r 74 0.01 0 7.59203 0.01
r 76 0.01 0 7.85338 0.01
r 78 0.01 0 8.18904 0.01
r 80 0.01 0 8.43925 0.01
r 20 0.01 1 5.5011 0.01
r 22 0.01 1 5.30355 0.01
r 24 0.01 1 5.12502 0.01
r 26 0.01 1 5.01483 0.01
r 28 0.01 1 4.9132 0.01
r 30 0.01 1 4.72603 0.01
r 32 0.01 1 4.5715 0.01
r 34 0.01 1 4.46629 0.01
r 36 0.01 1 4.40267 0.01
r 38 0.01 1 4.39488 0.01
r 40 0.01 1 4.42584 0.01
r 42 0.01 1 4.47998 0.01
r 44 0.01 1 4.48688 0.01
r 46 0.01 1 4.53116 0.01
r 48 0.01 1 4.66897 0.01
r 50 0.01 1 4.84775 0.01
r 52 0.01 1 5.05153 0.01
r 54 0.01 1 5.26727 0.01
r 56 0.01 1 5.48635 0.01
r 58 0.01 1 5.67425 0.01
r 60 0.01 1 5.91098 0.01
r 62 0.01 1 6.16931 0.01
r 64 0.01 1 6.48456 0.01
r 66 0.01 1 6.83622 0.01
r 68 0.01 1 7.02096 0.01
r 70 0.01 1 7.23615 0.01
r 72 0.01 1 7.48423 0.01
r 74 0.01 1 7.74188 0.01
r 76 0.01 1 7.97671 0.01
r 78 0.01 1 8.28843 0.01
r 80 0.01 1 8.49262 0.01
r 20 0.01 7 5.91155 0.01
r 22 0.01 7 5.64615 0.01
r 24 0.01 7 5.38943 0.01
r 26 0.01 7 5.19292 0.01
r 28 0.01 7 5.02501 0.01
r 30 0.01 7 4.7382 0.01
r 32 0.01 7 4.41273 0.01
r 34 0.01 7 4.12423 0.01
r 36 0.01 7 3.84326 0.01
r 38 0.01 7 3.61384 0.01
r 40 0.01 7 3.3908 0.01
r 42 0.01 7 3.61726 0.01
r 44 0.01 7 3.99108 0.01
r 46 0.01 7 4.2178 0.01
r 48 0.01 7 4.54288 0.01
r 50 0.01 7 4.87673 0.01
r 52 0.01 7 5.2117 0.01
r 54 0.01 7 5.5003 0.01
r 56 0.01 7 5.77773 0.01
r 58 0.01 7 6.00643 0.01
r 60 0.01 7 6.27243 0.01
r 62 0.01 7 6.63878 0.01
r 64 0.01 7 6.97563 0.01
r 66 0.01 7 7.26784 0.01
r 68 0.01 7 7.48419 0.01
r 70 0.01 7 7.72944 0.01
r 72 0.01 7 8.03774 0.01
r 74 0.01 7 8.30116 0.01
r 76 0.01 7 8.59593 0.01
r 78 0.01 7 8.92611 0.01
r 80 0.01 7 9.11574 0.01
r 20 0.01 8 7.74173 0.01
r 22 0.01 8 7.2885 0.01
r 24 0.01 8 6.861 0.01
r 26 0.01 8 6.46541 0.01
r 28 0.01 8 5.97666 0.01
r 30 0.01 8 5.46452 0.01
r 32 0.01 8 4.9602 0.01
r 34 0.01 8 4.47516 0.01
r 36 0.01 8 4.12601 0.01
r 38 0.01 8 3.5467 0.01
r 40 0.01 8 3.39247 0.01
r 42 0.01 8 3.73604 0.01
r 44 0.01 8 4.25916 0.01
r 46 0.01 8 4.67249 0.01
r 48 0.01 8 5.43043 0.01
r 50 0.01 8 5.61563 0.01
r 52 0.01 8 6.12614 0.01
r 54 0.01 8 6.64354 0.01
r 56 0.01 8 7.12482 0.01
r 58 0.01 8 7.60169 0.01
r 60 0.01 8 8.04195 0.01
r 62 0.01 8 8.50366 0.01
r 64 0.01 8 9.02044 0.01
r 66 0.01 8 9.53309 0.01
r 68 0.01 8 10.0269 0.01
r 70 0.01 8 10.4507 0.01
r 72 0.01 8 10.8864 0.01
r 74 0.01 8 11.3612 0.01
r 76 0.01 8 11.8046 0.01
r 78 0.01 8 12.2581 0.01
r 80 0.01 8 12.7147 0.01
s 50 2 124
r 20 0.01 0 6.49493 0.01
r 22 0.01 0 6.24543 0.01
r 24 0.01 0 6.00543 0.01
r 26 0.01 0 5.82597 0.01
r 28 0.01 0 5.65328 0.01
r 30 0.01 0 5.36952 0.01
r 32 0.01 0 5.0938 0.01
r 34 0.01 0 4.83441 0.01
r 36 0.01 0 4.58884 0.01
r 38 0.01 0 4.37307 0.01
r 40 0.01 0 4.14592 0.01
r 42 0.01 0 3.82624 0.01
r 44 0.01 0 3.46799 0.01
r 46 0.01 0 2.97901 0.01
r 48 0.01 0 1.88125 0.01
r 50 0.01 0 1.3269 0.01
r 52 0.01 0 1.88124 0.01
r 54 0.01 0 2.97897 0.01
r 56 0.01 0 3.66288 0.01
r 58 0.01 0 3.92683 0.01
r 60 0.01 0 4.18854 0.01
r 62 0.01 0 4.48606 0.01
r 64 0.01 0 4.87134 0.01
r 66 0.01 0 5.22575 0.01
r 68 0.01 0 5.45103 0.01
r 70 0.01 0 5.69355 0.01
r 72 0.01 0 5.96827 0.01
r 74 0.01 0 6.2791 0.01
r 76 0.01 0 6.54484 0.01
r 78 0.01 0 6.88813 0.01
r 80 0.01 0 7.14782 0.01
r 20 0.01 1 6.64083 0.01
r 22 0.01 1 6.43843 0.01
r 24 0.01 1 6.24772 0.01
r 26 0.01 1 6.05325 0.01
r 28 0.01 1 5.9089 0.01
r 30 0.01 1 5.68176 0.01
r 32 0.01 1 5.45595 0.01
r 34 0.01 1 5.24094 0.01
r 36 0.01 1 5.06814 0.01
r 38 0.01 1 4.95559 0.01
r 40 0.01 1 4.85675 0.01
r 42 0.01 1 4.73306 0.01
r 44 0.01 1 4.56348 0.01
r 46 0.01 1 4.43849 0.01
r 48 0.01 1 4.41926 0.01
r 50 0.01 1 4.42623 0.01
r 52 0.01 1 4.50108 0.01
r 54 0.01 1 4.58282 0.01
r 56 0.01 1 4.68684 0.01
r 58 0.01 1 4.78887 0.01
r 60 0.01 1 4.93542 0.01
r 62 0.01 1 5.14094 0.01
r 64 0.01 1 5.41851 0.01
r 66 0.01 1 5.68316 0.01
r 68 0.01 1 5.88033 0.01
r 70 0.01 1 6.10606 0.01
r 72 0.01 1 6.32517 0.01
r 74 0.01 1 6.56659 0.01
r 76 0.01 1 6.82008 0.01
r 78 0.01 1 7.10871 0.01
r 80 0.01 1 7.32579 0.01
r 20 0.01 7 7.21756 0.01
r 22 0.01 7 6.97578 0.01
r 24 0.01 7 6.7212 0.01
r 26 0.01 7 6.537 0.01
r 28 0.01 7 6.38287 0.01
r 30 0.01 7 6.12595 0.01
r 32 0.01 7 5.82051 0.01
r 34 0.01 7 5.56851 0.01
r 36 0.01 7 5.31171 0.01
r 38 0.01 7 5.10448 0.01
r 40 0.01 7 4.88995 0.01
r 42 0.01 7 4.6368 0.01
r 44 0.01 7 4.27506 0.01
r 46 0.01 7 3.93111 0.01
r 48 0.01 7 3.70125 0.01
r 50 0.01 7 3.47397 0.01
r 52 0.01 7 3.69181 0.01
r 54 0.01 7 4.11878 0.01
r 56 0.01 7 4.40716 0.01
r 58 0.01 7 4.64531 0.01
r 60 0.01 7 4.91767 0.01
r 62 0.01 7 5.25519 0.01
r 64 0.01 7 5.64028 0.01
r 66 0.01 7 5.93949 0.01
r 68 0.01 7 6.16366 0.01
r 70 0.01 7 6.41842 0.01
r 72 0.01 7 6.71288 0.01
r 74 0.01 7 7.00372 0.01
r 76 0.01 7 7.29989 0.01
r 78 0.01 7 7.63378 0.01
r 80 0.01 7 7.84055 0.01
r 20 0.01 8 9.97308 0.01
r 22 0.01 8 9.54473 0.01
r 24 0.01 8 9.12805 0.01
r 26 0.01 8 8.75218 0.01
r 28 0.01 8 8.31203 0.01
r 30 0.01 8 7.85056 0.01
r 32 0.01 8 7.41452 0.01
r 34 0.01 8 6.95966 0.01
r 36 0.01 8 6.532 0.01
r 38 0.01 8 6.08874 0.01
r 40 0.01 8 5.62173 0.01
r 42 0.01 8 5.06338 0.01
r 44 0.01 8 4.54607 0.01
r 46 0.01 8 4.16223 0.01
r 48 0.01 8 3.80561 0.01
r 50 0.01 8 3.48151 0.01
r 52 0.01 8 3.80665 0.01
r 54 0.01 8 4.29864 0.01
r 56 0.01 8 4.76197 0.01
r 58 0.01 8 6.23424 0.01
r 60 0.01 8 7.0516 0.01
r 62 0.01 8 6.70713 0.01
r 64 0.01 8 6.69984 0.01
r 66 0.01 8 7.19376 0.01
r 68 0.01 8 7.71034 0.01
r 70 0.01 8 8.13686 0.01
r 72 0.01 8 8.59125 0.01
r 74 0.01 8 9.08455 0.01
r 76 0.01 8 9.53472 0.01
r 78 0.01 8 9.99313 0.01
r 80 0.01 8 10.4654 0.01
s 60 2 124
r 20 0.01 0 7.82115 0.01
r 22 0.01 0 7.57367 0.01
r 24 0.01 0 7.33996 0.01
r 26 0.01 0 7.16628 0.01
r 28 0.01 0 6.99735 0.01
r 30 0.01 0 6.72185 0.01
r 32 0.01 0 6.45528 0.01
r 34 0.01 0 6.21423 0.01
r 36 0.01 0 5.98153 0.01
r 38 0.01 0 5.78067 0.01
r 40 0.01 0 5.57015 0.01
r 42 0.01 0 5.27973 0.01
r 44 0.01 0 4.93379 0.01
r 46 0.01 0 4.65023 0.01
r 48 0.01 0 4.42339 0.01
r 50 0.01 0 4.19817 0.01
r 52 0.01 0 3.93641 0.01
r 54 0.01 0 3.64786 0.01
r 56 0.01 0 2.97972 0.01
r 58 0.01 0 1.88172 0.01
r 60 0.01 0 1.32725 0.01
r 62 0.01 0 1.88174 0.01
r 64 0.01 0 2.97977 0.01
r 66 0.01 0 3.75855 0.01
r 68 0.01 0 4.08709 0.01
r 70 0.01 0 4.33322 0.01
r 72 0.01 0 4.61603 0.01
r 74 0.01 0 4.93257 0.01
r 76 0.01 0 5.20602 0.01
r 78 0.01 0 5.5605 0.01
r 80 0.01 0 5.83415 0.01
r 20 0.01 1 7.95319 0.01
r 22 0.01 1 7.73232 0.01
r 24 0.01 1 7.53981 0.01
r 26 0.01 1 7.39104 0.01
r 28 0.01 1 7.16798 0.01
r 30 0.01 1 6.92496 0.01
r 32 0.01 1 6.68575 0.01
r 34 0.01 1 6.43568 0.01
r 36 0.01 1 6.24233 0.01
r 38 0.01 1 6.06529 0.01
r 40 0.01 1 5.89813 0.01
r 42 0.01 1 5.68803 0.01
r 44 0.01 1 5.41069 0.01
r 46 0.01 1 5.19569 0.01
r 48 0.01 1 5.05561 0.01
r 50 0.01 1 4.94123 0.01
r 52 0.01 1 4.84637 0.01
r 54 0.01 1 4.73599 0.01
r 56 0.01 1 4.66335 0.01
r 58 0.01 1 4.58821 0.01
r 60 0.01 1 4.56888 0.01
r 62 0.01 1 4.65557 0.01
r 64 0.01 1 4.78206 0.01
r 66 0.01 1 4.88013 0.01
r 68 0.01 1 4.96406 0.01
r 70 0.01 1 5.08861 0.01
r 72 0.01 1 5.269 0.01
r 74 0.01 1 5.48018 0.01
r 76 0.01 1 5.68073 0.01
r 78 0.01 1 5.93185 0.01
r 80 0.01 1 6.14383 0.01
r 20 0.01 7 8.51678 0.01
r 22 0.01 7 8.2706 0.01
r 24 0.01 7 8.03371 0.01
r 26 0.01 7 7.85223 0.01
r 28 0.01 7 7.70043 0.01
r 30 0.01 7 7.44741 0.01
r 32 0.01 7 7.15903 0.01
r 34 0.01 7 6.91631 0.01
r 36 0.01 7 6.66955 0.01
r 38 0.01 7 6.48051 0.01
r 40 0.01 7 6.27322 0.01
r 42 0.01 7 6.04166 0.01
r 44 0.01 7 5.69402 0.01
r 46 0.01 7 5.35548 0.01
r 48 0.01 7 5.13785 0.01
r 50 0.01 7 4.91162 0.01
r 52 0.01 7 4.68255 0.01
r 54 0.01 7 4.39687 0.01
r 56 0.01 7 4.0924 0.01
r 58 0.01 7 3.65726 0.01
r 60 0.01 7 3.48354 0.01
r 62 0.01 7 3.71384 0.01
r 64 0.01 7 4.2402 0.01
r 66 0.01 7 4.55712 0.01
r 68 0.01 7 4.78066 0.01
r 70 0.01 7 5.0444 0.01
r 72 0.01 7 5.35419 0.01
r 74 0.01 7 5.64306 0.01
r 76 0.01 7 5.94255 0.01
r 78 0.01 7 6.29459 0.01
r 80 0.01 7 6.50442 0.01
r 20 0.01 8 12.2126 0.01
r 22 0.01 8 11.7871 0.01
r 24 0.01 8 11.3878 0.01
r 26 0.01 8 11.0468 0.01
r 28 0.01 8 10.5944 0.01
r 30 0.01 8 10.1473 0.01
r 32 0.01 8 9.73729 0.01
r 34 0.01 8 9.31983 0.01
r 36 0.01 8 8.93221 0.01
r 38 0.01 8 8.48261 0.01
r 40 0.01 8 8.0493 0.01
r 42 0.01 8 7.52471 0.01
r 44 0.01 8 6.99568 0.01
r 46 0.01 8 9.25423 0.01
r 48 0.01 8 8.52431 0.01
r 50 0.01 8 5.69726 0.01
r 52 0.01 8 5.16763 0.01
r 54 0.01 8 4.67105 0.01
r 56 0.01 8 4.1716 0.01
r 58 0.01 8 3.82261 0.01
r 60 0.01 8 3.48505 0.01
r 62 0.01 8 3.79062 0.01
r 64 0.01 8 4.37794 0.01
r 66 0.01 8 4.86103 0.01
r 68 0.01 8 5.98671 0.01
r 70 0.01 8 5.97485 0.01
r 72 0.01 8 6.53311 0.01
r 74 0.01 8 7.06307 0.01
r 76 0.01 8 7.22774 0.01
r 78 0.01 8 7.6931 0.01
r 80 0.01 8 8.17917 0.01
s 70 2 124
r 20 0.01 0 9.20358 0.01
r 22 0.01 0 8.9705 0.01
r 24 0.01 0 8.74876 0.01
r 26 0.01 0 8.58209 0.01
r 28 0.01 0 8.42191 0.01
r 30 0.01 0 8.15892 0.01
r 32 0.01 0 7.88974 0.01
r 34 0.01 0 7.64753 0.01
r 36 0.01 0 7.42176 0.01
r 38 0.01 0 7.23348 0.01
r 40 0.01 0 7.0301 0.01
r 42 0.01 0 6.7574 0.01
r 44 0.01 0 6.42085 0.01
r 46 0.01 0 6.14108 0.01
r 48 0.01 0 5.91848 0.01
r 50 0.01 0 5.69927 0.01
r 52 0.01 0 5.45563 0.01
r 54 0.01 0 5.1759 0.01
r 56 0.01 0 4.86058 0.01
r 58 0.01 0 4.57078 0.01
r 60 0.01 0 4.34759 0.01
r 62 0.01 0 4.18117 0.01
r 64 0.01 0 3.77635 0.01
r 66 0.01 0 2.98036 0.01
r 68 0.01 0 1.88212 0.01
r 70 0.01 0 1.32752 0.01
r 72 0.01 0 1.88211 0.01
r 74 0.01 0 2.98033 0.01
r 76 0.01 0 3.76319 0.01
r 78 0.01 0 4.27901 0.01
r 80 0.01 0 4.56834 0.01
r 20 0.01 1 9.29152 0.01
r 22 0.01 1 9.06575 0.01
r 24 0.01 1 8.89776 0.01
r 26 0.01 1 8.69675 0.01
r 28 0.01 1 8.50025 0.01
r 30 0.01 1 8.27164 0.01
r 32 0.01 1 8.0198 0.01
r 34 0.01 1 7.77795 0.01
r 36 0.01 1 7.57182 0.01
r 38 0.01 1 7.38377 0.01
r 40 0.01 1 7.22319 0.01
r 42 0.01 1 6.9866 0.01
r 44 0.01 1 6.67658 0.01
r 46 0.01 1 6.4082 0.01
r 48 0.01 1 6.24307 0.01
r 50 0.01 1 6.08155 0.01
r 52 0.01 1 5.9261 0.01
r 54 0.01 1 5.66965 0.01
r 56 0.01 1 5.43835 0.01
r 58 0.01 1 5.23828 0.01
r 60 0.01 1 5.0929 0.01
r 62 0.01 1 5.0461 0.01
r 64 0.01 1 4.99395 0.01
r 66 0.01 1 4.85426 0.01
r 68 0.01 1 4.77372 0.01
r 70 0.01 1 4.74394 0.01
r 72 0.01 1 4.81208 0.01
r 74 0.01 1 4.89612 0.01
r 76 0.01 1 5.02238 0.01
r 78 0.01 1 5.20789 0.01
r 80 0.01 1 5.31692 0.01
r 20 0.01 7 9.97461 0.01
r 22 0.01 7 9.73966 0.01
r 24 0.01 7 9.50851 0.01
r 26 0.01 7 9.34052 0.01
r 28 0.01 7 9.19691 0.01
r 30 0.01 7 8.95487 0.01
r 32 0.01 7 8.6588 0.01
r 34 0.01 7 8.41541 0.01
r 36 0.01 7 8.1803 0.01
r 38 0.01 7 7.99849 0.01
r 40 0.01 7 7.79869 0.01
r 42 0.01 7 7.58021 0.01
r 44 0.01 7 7.25559 0.01
r 46 0.01 7 6.91918 0.01
r 48 0.01 7 6.70204 0.01
r 50 0.01 7 6.48017 0.01
r 52 0.01 7 6.26127 0.01
r 54 0.01 7 5.98347 0.01
r 56 0.01 7 5.69688 0.01
r 58 0.01 7 5.37591 0.01
r 60 0.01 7 5.11987 0.01
r 62 0.01 7 4.97426 0.01
r 64 0.01 7 4.75068 0.01
r 66 0.01 7 4.41467 0.01
r 68 0.01 7 3.97007 0.01
r 70 0.01 7 3.81577 0.01
r 72 0.01 7 4.00186 0.01
r 74 0.01 7 4.43603 0.01
r 76 0.01 7 4.74103 0.01
r 78 0.01 7 5.11693 0.01
r 80 0.01 7 5.34554 0.01
r 20 0.01 8 14.5589 0.01
r 22 0.01 8 14.1582 0.01
r 24 0.01 8 13.7647 0.01
r 26 0.01 8 13.4141 0.01
r 28 0.01 8 13.0066 0.01
r 30 0.01 8 12.5761 0.01
r 32 0.01 8 12.171 0.01
r 34 0.01 8 11.7575 0.01
r 36 0.01 8 11.3609 0.01
r 38 0.01 8 10.9488 0.01
r 40 0.01 8 10.5284 0.01
r 42 0.01 8 10.0358 0.01
r 44 0.01 8 9.51612 0.01
r 46 0.01 8 9.07763 0.01
r 48 0.01 8 8.64393 0.01
r 50 0.01 8 8.20619 0.01
r 52 0.01 8 7.73059 0.01
r 54 0.01 8 7.26661 0.01
r 56 0.01 8 7.04941 0.01
r 58 0.01 8 6.59182 0.01
r 60 0.01 8 6.40012 0.01
r 62 0.01 8 5.41361 0.01
r 64 0.01 8 4.9151 0.01
r 66 0.01 8 4.53074 0.01
r 68 0.01 8 4.12146 0.01
r 70 0.01 8 3.81672 0.01
r 72 0.01 8 4.12204 0.01
r 74 0.01 8 4.57812 0.01
r 76 0.01 8 5.0333 0.01
r 78 0.01 8 5.47306 0.01
r 80 0.01 8 5.98404 0.01
