   222.699    -1.000     0.000         0
   122.311    19.699     0.060        14
   122.311    18.975     0.060         5
   122.311    32.832     0.060        24
   125.948    19.129     0.060        14
   125.948    18.405     0.060         5
   125.948    31.881     0.060        24
   129.412    18.590     0.060        14
   129.412    17.866     0.060         5
   129.412    30.983     0.060        24
   132.458    18.134     0.060        14
   132.458    17.410     0.060         5
   132.458    30.223     0.060        24
   135.681    17.667     0.060        14
   135.681    16.943     0.060         5
   135.681    29.445     0.060        24
   139.655    17.050     0.060        14
   139.655    16.326     0.060         5
   139.655    28.416     0.060        24
   222.699     1.000     0.000         0
   276.886    11.798     0.060        14
   276.886    11.074     0.060         5
   276.886    19.663     0.060        24
   279.447    12.228     0.060        14
   279.447    11.504     0.060         5
   279.447    20.380     0.060        24
   296.662    14.895     0.060        14
   296.662    14.171     0.060         5
   296.662    24.825     0.060        24
   301.382    15.666     0.060        14
   301.382    14.942     0.060         5
   301.382    26.110     0.060        24
   304.060    16.094     0.060        14
   304.060    15.370     0.060         5
   304.060    26.823     0.060        24
   306.731    16.498     0.060        14
   306.731    15.774     0.060         5
   306.731    27.496     0.060        24
     0.000     0.000     0.000        -1
