    36.848    -1.000     0.000         0
     3.720     8.179     0.060        14
     3.720     7.339     0.060         5
     3.720    13.631     0.060        24
     4.543     8.077     0.060        14
     4.543     7.238     0.060         5
     4.543    13.462     0.060        24
     5.370     7.964     0.060        14
     5.370     7.125     0.060         5
     5.370    13.274     0.060        24
     6.190     7.838     0.060        14
     6.190     6.998     0.060         5
     6.190    13.063     0.060        24
     6.987     7.720     0.060        14
     6.987     6.881     0.060         5
     6.987    12.867     0.060        24
     7.790     7.618     0.060        14
     7.790     6.779     0.060         5
     7.790    12.697     0.060        24
     8.603     7.481     0.060        14
     8.603     6.642     0.060         5
     8.603    12.469     0.060        24
     9.430     7.354     0.060        14
     9.430     6.514     0.060         5
     9.430    12.256     0.060        24
    10.236     7.240     0.060        14
    10.236     6.400     0.060         5
    10.236    12.066     0.060        24
    11.044     7.109     0.060        14
    11.044     6.269     0.060         5
    11.044    11.848     0.060        24
    11.882     6.971     0.060        14
    11.882     6.132     0.060         5
    11.882    11.619     0.060        24
    12.705     6.860     0.060        14
    12.705     6.020     0.060         5
    12.705    11.433     0.060        24
    13.506     6.754     0.060        14
    13.506     5.914     0.060         5
    13.506    11.256     0.060        24
    14.305     6.617     0.060        14
    14.305     5.777     0.060         5
    14.305    11.028     0.060        24
    15.110     6.510     0.060        14
    15.110     5.671     0.060         5
    15.110    10.850     0.060        24
    15.923     6.394     0.060        14
    15.923     5.554     0.060         5
    15.923    10.656     0.060        24
    16.739     6.262     0.060        14
    16.739     5.423     0.060         5
    16.739    10.437     0.060        24
    17.559     6.127     0.060        14
    17.559     5.288     0.060         5
    17.559    10.212     0.060        24
    18.341     5.991     0.060        14
    18.341     5.152     0.060         5
    18.341     9.985     0.060        24
    19.130     5.871     0.060        14
    19.130     5.032     0.060         5
    19.130     9.785     0.060        24
    19.915     5.716     0.060        14
    19.915     4.876     0.060         5
    19.915     9.526     0.060        24
    20.693     5.584     0.060        14
    20.693     4.745     0.060         5
    20.693     9.307     0.060        24
    21.474     5.457     0.060        14
    21.474     4.618     0.060         5
    21.474     9.095     0.060        24
    22.251     5.321     0.060        14
    22.251     4.481     0.060         5
    22.251     8.868     0.060        24
    23.032     5.162     0.060        14
    23.032     4.322     0.060         5
    23.032     8.603     0.060        24
    23.821     5.023     0.060        14
    23.821     4.183     0.060         5
    23.821     8.371     0.060        24
    36.848     1.000     0.000         0
    53.067     5.426     0.060        14
    53.067     4.586     0.060         5
    53.067     9.043     0.060        24
    56.572     6.073     0.060        14
    56.572     5.234     0.060         5
    56.572    10.122     0.060        24
    60.407     6.772     0.060        14
    60.407     5.932     0.060         5
    60.407    11.286     0.060        24
    67.995     8.123     0.060        14
    67.995     7.283     0.060         5
    67.995    13.538     0.060        24
    71.572     8.773     0.060        14
    71.572     7.933     0.060         5
    71.572    14.621     0.060        24
    77.296     9.702     0.060        14
    77.296     8.863     0.060         5
    77.296    16.170     0.060        24
    81.477    10.357     0.060        14
    81.477     9.517     0.060         5
    81.477    17.261     0.060        24
     0.000     0.000     0.000        -1
