   234.665    -1.000     0.000         0
   121.985    22.356     0.060        14
   121.985    21.093     0.060         5
   121.985    37.260     0.060        24
   234.665     1.000     0.000         0
   256.121     7.413     0.060        14
   256.121     6.150     0.060         5
   256.121    12.355     0.060        24
   260.067     7.934     0.060        14
   260.067     6.671     0.060         5
   260.067    13.223     0.060        24
   263.744     8.390     0.060        14
   263.744     7.127     0.060         5
   263.744    13.983     0.060        24
   271.519     9.423     0.060        14
   271.519     8.160     0.060         5
   271.519    15.705     0.060        24
   279.286    10.508     0.060        14
   279.286     9.246     0.060         5
   279.286    17.514     0.060        24
   284.890    11.252     0.060        14
   284.890     9.989     0.060         5
   284.890    18.753     0.060        24
   292.308    12.305     0.060        14
   292.308    11.043     0.060         5
   292.308    20.509     0.060        24
   299.114    13.416     0.060        14
   299.114    12.153     0.060         5
   299.114    22.360     0.060        24
   305.782    14.543     0.060        14
   305.782    13.281     0.060         5
   305.782    24.239     0.060        24
   312.204    15.629     0.060        14
   312.204    14.366     0.060         5
   312.204    26.048     0.060        24
   316.240    16.294     0.060        14
   316.240    15.031     0.060         5
   316.240    27.157     0.060        24
   321.138    17.131     0.060        14
   321.138    15.868     0.060         5
   321.138    28.552     0.060        24
   326.071    17.961     0.060        14
   326.071    16.698     0.060         5
   326.071    29.935     0.060        24
   331.054    18.746     0.060        14
   331.054    17.483     0.060         5
   331.054    31.243     0.060        24
     0.000     0.000     0.000        -1
