   252.812    -1.000     0.000         0
   138.216    22.704     0.060        14
   138.216    21.713     0.060         5
   138.216    37.840     0.060        24
   224.368     8.354     0.060        14
   224.368     7.363     0.060         5
   224.368    13.924     0.060        24
   226.565     7.966     0.060        14
   226.565     6.975     0.060         5
   226.565    13.277     0.060        24
   228.609     7.639     0.060        14
   228.609     6.648     0.060         5
   228.609    12.731     0.060        24
   230.300     7.358     0.060        14
   230.300     6.367     0.060         5
   230.300    12.264     0.060        24
   231.701     7.118     0.060        14
   231.701     6.127     0.060         5
   231.701    11.863     0.060        24
   233.553     6.778     0.060        14
   233.553     5.787     0.060         5
   233.553    11.297     0.060        24
   252.812     1.000     0.000         0
   261.812     4.442     0.060        14
   261.812     3.451     0.060         5
   261.812     7.404     0.060        24
   264.562     4.881     0.060        14
   264.562     3.890     0.060         5
   264.562     8.135     0.060        24
   268.802     5.635     0.060        14
   268.802     4.644     0.060         5
   268.802     9.392     0.060        24
   271.519     6.088     0.060        14
   271.519     5.097     0.060         5
   271.519    10.146     0.060        24
   293.882     9.080     0.060        14
   293.882     8.089     0.060         5
   293.882    15.133     0.060        24
   297.278     9.551     0.060        14
   297.278     8.560     0.060         5
   297.278    15.918     0.060        24
   299.575     9.978     0.060        14
   299.575     8.987     0.060         5
   299.575    16.630     0.060        24
   301.544    10.298     0.060        14
   301.544     9.307     0.060         5
   301.544    17.163     0.060        24
   303.598    10.659     0.060        14
   303.598     9.668     0.060         5
   303.598    17.765     0.060        24
   306.420    11.086     0.060        14
   306.420    10.095     0.060         5
   306.420    18.476     0.060        24
   309.224    11.560     0.060        14
   309.224    10.569     0.060         5
   309.224    19.266     0.060        24
   311.731    11.986     0.060        14
   311.731    10.995     0.060         5
   311.731    19.977     0.060        24
     0.000     0.000     0.000        -1
