   156.702    -1.000     0.000         0
    76.526    16.256     0.060        14
    76.526    15.933     0.060         5
    76.526    27.093     0.060        24
    82.261    15.328     0.060        14
    82.261    15.005     0.060         5
    82.261    25.546     0.060        24
   118.931     9.672     0.060        14
   118.931     9.350     0.060         5
   118.931    16.120     0.060        24
   122.147     9.146     0.060        14
   122.147     8.824     0.060         5
   122.147    15.244     0.060        24
   129.888     7.814     0.060        14
   129.888     7.492     0.060         5
   129.888    13.024     0.060        24
   156.702     1.000     0.000         0
   220.680    13.642     0.060        14
   220.680    13.320     0.060         5
   220.680    22.737     0.060        24
   222.344    13.973     0.060        14
   222.344    13.651     0.060         5
   222.344    23.289     0.060        24
   223.786    14.293     0.060        14
   223.786    13.970     0.060         5
   223.786    23.821     0.060        24
   233.972    16.166     0.060        14
   233.972    15.844     0.060         5
   233.972    26.944     0.060        24
   235.669    16.430     0.060        14
   235.669    16.108     0.060         5
   235.669    27.384     0.060        24
   238.423    16.940     0.060        14
   238.423    16.618     0.060         5
   238.423    28.234     0.060        24
   241.507    17.522     0.060        14
   241.507    17.199     0.060         5
   241.507    29.203     0.060        24
     0.000     0.000     0.000        -1
