   357.449     1.000     0.000         0
   397.334    10.002     0.060        14
   397.334     9.713     0.060         5
   397.334    16.670     0.060        24
   399.899    10.412     0.060        14
   399.899    10.122     0.060         5
   399.899    17.353     0.060        24
   401.677    10.837     0.060        14
   401.677    10.547     0.060         5
   401.677    18.061     0.060        24
   403.910    11.345     0.060        14
   403.910    11.055     0.060         5
   403.910    18.908     0.060        24
     0.000     0.000     0.000        -1
