   150.731    -1.000     0.000         0
    79.009    14.566     0.060        14
    79.009    14.238     0.060         5
    79.009    24.276     0.060        24
    84.285    13.742     0.060        14
    84.285    13.415     0.060         5
    84.285    22.904     0.060        24
    88.852    13.030     0.060        14
    88.852    12.702     0.060         5
    88.852    21.716     0.060        24
   105.892    10.352     0.060        14
   105.892    10.025     0.060         5
   105.892    17.253     0.060        24
   110.580     9.638     0.060        14
   110.580     9.311     0.060         5
   110.580    16.063     0.060        24
   113.833     9.142     0.060        14
   113.833     8.814     0.060         5
   113.833    15.236     0.060        24
   119.242     8.348     0.060        14
   119.242     8.021     0.060         5
   119.242    13.913     0.060        24
   122.959     7.720     0.060        14
   122.959     7.393     0.060         5
   122.959    12.867     0.060        24
   125.786     7.213     0.060        14
   125.786     6.886     0.060         5
   125.786    12.022     0.060        24
   126.560     7.065     0.060        14
   126.560     6.738     0.060         5
   126.560    11.775     0.060        24
   127.342     6.928     0.060        14
   127.342     6.601     0.060         5
   127.342    11.547     0.060        24
   128.120     6.793     0.060        14
   128.120     6.466     0.060         5
   128.120    11.322     0.060        24
   128.921     6.666     0.060        14
   128.921     6.339     0.060         5
   128.921    11.110     0.060        24
   129.737     6.511     0.060        14
   129.737     6.183     0.060         5
   129.737    10.851     0.060        24
   134.077     5.782     0.060        14
   134.077     5.454     0.060         5
   134.077     9.636     0.060        24
     0.000     0.000     0.000        -1
