    84.860    -1.000     0.000         0
     8.116    15.386     0.060        14
     8.116    14.402     0.060         5
     8.116    25.643     0.060        24
     8.939    15.239     0.060        14
     8.939    14.256     0.060         5
     8.939    25.399     0.060        24
     9.752    15.135     0.060        14
     9.752    14.151     0.060         5
     9.752    25.225     0.060        24
    10.548    14.986     0.060        14
    10.548    14.002     0.060         5
    10.548    24.976     0.060        24
    11.380    14.870     0.060        14
    11.380    13.886     0.060         5
    11.380    24.783     0.060        24
    12.207    14.738     0.060        14
    12.207    13.754     0.060         5
    12.207    24.563     0.060        24
    13.027    14.610     0.060        14
    13.027    13.626     0.060         5
    13.027    24.350     0.060        24
    13.817    14.510     0.060        14
    13.817    13.526     0.060         5
    13.817    24.183     0.060        24
    14.619    14.401     0.060        14
    14.619    13.417     0.060         5
    14.619    24.001     0.060        24
    15.435    14.268     0.060        14
    15.435    13.284     0.060         5
    15.435    23.780     0.060        24
    16.248    14.148     0.060        14
    16.248    13.164     0.060         5
    16.248    23.580     0.060        24
    17.074    14.000     0.060        14
    17.074    13.016     0.060         5
    17.074    23.333     0.060        24
    17.870    13.885     0.060        14
    17.870    12.901     0.060         5
    17.870    23.141     0.060        24
    18.656    13.758     0.060        14
    18.656    12.774     0.060         5
    18.656    22.930     0.060        24
    19.441    13.626     0.060        14
    19.441    12.642     0.060         5
    19.441    22.710     0.060        24
    20.216    13.497     0.060        14
    20.216    12.513     0.060         5
    20.216    22.495     0.060        24
    21.008    13.352     0.060        14
    21.008    12.369     0.060         5
    21.008    22.254     0.060        24
    21.785    13.225     0.060        14
    21.785    12.241     0.060         5
    21.785    22.042     0.060        24
    22.566    13.072     0.060        14
    22.566    12.088     0.060         5
    22.566    21.787     0.060        24
    23.344    12.969     0.060        14
    23.344    11.985     0.060         5
    23.344    21.615     0.060        24
    24.129    12.817     0.060        14
    24.129    11.833     0.060         5
    24.129    21.362     0.060        24
    24.922    12.684     0.060        14
    24.922    11.700     0.060         5
    24.922    21.140     0.060        24
    25.705    12.553     0.060        14
    25.705    11.569     0.060         5
    25.705    20.921     0.060        24
    26.479    12.437     0.060        14
    26.479    11.454     0.060         5
    26.479    20.729     0.060        24
    27.268    12.329     0.060        14
    27.268    11.346     0.060         5
    27.268    20.549     0.060        24
    28.067    12.199     0.060        14
    28.067    11.215     0.060         5
    28.067    20.332     0.060        24
    28.858    12.081     0.060        14
    28.858    11.097     0.060         5
    28.858    20.135     0.060        24
    29.660    11.963     0.060        14
    29.660    10.979     0.060         5
    29.660    19.938     0.060        24
    30.446    11.837     0.060        14
    30.446    10.854     0.060         5
    30.446    19.729     0.060        24
    31.388    11.695     0.060        14
    31.388    10.711     0.060         5
    31.388    19.491     0.060        24
    43.029     9.757     0.060        14
    43.029     8.773     0.060         5
    43.029    16.261     0.060        24
    43.812     9.638     0.060        14
    43.812     8.655     0.060         5
    43.812    16.064     0.060        24
    44.600     9.518     0.060        14
    44.600     8.535     0.060         5
    44.600    15.864     0.060        24
    45.391     9.379     0.060        14
    45.391     8.395     0.060         5
    45.391    15.632     0.060        24
    46.172     9.274     0.060        14
    46.172     8.290     0.060         5
    46.172    15.457     0.060        24
    49.633     8.725     0.060        14
    49.633     7.741     0.060         5
    49.633    14.541     0.060        24
    54.885     7.921     0.060        14
    54.885     6.937     0.060         5
    54.885    13.202     0.060        24
    56.422     7.713     0.060        14
    56.422     6.729     0.060         5
    56.422    12.855     0.060        24
    57.344     7.582     0.060        14
    57.344     6.598     0.060         5
    57.344    12.636     0.060        24
    58.108     7.484     0.060        14
    58.108     6.500     0.060         5
    58.108    12.473     0.060        24
    58.869     7.363     0.060        14
    58.869     6.379     0.060         5
    58.869    12.272     0.060        24
    59.643     7.267     0.060        14
    59.643     6.283     0.060         5
    59.643    12.111     0.060        24
    60.407     7.153     0.060        14
    60.407     6.169     0.060         5
    60.407    11.922     0.060        24
    61.171     7.062     0.060        14
    61.171     6.078     0.060         5
    61.171    11.770     0.060        24
    61.923     6.943     0.060        14
    61.923     5.959     0.060         5
    61.923    11.571     0.060        24
    62.685     6.832     0.060        14
    62.685     5.848     0.060         5
    62.685    11.386     0.060        24
    63.440     6.709     0.060        14
    63.440     5.725     0.060         5
    63.440    11.182     0.060        24
    64.181     6.601     0.060        14
    64.181     5.617     0.060         5
    64.181    11.001     0.060        24
    64.942     6.497     0.060        14
    64.942     5.514     0.060         5
    64.942    10.829     0.060        24
    84.860     1.000     0.000         0
   105.422     6.490     0.060        14
   105.422     5.506     0.060         5
   105.422    10.817     0.060        24
   106.203     6.621     0.060        14
   106.203     5.637     0.060         5
   106.203    11.035     0.060        24
   106.991     6.731     0.060        14
   106.991     5.747     0.060         5
   106.991    11.218     0.060        24
   107.768     6.844     0.060        14
   107.768     5.860     0.060         5
   107.768    11.407     0.060        24
   108.543     6.970     0.060        14
   108.543     5.986     0.060         5
   108.543    11.616     0.060        24
   109.314     7.066     0.060        14
   109.314     6.082     0.060         5
   109.314    11.777     0.060        24
   110.103     7.217     0.060        14
   110.103     6.234     0.060         5
   110.103    12.029     0.060        24
   110.880     7.337     0.060        14
   110.880     6.353     0.060         5
   110.880    12.228     0.060        24
   111.665     7.453     0.060        14
   111.665     6.469     0.060         5
   111.665    12.421     0.060        24
   112.440     7.579     0.060        14
   112.440     6.595     0.060         5
   112.440    12.632     0.060        24
   113.671     7.772     0.060        14
   113.671     6.789     0.060         5
   113.671    12.954     0.060        24
   115.440     8.070     0.060        14
   115.440     7.086     0.060         5
   115.440    13.450     0.060        24
   116.244     8.215     0.060        14
   116.244     7.231     0.060         5
   116.244    13.691     0.060        24
   117.026     8.334     0.060        14
   117.026     7.350     0.060         5
   117.026    13.890     0.060        24
   119.080     8.659     0.060        14
   119.080     7.675     0.060         5
   119.080    14.431     0.060        24
   119.890     8.796     0.060        14
   119.890     7.812     0.060         5
   119.890    14.660     0.060        24
   120.696     8.924     0.060        14
   120.696     7.941     0.060         5
   120.696    14.874     0.060        24
   122.472     9.218     0.060        14
   122.472     8.234     0.060         5
   122.472    15.363     0.060        24
   123.582     9.398     0.060        14
   123.582     8.415     0.060         5
   123.582    15.664     0.060        24
   124.367     9.554     0.060        14
   124.367     8.570     0.060         5
   124.367    15.923     0.060        24
   125.161     9.687     0.060        14
   125.161     8.703     0.060         5
   125.161    16.145     0.060        24
   125.947     9.817     0.060        14
   125.947     8.833     0.060         5
   125.947    16.361     0.060        24
   126.721     9.932     0.060        14
   126.721     8.949     0.060         5
   126.721    16.554     0.060        24
   127.493    10.045     0.060        14
   127.493     9.061     0.060         5
   127.493    16.742     0.060        24
   129.250    10.308     0.060        14
   129.250     9.324     0.060         5
   129.250    17.180     0.060        24
   130.051    10.447     0.060        14
   130.051     9.463     0.060         5
   130.051    17.411     0.060        24
   131.168    10.621     0.060        14
   131.168     9.637     0.060         5
   131.168    17.702     0.060        24
   132.621    10.875     0.060        14
   132.621     9.891     0.060         5
   132.621    18.125     0.060        24
   133.425    10.996     0.060        14
   133.425    10.012     0.060         5
   133.425    18.327     0.060        24
   134.889    11.264     0.060        14
   134.889    10.281     0.060         5
   134.889    18.774     0.060        24
   136.947    11.597     0.060        14
   136.947    10.614     0.060         5
   136.947    19.329     0.060        24
   139.328    11.986     0.060        14
   139.328    11.002     0.060         5
   139.328    19.976     0.060        24
   140.127    12.113     0.060        14
   140.127    11.129     0.060         5
   140.127    20.188     0.060        24
   141.090    12.282     0.060        14
   141.090    11.298     0.060         5
   141.090    20.470     0.060        24
   143.825    12.723     0.060        14
   143.825    11.739     0.060         5
   143.825    21.205     0.060        24
   147.679    13.325     0.060        14
   147.679    12.341     0.060         5
   147.679    22.208     0.060        24
   150.060    13.676     0.060        14
   150.060    12.692     0.060         5
   150.060    22.793     0.060        24
     0.000     0.000     0.000        -1
