   360.428    -1.000     0.000         0
   239.657    21.814     0.060        14
   239.657    21.340     0.060         5
   239.657    36.356     0.060        24
   244.769    21.013     0.060        14
   244.769    20.540     0.060         5
   244.769    35.022     0.060        24
   258.479    18.825     0.060        14
   258.479    18.352     0.060         5
   258.479    31.375     0.060        24
   269.596    17.098     0.060        14
   269.596    16.625     0.060         5
   269.596    28.497     0.060        24
   281.217    15.418     0.060        14
   281.217    14.944     0.060         5
   281.217    25.696     0.060        24
   286.173    14.578     0.060        14
   286.173    14.104     0.060         5
   286.173    24.296     0.060        24
     0.000     0.000     0.000        -1
