   138.753    -1.000     0.000         0
    10.074    23.297     0.060        14
    10.074    22.436     0.060         5
    10.074    38.828     0.060        24
    13.027    22.816     0.060        14
    13.027    21.955     0.060         5
    13.027    38.026     0.060        24
    15.750    22.435     0.060        14
    15.750    21.574     0.060         5
    15.750    37.391     0.060        24
    18.341    22.005     0.060        14
    18.341    21.145     0.060         5
    18.341    36.675     0.060        24
    21.473    21.505     0.060        14
    21.473    20.644     0.060         5
    21.473    35.841     0.060        24
    24.290    21.076     0.060        14
    24.290    20.216     0.060         5
    24.290    35.127     0.060        24
    26.640    20.656     0.060        14
    26.640    19.796     0.060         5
    26.640    34.427     0.060        24
    29.496    20.245     0.060        14
    29.496    19.384     0.060         5
    29.496    33.741     0.060        24
    57.032    16.268     0.060        14
    57.032    15.407     0.060         5
    57.032    27.113     0.060        24
    59.794    15.829     0.060        14
    59.794    14.968     0.060         5
    59.794    26.381     0.060        24
    62.381    15.419     0.060        14
    62.381    14.559     0.060         5
    62.381    25.699     0.060        24
    65.399    14.941     0.060        14
    65.399    14.081     0.060         5
    65.399    24.902     0.060        24
    67.995    14.527     0.060        14
    67.995    13.667     0.060         5
    67.995    24.212     0.060        24
    70.637    14.105     0.060        14
    70.637    13.244     0.060         5
    70.637    23.508     0.060        24
    74.242    13.574     0.060        14
    74.242    12.713     0.060         5
    74.242    22.623     0.060        24
    78.697    12.892     0.060        14
    78.697    12.031     0.060         5
    78.697    21.486     0.060        24
    81.790    12.465     0.060        14
    81.790    11.605     0.060         5
    81.790    20.775     0.060        24
    84.135    12.082     0.060        14
    84.135    11.222     0.060         5
    84.135    20.137     0.060        24
    86.177    11.734     0.060        14
    86.177    10.874     0.060         5
    86.177    19.557     0.060        24
    90.410    11.072     0.060        14
    90.410    10.211     0.060         5
    90.410    18.453     0.060        24
    93.238    10.624     0.060        14
    93.238     9.764     0.060         5
    93.238    17.707     0.060        24
    95.778    10.246     0.060        14
    95.778     9.386     0.060         5
    95.778    17.077     0.060        24
   105.423     8.660     0.060        14
   105.423     7.800     0.060         5
   105.423    14.434     0.060        24
   110.103     7.923     0.060        14
   110.103     7.063     0.060         5
   110.103    13.205     0.060        24
     0.000     0.000     0.000        -1
