    90.860    -1.000     0.000         0
    16.087    15.042     0.060        14
    16.087    13.920     0.060         5
    16.087    25.070     0.060        24
    19.441    14.528     0.060        14
    19.441    13.406     0.060         5
    19.441    24.214     0.060        24
    23.505    13.883     0.060        14
    23.505    12.761     0.060         5
    23.505    23.139     0.060        24
    28.067    13.153     0.060        14
    28.067    12.031     0.060         5
    28.067    21.922     0.060        24
    37.705    11.602     0.060        14
    37.705    10.479     0.060         5
    37.705    19.336     0.060        24
    42.244    10.900     0.060        14
    42.244     9.778     0.060         5
    42.244    18.167     0.060        24
    46.333    10.272     0.060        14
    46.333     9.150     0.060         5
    46.333    17.120     0.060        24
    51.518     9.530     0.060        14
    51.518     8.408     0.060         5
    51.518    15.884     0.060        24
    56.881     8.742     0.060        14
    56.881     7.620     0.060         5
    56.881    14.570     0.060        24
    90.860     1.000     0.000         0
   103.987     5.239     0.060        14
   103.987     4.116     0.060         5
   103.987     8.731     0.060        24
   107.295     5.768     0.060        14
   107.295     4.646     0.060         5
   107.295     9.613     0.060        24
   110.103     6.232     0.060        14
   110.103     5.109     0.060         5
   110.103    10.386     0.060        24
   112.899     6.691     0.060        14
   112.899     5.568     0.060         5
   112.899    11.151     0.060        24
   115.279     7.067     0.060        14
   115.279     5.945     0.060         5
   115.279    11.778     0.060        24
   117.496     7.441     0.060        14
   117.496     6.319     0.060         5
   117.496    12.402     0.060        24
   119.889     7.879     0.060        14
   119.889     6.757     0.060         5
   119.889    13.132     0.060        24
   122.310     8.291     0.060        14
   122.310     7.169     0.060         5
   122.310    13.818     0.060        24
   124.836     8.700     0.060        14
   124.836     7.578     0.060         5
   124.836    14.500     0.060        24
   132.295     9.887     0.060        14
   132.295     8.765     0.060         5
   132.295    16.479     0.060        24
   134.725    10.274     0.060        14
   134.725     9.152     0.060         5
   134.725    17.124     0.060        24
     0.000     0.000     0.000        -1
