    48.860    -1.000     0.000         0
     4.543     9.803     0.060        14
     4.543     9.241     0.060         5
     4.543    16.338     0.060        24
     5.370     9.667     0.060        14
     5.370     9.105     0.060         5
     5.370    16.111     0.060        24
     6.190     9.559     0.060        14
     6.190     8.998     0.060         5
     6.190    15.932     0.060        24
     6.986     9.437     0.060        14
     6.986     8.875     0.060         5
     6.986    15.728     0.060        24
     7.790     9.292     0.060        14
     7.790     8.730     0.060         5
     7.790    15.486     0.060        24
     8.603     9.193     0.060        14
     8.603     8.632     0.060         5
     8.603    15.322     0.060        24
     9.429     9.065     0.060        14
     9.429     8.504     0.060         5
     9.429    15.109     0.060        24
    10.236     8.952     0.060        14
    10.236     8.390     0.060         5
    10.236    14.920     0.060        24
    11.044     8.822     0.060        14
    11.044     8.261     0.060         5
    11.044    14.704     0.060        24
    11.882     8.692     0.060        14
    11.882     8.131     0.060         5
    11.882    14.487     0.060        24
    12.705     8.555     0.060        14
    12.705     7.994     0.060         5
    12.705    14.259     0.060        24
    13.506     8.446     0.060        14
    13.506     7.885     0.060         5
    13.506    14.077     0.060        24
    14.305     8.305     0.060        14
    14.305     7.744     0.060         5
    14.305    13.842     0.060        24
    15.110     8.199     0.060        14
    15.110     7.637     0.060         5
    15.110    13.665     0.060        24
    15.923     8.104     0.060        14
    15.923     7.543     0.060         5
    15.923    13.507     0.060        24
    16.738     7.969     0.060        14
    16.738     7.408     0.060         5
    16.738    13.282     0.060        24
    17.559     7.845     0.060        14
    17.559     7.283     0.060         5
    17.559    13.075     0.060        24
    18.341     7.704     0.060        14
    18.341     7.142     0.060         5
    18.341    12.840     0.060        24
    19.130     7.586     0.060        14
    19.130     7.024     0.060         5
    19.130    12.643     0.060        24
    19.915     7.447     0.060        14
    19.915     6.886     0.060         5
    19.915    12.412     0.060        24
    20.693     7.321     0.060        14
    20.693     6.760     0.060         5
    20.693    12.202     0.060        24
    21.474     7.199     0.060        14
    21.474     6.638     0.060         5
    21.474    11.999     0.060        24
    22.251     7.061     0.060        14
    22.251     6.499     0.060         5
    22.251    11.768     0.060        24
    23.032     6.915     0.060        14
    23.032     6.353     0.060         5
    23.032    11.525     0.060        24
    23.821     6.768     0.060        14
    23.821     6.206     0.060         5
    23.821    11.280     0.060        24
    24.600     6.649     0.060        14
    24.600     6.088     0.060         5
    24.600    11.082     0.060        24
    25.393     6.523     0.060        14
    25.393     5.962     0.060         5
    25.393    10.872     0.060        24
    26.168     6.395     0.060        14
    26.168     5.834     0.060         5
    26.168    10.659     0.060        24
    26.956     6.267     0.060        14
    26.956     5.705     0.060         5
    26.956    10.445     0.060        24
    27.745     6.126     0.060        14
    27.745     5.564     0.060         5
    27.745    10.210     0.060        24
    28.544     5.985     0.060        14
    28.544     5.423     0.060         5
    28.544     9.975     0.060        24
    29.335     5.848     0.060        14
    29.335     5.286     0.060         5
    29.335     9.746     0.060        24
    30.131     5.723     0.060        14
    30.131     5.161     0.060         5
    30.131     9.538     0.060        24
    30.922     5.578     0.060        14
    30.922     5.017     0.060         5
    30.922     9.297     0.060        24
    31.714     5.411     0.060        14
    31.714     4.850     0.060         5
    31.714     9.019     0.060        24
    32.522     5.309     0.060        14
    32.522     4.747     0.060         5
    32.522     8.848     0.060        24
    33.318     5.163     0.060        14
    33.318     4.601     0.060         5
    33.318     8.605     0.060        24
    34.131     5.007     0.060        14
    34.131     4.445     0.060         5
    34.131     8.345     0.060        24
    34.943     4.874     0.060        14
    34.943     4.313     0.060         5
    34.943     8.124     0.060        24
    35.767     4.731     0.060        14
    35.767     4.169     0.060         5
    35.767     7.885     0.060        24
    36.584     4.585     0.060        14
    36.584     4.023     0.060         5
    36.584     7.641     0.060        24
    37.383     4.432     0.060        14
    37.383     3.870     0.060         5
    37.383     7.386     0.060        24
     0.000     0.000     0.000        -1
