    78.859    -1.000     0.000         0
     6.190    14.555     0.060        14
     6.190    13.727     0.060         5
     6.190    24.259     0.060        24
     7.147    14.423     0.060        14
     7.147    13.595     0.060         5
     7.147    24.039     0.060        24
     7.951    14.296     0.060        14
     7.951    13.467     0.060         5
     7.951    23.826     0.060        24
     8.778    14.191     0.060        14
     8.778    13.363     0.060         5
     8.778    23.652     0.060        24
     9.590    14.069     0.060        14
     9.590    13.241     0.060         5
     9.590    23.449     0.060        24
    10.386    13.942     0.060        14
    10.386    13.113     0.060         5
    10.386    23.236     0.060        24
    11.208    13.819     0.060        14
    11.208    12.991     0.060         5
    11.208    23.032     0.060        24
    12.042    13.686     0.060        14
    12.042    12.857     0.060         5
    12.042    22.810     0.060        24
    12.866    13.552     0.060        14
    12.866    12.724     0.060         5
    12.866    22.587     0.060        24
    13.656    13.466     0.060        14
    13.656    12.637     0.060         5
    13.656    22.443     0.060        24
    14.458    13.335     0.060        14
    14.458    12.506     0.060         5
    14.458    22.225     0.060        24
    15.271    13.228     0.060        14
    15.271    12.399     0.060         5
    15.271    22.046     0.060        24
    16.087    13.096     0.060        14
    16.087    12.267     0.060         5
    16.087    21.826     0.060        24
    16.910    12.962     0.060        14
    16.910    12.133     0.060         5
    16.910    21.603     0.060        24
    17.709    12.838     0.060        14
    17.709    12.010     0.060         5
    17.709    21.397     0.060        24
    18.502    12.725     0.060        14
    18.502    11.896     0.060         5
    18.502    21.208     0.060        24
    19.291    12.587     0.060        14
    19.291    11.758     0.060         5
    19.291    20.978     0.060        24
    20.065    12.473     0.060        14
    20.065    11.645     0.060         5
    20.065    20.789     0.060        24
    20.843    12.339     0.060        14
    20.843    11.510     0.060         5
    20.843    20.565     0.060        24
    21.635    12.239     0.060        14
    21.635    11.410     0.060         5
    21.635    20.398     0.060        24
    22.402    12.115     0.060        14
    22.402    11.286     0.060         5
    22.402    20.191     0.060        24
    23.193    11.990     0.060        14
    23.193    11.161     0.060         5
    23.193    19.983     0.060        24
    23.981    11.870     0.060        14
    23.981    11.041     0.060         5
    23.981    19.783     0.060        24
    24.761    11.746     0.060        14
    24.761    10.918     0.060         5
    24.761    19.577     0.060        24
    25.543    11.615     0.060        14
    25.543    10.787     0.060         5
    25.543    19.359     0.060        24
    26.329    11.500     0.060        14
    26.329    10.671     0.060         5
    26.329    19.166     0.060        24
    27.117    11.377     0.060        14
    27.117    10.549     0.060         5
    27.117    18.962     0.060        24
    27.905    11.261     0.060        14
    27.905    10.433     0.060         5
    27.905    18.769     0.060        24
    28.694    11.130     0.060        14
    28.694    10.301     0.060         5
    28.694    18.550     0.060        24
    29.496    11.008     0.060        14
    29.496    10.179     0.060         5
    29.496    18.346     0.060        24
    30.284    10.877     0.060        14
    30.284    10.049     0.060         5
    30.284    18.129     0.060        24
    31.076    10.752     0.060        14
    31.076     9.923     0.060         5
    31.076    17.920     0.060        24
    31.878    10.610     0.060        14
    31.878     9.782     0.060         5
    31.878    17.684     0.060        24
    32.683    10.463     0.060        14
    32.683     9.634     0.060         5
    32.683    17.438     0.060        24
    33.482    10.323     0.060        14
    33.482     9.494     0.060         5
    33.482    17.205     0.060        24
    34.292    10.195     0.060        14
    34.292     9.366     0.060         5
    34.292    16.991     0.060        24
    35.107    10.056     0.060        14
    35.107     9.227     0.060         5
    35.107    16.760     0.060        24
    35.931     9.950     0.060        14
    35.931     9.121     0.060         5
    35.931    16.583     0.060        24
    36.745     9.836     0.060        14
    36.745     9.007     0.060         5
    36.745    16.393     0.060        24
    37.544     9.708     0.060        14
    37.544     8.879     0.060         5
    37.544    16.180     0.060        24
    38.357     9.560     0.060        14
    38.357     8.731     0.060         5
    38.357    15.933     0.060        24
    39.169     9.439     0.060        14
    39.169     8.610     0.060         5
    39.169    15.731     0.060        24
    39.982     9.311     0.060        14
    39.982     8.483     0.060         5
    39.982    15.519     0.060        24
    40.792     9.181     0.060        14
    40.792     8.352     0.060         5
    40.792    15.301     0.060        24
    41.599     9.058     0.060        14
    41.599     8.229     0.060         5
    41.599    15.096     0.060        24
    42.419     8.911     0.060        14
    42.419     8.083     0.060         5
    42.419    14.852     0.060        24
    43.191     8.805     0.060        14
    43.191     7.976     0.060         5
    43.191    14.675     0.060        24
    43.973     8.659     0.060        14
    43.973     7.831     0.060         5
    43.973    14.432     0.060        24
    44.761     8.545     0.060        14
    44.761     7.716     0.060         5
    44.761    14.241     0.060        24
    45.542     8.416     0.060        14
    45.542     7.588     0.060         5
    45.542    14.027     0.060        24
    78.859     1.000     0.000         0
    92.288     5.573     0.060        14
    92.288     4.745     0.060         5
    92.288     9.289     0.060        24
    93.076     5.680     0.060        14
    93.076     4.851     0.060         5
    93.076     9.466     0.060        24
    93.875     5.798     0.060        14
    93.875     4.969     0.060         5
    93.875     9.663     0.060        24
    94.663     5.925     0.060        14
    94.663     5.096     0.060         5
    94.663     9.875     0.060        24
    95.451     6.049     0.060        14
    95.451     5.221     0.060         5
    95.451    10.082     0.060        24
    96.250     6.166     0.060        14
    96.250     5.337     0.060         5
    96.250    10.276     0.060        24
    97.041     6.289     0.060        14
    97.041     5.460     0.060         5
    97.041    10.481     0.060        24
    97.827     6.369     0.060        14
    97.827     5.540     0.060         5
    97.827    10.615     0.060        24
    98.606     6.456     0.060        14
    98.606     5.627     0.060         5
    98.606    10.760     0.060        24
    99.377     6.556     0.060        14
    99.377     5.727     0.060         5
    99.377    10.926     0.060        24
   100.152     6.661     0.060        14
   100.152     5.832     0.060         5
   100.152    11.101     0.060        24
   100.926     6.776     0.060        14
   100.926     5.947     0.060         5
   100.926    11.293     0.060        24
   101.689     6.892     0.060        14
   101.689     6.064     0.060         5
   101.689    11.487     0.060        24
   102.461     7.015     0.060        14
   102.461     6.187     0.060         5
   102.461    11.692     0.060        24
   103.218     7.135     0.060        14
   103.218     6.307     0.060         5
   103.218    11.892     0.060        24
   103.987     7.247     0.060        14
   103.987     6.419     0.060         5
   103.987    12.079     0.060        24
   104.792     7.387     0.060        14
   104.792     6.559     0.060         5
   104.792    12.312     0.060        24
   105.573     7.509     0.060        14
   105.573     6.680     0.060         5
   105.573    12.515     0.060        24
   106.367     7.603     0.060        14
   106.367     6.775     0.060         5
   106.367    12.672     0.060        24
   107.145     7.747     0.060        14
   107.145     6.918     0.060         5
   107.145    12.911     0.060        24
   107.922     7.883     0.060        14
   107.922     7.055     0.060         5
   107.922    13.139     0.060        24
   108.694     8.026     0.060        14
   108.694     7.198     0.060         5
   108.694    13.377     0.060        24
   109.479     8.166     0.060        14
   109.479     7.337     0.060         5
   109.479    13.610     0.060        24
   110.264     8.326     0.060        14
   110.264     7.497     0.060         5
   110.264    13.876     0.060        24
   111.041     8.444     0.060        14
   111.041     7.615     0.060         5
   111.041    14.073     0.060        24
   111.816     8.593     0.060        14
   111.816     7.765     0.060         5
   111.816    14.322     0.060        24
   112.587     8.714     0.060        14
   112.587     7.886     0.060         5
   112.587    14.524     0.060        24
   113.351     8.846     0.060        14
   113.351     8.017     0.060         5
   113.351    14.743     0.060        24
   114.147     8.985     0.060        14
   114.147     8.156     0.060         5
   114.147    14.975     0.060        24
   114.956     9.115     0.060        14
   114.956     8.287     0.060         5
   114.956    15.192     0.060        24
   115.763     9.278     0.060        14
   115.763     8.450     0.060         5
   115.763    15.464     0.060        24
   116.556     9.413     0.060        14
   116.556     8.585     0.060         5
   116.556    15.689     0.060        24
   117.345     9.533     0.060        14
   117.345     8.705     0.060         5
   117.345    15.889     0.060        24
   118.131     9.670     0.060        14
   118.131     8.841     0.060         5
   118.131    16.116     0.060        24
   118.929     9.790     0.060        14
   118.929     8.962     0.060         5
   118.929    16.317     0.060        24
   119.728     9.937     0.060        14
   119.728     9.109     0.060         5
   119.728    16.562     0.060        24
   120.535    10.065     0.060        14
   120.535     9.236     0.060         5
   120.535    16.775     0.060        24
   121.344    10.204     0.060        14
   121.344     9.376     0.060         5
   121.344    17.007     0.060        24
   122.146    10.340     0.060        14
   122.146     9.511     0.060         5
   122.146    17.233     0.060        24
   122.958    10.493     0.060        14
   122.958     9.664     0.060         5
   122.958    17.488     0.060        24
   123.733    10.584     0.060        14
   123.733     9.755     0.060         5
   123.733    17.640     0.060        24
   124.521    10.669     0.060        14
   124.521     9.840     0.060         5
   124.521    17.781     0.060        24
   125.312    10.784     0.060        14
   125.312     9.956     0.060         5
   125.312    17.974     0.060        24
   126.097    10.889     0.060        14
   126.097    10.061     0.060         5
   126.097    18.149     0.060        24
   126.872    10.996     0.060        14
   126.872    10.168     0.060         5
   126.872    18.327     0.060        24
   127.654    11.109     0.060        14
   127.654    10.280     0.060         5
   127.654    18.515     0.060        24
   128.445    11.245     0.060        14
   128.445    10.416     0.060         5
   128.445    18.741     0.060        24
   129.250    11.365     0.060        14
   129.250    10.537     0.060         5
   129.250    18.942     0.060        24
   130.051    11.474     0.060        14
   130.051    10.645     0.060         5
   130.051    19.123     0.060        24
   130.853    11.578     0.060        14
   130.853    10.750     0.060         5
   130.853    19.297     0.060        24
   131.655    11.735     0.060        14
   131.655    10.907     0.060         5
   131.655    19.559     0.060        24
   132.456    11.870     0.060        14
   132.456    11.041     0.060         5
   132.456    19.783     0.060        24
   133.261    11.994     0.060        14
   133.261    11.165     0.060         5
   133.261    19.990     0.060        24
   134.077    12.110     0.060        14
   134.077    11.281     0.060         5
   134.077    20.183     0.060        24
   134.889    12.238     0.060        14
   134.889    11.410     0.060         5
   134.889    20.397     0.060        24
   135.680    12.367     0.060        14
   135.680    11.539     0.060         5
   135.680    20.612     0.060        24
   136.471    12.508     0.060        14
   136.471    11.680     0.060         5
   136.471    20.847     0.060        24
   137.262    12.652     0.060        14
   137.262    11.823     0.060         5
   137.262    21.086     0.060        24
   138.050    12.804     0.060        14
   138.050    11.975     0.060         5
   138.050    21.340     0.060        24
   138.852    12.922     0.060        14
   138.852    12.093     0.060         5
   138.852    21.536     0.060        24
   139.654    13.033     0.060        14
   139.654    12.204     0.060         5
   139.654    21.721     0.060        24
   140.452    13.185     0.060        14
   140.452    12.356     0.060         5
   140.452    21.975     0.060        24
   141.251    13.325     0.060        14
   141.251    12.496     0.060         5
   141.251    22.208     0.060        24
   142.063    13.473     0.060        14
   142.063    12.644     0.060         5
   142.063    22.455     0.060        24
   142.865    13.579     0.060        14
   142.865    12.751     0.060         5
   142.865    22.632     0.060        24
   143.664    13.694     0.060        14
   143.664    12.865     0.060         5
   143.664    22.823     0.060        24
   144.946    13.882     0.060        14
   144.946    13.053     0.060         5
   144.946    23.136     0.060        24
   147.840    14.311     0.060        14
   147.840    13.482     0.060         5
   147.840    23.851     0.060        24
   150.851    14.674     0.060        14
   150.851    13.846     0.060         5
   150.851    24.457     0.060        24
     0.000     0.000     0.000        -1
