    30.818    -1.000     0.000         0
     3.881     7.162     0.060        14
     3.881     6.444     0.060         5
     3.881    11.937     0.060        24
     5.706     6.881     0.060        14
     5.706     6.163     0.060         5
     5.706    11.468     0.060        24
     7.628     6.597     0.060        14
     7.628     5.879     0.060         5
     7.628    10.995     0.060        24
     9.590     6.287     0.060        14
     9.590     5.569     0.060         5
     9.590    10.478     0.060        24
    11.208     6.037     0.060        14
    11.208     5.319     0.060         5
    11.208    10.061     0.060        24
    13.027     5.782     0.060        14
    13.027     5.064     0.060         5
    13.027     9.636     0.060        24
    14.304     5.608     0.060        14
    14.304     4.890     0.060         5
    14.304     9.347     0.060        24
    15.922     5.359     0.060        14
    15.922     4.641     0.060         5
    15.922     8.931     0.060        24
    17.558     5.086     0.060        14
    17.558     4.368     0.060         5
    17.558     8.477     0.060        24
    30.818     1.000     0.000         0
    40.305     4.345     0.060        14
    40.305     3.627     0.060         5
    40.305     7.242     0.060        24
    42.418     4.756     0.060        14
    42.418     4.038     0.060         5
    42.418     7.926     0.060        24
    43.650     4.946     0.060        14
    43.650     4.229     0.060         5
    43.650     8.244     0.060        24
    45.226     5.190     0.060        14
    45.226     4.472     0.060         5
    45.226     8.650     0.060        24
    46.798     5.417     0.060        14
    46.798     4.699     0.060         5
    46.798     9.028     0.060        24
    48.217     5.643     0.060        14
    48.217     4.925     0.060         5
    48.217     9.405     0.060        24
    49.632     5.906     0.060        14
    49.632     5.188     0.060         5
    49.632     9.843     0.060        24
    50.739     6.110     0.060        14
    50.739     5.392     0.060         5
    50.739    10.183     0.060        24
    52.906     6.485     0.060        14
    52.906     5.767     0.060         5
    52.906    10.808     0.060        24
    55.035     6.872     0.060        14
    55.035     6.154     0.060         5
    55.035    11.453     0.060        24
    56.722     7.134     0.060        14
    56.722     6.416     0.060         5
    56.722    11.890     0.060        24
    59.643     7.602     0.060        14
    59.643     6.884     0.060         5
    59.643    12.670     0.060        24
    61.772     7.975     0.060        14
    61.772     7.257     0.060         5
    61.772    13.291     0.060        24
    62.989     8.156     0.060        14
    62.989     7.439     0.060         5
    62.989    13.594     0.060        24
    66.167     8.723     0.060        14
    66.167     8.006     0.060         5
    66.167    14.539     0.060        24
    73.929    10.081     0.060        14
    73.929     9.363     0.060         5
    73.929    16.801     0.060        24
    74.693    10.201     0.060        14
    74.693     9.483     0.060         5
    74.693    17.001     0.060        24
    75.602    10.346     0.060        14
    75.602     9.629     0.060         5
    75.602    17.244     0.060        24
    76.372    10.479     0.060        14
    76.372     9.761     0.060         5
    76.372    17.465     0.060        24
    77.142    10.599     0.060        14
    77.142     9.881     0.060         5
    77.142    17.665     0.060        24
    77.912    10.703     0.060        14
    77.912     9.986     0.060         5
    77.912    17.839     0.060        24
    78.697    10.798     0.060        14
    78.697    10.080     0.060         5
    78.697    17.997     0.060        24
    79.468    10.919     0.060        14
    79.468    10.201     0.060         5
    79.468    18.198     0.060        24
    80.232    11.036     0.060        14
    80.232    10.319     0.060         5
    80.232    18.394     0.060        24
    81.014    11.167     0.060        14
    81.014    10.449     0.060         5
    81.014    18.612     0.060        24
    81.940    11.323     0.060        14
    81.940    10.605     0.060         5
    81.940    18.871     0.060        24
    82.722    11.444     0.060        14
    82.722    10.726     0.060         5
    82.722    19.073     0.060        24
    83.507    11.591     0.060        14
    83.507    10.874     0.060         5
    83.507    19.319     0.060        24
    85.237    11.858     0.060        14
    85.237    11.140     0.060         5
    85.237    19.763     0.060        24
    91.028    12.803     0.060        14
    91.028    12.085     0.060         5
    91.028    21.338     0.060        24
    93.399    13.230     0.060        14
    93.399    12.512     0.060         5
    93.399    22.050     0.060        24
    95.777    13.582     0.060        14
    95.777    12.864     0.060         5
    95.777    22.637     0.060        24
    97.827    13.861     0.060        14
    97.827    13.143     0.060         5
    97.827    23.101     0.060        24
   104.152    14.827     0.060        14
   104.152    14.109     0.060         5
   104.152    24.711     0.060        24
   106.042    15.099     0.060        14
   106.042    14.381     0.060         5
   106.042    25.165     0.060        24
   109.167    15.532     0.060        14
   109.167    14.814     0.060         5
   109.167    25.887     0.060        24
   111.816    15.924     0.060        14
   111.816    15.206     0.060         5
   111.816    26.540     0.060        24
   119.241    17.117     0.060        14
   119.241    16.400     0.060         5
   119.241    28.529     0.060        24
   121.344    17.437     0.060        14
   121.344    16.719     0.060         5
   121.344    29.061     0.060        24
   124.367    17.828     0.060        14
   124.367    17.111     0.060         5
   124.367    29.714     0.060        24
   125.785    18.076     0.060        14
   125.785    17.358     0.060         5
   125.785    30.127     0.060        24
   126.560    18.179     0.060        14
   126.560    17.462     0.060         5
   126.560    30.299     0.060        24
   127.342    18.286     0.060        14
   127.342    17.568     0.060         5
   127.342    30.477     0.060        24
   128.119    18.404     0.060        14
   128.119    17.686     0.060         5
   128.119    30.673     0.060        24
   128.921    18.526     0.060        14
   128.921    17.808     0.060         5
   128.921    30.876     0.060        24
   129.736    18.622     0.060        14
   129.736    17.904     0.060         5
   129.736    31.037     0.060        24
   130.527    18.757     0.060        14
   130.527    18.039     0.060         5
   130.527    31.261     0.060        24
   131.330    18.883     0.060        14
   131.330    18.165     0.060         5
   131.330    31.472     0.060        24
   140.614    20.312     0.060        14
   140.614    19.595     0.060         5
   140.614    33.854     0.060        24
   143.016    20.668     0.060        14
   143.016    19.950     0.060         5
   143.016    34.446     0.060        24
     0.000     0.000     0.000        -1
