   114.812    -1.000     0.000         0
    14.620    18.696     0.060        14
    14.620    17.809     0.060         5
    14.620    31.160     0.060        24
    18.183    18.167     0.060        14
    18.183    17.280     0.060         5
    18.183    30.278     0.060        24
    22.567    17.482     0.060        14
    22.567    16.595     0.060         5
    22.567    29.136     0.060        24
    26.480    16.894     0.060        14
    26.480    16.007     0.060         5
    26.480    28.156     0.060        24
    31.076    16.258     0.060        14
    31.076    15.371     0.060         5
    31.076    27.096     0.060        24
    34.618    15.770     0.060        14
    34.618    14.883     0.060         5
    34.618    26.284     0.060        24
    38.844    15.077     0.060        14
    38.844    14.190     0.060         5
    38.844    25.129     0.060        24
    42.419    14.519     0.060        14
    42.419    13.632     0.060         5
    42.419    24.198     0.060        24
    45.228    14.122     0.060        14
    45.228    13.235     0.060         5
    45.228    23.536     0.060        24
    48.533    13.610     0.060        14
    48.533    12.723     0.060         5
    48.533    22.683     0.060        24
    51.358    13.199     0.060        14
    51.358    12.312     0.060         5
    51.358    21.998     0.060        24
    54.581    12.719     0.060        14
    54.581    11.832     0.060         5
    54.581    21.199     0.060        24
    57.032    12.365     0.060        14
    57.032    11.478     0.060         5
    57.032    20.609     0.060        24
    59.644    11.984     0.060        14
    59.644    11.097     0.060         5
    59.644    19.973     0.060        24
    63.734    11.399     0.060        14
    63.734    10.512     0.060         5
    63.734    18.999     0.060        24
    66.621    10.984     0.060        14
    66.621    10.097     0.060         5
    66.621    18.306     0.060        24
    70.007    10.468     0.060        14
    70.007     9.581     0.060         5
    70.007    17.447     0.060        24
    72.827     9.986     0.060        14
    72.827     9.099     0.060         5
    72.827    16.644     0.060        24
    76.222     9.438     0.060        14
    76.222     8.551     0.060         5
    76.222    15.730     0.060        24
    78.848     9.005     0.060        14
    78.848     8.118     0.060         5
    78.848    15.008     0.060        24
    82.102     8.429     0.060        14
    82.102     7.542     0.060         5
    82.102    14.048     0.060        24
    85.238     7.901     0.060        14
    85.238     7.014     0.060         5
    85.238    13.169     0.060        24
    88.852     7.298     0.060        14
    88.852     6.411     0.060         5
    88.852    12.164     0.060        24
   114.812     1.000     0.000         0
   130.213     5.669     0.060        14
   130.213     4.782     0.060         5
   130.213     9.449     0.060        24
   132.947     6.292     0.060        14
   132.947     5.405     0.060         5
   132.947    10.486     0.060        24
   137.099     7.123     0.060        14
   137.099     6.236     0.060         5
   137.099    11.872     0.060        24
   141.578     7.972     0.060        14
   141.578     7.085     0.060         5
   141.578    13.286     0.060        24
   144.786     8.509     0.060        14
   144.786     7.622     0.060         5
   144.786    14.181     0.060        24
   147.354     9.020     0.060        14
   147.354     8.133     0.060         5
   147.354    15.034     0.060        24
     0.000     0.000     0.000        -1
