    96.859    -1.000     0.000         0
     7.951    17.073     0.060        14
     7.951    16.256     0.060         5
     7.951    28.455     0.060        24
    14.620    16.079     0.060        14
    14.620    15.262     0.060         5
    14.620    26.799     0.060        24
    15.750    15.925     0.060        14
    15.750    15.107     0.060         5
    15.750    26.541     0.060        24
    18.032    15.601     0.060        14
    18.032    14.783     0.060         5
    18.032    26.001     0.060        24
    21.473    15.034     0.060        14
    21.473    14.217     0.060         5
    21.473    25.057     0.060        24
    22.251    14.915     0.060        14
    22.251    14.098     0.060         5
    22.251    24.859     0.060        24
    23.032    14.791     0.060        14
    23.032    13.973     0.060         5
    23.032    24.651     0.060        24
    23.820    14.651     0.060        14
    23.820    13.834     0.060         5
    23.820    24.418     0.060        24
    24.600    14.520     0.060        14
    24.600    13.703     0.060         5
    24.600    24.200     0.060        24
    25.393    14.401     0.060        14
    25.393    13.583     0.060         5
    25.393    24.001     0.060        24
    26.167    14.287     0.060        14
    26.167    13.469     0.060         5
    26.167    23.811     0.060        24
    32.196    13.382     0.060        14
    32.196    12.565     0.060         5
    32.196    22.303     0.060        24
    34.943    12.910     0.060        14
    34.943    12.093     0.060         5
    34.943    21.517     0.060        24
    55.956     9.706     0.060        14
    55.956     8.889     0.060         5
    55.956    16.177     0.060        24
    59.178     9.268     0.060        14
    59.178     8.451     0.060         5
    59.178    15.447     0.060        24
    66.167     8.237     0.060        14
    66.167     7.420     0.060         5
    66.167    13.729     0.060        24
    96.859     1.000     0.000         0
   117.808     6.764     0.060        14
   117.808     5.947     0.060         5
   117.808    11.274     0.060        24
   118.604     6.933     0.060        14
   118.604     6.116     0.060         5
   118.604    11.555     0.060        24
   119.406     7.081     0.060        14
   119.406     6.263     0.060         5
   119.406    11.801     0.060        24
   120.212     7.212     0.060        14
   120.212     6.395     0.060         5
   120.212    12.020     0.060        24
   121.022     7.359     0.060        14
   121.022     6.542     0.060         5
   121.022    12.265     0.060        24
   121.831     7.498     0.060        14
   121.831     6.681     0.060         5
   121.831    12.497     0.060        24
   122.633     7.643     0.060        14
   122.633     6.826     0.060         5
   122.633    12.738     0.060        24
   123.421     7.755     0.060        14
   123.421     6.938     0.060         5
   123.421    12.925     0.060        24
   124.206     7.883     0.060        14
   124.206     7.066     0.060         5
   124.206    13.138     0.060        24
   124.997     8.014     0.060        14
   124.997     7.197     0.060         5
   124.997    13.357     0.060        24
   125.785     8.157     0.060        14
   125.785     7.340     0.060         5
   125.785    13.595     0.060        24
   126.560     8.243     0.060        14
   126.560     7.426     0.060         5
   126.560    13.739     0.060        24
   127.342     8.369     0.060        14
   127.342     7.552     0.060         5
   127.342    13.948     0.060        24
   128.119     8.527     0.060        14
   128.119     7.709     0.060         5
   128.119    14.211     0.060        24
   128.921     8.653     0.060        14
   128.921     7.836     0.060         5
   128.921    14.422     0.060        24
   129.737     8.786     0.060        14
   129.737     7.969     0.060         5
   129.737    14.644     0.060        24
   130.528     8.925     0.060        14
   130.528     8.108     0.060         5
   130.528    14.875     0.060        24
   131.329     9.066     0.060        14
   131.329     8.249     0.060         5
   131.329    15.110     0.060        24
   132.131     9.252     0.060        14
   132.131     8.435     0.060         5
   132.131    15.420     0.060        24
   141.899    11.062     0.060        14
   141.899    10.244     0.060         5
   141.899    18.436     0.060        24
   144.473    11.441     0.060        14
   144.473    10.624     0.060         5
   144.473    19.068     0.060        24
   146.565    11.828     0.060        14
   146.565    11.011     0.060         5
   146.565    19.713     0.060        24
   148.316    12.098     0.060        14
   148.316    11.281     0.060         5
   148.316    20.164     0.060        24
     0.000     0.000     0.000        -1
