    54.860    -1.000     0.000         0
    14.945     9.383     0.060        14
    14.945     8.477     0.060         5
    14.945    15.638     0.060        24
    15.922     9.211     0.060        14
    15.922     8.304     0.060         5
    15.922    15.351     0.060        24
    16.738     9.124     0.060        14
    16.738     8.217     0.060         5
    16.738    15.206     0.060        24
    17.558     8.975     0.060        14
    17.558     8.069     0.060         5
    17.558    14.959     0.060        24
    18.341     8.871     0.060        14
    18.341     7.965     0.060         5
    18.341    14.785     0.060        24
    19.129     8.738     0.060        14
    19.129     7.832     0.060         5
    19.129    14.564     0.060        24
    19.915     8.611     0.060        14
    19.915     7.705     0.060         5
    19.915    14.352     0.060        24
    20.692     8.478     0.060        14
    20.692     7.572     0.060         5
    20.692    14.130     0.060        24
    21.473     8.342     0.060        14
    21.473     7.436     0.060         5
    21.473    13.903     0.060        24
    22.251     8.202     0.060        14
    22.251     7.296     0.060         5
    22.251    13.670     0.060        24
    23.032     8.101     0.060        14
    23.032     7.195     0.060         5
    23.032    13.502     0.060        24
    23.820     7.958     0.060        14
    23.820     7.052     0.060         5
    23.820    13.264     0.060        24
    24.600     7.816     0.060        14
    24.600     6.909     0.060         5
    24.600    13.026     0.060        24
    25.393     7.721     0.060        14
    25.393     6.815     0.060         5
    25.393    12.868     0.060        24
    26.167     7.579     0.060        14
    26.167     6.673     0.060         5
    26.167    12.632     0.060        24
    26.956     7.458     0.060        14
    26.956     6.552     0.060         5
    26.956    12.430     0.060        24
    27.744     7.353     0.060        14
    27.744     6.447     0.060         5
    27.744    12.255     0.060        24
    28.543     7.186     0.060        14
    28.543     6.279     0.060         5
    28.543    11.976     0.060        24
    29.335     7.087     0.060        14
    29.335     6.180     0.060         5
    29.335    11.811     0.060        24
    30.131     6.938     0.060        14
    30.131     6.032     0.060         5
    30.131    11.563     0.060        24
    30.922     6.757     0.060        14
    30.922     5.851     0.060         5
    30.922    11.262     0.060        24
    31.713     6.665     0.060        14
    31.713     5.759     0.060         5
    31.713    11.108     0.060        24
    32.521     6.496     0.060        14
    32.521     5.590     0.060         5
    32.521    10.827     0.060        24
    33.318     6.376     0.060        14
    33.318     5.469     0.060         5
    33.318    10.626     0.060        24
    34.130     6.218     0.060        14
    34.130     5.312     0.060         5
    34.130    10.363     0.060        24
    34.943     6.070     0.060        14
    34.943     5.163     0.060         5
    34.943    10.116     0.060        24
    35.766     5.920     0.060        14
    35.766     5.013     0.060         5
    35.766     9.866     0.060        24
    36.584     5.779     0.060        14
    36.584     4.872     0.060         5
    36.584     9.631     0.060        24
    37.383     5.618     0.060        14
    37.383     4.712     0.060         5
    37.383     9.363     0.060        24
    38.192     5.454     0.060        14
    38.192     4.548     0.060         5
    38.192     9.090     0.060        24
    39.005     5.325     0.060        14
    39.005     4.419     0.060         5
    39.005     8.875     0.060        24
    39.818     5.171     0.060        14
    39.818     4.265     0.060         5
    39.818     8.619     0.060        24
    40.631     5.027     0.060        14
    40.631     4.121     0.060         5
    40.631     8.378     0.060        24
    54.860     1.000     0.000         0
    75.440     6.532     0.060        14
    75.440     5.625     0.060         5
    75.440    10.886     0.060        24
    77.295     6.820     0.060        14
    77.295     5.913     0.060         5
    77.295    11.366     0.060        24
    78.847     7.078     0.060        14
    78.847     6.171     0.060         5
    78.847    11.796     0.060        24
    81.477     7.512     0.060        14
    81.477     6.606     0.060         5
    81.477    12.520     0.060        24
    84.449     8.010     0.060        14
    84.449     7.104     0.060         5
    84.449    13.350     0.060        24
    86.176     8.313     0.060        14
    86.176     7.407     0.060         5
    86.176    13.855     0.060        24
    88.070     8.610     0.060        14
    88.070     7.704     0.060         5
    88.070    14.350     0.060        24
    92.764     9.335     0.060        14
    92.764     8.429     0.060         5
    92.764    15.559     0.060        24
    95.451     9.713     0.060        14
    95.451     8.807     0.060         5
    95.451    16.189     0.060        24
   111.192    12.019     0.060        14
   111.192    11.113     0.060         5
   111.192    20.032     0.060        24
   115.279    12.781     0.060        14
   115.279    11.875     0.060         5
   115.279    21.302     0.060        24
   116.875    13.093     0.060        14
   116.875    12.186     0.060         5
   116.875    21.821     0.060        24
   117.657    13.225     0.060        14
   117.657    12.319     0.060         5
   117.657    22.042     0.060        24
   118.443    13.369     0.060        14
   118.443    12.462     0.060         5
   118.443    22.281     0.060        24
   119.241    13.492     0.060        14
   119.241    12.586     0.060         5
   119.241    22.487     0.060        24
   120.051    13.635     0.060        14
   120.051    12.729     0.060         5
   120.051    22.725     0.060        24
   120.857    13.747     0.060        14
   120.857    12.841     0.060         5
   120.857    22.912     0.060        24
   124.521    14.243     0.060        14
   124.521    13.337     0.060         5
   124.521    23.739     0.060        24
   130.213    15.072     0.060        14
   130.213    14.166     0.060         5
   130.213    25.120     0.060        24
     0.000     0.000     0.000        -1
