    72.860    -1.000     0.000         0
     4.705    14.023     0.060        14
     4.705    12.879     0.060         5
     4.705    23.371     0.060        24
     7.148    13.632     0.060        14
     7.148    12.488     0.060         5
     7.148    22.720     0.060        24
     8.116    13.489     0.060        14
     8.116    12.345     0.060         5
     8.116    22.482     0.060        24
     8.940    13.383     0.060        14
     8.940    12.239     0.060         5
     8.940    22.305     0.060        24
     9.914    13.231     0.060        14
     9.914    12.087     0.060         5
     9.914    22.052     0.060        24
    10.716    13.119     0.060        14
    10.716    11.975     0.060         5
    10.716    21.865     0.060        24
    11.545    12.979     0.060        14
    11.545    11.835     0.060         5
    11.545    21.632     0.060        24
    12.380    12.853     0.060        14
    12.380    11.709     0.060         5
    12.380    21.422     0.060        24
    13.348    12.715     0.060        14
    13.348    11.571     0.060         5
    13.348    21.192     0.060        24
    14.144    12.600     0.060        14
    14.144    11.456     0.060         5
    14.144    21.000     0.060        24
    14.946    12.490     0.060        14
    14.946    11.346     0.060         5
    14.946    20.816     0.060        24
    15.751    12.342     0.060        14
    15.751    11.198     0.060         5
    15.751    20.570     0.060        24
    16.574    12.227     0.060        14
    16.574    11.083     0.060         5
    16.574    20.379     0.060        24
    17.398    12.101     0.060        14
    17.398    10.957     0.060         5
    17.398    20.169     0.060        24
    18.183    11.988     0.060        14
    18.183    10.844     0.060         5
    18.183    19.980     0.060        24
    18.979    11.843     0.060        14
    18.979    10.699     0.060         5
    18.979    19.739     0.060        24
    19.754    11.716     0.060        14
    19.754    10.572     0.060         5
    19.754    19.527     0.060        24
    20.532    11.599     0.060        14
    20.532    10.455     0.060         5
    20.532    19.332     0.060        24
    21.320    11.485     0.060        14
    21.320    10.341     0.060         5
    21.320    19.141     0.060        24
    22.101    11.359     0.060        14
    22.101    10.215     0.060         5
    22.101    18.931     0.060        24
    22.879    11.232     0.060        14
    22.879    10.088     0.060         5
    22.879    18.720     0.060        24
    23.656    11.101     0.060        14
    23.656     9.957     0.060         5
    23.656    18.502     0.060        24
    24.442    10.973     0.060        14
    24.442     9.829     0.060         5
    24.442    18.288     0.060        24
    25.232    10.852     0.060        14
    25.232     9.708     0.060         5
    25.232    18.086     0.060        24
    26.017    10.739     0.060        14
    26.017     9.595     0.060         5
    26.017    17.899     0.060        24
    26.795    10.610     0.060        14
    26.795     9.466     0.060         5
    26.795    17.684     0.060        24
    27.594    10.462     0.060        14
    27.594     9.318     0.060         5
    27.594    17.437     0.060        24
    28.380    10.351     0.060        14
    28.380     9.207     0.060         5
    28.380    17.251     0.060        24
    29.185    10.214     0.060        14
    29.185     9.070     0.060         5
    29.185    17.024     0.060        24
    29.973    10.092     0.060        14
    29.973     8.948     0.060         5
    29.973    16.820     0.060        24
    30.761     9.988     0.060        14
    30.761     8.844     0.060         5
    30.761    16.647     0.060        24
    31.553     9.839     0.060        14
    31.553     8.695     0.060         5
    31.553    16.399     0.060        24
    32.358     9.706     0.060        14
    32.358     8.562     0.060         5
    32.358    16.176     0.060        24
    33.157     9.579     0.060        14
    33.157     8.435     0.060         5
    33.157    15.965     0.060        24
    33.970     9.449     0.060        14
    33.970     8.305     0.060         5
    33.970    15.748     0.060        24
    34.782     9.314     0.060        14
    34.782     8.170     0.060         5
    34.782    15.524     0.060        24
    35.767     9.176     0.060        14
    35.767     8.032     0.060         5
    35.767    15.294     0.060        24
    36.584     9.016     0.060        14
    36.584     7.872     0.060         5
    36.584    15.026     0.060        24
    37.383     8.885     0.060        14
    37.383     7.741     0.060         5
    37.383    14.808     0.060        24
    38.193     8.756     0.060        14
    38.193     7.612     0.060         5
    38.193    14.593     0.060        24
    39.006     8.615     0.060        14
    39.006     7.471     0.060         5
    39.006    14.358     0.060        24
    39.819     8.496     0.060        14
    39.819     7.352     0.060         5
    39.819    14.160     0.060        24
    40.631     8.372     0.060        14
    40.631     7.228     0.060         5
    40.631    13.954     0.060        24
    41.449     8.248     0.060        14
    41.449     7.104     0.060         5
    41.449    13.747     0.060        24
    42.245     8.101     0.060        14
    42.245     6.957     0.060         5
    42.245    13.501     0.060        24
    43.030     7.952     0.060        14
    43.030     6.808     0.060         5
    43.030    13.253     0.060        24
    43.812     7.811     0.060        14
    43.812     6.667     0.060         5
    43.812    13.018     0.060        24
    44.601     7.675     0.060        14
    44.601     6.531     0.060         5
    44.601    12.791     0.060        24
    45.392     7.527     0.060        14
    45.392     6.383     0.060         5
    45.392    12.545     0.060        24
    46.173     7.417     0.060        14
    46.173     6.273     0.060         5
    46.173    12.362     0.060        24
    46.964     7.276     0.060        14
    46.964     6.132     0.060         5
    46.964    12.126     0.060        24
    47.752     7.156     0.060        14
    47.752     6.012     0.060         5
    47.752    11.926     0.060        24
    72.860     1.000     0.000         0
   109.006     9.092     0.060        14
   109.006     7.948     0.060         5
   109.006    15.154     0.060        24
   111.354     9.458     0.060        14
   111.354     8.314     0.060         5
   111.354    15.764     0.060        24
   114.309     9.909     0.060        14
   114.309     8.765     0.060         5
   114.309    16.515     0.060        24
   118.293    10.606     0.060        14
   118.293     9.462     0.060         5
   118.293    17.677     0.060        24
   121.670    11.209     0.060        14
   121.670    10.065     0.060         5
   121.670    18.681     0.060        24
   125.786    11.876     0.060        14
   125.786    10.732     0.060         5
   125.786    19.793     0.060        24
   130.213    12.566     0.060        14
   130.213    11.422     0.060         5
   130.213    20.944     0.060        24
   132.621    12.944     0.060        14
   132.621    11.800     0.060         5
   132.621    21.573     0.060        24
   135.530    13.403     0.060        14
   135.530    12.259     0.060         5
   135.530    22.338     0.060        24
   139.168    13.988     0.060        14
   139.168    12.844     0.060         5
   139.168    23.313     0.060        24
   142.225    14.431     0.060        14
   142.225    13.287     0.060         5
   142.225    24.051     0.060        24
     0.000     0.000     0.000        -1
