   270.805    -1.000     0.000         0
   234.252     9.414     0.060        14
   234.252     8.539     0.060         5
   234.252    15.690     0.060        24
   237.100     8.977     0.060        14
   237.100     8.101     0.060         5
   237.100    14.961     0.060        24
   239.190     8.675     0.060        14
   239.190     7.800     0.060         5
   239.190    14.459     0.060        24
   241.354     8.309     0.060        14
   241.354     7.434     0.060         5
   241.354    13.849     0.060        24
   244.313     7.904     0.060        14
   244.313     7.029     0.060         5
   244.313    13.174     0.060        24
   246.430     7.577     0.060        14
   246.430     6.702     0.060         5
   246.430    12.629     0.060        24
   248.609     7.174     0.060        14
   248.609     6.298     0.060         5
   248.609    11.956     0.060        24
   250.785     6.647     0.060        14
   250.785     5.772     0.060         5
   250.785    11.079     0.060        24
   252.363     6.211     0.060        14
   252.363     5.335     0.060         5
   252.363    10.351     0.060        24
   270.805     1.000     0.000         0
   297.889     6.620     0.060        14
   297.889     5.744     0.060         5
   297.889    11.033     0.060        24
   306.569     8.162     0.060        14
   306.569     7.286     0.060         5
   306.569    13.603     0.060        24
   309.847     8.721     0.060        14
   309.847     7.846     0.060         5
   309.847    14.535     0.060        24
   322.055    10.938     0.060        14
   322.055    10.063     0.060         5
   322.055    18.230     0.060        24
   327.003    11.813     0.060        14
   327.003    10.937     0.060         5
   327.003    19.688     0.060        24
   329.669    12.341     0.060        14
   329.669    11.466     0.060         5
   329.669    20.569     0.060        24
   332.146    12.755     0.060        14
   332.146    11.880     0.060         5
   332.146    21.259     0.060        24
   335.687    13.367     0.060        14
   335.687    12.491     0.060         5
   335.687    22.278     0.060        24
   338.406    13.834     0.060        14
   338.406    12.958     0.060         5
   338.406    23.056     0.060        24
   367.015    18.802     0.060        14
   367.015    17.926     0.060         5
   367.015    31.336     0.060        24
   371.906    19.637     0.060        14
   371.906    18.762     0.060         5
   371.906    32.729     0.060        24
   375.583    20.230     0.060        14
   375.583    19.355     0.060         5
   375.583    33.717     0.060        24
     0.000     0.000     0.000        -1
