   366.483    -1.000     0.000         0
   322.987    10.150     0.060        14
   322.987     9.821     0.060         5
   322.987    16.917     0.060        24
   327.004     9.548     0.060        14
   327.004     9.218     0.060         5
   327.004    15.913     0.060        24
   331.372     8.858     0.060        14
   331.372     8.529     0.060         5
   331.372    14.764     0.060        24
   335.535     8.249     0.060        14
   335.535     7.920     0.060         5
   335.535    13.749     0.060        24
   340.145     7.573     0.060        14
   340.145     7.243     0.060         5
   340.145    12.621     0.060        24
   343.166     7.133     0.060        14
   343.166     6.804     0.060         5
   343.166    11.889     0.060        24
     0.000     0.000     0.000        -1
