   306.784    -1.000     0.000         0
   240.295    13.979     0.060        14
   240.295    13.407     0.060         5
   240.295    23.298     0.060        24
   248.459    12.355     0.060        14
   248.459    11.783     0.060         5
   248.459    20.592     0.060        24
   251.574    11.781     0.060        14
   251.574    11.209     0.060         5
   251.574    19.635     0.060        24
   306.784     1.000     0.000         0
   333.072     7.063     0.060        14
   333.072     6.490     0.060         5
   333.072    11.771     0.060        24
   336.645     7.672     0.060        14
   336.645     7.099     0.060         5
   336.645    12.786     0.060        24
   340.772     8.419     0.060        14
   340.772     7.846     0.060         5
   340.772    14.031     0.060        24
   345.878     9.317     0.060        14
   345.878     8.745     0.060         5
   345.878    15.528     0.060        24
   349.841     9.928     0.060        14
   349.841     9.355     0.060         5
   349.841    16.546     0.060        24
   363.825    12.280     0.060        14
   363.825    11.708     0.060         5
   363.825    20.467     0.060        24
     0.000     0.000     0.000        -1
