    42.860    -1.000     0.000         0
     7.952     8.467     0.060        14
     7.952     7.811     0.060         5
     7.952    14.112     0.060        24
     8.778     8.336     0.060        14
     8.778     7.680     0.060         5
     8.778    13.894     0.060        24
     9.591     8.207     0.060        14
     9.591     7.551     0.060         5
     9.591    13.679     0.060        24
    10.387     8.104     0.060        14
    10.387     7.447     0.060         5
    10.387    13.506     0.060        24
    11.209     7.991     0.060        14
    11.209     7.335     0.060         5
    11.209    13.319     0.060        24
    12.043     7.878     0.060        14
    12.043     7.222     0.060         5
    12.043    13.130     0.060        24
    12.866     7.748     0.060        14
    12.866     7.092     0.060         5
    12.866    12.913     0.060        24
    13.656     7.599     0.060        14
    13.656     6.943     0.060         5
    13.656    12.665     0.060        24
    14.458     7.496     0.060        14
    14.458     6.840     0.060         5
    14.458    12.493     0.060        24
    15.271     7.375     0.060        14
    15.271     6.719     0.060         5
    15.271    12.292     0.060        24
    16.087     7.258     0.060        14
    16.087     6.602     0.060         5
    16.087    12.097     0.060        24
    16.910     7.126     0.060        14
    16.910     6.469     0.060         5
    16.910    11.876     0.060        24
    17.710     6.989     0.060        14
    17.710     6.333     0.060         5
    17.710    11.648     0.060        24
    18.503     6.867     0.060        14
    18.503     6.211     0.060         5
    18.503    11.445     0.060        24
    19.291     6.738     0.060        14
    19.291     6.082     0.060         5
    19.291    11.230     0.060        24
    20.066     6.609     0.060        14
    20.066     5.953     0.060         5
    20.066    11.015     0.060        24
    20.844     6.468     0.060        14
    20.844     5.812     0.060         5
    20.844    10.780     0.060        24
    21.635     6.329     0.060        14
    21.635     5.673     0.060         5
    21.635    10.549     0.060        24
    22.402     6.201     0.060        14
    22.402     5.545     0.060         5
    22.402    10.335     0.060        24
    23.193     6.092     0.060        14
    23.193     5.436     0.060         5
    23.193    10.153     0.060        24
    23.982     5.975     0.060        14
    23.982     5.319     0.060         5
    23.982     9.959     0.060        24
    24.761     5.872     0.060        14
    24.761     5.216     0.060         5
    24.761     9.787     0.060        24
    25.544     5.728     0.060        14
    25.544     5.072     0.060         5
    25.544     9.547     0.060        24
    26.329     5.600     0.060        14
    26.329     4.944     0.060         5
    26.329     9.333     0.060        24
    27.117     5.461     0.060        14
    27.117     4.804     0.060         5
    27.117     9.101     0.060        24
    27.906     5.314     0.060        14
    27.906     4.657     0.060         5
    27.906     8.856     0.060        24
    28.694     5.160     0.060        14
    28.694     4.504     0.060         5
    28.694     8.600     0.060        24
    29.496     5.011     0.060        14
    29.496     4.354     0.060         5
    29.496     8.351     0.060        24
    30.285     4.847     0.060        14
    30.285     4.191     0.060         5
    30.285     8.078     0.060        24
    31.076     4.699     0.060        14
    31.076     4.042     0.060         5
    31.076     7.831     0.060        24
    31.878     4.591     0.060        14
    31.878     3.934     0.060         5
    31.878     7.651     0.060        24
    42.860     1.000     0.000         0
    59.794     5.696     0.060        14
    59.794     5.040     0.060         5
    59.794     9.493     0.060        24
    63.143     6.289     0.060        14
    63.143     5.633     0.060         5
    63.143    10.482     0.060        24
    65.398     6.682     0.060        14
    65.398     6.026     0.060         5
    65.398    11.137     0.060        24
    68.148     7.115     0.060        14
    68.148     6.459     0.060         5
    68.148    11.858     0.060        24
    70.321     7.480     0.060        14
    70.321     6.824     0.060         5
    70.321    12.467     0.060        24
    72.511     7.852     0.060        14
    72.511     7.196     0.060         5
    72.511    13.087     0.060        24
    74.392     8.212     0.060        14
    74.392     7.556     0.060         5
    74.392    13.687     0.060        24
    76.372     8.621     0.060        14
    76.372     7.965     0.060         5
    76.372    14.369     0.060        24
    78.536     8.984     0.060        14
    78.536     8.328     0.060         5
    78.536    14.973     0.060        24
    80.853     9.371     0.060        14
    80.853     8.715     0.060         5
    80.853    15.618     0.060        24
    82.884     9.712     0.060        14
    82.884     9.056     0.060         5
    82.884    16.187     0.060        24
    84.761    10.034     0.060        14
    84.761     9.378     0.060         5
    84.761    16.723     0.060        24
    86.176    10.262     0.060        14
    86.176     9.606     0.060         5
    86.176    17.103     0.060        24
    88.386    10.634     0.060        14
    88.386     9.978     0.060         5
    88.386    17.723     0.060        24
     0.000     0.000     0.000        -1
