    60.860    -1.000     0.000         0
     8.278    11.478     0.060        14
     8.278    10.633     0.060         5
     8.278    19.130     0.060        24
     9.104    11.333     0.060        14
     9.104    10.487     0.060         5
     9.104    18.888     0.060        24
     9.914    11.221     0.060        14
     9.914    10.375     0.060         5
     9.914    18.701     0.060        24
    10.716    11.087     0.060        14
    10.716    10.241     0.060         5
    10.716    18.478     0.060        24
    11.545    10.964     0.060        14
    11.545    10.119     0.060         5
    11.545    18.274     0.060        24
    12.380    10.850     0.060        14
    12.380    10.005     0.060         5
    12.380    18.084     0.060        24
    13.186    10.752     0.060        14
    13.186     9.907     0.060         5
    13.186    17.920     0.060        24
    13.979    10.620     0.060        14
    13.979     9.775     0.060         5
    13.979    17.700     0.060        24
    14.785    10.491     0.060        14
    14.785     9.646     0.060         5
    14.785    17.485     0.060        24
    15.600    10.373     0.060        14
    15.600     9.527     0.060         5
    15.600    17.288     0.060        24
    16.413    10.228     0.060        14
    16.413     9.382     0.060         5
    16.413    17.046     0.060        24
    17.237    10.094     0.060        14
    17.237     9.248     0.060         5
    17.237    16.823     0.060        24
    18.033     9.984     0.060        14
    18.033     9.139     0.060         5
    18.033    16.640     0.060        24
    18.818     9.872     0.060        14
    18.818     9.027     0.060         5
    18.818    16.454     0.060        24
    19.603     9.727     0.060        14
    19.603     8.882     0.060         5
    19.603    16.212     0.060        24
    20.378     9.616     0.060        14
    20.378     8.770     0.060         5
    20.378    16.026     0.060        24
    21.159     9.470     0.060        14
    21.159     8.624     0.060         5
    21.159    15.783     0.060        24
    21.947     9.361     0.060        14
    21.947     8.515     0.060         5
    21.947    15.601     0.060        24
    22.717     9.229     0.060        14
    22.717     8.383     0.060         5
    22.717    15.381     0.060        24
    23.506     9.099     0.060        14
    23.506     8.254     0.060         5
    23.506    15.165     0.060        24
    24.291     8.960     0.060        14
    24.291     8.114     0.060         5
    24.291    14.933     0.060        24
    25.074     8.837     0.060        14
    25.074     7.992     0.060         5
    25.074    14.729     0.060        24
    25.856     8.709     0.060        14
    25.856     7.864     0.060         5
    25.856    14.515     0.060        24
    26.641     8.594     0.060        14
    26.641     7.749     0.060         5
    26.641    14.324     0.060        24
    27.433     8.464     0.060        14
    27.433     7.619     0.060         5
    27.433    14.107     0.060        24
    28.218     8.323     0.060        14
    28.218     7.478     0.060         5
    28.218    13.872     0.060        24
    29.020     8.216     0.060        14
    29.020     7.371     0.060         5
    29.020    13.694     0.060        24
    29.822     8.100     0.060        14
    29.822     7.255     0.060         5
    29.822    13.500     0.060        24
    30.611     7.986     0.060        14
    30.611     7.141     0.060         5
    30.611    13.310     0.060        24
    31.388     7.860     0.060        14
    31.388     7.015     0.060         5
    31.388    13.100     0.060        24
    32.197     7.728     0.060        14
    32.197     6.883     0.060         5
    32.197    12.880     0.060        24
    33.006     7.623     0.060        14
    33.006     6.778     0.060         5
    33.006    12.705     0.060        24
    33.808     7.477     0.060        14
    33.808     6.632     0.060         5
    33.808    12.462     0.060        24
    34.618     7.352     0.060        14
    34.618     6.507     0.060         5
    34.618    12.254     0.060        24
    35.444     7.197     0.060        14
    35.444     6.352     0.060         5
    35.444    11.995     0.060        24
    36.254     7.057     0.060        14
    36.254     6.211     0.060         5
    36.254    11.761     0.060        24
    37.058     6.930     0.060        14
    37.058     6.085     0.060         5
    37.058    11.550     0.060        24
    37.871     6.779     0.060        14
    37.871     5.933     0.060         5
    37.871    11.298     0.060        24
    38.680     6.634     0.060        14
    38.680     5.789     0.060         5
    38.680    11.057     0.060        24
    39.493     6.472     0.060        14
    39.493     5.626     0.060         5
    39.493    10.786     0.060        24
    40.306     6.341     0.060        14
    40.306     5.495     0.060         5
    40.306    10.568     0.060        24
    41.129     6.197     0.060        14
    41.129     5.351     0.060         5
    41.129    10.328     0.060        24
    41.922     6.059     0.060        14
    41.922     5.214     0.060         5
    41.922    10.099     0.060        24
    42.732     5.932     0.060        14
    42.732     5.086     0.060         5
    42.732     9.886     0.060        24
    43.500     5.804     0.060        14
    43.500     4.959     0.060         5
    43.500     9.674     0.060        24
    44.289     5.683     0.060        14
    44.289     4.837     0.060         5
    44.289     9.471     0.060        24
    45.066     5.540     0.060        14
    45.066     4.695     0.060         5
    45.066     9.234     0.060        24
    45.858     5.416     0.060        14
    45.858     4.570     0.060         5
    45.858     9.026     0.060        24
    60.860     1.000     0.000         0
    82.561     7.019     0.060        14
    82.561     6.174     0.060         5
    82.561    11.699     0.060        24
    86.341     7.669     0.060        14
    86.341     6.823     0.060         5
    86.341    12.781     0.060        24
    90.878     8.373     0.060        14
    90.878     7.528     0.060         5
    90.878    13.955     0.060        24
    93.550     8.764     0.060        14
    93.550     7.918     0.060         5
    93.550    14.606     0.060        24
    96.090     9.137     0.060        14
    96.090     8.291     0.060         5
    96.090    15.228     0.060        24
    98.919     9.565     0.060        14
    98.919     8.719     0.060         5
    98.919    15.941     0.060        24
   107.923    10.941     0.060        14
   107.923    10.096     0.060         5
   107.923    18.235     0.060        24
   109.006    11.108     0.060        14
   109.006    10.263     0.060         5
   109.006    18.514     0.060        24
   109.953    11.246     0.060        14
   109.953    10.401     0.060         5
   109.953    18.744     0.060        24
   111.193    11.433     0.060        14
   111.193    10.588     0.060         5
   111.193    19.055     0.060        24
   112.588    11.659     0.060        14
   112.588    10.814     0.060         5
   112.588    19.432     0.060        24
   116.086    12.181     0.060        14
   116.086    11.336     0.060         5
   116.086    20.302     0.060        24
   118.605    12.592     0.060        14
   118.605    11.746     0.060         5
   118.605    20.986     0.060        24
   120.213    12.835     0.060        14
   120.213    11.990     0.060         5
   120.213    21.392     0.060        24
   121.345    13.039     0.060        14
   121.345    12.193     0.060         5
   121.345    21.731     0.060        24
   122.634    13.241     0.060        14
   122.634    12.396     0.060         5
   122.634    22.069     0.060        24
   124.046    13.432     0.060        14
   124.046    12.587     0.060         5
   124.046    22.387     0.060        24
   125.786    13.664     0.060        14
   125.786    12.819     0.060         5
   125.786    22.774     0.060        24
   127.031    13.849     0.060        14
   127.031    13.003     0.060         5
   127.031    23.081     0.060        24
   128.607    14.063     0.060        14
   128.607    13.218     0.060         5
   128.607    23.439     0.060        24
   131.169    14.443     0.060        14
   131.169    13.597     0.060         5
   131.169    24.071     0.060        24
   134.400    14.986     0.060        14
   134.400    14.141     0.060         5
   134.400    24.977     0.060        24
   137.424    15.445     0.060        14
   137.424    14.599     0.060         5
   137.424    25.741     0.060        24
   140.776    16.004     0.060        14
   140.776    15.158     0.060         5
   140.776    26.673     0.060        24
     0.000     0.000     0.000        -1
