   300.793    -1.000     0.000         0
   249.397    11.719     0.060        14
   249.397    11.064     0.060         5
   249.397    19.532     0.060        24
   253.796    10.861     0.060        14
   253.796    10.206     0.060         5
   253.796    18.102     0.060        24
   300.793     1.000     0.000         0
   323.755     6.431     0.060        14
   323.755     5.777     0.060         5
   323.755    10.719     0.060        24
   326.384     6.917     0.060        14
   326.384     6.263     0.060         5
   326.384    11.529     0.060        24
   329.198     7.344     0.060        14
   329.198     6.689     0.060         5
   329.198    12.240     0.060        24
   331.055     7.649     0.060        14
   331.055     6.994     0.060         5
   331.055    12.748     0.060        24
   333.826     8.093     0.060        14
   333.826     7.438     0.060         5
   333.826    13.488     0.060        24
   380.431    16.385     0.060        14
   380.431    15.731     0.060         5
   380.431    27.309     0.060        24
   387.942    17.531     0.060        14
   387.942    16.877     0.060         5
   387.942    29.219     0.060        24
     0.000     0.000     0.000        -1
