   294.793    -1.000     0.000         0
   249.709     9.807     0.060        14
   249.709     9.150     0.060         5
   249.709    16.345     0.060        24
   251.881     9.398     0.060        14
   251.881     8.741     0.060         5
   251.881    15.664     0.060        24
   254.258     9.031     0.060        14
   254.258     8.374     0.060         5
   254.258    15.051     0.060        24
   255.811     8.737     0.060        14
   255.811     8.080     0.060         5
   255.811    14.562     0.060        24
   258.479     8.299     0.060        14
   258.479     7.642     0.060         5
   258.479    13.831     0.060        24
   261.014     7.810     0.060        14
   261.014     7.153     0.060         5
   261.014    13.017     0.060        24
   263.434     7.465     0.060        14
   263.434     6.808     0.060         5
   263.434    12.441     0.060        24
   265.882     7.066     0.060        14
   265.882     6.409     0.060         5
   265.882    11.776     0.060        24
   267.347     6.761     0.060        14
   267.347     6.104     0.060         5
   267.347    11.269     0.060        24
   269.119     6.395     0.060        14
   269.119     5.738     0.060         5
   269.119    10.658     0.060        24
   272.163     5.790     0.060        14
   272.163     5.133     0.060         5
   272.163     9.650     0.060        24
   275.412     5.144     0.060        14
   275.412     4.487     0.060         5
   275.412     8.573     0.060        24
   294.793     1.000     0.000         0
   309.697     4.774     0.060        14
   309.697     4.117     0.060         5
   309.697     7.956     0.060        24
   311.731     5.122     0.060        14
   311.731     4.465     0.060         5
   311.731     8.536     0.060        24
   313.755     5.471     0.060        14
   313.755     4.814     0.060         5
   313.755     9.118     0.060        24
   318.793     6.474     0.060        14
   318.793     5.817     0.060         5
   318.793    10.790     0.060        24
   320.835     6.862     0.060        14
   320.835     6.205     0.060         5
   320.835    11.437     0.060        24
   322.835     7.182     0.060        14
   322.835     6.525     0.060         5
   322.835    11.970     0.060        24
   324.975     7.576     0.060        14
   324.975     6.919     0.060         5
   324.975    12.626     0.060        24
   326.853     7.880     0.060        14
   326.853     7.223     0.060         5
   326.853    13.134     0.060        24
   328.266     8.138     0.060        14
   328.266     7.481     0.060         5
   328.266    13.564     0.060        24
   330.750     8.572     0.060        14
   330.750     7.915     0.060         5
   330.750    14.287     0.060        24
   332.451     8.905     0.060        14
   332.451     8.248     0.060         5
   332.451    14.842     0.060        24
   334.133     9.161     0.060        14
   334.133     8.504     0.060         5
   334.133    15.268     0.060        24
   344.926    11.083     0.060        14
   344.926    10.426     0.060         5
   344.926    18.471     0.060        24
   346.990    11.385     0.060        14
   346.990    10.728     0.060         5
   346.990    18.975     0.060        24
     0.000     0.000     0.000        -1
