   351.584    -1.000     0.000         0
   253.010    19.443     0.060        14
   253.010    18.075     0.060         5
   253.010    32.405     0.060        24
   256.273    18.903     0.060        14
   256.273    17.535     0.060         5
   256.273    31.505     0.060        24
   272.163    16.212     0.060        14
   272.163    14.844     0.060         5
   272.163    27.020     0.060        24
   275.738    15.516     0.060        14
   275.738    14.148     0.060         5
   275.738    25.860     0.060        24
   280.413    14.653     0.060        14
   280.413    13.285     0.060         5
   280.413    24.421     0.060        24
   297.432    11.920     0.060        14
   297.432    10.553     0.060         5
   297.432    19.867     0.060        24
   303.598    11.036     0.060        14
   303.598     9.668     0.060         5
   303.598    18.393     0.060        24
     0.000     0.000     0.000        -1
