63 81 1.5 0.33
0 2 4 6 8 10 12 14 16 18 20 22 24 26 28 30 32 34 36 38 40 42 44 46 48 50 52 54 56 58 60 62 64 66 68 70 72 74 76 78 80 82 84 86 88 90 92 94 96 98 100 102 104 106 108 110 112 114 116 118 120 122 124 
0 0 0 0 0 0 0 0 0 0 0 0 0 0 0 0 0 0 0 0 0 0 0 0 0 0 0 0 0 0 0 0 0 0 0 0 0 0 0 0 0 0 0 0 0 0 0 0 0 0 0 0 0 0 0 0 0 0 0 0 0 0 0 
0 0.2 0.4 0.6 0.8 1 1.2 1.4 1.6 1.8 2 2.2 2.4 2.6 2.8 3 3.2 3.4 3.6 3.8 4 4.2 4.4 4.6 4.8 5 5.2 5.4 5.6 5.8 6 6.2 6.4 6.6 6.8 7 7.2 7.4 7.6 7.8 8 8.2 8.4 8.6 8.8 9 9.2 9.4 9.6 9.8 10 10.2 10.4 10.6 10.8 11 11.2 11.4 11.6 11.8 12 12.2 12.4 12.6 12.8 13 13.2 13.4 13.6 13.8 14 14.2 14.4 14.6 14.8 15 15.2 15.4 15.6 15.8 16 
1.5 1.5 1.5 1.5 1.5 1.5 1.5 1.5 1.5 1.5 1.50882 2.3003 4.51979 4.53173 4.54365 4.55544 4.56711 4.57904 4.59033 4.60188 4.61337 4.62458 4.63553 4.64666 4.65762 4.66842 4.67901 4.68925 4.6999 4.71001 4.72015 4.73005 4.73971 4.74927 4.75954 4.76793 4.77699 4.78588 4.79453 4.80417 4.81151 4.81974 4.82786 4.83579 4.84273 4.85124 4.85868 4.86599 4.8732 4.87923 4.88721 4.89404 4.90074 4.90735 4.9139 4.92029 4.92669 4.93297 4.93919 4.94539 4.95154 4.95776 4.96387 4.97018 4.97648 4.9828 4.98942 4.99606 5.00285 5.00965 5.01655 5.02447 5.03251 5.04059 5.04903 5.05751 5.06591 5.07422 5.08253 5.09079 5.09784 
1.5 1.5 1.5 1.5 1.5 1.5 1.5 1.5 1.5 1.5 1.50883 2.30034 2.38178 4.51995 4.53214 4.54407 4.55581 4.56779 4.5792 4.5908 4.60228 4.61359 4.62468 4.63587 4.64693 4.65781 4.66857 4.67891 4.68958 4.69982 4.71008 4.71999 4.72985 4.73938 4.74972 4.75814 4.76722 4.77615 4.78481 4.79435 4.80166 4.80979 4.8178 4.82552 4.83231 4.84064 4.84791 4.85514 4.8621 4.86793 4.87583 4.88247 4.88909 4.89575 4.90215 4.90863 4.91505 4.92146 4.92805 4.93441 4.94097 4.9476 4.95425 4.96036 4.96784 4.9748 4.98209 4.98939 4.99603 5.0045 5.01216 5.0208 5.02926 5.03686 5.04721 5.0561 5.06518 5.07427 5.08168 5.09355 5.10059 
1.5 1.5 1.5 1.5 1.5 1.5 1.5 1.5 1.5 1.5 1.50898 2.30057 2.38178 2.46345 4.52162 4.53367 4.54566 4.55721 4.56846 4.57997 4.59138 4.60287 4.61351 4.62448 4.63536 4.64617 4.65699 4.66676 4.67722 4.68738 4.69746 4.70685 4.71694 4.72641 4.73617 4.74504 4.75364 4.76308 4.77177 4.78079 4.78888 4.79828 4.80535 4.81339 4.8214 4.82901 4.83664 4.84403 4.85146 4.85869 4.86579 4.87283 4.8799 4.88681 4.89357 4.90044 4.90735 4.91403 4.92095 4.92734 4.93452 4.94148 4.94849 4.95559 4.96203 4.96999 4.97751 4.98515 4.99294 4.99983 5.00874 5.01758 5.02637 5.03565 5.04307 5.05352 5.06327 5.07259 5.08223 5.09047 5.10012 
1.5 1.5 1.5 1.5 1.5 1.5 1.5 1.5 1.5 1.5 1.50899 2.30048 2.38173 2.4633 4.5217 4.53359 4.54539 4.55718 4.56851 4.58036 4.59145 4.60256 4.61359 4.62464 4.63584 4.64626 4.65678 4.66684 4.67746 4.6879 4.69758 4.70739 4.71698 4.72664 4.73633 4.74526 4.75432 4.7633 4.77216 4.78112 4.78919 4.7986 4.80582 4.81386 4.82201 4.82959 4.83837 4.84494 4.85251 4.85979 4.8672 4.87442 4.88172 4.88889 4.89583 4.90327 4.91008 4.91751 4.92435 4.93148 4.93923 4.94605 4.95398 4.96159 4.96917 4.97688 4.98391 4.99272 4.99992 5.00917 5.01746 5.02523 5.03574 5.04375 5.05434 5.06364 5.07207 5.08341 5.09122 5.10252 5.11142 
1.5 1.5 1.5 1.5 1.5 1.5 1.5 1.5 1.5 1.5 1.50894 2.3005 2.382 2.46354 4.52201 4.53371 4.54542 4.55757 4.56888 4.58059 4.59152 4.60269 4.61438 4.62536 4.63604 4.64636 4.65691 4.66768 4.6781 4.68793 4.69758 4.70742 4.71747 4.72699 4.73659 4.74521 4.75432 4.76368 4.77248 4.78159 4.78937 4.79883 4.80635 4.81445 4.82154 4.83037 4.8392 4.84613 4.85386 4.8605 4.8691 4.87651 4.88413 4.89162 4.89952 4.90704 4.9143 4.92193 4.92944 4.93775 4.94543 4.95283 4.96075 4.96935 4.97758 4.9858 4.99353 5.00196 5.01147 5.02025 5.02916 5.03749 5.04708 5.05792 5.06769 5.07741 5.08664 5.09658 5.10764 5.1175 5.12725 
1.5 1.5 1.5 1.5 1.5 1.5 1.5 1.5 1.5 1.5 1.50889 2.30025 2.38176 4.52063 4.5328 4.54484 4.55649 4.56828 4.57963 4.59086 4.60245 4.61361 4.62465 4.63555 4.64625 4.65704 4.66756 4.67771 4.68811 4.69801 4.70815 4.71805 4.72766 4.73717 4.74722 4.75599 4.76521 4.77425 4.78317 4.79279 4.80074 4.80943 4.81801 4.82645 4.83405 4.84314 4.85156 4.85964 4.86786 4.8751 4.88416 4.89232 4.90044 4.90862 4.91684 4.92498 4.93332 4.94157 4.94997 4.95833 4.9667 4.97533 4.98392 4.99272 5.00157 5.01058 5.01968 5.0288 5.03814 5.04749 5.05696 5.06684 5.077 5.08706 5.0973 5.1074 5.11779 5.12809 5.13856 5.14858 5.15911 
1.5 1.5 1.5 1.5 1.5 1.5 1.5 1.5 1.5 1.5 1.50878 2.29999 2.38148 4.5186 4.53071 4.54272 4.55432 4.56646 4.57751 4.58875 4.60029 4.61133 4.62219 4.63391 4.64378 4.6546 4.66515 4.67513 4.6856 4.69612 4.70583 4.71563 4.72538 4.73483 4.74486 4.75389 4.76329 4.77245 4.78158 4.79095 4.79965 4.80873 4.81752 4.82639 4.83441 4.84398 4.85279 4.86147 4.87014 4.87807 4.88763 4.89635 4.90504 4.91394 4.92285 4.93167 4.94081 4.94939 4.9589 4.96797 4.97713 4.98646 4.99583 5.00532 5.01494 5.02464 5.03452 5.0438 5.05432 5.06443 5.07446 5.08494 5.09555 5.10601 5.11686 5.12762 5.13823 5.14891 5.15973 5.17011 5.18171 
1.5 1.5 1.5 1.5 1.5 1.5 1.5 1.5 1.5 1.5 1.50841 2.29953 2.38078 2.4621 2.54359 4.514 4.52557 4.5374 4.54877 4.56051 4.57136 4.58249 4.59329 4.60411 4.61534 4.62564 4.6362 4.64631 4.65693 4.66747 4.67727 4.68729 4.69763 4.70691 4.71707 4.72631 4.73606 4.74549 4.75495 4.76462 4.77375 4.78319 4.79247 4.80184 4.81035 4.8204 4.82983 4.83907 4.84851 4.85724 4.86738 4.87675 4.88641 4.89603 4.90575 4.91553 4.92503 4.93533 4.94532 4.95525 4.96536 4.97526 4.98591 4.99621 5.00665 5.01718 5.02797 5.03856 5.04939 5.0601 5.07091 5.08192 5.09291 5.10407 5.11544 5.1267 5.13776 5.14884 5.16064 5.17054 5.18323 
1.5 1.5 1.5 1.5 1.5 1.5 1.5 1.5 1.5 1.5 1.5081 2.29879 2.38005 2.46137 2.54262 2.62362 4.50817 4.51985 4.53097 4.5429 4.55339 4.56435 4.57478 4.58649 4.59681 4.60687 4.61736 4.62724 4.63887 4.64853 4.65843 4.66851 4.67854 4.6889 4.69876 4.70831 4.71834 4.72817 4.738 4.74815 4.75788 4.76784 4.77768 4.78768 4.79701 4.8077 4.81781 4.82804 4.83829 4.84805 4.85889 4.8694 4.87966 4.89045 4.90106 4.91175 4.92255 4.93323 4.94438 4.95535 4.9665 4.9777 4.98881 4.99999 5.01133 5.02279 5.03428 5.04574 5.05727 5.06886 5.08053 5.09217 5.10374 5.11541 5.12732 5.13908 5.15074 5.16248 5.17526 5.18509 5.19933 
1.5 1.5 1.5 1.5 1.5 1.5 1.5 1.5 1.5 1.5 1.50768 2.29785 2.37928 2.46012 2.54152 2.622 4.50152 4.51315 4.52342 4.53536 4.54528 4.55581 4.56568 4.57645 4.58715 4.59696 4.60721 4.61804 4.62771 4.63821 4.64812 4.65838 4.66862 4.67866 4.68926 4.69927 4.70967 4.7199 4.73037 4.7409 4.75143 4.762 4.77265 4.78355 4.79394 4.80534 4.81633 4.82754 4.83872 4.84997 4.86146 4.87287 4.88453 4.89603 4.90768 4.91962 4.93145 4.94341 4.95546 4.96768 4.97985 4.99203 5.00429 5.01629 5.02886 5.04128 5.05375 5.0661 5.07855 5.09102 5.10364 5.116 5.12831 5.14045 5.15303 5.16564 5.17757 5.18977 5.20338 5.21383 5.22896 
1.5 1.5 1.5 1.5 1.5 1.5 1.5 1.5 1.5 1.5 1.50684 2.29646 2.37761 2.45857 2.53932 4.49381 4.50305 4.51414 4.5243 4.53491 4.54571 4.55595 4.56554 4.57616 4.5859 4.59621 4.60639 4.61654 4.62689 4.63754 4.64749 4.65802 4.66855 4.67937 4.68994 4.70075 4.71141 4.72261 4.73354 4.74465 4.75599 4.76715 4.77873 4.7903 4.80197 4.81381 4.82583 4.83798 4.85026 4.86253 4.87519 4.88772 4.90059 4.91321 4.92616 4.93921 4.95223 4.96549 4.97878 4.99215 5.00563 5.0192 5.03261 5.046 5.05939 5.07285 5.08633 5.09985 5.11332 5.12676 5.14023 5.15353 5.16642 5.17895 5.19236 5.2058 5.21823 5.2307 5.24512 5.25694 5.2721 
1.5 1.5 1.5 1.5 1.5 1.5 1.5 1.5 1.5 1.5 1.5058 2.29413 2.37513 2.45581 2.53579 4.47788 4.48458 4.49782 4.5088 4.52047 4.52991 4.53968 4.54856 4.55898 4.56856 4.57835 4.58842 4.59813 4.60888 4.61895 4.62946 4.6401 4.65068 4.66145 4.67233 4.68373 4.69508 4.70654 4.7185 4.73007 4.74253 4.75482 4.76728 4.7801 4.79314 4.80619 4.81952 4.83306 4.84668 4.86072 4.87443 4.88844 4.9027 4.91697 4.9313 4.9459 4.96043 4.97508 4.98988 5.00468 5.01945 5.03437 5.04919 5.06387 5.07864 5.09336 5.10804 5.12254 5.13716 5.15172 5.16616 5.18034 5.19392 5.20754 5.22135 5.23571 5.24869 5.26186 5.27694 5.28987 5.30437 
1.5 1.5 1.5 1.5 1.5 1.5 1.5 1.5 1.5 1.5 1.50495 2.29214 2.37297 2.45335 2.53363 4.46756 4.46948 4.47699 4.48822 4.49963 4.51033 4.51974 4.52826 4.53831 4.54727 4.55705 4.5667 4.57653 4.58736 4.59775 4.60846 4.61934 4.63024 4.64142 4.65266 4.66497 4.67695 4.6893 4.70192 4.7142 4.72792 4.7414 4.75493 4.76886 4.78335 4.79739 4.81204 4.82691 4.84184 4.85782 4.87259 4.88818 4.90385 4.91978 4.93575 4.95184 4.96798 4.98423 5.00051 5.01679 5.03305 5.04939 5.06581 5.082 5.09803 5.11419 5.13008 5.14597 5.16175 5.17745 5.193 5.2081 5.22272 5.23717 5.25144 5.26665 5.28027 5.29436 5.31022 5.32411 5.33834 
1.5 1.5 1.5 1.5 1.5 1.5 1.5 1.5 1.5 1.5 1.50418 2.28986 2.37063 2.45063 2.53069 2.60958 4.45177 4.45317 4.45342 4.4667 4.47781 4.48671 4.4939 4.50376 4.51255 4.52175 4.53091 4.53963 4.5507 4.56133 4.5724 4.58349 4.5949 4.60663 4.61799 4.63121 4.64399 4.65715 4.67065 4.6837 4.69865 4.71333 4.72812 4.74332 4.75945 4.77462 4.79065 4.80689 4.82343 4.84116 4.85721 4.8744 4.89182 4.90927 4.92694 4.9447 4.96248 4.98031 4.99819 5.01624 5.03416 5.05208 5.06997 5.08769 5.10527 5.12271 5.14001 5.15727 5.17429 5.19122 5.208 5.224 5.2397 5.25488 5.26991 5.28583 5.30031 5.31526 5.33146 5.34682 5.36107 
1.5 1.5 1.5 1.5 1.5 1.5 1.5 1.5 1.5 1.5 1.50352 2.28863 2.36921 2.4488 2.52883 2.60838 2.68759 2.76487 4.41643 4.42279 4.43407 4.44295 4.44894 4.45779 4.46524 4.47362 4.48208 4.48954 4.50051 4.51096 4.52206 4.53322 4.54477 4.55693 4.56849 4.58257 4.5962 4.61013 4.62479 4.63841 4.6551 4.67116 4.68717 4.70371 4.72164 4.73797 4.75565 4.77357 4.79168 4.81143 4.82862 4.8475 4.86653 4.88588 4.90519 4.92451 4.94401 4.9635 4.98294 5.0026 5.02204 5.04148 5.06097 5.08018 5.09918 5.118 5.13669 5.15527 5.1736 5.19179 5.20991 5.2271 5.24357 5.25979 5.27501 5.2919 5.3081 5.32361 5.34028 5.35652 5.37324 
1.5 1.5 1.5 1.5 1.5 1.5 1.5 1.5 1.5 1.5 1.50097 2.28198 2.36269 2.44203 2.52191 2.60192 2.68082 2.75625 4.39242 4.39507 4.40661 4.41485 4.4212 4.43066 4.4366 4.44482 4.45294 4.4601 4.47132 4.48205 4.49335 4.50486 4.51679 4.52978 4.54188 4.55655 4.57077 4.58566 4.60119 4.61551 4.63368 4.65081 4.66829 4.68608 4.70571 4.72323 4.74254 4.7621 4.78199 4.80377 4.82238 4.84291 4.86364 4.8846 4.90571 4.92702 4.94821 4.96968 4.99108 5.01251 5.03375 5.05488 5.07593 5.09657 5.11729 5.13777 5.15803 5.17811 5.19791 5.21738 5.23687 5.2548 5.27214 5.28897 5.30616 5.3238 5.34015 5.35628 5.37414 5.39126 5.40931 
1.5 1.5 1.5 1.5 1.5 1.5 1.5 1.5 1.5 1.5 1.50044 2.28087 2.36079 2.439 2.51808 2.59717 2.67353 4.37608 4.36122 4.36938 4.38346 4.39093 4.39743 4.40683 4.41244 4.42184 4.42922 4.43652 4.44836 4.46067 4.47231 4.48466 4.49735 4.51091 4.52354 4.53976 4.5552 4.57117 4.5876 4.60273 4.62251 4.64085 4.65967 4.67911 4.70049 4.7192 4.74014 4.76138 4.78306 4.80702 4.82693 4.84932 4.87181 4.89464 4.91762 4.94122 4.96398 4.98735 5.0107 5.03394 5.05691 5.07992 5.10249 5.12512 5.14731 5.16939 5.19129 5.21273 5.23423 5.25505 5.27573 5.29468 5.31301 5.33141 5.34942 5.36777 5.38406 5.40486 5.42056 5.43726 5.45544 
1.5 1.5 1.5 1.5 1.5 1.5 1.5 1.5 1.5 1.5 1.49944 2.27783 2.35782 2.43574 2.51555 2.59333 2.66876 4.35897 4.33843 4.34517 4.35461 4.36271 4.36682 4.37502 4.38185 4.3896 4.39707 4.40395 4.41596 4.42823 4.44058 4.4534 4.46691 4.48117 4.49417 4.51137 4.52743 4.54469 4.5626 4.57837 4.59963 4.61893 4.63914 4.65974 4.68035 4.70274 4.72503 4.74794 4.77131 4.79726 4.81865 4.8429 4.86731 4.89182 4.91675 4.9419 4.96666 4.9919 5.017 5.04208 5.06701 5.09182 5.11609 5.14138 5.16399 5.1874 5.21067 5.2336 5.25625 5.27823 5.30035 5.3205 5.33974 5.35837 5.3776 5.39645 5.41324 5.43259 5.45247 5.47184 5.48824 
1.5 1.5 1.5 1.5 1.5 1.5 1.5 1.5 1.5 1.5 1.4986 2.27511 2.3549 2.4326 2.51117 2.58956 2.6654 4.35383 4.32598 4.32675 4.33314 4.34086 4.34468 4.35185 4.35732 4.3635 4.3694 4.37457 4.38631 4.39774 4.41015 4.42353 4.43727 4.45218 4.46597 4.48423 4.50137 4.51875 4.53761 4.55431 4.57699 4.59777 4.61928 4.64106 4.66586 4.68692 4.71061 4.73496 4.75999 4.78789 4.81048 4.83635 4.86239 4.88867 4.91505 4.9427 4.96848 4.99528 5.02203 5.04875 5.07536 5.10187 5.12764 5.15334 5.17848 5.20337 5.22805 5.2523 5.27634 5.29952 5.32285 5.34407 5.3642 5.38403 5.40785 5.42332 5.44103 5.46123 5.4823 5.50092 5.51932 
1.5 1.5 1.5 1.5 1.5 1.5 1.5 1.5 1.5 1.5 1.49809 2.27318 2.35294 2.43032 2.50878 2.58775 2.66476 2.73837 4.31917 4.3046 4.30323 4.31255 4.3157 4.32109 4.32347 4.32732 4.33664 4.33982 4.35176 4.35774 4.37305 4.38552 4.3988 4.40882 4.42541 4.44601 4.46347 4.48292 4.49934 4.51977 4.54361 4.56156 4.58585 4.61143 4.63758 4.65966 4.68133 4.70985 4.73696 4.76681 4.79021 4.81825 4.84633 4.87391 4.90188 4.93093 4.95815 4.98649 5.01638 5.04482 5.07345 5.09984 5.12701 5.15524 5.18207 5.20612 5.23432 5.25976 5.28512 5.30956 5.3301 5.35227 5.37261 5.39546 5.41263 5.43702 5.4532 5.47426 5.49253 5.50778 5.53088 
1.5 1.5 1.5 1.5 1.5 1.5 1.5 1.5 1.5 1.5 1.49683 2.26895 2.34882 2.42645 2.5049 2.58298 2.66049 2.73908 2.80951 4.30673 4.27069 4.28832 4.29279 4.29676 4.29833 4.30249 4.31178 4.31208 4.32434 4.32886 4.34338 4.35626 4.3699 4.38395 4.39632 4.4156 4.43237 4.45221 4.47205 4.49048 4.51485 4.53371 4.56085 4.58242 4.61262 4.63326 4.6567 4.68673 4.71505 4.7434 4.77147 4.80097 4.83009 4.85961 4.88913 4.91955 4.94955 4.97938 5.00903 5.03878 5.06814 5.09524 5.1254 5.15125 5.1804 5.20503 5.23138 5.25693 5.28228 5.30678 5.33134 5.35397 5.37486 5.39483 5.41596 5.43673 5.45468 5.47421 5.49774 5.51336 5.53832 
1.5 1.5 1.5 1.5 1.5 1.5 1.5 1.5 1.5 1.5 1.49782 2.27059 2.35035 2.42716 2.50642 2.58409 2.66002 2.73889 2.81124 2.87853 4.23709 4.25815 4.26838 4.27187 4.27167 4.27506 4.28048 4.28674 4.29661 4.30454 4.31489 4.3273 4.34065 4.35524 4.36843 4.38782 4.40554 4.42093 4.44118 4.4626 4.48827 4.51149 4.53333 4.55897 4.58953 4.61277 4.63987 4.66781 4.69598 4.72486 4.75427 4.7837 4.81402 4.84439 4.8747 4.90527 4.93628 4.96603 4.99653 5.02836 5.05876 5.08875 5.11757 5.14632 5.17246 5.20027 5.22769 5.25446 5.28108 5.3068 5.33195 5.35478 5.38043 5.40163 5.42474 5.44447 5.46216 5.48388 5.50949 5.51857 5.54282 
1.5 1.5 1.5 1.5 1.5 1.5 1.5 1.5 1.5 1.5 1.49724 2.26917 2.34871 2.42571 2.50463 2.58109 2.65845 2.73634 2.80582 4.29417 4.25141 4.25856 4.26564 4.26993 4.27331 4.27961 4.28474 4.28637 4.2965 4.29966 4.31407 4.32702 4.34074 4.35593 4.36724 4.38813 4.40662 4.42619 4.44736 4.46647 4.49199 4.51533 4.53993 4.5657 4.59573 4.61907 4.64639 4.67493 4.70377 4.7367 4.76358 4.7935 4.82396 4.85445 4.8857 4.91636 4.94736 4.97876 5.00979 5.04091 5.07159 5.10218 5.13461 5.1617 5.19078 5.21908 5.24702 5.27421 5.30122 5.3273 5.35314 5.38107 5.39846 5.41966 5.443 5.46384 5.48222 5.50257 5.52773 5.54347 5.56849 
1.5 1.5 1.5 1.5 1.5 1.5 1.5 1.5 1.5 1.5 1.49736 2.26924 2.34901 2.4257 2.50351 2.58243 2.6582 2.73548 4.31622 4.28938 4.26565 4.26839 4.27301 4.27668 4.28058 4.28458 4.29013 4.29113 4.30213 4.30953 4.32065 4.33297 4.34647 4.36244 4.37541 4.39365 4.41304 4.43288 4.45403 4.47293 4.49888 4.52299 4.54731 4.57312 4.60344 4.62692 4.65456 4.68304 4.71252 4.74566 4.77288 4.80372 4.83487 4.86567 4.89746 4.9282 4.95996 4.99189 5.02335 5.05494 5.0862 5.11761 5.14817 5.17813 5.20754 5.23823 5.26417 5.29173 5.31893 5.34537 5.37164 5.39589 5.41852 5.4397 5.46244 5.48333 5.50321 5.52335 5.54839 5.56466 5.59005 
1.5 1.5 1.5 1.5 1.5 1.5 1.5 1.5 1.5 1.5 1.49798 2.27039 2.35015 2.42705 2.50516 2.58265 2.65964 2.73789 2.80785 4.29584 4.27114 4.26469 4.27165 4.27339 4.27644 4.28003 4.28467 4.28517 4.29542 4.30252 4.3116 4.32416 4.33816 4.35244 4.36449 4.38491 4.4033 4.42336 4.44383 4.46304 4.48864 4.51233 4.53755 4.56309 4.5931 4.61684 4.64448 4.67152 4.70152 4.73491 4.76165 4.79254 4.82356 4.85433 4.88591 4.91682 4.94869 4.98004 5.01164 5.04307 5.07431 5.1057 5.13625 5.16612 5.19573 5.22446 5.25266 5.28027 5.30767 5.33426 5.36052 5.38497 5.40767 5.43228 5.45125 5.47365 5.49322 5.51316 5.53757 5.55451 5.57924 
1.5 1.5 1.5 1.5 1.5 1.5 1.5 1.5 1.5 1.5 1.4978 2.26927 2.34956 2.42731 2.50598 2.58415 2.66168 2.74101 2.81605 2.88746 4.30182 4.26442 4.27743 4.27891 4.28256 4.28527 4.28863 4.29032 4.2989 4.30562 4.3129 4.32323 4.33739 4.35072 4.36441 4.38321 4.40058 4.41957 4.43983 4.45796 4.48388 4.50562 4.5309 4.55707 4.58591 4.60924 4.63585 4.66407 4.692 4.72586 4.75249 4.7829 4.81353 4.84436 4.87526 4.90643 4.93877 4.96923 5.00194 5.03154 5.06259 5.09344 5.12387 5.15361 5.18272 5.21125 5.23904 5.26637 5.29329 5.31984 5.34592 5.37021 5.39291 5.41363 5.43528 5.45857 5.47765 5.4968 5.52179 5.53995 5.56335 
1.5 1.5 1.5 1.5 1.5 1.5 1.5 1.5 1.5 1.5 1.50027 2.27504 2.35538 2.43276 2.51156 2.58961 2.66715 2.74641 2.82219 2.89859 2.96615 4.26658 4.27409 4.28394 4.28812 4.2905 4.29179 4.29355 4.30185 4.30896 4.31569 4.32465 4.33875 4.35241 4.36328 4.38375 4.40057 4.41894 4.43895 4.45672 4.48201 4.50363 4.52836 4.55412 4.58276 4.60458 4.63068 4.65927 4.6872 4.71921 4.74563 4.77566 4.80557 4.83588 4.86648 4.89702 4.9278 4.95837 4.98923 5.01971 5.05021 5.08038 5.11036 5.1395 5.16815 5.19632 5.22397 5.25071 5.27756 5.30379 5.3293 5.35305 5.37589 5.39625 5.41791 5.44141 5.46015 5.48199 5.5037 5.52252 5.54255 
1.5 1.5 1.5 1.5 1.5 1.5 1.5 1.5 1.5 1.5 1.50125 2.2777 2.3583 2.43611 2.51529 2.59385 2.672 2.75161 2.82776 2.90598 2.97711 4.29913 4.2867 4.30041 4.30496 4.30994 4.31211 4.31383 4.32169 4.32886 4.33595 4.34413 4.35729 4.36992 4.38359 4.40131 4.41715 4.43544 4.45492 4.47206 4.49588 4.51849 4.54226 4.56632 4.59385 4.61468 4.64177 4.66951 4.69647 4.72758 4.75315 4.78278 4.81207 4.84179 4.87134 4.90113 4.93102 4.96104 4.99091 5.02067 5.05049 5.08007 5.10918 5.13773 5.16557 5.19315 5.22006 5.24642 5.27246 5.29836 5.32315 5.3464 5.36863 5.38899 5.40994 5.43308 5.45231 5.46867 5.49478 5.51501 5.53152 
1.5 1.5 1.5 1.5 1.5 1.5 1.5 1.5 1.5 1.5 1.50241 2.28072 2.36138 2.43937 2.5185 2.59737 2.67561 2.75533 2.83217 2.90934 2.97912 4.31717 4.30732 4.31544 4.32163 4.32762 4.33243 4.33486 4.34325 4.34974 4.35735 4.36582 4.37834 4.39114 4.4048 4.42131 4.43781 4.45468 4.47476 4.49018 4.51421 4.53685 4.55845 4.5813 4.60811 4.63005 4.65587 4.68218 4.70775 4.73891 4.76353 4.79211 4.82041 4.84895 4.87764 4.9063 4.93519 4.96413 4.99293 5.02166 5.05043 5.07902 5.10721 5.13482 5.16178 5.18849 5.21466 5.24025 5.26556 5.29071 5.31462 5.33719 5.35887 5.37897 5.39953 5.422 5.44105 5.45686 5.48213 5.50315 5.51628 
1.5 1.5 1.5 1.5 1.5 1.5 1.5 1.5 1.5 1.5 1.50375 2.28407 2.36472 2.44316 2.52249 2.60144 2.67981 2.75981 2.83676 2.91182 4.3765 4.34913 4.34901 4.35081 4.35392 4.36094 4.36458 4.36938 4.37684 4.38478 4.39324 4.40212 4.41375 4.42731 4.43939 4.45634 4.47267 4.48925 4.50824 4.52433 4.54697 4.56774 4.58968 4.61274 4.63782 4.65964 4.68436 4.70896 4.7347 4.76459 4.78792 4.81497 4.8422 4.86972 4.89736 4.92462 4.9523 4.98011 5.00754 5.03505 5.06248 5.08993 5.11706 5.14374 5.16964 5.19532 5.22057 5.24515 5.26948 5.29381 5.31671 5.33882 5.36014 5.38005 5.40003 5.42093 5.44039 5.45578 5.4799 5.50109 5.51281 
1.5 1.5 1.5 1.5 1.5 1.5 1.5 1.5 1.5 1.5 1.504 2.28521 2.3662 2.44576 2.52556 2.60523 2.68456 2.76488 2.84283 2.91946 4.41002 4.40047 4.3931 4.38292 4.38306 4.39023 4.39741 4.40191 4.41058 4.4176 4.42538 4.43428 4.4446 4.45658 4.46857 4.4849 4.50047 4.51627 4.534 4.54985 4.57173 4.5922 4.61293 4.63417 4.6589 4.67954 4.70291 4.72695 4.75145 4.77904 4.80129 4.82695 4.85278 4.87899 4.90497 4.93109 4.95727 4.98335 5.00927 5.03529 5.06134 5.08741 5.11337 5.13889 5.16358 5.18788 5.21197 5.23669 5.2585 5.28375 5.30366 5.32481 5.34566 5.36449 5.38325 5.40323 5.42309 5.43751 5.4598 5.48068 5.49348 
1.5 1.5 1.5 1.5 1.5 1.5 1.5 1.5 1.5 1.5 1.50625 2.29185 2.37298 2.45351 2.53375 2.61404 2.6937 2.77489 2.85332 2.9326 3.00992 3.08422 4.42731 4.41666 4.39122 4.40412 4.41435 4.41813 4.42676 4.43264 4.4395 4.4481 4.45702 4.46742 4.47749 4.49323 4.50787 4.52404 4.54088 4.55572 4.57575 4.59431 4.61403 4.6346 4.65761 4.67743 4.69684 4.7219 4.74447 4.77056 4.79161 4.81573 4.83996 4.86462 4.88903 4.91332 4.93787 4.96291 4.98642 5.01073 5.03483 5.05917 5.08345 5.10724 5.13031 5.15321 5.17568 5.1977 5.21939 5.2412 5.26183 5.28199 5.30192 5.32041 5.33797 5.35686 5.37648 5.39031 5.41096 5.43163 5.44412 
1.5 1.5 1.5 1.5 1.5 1.5 1.5 1.5 1.5 1.5 1.50718 2.29461 2.37601 2.4574 2.53896 2.61857 2.69898 2.78056 2.85983 2.94034 3.02037 3.09964 3.17539 3.24515 4.39691 4.41325 4.42352 4.43056 4.43771 4.44537 4.45221 4.45996 4.46831 4.47822 4.48822 4.50349 4.51821 4.53286 4.54825 4.56107 4.58033 4.59823 4.6168 4.63589 4.65708 4.67557 4.69581 4.71661 4.73762 4.76203 4.78173 4.80426 4.82672 4.84946 4.87177 4.89444 4.91698 4.93972 4.9621 4.98467 5.00719 5.02959 5.05239 5.07442 5.09718 5.11719 5.13828 5.15884 5.17919 5.19963 5.21922 5.24068 5.25684 5.27422 5.29109 5.30876 5.32819 5.34119 5.36034 5.38138 5.39273 
1.5 1.5 1.5 1.5 1.5 1.5 1.5 1.5 1.5 1.5 1.5086 2.29828 2.3799 2.46139 2.54215 2.62315 2.70376 2.78553 2.86501 2.9457 3.02608 3.10604 3.18105 4.45818 4.43221 4.45302 4.46046 4.46859 4.47761 4.48621 4.49371 4.502 4.51094 4.52103 4.53158 4.54594 4.55929 4.57307 4.58789 4.60205 4.62022 4.63671 4.65384 4.67162 4.69126 4.70873 4.72774 4.74722 4.76709 4.78908 4.80763 4.82838 4.84945 4.87032 4.8911 4.91221 4.93307 4.95422 4.97504 4.99661 5.01682 5.0378 5.05869 5.079 5.09909 5.11891 5.13861 5.15786 5.17685 5.19587 5.21423 5.23219 5.24965 5.26635 5.28261 5.29942 5.31759 5.33101 5.34809 5.36879 5.37879 
1.5 1.5 1.5 1.5 1.5 1.5 1.5 1.5 1.5 1.5 1.50949 2.30099 2.3824 2.46323 2.54423 2.62509 2.7058 2.78729 2.86702 2.94781 3.02865 3.10632 4.48295 4.47165 4.48341 4.49182 4.49775 4.50576 4.51525 4.5251 4.53367 4.54254 4.55196 4.56238 4.57351 4.58702 4.6004 4.6144 4.62858 4.64142 4.65775 4.67329 4.68954 4.70616 4.72412 4.7407 4.75846 4.77647 4.79478 4.81486 4.83217 4.85114 4.8702 4.88972 4.90939 4.92839 4.94776 4.9671 4.98642 5.00574 5.02494 5.04411 5.06426 5.08204 5.10088 5.11947 5.13762 5.15564 5.17334 5.19113 5.20829 5.22495 5.24097 5.25928 5.2735 5.2884 5.30515 5.31912 5.33487 5.35421 5.36322 
1.5 1.5 1.5 1.5 1.5 1.5 1.5 1.5 1.5 1.5 1.50882 2.29984 2.3817 2.46365 2.54535 2.62692 2.70838 2.79046 2.87135 2.95311 3.03487 3.11479 4.51284 4.51149 4.51433 4.52226 4.52773 4.53675 4.5465 4.55629 4.56454 4.57341 4.58266 4.59299 4.604 4.61634 4.62833 4.64089 4.65399 4.66643 4.68167 4.69627 4.71118 4.72651 4.74278 4.75821 4.77443 4.79092 4.80762 4.82585 4.84189 4.85925 4.87671 4.89464 4.9123 4.9302 4.94805 4.9659 4.98365 5.00142 5.019 5.03656 5.05427 5.07166 5.08894 5.10603 5.12302 5.13969 5.15617 5.17246 5.18838 5.20376 5.2191 5.23478 5.24995 5.2637 5.27987 5.29344 5.30781 5.32444 5.33568 
1.5 1.5 1.5 1.5 1.5 1.5 1.5 1.5 1.5 1.5 1.51048 2.30431 2.38602 2.46799 2.54959 2.63129 2.71275 2.79481 2.87597 2.95762 3.03937 3.12068 3.19944 4.51861 4.5217 4.52945 4.53572 4.54567 4.55647 4.56583 4.5756 4.58517 4.59473 4.60472 4.61521 4.62678 4.63866 4.65094 4.66365 4.67563 4.68976 4.70334 4.71704 4.73128 4.74626 4.76078 4.7754 4.79081 4.80605 4.8225 4.83738 4.85334 4.86933 4.88571 4.90185 4.91815 4.9346 4.95082 4.96709 4.98324 4.99939 5.01526 5.03141 5.04741 5.06348 5.07914 5.09492 5.11028 5.12553 5.14057 5.15541 5.16954 5.18421 5.1993 5.21329 5.22622 5.24196 5.25432 5.26799 5.28335 5.29495 
1.5 1.5 1.5 1.5 1.5 1.5 1.5 1.5 1.5 1.5 1.51063 2.30488 2.38664 2.46852 2.55036 2.63216 2.7139 2.79605 2.87762 2.95946 3.0412 3.12308 3.20387 4.53223 4.53771 4.54451 4.55263 4.56459 4.57465 4.58493 4.59445 4.60401 4.61386 4.62401 4.6347 4.64577 4.65728 4.66908 4.68096 4.69254 4.70561 4.71827 4.73112 4.74436 4.758 4.77159 4.78523 4.79922 4.81326 4.8281 4.84217 4.8568 4.87174 4.88647 4.90119 4.91616 4.93112 4.94594 4.96084 4.97572 4.99056 5.00538 5.02023 5.03506 5.04975 5.06417 5.07869 5.09325 5.10691 5.12094 5.13487 5.14855 5.16233 5.17638 5.18945 5.20188 5.21679 5.22911 5.24138 5.25678 5.26736 
1.5 1.5 1.5 1.5 1.5 1.5 1.5 1.5 1.5 1.5 1.51061 2.30496 2.38672 2.46869 2.55065 2.63255 2.7146 2.79673 2.87849 2.96062 3.04289 3.12462 3.20654 3.28797 3.36995 4.53376 4.54353 4.55324 4.56429 4.57465 4.5847 4.59476 4.60483 4.61505 4.62545 4.63591 4.64691 4.65808 4.6695 4.68058 4.6926 4.70457 4.71649 4.72893 4.74135 4.75414 4.76679 4.77969 4.79299 4.80616 4.81923 4.83278 4.84623 4.86001 4.87372 4.88739 4.9012 4.91487 4.92846 4.9421 4.95584 4.96947 4.98319 4.99696 5.01051 5.0239 5.03731 5.05056 5.06369 5.07677 5.08978 5.10276 5.1158 5.12927 5.1413 5.15328 5.16738 5.17981 5.19132 5.20543 5.21642 
1.5 1.5 1.5 1.5 1.5 1.5 1.5 1.5 1.5 1.5 1.51044 2.30482 2.3866 2.46851 2.55049 2.63237 2.7144 2.79645 2.87848 2.96046 3.04267 3.12491 3.20721 3.2891 3.37108 3.45202 4.53764 4.54775 4.55911 4.56953 4.57994 4.59042 4.60085 4.61123 4.62182 4.63218 4.64293 4.65388 4.66484 4.67615 4.68714 4.69852 4.7099 4.7216 4.73318 4.7453 4.75717 4.76926 4.78128 4.79353 4.80602 4.81849 4.83096 4.8437 4.85636 4.86903 4.88184 4.89451 4.90719 4.9198 4.9326 4.94562 4.95808 4.97087 4.98351 4.99597 5.00847 5.02093 5.03333 5.0456 5.05792 5.07032 5.08282 5.09531 5.107 5.11897 5.13201 5.14376 5.15548 5.16838 5.17935 
1.5 1.5 1.5 1.5 1.5 1.5 1.5 1.5 1.5 1.5 1.51047 2.30478 2.38655 2.46844 2.55026 2.63226 2.71432 2.79638 2.87838 2.96048 3.04246 3.12462 3.20671 3.28864 4.54141 4.55231 4.56283 4.57363 4.58471 4.59545 4.60631 4.61701 4.6276 4.63813 4.64905 4.65933 4.67011 4.6808 4.69167 4.70301 4.71355 4.72459 4.73569 4.7468 4.75775 4.76939 4.78062 4.79208 4.8036 4.8149 4.82674 4.83844 4.85013 4.862 4.8738 4.88569 4.89749 4.90937 4.92117 4.93309 4.945 4.95696 4.96891 4.98081 4.99271 5.00451 5.01642 5.02813 5.0399 5.05167 5.06347 5.07547 5.08725 5.09917 5.11071 5.12261 5.13479 5.14598 5.15795 5.17004 5.18078 
1.5 1.5 1.5 1.5 1.5 1.5 1.5 1.5 1.5 1.5 1.51043 2.3043 2.38593 2.46773 2.54954 2.63144 2.71321 2.79531 2.87721 2.95919 3.04115 3.12313 3.20534 4.53881 4.54971 4.56089 4.57204 4.58305 4.59422 4.60532 4.61629 4.6272 4.63797 4.64875 4.65998 4.67045 4.68117 4.69181 4.7025 4.71355 4.72397 4.73484 4.74554 4.75637 4.76677 4.77803 4.78899 4.79996 4.81087 4.82142 4.83286 4.84386 4.85479 4.86592 4.87729 4.88817 4.89936 4.91045 4.92167 4.93291 4.94418 4.95551 4.96676 4.97805 4.9893 5.00058 5.01188 5.02312 5.03456 5.04588 5.05736 5.06897 5.08045 5.09172 5.10344 5.11526 5.12653 5.13764 5.14978 5.16148 5.1723 
1.5 1.5 1.5 1.5 1.5 1.5 1.5 1.5 1.5 1.5 1.51005 2.30328 2.38484 2.4665 2.54821 2.62994 2.71171 2.79375 2.87553 2.95756 3.03939 3.12124 3.20321 3.28519 3.36724 4.53099 4.5425 4.55358 4.56501 4.5761 4.58726 4.59828 4.60917 4.62009 4.63138 4.64177 4.65249 4.66317 4.67379 4.68483 4.69508 4.70563 4.7162 4.72675 4.73678 4.74773 4.75822 4.76875 4.77915 4.7893 4.8003 4.81088 4.82155 4.83194 4.84247 4.85317 4.86374 4.87431 4.88499 4.89569 4.90649 4.91726 4.92814 4.93889 4.94975 4.96065 4.97164 4.98262 4.99374 5.00476 5.01597 5.02729 5.03853 5.0498 5.0614 5.07288 5.08399 5.09526 5.10741 5.11813 5.12996 
1.5 1.5 1.5 1.5 1.5 1.5 1.5 1.5 1.5 1.5 1.50951 2.30219 2.38366 2.46515 2.54672 2.62829 2.70999 2.79177 2.8735 2.95527 3.03718 3.11879 3.20071 3.2825 3.36443 3.44652 4.523 4.53437 4.54566 4.55742 4.56817 4.57928 4.59027 4.6013 4.61254 4.62302 4.63377 4.64435 4.6549 4.66579 4.67582 4.68621 4.69669 4.70693 4.71678 4.72745 4.73768 4.74802 4.75817 4.76781 4.77853 4.78862 4.79876 4.80895 4.81908 4.82936 4.8396 4.84996 4.86023 4.87058 4.88102 4.8915 4.90193 4.91244 4.92307 4.93374 4.9445 4.95527 4.96618 4.97707 4.98807 4.99925 5.01036 5.02152 5.03306 5.04449 5.05555 5.0667 5.07898 5.08883 5.10121 
1.5 1.5 1.5 1.5 1.5 1.5 1.5 1.5 1.5 1.5 1.50885 2.30053 2.38195 2.46345 2.54479 2.62644 2.70792 2.78957 2.87124 2.95278 3.03451 3.11608 3.19774 3.27951 3.36113 3.44313 4.51435 4.52579 4.53727 4.54848 4.55974 4.57079 4.58186 4.59286 4.60414 4.6145 4.62523 4.63582 4.64641 4.65725 4.66717 4.67745 4.68771 4.69792 4.70747 4.71805 4.728 4.73802 4.74797 4.75744 4.7679 4.77776 4.78767 4.79761 4.80748 4.81749 4.82746 4.83754 4.84761 4.85767 4.86791 4.87813 4.88834 4.89866 4.90912 4.9197 4.93026 4.94095 4.95176 4.96255 4.97337 4.98447 4.99553 5.00679 5.01818 5.02947 5.04068 5.05183 5.06397 5.0737 5.08649 
1.5 1.5 1.5 1.5 1.5 1.5 1.5 1.5 1.5 1.5 1.50826 2.29906 2.38034 2.46158 2.54297 2.6243 2.70567 2.78721 2.86858 2.9502 3.0317 3.11312 3.19456 3.27614 3.35762 3.43921 3.52072 4.50435 4.51592 4.52706 4.53826 4.54926 4.56029 4.57134 4.58257 4.5929 4.6036 4.61408 4.62464 4.63552 4.64535 4.65548 4.66568 4.67574 4.68525 4.69564 4.70559 4.71539 4.72524 4.73451 4.74475 4.7546 4.7643 4.77412 4.78384 4.79375 4.80359 4.81343 4.82336 4.83337 4.84346 4.85354 4.86371 4.874 4.88441 4.89483 4.90535 4.91599 4.92673 4.93747 4.94834 4.9594 4.97036 4.98159 4.9931 5.00419 5.01547 5.02671 5.03867 5.04884 5.0616 
1.5 1.5 1.5 1.5 1.5 1.5 1.5 1.5 1.5 1.5 1.50758 2.29747 2.37857 2.45975 2.54097 2.62227 2.70353 2.78475 2.8661 2.94752 3.02878 3.11013 3.19141 3.27272 3.35412 3.43569 3.51669 4.49449 4.50611 4.51761 4.52841 4.53955 4.55049 4.56145 4.57258 4.58292 4.59354 4.60402 4.61448 4.62524 4.63496 4.64509 4.65518 4.66514 4.67466 4.68494 4.69476 4.70453 4.71428 4.72343 4.73376 4.7434 4.75307 4.7629 4.77255 4.7824 4.79213 4.80204 4.81185 4.82183 4.83181 4.84188 4.85205 4.86234 4.87264 4.88313 4.89362 4.90424 4.91494 4.92565 4.93649 4.94754 4.95851 4.96985 4.98118 4.99211 5.00367 5.01478 5.02663 5.0372 5.04956 
1.5 1.5 1.5 1.5 1.5 1.5 1.5 1.5 1.5 1.5 1.50677 2.29557 2.37671 2.45771 2.53879 2.61985 2.70096 2.78218 2.86331 2.94455 3.02579 3.10695 3.188 3.26924 3.35044 4.48622 4.49771 4.50885 4.52031 4.53139 4.54242 4.55343 4.56437 4.57519 4.58632 4.59661 4.60719 4.61765 4.62806 4.6387 4.64849 4.65849 4.66855 4.67849 4.68797 4.69813 4.70792 4.71767 4.72739 4.73652 4.74664 4.75637 4.76607 4.77575 4.7855 4.79525 4.80497 4.81478 4.82467 4.83466 4.84463 4.85471 4.86488 4.87517 4.88547 4.89595 4.90644 4.91705 4.92774 4.93854 4.94937 4.96042 4.97139 4.98271 4.9939 5.00502 5.01642 5.02776 5.03914 5.05048 5.06198 
1.5 1.5 1.5 1.5 1.5 1.5 1.5 1.5 1.5 1.5 1.50596 2.29386 2.3748 2.45566 2.53663 2.61753 2.69854 2.77967 2.86057 2.9416 3.02263 3.10366 3.18461 3.26566 3.34661 3.42765 4.47532 4.48655 4.49791 4.50909 4.52004 4.5311 4.54197 4.55273 4.5639 4.57416 4.58471 4.59514 4.60561 4.61632 4.62605 4.63621 4.64624 4.65614 4.66568 4.67592 4.68579 4.69553 4.70535 4.71455 4.72478 4.7346 4.74429 4.75407 4.76383 4.77367 4.78349 4.79341 4.80341 4.8134 4.82349 4.83358 4.84388 4.85417 4.86447 4.87495 4.88555 4.89615 4.90685 4.91766 4.92858 4.93954 4.95062 4.96171 4.97298 4.98423 4.99555 5.00679 5.01791 5.02978 5.04056 
1.5 1.5 1.5 1.5 1.5 1.5 1.5 1.5 1.5 1.5 1.50516 2.29185 2.37276 2.45343 2.53425 2.61514 2.69598 2.77684 2.85761 2.93854 3.01935 3.10015 3.18099 3.26184 3.34263 3.42335 3.50409 3.58508 4.46379 4.47504 4.48594 4.49692 4.50772 4.51852 4.52947 4.53993 4.55053 4.5611 4.57155 4.58245 4.59224 4.60249 4.61259 4.62267 4.63237 4.6427 4.65266 4.66249 4.67249 4.68178 4.69211 4.70204 4.71194 4.72182 4.73168 4.74163 4.75166 4.76168 4.77169 4.7818 4.792 4.8022 4.8125 4.8229 4.8333 4.84379 4.8544 4.86511 4.87581 4.88663 4.89745 4.90842 4.9196 4.93057 4.94174 4.95302 4.96434 4.97562 4.9865 4.99863 5.00909 
1.5 1.5 1.5 1.5 1.5 1.5 1.5 1.5 1.5 1.5 1.50438 2.29014 2.37073 2.45135 2.53218 2.61276 2.69358 2.77424 2.85494 2.93567 3.0164 3.09702 3.17772 3.25833 3.33902 3.41962 3.50017 3.58064 3.66165 4.45324 4.46431 4.47524 4.48617 4.49691 4.50811 4.5185 4.52914 4.53976 4.55025 4.56113 4.57105 4.58135 4.59162 4.60176 4.61154 4.62207 4.63212 4.64215 4.65226 4.66184 4.67228 4.68231 4.69231 4.7023 4.71237 4.72242 4.73257 4.7427 4.75282 4.76303 4.77334 4.78365 4.79406 4.80447 4.81487 4.82548 4.83609 4.8468 4.85751 4.86834 4.87926 4.89023 4.90131 4.91228 4.92345 4.93474 4.94596 4.95732 4.96806 4.98018 4.99055 
1.5 1.5 1.5 1.5 1.5 1.5 1.5 1.5 1.5 1.5 1.5036 2.28831 2.3689 2.44941 2.53 2.6105 2.69108 2.77169 2.85228 2.93279 3.01332 3.09384 3.17432 3.25492 3.33535 3.41575 3.49632 3.57658 4.44491 4.4561 4.46704 4.47799 4.48883 4.49959 4.5108 4.52121 4.53186 4.54251 4.55313 4.56405 4.57404 4.5845 4.59485 4.60517 4.61511 4.62564 4.63589 4.64611 4.65631 4.666 4.67655 4.68668 4.6969 4.707 4.71719 4.72746 4.73761 4.74786 4.75819 4.76852 4.77884 4.78926 4.79977 4.81018 4.82069 4.83131 4.84202 4.85274 4.86346 4.87429 4.88521 4.89608 4.90725 4.91822 4.9293 4.94059 4.9517 4.96315 4.97394 4.98581 4.99638 
1.5 1.5 1.5 1.5 1.5 1.5 1.5 1.5 1.5 1.5 1.50288 2.28661 2.36712 2.44741 2.52787 2.60829 2.68868 2.76922 2.84961 2.93011 3.0105 3.09079 3.17122 3.25166 3.33196 3.41231 3.49257 3.5728 4.4363 4.44734 4.4583 4.46926 4.48013 4.49092 4.50207 4.5126 4.52329 4.53406 4.54474 4.55542 4.56595 4.57648 4.58699 4.59739 4.60761 4.61824 4.62868 4.63902 4.64932 4.65943 4.66999 4.68034 4.69068 4.701 4.71131 4.7217 4.73208 4.74245 4.75291 4.76335 4.77379 4.78432 4.79485 4.80537 4.81599 4.82662 4.83734 4.84816 4.85889 4.86972 4.88055 4.89152 4.90269 4.91366 4.92464 4.93594 4.94702 4.95839 4.9692 4.98081 4.99174 
1.5 1.5 1.5 1.5 1.5 1.5 1.5 1.5 1.5 1.5 1.50218 2.28499 2.36541 2.44559 2.52598 2.60629 2.6866 2.76702 2.84721 2.92751 3.00782 3.08809 3.16831 3.24854 3.32876 3.40896 3.48914 3.56929 4.42783 4.43897 4.45008 4.46099 4.472 4.48292 4.49383 4.50468 4.5155 4.52632 4.53705 4.54806 4.55846 4.56916 4.57985 4.59043 4.60083 4.61166 4.62221 4.63275 4.64327 4.65349 4.66426 4.67474 4.6852 4.69574 4.70618 4.71669 4.7273 4.73779 4.74838 4.75895 4.76951 4.78017 4.79072 4.80146 4.8121 4.82283 4.83357 4.84441 4.85525 4.86609 4.87692 4.8879 4.89907 4.91005 4.92104 4.93224 4.94332 4.9546 4.96562 4.97689 4.98819 
1.5 1.5 1.5 1.5 1.5 1.5 1.5 1.5 1.5 1.5 1.50152 2.2835 2.3637 2.44379 2.52409 2.6043 2.6844 2.76469 2.84487 2.92508 3.00519 3.08541 3.16549 3.24557 3.32579 3.40578 3.4858 3.56573 4.42059 4.43167 4.44273 4.45367 4.46472 4.47568 4.48682 4.49749 4.50846 4.51933 4.53019 4.54094 4.55183 4.5626 4.57347 4.58423 4.59481 4.60564 4.61638 4.62711 4.63774 4.64827 4.65916 4.66985 4.68043 4.6911 4.70176 4.71241 4.72314 4.73377 4.74448 4.75519 4.76588 4.77656 4.78734 4.79811 4.80888 4.81975 4.83051 4.84137 4.85223 4.86319 4.87415 4.88513 4.89622 4.90732 4.91832 4.92942 4.94051 4.95181 4.96293 4.97399 4.98556 
1.5 1.5 1.5 1.5 1.5 1.5 1.5 1.5 1.5 1.5 1.50093 2.28198 2.36217 2.44228 2.52238 2.60248 2.68246 2.76266 2.84277 2.92277 3.00287 3.083 3.163 3.24299 3.32299 3.40297 3.48289 3.56277 3.64271 4.41322 4.42433 4.43533 4.44643 4.45754 4.46875 4.47957 4.49059 4.50162 4.51254 4.52344 4.5344 4.54534 4.55628 4.56721 4.57796 4.58898 4.59981 4.61063 4.62156 4.63218 4.64319 4.65399 4.66479 4.67558 4.68636 4.69723 4.70799 4.71885 4.7296 4.74043 4.75126 4.76208 4.7729 4.78381 4.79472 4.80562 4.81652 4.82751 4.83851 4.8494 4.86049 4.8716 4.88262 4.89384 4.90496 4.91608 4.92719 4.93842 4.94964 4.96072 4.97234 
1.5 1.5 1.5 1.5 1.5 1.5 1.5 1.5 1.5 1.5 1.5003 2.28071 2.36071 2.44072 2.5208 2.60071 2.6807 2.76081 2.84083 2.92073 3.0007 3.08068 3.1606 3.24051 3.32052 3.40042 3.48017 3.56005 3.63986 3.71978 3.79945 4.4066 4.41768 4.42876 4.44004 4.45093 4.46201 4.4731 4.48419 4.49539 4.50638 4.51737 4.52848 4.53949 4.5504 4.56151 4.57253 4.58354 4.59445 4.60527 4.61638 4.62728 4.63819 4.64919 4.66009 4.67108 4.68197 4.69295 4.70383 4.7148 4.72566 4.73662 4.74768 4.75863 4.76968 4.78062 4.79166 4.8027 4.81374 4.82488 4.83591 4.84716 4.8582 4.86955 4.8807 4.89185 4.903 4.91425 4.9256 4.93671 4.94818 
1.5 1.5 1.5 1.5 1.5 1.5 1.5 1.5 1.5 1.5 1.49979 2.27953 2.35953 2.43943 2.51943 2.59933 2.67936 2.75927 2.83916 2.91905 2.99893 3.0788 3.15859 3.2385 3.31831 3.3981 3.47793 3.55766 3.63743 3.7174 3.79686 4.4014 4.41267 4.42394 4.43521 4.44626 4.45753 4.4687 4.47986 4.49103 4.50211 4.51328 4.52435 4.53554 4.54652 4.55772 4.56882 4.57992 4.59102 4.60203 4.61324 4.62424 4.63535 4.64636 4.65747 4.66847 4.67948 4.69058 4.70159 4.71269 4.72368 4.73478 4.74577 4.75686 4.76795 4.77914 4.79022 4.8013 4.81248 4.82356 4.83474 4.84602 4.8572 4.86848 4.87977 4.89094 4.90212 4.91341 4.92478 4.93594 4.94734 
1.5 1.5 1.5 1.5 1.5 1.5 1.5 1.5 1.5 1.5 1.49934 2.27848 2.35837 2.43819 2.51808 2.598 2.67783 2.75773 2.83741 2.91729 2.99719 3.07701 3.1567 3.23647 3.31631 3.39607 3.4758 3.55559 3.63531 4.39758 4.40872 4.41996 4.43121 4.44247 4.45384 4.46498 4.47634 4.48759 4.49885 4.51011 4.52136 4.53262 4.54379 4.55506 4.56623 4.57752 4.5887 4.59989 4.61118 4.62228 4.63358 4.64469 4.6559 4.66711 4.67822 4.68944 4.70056 4.71167 4.72279 4.73392 4.74504 4.75626 4.76738 4.7785 4.78972 4.80084 4.81206 4.82318 4.8344 4.84561 4.85683 4.86804 4.87925 4.89056 4.90187 4.91308 4.92438 4.93559 4.94699 4.95819 4.96942 
1.5 1.5 1.5 1.5 1.5 1.5 1.5 1.5 1.5 1.5 1.4991 2.27777 2.35756 2.43747 2.51728 2.59707 2.67687 2.75666 2.83636 2.91626 2.99596 3.07578 3.15547 3.23515 3.31493 3.39454 3.47434 3.55394 3.63362 4.39412 4.40547 4.4167 4.42804 4.43938 4.45062 4.46206 4.4733 4.48465 4.49599 4.50735 4.5186 4.52996 4.54122 4.55258 4.56383 4.57521 4.58648 4.59776 4.60904 4.62032 4.63162 4.64292 4.65413 4.66544 4.67666 4.68788 4.6991 4.71033 4.72156 4.7327 4.74394 4.75518 4.76633 4.77757 4.78882 4.79997 4.81122 4.82246 4.83371 4.84496 4.85621 4.86744 4.87878 4.89012 4.90145 4.91268 4.92401 4.93535 4.94667 4.95801 4.96906 
1.5 1.5 1.5 1.5 1.5 1.5 1.5 1.5 1.5 1.5 1.49882 2.27721 2.35689 2.4367 2.5165 2.59619 2.67588 2.75578 2.83562 2.91524 2.99494 3.07471 3.15429 3.23409 3.31368 3.39338 3.47308 3.55268 3.63234 3.71198 4.39128 4.40273 4.41408 4.42542 4.43688 4.44821 4.45956 4.4709 4.48224 4.49359 4.50492 4.51637 4.52772 4.53908 4.55042 4.5618 4.57316 4.58453 4.59591 4.60728 4.61868 4.62998 4.64138 4.65269 4.664 4.67532 4.68665 4.69789 4.70923 4.72047 4.73172 4.74308 4.75434 4.7655 4.77677 4.78803 4.7993 4.81057 4.82184 4.83312 4.84439 4.85564 4.867 4.87825 4.8896 4.90096 4.91221 4.92356 4.93491 4.94618 4.95724 
1.5 1.5 1.5 1.5 1.5 1.5 1.5 1.5 1.5 1.5 1.49851 2.27652 2.35641 2.43602 2.51571 2.59551 2.6753 2.75492 2.83466 2.9144 2.99409 3.07375 3.15343 3.23303 3.31273 3.39233 3.47203 3.55157 3.63133 3.71095 3.79036 4.38914 4.40051 4.41198 4.42345 4.4348 4.44625 4.4576 4.46905 4.48051 4.49185 4.50329 4.51464 4.52609 4.53754 4.54891 4.56038 4.57175 4.58323 4.5946 4.606 4.6175 4.6289 4.6403 4.65172 4.66314 4.67457 4.6859 4.69724 4.70869 4.72004 4.7313 4.74266 4.75393 4.7652 4.77647 4.78775 4.79902 4.8102 4.82148 4.83266 4.84392 4.85518 4.86644 4.8778 4.88895 4.90031 4.91157 4.92273 4.93381 4.94498 
1.5 1.5 1.5 1.5 1.5 1.5 1.5 1.5 1.5 1.5 1.4983 2.276 2.35571 2.4353 2.51501 2.59471 2.67441 2.75411 2.83372 2.91333 2.99303 3.07252 3.15221 3.23181 3.3114 3.39101 3.47061 3.55007 3.62958 3.70912 3.78864 3.8682 4.38558 4.39706 4.40845 4.42002 4.43149 4.44296 4.45443 4.46591 4.47748 4.48905 4.50062 4.51219 4.52376 4.53535 4.54693 4.55851 4.5701 4.58179 4.59339 4.60499 4.61659 4.6281 4.63971 4.65123 4.66275 4.67428 4.68571 4.69714 4.70858 4.71992 4.73127 4.74262 4.75387 4.76522 4.77637 4.78762 4.79878 4.80993 4.82109 4.83223 4.84357 4.85461 4.86585 4.8771 4.88834 4.89948 4.91052 4.92137 4.93252 
