5
s 30 2 18
r 20 0.01 0 4.65796 0.05
r 40 0.01 0 4.77058 0.05
r 46 0.01 0 6.15517 0.05
r 50 0.01 0 7.12302 0.05
r 52 0.01 0 7.67294 0.05
r 54 0.01 0 8.08710 0.05
r 56 0.01 0 8.61541 0.05
r 58 0.01 0 9.06409 0.05
r 62 0.01 0 10.00824 0.05
r 64 0.01 0 10.42324 0.05
r 66 0.01 0 10.89559 0.05
r 68 0.01 0 11.28968 0.05
r 70 0.01 0 11.77947 0.05
r 72 0.01 0 12.20263 0.05
r 74 0.01 0 12.62359 0.05
r 76 0.01 0 13.05622 0.05
r 78 0.01 0 13.50188 0.05
r 80 0.01 0 13.89023 0.05
s 40 2 18
r 24 0.01 0 6.04301 0.05
r 28 0.01 0 5.29489 0.05
r 30 0.01 0 4.76651 0.05
r 52 0.01 0 5.33466 0.05
r 54 0.01 0 5.83386 0.05
r 56 0.01 0 6.39006 0.05
r 58 0.01 0 6.90109 0.05
r 60 0.01 0 7.24628 0.05
r 62 0.01 0 7.72219 0.05
r 64 0.01 0 8.29057 0.05
r 66 0.01 0 8.72962 0.05
r 68 0.01 0 9.19955 0.05
r 70 0.01 0 9.67506 0.05
r 72 0.01 0 10.10224 0.05
r 74 0.01 0 10.51464 0.05
r 76 0.01 0 11.02677 0.05
r 78 0.01 0 11.42302 0.05
r 80 0.01 0 11.84456 0.05
s 50 2 13
r 20 0.01 0 9.35598 0.05
r 22 0.01 0 8.87713 0.05
r 24 0.01 0 8.39992 0.05
r 28 0.01 0 7.59046 0.05
r 30 0.01 0 7.18202 0.05
r 66 0.01 0 6.42541 0.05
r 68 0.01 0 6.93863 0.05
r 70 0.01 0 7.44815 0.05
r 72 0.01 0 7.84596 0.05
r 74 0.01 0 8.41338 0.05
r 76 0.01 0 8.76291 0.05
r 78 0.01 0 9.30170 0.05
r 80 0.01 0 9.81443 0.05
s 60 2 12
r 20 0.01 0 11.58080 0.05
r 22 0.01 0 11.14178 0.05
r 24 0.01 0 10.75523 0.05
r 26 0.01 0 10.43138 0.05
r 28 0.01 0 9.97534 0.05
r 30 0.01 0 9.48915 0.05
r 32 0.01 0 9.01951 0.05
r 34 0.01 0 8.60812 0.05
r 36 0.01 0 8.20962 0.05
r 38 0.01 0 7.75244 0.05
r 40 0.01 0 7.25892 0.05
r 80 0.01 0 7.50981 0.05
s 70 2 16
r 20 0.01 0 13.67564 0.05
r 22 0.01 0 13.29943 0.05
r 24 0.01 0 12.93139 0.05
r 28 0.01 0 12.13316 0.05
r 30 0.01 0 11.74087 0.05
r 32 0.01 0 11.37720 0.05
r 34 0.01 0 10.89004 0.05
r 36 0.01 0 10.48802 0.05
r 38 0.01 0 10.13076 0.05
r 40 0.01 0 9.65144 0.05
r 42 0.01 0 9.24660 0.05
r 44 0.01 0 8.65435 0.05
r 46 0.01 0 8.31714 0.05
r 48 0.01 0 7.78995 0.05
r 50 0.01 0 7.44889 0.05
r 54 0.01 0 6.71094 0.05
