76 81 1.5 0.33
0 2 4 6 8 10 12 14 16 18 20 22 24 26 28 30 32 34 36 38 40 42 44 46 48 50 52 54 56 58 60 62 64 66 68 70 72 74 76 78 80 82 84 86 88 90 92 94 96 98 100 102 104 106 108 110 112 114 116 118 120 122 124 126 128 130 132 134 136 138 140 142 144 146 148 150 
0 0 0 0 0 0 0 0 0 0 0 0 0 0 0 0 0 0 0 0 0 0 0 0 0 0 0 0 0 0 0 0 0 0 0 0 0 0 0 0 0 0 0 0 0 0 0 0 0 0 0 0 0 0 0 0 0 0 0 0 0 0 0 0 0 0 0 0 0 0 0 0 0 0 0 0 
0 0.2 0.4 0.6 0.8 1 1.2 1.4 1.6 1.8 2 2.2 2.4 2.6 2.8 3 3.2 3.4 3.6 3.8 4 4.2 4.4 4.6 4.8 5 5.2 5.4 5.6 5.8 6 6.2 6.4 6.6 6.8 7 7.2 7.4 7.6 7.8 8 8.2 8.4 8.6 8.8 9 9.2 9.4 9.6 9.8 10 10.2 10.4 10.6 10.8 11 11.2 11.4 11.6 11.8 12 12.2 12.4 12.6 12.8 13 13.2 13.4 13.6 13.8 14 14.2 14.4 14.6 14.8 15 15.2 15.4 15.6 15.8 16 
1.5 1.5 1.5 1.5 1.5 1.5 1.5 1.5 1.5 1.5 1.5 0.9808 3.67791 3.69692 3.71306 3.73165 3.7506 3.77066 3.79056 3.8088 3.83025 3.85111 3.87338 3.89223 3.9132 3.93619 3.95759 3.98011 3.99941 4.02224 4.04384 4.06529 4.0878 4.10673 4.12946 4.15181 4.17174 4.19413 4.21309 4.23527 4.25688 4.27564 4.2979 4.31655 4.33805 4.35764 4.37597 4.39584 4.41381 4.43273 4.45009 4.81752 4.82343 4.82884 4.8338 4.83871 4.84381 4.84769 4.85277 4.85623 4.86099 4.86567 4.86932 4.87442 4.87816 4.88313 4.888 4.8922 4.89753 4.90192 4.90721 4.91245 4.9173 4.92283 4.92786 4.93346 4.93895 4.94436 4.95004 4.95552 4.96136 
1.5 1.5 1.5 1.5 1.5 1.5 1.5 1.5 1.5 1.5 1.5 1.0289 1.0173 3.65888 3.66568 3.68929 3.71201 3.73328 3.75408 3.77488 3.79782 3.82178 3.84542 3.8677 3.89225 3.91744 3.94041 3.96615 3.98675 4.00982 4.03283 4.05455 4.07804 4.0978 4.12037 4.14215 4.16173 4.18336 4.20216 4.22321 4.24357 4.26235 4.28248 4.30165 4.32252 4.34215 4.36072 4.38166 4.40007 4.42053 4.43934 4.8064 4.81468 4.82137 4.82822 4.83405 4.84029 4.8458 4.85133 4.85591 4.86085 4.86582 4.86999 4.87507 4.87909 4.88397 4.88901 4.89324 4.89864 4.90311 4.90851 4.91375 4.91877 4.92438 4.92937 4.935 4.94051 4.94592 4.95153 4.95661 4.96206 
1.5 1.5 1.5 1.5 1.5 1.5 1.5 1.5 1.5 1.5 1.5 1.053 1.0655 1.078 3.60318 3.61213 3.62861 3.65433 3.67779 3.69837 3.72589 3.75599 3.78464 3.81022 3.83878 3.8703 3.89987 3.92598 3.95119 3.98098 4.00468 4.0293 4.05476 4.075 4.09812 4.11972 4.13913 4.1596 4.17909 4.19984 4.2195 4.23766 4.25808 4.27613 4.29599 4.31478 4.3329 4.3523 4.37044 4.39007 4.40873 4.42722 4.79332 4.80016 4.80913 4.81637 4.8239 4.83215 4.83872 4.84596 4.85193 4.85811 4.86404 4.86957 4.87472 4.87976 4.88515 4.88966 4.89507 4.89957 4.90472 4.90988 4.91461 4.92012 4.9251 4.93061 4.93606 4.94146 4.94722 4.9529 4.958 
1.5 1.5 1.5 1.5 1.5 1.5 1.5 1.5 1.5 1.5 1.5 1.053 1.0655 1.078 3.58691 3.60296 3.62161 3.63884 3.65707 3.67221 3.69471 3.71801 3.74736 3.76993 3.79875 3.83106 3.86191 3.89311 3.91721 3.94878 3.97689 4.00349 4.03155 4.05301 4.08147 4.10572 4.12602 4.15034 4.16905 4.19088 4.20954 4.22727 4.24646 4.2639 4.28262 4.30103 4.31889 4.33816 4.35622 4.37595 4.39446 4.41317 4.77727 4.78404 4.7934 4.80145 4.80896 4.81921 4.82642 4.83668 4.84385 4.85216 4.86054 4.8675 4.87448 4.88056 4.8864 4.8922 4.89743 4.90232 4.9072 4.91239 4.9169 4.9222 4.92721 4.9326 4.93813 4.94333 4.94929 4.95546 4.96155 
1.5 1.5 1.5 1.5 1.5 1.5 1.5 1.5 1.5 1.5 1.5 1.053 1.0655 1.078 3.58525 3.60158 3.61781 3.63648 3.65379 3.67036 3.68809 3.70785 3.73342 3.75732 3.77955 3.8112 3.83914 3.87372 3.90107 3.93352 3.96354 3.99202 4.01901 4.03903 4.06424 4.08814 4.10706 4.12827 4.14879 4.17023 4.19148 4.21096 4.23269 4.25074 4.27052 4.28867 4.30625 4.32457 4.34217 4.361 4.37937 4.39736 4.7582 4.76543 4.77485 4.78264 4.79053 4.80055 4.80763 4.8177 4.82567 4.83341 4.84382 4.85113 4.86143 4.86909 4.87728 4.88659 4.89349 4.90167 4.9079 4.91459 4.92085 4.92657 4.93217 4.93761 4.94306 4.94785 4.95334 4.9589 4.96531 
1.5 1.5 1.5 1.5 1.5 1.5 1.5 1.5 1.5 1.5 1.5 1.0289 1.0173 3.58766 3.60434 3.62085 3.63655 3.65227 3.66821 3.68394 3.70023 3.71766 3.73606 3.75369 3.77579 3.79938 3.82786 3.8578 3.87988 3.91447 3.94898 3.98252 4.01668 4.04249 4.07738 4.10385 4.12411 4.14691 4.16267 4.17966 4.19443 4.20886 4.22291 4.23718 4.2528 4.27083 4.28833 4.30689 4.3246 4.34368 4.36164 4.37944 4.73768 4.7442 4.75326 4.76116 4.7686 4.77893 4.78678 4.79808 4.80697 4.81597 4.82826 4.83594 4.84809 4.85665 4.8654 4.87688 4.88467 4.89552 4.90339 4.91171 4.92125 4.92806 4.93583 4.94193 4.94843 4.95529 4.9604 4.96503 4.97069 
1.5 1.5 1.5 1.5 1.5 1.5 1.5 1.5 1.5 1.5 1.5 1.0289 1.0173 3.58261 3.59464 3.61404 3.63184 3.64943 3.66564 3.68183 3.69997 3.71635 3.73493 3.75158 3.76594 3.79215 3.81043 3.83549 3.86258 3.88739 3.91944 3.95046 3.9874 4.02047 4.05639 4.08745 4.12279 4.14936 4.17818 4.2075 4.21919 4.23644 4.24454 4.25679 4.26257 4.27039 4.27945 4.28625 4.30067 4.31367 4.33163 4.34829 4.70139 4.71006 4.72246 4.73113 4.74068 4.75393 4.76186 4.77564 4.78558 4.79483 4.80905 4.81807 4.83284 4.84279 4.85339 4.86754 4.87572 4.88868 4.89726 4.90609 4.91779 4.92543 4.93588 4.94322 4.95131 4.96094 4.96789 4.97529 4.98094 
1.5 1.5 1.5 1.5 1.5 1.5 1.5 1.5 1.5 1.5 1.5 1.0675 1.0944 1.1214 1.1484 3.57324 3.58862 3.60546 3.62495 3.64309 3.65991 3.67869 3.69778 3.71649 3.73168 3.75194 3.77849 3.80029 3.81688 3.84626 3.87559 3.90692 3.94177 3.9716 4.01237 4.05223 4.08225 4.12149 4.14769 4.18589 4.21299 4.23663 4.25808 4.27428 4.28021 4.28539 4.29511 4.29506 4.30294 4.30338 4.31902 4.33023 4.67202 4.67259 4.68347 4.69641 4.70658 4.72256 4.73308 4.75113 4.76232 4.7743 4.79222 4.80136 4.8182 4.82918 4.83999 4.85644 4.86606 4.88193 4.89161 4.90224 4.91611 4.92413 4.9368 4.94457 4.95315 4.96333 4.97156 4.98309 4.98994 
1.5 1.5 1.5 1.5 1.5 1.5 1.5 1.5 1.5 1.5 1.5 1.0771 1.1136 1.1503 1.1869 1.2235 3.56476 3.58176 3.5943 3.61378 3.63418 3.65224 3.67092 3.68885 3.70695 3.72777 3.75353 3.77701 3.79676 3.82093 3.85279 3.87854 3.90916 3.93682 3.9732 4.01108 4.04099 4.07927 4.10596 4.14367 4.17527 4.19855 4.22616 4.24817 4.26926 4.2851 4.29583 4.29172 4.29926 4.29762 4.30273 4.30529 4.63738 4.63514 4.64525 4.65281 4.65986 4.67943 4.69204 4.71733 4.7321 4.74724 4.77027 4.78213 4.80535 4.81795 4.83152 4.85051 4.86018 4.8773 4.88797 4.8992 4.91439 4.92304 4.93761 4.94579 4.95517 4.96511 4.9731 4.98616 4.9941 
1.5 1.5 1.5 1.5 1.5 1.5 1.5 1.5 1.5 1.5 1.5 1.0771 1.1136 1.1503 1.1869 1.2235 3.56107 3.5728 3.58715 3.59761 3.61717 3.6359 3.65138 3.66849 3.68171 3.69961 3.72535 3.75114 3.7729 3.79431 3.82783 3.85519 3.88627 3.91767 3.95164 3.98375 4.0097 4.04054 4.06333 4.09341 4.11789 4.14298 4.16979 4.19348 4.21509 4.23357 4.25399 4.26862 4.27651 4.27463 4.28466 4.29413 4.30296 4.65225 4.63396 4.65505 4.65844 4.66484 4.67612 4.6968 4.7107 4.72458 4.7471 4.76008 4.78371 4.79803 4.81317 4.83682 4.84803 4.86951 4.88077 4.89267 4.90845 4.9173 4.93223 4.9405 4.94982 4.95924 4.96655 4.97908 4.98823 
1.5 1.5 1.5 1.5 1.5 1.5 1.5 1.5 1.5 1.5 1.5 1.0675 1.0944 1.1214 1.1484 3.5498 3.57611 3.57626 3.58862 3.59933 3.61231 3.63089 3.6457 3.65952 3.67324 3.69422 3.71474 3.73494 3.7544 3.77909 3.8085 3.83853 3.87043 3.90091 3.93213 3.96416 3.99501 4.02438 4.04884 4.07381 4.09628 4.1175 4.13931 4.15833 4.17805 4.19321 4.21055 4.22723 4.25118 4.26247 4.26538 4.27514 4.31625 4.58036 4.59942 4.63436 4.64851 4.66196 4.66611 4.68335 4.70213 4.71765 4.73645 4.74632 4.77066 4.7878 4.80261 4.82524 4.83747 4.8602 4.87254 4.88653 4.90517 4.91424 4.92965 4.93889 4.94959 4.96237 4.97049 4.98352 4.99118 
1.5 1.5 1.5 1.5 1.5 1.5 1.5 1.5 1.5 1.5 1.5 1.0675 1.0944 1.1214 1.1484 3.56545 3.60574 3.59531 3.59323 3.59992 3.60607 3.61838 3.62192 3.62996 3.64313 3.65604 3.67097 3.69295 3.71395 3.74125 3.77193 3.79936 3.8339 3.85848 3.8942 3.9281 3.9544 3.98817 4.0129 4.04724 4.07346 4.08782 4.11993 4.14107 4.17603 4.2082 4.23398 4.27013 4.29401 4.32124 4.34991 4.3641 4.44682 4.66941 4.67287 4.69839 4.70714 4.70347 4.70938 4.7036 4.71833 4.73187 4.74178 4.74861 4.76215 4.77435 4.78812 4.81112 4.82405 4.84696 4.86092 4.87634 4.89818 4.90825 4.9276 4.93663 4.94729 4.9613 4.97009 4.98562 4.99312 
1.5 1.5 1.5 1.5 1.5 1.5 1.5 1.5 1.5 1.5 1.5 1.0675 1.0944 1.1214 1.1484 3.55802 3.57363 3.59447 3.58597 3.58413 3.58986 3.59807 3.60111 3.61381 3.62221 3.63335 3.64639 3.66906 3.68785 3.7098 3.73732 3.7617 3.79368 3.81287 3.84468 3.87895 3.91127 3.9519 3.97869 4.02457 4.06954 4.11219 4.16754 4.19625 4.2435 4.27791 4.31158 4.34496 4.36812 4.3815 4.39785 4.47663 4.40392 4.69293 4.69565 4.70852 4.71425 4.69494 4.70096 4.69845 4.70851 4.72479 4.73213 4.73923 4.75293 4.7647 4.77357 4.79411 4.80832 4.83164 4.84793 4.86371 4.88844 4.90072 4.92394 4.93482 4.94844 4.96432 4.97366 4.99074 5.00084 
1.5 1.5 1.5 1.5 1.5 1.5 1.5 1.5 1.5 1.5 1.5 1.0771 1.1136 1.1503 1.1869 1.2234 3.51486 3.53754 3.54884 3.53242 3.54029 3.55154 3.56116 3.57454 3.58733 3.60261 3.62516 3.64519 3.66351 3.68734 3.71683 3.74636 3.78506 3.81231 3.85508 3.90554 3.94105 3.99573 4.02813 4.0855 4.13849 4.18279 4.24843 4.2862 4.34509 4.38558 4.41182 4.43979 4.46155 4.47055 4.48247 4.61943 4.47108 4.76486 4.75324 4.75658 4.75505 4.71422 4.71479 4.70177 4.71193 4.71939 4.72216 4.72999 4.7413 4.75154 4.76165 4.7806 4.7893 4.81794 4.83564 4.85065 4.87835 4.89254 4.91945 4.93224 4.94683 4.96606 4.9762 4.99174 5.00908 
1.5 1.5 1.5 1.5 1.5 1.5 1.5 1.5 1.5 1.5 1.5 1.0891 1.1377 1.1862 1.2346 1.283 1.3317 1.3806 3.43481 3.42618 3.4575 3.48245 3.50775 3.52709 3.54942 3.57806 3.61249 3.64349 3.67166 3.70909 3.74588 3.7847 3.83139 3.86148 3.90904 3.95386 4.00044 4.0569 4.09062 4.14397 4.1882 4.23068 4.29431 4.32868 4.38041 4.4237 4.45374 4.46734 4.47634 4.46783 4.51242 4.49567 4.4468 4.73915 4.72154 4.72335 4.72614 4.69459 4.69188 4.68518 4.69915 4.70568 4.71014 4.71662 4.73027 4.74439 4.75453 4.77241 4.78226 4.80372 4.82464 4.843 4.87092 4.88496 4.91278 4.92798 4.94714 4.96892 4.97987 4.9942 5.01642 
1.5 1.5 1.5 1.5 1.5 1.5 1.5 1.5 1.5 1.5 1.5 1.0891 1.1373 1.1852 1.2324 1.2797 1.3283 1.3783 3.43686 3.44069 3.47004 3.50511 3.53532 3.56128 3.59222 3.62892 3.66231 3.70336 3.73169 3.77479 3.81159 3.84987 3.8928 3.9259 3.96718 4.00776 4.04781 4.09468 4.13271 4.18893 4.23695 4.27611 4.33472 4.36837 4.42629 4.46009 4.50081 4.53178 4.55193 4.53071 4.60944 4.53848 4.48584 4.79289 4.74231 4.73659 4.73472 4.69048 4.68857 4.68275 4.69034 4.69649 4.701 4.70751 4.72111 4.73378 4.74546 4.7658 4.77676 4.79904 4.81323 4.83577 4.86569 4.87892 4.90802 4.9229 4.94125 4.96558 4.97847 4.99581 5.02043 
1.5 1.5 1.5 1.5 1.5 1.5 1.5 1.5 1.5 1.5 1.5 1.0836 1.1258 1.1657 1.203 1.2409 1.2844 3.45599 3.4621 3.4809 3.50215 3.52475 3.55089 3.5709 3.60128 3.63908 3.67621 3.71885 3.74827 3.79207 3.83153 3.87233 3.91923 3.94927 3.99769 4.0371 4.07778 4.12166 4.15818 4.21118 4.25031 4.28987 4.34653 4.38247 4.43267 4.4552 4.48835 4.51513 4.5438 4.53648 4.59096 4.51402 4.46525 4.4506 4.69865 4.71348 4.70626 4.66971 4.67356 4.66161 4.66892 4.6755 4.68528 4.69447 4.70773 4.72071 4.73285 4.75748 4.76984 4.79202 4.80338 4.82203 4.85551 4.86941 4.89934 4.91149 4.93217 4.95717 4.96874 4.989 5.01806 
1.5 1.5 1.5 1.5 1.5 1.5 1.5 1.5 1.5 1.5 1.5 1.083 1.1225 1.155 1.1793 1.2058 1.2492 3.49479 3.51096 3.52597 3.55114 3.57882 3.60455 3.62564 3.65052 3.68368 3.71192 3.74163 3.76925 3.80506 3.83419 3.8632 3.89555 3.91861 3.95482 3.99802 4.03196 4.07464 4.10923 4.16382 4.20986 4.24821 4.30624 4.34205 4.39862 4.43572 4.46118 4.48417 4.50425 4.51585 4.58367 4.50625 4.45715 4.4515 4.68543 4.70909 4.71021 4.67551 4.67204 4.65899 4.66855 4.67702 4.68585 4.6949 4.71218 4.72361 4.736 4.75864 4.7699 4.79861 4.81182 4.81659 4.85204 4.86773 4.89662 4.91078 4.92521 4.95421 4.96381 4.97943 5.02322 
1.5 1.5 1.5 1.5 1.5 1.5 1.5 1.5 1.5 1.5 1.5 1.0817 1.1165 1.1354 1.1363 1.1418 1.1853 3.51221 3.53111 3.55118 3.57643 3.60209 3.63169 3.65498 3.68545 3.72239 3.75797 3.7931 3.81382 3.85567 3.88551 3.90922 3.93707 3.95379 3.98084 4.00266 4.02114 4.03953 4.06212 4.09465 4.1331 4.16356 4.21415 4.24642 4.30379 4.34041 4.38272 4.40451 4.41761 4.42618 4.51799 4.4483 4.4111 4.40985 4.66385 4.70337 4.70451 4.68135 4.68153 4.67495 4.67969 4.68952 4.69699 4.70475 4.72073 4.73517 4.74803 4.76858 4.77995 4.8027 4.81921 4.82677 4.85814 4.86977 4.89565 4.91056 4.92756 4.94859 4.96311 4.96034 5.02706 
1.5 1.5 1.5 1.5 1.5 1.5 1.5 1.5 1.5 1.5 1.5 1.0855 1.1202 1.1291 1.1087 1.0962 1.1449 1.2547 3.5374 3.54556 3.56931 3.59496 3.62376 3.64626 3.67241 3.70515 3.74153 3.77752 3.80519 3.85301 3.88201 3.90516 3.93533 3.95139 3.97953 4.00089 4.0201 4.04568 4.0673 4.08593 4.1047 4.12098 4.14729 4.16771 4.20012 4.22832 4.25202 4.29671 4.32511 4.33798 4.45725 4.38136 4.37212 4.37735 4.66104 4.71199 4.70879 4.68927 4.69584 4.69256 4.69827 4.70616 4.71436 4.72269 4.73483 4.74643 4.75665 4.7777 4.78986 4.81112 4.82444 4.83273 4.86824 4.87682 4.8987 4.91069 4.92726 4.94715 4.96157 4.95478 5.01898 
1.5 1.5 1.5 1.5 1.5 1.5 1.5 1.5 1.5 1.5 1.5 1.0889 1.1252 1.1312 1.1029 1.0837 1.1364 1.2609 1.3945 3.56033 3.57418 3.59889 3.6238 3.64842 3.66607 3.69194 3.72159 3.749 3.7779 3.80541 3.83405 3.86163 3.87558 3.89003 3.90993 3.93335 3.95253 3.97643 3.99727 4.03105 4.07267 4.10084 4.14018 4.16121 4.21285 4.25261 4.28292 4.31571 4.3467 4.38281 4.49223 4.4061 4.40218 4.41381 4.70712 4.75001 4.74367 4.71923 4.72417 4.71967 4.72089 4.72595 4.72631 4.73553 4.74392 4.75356 4.76248 4.77798 4.78885 4.81144 4.82202 4.83515 4.86353 4.879 4.90107 4.91125 4.92582 4.9458 4.95847 4.96836 5.00552 
1.5 1.5 1.5 1.5 1.5 1.5 1.5 1.5 1.5 1.5 1.5 1.0928 1.1347 1.1508 1.1376 1.1323 1.1882 1.3053 1.4301 1.5258 3.57491 3.58725 3.61282 3.6321 3.64716 3.66774 3.68712 3.71267 3.73107 3.74851 3.76477 3.78444 3.80561 3.81591 3.83287 3.85825 3.88421 3.91088 3.93374 3.97179 4.02722 4.06653 4.14489 4.19495 4.27838 4.33066 4.37287 4.44111 4.47773 4.50896 4.63174 4.52784 4.51897 4.50176 4.77491 4.78957 4.79079 4.74905 4.74872 4.72918 4.73208 4.73273 4.72991 4.73521 4.74191 4.75072 4.75923 4.77199 4.78083 4.80025 4.81154 4.83153 4.85753 4.87089 4.90025 4.91194 4.92651 4.94681 4.95716 4.97832 5.00004 
1.5 1.5 1.5 1.5 1.5 1.5 1.5 1.5 1.5 1.5 1.5 1.0909 1.1349 1.1629 1.173 1.1877 1.2404 1.331 1.4263 3.59606 3.61199 3.62202 3.6375 3.64664 3.66076 3.67352 3.681 3.68945 3.70126 3.70686 3.71635 3.72948 3.75547 3.76933 3.78478 3.82101 3.85608 3.89816 3.93167 3.98719 4.06262 4.09964 4.19342 4.24439 4.34324 4.42199 4.47195 4.53304 4.55845 4.58343 4.6347 4.80698 4.60858 4.6084 4.56737 4.80932 4.83422 4.7735 4.76685 4.7296 4.73065 4.71995 4.71513 4.71936 4.72688 4.73436 4.74231 4.75885 4.76554 4.77908 4.7991 4.81443 4.84133 4.85539 4.88595 4.90211 4.91785 4.942 4.9505 4.9731 4.99191 
1.5 1.5 1.5 1.5 1.5 1.5 1.5 1.5 1.5 1.5 1.5 1.0882 1.1329 1.1705 1.1999 1.2316 1.2802 1.3459 3.55261 3.55666 3.5765 3.59763 3.61861 3.63933 3.65241 3.6644 3.67261 3.68537 3.69941 3.71049 3.73504 3.75751 3.78998 3.80721 3.84222 3.88097 3.91597 3.95414 3.98813 4.04197 4.10027 4.13153 4.20422 4.2522 4.33268 4.40004 4.44647 4.5205 4.56707 4.61693 4.61826 4.82072 4.6074 4.60249 4.58671 4.80564 4.8118 4.74838 4.74561 4.70719 4.70537 4.69675 4.69273 4.69956 4.70861 4.71965 4.72894 4.74509 4.7535 4.77775 4.79257 4.80794 4.83557 4.84868 4.87815 4.89591 4.91458 4.94163 4.94953 4.97228 4.99192 
1.5 1.5 1.5 1.5 1.5 1.5 1.5 1.5 1.5 1.5 1.5 1.0928 1.1442 1.1932 1.2397 1.2868 1.3395 1.3977 1.4566 3.44639 3.44775 3.47481 3.51088 3.53287 3.56493 3.60328 3.6463 3.68992 3.71537 3.75845 3.79173 3.82734 3.85517 3.86985 3.89925 3.92548 3.94789 3.97574 3.99737 4.02868 4.07594 4.10516 4.15904 4.2011 4.27636 4.34958 4.40148 4.48011 4.52091 4.58454 4.59502 4.79315 4.59477 4.57394 4.55937 4.77225 4.77931 4.72584 4.71176 4.67771 4.67813 4.6668 4.66734 4.67796 4.69093 4.70439 4.71247 4.73545 4.74832 4.77223 4.78752 4.80223 4.83358 4.84661 4.87475 4.88991 4.91212 4.94038 4.94736 4.96769 4.98259 
1.5 1.5 1.5 1.5 1.5 1.5 1.5 1.5 1.5 1.5 1.5 1.0963 1.1518 1.2069 1.2613 1.3158 1.3717 1.4289 1.4862 1.5429 3.49073 3.50193 3.53226 3.55526 3.58136 3.60589 3.63756 3.67581 3.70567 3.73447 3.7601 3.78612 3.80702 3.82337 3.85066 3.87896 3.90567 3.93795 3.96336 4.00448 4.05163 4.07882 4.14354 4.18334 4.25317 4.31382 4.35393 4.42496 4.45767 4.50784 4.53558 4.68455 4.61604 4.55511 4.56735 4.75646 4.76341 4.75023 4.72521 4.68299 4.67907 4.66323 4.66864 4.66952 4.67926 4.69543 4.70647 4.73042 4.74036 4.76452 4.78002 4.79636 4.82534 4.84056 4.87051 4.88583 4.90417 4.94132 4.94254 4.96737 4.97327 
1.5 1.5 1.5 1.5 1.5 1.5 1.5 1.5 1.5 1.5 1.5 1.1079 1.1753 1.2425 1.3098 1.3769 1.4444 1.5121 1.5797 1.6473 3.49076 3.49271 3.51055 3.52981 3.54842 3.56986 3.59064 3.61398 3.64059 3.66938 3.67604 3.69551 3.71852 3.73965 3.76193 3.78473 3.80803 3.85146 3.87997 3.92558 3.97917 4.01406 4.09473 4.13183 4.20402 4.26342 4.29912 4.37278 4.40792 4.45057 4.46562 4.56779 4.64093 4.52194 4.54179 4.73762 4.72411 4.74759 4.72587 4.6752 4.67605 4.6649 4.67371 4.6701 4.67284 4.69611 4.70342 4.7244 4.73766 4.76586 4.77992 4.79504 4.82403 4.8384 4.86791 4.88359 4.90013 4.93058 4.93921 4.9558 4.96905 
1.5 1.5 1.5 1.5 1.5 1.5 1.5 1.5 1.5 1.5 1.5 1.1079 1.1753 1.2428 1.3102 1.3776 1.445 1.5125 1.5799 1.6474 3.55345 3.56056 3.56059 3.56758 3.57386 3.57793 3.57696 3.57486 3.58292 3.60464 3.59767 3.60487 3.62617 3.64807 3.67707 3.68929 3.71163 3.74827 3.77143 3.80926 3.86101 3.8957 3.96949 4.00501 4.08547 4.15182 4.19491 4.28647 4.33845 4.39334 4.42271 4.51688 4.57659 4.48362 4.43191 4.67226 4.66781 4.67899 4.67244 4.63587 4.64456 4.6432 4.66066 4.66248 4.66555 4.68466 4.70318 4.72529 4.7351 4.76205 4.77853 4.79659 4.82318 4.83307 4.86471 4.8789 4.89615 4.92347 4.94351 4.94514 4.97773 
1.5 1.5 1.5 1.5 1.5 1.5 1.5 1.5 1.5 1.5 1.5 1.1079 1.1753 1.2428 1.3102 1.3776 1.4451 1.5125 1.5799 1.6474 3.53207 3.54006 3.55779 3.57767 3.58954 3.60085 3.61077 3.61202 3.62558 3.64137 3.62325 3.6215 3.61543 3.62113 3.62586 3.61696 3.63159 3.64267 3.6618 3.68785 3.73012 3.75741 3.81821 3.85289 3.93162 3.9986 4.04729 4.14008 4.18635 4.25479 4.30646 4.36402 4.39304 4.33911 4.3273 4.5927 4.61753 4.6035 4.616 4.61633 4.633 4.63707 4.66103 4.66747 4.68291 4.69385 4.70791 4.73384 4.74718 4.76904 4.78357 4.79817 4.82588 4.83568 4.86019 4.87395 4.88904 4.91362 4.93646 4.93736 4.97667 
1.5 1.5 1.5 1.5 1.5 1.5 1.5 1.5 1.5 1.5 1.5 1.0964 1.1522 1.2081 1.264 1.3198 1.3757 1.4316 1.4875 1.5434 3.51867 3.52938 3.54511 3.56144 3.58331 3.58568 3.59605 3.60571 3.62356 3.62652 3.62388 3.62945 3.62409 3.6297 3.62174 3.61379 3.60779 3.61051 3.61812 3.62521 3.65496 3.6786 3.73127 3.76605 3.84358 3.90927 3.95383 4.04975 4.09617 4.17704 4.21084 4.27955 4.33683 4.39523 4.32806 4.33347 4.6329 4.62983 4.65106 4.64342 4.65092 4.65626 4.67192 4.67704 4.68752 4.70073 4.71209 4.72797 4.74234 4.76368 4.78024 4.79216 4.81304 4.82558 4.84954 4.85994 4.87583 4.8972 4.91168 4.92109 4.96241 
1.5 1.5 1.5 1.5 1.5 1.5 1.5 1.5 1.5 1.5 1.5 1.0964 1.1522 1.2081 1.264 1.3198 1.3757 1.4316 1.4875 1.5434 3.48214 3.46928 3.48623 3.5009 3.52127 3.52765 3.53545 3.55359 3.56919 3.56262 3.56872 3.58332 3.5959 3.60664 3.61796 3.63682 3.6536 3.67145 3.68957 3.71136 3.73366 3.7506 3.78505 3.80542 3.84907 3.8873 3.91586 3.99232 4.03363 4.12396 4.17554 4.24555 4.37237 4.35866 4.51023 4.37915 4.6786 4.69746 4.71253 4.70739 4.70218 4.68235 4.69678 4.69708 4.7008 4.71313 4.71503 4.72455 4.73654 4.75431 4.76905 4.78587 4.80664 4.81447 4.83807 4.85156 4.86237 4.87982 4.88844 4.9119 4.94113 
1.5 1.5 1.5 1.5 1.5 1.5 1.5 1.5 1.5 1.5 1.5 1.1176 1.1946 1.2717 1.3488 1.4258 1.5029 1.58 1.657 1.7341 3.49986 3.49949 3.50084 3.50554 3.51973 3.52387 3.52414 3.52004 3.53186 3.53233 3.5436 3.5554 3.57735 3.59776 3.62029 3.6513 3.67904 3.70795 3.72834 3.76265 3.79814 3.82156 3.86328 3.88672 3.94009 3.98337 4.01565 4.08472 4.11966 4.17844 4.20553 4.24396 4.32856 4.36707 4.33759 4.34624 4.6253 4.64629 4.67191 4.67432 4.67558 4.67129 4.67127 4.68365 4.69284 4.70195 4.7079 4.71421 4.72697 4.74064 4.75462 4.76749 4.78855 4.79823 4.81988 4.83286 4.84325 4.86078 4.88305 4.91887 4.92902 
1.5 1.5 1.5 1.5 1.5 1.5 1.5 1.5 1.5 1.5 1.5 1.1327 1.2249 1.3171 1.4093 1.5015 1.5937 1.686 1.7782 1.8703 3.5348 3.52708 3.55593 3.57858 3.6009 3.61352 3.61872 3.62656 3.64266 3.63582 3.63118 3.62274 3.62173 3.62733 3.62458 3.63979 3.65263 3.69803 3.7178 3.75883 3.82111 3.85694 3.93716 3.97823 4.06427 4.12686 4.16806 4.26979 4.31845 4.40343 4.44484 4.4884 4.53013 4.82767 4.5438 4.53286 4.80874 4.77869 4.78511 4.73402 4.72074 4.70178 4.67054 4.68883 4.67829 4.68385 4.68821 4.68953 4.70368 4.71954 4.73217 4.7466 4.76617 4.7794 4.80893 4.81867 4.82957 4.85223 4.86674 4.91566 4.90322 
1.5 1.5 1.5 1.5 1.5 1.5 1.5 1.5 1.5 1.5 1.5 1.1257 1.2109 1.2961 1.3814 1.4665 1.5518 1.6371 1.7223 1.8075 3.59249 3.60784 3.62719 3.63552 3.64651 3.64907 3.65752 3.66242 3.66881 3.67351 3.68894 3.70318 3.71901 3.74165 3.76034 3.78223 3.80653 3.84063 3.85081 3.88406 3.92723 3.95203 4.01242 4.05157 4.13359 4.18092 4.22558 4.32755 4.37478 4.45336 4.48697 4.53758 4.57975 4.89277 4.58374 4.56228 4.84468 4.81353 4.80457 4.74604 4.73631 4.7159 4.68147 4.69271 4.68276 4.68665 4.68615 4.68816 4.69757 4.71463 4.72516 4.73787 4.7589 4.76725 4.79522 4.8155 4.83061 4.84703 4.85218 4.90093 4.89347 
1.5 1.5 1.5 1.5 1.5 1.5 1.5 1.5 1.5 1.5 1.5 1.1176 1.1946 1.2717 1.3488 1.4258 1.5029 1.58 1.657 1.7341 3.57766 3.58833 3.59315 3.60602 3.6205 3.637 3.65277 3.66926 3.68715 3.7079 3.73187 3.75472 3.78897 3.81777 3.85411 3.88828 3.91652 3.95838 3.97175 4.0097 4.04696 4.06627 4.11056 4.13839 4.20195 4.23512 4.26035 4.33632 4.38041 4.45298 4.48792 4.53121 4.56703 4.86353 4.61006 4.56914 4.87122 4.84778 4.83406 4.77069 4.76563 4.7378 4.70941 4.71286 4.6975 4.698 4.69738 4.70169 4.70404 4.71829 4.72875 4.73531 4.75546 4.76318 4.79126 4.80913 4.82835 4.83953 4.84159 4.88359 4.88757 
1.5 1.5 1.5 1.5 1.5 1.5 1.5 1.5 1.5 1.5 1.5 1.1176 1.1946 1.2717 1.3488 1.4258 1.5029 1.58 1.657 1.7341 3.59057 3.60835 3.61617 3.62957 3.64055 3.65129 3.66412 3.67494 3.69014 3.70679 3.72796 3.75229 3.79391 3.82174 3.86126 3.90871 3.95202 3.98782 4.01165 4.06022 4.09338 4.11648 4.15865 4.18436 4.22612 4.24708 4.27196 4.32487 4.35149 4.40993 4.44106 4.49445 4.53089 4.69306 4.70261 4.57219 4.88225 4.86529 4.85777 4.82245 4.79531 4.76693 4.74477 4.74245 4.72554 4.72169 4.71827 4.72176 4.72087 4.73177 4.73948 4.74328 4.75963 4.76925 4.79079 4.80854 4.82459 4.83934 4.84531 4.87576 4.88833 
1.5 1.5 1.5 1.5 1.5 1.5 1.5 1.5 1.5 1.5 1.5 1.1257 1.2109 1.2961 1.3814 1.4665 1.5518 1.6371 1.7223 1.8075 3.58018 3.60508 3.61434 3.62561 3.64042 3.65947 3.6754 3.69054 3.70894 3.72446 3.74896 3.77253 3.79774 3.82562 3.8536 3.8854 3.91241 3.95127 3.96654 4.00078 4.03479 4.05076 4.07808 4.10243 4.15418 4.18244 4.20927 4.26856 4.30838 4.41495 4.47203 4.51956 4.5551 4.59775 4.84664 4.71899 4.62 4.88227 4.89614 4.88865 4.85504 4.82558 4.77219 4.76388 4.75254 4.74919 4.74105 4.72979 4.72915 4.74006 4.74788 4.75142 4.75892 4.77071 4.79218 4.80608 4.81741 4.83129 4.84543 4.86972 4.87769 
1.5 1.5 1.5 1.5 1.5 1.5 1.5 1.5 1.5 1.5 1.5 1.1257 1.2109 1.2961 1.3814 1.4665 1.5518 1.6371 1.7223 1.8075 3.58363 3.60797 3.63105 3.64863 3.6589 3.66907 3.68313 3.69573 3.70343 3.7145 3.7309 3.74721 3.76485 3.78498 3.80189 3.82386 3.84214 3.87263 3.87546 3.89777 3.93504 3.94671 3.99208 4.02405 4.08767 4.13732 4.17893 4.26414 4.3097 4.4145 4.46257 4.52736 4.59037 4.62493 4.70276 5.02049 4.67229 4.9448 4.94282 4.9439 4.90533 4.8758 4.80769 4.80059 4.78241 4.77334 4.76605 4.75335 4.74568 4.75186 4.76237 4.76527 4.76997 4.78241 4.80094 4.80916 4.81878 4.83519 4.84979 4.88057 4.87502 
1.5 1.5 1.5 1.5 1.5 1.5 1.5 1.5 1.5 1.5 1.5 1.1387 1.237 1.3353 1.4335 1.5318 1.6301 1.7283 1.8266 1.9249 3.51581 3.52329 3.55777 3.5788 3.60117 3.62167 3.64764 3.6715 3.69187 3.70382 3.71255 3.71737 3.72477 3.73514 3.74257 3.75721 3.77608 3.80476 3.82108 3.8535 3.8875 3.91375 3.95691 3.98202 4.03126 4.07447 4.10496 4.15861 4.18724 4.26143 4.30308 4.34978 4.38655 4.41394 4.46406 4.67972 4.47001 4.75205 4.73848 4.7502 4.75913 4.75341 4.71921 4.72884 4.74302 4.74682 4.75335 4.75461 4.75381 4.76167 4.77516 4.78439 4.79431 4.80986 4.82296 4.83146 4.84288 4.85821 4.8683 4.91383 4.88317 
1.5 1.5 1.5 1.5 1.5 1.5 1.5 1.5 1.5 1.5 1.5 1.144 1.2476 1.3512 1.4547 1.5583 1.6618 1.7654 1.869 1.9725 3.48376 3.49403 3.51242 3.52733 3.54395 3.55741 3.57541 3.60004 3.62381 3.64102 3.664 3.69001 3.72097 3.74339 3.77087 3.79314 3.81987 3.83596 3.84956 3.86475 3.87937 3.89517 3.90661 3.92141 3.94177 3.96318 3.97986 4.01591 4.04082 4.09719 4.13484 4.17354 4.21665 4.24397 4.33169 4.36325 4.3008 4.58735 4.57496 4.58317 4.6143 4.63048 4.63668 4.64127 4.67868 4.69377 4.71534 4.73407 4.74284 4.76337 4.77726 4.79676 4.81389 4.82709 4.84375 4.85263 4.87106 4.88376 4.89318 4.93687 4.90537 
1.5 1.5 1.5 1.5 1.5 1.5 1.5 1.5 1.5 1.5 1.5 1.1327 1.2249 1.3171 1.4093 1.5015 1.5937 1.686 1.7782 1.8703 3.47036 3.47904 3.50335 3.525 3.54681 3.56973 3.59996 3.63295 3.65973 3.69437 3.71486 3.73822 3.75649 3.77585 3.79948 3.80788 3.81607 3.82073 3.83118 3.83328 3.83313 3.83885 3.84643 3.85257 3.87317 3.89772 3.92067 3.96688 3.99964 4.06884 4.11469 4.16233 4.20764 4.23731 4.36118 4.31218 4.37557 4.56752 4.54447 4.55159 4.55731 4.57291 4.57496 4.58432 4.61077 4.63973 4.65933 4.69136 4.70457 4.73799 4.76438 4.7911 4.81863 4.83154 4.8595 4.8725 4.8908 4.90885 4.92191 4.94705 4.92992 
1.5 1.5 1.5 1.5 1.5 1.5 1.5 1.5 1.5 1.5 1.5 1.1257 1.2109 1.2961 1.3814 1.4665 1.5518 1.6371 1.7223 1.8075 3.49095 3.51759 3.54098 3.56083 3.58299 3.60837 3.63656 3.66172 3.67884 3.70897 3.74105 3.74895 3.76081 3.76849 3.77342 3.77189 3.77612 3.77709 3.78139 3.77907 3.79099 3.8074 3.82945 3.852 3.88861 3.92323 3.95287 4.00148 4.02799 4.08596 4.11779 4.15601 4.18293 4.19773 4.302 4.25273 4.25913 4.48917 4.46852 4.47355 4.47998 4.49896 4.51612 4.53288 4.55641 4.59471 4.61685 4.66028 4.68086 4.72408 4.7435 4.76947 4.80985 4.82781 4.86583 4.87466 4.8918 4.92589 4.9343 4.9767 4.97297 
1.5 1.5 1.5 1.5 1.5 1.5 1.5 1.5 1.5 1.5 1.5 1.1387 1.237 1.3353 1.4335 1.5318 1.6301 1.7283 1.8266 1.9249 3.49168 3.50416 3.52704 3.54534 3.56685 3.59052 3.6138 3.63728 3.65597 3.67234 3.69557 3.69425 3.70459 3.70843 3.71965 3.73244 3.74825 3.76354 3.78387 3.80744 3.82935 3.84264 3.86742 3.88567 3.92175 3.9535 3.97919 4.03159 4.06406 4.13179 4.1742 4.21804 4.2592 4.28952 4.32715 4.46668 4.35174 4.31693 4.52797 4.53718 4.53393 4.53458 4.52748 4.53682 4.54573 4.57796 4.59479 4.63732 4.65783 4.69107 4.71736 4.73847 4.78545 4.8047 4.84717 4.86988 4.89594 4.92214 4.93295 4.98248 4.99739 
1.5 1.5 1.5 1.5 1.5 1.5 1.5 1.5 1.5 1.5 1.5 1.144 1.2476 1.3512 1.4547 1.5583 1.6618 1.7654 1.869 1.9725 3.50409 3.51433 3.52493 3.53884 3.55162 3.56279 3.57067 3.57988 3.5915 3.60768 3.6331 3.64476 3.66378 3.67959 3.7033 3.7343 3.75652 3.78584 3.80681 3.83866 3.87486 3.90086 3.92778 3.9455 3.98184 4.01149 4.03272 4.07185 4.09609 4.14399 4.17844 4.21561 4.25265 4.27811 4.29018 4.38939 4.31648 4.2955 4.57957 4.54744 4.55368 4.55072 4.54523 4.5458 4.55324 4.57791 4.59511 4.62536 4.63756 4.6804 4.70361 4.72925 4.77478 4.7963 4.84297 4.86704 4.8959 4.93468 4.94277 4.98103 5.01238 
1.5 1.5 1.5 1.5 1.5 1.5 1.5 1.5 1.5 1.5 1.5 1.144 1.2476 1.3512 1.4547 1.5583 1.6618 1.7654 1.869 1.9725 3.48805 3.4981 3.51758 3.53431 3.54901 3.56772 3.58814 3.6078 3.62706 3.65206 3.66462 3.67603 3.69024 3.70154 3.72 3.74548 3.76195 3.79252 3.81536 3.84715 3.88633 3.91338 3.96498 3.97626 4.01823 4.05169 4.07613 4.11971 4.14547 4.18648 4.21892 4.24982 4.2824 4.30509 4.31797 4.34844 4.44673 4.38773 4.61093 4.5978 4.61292 4.60876 4.57824 4.57376 4.5822 4.59101 4.60184 4.62285 4.63844 4.67825 4.70478 4.72903 4.77201 4.79055 4.8413 4.86109 4.88934 4.93461 4.94152 4.98228 5.00622 
1.5 1.5 1.5 1.5 1.5 1.5 1.5 1.5 1.5 1.5 1.5 1.1487 1.2569 1.3652 1.4735 1.5816 1.6899 1.7982 1.9064 2.0146 3.50102 3.52031 3.54093 3.55946 3.57829 3.59469 3.61354 3.63645 3.65799 3.67273 3.68678 3.70411 3.72466 3.73808 3.76032 3.78876 3.80919 3.8385 3.85945 3.88844 3.9187 3.9448 3.9865 3.99697 4.03183 4.06123 4.08384 4.12005 4.14403 4.17621 4.20358 4.23002 4.25516 4.27481 4.2854 4.29544 4.35599 4.3648 4.56061 4.57748 4.60888 4.6114 4.59322 4.6039 4.6132 4.62073 4.635 4.65758 4.66816 4.69525 4.7176 4.73672 4.77527 4.79355 4.84194 4.86128 4.88766 4.92411 4.93278 4.98219 4.99423 
1.5 1.5 1.5 1.5 1.5 1.5 1.5 1.5 1.5 1.5 1.5 1.1487 1.2569 1.3652 1.4735 1.5816 1.6899 1.7982 1.9064 2.0146 3.47233 3.47958 3.50429 3.52786 3.54987 3.57311 3.59582 3.61765 3.63366 3.65839 3.68175 3.70735 3.73329 3.75165 3.78271 3.81906 3.84605 3.88013 3.90456 3.94028 3.97217 4.00149 4.0222 4.04092 4.06732 4.08796 4.10495 4.12905 4.14698 4.16984 4.19234 4.21526 4.24451 4.26695 4.28149 4.29358 4.31274 4.3984 4.57226 4.60588 4.63826 4.64856 4.64561 4.64885 4.66149 4.67238 4.68116 4.69243 4.6996 4.72228 4.73934 4.7535 4.78564 4.80235 4.83734 4.8595 4.88555 4.91293 4.92512 4.98074 4.98629 
1.5 1.5 1.5 1.5 1.5 1.5 1.5 1.5 1.5 1.5 1.5 1.1387 1.237 1.3353 1.4335 1.5318 1.6301 1.7283 1.8266 1.9249 3.47821 3.48892 3.50409 3.5165 3.526 3.54098 3.55449 3.57249 3.58717 3.60869 3.63402 3.66021 3.69517 3.71917 3.75935 3.8 3.83095 3.8722 3.9001 3.9425 3.97596 3.9962 4.02988 4.05402 4.08776 4.11389 4.13509 4.16726 4.19002 4.22089 4.24413 4.26522 4.29517 4.31411 4.33593 4.35516 4.37856 4.41269 4.837 4.74884 4.75803 4.76256 4.75669 4.75808 4.74108 4.74185 4.74236 4.74014 4.74529 4.75794 4.77289 4.78058 4.79917 4.81103 4.83823 4.85968 4.88059 4.90093 4.91487 4.95597 4.98449 
1.5 1.5 1.5 1.5 1.5 1.5 1.5 1.5 1.5 1.5 1.5 1.144 1.2476 1.3512 1.4547 1.5583 1.6618 1.7654 1.869 1.9725 3.48032 3.49166 3.50498 3.5247 3.5402 3.55583 3.57322 3.58892 3.60437 3.62412 3.64557 3.66887 3.69635 3.71592 3.74641 3.77952 3.80724 3.84016 3.86107 3.89183 3.92336 3.95035 3.99001 4.01504 4.05513 4.08829 4.11364 4.15324 4.17695 4.21174 4.23441 4.26199 4.29922 4.32262 4.34926 4.36816 4.38654 4.40746 4.7879 4.77095 4.77184 4.7758 4.77727 4.78314 4.77593 4.77675 4.77841 4.78196 4.78771 4.79388 4.80331 4.8111 4.82545 4.83352 4.85576 4.86087 4.87235 4.89288 4.90045 4.9253 4.9944 
1.5 1.5 1.5 1.5 1.5 1.5 1.5 1.5 1.5 1.5 1.5 1.1529 1.2653 1.3776 1.4901 1.6024 1.7149 1.8272 1.9396 2.052 3.50041 3.5202 3.53172 3.5457 3.56838 3.58725 3.6075 3.62599 3.64349 3.66547 3.6886 3.71197 3.73659 3.75814 3.78159 3.80458 3.8229 3.84232 3.85875 3.87997 3.90335 3.92151 3.94784 3.96839 3.99934 4.02669 4.04928 4.08609 4.11052 4.14882 4.17728 4.20227 4.23492 4.25532 4.29397 4.32063 4.34961 4.38376 4.41151 4.83293 4.78451 4.79448 4.803 4.80414 4.80427 4.80721 4.80882 4.81116 4.81576 4.81883 4.8254 4.83172 4.83748 4.84112 4.85257 4.85703 4.87182 4.87705 4.88465 4.91215 4.98659 
1.5 1.5 1.5 1.5 1.5 1.5 1.5 1.5 1.5 1.5 1.5 1.1566 1.2727 1.3888 1.5049 1.621 1.7372 1.8533 1.9694 2.0855 3.54509 3.56491 3.58103 3.59117 3.61528 3.63818 3.65776 3.67909 3.69817 3.72185 3.74041 3.75963 3.77791 3.79413 3.81246 3.83047 3.84846 3.8681 3.88651 3.90682 3.92303 3.93901 3.95557 3.97074 3.98654 4.00175 4.01686 4.03576 4.05152 4.07611 4.10013 4.12372 4.16306 4.18936 4.23317 4.26266 4.29401 4.33285 4.35593 4.74002 4.73927 4.75085 4.76639 4.77081 4.78457 4.79418 4.80506 4.81259 4.81609 4.82676 4.83263 4.8356 4.84228 4.84692 4.86003 4.86656 4.87658 4.88561 4.89701 4.92234 4.96945 
1.5 1.5 1.5 1.5 1.5 1.5 1.5 1.5 1.5 1.5 1.5 1.1529 1.2653 1.3776 1.4901 1.6024 1.7149 1.8272 1.9396 2.052 3.5818 3.6038 3.62605 3.6392 3.65616 3.68015 3.6983 3.71692 3.73329 3.75016 3.76616 3.78359 3.79944 3.8135 3.82856 3.84661 3.86278 3.87812 3.89256 3.90804 3.92624 3.94234 3.9589 3.97452 3.99171 4.00877 4.02419 4.04409 4.06108 4.08099 4.09959 4.11708 4.13949 4.15771 4.18544 4.20848 4.22983 4.26219 4.28395 4.65349 4.6703 4.69127 4.71423 4.72475 4.74863 4.75964 4.77439 4.79548 4.79934 4.81356 4.82205 4.83192 4.84601 4.85306 4.86757 4.87342 4.88693 4.89395 4.90645 4.93386 4.94879 
1.5 1.5 1.5 1.5 1.5 1.5 1.5 1.5 1.5 1.5 1.5 1.1529 1.2653 1.3776 1.4901 1.6024 1.7149 1.8272 1.9396 2.052 3.58116 3.60715 3.62618 3.6349 3.65056 3.67103 3.68857 3.70684 3.72364 3.74181 3.75827 3.77527 3.79246 3.80933 3.82538 3.83997 3.85711 3.87663 3.89354 3.91244 3.93453 3.95502 3.98133 4.00165 4.02426 4.04395 4.06142 4.07835 4.09233 4.10291 4.11405 4.12556 4.13589 4.14836 4.16129 4.18072 4.1964 4.22339 4.24456 4.60632 4.62084 4.63465 4.66887 4.67922 4.71073 4.72584 4.74341 4.77401 4.77676 4.79783 4.81024 4.82361 4.84357 4.85205 4.86779 4.8744 4.88699 4.90426 4.90694 4.93023 4.93634 
1.5 1.5 1.5 1.5 1.5 1.5 1.5 1.5 1.5 1.5 1.5 1.1529 1.2653 1.3776 1.4901 1.6024 1.7149 1.8272 1.9396 2.052 3.54924 3.56389 3.58077 3.59576 3.61895 3.64074 3.66215 3.68655 3.70534 3.72968 3.75102 3.77244 3.79637 3.81555 3.83899 3.86147 3.87942 3.90541 3.92421 3.9465 3.96561 3.9807 4.00211 4.01963 4.03721 4.05281 4.0676 4.08376 4.09948 4.114 4.12893 4.14383 4.15826 4.17343 4.18774 4.20379 4.21838 4.23753 4.25352 4.59279 4.61047 4.62322 4.65268 4.65995 4.68458 4.70039 4.71982 4.74922 4.75729 4.78124 4.79558 4.81085 4.8319 4.84216 4.85872 4.86988 4.88069 4.90119 4.90471 4.92463 4.92042 
1.5 1.5 1.5 1.5 1.5 1.5 1.5 1.5 1.5 1.5 1.5 1.1529 1.2653 1.3776 1.4901 1.6024 1.7149 1.8272 1.9396 2.052 3.54603 3.549 3.57283 3.60076 3.62076 3.64286 3.66634 3.69315 3.71392 3.74119 3.76431 3.78755 3.80945 3.83037 3.85317 3.87291 3.8875 3.90607 3.92554 3.94342 3.96124 3.97888 3.99614 4.01663 4.03726 4.05795 4.07529 4.09606 4.11324 4.1319 4.14874 4.16591 4.18374 4.20074 4.21473 4.23005 4.24545 4.26322 4.27899 4.60736 4.62367 4.63682 4.6571 4.66025 4.67742 4.69171 4.70689 4.73547 4.74348 4.76556 4.78076 4.79439 4.81793 4.82909 4.84628 4.85885 4.8748 4.89096 4.89972 4.90924 4.91062 
1.5 1.5 1.5 1.5 1.5 1.5 1.5 1.5 1.5 1.5 1.5 1.1566 1.2727 1.3888 1.5049 1.621 1.7372 1.8533 1.9694 2.0855 3.54917 3.56415 3.59287 3.61358 3.6334 3.65153 3.67275 3.69602 3.71387 3.73443 3.75308 3.77284 3.79338 3.81022 3.82996 3.84978 3.86632 3.88454 3.90582 3.92623 3.94678 3.96606 3.98523 4.00796 4.03085 4.05476 4.07358 4.09807 4.11694 4.1393 4.15689 4.17592 4.19367 4.20945 4.22224 4.23652 4.24998 4.26384 4.27816 4.28902 4.62462 4.64111 4.65162 4.65735 4.67053 4.6826 4.69481 4.71856 4.72788 4.7512 4.76487 4.77866 4.80136 4.8106 4.83326 4.84906 4.86014 4.86827 4.88513 4.88481 4.89649 
1.5 1.5 1.5 1.5 1.5 1.5 1.5 1.5 1.5 1.5 1.5 1.1629 1.2854 1.4079 1.5305 1.6529 1.7754 1.8979 2.0203 2.1428 3.53849 3.55355 3.57509 3.5926 3.61119 3.62836 3.6477 3.66883 3.68551 3.707 3.72821 3.74871 3.7701 3.78783 3.80988 3.83207 3.84898 3.87181 3.89321 3.91643 3.9399 3.95987 3.98373 4.0077 4.03431 4.0601 4.08007 4.10604 4.12472 4.14712 4.16418 4.1823 4.20008 4.21594 4.22924 4.24339 4.25763 4.27093 4.28497 4.29888 4.63033 4.64756 4.65174 4.66262 4.67482 4.68712 4.70118 4.7167 4.72245 4.74254 4.75898 4.77432 4.79574 4.80897 4.83095 4.83974 4.84838 4.85863 4.87593 4.86775 4.88463 
1.5 1.5 1.5 1.5 1.5 1.5 1.5 1.5 1.5 1.5 1.5 1.1629 1.2854 1.4079 1.5305 1.6529 1.7754 1.8979 2.0203 2.1428 3.51261 3.52198 3.54085 3.55625 3.57297 3.5927 3.61254 3.63235 3.65023 3.673 3.69502 3.71721 3.7418 3.76099 3.78621 3.80896 3.82998 3.85899 3.87921 3.90496 3.93058 3.94874 3.97882 3.99892 4.02745 4.04883 4.06985 4.0958 4.11439 4.13775 4.15579 4.17473 4.19425 4.21069 4.22646 4.24142 4.25667 4.2717 4.28672 4.30332 4.63779 4.65057 4.65861 4.67082 4.68227 4.69485 4.70206 4.71597 4.72696 4.74312 4.76012 4.77669 4.79486 4.80574 4.8242 4.83219 4.8404 4.85341 4.85922 4.86753 4.86791 
1.5 1.5 1.5 1.5 1.5 1.5 1.5 1.5 1.5 1.5 1.5 1.1566 1.2727 1.3888 1.5049 1.621 1.7372 1.8533 1.9694 2.0855 3.5167 3.52961 3.54267 3.55561 3.56992 3.58699 3.60607 3.62532 3.64413 3.66455 3.68422 3.70429 3.72573 3.74323 3.76378 3.78425 3.80623 3.82895 3.84825 3.87199 3.89853 3.92002 3.95091 3.97268 4.00391 4.02933 4.04972 4.07879 4.09812 4.12436 4.14353 4.16334 4.18497 4.20235 4.2203 4.23523 4.25159 4.2682 4.28316 4.30132 4.63476 4.64707 4.65641 4.66974 4.68674 4.69736 4.70414 4.72209 4.73196 4.74938 4.7599 4.77259 4.79255 4.80441 4.81952 4.82662 4.83455 4.8502 4.84417 4.87483 4.8585 
1.5 1.5 1.5 1.5 1.5 1.5 1.5 1.5 1.5 1.5 1.5 1.1566 1.2727 1.3888 1.5049 1.621 1.7372 1.8533 1.9694 2.0855 3.53897 3.554 3.568 3.57908 3.59249 3.60666 3.62007 3.63315 3.64666 3.66369 3.68199 3.69895 3.7165 3.73233 3.75068 3.77161 3.78905 3.81027 3.82708 3.85059 3.87782 3.89783 3.92739 3.94802 3.97923 4.00519 4.02606 4.05674 4.07704 4.10542 4.12537 4.1465 4.16929 4.18692 4.20595 4.22226 4.23873 4.25701 4.27242 4.29141 4.62335 4.63954 4.65434 4.67029 4.68261 4.69139 4.70163 4.72463 4.73442 4.74772 4.75532 4.77451 4.79379 4.80082 4.81619 4.82296 4.83355 4.8422 4.84516 4.87013 4.86163 
1.5 1.5 1.5 1.5 1.5 1.5 1.5 1.5 1.5 1.5 1.5 1.1599 1.2794 1.3988 1.5183 1.6377 1.7572 1.8767 1.9961 2.1156 3.56176 3.57643 3.58736 3.59829 3.60844 3.61596 3.62721 3.63659 3.64775 3.6541 3.66591 3.68645 3.70316 3.72102 3.74097 3.76506 3.78561 3.8128 3.83414 3.8622 3.88933 3.90922 3.93756 3.9565 3.98296 4.00214 4.02174 4.04487 4.06209 4.08478 4.10325 4.12205 4.14313 4.16085 4.18119 4.1981 4.21524 4.23651 4.25334 4.27559 4.60531 4.62966 4.64353 4.65459 4.67101 4.68213 4.6947 4.71618 4.72478 4.73991 4.75384 4.76829 4.7874 4.79693 4.81314 4.82133 4.8332 4.84116 4.8532 4.87035 4.87301 
1.5 1.5 1.5 1.5 1.5 1.5 1.5 1.5 1.5 1.5 1.5 1.1629 1.2854 1.4079 1.5305 1.6529 1.7754 1.8979 2.0203 2.1428 3.55472 3.56785 3.5801 3.59128 3.60171 3.61105 3.62121 3.63255 3.64512 3.65424 3.66576 3.68223 3.70287 3.7224 3.74582 3.7742 3.80013 3.82897 3.85078 3.88083 3.90885 3.92902 3.9574 3.97639 4.00092 4.02002 4.03683 4.05584 4.07156 4.08757 4.10163 4.1162 4.13066 4.14492 4.16104 4.17783 4.19367 4.21347 4.23064 4.2522 4.58274 4.60889 4.62092 4.63351 4.65108 4.66283 4.67679 4.69953 4.71289 4.72854 4.74143 4.7588 4.78186 4.79071 4.81104 4.82353 4.83532 4.85102 4.86146 4.8805 4.88821 
1.5 1.5 1.5 1.5 1.5 1.5 1.5 1.5 1.5 1.5 1.5 1.1657 1.2909 1.4162 1.5414 1.6666 1.7919 1.9172 2.0424 2.1676 3.53705 3.54758 3.56404 3.57532 3.58782 3.59994 3.6109 3.62582 3.64068 3.65451 3.67266 3.6913 3.71024 3.73327 3.75908 3.78816 3.81247 3.84218 3.86314 3.89305 3.92048 3.94031 3.96795 3.98664 4.0102 4.02888 4.04528 4.06195 4.07657 4.08936 4.10168 4.1144 4.12383 4.13616 4.14499 4.15671 4.16798 4.18197 4.19726 4.21785 4.23741 4.56686 4.60059 4.60445 4.62386 4.6391 4.65406 4.68136 4.69032 4.70959 4.72937 4.74678 4.77181 4.78534 4.81143 4.82256 4.83758 4.85691 4.86966 4.88668 4.89787 
1.5 1.5 1.5 1.5 1.5 1.5 1.5 1.5 1.5 1.5 1.5 1.1387 1.237 1.3353 1.4335 1.5318 1.6301 1.7283 1.8266 1.9249 3.51193 3.51411 3.53899 3.55374 3.56968 3.58802 3.60489 3.62924 3.647 3.669 3.69034 3.71268 3.73307 3.75096 3.78023 3.80512 3.82981 3.85809 3.87978 3.90914 3.9347 3.95419 3.9805 3.99877 4.02098 4.03851 4.05434 4.06989 4.08394 4.09614 4.10853 4.12102 4.13038 4.14351 4.15339 4.16526 4.17769 4.18835 4.2013 4.21608 4.23143 4.54488 4.58169 4.58706 4.60774 4.62503 4.63936 4.66528 4.67518 4.70611 4.72637 4.74577 4.77677 4.79083 4.81996 4.83302 4.85016 4.87204 4.88261 4.90282 4.91513 
1.5 1.5 1.5 1.5 1.5 1.5 1.5 1.5 1.5 1.5 1.5 1.1387 1.237 1.3353 1.4335 1.5318 1.6301 1.7283 1.8266 1.9249 3.50881 3.513 3.54076 3.56127 3.57923 3.59732 3.61669 3.64008 3.6594 3.6799 3.70136 3.72337 3.74461 3.75851 3.78965 3.81249 3.83674 3.86185 3.88414 3.91183 3.93682 3.95588 3.98108 3.99895 4.02096 4.03851 4.0545 4.07077 4.08553 4.09929 4.11276 4.12649 4.13676 4.14977 4.15913 4.17016 4.1821 4.19179 4.20461 4.2191 4.23433 4.55227 4.58073 4.58881 4.61282 4.62699 4.63885 4.66682 4.68325 4.71791 4.73766 4.75665 4.78899 4.80393 4.83476 4.84869 4.86608 4.88767 4.8981 4.91856 4.92907 
1.5 1.5 1.5 1.5 1.5 1.5 1.5 1.5 1.5 1.5 1.5 1.1387 1.237 1.3353 1.4335 1.5318 1.6301 1.7283 1.8266 1.9249 3.51709 3.52573 3.54969 3.56914 3.58544 3.60367 3.6256 3.64522 3.66559 3.6859 3.70682 3.72751 3.74638 3.76361 3.79188 3.8118 3.8363 3.86012 3.88164 3.90798 3.93161 3.95016 3.97463 3.99259 4.01451 4.03088 4.04868 4.06559 4.08053 4.09432 4.10729 4.12082 4.13144 4.14443 4.15513 4.16745 4.17894 4.19178 4.2059 4.22423 4.24419 4.58186 4.59744 4.60926 4.63006 4.64605 4.66331 4.69599 4.71091 4.74247 4.76224 4.78164 4.81247 4.82655 4.85383 4.86629 4.88224 4.90098 4.91049 4.92805 4.93756 
1.5 1.5 1.5 1.5 1.5 1.5 1.5 1.5 1.5 1.5 1.5 1.1387 1.237 1.3353 1.4335 1.5318 1.6301 1.7283 1.8266 1.9249 3.529 3.53718 3.56138 3.57879 3.59501 3.61331 3.63257 3.65208 3.66885 3.68831 3.70705 3.72515 3.73985 3.76283 3.78424 3.80668 3.82698 3.85247 3.87249 3.89807 3.91899 3.93936 3.96313 3.98047 4.00144 4.01877 4.03487 4.05156 4.06648 4.08086 4.09465 4.10803 4.12224 4.13597 4.15226 4.17012 4.18733 4.20876 4.22732 4.25204 4.27301 4.61334 4.63383 4.64696 4.67475 4.69276 4.70925 4.73773 4.75199 4.78044 4.79609 4.81297 4.83768 4.8493 4.87129 4.88157 4.89401 4.90798 4.91628 4.9316 4.94017 
1.5 1.5 1.5 1.5 1.5 1.5 1.5 1.5 1.5 1.5 1.5 1.1387 1.237 1.3353 1.4335 1.5318 1.6301 1.7283 1.8266 1.9249 3.5399 3.55008 3.57066 3.58651 3.60163 3.61602 3.63294 3.64933 3.66439 3.68104 3.69666 3.71313 3.73465 3.7523 3.77295 3.79567 3.81754 3.84185 3.86063 3.88448 3.90675 3.92469 3.94743 3.96448 3.98513 4.00273 4.01828 4.03671 4.0518 4.07068 4.08838 4.10636 4.12873 4.14735 4.17189 4.19232 4.21216 4.23966 4.25928 4.2891 4.31286 4.66519 4.69105 4.70327 4.72829 4.74355 4.75898 4.78255 4.79427 4.81578 4.82762 4.8407 4.8579 4.86677 4.88134 4.88965 4.89894 4.91006 4.91769 4.92899 4.93606 
1.5 1.5 1.5 1.5 1.5 1.5 1.5 1.5 1.5 1.5 1.5 1.1387 1.237 1.3353 1.4335 1.5318 1.6301 1.7283 1.8266 1.9249 3.5408 3.55306 3.5685 3.58263 3.59568 3.60975 3.62487 3.64033 3.65448 3.6676 3.68395 3.70536 3.72414 3.74188 3.76376 3.78767 3.80795 3.83081 3.84921 3.87195 3.89426 3.91131 3.93441 3.95109 3.97454 3.99457 4.01291 4.03833 4.05771 4.08511 4.10702 4.12839 4.158 4.17823 4.20899 4.23243 4.25612 4.28797 4.30916 4.34063 4.36373 4.72336 4.7455 4.7567 4.77699 4.78867 4.8013 4.81809 4.82686 4.84071 4.84951 4.85869 4.86984 4.87718 4.88636 4.89308 4.90045 4.90812 4.91411 4.91954 4.92534 
1.5 1.5 1.5 1.5 1.5 1.5 1.5 1.5 1.5 1.5 1.5 1.1387 1.237 1.3353 1.4335 1.5318 1.6301 1.7283 1.8266 1.9249 3.52494 3.54018 3.55406 3.56726 3.57949 3.59498 3.61045 3.62473 3.63948 3.65572 3.67605 3.69539 3.71672 3.7346 3.75639 3.77756 3.79825 3.82082 3.83808 3.86151 3.88468 3.90515 3.93372 3.95361 3.9842 4.00786 4.03081 4.06321 4.08406 4.11672 4.14031 4.16448 4.19652 4.21698 4.24802 4.27035 4.29316 4.32211 4.34207 4.36949 4.38992 4.41129 4.78069 4.78941 4.80316 4.812 4.82124 4.83234 4.83967 4.84892 4.85536 4.86252 4.86928 4.875 4.88027 4.88551 4.8907 4.89545 4.90085 4.90488 4.91046 
1.5 1.5 1.5 1.5 1.5 1.5 1.5 1.5 1.5 1.5 1.5 1.1387 1.237 1.3353 1.4335 1.5318 1.6301 1.7283 1.8266 1.9249 3.51529 3.52893 3.54229 3.55505 3.56927 3.58476 3.59884 3.61798 3.63517 3.65507 3.6766 3.69734 3.72018 3.73777 3.76246 3.78976 3.81262 3.84044 3.8612 3.89146 3.92257 3.94398 3.97834 4.00032 4.035 4.06287 4.08432 4.11768 4.13849 4.1703 4.19258 4.21563 4.24455 4.2643 4.29156 4.31175 4.3328 4.35736 4.37565 4.39829 4.41672 4.4355 4.80373 4.81114 4.82036 4.82684 4.83398 4.84058 4.84623 4.85134 4.85626 4.8614 4.86565 4.87088 4.87515 4.8804 4.88557 4.89036 4.89589 4.90109 4.90643 
1.5 1.5 1.5 1.5 1.5 1.5 1.5 1.5 1.5 1.5 1.5 1.1387 1.237 1.3353 1.4335 1.5318 1.6301 1.7283 1.8266 1.9249 3.51685 3.52742 3.54019 3.55368 3.57075 3.58927 3.61121 3.63241 3.65077 3.6759 3.70166 3.72933 3.75886 3.78079 3.81275 3.84478 3.87058 3.90215 3.92397 3.95612 3.9864 4.00761 4.04007 4.06099 4.09229 4.11731 4.13732 4.16611 4.18567 4.2127 4.233 4.25405 4.27865 4.297 4.31997 4.33835 4.35729 4.37771 4.39491 4.41361 4.43003 4.44696 4.81254 4.81827 4.8234 4.82845 4.83368 4.83797 4.84316 4.84725 4.85218 4.85712 4.86148 4.86685 4.87151 4.87689 4.88216 4.88731 4.89304 4.89815 4.90415 
1.5 1.5 1.5 1.5 1.5 1.5 1.5 1.5 1.5 1.5 1.5 1.1387 1.237 1.3353 1.4335 1.5318 1.6301 1.7283 1.8266 1.9249 3.56126 3.56396 3.59 3.60868 3.63018 3.652 3.67739 3.7043 3.72738 3.75338 3.78014 3.80649 3.8358 3.8566 3.88599 3.91418 3.93693 3.96519 3.98525 4.01291 4.03718 4.0595 4.08525 4.10721 4.13418 4.15663 4.17552 4.20028 4.21869 4.24154 4.25984 4.27888 4.29908 4.31604 4.33465 4.35098 4.36771 4.38427 4.40023 4.41585 4.43136 4.44696 4.8106 4.81597 4.82022 4.82516 4.83014 4.83423 4.83943 4.84362 4.84867 4.8537 4.85831 4.8638 4.86874 4.87423 4.87972 4.88512 4.8908 4.89622 4.902 
1.5 1.5 1.5 1.5 1.5 1.5 1.5 1.5 1.5 1.5 1.5 1.1387 1.237 1.3353 1.4335 1.5318 1.6301 1.7283 1.8266 1.9249 3.64769 3.66518 3.68571 3.70251 3.72147 3.74083 3.76193 3.78549 3.8042 3.82914 3.85126 3.8744 3.89968 3.91901 3.94443 3.96905 3.9899 4.01453 4.03348 4.05735 4.0803 4.09884 4.12221 4.14045 4.16257 4.18196 4.19945 4.21958 4.23659 4.25522 4.27172 4.28874 4.30553 4.32148 4.33742 4.35293 4.36857 4.38354 4.39913 4.41376 4.42891 4.44409 4.80664 4.81189 4.81603 4.82117 4.82623 4.83076 4.8362 4.84092 4.84618 4.85151 4.85647 4.86201 4.86707 4.87254 4.87798 4.88333 4.88899 4.89434 4.89973 
1.5 1.5 1.5 1.5 1.5 1.5 1.5 1.5 1.5 1.5 1.5 1.1387 1.237 1.3353 1.4335 1.5318 1.6301 1.7283 1.8266 1.9249 3.7121 3.7303 3.74967 3.76637 3.78443 3.80286 3.82242 3.84355 3.86136 3.8826 3.90336 3.92394 3.94585 3.96399 3.98594 4.00594 4.02603 4.0471 4.06477 4.08603 4.10461 4.12181 4.14041 4.15815 4.17651 4.19303 4.20995 4.22703 4.24313 4.25935 4.27503 4.29098 4.30628 4.32187 4.33684 4.35209 4.36738 4.38191 4.39739 4.41179 4.42691 4.44201 4.80418 4.80942 4.81356 4.81869 4.82375 4.82831 4.83375 4.83859 4.84397 4.84936 4.85458 4.86024 4.86563 4.87123 4.87688 4.8825 4.88826 4.89383 4.89935 
1.5 1.5 1.5 1.5 1.5 1.5 1.5 1.5 1.5 1.5 1.5 1.1387 1.237 1.3353 1.4335 1.5318 1.6301 1.7283 1.8266 1.9249 3.76785 3.78548 3.80286 3.81909 3.8359 3.85296 3.87063 3.88855 3.90524 3.92329 3.94142 3.95927 3.97766 3.99453 4.01285 4.0308 4.04786 4.06573 4.08228 4.09951 4.11676 4.13301 4.14973 4.16588 4.18201 4.19786 4.21366 4.22916 4.24481 4.25984 4.27518 4.29065 4.30533 4.32079 4.33542 4.35059 4.36577 4.38022 4.39569 4.41014 4.42533 4.44048 4.8026 4.80794 4.8123 4.81753 4.82271 4.8274 4.83287 4.83774 4.84307 4.84845 4.85357 4.85917 4.86445 4.87 4.87558 4.88109 4.88679 4.89236 4.89807 
