5
s 30 2 34
r 2 0.01 6 9.94201 0.01
r 10 0.01 6 7.79572 0.01
r 18 0.01 6 5.71465 0.01
r 42 0.01 6 5.93081 0.01
r 50 0.01 6 8.07089 0.01
r 58 0.01 6 10.2488 0.01
r 66 0.01 6 12.1699 0.01
r 74 0.01 6 13.8474 0.01
r 82 0.01 6 15.5406 0.01
r 90 0.01 6 17.2563 0.01
r 98 0.01 6 18.9744 0.01
r 106 0.01 6 20.686 0.01
r 114 0.01 6 22.2963 0.01
r 122 0.01 6 23.9449 0.01
r 130 0.01 6 25.5223 0.01
r 138 0.01 6 27.1108 0.01
r 146 0.01 6 28.6622 0.01
r 2 0.01 12 10.2639 0.01
r 10 0.01 12 8.57279 0.01
r 18 0.01 12 7.21497 0.01
r 42 0.01 12 7.23838 0.01
r 50 0.01 12 8.69426 0.01
r 58 0.01 12 10.3899 0.01
r 66 0.01 12 12.1695 0.01
r 74 0.01 12 13.9388 0.01
r 82 0.01 12 15.6612 0.01
r 90 0.01 12 17.4246 0.01
r 98 0.01 12 19.2005 0.01
r 106 0.01 12 20.9623 0.01
r 114 0.01 12 22.7137 0.01
r 122 0.01 12 24.4679 0.01
r 130 0.01 12 26.2929 0.01
r 138 0.01 12 28.0252 0.01
r 146 0.01 12 29.7963 0.01
s 50 2 32
r 2 0.01 6 14.5223 0.01
r 10 0.01 6 12.8394 0.01
r 18 0.01 6 11.1547 0.01
r 26 0.01 6 9.20198 0.01
r 34 0.01 6 6.99231 0.01
r 66 0.01 6 6.98371 0.01
r 74 0.01 6 9.21804 0.01
r 82 0.01 6 11.3906 0.01
r 90 0.01 6 13.2746 0.01
r 98 0.01 6 15.0004 0.01
r 106 0.01 6 16.7048 0.01
r 114 0.01 6 18.4203 0.01
r 122 0.01 6 20.0961 0.01
r 130 0.01 6 21.7307 0.01
r 138 0.01 6 23.3275 0.01
r 146 0.01 6 24.8378 0.01
r 2 0.01 12 14.6802 0.01
r 10 0.01 12 12.8742 0.01
r 18 0.01 12 11.2032 0.01
r 26 0.01 12 9.53297 0.01
r 34 0.01 12 7.90455 0.01
r 66 0.01 12 8.10484 0.01
r 74 0.01 12 9.77561 0.01
r 82 0.01 12 11.5147 0.01
r 90 0.01 12 13.2846 0.01
r 98 0.01 12 15.0532 0.01
r 106 0.01 12 16.8142 0.01
r 114 0.01 12 18.5744 0.01
r 122 0.01 12 20.3197 0.01
r 130 0.01 12 22.145 0.01
r 138 0.01 12 23.8781 0.01
r 146 0.01 12 25.6483 0.01
s 70 2 34
r 2 0.01 6 18.812 0.01
r 10 0.01 6 17.1287 0.01
r 18 0.01 6 15.5572 0.01
r 26 0.01 6 13.9381 0.01
r 34 0.01 6 12.2386 0.01
r 42 0.01 6 10.406 0.01
r 50 0.01 6 8.11987 0.01
r 58 0.01 6 5.88279 0.01
r 82 0.01 6 5.72398 0.01
r 90 0.01 6 7.95887 0.01
r 98 0.01 6 10.1912 0.01
r 106 0.01 6 12.27 0.01
r 114 0.01 6 14.1104 0.01
r 122 0.01 6 15.8594 0.01
r 130 0.01 6 17.6555 0.01
r 138 0.01 6 19.3573 0.01
r 146 0.01 6 21.0257 0.01
r 2 0.01 12 19.1186 0.01
r 10 0.01 12 17.3065 0.01
r 18 0.01 12 15.6549 0.01
r 26 0.01 12 13.9766 0.01
r 34 0.01 12 12.2555 0.01
r 42 0.01 12 10.6285 0.01
r 50 0.01 12 8.97655 0.01
r 58 0.01 12 7.49793 0.01
r 82 0.01 12 7.50093 0.01
r 90 0.01 12 8.94689 0.01
r 98 0.01 12 10.6418 0.01
r 106 0.01 12 12.3851 0.01
r 114 0.01 12 14.1358 0.01
r 122 0.01 12 15.8868 0.01
r 130 0.01 12 17.7129 0.01
r 138 0.01 12 19.4455 0.01
r 146 0.01 12 21.2136 0.01
s 90 2 32
r 2 0.01 6 22.478 0.01
r 10 0.01 6 21.2936 0.01
r 18 0.01 6 19.722 0.01
r 26 0.01 6 18.1014 0.01
r 34 0.01 6 16.4136 0.01
r 42 0.01 6 14.8588 0.01
r 50 0.01 6 13.2585 0.01
r 58 0.01 6 11.3356 0.01
r 66 0.01 6 9.07276 0.01
r 74 0.01 6 6.78386 0.01
r 106 0.01 6 6.68666 0.01
r 114 0.01 6 8.88946 0.01
r 122 0.01 6 11.0811 0.01
r 130 0.01 6 13.2792 0.01
r 138 0.01 6 15.0857 0.01
r 146 0.01 6 16.8084 0.01
r 2 0.01 12 23.4423 0.01
r 10 0.01 12 21.6282 0.01
r 18 0.01 12 19.9839 0.01
r 26 0.01 12 18.2972 0.01
r 34 0.01 12 16.5811 0.01
r 42 0.01 12 14.9553 0.01
r 50 0.01 12 13.2595 0.01
r 58 0.01 12 11.5291 0.01
r 66 0.01 12 9.72461 0.01
r 74 0.01 12 8.19243 0.01
r 106 0.01 12 8.33121 0.01
r 114 0.01 12 9.83094 0.01
r 122 0.01 12 11.5425 0.01
r 130 0.01 12 13.3711 0.01
r 138 0.01 12 15.1017 0.01
r 146 0.01 12 16.8684 0.01
s 110 2 34
r 2 0.01 6 26.2905 0.01
r 10 0.01 6 24.9834 0.01
r 18 0.01 6 23.7898 0.01
r 26 0.01 6 22.2819 0.01
r 34 0.01 6 20.6954 0.01
r 42 0.01 6 19.1381 0.01
r 50 0.01 6 17.5625 0.01
r 58 0.01 6 15.8417 0.01
r 66 0.01 6 14.0784 0.01
r 74 0.01 6 12.2099 0.01
r 82 0.01 6 10.0809 0.01
r 90 0.01 6 7.80475 0.01
r 98 0.01 6 5.50066 0.01
r 122 0.01 6 5.45198 0.01
r 130 0.01 6 7.7253 0.01
r 138 0.01 6 9.97236 0.01
r 146 0.01 6 12.2216 0.01
r 2 0.01 12 27.8861 0.01
r 10 0.01 12 26.0762 0.01
r 18 0.01 12 24.4275 0.01
r 26 0.01 12 22.7479 0.01
r 34 0.01 12 21.0292 0.01
r 42 0.01 12 19.4052 0.01
r 50 0.01 12 17.7054 0.01
r 58 0.01 12 15.9755 0.01
r 66 0.01 12 14.16 0.01
r 74 0.01 12 12.3701 0.01
r 82 0.01 12 10.6517 0.01
r 90 0.01 12 9.07132 0.01
r 98 0.01 12 7.75206 0.01
r 122 0.01 12 7.82108 0.01
r 130 0.01 12 9.18051 0.01
r 138 0.01 12 10.7988 0.01
r 146 0.01 12 12.5448 0.01
