5
s 30 2 31
r 20 0.01 0 4.05296 0.01
r 22 0.01 0 3.70732 0.01
r 24 0.01 0 3.39199 0.01
r 26 0.01 0 2.97845 0.01
r 28 0.01 0 1.88091 0.01
r 30 0.01 0 1.32667 0.01
r 32 0.01 0 1.88091 0.01
r 34 0.01 0 2.97845 0.01
r 36 0.01 0 3.46419 0.01
r 38 0.01 0 3.83177 0.01
r 40 0.01 0 4.23595 0.01
r 42 0.01 0 4.63714 0.01
r 44 0.01 0 5.01097 0.01
r 46 0.01 0 5.30622 0.01
r 48 0.01 0 5.6336 0.01
r 50 0.01 0 6.01941 0.01
r 52 0.01 0 6.3975 0.01
r 54 0.01 0 6.76755 0.01
r 56 0.01 0 7.10062 0.01
r 58 0.01 0 7.41204 0.01
r 60 0.01 0 7.70849 0.01
r 62 0.01 0 8.03117 0.01
r 64 0.01 0 8.40856 0.01
r 66 0.01 0 8.77112 0.01
r 68 0.01 0 9.0469 0.01
r 70 0.01 0 9.3253 0.01
r 72 0.01 0 9.61857 0.01
r 74 0.01 0 9.93121 0.01
r 76 0.01 0 10.2177 0.01
r 78 0.01 0 10.543 0.01
r 80 0.01 0 10.831 0.01
s 40 2 31
r 20 0.01 0 5.80951 0.01
r 22 0.01 0 5.47662 0.01
r 24 0.01 0 5.16241 0.01
r 26 0.01 0 4.91016 0.01
r 28 0.01 0 4.62556 0.01
r 30 0.01 0 4.23789 0.01
r 32 0.01 0 3.87237 0.01
r 34 0.01 0 3.524 0.01
r 36 0.01 0 2.97845 0.01
r 38 0.01 0 1.88091 0.01
r 40 0.01 0 1.32667 0.01
r 42 0.01 0 1.88091 0.01
r 44 0.01 0 2.97845 0.01
r 46 0.01 0 3.67292 0.01
r 48 0.01 0 4.00295 0.01
r 50 0.01 0 4.39963 0.01
r 52 0.01 0 4.79492 0.01
r 54 0.01 0 5.18396 0.01
r 56 0.01 0 5.53142 0.01
r 58 0.01 0 5.86321 0.01
r 60 0.01 0 6.17418 0.01
r 62 0.01 0 6.51518 0.01
r 64 0.01 0 6.92015 0.01
r 66 0.01 0 7.31549 0.01
r 68 0.01 0 7.60918 0.01
r 70 0.01 0 7.90782 0.01
r 72 0.01 0 8.22605 0.01
r 74 0.01 0 8.56488 0.01
r 76 0.01 0 8.87312 0.01
r 78 0.01 0 9.22853 0.01
r 80 0.01 0 9.54775 0.01
s 50 2 31
r 20 0.01 0 7.50014 0.01
r 22 0.01 0 7.19056 0.01
r 24 0.01 0 6.89407 0.01
r 26 0.01 0 6.64986 0.01
r 28 0.01 0 6.38572 0.01
r 30 0.01 0 6.01755 0.01
r 32 0.01 0 5.66488 0.01
r 34 0.01 0 5.32733 0.01
r 36 0.01 0 5.01116 0.01
r 38 0.01 0 4.72234 0.01
r 40 0.01 0 4.42682 0.01
r 42 0.01 0 4.0491 0.01
r 44 0.01 0 3.65022 0.01
r 46 0.01 0 2.97845 0.01
r 48 0.01 0 1.88091 0.01
r 50 0.01 0 1.32667 0.01
r 52 0.01 0 1.88091 0.01
r 54 0.01 0 2.97845 0.01
r 56 0.01 0 3.93005 0.01
r 58 0.01 0 4.19177 0.01
r 60 0.01 0 4.51048 0.01
r 62 0.01 0 4.86319 0.01
r 64 0.01 0 5.29333 0.01
r 66 0.01 0 5.71194 0.01
r 68 0.01 0 6.02247 0.01
r 70 0.01 0 6.33383 0.01
r 72 0.01 0 6.67122 0.01
r 74 0.01 0 7.03753 0.01
r 76 0.01 0 7.36916 0.01
r 78 0.01 0 7.74954 0.01
r 80 0.01 0 8.10082 0.01
s 60 2 31
r 20 0.01 0 9.06421 0.01
r 22 0.01 0 8.77741 0.01
r 24 0.01 0 8.50426 0.01
r 26 0.01 0 8.28068 0.01
r 28 0.01 0 8.03963 0.01
r 30 0.01 0 7.69685 0.01
r 32 0.01 0 7.3671 0.01
r 34 0.01 0 7.04908 0.01
r 36 0.01 0 6.74678 0.01
r 38 0.01 0 6.47134 0.01
r 40 0.01 0 6.1858 0.01
r 42 0.01 0 5.82731 0.01
r 44 0.01 0 5.44081 0.01
r 46 0.01 0 5.1133 0.01
r 48 0.01 0 4.81956 0.01
r 50 0.01 0 4.51912 0.01
r 52 0.01 0 4.1787 0.01
r 54 0.01 0 3.93005 0.01
r 56 0.01 0 2.97845 0.01
r 58 0.01 0 1.88091 0.01
r 60 0.01 0 1.32667 0.01
r 62 0.01 0 1.88091 0.01
r 64 0.01 0 2.97845 0.01
r 66 0.01 0 3.93005 0.01
r 68 0.01 0 4.33453 0.01
r 70 0.01 0 4.64963 0.01
r 72 0.01 0 4.99654 0.01
r 74 0.01 0 5.3807 0.01
r 76 0.01 0 5.72794 0.01
r 78 0.01 0 6.1252 0.01
r 80 0.01 0 6.50977 0.01
s 70 2 31
r 20 0.01 0 10.5518 0.01
r 22 0.01 0 10.2946 0.01
r 24 0.01 0 10.0434 0.01
r 26 0.01 0 9.84007 0.01
r 28 0.01 0 9.62766 0.01
r 30 0.01 0 9.31625 0.01
r 32 0.01 0 9.00873 0.01
r 34 0.01 0 8.717 0.01
r 36 0.01 0 8.43926 0.01
r 38 0.01 0 8.18189 0.01
r 40 0.01 0 7.91522 0.01
r 42 0.01 0 7.58749 0.01
r 44 0.01 0 7.2276 0.01
r 46 0.01 0 6.913 0.01
r 48 0.01 0 6.63325 0.01
r 50 0.01 0 6.34342 0.01
r 52 0.01 0 6.01721 0.01
r 54 0.01 0 5.6759 0.01
r 56 0.01 0 5.29524 0.01
r 58 0.01 0 4.9525 0.01
r 60 0.01 0 4.6676 0.01
r 62 0.01 0 4.39949 0.01
r 64 0.01 0 3.93005 0.01
r 66 0.01 0 2.97845 0.01
r 68 0.01 0 1.88091 0.01
r 70 0.01 0 1.32667 0.01
r 72 0.01 0 1.88091 0.01
r 74 0.01 0 2.97845 0.01
r 76 0.01 0 3.93005 0.01
r 78 0.01 0 4.45484 0.01
r 80 0.01 0 4.85817 0.01
