5
s 30 2 31
r 20 0.01 6 5.04861 0.01
r 22 0.01 6 4.45483 0.01
r 24 0.01 6 3.90529 0.01
r 26 0.01 6 3.37351 0.01
r 28 0.01 6 2.91495 0.01
r 30 0.01 6 2.71235 0.01
r 32 0.01 6 2.84766 0.01
r 34 0.01 6 3.29176 0.01
r 36 0.01 6 3.88911 0.01
r 38 0.01 6 4.50091 0.01
r 40 0.01 6 5.13331 0.01
r 42 0.01 6 5.76155 0.01
r 44 0.01 6 6.38533 0.01
r 46 0.01 6 7.0127 0.01
r 48 0.01 6 7.58646 0.01
r 50 0.01 6 8.18237 0.01
r 52 0.01 6 8.78231 0.01
r 54 0.01 6 9.37245 0.01
r 56 0.01 6 9.95759 0.01
r 58 0.01 6 10.5341 0.01
r 60 0.01 6 11.1015 0.01
r 62 0.01 6 11.6582 0.01
r 64 0.01 6 12.1997 0.01
r 66 0.01 6 12.7383 0.01
r 68 0.01 6 13.2528 0.01
r 70 0.01 6 13.8045 0.01
r 72 0.01 6 14.3383 0.01
r 74 0.01 6 14.8398 0.01
r 76 0.01 6 15.3329 0.01
r 78 0.01 6 15.8152 0.01
r 80 0.01 6 16.2811 0.01
s 40 2 31
r 20 0.01 6 8.05972 0.01
r 22 0.01 6 7.4778 0.01
r 24 0.01 6 6.9285 0.01
r 26 0.01 6 6.38057 0.01
r 28 0.01 6 5.77084 0.01
r 30 0.01 6 5.14033 0.01
r 32 0.01 6 4.53233 0.01
r 34 0.01 6 3.93628 0.01
r 36 0.01 6 3.37183 0.01
r 38 0.01 6 2.96347 0.01
r 40 0.01 6 2.84662 0.01
r 42 0.01 6 3.05769 0.01
r 44 0.01 6 3.52446 0.01
r 46 0.01 6 4.05065 0.01
r 48 0.01 6 4.62996 0.01
r 50 0.01 6 5.22997 0.01
r 52 0.01 6 5.85157 0.01
r 54 0.01 6 6.47413 0.01
r 56 0.01 6 7.08308 0.01
r 58 0.01 6 7.69213 0.01
r 60 0.01 6 8.29646 0.01
r 62 0.01 6 8.89334 0.01
r 64 0.01 6 9.46468 0.01
r 66 0.01 6 10.0385 0.01
r 68 0.01 6 10.592 0.01
r 70 0.01 6 11.1404 0.01
r 72 0.01 6 11.7135 0.01
r 74 0.01 6 12.3144 0.01
r 76 0.01 6 12.8499 0.01
r 78 0.01 6 13.387 0.01
r 80 0.01 6 13.8828 0.01
s 50 2 31
r 20 0.01 6 10.9594 0.01
r 22 0.01 6 10.4151 0.01
r 24 0.01 6 9.88854 0.01
r 26 0.01 6 9.3663 0.01
r 28 0.01 6 8.78606 0.01
r 30 0.01 6 8.1852 0.01
r 32 0.01 6 7.59787 0.01
r 34 0.01 6 7.01103 0.01
r 36 0.01 6 6.4403 0.01
r 38 0.01 6 5.85006 0.01
r 40 0.01 6 5.22948 0.01
r 42 0.01 6 4.60611 0.01
r 44 0.01 6 4.00688 0.01
r 46 0.01 6 3.45062 0.01
r 48 0.01 6 3.09135 0.01
r 50 0.01 6 2.97601 0.01
r 52 0.01 6 3.16869 0.01
r 54 0.01 6 3.60127 0.01
r 56 0.01 6 4.10942 0.01
r 58 0.01 6 4.68233 0.01
r 60 0.01 6 5.31989 0.01
r 62 0.01 6 5.88938 0.01
r 64 0.01 6 6.49467 0.01
r 66 0.01 6 7.09803 0.01
r 68 0.01 6 7.69002 0.01
r 70 0.01 6 8.24685 0.01
r 72 0.01 6 8.81929 0.01
r 74 0.01 6 9.40913 0.01
r 76 0.01 6 9.99537 0.01
r 78 0.01 6 10.5684 0.01
r 80 0.01 6 11.13 0.01
s 60 2 31
r 20 0.01 6 13.672 0.01
r 22 0.01 6 13.1733 0.01
r 24 0.01 6 12.6828 0.01
r 26 0.01 6 12.1964 0.01
r 28 0.01 6 11.6613 0.01
r 30 0.01 6 11.1077 0.01
r 32 0.01 6 10.5566 0.01
r 34 0.01 6 9.99663 0.01
r 36 0.01 6 9.44711 0.01
r 38 0.01 6 8.88518 0.01
r 40 0.01 6 8.28462 0.01
r 42 0.01 6 7.68947 0.01
r 44 0.01 6 7.08114 0.01
r 46 0.01 6 6.50855 0.01
r 48 0.01 6 5.89666 0.01
r 50 0.01 6 5.29059 0.01
r 52 0.01 6 4.68375 0.01
r 54 0.01 6 4.06445 0.01
r 56 0.01 6 3.52582 0.01
r 58 0.01 6 3.14289 0.01
r 60 0.01 6 2.97593 0.01
r 62 0.01 6 3.18945 0.01
r 64 0.01 6 3.64955 0.01
r 66 0.01 6 4.17169 0.01
r 68 0.01 6 4.76048 0.01
r 70 0.01 6 5.29966 0.01
r 72 0.01 6 5.85645 0.01
r 74 0.01 6 6.44907 0.01
r 76 0.01 6 7.03624 0.01
r 78 0.01 6 7.60007 0.01
r 80 0.01 6 8.16212 0.01
s 70 2 31
r 20 0.01 6 16.1683 0.01
r 22 0.01 6 15.7276 0.01
r 24 0.01 6 15.2619 0.01
r 26 0.01 6 14.8292 0.01
r 28 0.01 6 14.3328 0.01
r 30 0.01 6 13.8171 0.01
r 32 0.01 6 13.3046 0.01
r 34 0.01 6 12.7655 0.01
r 36 0.01 6 12.2442 0.01
r 38 0.01 6 11.7042 0.01
r 40 0.01 6 11.1357 0.01
r 42 0.01 6 10.559 0.01
r 44 0.01 6 9.99078 0.01
r 46 0.01 6 9.41439 0.01
r 48 0.01 6 8.83257 0.01
r 50 0.01 6 8.23158 0.01
r 52 0.01 6 7.62604 0.01
r 54 0.01 6 7.0198 0.01
r 56 0.01 6 6.41866 0.01
r 58 0.01 6 5.86468 0.01
r 60 0.01 6 5.29864 0.01
r 62 0.01 6 4.72658 0.01
r 64 0.01 6 4.17066 0.01
r 66 0.01 6 3.68546 0.01
r 68 0.01 6 3.35501 0.01
r 70 0.01 6 3.21517 0.01
r 72 0.01 6 3.3836 0.01
r 74 0.01 6 3.76612 0.01
r 76 0.01 6 4.25183 0.01
r 78 0.01 6 4.72235 0.01
r 80 0.01 6 5.2802 0.01
