5
s 30 2 62
r 20 0.01 7 4.68388 0.01
r 22 0.01 7 4.3413 0.01
r 24 0.01 7 4.01963 0.01
r 26 0.01 7 3.75764 0.01
r 28 0.01 7 3.34976 0.01
r 30 0.01 7 3.13152 0.01
r 32 0.01 7 3.29622 0.01
r 34 0.01 7 3.6964 0.01
r 36 0.01 7 4.04035 0.01
r 38 0.01 7 4.42711 0.01
r 40 0.01 7 4.79722 0.01
r 42 0.01 7 5.18633 0.01
r 44 0.01 7 5.59396 0.01
r 46 0.01 7 5.89383 0.01
r 48 0.01 7 6.19999 0.01
r 50 0.01 7 6.57308 0.01
r 52 0.01 7 6.93043 0.01
r 54 0.01 7 7.28439 0.01
r 56 0.01 7 7.61562 0.01
r 58 0.01 7 7.97791 0.01
r 60 0.01 7 8.22221 0.01
r 62 0.01 7 8.55272 0.01
r 64 0.01 7 8.92355 0.01
r 66 0.01 7 9.29164 0.01
r 68 0.01 7 9.56559 0.01
r 70 0.01 7 9.82593 0.01
r 72 0.01 7 10.132 0.01
r 74 0.01 7 10.4291 0.01
r 76 0.01 7 10.7515 0.01
r 78 0.01 7 11.0334 0.01
r 80 0.01 7 11.3702 0.01
r 20 0.01 8 5.59477 0.01
r 22 0.01 8 4.99486 0.01
r 24 0.01 8 4.44739 0.01
r 26 0.01 8 3.92831 0.01
r 28 0.01 8 3.36373 0.01
r 30 0.01 8 3.14422 0.01
r 32 0.01 8 3.31106 0.01
r 34 0.01 8 3.81393 0.01
r 36 0.01 8 4.40683 0.01
r 38 0.01 8 5.0164 0.01
r 40 0.01 8 5.64357 0.01
r 42 0.01 8 6.26923 0.01
r 44 0.01 8 6.8877 0.01
r 46 0.01 8 7.5075 0.01
r 48 0.01 8 8.08329 0.01
r 50 0.01 8 8.68044 0.01
r 52 0.01 8 9.27124 0.01
r 54 0.01 8 9.85618 0.01
r 56 0.01 8 10.4339 0.01
r 58 0.01 8 11.0074 0.01
r 60 0.01 8 11.5854 0.01
r 62 0.01 8 12.1308 0.01
r 64 0.01 8 12.6714 0.01
r 66 0.01 8 13.2009 0.01
r 68 0.01 8 13.7133 0.01
r 70 0.01 8 14.2568 0.01
r 72 0.01 8 14.7944 0.01
r 74 0.01 8 15.2918 0.01
r 76 0.01 8 15.7803 0.01
r 78 0.01 8 16.2608 0.01
r 80 0.01 8 16.7198 0.01
s 40 2 62
r 20 0.01 7 6.45339 0.01
r 22 0.01 7 6.15476 0.01
r 24 0.01 7 5.84057 0.01
r 26 0.01 7 5.59894 0.01
r 28 0.01 7 5.24182 0.01
r 30 0.01 7 4.87878 0.01
r 32 0.01 7 4.49442 0.01
r 34 0.01 7 4.16368 0.01
r 36 0.01 7 3.8564 0.01
r 38 0.01 7 3.46468 0.01
r 40 0.01 7 3.31606 0.01
r 42 0.01 7 3.54364 0.01
r 44 0.01 7 4.03317 0.01
r 46 0.01 7 4.33891 0.01
r 48 0.01 7 4.61795 0.01
r 50 0.01 7 5.01461 0.01
r 52 0.01 7 5.39788 0.01
r 54 0.01 7 5.77676 0.01
r 56 0.01 7 6.12194 0.01
r 58 0.01 7 6.49102 0.01
r 60 0.01 7 6.76499 0.01
r 62 0.01 7 7.18027 0.01
r 64 0.01 7 7.50528 0.01
r 66 0.01 7 7.90093 0.01
r 68 0.01 7 8.22589 0.01
r 70 0.01 7 8.48818 0.01
r 72 0.01 7 8.80288 0.01
r 74 0.01 7 9.14372 0.01
r 76 0.01 7 9.43706 0.01
r 78 0.01 7 9.79174 0.01
r 80 0.01 7 10.144 0.01
r 20 0.01 8 8.65828 0.01
r 22 0.01 8 8.07477 0.01
r 24 0.01 8 7.52646 0.01
r 26 0.01 8 7.00968 0.01
r 28 0.01 8 6.4039 0.01
r 30 0.01 8 5.75944 0.01
r 32 0.01 8 5.15351 0.01
r 34 0.01 8 4.51661 0.01
r 36 0.01 8 3.96372 0.01
r 38 0.01 8 3.47552 0.01
r 40 0.01 8 3.32688 0.01
r 42 0.01 8 3.55044 0.01
r 44 0.01 8 4.20932 0.01
r 46 0.01 8 4.76883 0.01
r 48 0.01 8 5.26664 0.01
r 50 0.01 8 5.90119 0.01
r 52 0.01 8 6.48913 0.01
r 54 0.01 8 7.09044 0.01
r 56 0.01 8 7.68876 0.01
r 58 0.01 8 8.29407 0.01
r 60 0.01 8 8.89306 0.01
r 62 0.01 8 9.4853 0.01
r 64 0.01 8 10.0642 0.01
r 66 0.01 8 10.6278 0.01
r 68 0.01 8 11.1783 0.01
r 70 0.01 8 11.7214 0.01
r 72 0.01 8 12.3052 0.01
r 74 0.01 8 12.8839 0.01
r 76 0.01 8 13.4116 0.01
r 78 0.01 8 13.943 0.01
r 80 0.01 8 14.4434 0.01
s 50 2 62
r 20 0.01 7 8.19385 0.01
r 22 0.01 7 7.91015 0.01
r 24 0.01 7 7.59786 0.01
r 26 0.01 7 7.36421 0.01
r 28 0.01 7 7.03529 0.01
r 30 0.01 7 6.76674 0.01
r 32 0.01 7 6.34282 0.01
r 34 0.01 7 5.99446 0.01
r 36 0.01 7 5.71918 0.01
r 38 0.01 7 5.41868 0.01
r 40 0.01 7 5.11436 0.01
r 42 0.01 7 4.7077 0.01
r 44 0.01 7 4.33045 0.01
r 46 0.01 7 4.0293 0.01
r 48 0.01 7 3.61832 0.01
r 50 0.01 7 3.48882 0.01
r 52 0.01 7 3.70167 0.01
r 54 0.01 7 4.15737 0.01
r 56 0.01 7 4.50835 0.01
r 58 0.01 7 4.88861 0.01
r 60 0.01 7 5.16423 0.01
r 62 0.01 7 5.55177 0.01
r 64 0.01 7 5.94659 0.01
r 66 0.01 7 6.37134 0.01
r 68 0.01 7 6.68774 0.01
r 70 0.01 7 6.96914 0.01
r 72 0.01 7 7.30892 0.01
r 74 0.01 7 7.66927 0.01
r 76 0.01 7 8.00179 0.01
r 78 0.01 7 8.40398 0.01
r 80 0.01 7 8.78472 0.01
r 20 0.01 8 11.574 0.01
r 22 0.01 8 11.0346 0.01
r 24 0.01 8 10.5133 0.01
r 26 0.01 8 9.98661 0.01
r 28 0.01 8 9.4074 0.01
r 30 0.01 8 8.81565 0.01
r 32 0.01 8 8.26137 0.01
r 34 0.01 8 7.67204 0.01
r 36 0.01 8 7.11205 0.01
r 38 0.01 8 6.49171 0.01
r 40 0.01 8 5.8704 0.01
r 42 0.01 8 5.24907 0.01
r 44 0.01 8 4.67414 0.01
r 46 0.01 8 4.09277 0.01
r 48 0.01 8 3.63644 0.01
r 50 0.01 8 3.50131 0.01
r 52 0.01 8 3.70791 0.01
r 54 0.01 8 4.19044 0.01
r 56 0.01 8 4.84934 0.01
r 58 0.01 8 5.39442 0.01
r 60 0.01 8 6.01299 0.01
r 62 0.01 8 6.60406 0.01
r 64 0.01 8 7.20811 0.01
r 66 0.01 8 7.80025 0.01
r 68 0.01 8 8.38007 0.01
r 70 0.01 8 9.00984 0.01
r 72 0.01 8 9.56645 0.01
r 74 0.01 8 10.1431 0.01
r 76 0.01 8 10.7518 0.01
r 78 0.01 8 11.3074 0.01
r 80 0.01 8 11.8703 0.01
s 60 2 62
r 20 0.01 7 9.7603 0.01
r 22 0.01 7 9.47941 0.01
r 24 0.01 7 9.19758 0.01
r 26 0.01 7 8.96747 0.01
r 28 0.01 7 8.69218 0.01
r 30 0.01 7 8.38282 0.01
r 32 0.01 7 8.06995 0.01
r 34 0.01 7 7.75843 0.01
r 36 0.01 7 7.44127 0.01
r 38 0.01 7 7.15725 0.01
r 40 0.01 7 6.87414 0.01
r 42 0.01 7 6.50246 0.01
r 44 0.01 7 6.12158 0.01
r 46 0.01 7 5.80482 0.01
r 48 0.01 7 5.51501 0.01
r 50 0.01 7 5.20811 0.01
r 52 0.01 7 4.8295 0.01
r 54 0.01 7 4.47952 0.01
r 56 0.01 7 4.09216 0.01
r 58 0.01 7 3.67199 0.01
r 60 0.01 7 3.4983 0.01
r 62 0.01 7 3.71859 0.01
r 64 0.01 7 4.21141 0.01
r 66 0.01 7 4.67768 0.01
r 68 0.01 7 5.00205 0.01
r 70 0.01 7 5.2971 0.01
r 72 0.01 7 5.64683 0.01
r 74 0.01 7 6.0195 0.01
r 76 0.01 7 6.37266 0.01
r 78 0.01 7 6.78742 0.01
r 80 0.01 7 7.14576 0.01
r 20 0.01 8 14.3007 0.01
r 22 0.01 8 13.7999 0.01
r 24 0.01 8 13.3205 0.01
r 26 0.01 8 12.8365 0.01
r 28 0.01 8 12.2958 0.01
r 30 0.01 8 11.7428 0.01
r 32 0.01 8 11.1973 0.01
r 34 0.01 8 10.6451 0.01
r 36 0.01 8 10.1009 0.01
r 38 0.01 8 9.53803 0.01
r 40 0.01 8 8.94676 0.01
r 42 0.01 8 8.35636 0.01
r 44 0.01 8 7.76253 0.01
r 46 0.01 8 7.18256 0.01
r 48 0.01 8 6.55882 0.01
r 50 0.01 8 5.94688 0.01
r 52 0.01 8 5.33757 0.01
r 54 0.01 8 4.72704 0.01
r 56 0.01 8 4.15048 0.01
r 58 0.01 8 3.68059 0.01
r 60 0.01 8 3.50241 0.01
r 62 0.01 8 3.72334 0.01
r 64 0.01 8 4.22762 0.01
r 66 0.01 8 4.88017 0.01
r 68 0.01 8 5.47599 0.01
r 70 0.01 8 6.00766 0.01
r 72 0.01 8 6.57446 0.01
r 74 0.01 8 7.14789 0.01
r 76 0.01 8 7.75976 0.01
r 78 0.01 8 8.30587 0.01
r 80 0.01 8 8.86624 0.01
s 70 2 62
r 20 0.01 7 11.3303 0.01
r 22 0.01 7 11.0752 0.01
r 24 0.01 7 10.8143 0.01
r 26 0.01 7 10.611 0.01
r 28 0.01 7 10.3574 0.01
r 30 0.01 7 10.0767 0.01
r 32 0.01 7 9.80261 0.01
r 34 0.01 7 9.48518 0.01
r 36 0.01 7 9.23592 0.01
r 38 0.01 7 8.95194 0.01
r 40 0.01 7 8.67414 0.01
r 42 0.01 7 8.33205 0.01
r 44 0.01 7 8.00729 0.01
r 46 0.01 7 7.69576 0.01
r 48 0.01 7 7.41569 0.01
r 50 0.01 7 7.12977 0.01
r 52 0.01 7 6.75447 0.01
r 54 0.01 7 6.41479 0.01
r 56 0.01 7 6.05204 0.01
r 58 0.01 7 5.70088 0.01
r 60 0.01 7 5.49442 0.01
r 62 0.01 7 5.20333 0.01
r 64 0.01 7 4.76172 0.01
r 66 0.01 7 4.3767 0.01
r 68 0.01 7 3.97055 0.01
r 70 0.01 7 3.82408 0.01
r 72 0.01 7 4.0001 0.01
r 74 0.01 7 4.44257 0.01
r 76 0.01 7 4.79595 0.01
r 78 0.01 7 5.35523 0.01
r 80 0.01 7 5.62686 0.01
r 20 0.01 8 16.8891 0.01
r 22 0.01 8 16.4429 0.01
r 24 0.01 8 15.997 0.01
r 26 0.01 8 15.5562 0.01
r 28 0.01 8 15.0663 0.01
r 30 0.01 8 14.5602 0.01
r 32 0.01 8 14.0606 0.01
r 34 0.01 8 13.5514 0.01
r 36 0.01 8 13.0467 0.01
r 38 0.01 8 12.5249 0.01
r 40 0.01 8 11.9813 0.01
r 42 0.01 8 11.421 0.01
r 44 0.01 8 10.8629 0.01
r 46 0.01 8 10.3093 0.01
r 48 0.01 8 9.73387 0.01
r 50 0.01 8 9.06974 0.01
r 52 0.01 8 8.60109 0.01
r 54 0.01 8 7.86855 0.01
r 56 0.01 8 7.26958 0.01
r 58 0.01 8 6.63357 0.01
r 60 0.01 8 6.07276 0.01
r 62 0.01 8 5.52267 0.01
r 64 0.01 8 4.91405 0.01
r 66 0.01 8 4.37914 0.01
r 68 0.01 8 3.97831 0.01
r 70 0.01 8 3.82771 0.01
r 72 0.01 8 4.00609 0.01
r 74 0.01 8 4.42162 0.01
r 76 0.01 8 5.08749 0.01
r 78 0.01 8 5.61977 0.01
r 80 0.01 8 6.17693 0.01
