5
s 30 2 17
r 2 0.01 7 7.43586 0.01
r 10 0.01 7 6.20047 0.01
r 18 0.01 7 5.16014 0.01
r 42 0.01 7 5.4841 0.01
r 50 0.01 7 6.69899 0.01
r 58 0.01 7 7.93164 0.01
r 66 0.01 7 8.9535 0.01
r 74 0.01 7 9.90249 0.01
r 82 0.01 7 10.9201 0.01
r 90 0.01 7 11.8327 0.01
r 98 0.01 7 12.8453 0.01
r 106 0.01 7 13.8112 0.01
r 114 0.01 7 14.7494 0.01
r 122 0.01 7 15.7056 0.01
r 130 0.01 7 16.7103 0.01
r 138 0.01 7 17.672 0.01
r 146 0.01 7 18.6301 0.01
s 50 2 16
r 2 0.01 7 10.2474 0.01
r 10 0.01 7 9.24991 0.01
r 18 0.01 7 8.45354 0.01
r 26 0.01 7 7.31067 0.01
r 34 0.01 7 6.14555 0.01
r 66 0.01 7 6.24479 0.01
r 74 0.01 7 7.51886 0.01
r 82 0.01 7 8.73442 0.01
r 90 0.01 7 9.7047 0.01
r 98 0.01 7 10.7082 0.01
r 106 0.01 7 11.7134 0.01
r 114 0.01 7 12.677 0.01
r 122 0.01 7 13.6479 0.01
r 130 0.01 7 14.6632 0.01
r 138 0.01 7 15.625 0.01
r 146 0.01 7 16.5831 0.01
s 70 2 17
r 2 0.01 7 12.6227 0.01
r 10 0.01 7 11.6583 0.01
r 18 0.01 7 10.8888 0.01
r 26 0.01 7 9.92917 0.01
r 34 0.01 7 8.99759 0.01
r 42 0.01 7 8.16936 0.01
r 50 0.01 7 6.86939 0.01
r 58 0.01 7 5.59128 0.01
r 82 0.01 7 5.5025 0.01
r 90 0.01 7 6.69165 0.01
r 98 0.01 7 7.95093 0.01
r 106 0.01 7 9.15985 0.01
r 114 0.01 7 10.1501 0.01
r 122 0.01 7 11.1485 0.01
r 130 0.01 7 12.1981 0.01
r 138 0.01 7 13.1783 0.01
r 146 0.01 7 14.1362 0.01
s 90 2 16
r 2 0.01 7 14.8838 0.01
r 10 0.01 7 13.9504 0.01
r 18 0.01 7 13.2239 0.01
r 26 0.01 7 12.2727 0.01
r 34 0.01 7 11.3731 0.01
r 42 0.01 7 10.5738 0.01
r 50 0.01 7 9.606 0.01
r 58 0.01 7 8.59059 0.01
r 66 0.01 7 7.2837 0.01
r 74 0.01 7 6.00552 0.01
r 106 0.01 7 5.92108 0.01
r 114 0.01 7 7.18001 0.01
r 122 0.01 7 8.43762 0.01
r 130 0.01 7 9.65448 0.01
r 138 0.01 7 10.6626 0.01
r 146 0.01 7 11.6533 0.01
s 110 2 17
r 2 0.01 7 17.2465 0.01
r 10 0.01 7 16.3134 0.01
r 18 0.01 7 15.5974 0.01
r 26 0.01 7 14.67 0.01
r 34 0.01 7 13.7887 0.01
r 42 0.01 7 13.0336 0.01
r 50 0.01 7 12.093 0.01
r 58 0.01 7 11.1409 0.01
r 66 0.01 7 10.073 0.01
r 74 0.01 7 9.08919 0.01
r 82 0.01 7 7.87648 0.01
r 90 0.01 7 6.56492 0.01
r 98 0.01 7 5.27553 0.01
r 122 0.01 7 5.244 0.01
r 130 0.01 7 6.59207 0.01
r 138 0.01 7 7.88373 0.01
r 146 0.01 7 9.09621 0.01
