5
s 30 2 17
r 2 0.01 7 7.43627 0.01
r 10 0.01 7 6.20099 0.01
r 18 0.01 7 5.1653 0.01
r 42 0.01 7 5.47789 0.01
r 50 0.01 7 6.69438 0.01
r 58 0.01 7 7.93067 0.01
r 66 0.01 7 8.95666 0.01
r 74 0.01 7 9.89544 0.01
r 82 0.01 7 10.9233 0.01
r 90 0.01 7 11.8588 0.01
r 98 0.01 7 12.8407 0.01
r 106 0.01 7 13.8068 0.01
r 114 0.01 7 14.7281 0.01
r 122 0.01 7 15.7004 0.01
r 130 0.01 7 16.7122 0.01
r 138 0.01 7 17.6737 0.01
r 146 0.01 7 18.6318 0.01
s 50 2 16
r 2 0.01 7 10.2461 0.01
r 10 0.01 7 9.24796 0.01
r 18 0.01 7 8.4553 0.01
r 26 0.01 7 7.30915 0.01
r 34 0.01 7 6.14121 0.01
r 66 0.01 7 6.24973 0.01
r 74 0.01 7 7.52023 0.01
r 82 0.01 7 8.73507 0.01
r 90 0.01 7 9.70448 0.01
r 98 0.01 7 10.7096 0.01
r 106 0.01 7 11.7148 0.01
r 114 0.01 7 12.6787 0.01
r 122 0.01 7 13.6496 0.01
r 130 0.01 7 14.6629 0.01
r 138 0.01 7 15.6247 0.01
r 146 0.01 7 16.5829 0.01
s 70 2 17
r 2 0.01 7 12.6216 0.01
r 10 0.01 7 11.6571 0.01
r 18 0.01 7 10.8874 0.01
r 26 0.01 7 9.92774 0.01
r 34 0.01 7 8.99593 0.01
r 42 0.01 7 8.18944 0.01
r 50 0.01 7 6.86755 0.01
r 58 0.01 7 5.59007 0.01
r 82 0.01 7 5.50309 0.01
r 90 0.01 7 6.68021 0.01
r 98 0.01 7 7.95406 0.01
r 106 0.01 7 9.16054 0.01
r 114 0.01 7 10.1518 0.01
r 122 0.01 7 11.1501 0.01
r 130 0.01 7 12.1992 0.01
r 138 0.01 7 13.1777 0.01
r 146 0.01 7 14.1355 0.01
s 90 2 16
r 2 0.01 7 14.885 0.01
r 10 0.01 7 13.9516 0.01
r 18 0.01 7 13.225 0.01
r 26 0.01 7 12.2739 0.01
r 34 0.01 7 11.363 0.01
r 42 0.01 7 10.575 0.01
r 50 0.01 7 9.60715 0.01
r 58 0.01 7 8.59072 0.01
r 66 0.01 7 7.28491 0.01
r 74 0.01 7 6.00686 0.01
r 106 0.01 7 5.93959 0.01
r 114 0.01 7 7.18173 0.01
r 122 0.01 7 8.41833 0.01
r 130 0.01 7 9.65534 0.01
r 138 0.01 7 10.6635 0.01
r 146 0.01 7 11.6576 0.01
s 110 2 17
r 2 0.01 7 17.2478 0.01
r 10 0.01 7 16.3147 0.01
r 18 0.01 7 15.5987 0.01
r 26 0.01 7 14.6713 0.01
r 34 0.01 7 13.79 0.01
r 42 0.01 7 13.0349 0.01
r 50 0.01 7 12.0943 0.01
r 58 0.01 7 11.1422 0.01
r 66 0.01 7 10.0673 0.01
r 74 0.01 7 9.09119 0.01
r 82 0.01 7 7.8932 0.01
r 90 0.01 7 6.54475 0.01
r 98 0.01 7 5.27687 0.01
r 122 0.01 7 5.24587 0.01
r 130 0.01 7 6.58399 0.01
r 138 0.01 7 7.88542 0.01
r 146 0.01 7 9.10023 0.01
