10
s    55.000     3.000  201
r    35.000     0.010    2     0.000     0.000
r    35.200     0.010    2     0.000     0.000
r    35.400     0.010    2     0.000     0.000
r    35.600     0.010    2     0.000     0.000
r    35.800     0.010    2     0.000     0.000
r    36.000     0.010    2     0.000     0.000
r    36.200     0.010    2     0.000     0.000
r    36.400     0.010    2     0.000     0.000
r    36.600     0.010    2     0.000     0.000
r    36.800     0.010    2     0.000     0.000
r    37.000     0.010    2     0.000     0.000
r    37.200     0.010    2     0.000     0.000
r    37.400     0.010    2     0.000     0.000
r    37.600     0.010    2     0.000     0.000
r    37.800     0.010    2     0.000     0.000
r    38.000     0.010    2     0.000     0.000
r    38.200     0.010    2     0.000     0.000
r    38.400     0.010    2     0.000     0.000
r    38.600     0.010    2     0.000     0.000
r    38.800     0.010    2     0.000     0.000
r    39.000     0.010    2     0.000     0.000
r    39.200     0.010    2     0.000     0.000
r    39.400     0.010    2     0.000     0.000
r    39.600     0.010    2     0.000     0.000
r    39.800     0.010    2     0.000     0.000
r    40.000     0.010    2     0.000     0.000
r    40.200     0.010    2     0.000     0.000
r    40.400     0.010    2     0.000     0.000
r    40.600     0.010    2     0.000     0.000
r    40.800     0.010    2     0.000     0.000
r    41.000     0.010    2     0.000     0.000
r    41.200     0.010    2     0.000     0.000
r    41.400     0.010    2     0.000     0.000
r    41.600     0.010    2     0.000     0.000
r    41.800     0.010    2     0.000     0.000
r    42.000     0.010    2     0.000     0.000
r    42.200     0.010    2     0.000     0.000
r    42.400     0.010    2     0.000     0.000
r    42.600     0.010    2     0.000     0.000
r    42.800     0.010    2     0.000     0.000
r    43.000     0.010    2     0.000     0.000
r    43.200     0.010    2     0.000     0.000
r    43.400     0.010    2     0.000     0.000
r    43.600     0.010    2     0.000     0.000
r    43.800     0.010    2     0.000     0.000
r    44.000     0.010    2     0.000     0.000
r    44.200     0.010    2     0.000     0.000
r    44.400     0.010    2     0.000     0.000
r    44.600     0.010    2     0.000     0.000
r    44.800     0.010    2     0.000     0.000
r    45.000     0.010    2     0.000     0.000
r    45.200     0.010    2     0.000     0.000
r    45.400     0.010    2     0.000     0.000
r    45.600     0.010    2     0.000     0.000
r    45.800     0.010    2     0.000     0.000
r    46.000     0.010    2     0.000     0.000
r    46.200     0.010    2     0.000     0.000
r    46.400     0.010    2     0.000     0.000
r    46.600     0.010    2     0.000     0.000
r    46.800     0.010    2     0.000     0.000
r    47.000     0.010    2     0.000     0.000
r    47.200     0.010    2     0.000     0.000
r    47.400     0.010    2     0.000     0.000
r    47.600     0.010    2     0.000     0.000
r    47.800     0.010    2     0.000     0.000
r    48.000     0.010    2     0.000     0.000
r    48.200     0.010    2     0.000     0.000
r    48.400     0.010    2     0.000     0.000
r    48.600     0.010    2     0.000     0.000
r    48.800     0.010    2     0.000     0.000
r    49.000     0.010    2     0.000     0.000
r    49.200     0.010    2     0.000     0.000
r    49.400     0.010    2     0.000     0.000
r    49.600     0.010    2     0.000     0.000
r    49.800     0.010    2     0.000     0.000
r    50.000     0.010    2     0.000     0.000
r    50.200     0.010    2     0.000     0.000
r    50.400     0.010    2     0.000     0.000
r    50.600     0.010    2     0.000     0.000
r    50.800     0.010    2     0.000     0.000
r    51.000     0.010    2     0.000     0.000
r    51.200     0.010    2     0.000     0.000
r    51.400     0.010    2     0.000     0.000
r    51.600     0.010    2     0.000     0.000
r    51.800     0.010    2     0.000     0.000
r    52.000     0.010    2     0.000     0.000
r    52.200     0.010    2     0.000     0.000
r    52.400     0.010    2     0.000     0.000
r    52.600     0.010    2     0.000     0.000
r    52.800     0.010    2     0.000     0.000
r    53.000     0.010    2     0.000     0.000
r    53.200     0.010    2     0.000     0.000
r    53.400     0.010    2     0.000     0.000
r    53.600     0.010    2     0.000     0.000
r    53.800     0.010    2     0.000     0.000
r    54.000     0.010    2     0.000     0.000
r    54.200     0.010    2     0.000     0.000
r    54.400     0.010    2     0.000     0.000
r    54.600     0.010    2     0.000     0.000
r    54.800     0.010    2     0.000     0.000
r    55.000     0.010    2     0.000     0.000
r    55.200     0.010    2     0.000     0.000
r    55.400     0.010    2     0.000     0.000
r    55.600     0.010    2     0.000     0.000
r    55.800     0.010    2     0.000     0.000
r    56.000     0.010    2     0.000     0.000
r    56.200     0.010    2     0.000     0.000
r    56.400     0.010    2     0.000     0.000
r    56.600     0.010    2     0.000     0.000
r    56.800     0.010    2     0.000     0.000
r    57.000     0.010    2     0.000     0.000
r    57.200     0.010    2     0.000     0.000
r    57.400     0.010    2     0.000     0.000
r    57.600     0.010    2     0.000     0.000
r    57.800     0.010    2     0.000     0.000
r    58.000     0.010    2     0.000     0.000
r    58.200     0.010    2     0.000     0.000
r    58.400     0.010    2     0.000     0.000
r    58.600     0.010    2     0.000     0.000
r    58.800     0.010    2     0.000     0.000
r    59.000     0.010    2     0.000     0.000
r    59.200     0.010    2     0.000     0.000
r    59.400     0.010    2     0.000     0.000
r    59.600     0.010    2     0.000     0.000
r    59.800     0.010    2     0.000     0.000
r    60.000     0.010    2     0.000     0.000
r    60.200     0.010    2     0.000     0.000
r    60.400     0.010    2     0.000     0.000
r    60.600     0.010    2     0.000     0.000
r    60.800     0.010    2     0.000     0.000
r    61.000     0.010    2     0.000     0.000
r    61.200     0.010    2     0.000     0.000
r    61.400     0.010    2     0.000     0.000
r    61.600     0.010    2     0.000     0.000
r    61.800     0.010    2     0.000     0.000
r    62.000     0.010    2     0.000     0.000
r    62.200     0.010    2     0.000     0.000
r    62.400     0.010    2     0.000     0.000
r    62.600     0.010    2     0.000     0.000
r    62.800     0.010    2     0.000     0.000
r    63.000     0.010    2     0.000     0.000
r    63.200     0.010    2     0.000     0.000
r    63.400     0.010    2     0.000     0.000
r    63.600     0.010    2     0.000     0.000
r    63.800     0.010    2     0.000     0.000
r    64.000     0.010    2     0.000     0.000
r    64.200     0.010    2     0.000     0.000
r    64.400     0.010    2     0.000     0.000
r    64.600     0.010    2     0.000     0.000
r    64.800     0.010    2     0.000     0.000
r    65.000     0.010    2     0.000     0.000
r    65.200     0.010    2     0.000     0.000
r    65.400     0.010    2     0.000     0.000
r    65.600     0.010    2     0.000     0.000
r    65.800     0.010    2     0.000     0.000
r    66.000     0.010    2     0.000     0.000
r    66.200     0.010    2     0.000     0.000
r    66.400     0.010    2     0.000     0.000
r    66.600     0.010    2     0.000     0.000
r    66.800     0.010    2     0.000     0.000
r    67.000     0.010    2     0.000     0.000
r    67.200     0.010    2     0.000     0.000
r    67.400     0.010    2     0.000     0.000
r    67.600     0.010    2     0.000     0.000
r    67.800     0.010    2     0.000     0.000
r    68.000     0.010    2     0.000     0.000
r    68.200     0.010    2     0.000     0.000
r    68.400     0.010    2     0.000     0.000
r    68.600     0.010    2     0.000     0.000
r    68.800     0.010    2     0.000     0.000
r    69.000     0.010    2     0.000     0.000
r    69.200     0.010    2     0.000     0.000
r    69.400     0.010    2     0.000     0.000
r    69.600     0.010    2     0.000     0.000
r    69.800     0.010    2     0.000     0.000
r    70.000     0.010    2     0.000     0.000
r    70.200     0.010    2     0.000     0.000
r    70.400     0.010    2     0.000     0.000
r    70.600     0.010    2     0.000     0.000
r    70.800     0.010    2     0.000     0.000
r    71.000     0.010    2     0.000     0.000
r    71.200     0.010    2     0.000     0.000
r    71.400     0.010    2     0.000     0.000
r    71.600     0.010    2     0.000     0.000
r    71.800     0.010    2     0.000     0.000
r    72.000     0.010    2     0.000     0.000
r    72.200     0.010    2     0.000     0.000
r    72.400     0.010    2     0.000     0.000
r    72.600     0.010    2     0.000     0.000
r    72.800     0.010    2     0.000     0.000
r    73.000     0.010    2     0.000     0.000
r    73.200     0.010    2     0.000     0.000
r    73.400     0.010    2     0.000     0.000
r    73.600     0.010    2     0.000     0.000
r    73.800     0.010    2     0.000     0.000
r    74.000     0.010    2     0.000     0.000
r    74.200     0.010    2     0.000     0.000
r    74.400     0.010    2     0.000     0.000
r    74.600     0.010    2     0.000     0.000
r    74.800     0.010    2     0.000     0.000
r    75.000     0.010    2     0.000     0.000
s    65.000     3.000  201
r    45.000     0.010    2     0.000     0.000
r    45.200     0.010    2     0.000     0.000
r    45.400     0.010    2     0.000     0.000
r    45.600     0.010    2     0.000     0.000
r    45.800     0.010    2     0.000     0.000
r    46.000     0.010    2     0.000     0.000
r    46.200     0.010    2     0.000     0.000
r    46.400     0.010    2     0.000     0.000
r    46.600     0.010    2     0.000     0.000
r    46.800     0.010    2     0.000     0.000
r    47.000     0.010    2     0.000     0.000
r    47.200     0.010    2     0.000     0.000
r    47.400     0.010    2     0.000     0.000
r    47.600     0.010    2     0.000     0.000
r    47.800     0.010    2     0.000     0.000
r    48.000     0.010    2     0.000     0.000
r    48.200     0.010    2     0.000     0.000
r    48.400     0.010    2     0.000     0.000
r    48.600     0.010    2     0.000     0.000
r    48.800     0.010    2     0.000     0.000
r    49.000     0.010    2     0.000     0.000
r    49.200     0.010    2     0.000     0.000
r    49.400     0.010    2     0.000     0.000
r    49.600     0.010    2     0.000     0.000
r    49.800     0.010    2     0.000     0.000
r    50.000     0.010    2     0.000     0.000
r    50.200     0.010    2     0.000     0.000
r    50.400     0.010    2     0.000     0.000
r    50.600     0.010    2     0.000     0.000
r    50.800     0.010    2     0.000     0.000
r    51.000     0.010    2     0.000     0.000
r    51.200     0.010    2     0.000     0.000
r    51.400     0.010    2     0.000     0.000
r    51.600     0.010    2     0.000     0.000
r    51.800     0.010    2     0.000     0.000
r    52.000     0.010    2     0.000     0.000
r    52.200     0.010    2     0.000     0.000
r    52.400     0.010    2     0.000     0.000
r    52.600     0.010    2     0.000     0.000
r    52.800     0.010    2     0.000     0.000
r    53.000     0.010    2     0.000     0.000
r    53.200     0.010    2     0.000     0.000
r    53.400     0.010    2     0.000     0.000
r    53.600     0.010    2     0.000     0.000
r    53.800     0.010    2     0.000     0.000
r    54.000     0.010    2     0.000     0.000
r    54.200     0.010    2     0.000     0.000
r    54.400     0.010    2     0.000     0.000
r    54.600     0.010    2     0.000     0.000
r    54.800     0.010    2     0.000     0.000
r    55.000     0.010    2     0.000     0.000
r    55.200     0.010    2     0.000     0.000
r    55.400     0.010    2     0.000     0.000
r    55.600     0.010    2     0.000     0.000
r    55.800     0.010    2     0.000     0.000
r    56.000     0.010    2     0.000     0.000
r    56.200     0.010    2     0.000     0.000
r    56.400     0.010    2     0.000     0.000
r    56.600     0.010    2     0.000     0.000
r    56.800     0.010    2     0.000     0.000
r    57.000     0.010    2     0.000     0.000
r    57.200     0.010    2     0.000     0.000
r    57.400     0.010    2     0.000     0.000
r    57.600     0.010    2     0.000     0.000
r    57.800     0.010    2     0.000     0.000
r    58.000     0.010    2     0.000     0.000
r    58.200     0.010    2     0.000     0.000
r    58.400     0.010    2     0.000     0.000
r    58.600     0.010    2     0.000     0.000
r    58.800     0.010    2     0.000     0.000
r    59.000     0.010    2     0.000     0.000
r    59.200     0.010    2     0.000     0.000
r    59.400     0.010    2     0.000     0.000
r    59.600     0.010    2     0.000     0.000
r    59.800     0.010    2     0.000     0.000
r    60.000     0.010    2     0.000     0.000
r    60.200     0.010    2     0.000     0.000
r    60.400     0.010    2     0.000     0.000
r    60.600     0.010    2     0.000     0.000
r    60.800     0.010    2     0.000     0.000
r    61.000     0.010    2     0.000     0.000
r    61.200     0.010    2     0.000     0.000
r    61.400     0.010    2     0.000     0.000
r    61.600     0.010    2     0.000     0.000
r    61.800     0.010    2     0.000     0.000
r    62.000     0.010    2     0.000     0.000
r    62.200     0.010    2     0.000     0.000
r    62.400     0.010    2     0.000     0.000
r    62.600     0.010    2     0.000     0.000
r    62.800     0.010    2     0.000     0.000
r    63.000     0.010    2     0.000     0.000
r    63.200     0.010    2     0.000     0.000
r    63.400     0.010    2     0.000     0.000
r    63.600     0.010    2     0.000     0.000
r    63.800     0.010    2     0.000     0.000
r    64.000     0.010    2     0.000     0.000
r    64.200     0.010    2     0.000     0.000
r    64.400     0.010    2     0.000     0.000
r    64.600     0.010    2     0.000     0.000
r    64.800     0.010    2     0.000     0.000
r    65.000     0.010    2     0.000     0.000
r    65.200     0.010    2     0.000     0.000
r    65.400     0.010    2     0.000     0.000
r    65.600     0.010    2     0.000     0.000
r    65.800     0.010    2     0.000     0.000
r    66.000     0.010    2     0.000     0.000
r    66.200     0.010    2     0.000     0.000
r    66.400     0.010    2     0.000     0.000
r    66.600     0.010    2     0.000     0.000
r    66.800     0.010    2     0.000     0.000
r    67.000     0.010    2     0.000     0.000
r    67.200     0.010    2     0.000     0.000
r    67.400     0.010    2     0.000     0.000
r    67.600     0.010    2     0.000     0.000
r    67.800     0.010    2     0.000     0.000
r    68.000     0.010    2     0.000     0.000
r    68.200     0.010    2     0.000     0.000
r    68.400     0.010    2     0.000     0.000
r    68.600     0.010    2     0.000     0.000
r    68.800     0.010    2     0.000     0.000
r    69.000     0.010    2     0.000     0.000
r    69.200     0.010    2     0.000     0.000
r    69.400     0.010    2     0.000     0.000
r    69.600     0.010    2     0.000     0.000
r    69.800     0.010    2     0.000     0.000
r    70.000     0.010    2     0.000     0.000
r    70.200     0.010    2     0.000     0.000
r    70.400     0.010    2     0.000     0.000
r    70.600     0.010    2     0.000     0.000
r    70.800     0.010    2     0.000     0.000
r    71.000     0.010    2     0.000     0.000
r    71.200     0.010    2     0.000     0.000
r    71.400     0.010    2     0.000     0.000
r    71.600     0.010    2     0.000     0.000
r    71.800     0.010    2     0.000     0.000
r    72.000     0.010    2     0.000     0.000
r    72.200     0.010    2     0.000     0.000
r    72.400     0.010    2     0.000     0.000
r    72.600     0.010    2     0.000     0.000
r    72.800     0.010    2     0.000     0.000
r    73.000     0.010    2     0.000     0.000
r    73.200     0.010    2     0.000     0.000
r    73.400     0.010    2     0.000     0.000
r    73.600     0.010    2     0.000     0.000
r    73.800     0.010    2     0.000     0.000
r    74.000     0.010    2     0.000     0.000
r    74.200     0.010    2     0.000     0.000
r    74.400     0.010    2     0.000     0.000
r    74.600     0.010    2     0.000     0.000
r    74.800     0.010    2     0.000     0.000
r    75.000     0.010    2     0.000     0.000
r    75.200     0.010    2     0.000     0.000
r    75.400     0.010    2     0.000     0.000
r    75.600     0.010    2     0.000     0.000
r    75.800     0.010    2     0.000     0.000
r    76.000     0.010    2     0.000     0.000
r    76.200     0.010    2     0.000     0.000
r    76.400     0.010    2     0.000     0.000
r    76.600     0.010    2     0.000     0.000
r    76.800     0.010    2     0.000     0.000
r    77.000     0.010    2     0.000     0.000
r    77.200     0.010    2     0.000     0.000
r    77.400     0.010    2     0.000     0.000
r    77.600     0.010    2     0.000     0.000
r    77.800     0.010    2     0.000     0.000
r    78.000     0.010    2     0.000     0.000
r    78.200     0.010    2     0.000     0.000
r    78.400     0.010    2     0.000     0.000
r    78.600     0.010    2     0.000     0.000
r    78.800     0.010    2     0.000     0.000
r    79.000     0.010    2     0.000     0.000
r    79.200     0.010    2     0.000     0.000
r    79.400     0.010    2     0.000     0.000
r    79.600     0.010    2     0.000     0.000
r    79.800     0.010    2     0.000     0.000
r    80.000     0.010    2     0.000     0.000
r    80.200     0.010    2     0.000     0.000
r    80.400     0.010    2     0.000     0.000
r    80.600     0.010    2     0.000     0.000
r    80.800     0.010    2     0.000     0.000
r    81.000     0.010    2     0.000     0.000
r    81.200     0.010    2     0.000     0.000
r    81.400     0.010    2     0.000     0.000
r    81.600     0.010    2     0.000     0.000
r    81.800     0.010    2     0.000     0.000
r    82.000     0.010    2     0.000     0.000
r    82.200     0.010    2     0.000     0.000
r    82.400     0.010    2     0.000     0.000
r    82.600     0.010    2     0.000     0.000
r    82.800     0.010    2     0.000     0.000
r    83.000     0.010    2     0.000     0.000
r    83.200     0.010    2     0.000     0.000
r    83.400     0.010    2     0.000     0.000
r    83.600     0.010    2     0.000     0.000
r    83.800     0.010    2     0.000     0.000
r    84.000     0.010    2     0.000     0.000
r    84.200     0.010    2     0.000     0.000
r    84.400     0.010    2     0.000     0.000
r    84.600     0.010    2     0.000     0.000
r    84.800     0.010    2     0.000     0.000
r    85.000     0.010    2     0.000     0.000
s    75.000     3.000  201
r    55.000     0.010    2     0.000     0.000
r    55.200     0.010    2     0.000     0.000
r    55.400     0.010    2     0.000     0.000
r    55.600     0.010    2     0.000     0.000
r    55.800     0.010    2     0.000     0.000
r    56.000     0.010    2     0.000     0.000
r    56.200     0.010    2     0.000     0.000
r    56.400     0.010    2     0.000     0.000
r    56.600     0.010    2     0.000     0.000
r    56.800     0.010    2     0.000     0.000
r    57.000     0.010    2     0.000     0.000
r    57.200     0.010    2     0.000     0.000
r    57.400     0.010    2     0.000     0.000
r    57.600     0.010    2     0.000     0.000
r    57.800     0.010    2     0.000     0.000
r    58.000     0.010    2     0.000     0.000
r    58.200     0.010    2     0.000     0.000
r    58.400     0.010    2     0.000     0.000
r    58.600     0.010    2     0.000     0.000
r    58.800     0.010    2     0.000     0.000
r    59.000     0.010    2     0.000     0.000
r    59.200     0.010    2     0.000     0.000
r    59.400     0.010    2     0.000     0.000
r    59.600     0.010    2     0.000     0.000
r    59.800     0.010    2     0.000     0.000
r    60.000     0.010    2     0.000     0.000
r    60.200     0.010    2     0.000     0.000
r    60.400     0.010    2     0.000     0.000
r    60.600     0.010    2     0.000     0.000
r    60.800     0.010    2     0.000     0.000
r    61.000     0.010    2     0.000     0.000
r    61.200     0.010    2     0.000     0.000
r    61.400     0.010    2     0.000     0.000
r    61.600     0.010    2     0.000     0.000
r    61.800     0.010    2     0.000     0.000
r    62.000     0.010    2     0.000     0.000
r    62.200     0.010    2     0.000     0.000
r    62.400     0.010    2     0.000     0.000
r    62.600     0.010    2     0.000     0.000
r    62.800     0.010    2     0.000     0.000
r    63.000     0.010    2     0.000     0.000
r    63.200     0.010    2     0.000     0.000
r    63.400     0.010    2     0.000     0.000
r    63.600     0.010    2     0.000     0.000
r    63.800     0.010    2     0.000     0.000
r    64.000     0.010    2     0.000     0.000
r    64.200     0.010    2     0.000     0.000
r    64.400     0.010    2     0.000     0.000
r    64.600     0.010    2     0.000     0.000
r    64.800     0.010    2     0.000     0.000
r    65.000     0.010    2     0.000     0.000
r    65.200     0.010    2     0.000     0.000
r    65.400     0.010    2     0.000     0.000
r    65.600     0.010    2     0.000     0.000
r    65.800     0.010    2     0.000     0.000
r    66.000     0.010    2     0.000     0.000
r    66.200     0.010    2     0.000     0.000
r    66.400     0.010    2     0.000     0.000
r    66.600     0.010    2     0.000     0.000
r    66.800     0.010    2     0.000     0.000
r    67.000     0.010    2     0.000     0.000
r    67.200     0.010    2     0.000     0.000
r    67.400     0.010    2     0.000     0.000
r    67.600     0.010    2     0.000     0.000
r    67.800     0.010    2     0.000     0.000
r    68.000     0.010    2     0.000     0.000
r    68.200     0.010    2     0.000     0.000
r    68.400     0.010    2     0.000     0.000
r    68.600     0.010    2     0.000     0.000
r    68.800     0.010    2     0.000     0.000
r    69.000     0.010    2     0.000     0.000
r    69.200     0.010    2     0.000     0.000
r    69.400     0.010    2     0.000     0.000
r    69.600     0.010    2     0.000     0.000
r    69.800     0.010    2     0.000     0.000
r    70.000     0.010    2     0.000     0.000
r    70.200     0.010    2     0.000     0.000
r    70.400     0.010    2     0.000     0.000
r    70.600     0.010    2     0.000     0.000
r    70.800     0.010    2     0.000     0.000
r    71.000     0.010    2     0.000     0.000
r    71.200     0.010    2     0.000     0.000
r    71.400     0.010    2     0.000     0.000
r    71.600     0.010    2     0.000     0.000
r    71.800     0.010    2     0.000     0.000
r    72.000     0.010    2     0.000     0.000
r    72.200     0.010    2     0.000     0.000
r    72.400     0.010    2     0.000     0.000
r    72.600     0.010    2     0.000     0.000
r    72.800     0.010    2     0.000     0.000
r    73.000     0.010    2     0.000     0.000
r    73.200     0.010    2     0.000     0.000
r    73.400     0.010    2     0.000     0.000
r    73.600     0.010    2     0.000     0.000
r    73.800     0.010    2     0.000     0.000
r    74.000     0.010    2     0.000     0.000
r    74.200     0.010    2     0.000     0.000
r    74.400     0.010    2     0.000     0.000
r    74.600     0.010    2     0.000     0.000
r    74.800     0.010    2     0.000     0.000
r    75.000     0.010    2     0.000     0.000
r    75.200     0.010    2     0.000     0.000
r    75.400     0.010    2     0.000     0.000
r    75.600     0.010    2     0.000     0.000
r    75.800     0.010    2     0.000     0.000
r    76.000     0.010    2     0.000     0.000
r    76.200     0.010    2     0.000     0.000
r    76.400     0.010    2     0.000     0.000
r    76.600     0.010    2     0.000     0.000
r    76.800     0.010    2     0.000     0.000
r    77.000     0.010    2     0.000     0.000
r    77.200     0.010    2     0.000     0.000
r    77.400     0.010    2     0.000     0.000
r    77.600     0.010    2     0.000     0.000
r    77.800     0.010    2     0.000     0.000
r    78.000     0.010    2     0.000     0.000
r    78.200     0.010    2     0.000     0.000
r    78.400     0.010    2     0.000     0.000
r    78.600     0.010    2     0.000     0.000
r    78.800     0.010    2     0.000     0.000
r    79.000     0.010    2     0.000     0.000
r    79.200     0.010    2     0.000     0.000
r    79.400     0.010    2     0.000     0.000
r    79.600     0.010    2     0.000     0.000
r    79.800     0.010    2     0.000     0.000
r    80.000     0.010    2     0.000     0.000
r    80.200     0.010    2     0.000     0.000
r    80.400     0.010    2     0.000     0.000
r    80.600     0.010    2     0.000     0.000
r    80.800     0.010    2     0.000     0.000
r    81.000     0.010    2     0.000     0.000
r    81.200     0.010    2     0.000     0.000
r    81.400     0.010    2     0.000     0.000
r    81.600     0.010    2     0.000     0.000
r    81.800     0.010    2     0.000     0.000
r    82.000     0.010    2     0.000     0.000
r    82.200     0.010    2     0.000     0.000
r    82.400     0.010    2     0.000     0.000
r    82.600     0.010    2     0.000     0.000
r    82.800     0.010    2     0.000     0.000
r    83.000     0.010    2     0.000     0.000
r    83.200     0.010    2     0.000     0.000
r    83.400     0.010    2     0.000     0.000
r    83.600     0.010    2     0.000     0.000
r    83.800     0.010    2     0.000     0.000
r    84.000     0.010    2     0.000     0.000
r    84.200     0.010    2     0.000     0.000
r    84.400     0.010    2     0.000     0.000
r    84.600     0.010    2     0.000     0.000
r    84.800     0.010    2     0.000     0.000
r    85.000     0.010    2     0.000     0.000
r    85.200     0.010    2     0.000     0.000
r    85.400     0.010    2     0.000     0.000
r    85.600     0.010    2     0.000     0.000
r    85.800     0.010    2     0.000     0.000
r    86.000     0.010    2     0.000     0.000
r    86.200     0.010    2     0.000     0.000
r    86.400     0.010    2     0.000     0.000
r    86.600     0.010    2     0.000     0.000
r    86.800     0.010    2     0.000     0.000
r    87.000     0.010    2     0.000     0.000
r    87.200     0.010    2     0.000     0.000
r    87.400     0.010    2     0.000     0.000
r    87.600     0.010    2     0.000     0.000
r    87.800     0.010    2     0.000     0.000
r    88.000     0.010    2     0.000     0.000
r    88.200     0.010    2     0.000     0.000
r    88.400     0.010    2     0.000     0.000
r    88.600     0.010    2     0.000     0.000
r    88.800     0.010    2     0.000     0.000
r    89.000     0.010    2     0.000     0.000
r    89.200     0.010    2     0.000     0.000
r    89.400     0.010    2     0.000     0.000
r    89.600     0.010    2     0.000     0.000
r    89.800     0.010    2     0.000     0.000
r    90.000     0.010    2     0.000     0.000
r    90.200     0.010    2     0.000     0.000
r    90.400     0.010    2     0.000     0.000
r    90.600     0.010    2     0.000     0.000
r    90.800     0.010    2     0.000     0.000
r    91.000     0.010    2     0.000     0.000
r    91.200     0.010    2     0.000     0.000
r    91.400     0.010    2     0.000     0.000
r    91.600     0.010    2     0.000     0.000
r    91.800     0.010    2     0.000     0.000
r    92.000     0.010    2     0.000     0.000
r    92.200     0.010    2     0.000     0.000
r    92.400     0.010    2     0.000     0.000
r    92.600     0.010    2     0.000     0.000
r    92.800     0.010    2     0.000     0.000
r    93.000     0.010    2     0.000     0.000
r    93.200     0.010    2     0.000     0.000
r    93.400     0.010    2     0.000     0.000
r    93.600     0.010    2     0.000     0.000
r    93.800     0.010    2     0.000     0.000
r    94.000     0.010    2     0.000     0.000
r    94.200     0.010    2     0.000     0.000
r    94.400     0.010    2     0.000     0.000
r    94.600     0.010    2     0.000     0.000
r    94.800     0.010    2     0.000     0.000
r    95.000     0.010    2     0.000     0.000
s    85.000     3.000  201
r    65.000     0.010    2     0.000     0.000
r    65.200     0.010    2     0.000     0.000
r    65.400     0.010    2     0.000     0.000
r    65.600     0.010    2     0.000     0.000
r    65.800     0.010    2     0.000     0.000
r    66.000     0.010    2     0.000     0.000
r    66.200     0.010    2     0.000     0.000
r    66.400     0.010    2     0.000     0.000
r    66.600     0.010    2     0.000     0.000
r    66.800     0.010    2     0.000     0.000
r    67.000     0.010    2     0.000     0.000
r    67.200     0.010    2     0.000     0.000
r    67.400     0.010    2     0.000     0.000
r    67.600     0.010    2     0.000     0.000
r    67.800     0.010    2     0.000     0.000
r    68.000     0.010    2     0.000     0.000
r    68.200     0.010    2     0.000     0.000
r    68.400     0.010    2     0.000     0.000
r    68.600     0.010    2     0.000     0.000
r    68.800     0.010    2     0.000     0.000
r    69.000     0.010    2     0.000     0.000
r    69.200     0.010    2     0.000     0.000
r    69.400     0.010    2     0.000     0.000
r    69.600     0.010    2     0.000     0.000
r    69.800     0.010    2     0.000     0.000
r    70.000     0.010    2     0.000     0.000
r    70.200     0.010    2     0.000     0.000
r    70.400     0.010    2     0.000     0.000
r    70.600     0.010    2     0.000     0.000
r    70.800     0.010    2     0.000     0.000
r    71.000     0.010    2     0.000     0.000
r    71.200     0.010    2     0.000     0.000
r    71.400     0.010    2     0.000     0.000
r    71.600     0.010    2     0.000     0.000
r    71.800     0.010    2     0.000     0.000
r    72.000     0.010    2     0.000     0.000
r    72.200     0.010    2     0.000     0.000
r    72.400     0.010    2     0.000     0.000
r    72.600     0.010    2     0.000     0.000
r    72.800     0.010    2     0.000     0.000
r    73.000     0.010    2     0.000     0.000
r    73.200     0.010    2     0.000     0.000
r    73.400     0.010    2     0.000     0.000
r    73.600     0.010    2     0.000     0.000
r    73.800     0.010    2     0.000     0.000
r    74.000     0.010    2     0.000     0.000
r    74.200     0.010    2     0.000     0.000
r    74.400     0.010    2     0.000     0.000
r    74.600     0.010    2     0.000     0.000
r    74.800     0.010    2     0.000     0.000
r    75.000     0.010    2     0.000     0.000
r    75.200     0.010    2     0.000     0.000
r    75.400     0.010    2     0.000     0.000
r    75.600     0.010    2     0.000     0.000
r    75.800     0.010    2     0.000     0.000
r    76.000     0.010    2     0.000     0.000
r    76.200     0.010    2     0.000     0.000
r    76.400     0.010    2     0.000     0.000
r    76.600     0.010    2     0.000     0.000
r    76.800     0.010    2     0.000     0.000
r    77.000     0.010    2     0.000     0.000
r    77.200     0.010    2     0.000     0.000
r    77.400     0.010    2     0.000     0.000
r    77.600     0.010    2     0.000     0.000
r    77.800     0.010    2     0.000     0.000
r    78.000     0.010    2     0.000     0.000
r    78.200     0.010    2     0.000     0.000
r    78.400     0.010    2     0.000     0.000
r    78.600     0.010    2     0.000     0.000
r    78.800     0.010    2     0.000     0.000
r    79.000     0.010    2     0.000     0.000
r    79.200     0.010    2     0.000     0.000
r    79.400     0.010    2     0.000     0.000
r    79.600     0.010    2     0.000     0.000
r    79.800     0.010    2     0.000     0.000
r    80.000     0.010    2     0.000     0.000
r    80.200     0.010    2     0.000     0.000
r    80.400     0.010    2     0.000     0.000
r    80.600     0.010    2     0.000     0.000
r    80.800     0.010    2     0.000     0.000
r    81.000     0.010    2     0.000     0.000
r    81.200     0.010    2     0.000     0.000
r    81.400     0.010    2     0.000     0.000
r    81.600     0.010    2     0.000     0.000
r    81.800     0.010    2     0.000     0.000
r    82.000     0.010    2     0.000     0.000
r    82.200     0.010    2     0.000     0.000
r    82.400     0.010    2     0.000     0.000
r    82.600     0.010    2     0.000     0.000
r    82.800     0.010    2     0.000     0.000
r    83.000     0.010    2     0.000     0.000
r    83.200     0.010    2     0.000     0.000
r    83.400     0.010    2     0.000     0.000
r    83.600     0.010    2     0.000     0.000
r    83.800     0.010    2     0.000     0.000
r    84.000     0.010    2     0.000     0.000
r    84.200     0.010    2     0.000     0.000
r    84.400     0.010    2     0.000     0.000
r    84.600     0.010    2     0.000     0.000
r    84.800     0.010    2     0.000     0.000
r    85.000     0.010    2     0.000     0.000
r    85.200     0.010    2     0.000     0.000
r    85.400     0.010    2     0.000     0.000
r    85.600     0.010    2     0.000     0.000
r    85.800     0.010    2     0.000     0.000
r    86.000     0.010    2     0.000     0.000
r    86.200     0.010    2     0.000     0.000
r    86.400     0.010    2     0.000     0.000
r    86.600     0.010    2     0.000     0.000
r    86.800     0.010    2     0.000     0.000
r    87.000     0.010    2     0.000     0.000
r    87.200     0.010    2     0.000     0.000
r    87.400     0.010    2     0.000     0.000
r    87.600     0.010    2     0.000     0.000
r    87.800     0.010    2     0.000     0.000
r    88.000     0.010    2     0.000     0.000
r    88.200     0.010    2     0.000     0.000
r    88.400     0.010    2     0.000     0.000
r    88.600     0.010    2     0.000     0.000
r    88.800     0.010    2     0.000     0.000
r    89.000     0.010    2     0.000     0.000
r    89.200     0.010    2     0.000     0.000
r    89.400     0.010    2     0.000     0.000
r    89.600     0.010    2     0.000     0.000
r    89.800     0.010    2     0.000     0.000
r    90.000     0.010    2     0.000     0.000
r    90.200     0.010    2     0.000     0.000
r    90.400     0.010    2     0.000     0.000
r    90.600     0.010    2     0.000     0.000
r    90.800     0.010    2     0.000     0.000
r    91.000     0.010    2     0.000     0.000
r    91.200     0.010    2     0.000     0.000
r    91.400     0.010    2     0.000     0.000
r    91.600     0.010    2     0.000     0.000
r    91.800     0.010    2     0.000     0.000
r    92.000     0.010    2     0.000     0.000
r    92.200     0.010    2     0.000     0.000
r    92.400     0.010    2     0.000     0.000
r    92.600     0.010    2     0.000     0.000
r    92.800     0.010    2     0.000     0.000
r    93.000     0.010    2     0.000     0.000
r    93.200     0.010    2     0.000     0.000
r    93.400     0.010    2     0.000     0.000
r    93.600     0.010    2     0.000     0.000
r    93.800     0.010    2     0.000     0.000
r    94.000     0.010    2     0.000     0.000
r    94.200     0.010    2     0.000     0.000
r    94.400     0.010    2     0.000     0.000
r    94.600     0.010    2     0.000     0.000
r    94.800     0.010    2     0.000     0.000
r    95.000     0.010    2     0.000     0.000
r    95.200     0.010    2     0.000     0.000
r    95.400     0.010    2     0.000     0.000
r    95.600     0.010    2     0.000     0.000
r    95.800     0.010    2     0.000     0.000
r    96.000     0.010    2     0.000     0.000
r    96.200     0.010    2     0.000     0.000
r    96.400     0.010    2     0.000     0.000
r    96.600     0.010    2     0.000     0.000
r    96.800     0.010    2     0.000     0.000
r    97.000     0.010    2     0.000     0.000
r    97.200     0.010    2     0.000     0.000
r    97.400     0.010    2     0.000     0.000
r    97.600     0.010    2     0.000     0.000
r    97.800     0.010    2     0.000     0.000
r    98.000     0.010    2     0.000     0.000
r    98.200     0.010    2     0.000     0.000
r    98.400     0.010    2     0.000     0.000
r    98.600     0.010    2     0.000     0.000
r    98.800     0.010    2     0.000     0.000
r    99.000     0.010    2     0.000     0.000
r    99.200     0.010    2     0.000     0.000
r    99.400     0.010    2     0.000     0.000
r    99.600     0.010    2     0.000     0.000
r    99.800     0.010    2     0.000     0.000
r   100.000     0.010    2     0.000     0.000
r   100.200     0.010    2     0.000     0.000
r   100.400     0.010    2     0.000     0.000
r   100.600     0.010    2     0.000     0.000
r   100.800     0.010    2     0.000     0.000
r   101.000     0.010    2     0.000     0.000
r   101.200     0.010    2     0.000     0.000
r   101.400     0.010    2     0.000     0.000
r   101.600     0.010    2     0.000     0.000
r   101.800     0.010    2     0.000     0.000
r   102.000     0.010    2     0.000     0.000
r   102.200     0.010    2     0.000     0.000
r   102.400     0.010    2     0.000     0.000
r   102.600     0.010    2     0.000     0.000
r   102.800     0.010    2     0.000     0.000
r   103.000     0.010    2     0.000     0.000
r   103.200     0.010    2     0.000     0.000
r   103.400     0.010    2     0.000     0.000
r   103.600     0.010    2     0.000     0.000
r   103.800     0.010    2     0.000     0.000
r   104.000     0.010    2     0.000     0.000
r   104.200     0.010    2     0.000     0.000
r   104.400     0.010    2     0.000     0.000
r   104.600     0.010    2     0.000     0.000
r   104.800     0.010    2     0.000     0.000
r   105.000     0.010    2     0.000     0.000
s    95.000     3.000  201
r    75.000     0.010    2     0.000     0.000
r    75.200     0.010    2     0.000     0.000
r    75.400     0.010    2     0.000     0.000
r    75.600     0.010    2     0.000     0.000
r    75.800     0.010    2     0.000     0.000
r    76.000     0.010    2     0.000     0.000
r    76.200     0.010    2     0.000     0.000
r    76.400     0.010    2     0.000     0.000
r    76.600     0.010    2     0.000     0.000
r    76.800     0.010    2     0.000     0.000
r    77.000     0.010    2     0.000     0.000
r    77.200     0.010    2     0.000     0.000
r    77.400     0.010    2     0.000     0.000
r    77.600     0.010    2     0.000     0.000
r    77.800     0.010    2     0.000     0.000
r    78.000     0.010    2     0.000     0.000
r    78.200     0.010    2     0.000     0.000
r    78.400     0.010    2     0.000     0.000
r    78.600     0.010    2     0.000     0.000
r    78.800     0.010    2     0.000     0.000
r    79.000     0.010    2     0.000     0.000
r    79.200     0.010    2     0.000     0.000
r    79.400     0.010    2     0.000     0.000
r    79.600     0.010    2     0.000     0.000
r    79.800     0.010    2     0.000     0.000
r    80.000     0.010    2     0.000     0.000
r    80.200     0.010    2     0.000     0.000
r    80.400     0.010    2     0.000     0.000
r    80.600     0.010    2     0.000     0.000
r    80.800     0.010    2     0.000     0.000
r    81.000     0.010    2     0.000     0.000
r    81.200     0.010    2     0.000     0.000
r    81.400     0.010    2     0.000     0.000
r    81.600     0.010    2     0.000     0.000
r    81.800     0.010    2     0.000     0.000
r    82.000     0.010    2     0.000     0.000
r    82.200     0.010    2     0.000     0.000
r    82.400     0.010    2     0.000     0.000
r    82.600     0.010    2     0.000     0.000
r    82.800     0.010    2     0.000     0.000
r    83.000     0.010    2     0.000     0.000
r    83.200     0.010    2     0.000     0.000
r    83.400     0.010    2     0.000     0.000
r    83.600     0.010    2     0.000     0.000
r    83.800     0.010    2     0.000     0.000
r    84.000     0.010    2     0.000     0.000
r    84.200     0.010    2     0.000     0.000
r    84.400     0.010    2     0.000     0.000
r    84.600     0.010    2     0.000     0.000
r    84.800     0.010    2     0.000     0.000
r    85.000     0.010    2     0.000     0.000
r    85.200     0.010    2     0.000     0.000
r    85.400     0.010    2     0.000     0.000
r    85.600     0.010    2     0.000     0.000
r    85.800     0.010    2     0.000     0.000
r    86.000     0.010    2     0.000     0.000
r    86.200     0.010    2     0.000     0.000
r    86.400     0.010    2     0.000     0.000
r    86.600     0.010    2     0.000     0.000
r    86.800     0.010    2     0.000     0.000
r    87.000     0.010    2     0.000     0.000
r    87.200     0.010    2     0.000     0.000
r    87.400     0.010    2     0.000     0.000
r    87.600     0.010    2     0.000     0.000
r    87.800     0.010    2     0.000     0.000
r    88.000     0.010    2     0.000     0.000
r    88.200     0.010    2     0.000     0.000
r    88.400     0.010    2     0.000     0.000
r    88.600     0.010    2     0.000     0.000
r    88.800     0.010    2     0.000     0.000
r    89.000     0.010    2     0.000     0.000
r    89.200     0.010    2     0.000     0.000
r    89.400     0.010    2     0.000     0.000
r    89.600     0.010    2     0.000     0.000
r    89.800     0.010    2     0.000     0.000
r    90.000     0.010    2     0.000     0.000
r    90.200     0.010    2     0.000     0.000
r    90.400     0.010    2     0.000     0.000
r    90.600     0.010    2     0.000     0.000
r    90.800     0.010    2     0.000     0.000
r    91.000     0.010    2     0.000     0.000
r    91.200     0.010    2     0.000     0.000
r    91.400     0.010    2     0.000     0.000
r    91.600     0.010    2     0.000     0.000
r    91.800     0.010    2     0.000     0.000
r    92.000     0.010    2     0.000     0.000
r    92.200     0.010    2     0.000     0.000
r    92.400     0.010    2     0.000     0.000
r    92.600     0.010    2     0.000     0.000
r    92.800     0.010    2     0.000     0.000
r    93.000     0.010    2     0.000     0.000
r    93.200     0.010    2     0.000     0.000
r    93.400     0.010    2     0.000     0.000
r    93.600     0.010    2     0.000     0.000
r    93.800     0.010    2     0.000     0.000
r    94.000     0.010    2     0.000     0.000
r    94.200     0.010    2     0.000     0.000
r    94.400     0.010    2     0.000     0.000
r    94.600     0.010    2     0.000     0.000
r    94.800     0.010    2     0.000     0.000
r    95.000     0.010    2     0.000     0.000
r    95.200     0.010    2     0.000     0.000
r    95.400     0.010    2     0.000     0.000
r    95.600     0.010    2     0.000     0.000
r    95.800     0.010    2     0.000     0.000
r    96.000     0.010    2     0.000     0.000
r    96.200     0.010    2     0.000     0.000
r    96.400     0.010    2     0.000     0.000
r    96.600     0.010    2     0.000     0.000
r    96.800     0.010    2     0.000     0.000
r    97.000     0.010    2     0.000     0.000
r    97.200     0.010    2     0.000     0.000
r    97.400     0.010    2     0.000     0.000
r    97.600     0.010    2     0.000     0.000
r    97.800     0.010    2     0.000     0.000
r    98.000     0.010    2     0.000     0.000
r    98.200     0.010    2     0.000     0.000
r    98.400     0.010    2     0.000     0.000
r    98.600     0.010    2     0.000     0.000
r    98.800     0.010    2     0.000     0.000
r    99.000     0.010    2     0.000     0.000
r    99.200     0.010    2     0.000     0.000
r    99.400     0.010    2     0.000     0.000
r    99.600     0.010    2     0.000     0.000
r    99.800     0.010    2     0.000     0.000
r   100.000     0.010    2     0.000     0.000
r   100.200     0.010    2     0.000     0.000
r   100.400     0.010    2     0.000     0.000
r   100.600     0.010    2     0.000     0.000
r   100.800     0.010    2     0.000     0.000
r   101.000     0.010    2     0.000     0.000
r   101.200     0.010    2     0.000     0.000
r   101.400     0.010    2     0.000     0.000
r   101.600     0.010    2     0.000     0.000
r   101.800     0.010    2     0.000     0.000
r   102.000     0.010    2     0.000     0.000
r   102.200     0.010    2     0.000     0.000
r   102.400     0.010    2     0.000     0.000
r   102.600     0.010    2     0.000     0.000
r   102.800     0.010    2     0.000     0.000
r   103.000     0.010    2     0.000     0.000
r   103.200     0.010    2     0.000     0.000
r   103.400     0.010    2     0.000     0.000
r   103.600     0.010    2     0.000     0.000
r   103.800     0.010    2     0.000     0.000
r   104.000     0.010    2     0.000     0.000
r   104.200     0.010    2     0.000     0.000
r   104.400     0.010    2     0.000     0.000
r   104.600     0.010    2     0.000     0.000
r   104.800     0.010    2     0.000     0.000
r   105.000     0.010    2     0.000     0.000
r   105.200     0.010    2     0.000     0.000
r   105.400     0.010    2     0.000     0.000
r   105.600     0.010    2     0.000     0.000
r   105.800     0.010    2     0.000     0.000
r   106.000     0.010    2     0.000     0.000
r   106.200     0.010    2     0.000     0.000
r   106.400     0.010    2     0.000     0.000
r   106.600     0.010    2     0.000     0.000
r   106.800     0.010    2     0.000     0.000
r   107.000     0.010    2     0.000     0.000
r   107.200     0.010    2     0.000     0.000
r   107.400     0.010    2     0.000     0.000
r   107.600     0.010    2     0.000     0.000
r   107.800     0.010    2     0.000     0.000
r   108.000     0.010    2     0.000     0.000
r   108.200     0.010    2     0.000     0.000
r   108.400     0.010    2     0.000     0.000
r   108.600     0.010    2     0.000     0.000
r   108.800     0.010    2     0.000     0.000
r   109.000     0.010    2     0.000     0.000
r   109.200     0.010    2     0.000     0.000
r   109.400     0.010    2     0.000     0.000
r   109.600     0.010    2     0.000     0.000
r   109.800     0.010    2     0.000     0.000
r   110.000     0.010    2     0.000     0.000
r   110.200     0.010    2     0.000     0.000
r   110.400     0.010    2     0.000     0.000
r   110.600     0.010    2     0.000     0.000
r   110.800     0.010    2     0.000     0.000
r   111.000     0.010    2     0.000     0.000
r   111.200     0.010    2     0.000     0.000
r   111.400     0.010    2     0.000     0.000
r   111.600     0.010    2     0.000     0.000
r   111.800     0.010    2     0.000     0.000
r   112.000     0.010    2     0.000     0.000
r   112.200     0.010    2     0.000     0.000
r   112.400     0.010    2     0.000     0.000
r   112.600     0.010    2     0.000     0.000
r   112.800     0.010    2     0.000     0.000
r   113.000     0.010    2     0.000     0.000
r   113.200     0.010    2     0.000     0.000
r   113.400     0.010    2     0.000     0.000
r   113.600     0.010    2     0.000     0.000
r   113.800     0.010    2     0.000     0.000
r   114.000     0.010    2     0.000     0.000
r   114.200     0.010    2     0.000     0.000
r   114.400     0.010    2     0.000     0.000
r   114.600     0.010    2     0.000     0.000
r   114.800     0.010    2     0.000     0.000
r   115.000     0.010    2     0.000     0.000
s   105.000     3.000  201
r    85.000     0.010    2     0.000     0.000
r    85.200     0.010    2     0.000     0.000
r    85.400     0.010    2     0.000     0.000
r    85.600     0.010    2     0.000     0.000
r    85.800     0.010    2     0.000     0.000
r    86.000     0.010    2     0.000     0.000
r    86.200     0.010    2     0.000     0.000
r    86.400     0.010    2     0.000     0.000
r    86.600     0.010    2     0.000     0.000
r    86.800     0.010    2     0.000     0.000
r    87.000     0.010    2     0.000     0.000
r    87.200     0.010    2     0.000     0.000
r    87.400     0.010    2     0.000     0.000
r    87.600     0.010    2     0.000     0.000
r    87.800     0.010    2     0.000     0.000
r    88.000     0.010    2     0.000     0.000
r    88.200     0.010    2     0.000     0.000
r    88.400     0.010    2     0.000     0.000
r    88.600     0.010    2     0.000     0.000
r    88.800     0.010    2     0.000     0.000
r    89.000     0.010    2     0.000     0.000
r    89.200     0.010    2     0.000     0.000
r    89.400     0.010    2     0.000     0.000
r    89.600     0.010    2     0.000     0.000
r    89.800     0.010    2     0.000     0.000
r    90.000     0.010    2     0.000     0.000
r    90.200     0.010    2     0.000     0.000
r    90.400     0.010    2     0.000     0.000
r    90.600     0.010    2     0.000     0.000
r    90.800     0.010    2     0.000     0.000
r    91.000     0.010    2     0.000     0.000
r    91.200     0.010    2     0.000     0.000
r    91.400     0.010    2     0.000     0.000
r    91.600     0.010    2     0.000     0.000
r    91.800     0.010    2     0.000     0.000
r    92.000     0.010    2     0.000     0.000
r    92.200     0.010    2     0.000     0.000
r    92.400     0.010    2     0.000     0.000
r    92.600     0.010    2     0.000     0.000
r    92.800     0.010    2     0.000     0.000
r    93.000     0.010    2     0.000     0.000
r    93.200     0.010    2     0.000     0.000
r    93.400     0.010    2     0.000     0.000
r    93.600     0.010    2     0.000     0.000
r    93.800     0.010    2     0.000     0.000
r    94.000     0.010    2     0.000     0.000
r    94.200     0.010    2     0.000     0.000
r    94.400     0.010    2     0.000     0.000
r    94.600     0.010    2     0.000     0.000
r    94.800     0.010    2     0.000     0.000
r    95.000     0.010    2     0.000     0.000
r    95.200     0.010    2     0.000     0.000
r    95.400     0.010    2     0.000     0.000
r    95.600     0.010    2     0.000     0.000
r    95.800     0.010    2     0.000     0.000
r    96.000     0.010    2     0.000     0.000
r    96.200     0.010    2     0.000     0.000
r    96.400     0.010    2     0.000     0.000
r    96.600     0.010    2     0.000     0.000
r    96.800     0.010    2     0.000     0.000
r    97.000     0.010    2     0.000     0.000
r    97.200     0.010    2     0.000     0.000
r    97.400     0.010    2     0.000     0.000
r    97.600     0.010    2     0.000     0.000
r    97.800     0.010    2     0.000     0.000
r    98.000     0.010    2     0.000     0.000
r    98.200     0.010    2     0.000     0.000
r    98.400     0.010    2     0.000     0.000
r    98.600     0.010    2     0.000     0.000
r    98.800     0.010    2     0.000     0.000
r    99.000     0.010    2     0.000     0.000
r    99.200     0.010    2     0.000     0.000
r    99.400     0.010    2     0.000     0.000
r    99.600     0.010    2     0.000     0.000
r    99.800     0.010    2     0.000     0.000
r   100.000     0.010    2     0.000     0.000
r   100.200     0.010    2     0.000     0.000
r   100.400     0.010    2     0.000     0.000
r   100.600     0.010    2     0.000     0.000
r   100.800     0.010    2     0.000     0.000
r   101.000     0.010    2     0.000     0.000
r   101.200     0.010    2     0.000     0.000
r   101.400     0.010    2     0.000     0.000
r   101.600     0.010    2     0.000     0.000
r   101.800     0.010    2     0.000     0.000
r   102.000     0.010    2     0.000     0.000
r   102.200     0.010    2     0.000     0.000
r   102.400     0.010    2     0.000     0.000
r   102.600     0.010    2     0.000     0.000
r   102.800     0.010    2     0.000     0.000
r   103.000     0.010    2     0.000     0.000
r   103.200     0.010    2     0.000     0.000
r   103.400     0.010    2     0.000     0.000
r   103.600     0.010    2     0.000     0.000
r   103.800     0.010    2     0.000     0.000
r   104.000     0.010    2     0.000     0.000
r   104.200     0.010    2     0.000     0.000
r   104.400     0.010    2     0.000     0.000
r   104.600     0.010    2     0.000     0.000
r   104.800     0.010    2     0.000     0.000
r   105.000     0.010    2     0.000     0.000
r   105.200     0.010    2     0.000     0.000
r   105.400     0.010    2     0.000     0.000
r   105.600     0.010    2     0.000     0.000
r   105.800     0.010    2     0.000     0.000
r   106.000     0.010    2     0.000     0.000
r   106.200     0.010    2     0.000     0.000
r   106.400     0.010    2     0.000     0.000
r   106.600     0.010    2     0.000     0.000
r   106.800     0.010    2     0.000     0.000
r   107.000     0.010    2     0.000     0.000
r   107.200     0.010    2     0.000     0.000
r   107.400     0.010    2     0.000     0.000
r   107.600     0.010    2     0.000     0.000
r   107.800     0.010    2     0.000     0.000
r   108.000     0.010    2     0.000     0.000
r   108.200     0.010    2     0.000     0.000
r   108.400     0.010    2     0.000     0.000
r   108.600     0.010    2     0.000     0.000
r   108.800     0.010    2     0.000     0.000
r   109.000     0.010    2     0.000     0.000
r   109.200     0.010    2     0.000     0.000
r   109.400     0.010    2     0.000     0.000
r   109.600     0.010    2     0.000     0.000
r   109.800     0.010    2     0.000     0.000
r   110.000     0.010    2     0.000     0.000
r   110.200     0.010    2     0.000     0.000
r   110.400     0.010    2     0.000     0.000
r   110.600     0.010    2     0.000     0.000
r   110.800     0.010    2     0.000     0.000
r   111.000     0.010    2     0.000     0.000
r   111.200     0.010    2     0.000     0.000
r   111.400     0.010    2     0.000     0.000
r   111.600     0.010    2     0.000     0.000
r   111.800     0.010    2     0.000     0.000
r   112.000     0.010    2     0.000     0.000
r   112.200     0.010    2     0.000     0.000
r   112.400     0.010    2     0.000     0.000
r   112.600     0.010    2     0.000     0.000
r   112.800     0.010    2     0.000     0.000
r   113.000     0.010    2     0.000     0.000
r   113.200     0.010    2     0.000     0.000
r   113.400     0.010    2     0.000     0.000
r   113.600     0.010    2     0.000     0.000
r   113.800     0.010    2     0.000     0.000
r   114.000     0.010    2     0.000     0.000
r   114.200     0.010    2     0.000     0.000
r   114.400     0.010    2     0.000     0.000
r   114.600     0.010    2     0.000     0.000
r   114.800     0.010    2     0.000     0.000
r   115.000     0.010    2     0.000     0.000
r   115.200     0.010    2     0.000     0.000
r   115.400     0.010    2     0.000     0.000
r   115.600     0.010    2     0.000     0.000
r   115.800     0.010    2     0.000     0.000
r   116.000     0.010    2     0.000     0.000
r   116.200     0.010    2     0.000     0.000
r   116.400     0.010    2     0.000     0.000
r   116.600     0.010    2     0.000     0.000
r   116.800     0.010    2     0.000     0.000
r   117.000     0.010    2     0.000     0.000
r   117.200     0.010    2     0.000     0.000
r   117.400     0.010    2     0.000     0.000
r   117.600     0.010    2     0.000     0.000
r   117.800     0.010    2     0.000     0.000
r   118.000     0.010    2     0.000     0.000
r   118.200     0.010    2     0.000     0.000
r   118.400     0.010    2     0.000     0.000
r   118.600     0.010    2     0.000     0.000
r   118.800     0.010    2     0.000     0.000
r   119.000     0.010    2     0.000     0.000
r   119.200     0.010    2     0.000     0.000
r   119.400     0.010    2     0.000     0.000
r   119.600     0.010    2     0.000     0.000
r   119.800     0.010    2     0.000     0.000
r   120.000     0.010    2     0.000     0.000
r   120.200     0.010    2     0.000     0.000
r   120.400     0.010    2     0.000     0.000
r   120.600     0.010    2     0.000     0.000
r   120.800     0.010    2     0.000     0.000
r   121.000     0.010    2     0.000     0.000
r   121.200     0.010    2     0.000     0.000
r   121.400     0.010    2     0.000     0.000
r   121.600     0.010    2     0.000     0.000
r   121.800     0.010    2     0.000     0.000
r   122.000     0.010    2     0.000     0.000
r   122.200     0.010    2     0.000     0.000
r   122.400     0.010    2     0.000     0.000
r   122.600     0.010    2     0.000     0.000
r   122.800     0.010    2     0.000     0.000
r   123.000     0.010    2     0.000     0.000
r   123.200     0.010    2     0.000     0.000
r   123.400     0.010    2     0.000     0.000
r   123.600     0.010    2     0.000     0.000
r   123.800     0.010    2     0.000     0.000
r   124.000     0.010    2     0.000     0.000
r   124.200     0.010    2     0.000     0.000
r   124.400     0.010    2     0.000     0.000
r   124.600     0.010    2     0.000     0.000
r   124.800     0.010    2     0.000     0.000
r   125.000     0.010    2     0.000     0.000
s   115.000     3.000  201
r    95.000     0.010    2     0.000     0.000
r    95.200     0.010    2     0.000     0.000
r    95.400     0.010    2     0.000     0.000
r    95.600     0.010    2     0.000     0.000
r    95.800     0.010    2     0.000     0.000
r    96.000     0.010    2     0.000     0.000
r    96.200     0.010    2     0.000     0.000
r    96.400     0.010    2     0.000     0.000
r    96.600     0.010    2     0.000     0.000
r    96.800     0.010    2     0.000     0.000
r    97.000     0.010    2     0.000     0.000
r    97.200     0.010    2     0.000     0.000
r    97.400     0.010    2     0.000     0.000
r    97.600     0.010    2     0.000     0.000
r    97.800     0.010    2     0.000     0.000
r    98.000     0.010    2     0.000     0.000
r    98.200     0.010    2     0.000     0.000
r    98.400     0.010    2     0.000     0.000
r    98.600     0.010    2     0.000     0.000
r    98.800     0.010    2     0.000     0.000
r    99.000     0.010    2     0.000     0.000
r    99.200     0.010    2     0.000     0.000
r    99.400     0.010    2     0.000     0.000
r    99.600     0.010    2     0.000     0.000
r    99.800     0.010    2     0.000     0.000
r   100.000     0.010    2     0.000     0.000
r   100.200     0.010    2     0.000     0.000
r   100.400     0.010    2     0.000     0.000
r   100.600     0.010    2     0.000     0.000
r   100.800     0.010    2     0.000     0.000
r   101.000     0.010    2     0.000     0.000
r   101.200     0.010    2     0.000     0.000
r   101.400     0.010    2     0.000     0.000
r   101.600     0.010    2     0.000     0.000
r   101.800     0.010    2     0.000     0.000
r   102.000     0.010    2     0.000     0.000
r   102.200     0.010    2     0.000     0.000
r   102.400     0.010    2     0.000     0.000
r   102.600     0.010    2     0.000     0.000
r   102.800     0.010    2     0.000     0.000
r   103.000     0.010    2     0.000     0.000
r   103.200     0.010    2     0.000     0.000
r   103.400     0.010    2     0.000     0.000
r   103.600     0.010    2     0.000     0.000
r   103.800     0.010    2     0.000     0.000
r   104.000     0.010    2     0.000     0.000
r   104.200     0.010    2     0.000     0.000
r   104.400     0.010    2     0.000     0.000
r   104.600     0.010    2     0.000     0.000
r   104.800     0.010    2     0.000     0.000
r   105.000     0.010    2     0.000     0.000
r   105.200     0.010    2     0.000     0.000
r   105.400     0.010    2     0.000     0.000
r   105.600     0.010    2     0.000     0.000
r   105.800     0.010    2     0.000     0.000
r   106.000     0.010    2     0.000     0.000
r   106.200     0.010    2     0.000     0.000
r   106.400     0.010    2     0.000     0.000
r   106.600     0.010    2     0.000     0.000
r   106.800     0.010    2     0.000     0.000
r   107.000     0.010    2     0.000     0.000
r   107.200     0.010    2     0.000     0.000
r   107.400     0.010    2     0.000     0.000
r   107.600     0.010    2     0.000     0.000
r   107.800     0.010    2     0.000     0.000
r   108.000     0.010    2     0.000     0.000
r   108.200     0.010    2     0.000     0.000
r   108.400     0.010    2     0.000     0.000
r   108.600     0.010    2     0.000     0.000
r   108.800     0.010    2     0.000     0.000
r   109.000     0.010    2     0.000     0.000
r   109.200     0.010    2     0.000     0.000
r   109.400     0.010    2     0.000     0.000
r   109.600     0.010    2     0.000     0.000
r   109.800     0.010    2     0.000     0.000
r   110.000     0.010    2     0.000     0.000
r   110.200     0.010    2     0.000     0.000
r   110.400     0.010    2     0.000     0.000
r   110.600     0.010    2     0.000     0.000
r   110.800     0.010    2     0.000     0.000
r   111.000     0.010    2     0.000     0.000
r   111.200     0.010    2     0.000     0.000
r   111.400     0.010    2     0.000     0.000
r   111.600     0.010    2     0.000     0.000
r   111.800     0.010    2     0.000     0.000
r   112.000     0.010    2     0.000     0.000
r   112.200     0.010    2     0.000     0.000
r   112.400     0.010    2     0.000     0.000
r   112.600     0.010    2     0.000     0.000
r   112.800     0.010    2     0.000     0.000
r   113.000     0.010    2     0.000     0.000
r   113.200     0.010    2     0.000     0.000
r   113.400     0.010    2     0.000     0.000
r   113.600     0.010    2     0.000     0.000
r   113.800     0.010    2     0.000     0.000
r   114.000     0.010    2     0.000     0.000
r   114.200     0.010    2     0.000     0.000
r   114.400     0.010    2     0.000     0.000
r   114.600     0.010    2     0.000     0.000
r   114.800     0.010    2     0.000     0.000
r   115.000     0.010    2     0.000     0.000
r   115.200     0.010    2     0.000     0.000
r   115.400     0.010    2     0.000     0.000
r   115.600     0.010    2     0.000     0.000
r   115.800     0.010    2     0.000     0.000
r   116.000     0.010    2     0.000     0.000
r   116.200     0.010    2     0.000     0.000
r   116.400     0.010    2     0.000     0.000
r   116.600     0.010    2     0.000     0.000
r   116.800     0.010    2     0.000     0.000
r   117.000     0.010    2     0.000     0.000
r   117.200     0.010    2     0.000     0.000
r   117.400     0.010    2     0.000     0.000
r   117.600     0.010    2     0.000     0.000
r   117.800     0.010    2     0.000     0.000
r   118.000     0.010    2     0.000     0.000
r   118.200     0.010    2     0.000     0.000
r   118.400     0.010    2     0.000     0.000
r   118.600     0.010    2     0.000     0.000
r   118.800     0.010    2     0.000     0.000
r   119.000     0.010    2     0.000     0.000
r   119.200     0.010    2     0.000     0.000
r   119.400     0.010    2     0.000     0.000
r   119.600     0.010    2     0.000     0.000
r   119.800     0.010    2     0.000     0.000
r   120.000     0.010    2     0.000     0.000
r   120.200     0.010    2     0.000     0.000
r   120.400     0.010    2     0.000     0.000
r   120.600     0.010    2     0.000     0.000
r   120.800     0.010    2     0.000     0.000
r   121.000     0.010    2     0.000     0.000
r   121.200     0.010    2     0.000     0.000
r   121.400     0.010    2     0.000     0.000
r   121.600     0.010    2     0.000     0.000
r   121.800     0.010    2     0.000     0.000
r   122.000     0.010    2     0.000     0.000
r   122.200     0.010    2     0.000     0.000
r   122.400     0.010    2     0.000     0.000
r   122.600     0.010    2     0.000     0.000
r   122.800     0.010    2     0.000     0.000
r   123.000     0.010    2     0.000     0.000
r   123.200     0.010    2     0.000     0.000
r   123.400     0.010    2     0.000     0.000
r   123.600     0.010    2     0.000     0.000
r   123.800     0.010    2     0.000     0.000
r   124.000     0.010    2     0.000     0.000
r   124.200     0.010    2     0.000     0.000
r   124.400     0.010    2     0.000     0.000
r   124.600     0.010    2     0.000     0.000
r   124.800     0.010    2     0.000     0.000
r   125.000     0.010    2     0.000     0.000
r   125.200     0.010    2     0.000     0.000
r   125.400     0.010    2     0.000     0.000
r   125.600     0.010    2     0.000     0.000
r   125.800     0.010    2     0.000     0.000
r   126.000     0.010    2     0.000     0.000
r   126.200     0.010    2     0.000     0.000
r   126.400     0.010    2     0.000     0.000
r   126.600     0.010    2     0.000     0.000
r   126.800     0.010    2     0.000     0.000
r   127.000     0.010    2     0.000     0.000
r   127.200     0.010    2     0.000     0.000
r   127.400     0.010    2     0.000     0.000
r   127.600     0.010    2     0.000     0.000
r   127.800     0.010    2     0.000     0.000
r   128.000     0.010    2     0.000     0.000
r   128.200     0.010    2     0.000     0.000
r   128.400     0.010    2     0.000     0.000
r   128.600     0.010    2     0.000     0.000
r   128.800     0.010    2     0.000     0.000
r   129.000     0.010    2     0.000     0.000
r   129.200     0.010    2     0.000     0.000
r   129.400     0.010    2     0.000     0.000
r   129.600     0.010    2     0.000     0.000
r   129.800     0.010    2     0.000     0.000
r   130.000     0.010    2     0.000     0.000
r   130.200     0.010    2     0.000     0.000
r   130.400     0.010    2     0.000     0.000
r   130.600     0.010    2     0.000     0.000
r   130.800     0.010    2     0.000     0.000
r   131.000     0.010    2     0.000     0.000
r   131.200     0.010    2     0.000     0.000
r   131.400     0.010    2     0.000     0.000
r   131.600     0.010    2     0.000     0.000
r   131.800     0.010    2     0.000     0.000
r   132.000     0.010    2     0.000     0.000
r   132.200     0.010    2     0.000     0.000
r   132.400     0.010    2     0.000     0.000
r   132.600     0.010    2     0.000     0.000
r   132.800     0.010    2     0.000     0.000
r   133.000     0.010    2     0.000     0.000
r   133.200     0.010    2     0.000     0.000
r   133.400     0.010    2     0.000     0.000
r   133.600     0.010    2     0.000     0.000
r   133.800     0.010    2     0.000     0.000
r   134.000     0.010    2     0.000     0.000
r   134.200     0.010    2     0.000     0.000
r   134.400     0.010    2     0.000     0.000
r   134.600     0.010    2     0.000     0.000
r   134.800     0.010    2     0.000     0.000
r   135.000     0.010    2     0.000     0.000
s   125.000     3.000  201
r   105.000     0.010    2     0.000     0.000
r   105.200     0.010    2     0.000     0.000
r   105.400     0.010    2     0.000     0.000
r   105.600     0.010    2     0.000     0.000
r   105.800     0.010    2     0.000     0.000
r   106.000     0.010    2     0.000     0.000
r   106.200     0.010    2     0.000     0.000
r   106.400     0.010    2     0.000     0.000
r   106.600     0.010    2     0.000     0.000
r   106.800     0.010    2     0.000     0.000
r   107.000     0.010    2     0.000     0.000
r   107.200     0.010    2     0.000     0.000
r   107.400     0.010    2     0.000     0.000
r   107.600     0.010    2     0.000     0.000
r   107.800     0.010    2     0.000     0.000
r   108.000     0.010    2     0.000     0.000
r   108.200     0.010    2     0.000     0.000
r   108.400     0.010    2     0.000     0.000
r   108.600     0.010    2     0.000     0.000
r   108.800     0.010    2     0.000     0.000
r   109.000     0.010    2     0.000     0.000
r   109.200     0.010    2     0.000     0.000
r   109.400     0.010    2     0.000     0.000
r   109.600     0.010    2     0.000     0.000
r   109.800     0.010    2     0.000     0.000
r   110.000     0.010    2     0.000     0.000
r   110.200     0.010    2     0.000     0.000
r   110.400     0.010    2     0.000     0.000
r   110.600     0.010    2     0.000     0.000
r   110.800     0.010    2     0.000     0.000
r   111.000     0.010    2     0.000     0.000
r   111.200     0.010    2     0.000     0.000
r   111.400     0.010    2     0.000     0.000
r   111.600     0.010    2     0.000     0.000
r   111.800     0.010    2     0.000     0.000
r   112.000     0.010    2     0.000     0.000
r   112.200     0.010    2     0.000     0.000
r   112.400     0.010    2     0.000     0.000
r   112.600     0.010    2     0.000     0.000
r   112.800     0.010    2     0.000     0.000
r   113.000     0.010    2     0.000     0.000
r   113.200     0.010    2     0.000     0.000
r   113.400     0.010    2     0.000     0.000
r   113.600     0.010    2     0.000     0.000
r   113.800     0.010    2     0.000     0.000
r   114.000     0.010    2     0.000     0.000
r   114.200     0.010    2     0.000     0.000
r   114.400     0.010    2     0.000     0.000
r   114.600     0.010    2     0.000     0.000
r   114.800     0.010    2     0.000     0.000
r   115.000     0.010    2     0.000     0.000
r   115.200     0.010    2     0.000     0.000
r   115.400     0.010    2     0.000     0.000
r   115.600     0.010    2     0.000     0.000
r   115.800     0.010    2     0.000     0.000
r   116.000     0.010    2     0.000     0.000
r   116.200     0.010    2     0.000     0.000
r   116.400     0.010    2     0.000     0.000
r   116.600     0.010    2     0.000     0.000
r   116.800     0.010    2     0.000     0.000
r   117.000     0.010    2     0.000     0.000
r   117.200     0.010    2     0.000     0.000
r   117.400     0.010    2     0.000     0.000
r   117.600     0.010    2     0.000     0.000
r   117.800     0.010    2     0.000     0.000
r   118.000     0.010    2     0.000     0.000
r   118.200     0.010    2     0.000     0.000
r   118.400     0.010    2     0.000     0.000
r   118.600     0.010    2     0.000     0.000
r   118.800     0.010    2     0.000     0.000
r   119.000     0.010    2     0.000     0.000
r   119.200     0.010    2     0.000     0.000
r   119.400     0.010    2     0.000     0.000
r   119.600     0.010    2     0.000     0.000
r   119.800     0.010    2     0.000     0.000
r   120.000     0.010    2     0.000     0.000
r   120.200     0.010    2     0.000     0.000
r   120.400     0.010    2     0.000     0.000
r   120.600     0.010    2     0.000     0.000
r   120.800     0.010    2     0.000     0.000
r   121.000     0.010    2     0.000     0.000
r   121.200     0.010    2     0.000     0.000
r   121.400     0.010    2     0.000     0.000
r   121.600     0.010    2     0.000     0.000
r   121.800     0.010    2     0.000     0.000
r   122.000     0.010    2     0.000     0.000
r   122.200     0.010    2     0.000     0.000
r   122.400     0.010    2     0.000     0.000
r   122.600     0.010    2     0.000     0.000
r   122.800     0.010    2     0.000     0.000
r   123.000     0.010    2     0.000     0.000
r   123.200     0.010    2     0.000     0.000
r   123.400     0.010    2     0.000     0.000
r   123.600     0.010    2     0.000     0.000
r   123.800     0.010    2     0.000     0.000
r   124.000     0.010    2     0.000     0.000
r   124.200     0.010    2     0.000     0.000
r   124.400     0.010    2     0.000     0.000
r   124.600     0.010    2     0.000     0.000
r   124.800     0.010    2     0.000     0.000
r   125.000     0.010    2     0.000     0.000
r   125.200     0.010    2     0.000     0.000
r   125.400     0.010    2     0.000     0.000
r   125.600     0.010    2     0.000     0.000
r   125.800     0.010    2     0.000     0.000
r   126.000     0.010    2     0.000     0.000
r   126.200     0.010    2     0.000     0.000
r   126.400     0.010    2     0.000     0.000
r   126.600     0.010    2     0.000     0.000
r   126.800     0.010    2     0.000     0.000
r   127.000     0.010    2     0.000     0.000
r   127.200     0.010    2     0.000     0.000
r   127.400     0.010    2     0.000     0.000
r   127.600     0.010    2     0.000     0.000
r   127.800     0.010    2     0.000     0.000
r   128.000     0.010    2     0.000     0.000
r   128.200     0.010    2     0.000     0.000
r   128.400     0.010    2     0.000     0.000
r   128.600     0.010    2     0.000     0.000
r   128.800     0.010    2     0.000     0.000
r   129.000     0.010    2     0.000     0.000
r   129.200     0.010    2     0.000     0.000
r   129.400     0.010    2     0.000     0.000
r   129.600     0.010    2     0.000     0.000
r   129.800     0.010    2     0.000     0.000
r   130.000     0.010    2     0.000     0.000
r   130.200     0.010    2     0.000     0.000
r   130.400     0.010    2     0.000     0.000
r   130.600     0.010    2     0.000     0.000
r   130.800     0.010    2     0.000     0.000
r   131.000     0.010    2     0.000     0.000
r   131.200     0.010    2     0.000     0.000
r   131.400     0.010    2     0.000     0.000
r   131.600     0.010    2     0.000     0.000
r   131.800     0.010    2     0.000     0.000
r   132.000     0.010    2     0.000     0.000
r   132.200     0.010    2     0.000     0.000
r   132.400     0.010    2     0.000     0.000
r   132.600     0.010    2     0.000     0.000
r   132.800     0.010    2     0.000     0.000
r   133.000     0.010    2     0.000     0.000
r   133.200     0.010    2     0.000     0.000
r   133.400     0.010    2     0.000     0.000
r   133.600     0.010    2     0.000     0.000
r   133.800     0.010    2     0.000     0.000
r   134.000     0.010    2     0.000     0.000
r   134.200     0.010    2     0.000     0.000
r   134.400     0.010    2     0.000     0.000
r   134.600     0.010    2     0.000     0.000
r   134.800     0.010    2     0.000     0.000
r   135.000     0.010    2     0.000     0.000
r   135.200     0.010    2     0.000     0.000
r   135.400     0.010    2     0.000     0.000
r   135.600     0.010    2     0.000     0.000
r   135.800     0.010    2     0.000     0.000
r   136.000     0.010    2     0.000     0.000
r   136.200     0.010    2     0.000     0.000
r   136.400     0.010    2     0.000     0.000
r   136.600     0.010    2     0.000     0.000
r   136.800     0.010    2     0.000     0.000
r   137.000     0.010    2     0.000     0.000
r   137.200     0.010    2     0.000     0.000
r   137.400     0.010    2     0.000     0.000
r   137.600     0.010    2     0.000     0.000
r   137.800     0.010    2     0.000     0.000
r   138.000     0.010    2     0.000     0.000
r   138.200     0.010    2     0.000     0.000
r   138.400     0.010    2     0.000     0.000
r   138.600     0.010    2     0.000     0.000
r   138.800     0.010    2     0.000     0.000
r   139.000     0.010    2     0.000     0.000
r   139.200     0.010    2     0.000     0.000
r   139.400     0.010    2     0.000     0.000
r   139.600     0.010    2     0.000     0.000
r   139.800     0.010    2     0.000     0.000
r   140.000     0.010    2     0.000     0.000
r   140.200     0.010    2     0.000     0.000
r   140.400     0.010    2     0.000     0.000
r   140.600     0.010    2     0.000     0.000
r   140.800     0.010    2     0.000     0.000
r   141.000     0.010    2     0.000     0.000
r   141.200     0.010    2     0.000     0.000
r   141.400     0.010    2     0.000     0.000
r   141.600     0.010    2     0.000     0.000
r   141.800     0.010    2     0.000     0.000
r   142.000     0.010    2     0.000     0.000
r   142.200     0.010    2     0.000     0.000
r   142.400     0.010    2     0.000     0.000
r   142.600     0.010    2     0.000     0.000
r   142.800     0.010    2     0.000     0.000
r   143.000     0.010    2     0.000     0.000
r   143.200     0.010    2     0.000     0.000
r   143.400     0.010    2     0.000     0.000
r   143.600     0.010    2     0.000     0.000
r   143.800     0.010    2     0.000     0.000
r   144.000     0.010    2     0.000     0.000
r   144.200     0.010    2     0.000     0.000
r   144.400     0.010    2     0.000     0.000
r   144.600     0.010    2     0.000     0.000
r   144.800     0.010    2     0.000     0.000
r   145.000     0.010    2     0.000     0.000
s   135.000     3.000  201
r   115.000     0.010    2     0.000     0.000
r   115.200     0.010    2     0.000     0.000
r   115.400     0.010    2     0.000     0.000
r   115.600     0.010    2     0.000     0.000
r   115.800     0.010    2     0.000     0.000
r   116.000     0.010    2     0.000     0.000
r   116.200     0.010    2     0.000     0.000
r   116.400     0.010    2     0.000     0.000
r   116.600     0.010    2     0.000     0.000
r   116.800     0.010    2     0.000     0.000
r   117.000     0.010    2     0.000     0.000
r   117.200     0.010    2     0.000     0.000
r   117.400     0.010    2     0.000     0.000
r   117.600     0.010    2     0.000     0.000
r   117.800     0.010    2     0.000     0.000
r   118.000     0.010    2     0.000     0.000
r   118.200     0.010    2     0.000     0.000
r   118.400     0.010    2     0.000     0.000
r   118.600     0.010    2     0.000     0.000
r   118.800     0.010    2     0.000     0.000
r   119.000     0.010    2     0.000     0.000
r   119.200     0.010    2     0.000     0.000
r   119.400     0.010    2     0.000     0.000
r   119.600     0.010    2     0.000     0.000
r   119.800     0.010    2     0.000     0.000
r   120.000     0.010    2     0.000     0.000
r   120.200     0.010    2     0.000     0.000
r   120.400     0.010    2     0.000     0.000
r   120.600     0.010    2     0.000     0.000
r   120.800     0.010    2     0.000     0.000
r   121.000     0.010    2     0.000     0.000
r   121.200     0.010    2     0.000     0.000
r   121.400     0.010    2     0.000     0.000
r   121.600     0.010    2     0.000     0.000
r   121.800     0.010    2     0.000     0.000
r   122.000     0.010    2     0.000     0.000
r   122.200     0.010    2     0.000     0.000
r   122.400     0.010    2     0.000     0.000
r   122.600     0.010    2     0.000     0.000
r   122.800     0.010    2     0.000     0.000
r   123.000     0.010    2     0.000     0.000
r   123.200     0.010    2     0.000     0.000
r   123.400     0.010    2     0.000     0.000
r   123.600     0.010    2     0.000     0.000
r   123.800     0.010    2     0.000     0.000
r   124.000     0.010    2     0.000     0.000
r   124.200     0.010    2     0.000     0.000
r   124.400     0.010    2     0.000     0.000
r   124.600     0.010    2     0.000     0.000
r   124.800     0.010    2     0.000     0.000
r   125.000     0.010    2     0.000     0.000
r   125.200     0.010    2     0.000     0.000
r   125.400     0.010    2     0.000     0.000
r   125.600     0.010    2     0.000     0.000
r   125.800     0.010    2     0.000     0.000
r   126.000     0.010    2     0.000     0.000
r   126.200     0.010    2     0.000     0.000
r   126.400     0.010    2     0.000     0.000
r   126.600     0.010    2     0.000     0.000
r   126.800     0.010    2     0.000     0.000
r   127.000     0.010    2     0.000     0.000
r   127.200     0.010    2     0.000     0.000
r   127.400     0.010    2     0.000     0.000
r   127.600     0.010    2     0.000     0.000
r   127.800     0.010    2     0.000     0.000
r   128.000     0.010    2     0.000     0.000
r   128.200     0.010    2     0.000     0.000
r   128.400     0.010    2     0.000     0.000
r   128.600     0.010    2     0.000     0.000
r   128.800     0.010    2     0.000     0.000
r   129.000     0.010    2     0.000     0.000
r   129.200     0.010    2     0.000     0.000
r   129.400     0.010    2     0.000     0.000
r   129.600     0.010    2     0.000     0.000
r   129.800     0.010    2     0.000     0.000
r   130.000     0.010    2     0.000     0.000
r   130.200     0.010    2     0.000     0.000
r   130.400     0.010    2     0.000     0.000
r   130.600     0.010    2     0.000     0.000
r   130.800     0.010    2     0.000     0.000
r   131.000     0.010    2     0.000     0.000
r   131.200     0.010    2     0.000     0.000
r   131.400     0.010    2     0.000     0.000
r   131.600     0.010    2     0.000     0.000
r   131.800     0.010    2     0.000     0.000
r   132.000     0.010    2     0.000     0.000
r   132.200     0.010    2     0.000     0.000
r   132.400     0.010    2     0.000     0.000
r   132.600     0.010    2     0.000     0.000
r   132.800     0.010    2     0.000     0.000
r   133.000     0.010    2     0.000     0.000
r   133.200     0.010    2     0.000     0.000
r   133.400     0.010    2     0.000     0.000
r   133.600     0.010    2     0.000     0.000
r   133.800     0.010    2     0.000     0.000
r   134.000     0.010    2     0.000     0.000
r   134.200     0.010    2     0.000     0.000
r   134.400     0.010    2     0.000     0.000
r   134.600     0.010    2     0.000     0.000
r   134.800     0.010    2     0.000     0.000
r   135.000     0.010    2     0.000     0.000
r   135.200     0.010    2     0.000     0.000
r   135.400     0.010    2     0.000     0.000
r   135.600     0.010    2     0.000     0.000
r   135.800     0.010    2     0.000     0.000
r   136.000     0.010    2     0.000     0.000
r   136.200     0.010    2     0.000     0.000
r   136.400     0.010    2     0.000     0.000
r   136.600     0.010    2     0.000     0.000
r   136.800     0.010    2     0.000     0.000
r   137.000     0.010    2     0.000     0.000
r   137.200     0.010    2     0.000     0.000
r   137.400     0.010    2     0.000     0.000
r   137.600     0.010    2     0.000     0.000
r   137.800     0.010    2     0.000     0.000
r   138.000     0.010    2     0.000     0.000
r   138.200     0.010    2     0.000     0.000
r   138.400     0.010    2     0.000     0.000
r   138.600     0.010    2     0.000     0.000
r   138.800     0.010    2     0.000     0.000
r   139.000     0.010    2     0.000     0.000
r   139.200     0.010    2     0.000     0.000
r   139.400     0.010    2     0.000     0.000
r   139.600     0.010    2     0.000     0.000
r   139.800     0.010    2     0.000     0.000
r   140.000     0.010    2     0.000     0.000
r   140.200     0.010    2     0.000     0.000
r   140.400     0.010    2     0.000     0.000
r   140.600     0.010    2     0.000     0.000
r   140.800     0.010    2     0.000     0.000
r   141.000     0.010    2     0.000     0.000
r   141.200     0.010    2     0.000     0.000
r   141.400     0.010    2     0.000     0.000
r   141.600     0.010    2     0.000     0.000
r   141.800     0.010    2     0.000     0.000
r   142.000     0.010    2     0.000     0.000
r   142.200     0.010    2     0.000     0.000
r   142.400     0.010    2     0.000     0.000
r   142.600     0.010    2     0.000     0.000
r   142.800     0.010    2     0.000     0.000
r   143.000     0.010    2     0.000     0.000
r   143.200     0.010    2     0.000     0.000
r   143.400     0.010    2     0.000     0.000
r   143.600     0.010    2     0.000     0.000
r   143.800     0.010    2     0.000     0.000
r   144.000     0.010    2     0.000     0.000
r   144.200     0.010    2     0.000     0.000
r   144.400     0.010    2     0.000     0.000
r   144.600     0.010    2     0.000     0.000
r   144.800     0.010    2     0.000     0.000
r   145.000     0.010    2     0.000     0.000
r   145.200     0.010    2     0.000     0.000
r   145.400     0.010    2     0.000     0.000
r   145.600     0.010    2     0.000     0.000
r   145.800     0.010    2     0.000     0.000
r   146.000     0.010    2     0.000     0.000
r   146.200     0.010    2     0.000     0.000
r   146.400     0.010    2     0.000     0.000
r   146.600     0.010    2     0.000     0.000
r   146.800     0.010    2     0.000     0.000
r   147.000     0.010    2     0.000     0.000
r   147.200     0.010    2     0.000     0.000
r   147.400     0.010    2     0.000     0.000
r   147.600     0.010    2     0.000     0.000
r   147.800     0.010    2     0.000     0.000
r   148.000     0.010    2     0.000     0.000
r   148.200     0.010    2     0.000     0.000
r   148.400     0.010    2     0.000     0.000
r   148.600     0.010    2     0.000     0.000
r   148.800     0.010    2     0.000     0.000
r   149.000     0.010    2     0.000     0.000
r   149.200     0.010    2     0.000     0.000
r   149.400     0.010    2     0.000     0.000
r   149.600     0.010    2     0.000     0.000
r   149.800     0.010    2     0.000     0.000
r   150.000     0.010    2     0.000     0.000
r   150.200     0.010    2     0.000     0.000
r   150.400     0.010    2     0.000     0.000
r   150.600     0.010    2     0.000     0.000
r   150.800     0.010    2     0.000     0.000
r   151.000     0.010    2     0.000     0.000
r   151.200     0.010    2     0.000     0.000
r   151.400     0.010    2     0.000     0.000
r   151.600     0.010    2     0.000     0.000
r   151.800     0.010    2     0.000     0.000
r   152.000     0.010    2     0.000     0.000
r   152.200     0.010    2     0.000     0.000
r   152.400     0.010    2     0.000     0.000
r   152.600     0.010    2     0.000     0.000
r   152.800     0.010    2     0.000     0.000
r   153.000     0.010    2     0.000     0.000
r   153.200     0.010    2     0.000     0.000
r   153.400     0.010    2     0.000     0.000
r   153.600     0.010    2     0.000     0.000
r   153.800     0.010    2     0.000     0.000
r   154.000     0.010    2     0.000     0.000
r   154.200     0.010    2     0.000     0.000
r   154.400     0.010    2     0.000     0.000
r   154.600     0.010    2     0.000     0.000
r   154.800     0.010    2     0.000     0.000
r   155.000     0.010    2     0.000     0.000
s   145.000     3.000  201
r   125.000     0.010    2     0.000     0.000
r   125.200     0.010    2     0.000     0.000
r   125.400     0.010    2     0.000     0.000
r   125.600     0.010    2     0.000     0.000
r   125.800     0.010    2     0.000     0.000
r   126.000     0.010    2     0.000     0.000
r   126.200     0.010    2     0.000     0.000
r   126.400     0.010    2     0.000     0.000
r   126.600     0.010    2     0.000     0.000
r   126.800     0.010    2     0.000     0.000
r   127.000     0.010    2     0.000     0.000
r   127.200     0.010    2     0.000     0.000
r   127.400     0.010    2     0.000     0.000
r   127.600     0.010    2     0.000     0.000
r   127.800     0.010    2     0.000     0.000
r   128.000     0.010    2     0.000     0.000
r   128.200     0.010    2     0.000     0.000
r   128.400     0.010    2     0.000     0.000
r   128.600     0.010    2     0.000     0.000
r   128.800     0.010    2     0.000     0.000
r   129.000     0.010    2     0.000     0.000
r   129.200     0.010    2     0.000     0.000
r   129.400     0.010    2     0.000     0.000
r   129.600     0.010    2     0.000     0.000
r   129.800     0.010    2     0.000     0.000
r   130.000     0.010    2     0.000     0.000
r   130.200     0.010    2     0.000     0.000
r   130.400     0.010    2     0.000     0.000
r   130.600     0.010    2     0.000     0.000
r   130.800     0.010    2     0.000     0.000
r   131.000     0.010    2     0.000     0.000
r   131.200     0.010    2     0.000     0.000
r   131.400     0.010    2     0.000     0.000
r   131.600     0.010    2     0.000     0.000
r   131.800     0.010    2     0.000     0.000
r   132.000     0.010    2     0.000     0.000
r   132.200     0.010    2     0.000     0.000
r   132.400     0.010    2     0.000     0.000
r   132.600     0.010    2     0.000     0.000
r   132.800     0.010    2     0.000     0.000
r   133.000     0.010    2     0.000     0.000
r   133.200     0.010    2     0.000     0.000
r   133.400     0.010    2     0.000     0.000
r   133.600     0.010    2     0.000     0.000
r   133.800     0.010    2     0.000     0.000
r   134.000     0.010    2     0.000     0.000
r   134.200     0.010    2     0.000     0.000
r   134.400     0.010    2     0.000     0.000
r   134.600     0.010    2     0.000     0.000
r   134.800     0.010    2     0.000     0.000
r   135.000     0.010    2     0.000     0.000
r   135.200     0.010    2     0.000     0.000
r   135.400     0.010    2     0.000     0.000
r   135.600     0.010    2     0.000     0.000
r   135.800     0.010    2     0.000     0.000
r   136.000     0.010    2     0.000     0.000
r   136.200     0.010    2     0.000     0.000
r   136.400     0.010    2     0.000     0.000
r   136.600     0.010    2     0.000     0.000
r   136.800     0.010    2     0.000     0.000
r   137.000     0.010    2     0.000     0.000
r   137.200     0.010    2     0.000     0.000
r   137.400     0.010    2     0.000     0.000
r   137.600     0.010    2     0.000     0.000
r   137.800     0.010    2     0.000     0.000
r   138.000     0.010    2     0.000     0.000
r   138.200     0.010    2     0.000     0.000
r   138.400     0.010    2     0.000     0.000
r   138.600     0.010    2     0.000     0.000
r   138.800     0.010    2     0.000     0.000
r   139.000     0.010    2     0.000     0.000
r   139.200     0.010    2     0.000     0.000
r   139.400     0.010    2     0.000     0.000
r   139.600     0.010    2     0.000     0.000
r   139.800     0.010    2     0.000     0.000
r   140.000     0.010    2     0.000     0.000
r   140.200     0.010    2     0.000     0.000
r   140.400     0.010    2     0.000     0.000
r   140.600     0.010    2     0.000     0.000
r   140.800     0.010    2     0.000     0.000
r   141.000     0.010    2     0.000     0.000
r   141.200     0.010    2     0.000     0.000
r   141.400     0.010    2     0.000     0.000
r   141.600     0.010    2     0.000     0.000
r   141.800     0.010    2     0.000     0.000
r   142.000     0.010    2     0.000     0.000
r   142.200     0.010    2     0.000     0.000
r   142.400     0.010    2     0.000     0.000
r   142.600     0.010    2     0.000     0.000
r   142.800     0.010    2     0.000     0.000
r   143.000     0.010    2     0.000     0.000
r   143.200     0.010    2     0.000     0.000
r   143.400     0.010    2     0.000     0.000
r   143.600     0.010    2     0.000     0.000
r   143.800     0.010    2     0.000     0.000
r   144.000     0.010    2     0.000     0.000
r   144.200     0.010    2     0.000     0.000
r   144.400     0.010    2     0.000     0.000
r   144.600     0.010    2     0.000     0.000
r   144.800     0.010    2     0.000     0.000
r   145.000     0.010    2     0.000     0.000
r   145.200     0.010    2     0.000     0.000
r   145.400     0.010    2     0.000     0.000
r   145.600     0.010    2     0.000     0.000
r   145.800     0.010    2     0.000     0.000
r   146.000     0.010    2     0.000     0.000
r   146.200     0.010    2     0.000     0.000
r   146.400     0.010    2     0.000     0.000
r   146.600     0.010    2     0.000     0.000
r   146.800     0.010    2     0.000     0.000
r   147.000     0.010    2     0.000     0.000
r   147.200     0.010    2     0.000     0.000
r   147.400     0.010    2     0.000     0.000
r   147.600     0.010    2     0.000     0.000
r   147.800     0.010    2     0.000     0.000
r   148.000     0.010    2     0.000     0.000
r   148.200     0.010    2     0.000     0.000
r   148.400     0.010    2     0.000     0.000
r   148.600     0.010    2     0.000     0.000
r   148.800     0.010    2     0.000     0.000
r   149.000     0.010    2     0.000     0.000
r   149.200     0.010    2     0.000     0.000
r   149.400     0.010    2     0.000     0.000
r   149.600     0.010    2     0.000     0.000
r   149.800     0.010    2     0.000     0.000
r   150.000     0.010    2     0.000     0.000
r   150.200     0.010    2     0.000     0.000
r   150.400     0.010    2     0.000     0.000
r   150.600     0.010    2     0.000     0.000
r   150.800     0.010    2     0.000     0.000
r   151.000     0.010    2     0.000     0.000
r   151.200     0.010    2     0.000     0.000
r   151.400     0.010    2     0.000     0.000
r   151.600     0.010    2     0.000     0.000
r   151.800     0.010    2     0.000     0.000
r   152.000     0.010    2     0.000     0.000
r   152.200     0.010    2     0.000     0.000
r   152.400     0.010    2     0.000     0.000
r   152.600     0.010    2     0.000     0.000
r   152.800     0.010    2     0.000     0.000
r   153.000     0.010    2     0.000     0.000
r   153.200     0.010    2     0.000     0.000
r   153.400     0.010    2     0.000     0.000
r   153.600     0.010    2     0.000     0.000
r   153.800     0.010    2     0.000     0.000
r   154.000     0.010    2     0.000     0.000
r   154.200     0.010    2     0.000     0.000
r   154.400     0.010    2     0.000     0.000
r   154.600     0.010    2     0.000     0.000
r   154.800     0.010    2     0.000     0.000
r   155.000     0.010    2     0.000     0.000
r   155.200     0.010    2     0.000     0.000
r   155.400     0.010    2     0.000     0.000
r   155.600     0.010    2     0.000     0.000
r   155.800     0.010    2     0.000     0.000
r   156.000     0.010    2     0.000     0.000
r   156.200     0.010    2     0.000     0.000
r   156.400     0.010    2     0.000     0.000
r   156.600     0.010    2     0.000     0.000
r   156.800     0.010    2     0.000     0.000
r   157.000     0.010    2     0.000     0.000
r   157.200     0.010    2     0.000     0.000
r   157.400     0.010    2     0.000     0.000
r   157.600     0.010    2     0.000     0.000
r   157.800     0.010    2     0.000     0.000
r   158.000     0.010    2     0.000     0.000
r   158.200     0.010    2     0.000     0.000
r   158.400     0.010    2     0.000     0.000
r   158.600     0.010    2     0.000     0.000
r   158.800     0.010    2     0.000     0.000
r   159.000     0.010    2     0.000     0.000
r   159.200     0.010    2     0.000     0.000
r   159.400     0.010    2     0.000     0.000
r   159.600     0.010    2     0.000     0.000
r   159.800     0.010    2     0.000     0.000
r   160.000     0.010    2     0.000     0.000
r   160.200     0.010    2     0.000     0.000
r   160.400     0.010    2     0.000     0.000
r   160.600     0.010    2     0.000     0.000
r   160.800     0.010    2     0.000     0.000
r   161.000     0.010    2     0.000     0.000
r   161.200     0.010    2     0.000     0.000
r   161.400     0.010    2     0.000     0.000
r   161.600     0.010    2     0.000     0.000
r   161.800     0.010    2     0.000     0.000
r   162.000     0.010    2     0.000     0.000
r   162.200     0.010    2     0.000     0.000
r   162.400     0.010    2     0.000     0.000
r   162.600     0.010    2     0.000     0.000
r   162.800     0.010    2     0.000     0.000
r   163.000     0.010    2     0.000     0.000
r   163.200     0.010    2     0.000     0.000
r   163.400     0.010    2     0.000     0.000
r   163.600     0.010    2     0.000     0.000
r   163.800     0.010    2     0.000     0.000
r   164.000     0.010    2     0.000     0.000
r   164.200     0.010    2     0.000     0.000
r   164.400     0.010    2     0.000     0.000
r   164.600     0.010    2     0.000     0.000
r   164.800     0.010    2     0.000     0.000
r   165.000     0.010    2     0.000     0.000
