101 51 1.5 0.33
0 2 4 6 8 10 12 14 16 18 20 22 24 26 28 30 32 34 36 38 40 42 44 46 48 50 52 54 56 58 60 62 64 66 68 70 72 74 76 78 80 82 84 86 88 90 92 94 96 98 100 102 104 106 108 110 112 114 116 118 120 122 124 126 128 130 132 134 136 138 140 142 144 146 148 150 152 154 156 158 160 162 164 166 168 170 172 174 176 178 180 182 184 186 188 190 192 194 196 198 200 
0 0 0 0 0 0 0 0 0 0 0 0 0 0 0 0 0 0 0 0 0 0 0 0 0 0 0 0 0 0 0 0 0 0 0 0 0 0 0 0 0 0 0 0 0 0 0 0 0 0 0 0 0 0 0 0 0 0 0 0 0 0 0 0 0 0 0 0 0 0 0 0 0 0 0 0 0 0 0 0 0 0 0 0 0 0 0 0 0 0 0 0 0 0 0 0 0 0 0 0 0 
0 0.1 0.2 0.3 0.4 0.5 0.6 0.7 0.8 0.9 1 1.1 1.2 1.3 1.4 1.5 1.6 1.7 1.8 1.9 2 2.1 2.2 2.3 2.4 2.5 2.6 2.7 2.8 2.9 3 3.1 3.2 3.3 3.4 3.5 3.6 3.7 3.8 3.9 4 4.1 4.2 4.3 4.4 4.5 4.6 4.7 4.8 4.9 5 
1.5 1.5 1.5 1.5 1.5 1.5 1.5 1.5 1.5 1.5 1.5 1.5 1.5 1.5 1.5 1.5 1.5 1.5 1.5 1.5 1.5 1.5 1.5 1.5 1.5 1.5 1.5 1.5 1.5 1.5 1.5 1.8 1.8 1.8 1.8 1.8 1.8 1.8 1.8 1.8 1.8 1.8 1.8 1.8 1.8 1.8 1.8 1.8 1.8 1.8 1.8 
1.5 1.5 1.5 1.5 1.5 1.5 1.5 1.5 1.5 1.5 1.5 1.5 1.5 1.5 1.5 1.5 1.5 1.5 1.5 1.5 1.5 1.5 1.5 1.5 1.5 1.5 1.5 1.5 1.5 1.5 1.5 1.8 1.8 1.8 1.8 1.8 1.8 1.8 1.8 1.8 1.8 1.8 1.8 1.8 1.8 1.8 1.8 1.8 1.8 1.8 1.8 
1.5 1.5 1.5 1.5 1.5 1.5 1.5 1.5 1.5 1.5 1.5 1.5 1.5 1.5 1.5 1.5 1.5 1.5 1.5 1.5 1.5 1.5 1.5 1.5 1.5 1.5 1.5 1.5 1.5 1.5 1.5 1.8 1.8 1.8 1.8 1.8 1.8 1.8 1.8 1.8 1.8 1.8 1.8 1.8 1.8 1.8 1.8 1.8 1.8 1.8 1.8 
1.5 1.5 1.5 1.5 1.5 1.5 1.5 1.5 1.5 1.5 1.5 1.5 1.5 1.5 1.5 1.5 1.5 1.5 1.5 1.5 1.5 1.5 1.5 1.5 1.5 1.5 1.5 1.5 1.5 1.5 1.5 1.8 1.8 1.8 1.8 1.8 1.8 1.8 1.8 1.8 1.8 1.8 1.8 1.8 1.8 1.8 1.8 1.8 1.8 1.8 1.8 
1.5 1.5 1.5 1.5 1.5 1.5 1.5 1.5 1.5 1.5 1.5 1.5 1.5 1.5 1.5 1.5 1.5 1.5 1.5 1.5 1.5 1.5 1.5 1.5 1.5 1.5 1.5 1.5 1.5 1.5 1.5 1.8 1.8 1.8 1.8 1.8 1.8 1.8 1.8 1.8 1.8 1.8 1.8 1.8 1.8 1.8 1.8 1.8 1.8 1.8 1.8 
1.5 1.5 1.5 1.5 1.5 1.5 1.5 1.5 1.5 1.5 1.5 1.5 1.5 1.5 1.5 1.5 1.5 1.5 1.5 1.5 1.5 1.5 1.5 1.5 1.5 1.5 1.5 1.5 1.5 1.5 1.5 1.8 1.8 1.8 1.8 1.8 1.8 1.8 1.8 1.8 1.8 1.8 1.8 1.8 1.8 1.8 1.8 1.8 1.8 1.8 1.8 
1.5 1.5 1.5 1.5 1.5 1.5 1.5 1.5 1.5 1.5 1.5 1.5 1.5 1.5 1.5 1.5 1.5 1.5 1.5 1.5 1.5 1.5 1.5 1.5 1.5 1.5 1.5 1.5 1.5 1.5 1.5 1.8 1.8 1.8 1.8 1.8 1.8 1.8 1.8 1.8 1.8 1.8 1.8 1.8 1.8 1.8 1.8 1.8 1.8 1.8 1.8 
1.5 1.5 1.5 1.5 1.5 1.5 1.5 1.5 1.5 1.5 1.5 1.5 1.5 1.5 1.5 1.5 1.5 1.5 1.5 1.5 1.5 1.5 1.5 1.5 1.5 1.5 1.5 1.5 1.5 1.5 1.5 1.8 1.8 1.8 1.8 1.8 1.8 1.8 1.8 1.8 1.8 1.8 1.8 1.8 1.8 1.8 1.8 1.8 1.8 1.8 1.8 
1.5 1.5 1.5 1.5 1.5 1.5 1.5 1.5 1.5 1.5 1.5 1.5 1.5 1.5 1.5 1.5 1.5 1.5 1.5 1.5 1.5 1.5 1.5 1.5 1.5 1.5 1.5 1.5 1.5 1.5 1.5 1.8 1.8 1.8 1.8 1.8 1.8 1.8 1.8 1.8 1.8 1.8 1.8 1.8 1.8 1.8 1.8 1.8 1.8 1.8 1.8 
1.5 1.5 1.5 1.5 1.5 1.5 1.5 1.5 1.5 1.5 1.5 1.5 1.5 1.5 1.5 1.5 1.5 1.5 1.5 1.5 1.5 1.5 1.5 1.5 1.5 1.5 1.5 1.5 1.5 1.5 1.5 1.8 1.8 1.8 1.8 1.8 1.8 1.8 1.8 1.8 1.8 1.8 1.8 1.8 1.8 1.8 1.8 1.8 1.8 1.8 1.8 
1.5 1.5 1.5 1.5 1.5 1.5 1.5 1.5 1.5 1.5 1.5 1.5 1.5 1.5 1.5 1.5 1.5 1.5 1.5 1.5 1.5 1.5 1.5 1.5 1.5 1.5 1.5 1.5 1.5 1.5 1.5 1.8 1.8 1.8 1.8 1.8 1.8 1.8 1.8 1.8 1.8 1.8 1.8 1.8 1.8 1.8 1.8 1.8 1.8 1.8 1.8 
1.49999 1.49999 1.49999 1.49999 1.49999 1.49999 1.49999 1.49999 1.49999 1.49999 1.49999 1.49999 1.49999 1.5 1.5 1.5 1.5 1.5 1.5 1.5 1.5 1.5 1.5 1.5 1.5 1.5 1.5 1.5 1.5 1.5 1.5 1.8 1.8 1.8 1.8 1.8 1.8 1.8 1.8 1.8 1.8 1.8 1.8 1.8 1.8 1.8 1.8 1.8 1.8 1.8 1.8 
1.49999 1.49999 1.49999 1.49999 1.49999 1.49999 1.49999 1.49999 1.49999 1.49999 1.49999 1.49999 1.49999 1.49999 1.49999 1.49999 1.49999 1.49999 1.5 1.5 1.5 1.5 1.5 1.5 1.5 1.5 1.5 1.5 1.5 1.5 1.5 1.8 1.8 1.8 1.8 1.8 1.8 1.8 1.8 1.8 1.8 1.8 1.8 1.8 1.8 1.8 1.8 1.8 1.8 1.8 1.8 
1.49999 1.49999 1.49999 1.49999 1.49999 1.49999 1.49999 1.49999 1.49999 1.49999 1.49999 1.49999 1.49999 1.49999 1.49999 1.49999 1.49999 1.49999 1.49999 1.49999 1.5 1.5 1.5 1.5 1.5 1.5 1.5 1.5 1.5 1.5 1.5 1.8 1.8 1.8 1.8 1.8 1.8 1.8 1.8 1.8 1.8 1.8 1.8 1.8 1.8 1.8 1.8 1.8 1.8 1.8 1.8 
1.49999 1.49999 1.49999 1.49999 1.49999 1.49999 1.49999 1.49999 1.49999 1.49999 1.49999 1.49999 1.49999 1.49999 1.49999 1.49999 1.49999 1.49999 1.49999 1.5 1.5 1.5 1.5 1.5 1.5 1.5 1.5 1.5 1.5 1.5 1.5 1.8 1.8 1.8 1.8 1.8 1.8 1.8 1.8 1.8 1.8 1.8 1.8 1.8 1.8 1.8 1.8 1.8 1.8 1.8 1.8 
1.5 1.5 1.5 1.5 1.5 1.5 1.5 1.5 1.5 1.5 1.5 1.5 1.5 1.5 1.5 1.5 1.5 1.5 1.5 1.5 1.5 1.5 1.5 1.5 1.5 1.5 1.5 1.5 1.5 1.5 1.50001 1.8 1.8 1.8 1.8 1.8 1.8 1.8 1.8 1.8 1.8 1.8 1.8 1.8 1.8 1.8 1.8 1.8 1.8 1.8 1.8 
1.50002 1.50002 1.50001 1.50002 1.50002 1.50001 1.50001 1.50001 1.50001 1.50001 1.50001 1.50001 1.50001 1.50001 1.50001 1.50001 1.50001 1.50001 1.50001 1.50001 1.50001 1.50001 1.50001 1.50001 1.50001 1.50001 1.50001 1.50002 1.50002 1.50001 1.50002 1.8 1.8 1.8 1.8 1.8 1.8 1.8 1.8 1.8 1.8 1.8 1.8 1.8 1.8 1.8 1.8 1.8 1.8 1.8 1.8 
1.50005 1.50005 1.50005 1.50005 1.50005 1.50005 1.50005 1.50005 1.50005 1.50004 1.50004 1.50004 1.50004 1.50004 1.50004 1.50004 1.50004 1.50004 1.50003 1.50003 1.50003 1.50003 1.50003 1.50003 1.50003 1.50003 1.50003 1.50003 1.50003 1.50003 1.50003 1.8 1.8 1.8 1.8 1.8 1.8 1.8 1.8 1.8 1.8 1.8 1.8 1.8 1.8 1.8 1.8 1.8 1.8 1.8 1.8 
1.50011 1.50011 1.50011 1.50011 1.5001 1.5001 1.5001 1.5001 1.5001 1.5001 1.50009 1.50009 1.50009 1.50008 1.50008 1.50008 1.50007 1.50007 1.50007 1.50006 1.50006 1.50006 1.50006 1.50005 1.50005 1.50005 1.50005 1.50004 1.50004 1.50004 1.50004 1.8 1.8 1.8 1.8 1.8 1.8 1.8 1.8 1.8 1.8 1.8 1.8 1.8 1.8 1.8 1.8 1.8 1.8 1.8 1.8 
1.50019 1.50019 1.50019 1.50018 1.50017 1.50017 1.50017 1.50016 1.50016 1.50015 1.50015 1.50014 1.50014 1.50013 1.50013 1.50012 1.50011 1.50011 1.5001 1.50009 1.50009 1.50008 1.50008 1.50007 1.50007 1.50007 1.50006 1.50006 1.50005 1.50005 1.50004 1.8 1.8 1.8 1.8 1.8 1.8 1.8 1.8 1.8 1.8 1.8 1.8 1.8 1.8 1.8 1.8 1.8 1.8 1.8 1.8 
1.50029 1.50029 1.50028 1.50027 1.50026 1.50026 1.50025 1.50024 1.50023 1.50022 1.50022 1.50021 1.5002 1.50018 1.50018 1.50016 1.50015 1.50015 1.50013 1.50012 1.50011 1.5001 1.50009 1.50009 1.50008 1.50007 1.50007 1.50006 1.50005 1.50005 1.50004 1.8 1.8 1.8 1.8 1.8 1.8 1.8 1.8 1.8 1.8 1.8 1.8 1.8 1.8 1.8 1.8 1.8 1.8 1.8 1.8 
1.50038 1.50038 1.50038 1.50036 1.50035 1.50034 1.50032 1.50031 1.5003 1.50029 1.50028 1.50026 1.50025 1.50023 1.50022 1.50019 1.50018 1.50017 1.50015 1.50013 1.50012 1.5001 1.50009 1.50008 1.50007 1.50006 1.50005 1.50003 1.50003 1.50002 1.50001 1.8 1.8 1.8 1.8 1.8 1.8 1.8 1.8 1.8 1.8 1.8 1.8 1.8 1.8 1.8 1.8 1.8 1.8 1.8 1.8 
1.50044 1.50044 1.50043 1.50043 1.5004 1.50038 1.50037 1.50036 1.50034 1.50033 1.50031 1.50029 1.50027 1.50024 1.50022 1.5002 1.50018 1.50016 1.50014 1.50012 1.5001 1.50008 1.50006 1.50005 1.50004 1.50002 1.50001 1.49999 1.49998 1.49997 1.49996 1.8 1.8 1.8 1.8 1.8 1.8 1.8 1.8 1.8 1.8 1.8 1.8 1.8 1.8 1.8 1.8 1.8 1.8 1.8 1.8 
1.50048 1.50049 1.50045 1.50043 1.50041 1.50039 1.50038 1.50036 1.50034 1.50033 1.50031 1.50028 1.50026 1.50023 1.5002 1.50018 1.50015 1.50013 1.5001 1.50007 1.50005 1.50003 1.50001 1.5 1.49998 1.49996 1.49995 1.49992 1.49991 1.49989 1.49989 1.8 1.8 1.8 1.8 1.8 1.8 1.8 1.8 1.8 1.8 1.8 1.8 1.8 1.8 1.8 1.8 1.8 1.8 1.8 1.8 
1.5005 1.50052 1.5005 1.50049 1.50045 1.50041 1.50038 1.50035 1.50033 1.5003 1.50028 1.50025 1.50022 1.50018 1.50015 1.50012 1.50009 1.50006 1.50002 1.49999 1.49995 1.49993 1.4999 1.49989 1.49986 1.49984 1.49982 1.4998 1.49978 1.49976 1.49975 1.8 1.8 1.8 1.8 1.8 1.8 1.8 1.8 1.8 1.8 1.8 1.8 1.8 1.8 1.8 1.8 1.8 1.8 1.8 1.8 
1.50042 1.50042 1.5004 1.50038 1.50037 1.50035 1.50033 1.5003 1.50027 1.50024 1.50021 1.50018 1.50014 1.5001 1.50006 1.50003 1.49999 1.49995 1.49991 1.49988 1.49984 1.49981 1.49977 1.49976 1.49973 1.49971 1.49968 1.49966 1.49965 1.49962 1.49961 1.8 1.8 1.8 1.8 1.8 1.8 1.8 1.8 1.8 1.8 1.8 1.8 1.8 1.8 1.8 1.8 1.8 1.8 1.8 1.8 
1.50028 1.50025 1.50022 1.50021 1.5002 1.50018 1.50017 1.50015 1.50013 1.50011 1.50007 1.50004 1.50001 1.49997 1.49995 1.49991 1.49988 1.49985 1.49981 1.49978 1.49974 1.49972 1.49969 1.49968 1.49966 1.49964 1.49961 1.49958 1.49956 1.49954 1.49954 1.8 1.8 1.8 1.8 1.8 1.8 1.8 1.8 1.8 1.8 1.8 1.8 1.8 1.8 1.8 1.8 1.8 1.8 1.8 1.8 
1.50019 1.50013 1.50008 1.50004 1.50004 1.50002 1.5 1.49999 1.49997 1.49995 1.49993 1.4999 1.49988 1.49983 1.49981 1.49977 1.49974 1.49971 1.49968 1.49966 1.49964 1.49962 1.49959 1.49959 1.49958 1.49958 1.49957 1.49955 1.49951 1.49943 1.49946 1.8 1.8 1.8 1.8 1.8 1.8 1.8 1.8 1.8 1.8 1.8 1.8 1.8 1.8 1.8 1.8 1.8 1.8 1.8 1.8 
1.50041 1.50041 1.50028 1.50016 1.50007 1.50006 1.50002 1.49998 1.49995 1.49991 1.49988 1.49983 1.49979 1.49973 1.49969 1.49963 1.49957 1.49951 1.49943 1.49937 1.49932 1.49927 1.4992 1.49915 1.49907 1.49897 1.49889 1.49885 1.49894 1.49903 1.49909 1.8 1.8 1.8 1.8 1.8 1.8 1.8 1.8 1.8 1.8 1.8 1.8 1.8 1.8 1.8 1.8 1.8 1.8 1.8 1.8 
1.50057 1.50059 1.50053 1.50047 1.50035 1.50023 1.5001 1.50001 1.49994 1.49988 1.49982 1.4997 1.49967 1.49956 1.49947 1.49937 1.49935 1.49934 1.4993 1.49922 1.49921 1.49915 1.49906 1.49904 1.49916 1.49934 1.49941 1.49943 1.4994 1.4994 1.49944 1.8 1.8 1.8 1.8 1.8 1.8 1.8 1.8 1.8 1.8 1.8 1.8 1.8 1.8 1.8 1.8 1.8 1.8 1.8 1.8 
1.50073 1.50075 1.50069 1.50061 1.50053 1.50049 1.50039 1.50029 1.50017 1.50005 1.49997 1.49989 1.49974 1.49967 1.49962 1.49952 1.49948 1.49945 1.49946 1.49952 1.49963 1.49975 1.49989 1.49992 1.49991 1.49986 1.49983 1.49985 1.49988 1.49991 1.49987 1.8 1.8 1.8 1.8 1.8 1.8 1.8 1.8 1.8 1.8 1.8 1.8 1.8 1.8 1.8 1.8 1.8 1.8 1.8 1.8 
1.5009 1.501 1.50106 1.50098 1.50085 1.50081 1.50075 1.50071 1.5007 1.50064 1.50055 1.50043 1.50032 1.50023 1.50015 1.50008 1.50012 1.50013 1.50018 1.50024 1.50022 1.50015 1.50006 1.50005 1.50005 1.50007 1.50004 1.50006 1.49997 1.49995 1.49981 1.8 1.8 1.8 1.8 1.8 1.8 1.8 1.8 1.8 1.8 1.8 1.8 1.8 1.8 1.8 1.8 1.8 1.8 1.8 1.8 
1.50101 1.50136 1.5014 1.50151 1.50149 1.50143 1.5014 1.50145 1.50137 1.5014 1.50135 1.50136 1.50142 1.50127 1.50122 1.50122 1.50109 1.50101 1.50078 1.50054 1.50038 1.50025 1.50007 1.49995 1.49981 1.49967 1.4995 1.4993 1.49944 1.49936 1.49918 1.8 1.8 1.8 1.8 1.8 1.8 1.8 1.8 1.8 1.8 1.8 1.8 1.8 1.8 1.8 1.8 1.8 1.8 1.8 1.8 
1.50024 1.50038 1.50078 1.50112 1.50135 1.5014 1.50158 1.50162 1.50177 1.50175 1.50182 1.50194 1.50206 1.50224 1.50211 1.5022 1.50194 1.50197 1.5018 1.50171 1.50146 1.50139 1.5014 1.50141 1.5015 1.50153 1.50155 1.50111 1.50061 1.49992 1.49985 1.8 1.8 1.8 1.8 1.8 1.8 1.8 1.8 1.8 1.8 1.8 1.8 1.8 1.8 1.8 1.8 1.8 1.8 1.8 1.8 
1.49957 1.49975 1.5 1.50023 1.50063 1.50085 1.50121 1.50151 1.50159 1.50177 1.5019 1.50201 1.50209 1.50211 1.5023 1.50231 1.50226 1.50202 1.50186 1.50199 1.50167 1.50165 1.50149 1.50123 1.50038 1.49955 1.49908 1.4989 1.4989 1.49879 1.49842 1.8 1.8 1.8 1.8 1.8 1.8 1.8 1.8 1.8 1.8 1.8 1.8 1.8 1.8 1.8 1.8 1.8 1.8 1.8 1.8 
1.49881 1.49903 1.49934 1.49967 1.49996 1.50006 1.50028 1.5006 1.50083 1.50108 1.50122 1.50162 1.50178 1.50174 1.50183 1.50189 1.50186 1.50177 1.50145 1.50064 1.49989 1.49903 1.49821 1.49791 1.49773 1.4977 1.49746 1.49696 1.49682 1.49656 1.49615 1.8 1.8 1.8 1.8 1.8 1.8 1.8 1.8 1.8 1.8 1.8 1.8 1.8 1.8 1.8 1.8 1.8 1.8 1.8 1.8 
1.49811 1.49803 1.49785 1.49839 1.49848 1.49843 1.49842 1.49843 1.4984 1.49845 1.4985 1.4986 1.49876 1.49876 1.49873 1.49854 1.49817 1.4977 1.49715 1.49687 1.49694 1.49713 1.4972 1.49719 1.49706 1.49685 1.49654 1.49617 1.49601 1.49597 1.49577 1.8 1.8 1.8 1.8 1.8 1.8 1.8 1.8 1.8 1.8 1.8 1.8 1.8 1.8 1.8 1.8 1.8 1.8 1.8 1.8 
1.49791 1.49717 1.49674 1.49595 1.4961 1.4958 1.49563 1.49526 1.49528 1.49512 1.49492 1.49457 1.49413 1.49371 1.49333 1.49312 1.49329 1.49369 1.49436 1.49476 1.49518 1.4955 1.49589 1.49626 1.49677 1.49739 1.49808 1.49906 1.49876 1.49827 1.49839 1.8 1.8 1.8 1.8 1.8 1.8 1.8 1.8 1.8 1.8 1.8 1.8 1.8 1.8 1.8 1.8 1.8 1.8 1.8 1.8 
1.50178 1.50161 1.49884 1.49727 1.49596 1.49568 1.49512 1.49461 1.49405 1.49339 1.49263 1.49167 1.49092 1.49059 1.49045 1.4904 1.49029 1.49029 1.49024 1.49028 1.49043 1.49046 1.49048 1.49026 1.48972 1.4886 1.48745 1.4877 1.49054 1.49507 1.49414 1.8 1.8 1.8 1.8 1.8 1.8 1.8 1.8 1.8 1.8 1.8 1.8 1.8 1.8 1.8 1.8 1.8 1.8 1.8 1.8 
1.50666 1.50747 1.50577 1.50308 1.50008 1.49849 1.49687 1.49553 1.49433 1.49345 1.4929 1.49212 1.49149 1.49049 1.48985 1.48932 1.48897 1.48848 1.48755 1.48818 1.48781 1.48711 1.48624 1.48624 1.48771 1.49106 1.49498 1.49703 1.49609 1.49507 1.49576 1.8 1.8 1.8 1.8 1.8 1.8 1.8 1.8 1.8 1.8 1.8 1.8 1.8 1.8 1.8 1.8 1.8 1.8 1.8 1.8 
1.51386 1.514 1.51193 1.50974 1.50778 1.5054 1.50313 1.50124 1.49969 1.49839 1.49722 1.49569 1.49415 1.49315 1.49221 1.49143 1.49081 1.49016 1.49068 1.49119 1.49272 1.4952 1.49864 1.50166 1.50301 1.5026 1.50185 1.50291 1.50349 1.50481 1.50614 1.8 1.8 1.8 1.8 1.8 1.8 1.8 1.8 1.8 1.8 1.8 1.8 1.8 1.8 1.8 1.8 1.8 1.8 1.8 1.8 
1.52166 1.52071 1.51844 1.51687 1.51592 1.51505 1.51416 1.51293 1.51113 1.50911 1.50713 1.50507 1.50318 1.50226 1.50152 1.50122 1.5015 1.50108 1.50466 1.50688 1.50866 1.50878 1.50841 1.50777 1.50819 1.50936 1.5108 1.51283 1.5137 1.51475 1.51571 1.8 1.8 1.8 1.8 1.8 1.8 1.8 1.8 1.8 1.8 1.8 1.8 1.8 1.8 1.8 1.8 1.8 1.8 1.8 1.8 
1.52989 1.528 1.52855 1.52937 1.52964 1.52939 1.52927 1.52923 1.52926 1.52941 1.52949 1.52926 1.52898 1.52823 1.52814 1.52891 1.52963 1.52984 1.52724 1.52464 1.5225 1.52106 1.51969 1.51876 1.51749 1.51613 1.5147 1.51253 1.51203 1.51414 1.51928 1.8 1.8 1.8 1.8 1.8 1.8 1.8 1.8 1.8 1.8 1.8 1.8 1.8 1.8 1.8 1.8 1.8 1.8 1.8 1.8 
1.54412 1.54606 1.54461 1.54337 1.54391 1.54532 1.54743 1.54956 1.55159 1.55355 1.55556 1.55819 1.56145 1.56361 1.56442 1.56268 1.56007 1.5581 1.55703 1.5564 1.55575 1.55509 1.55393 1.55319 1.55186 1.55072 1.55158 1.55398 1.55759 1.55649 1.5518 1.8 1.8 1.8 1.8 1.8 1.8 1.8 1.8 1.8 1.8 1.8 1.8 1.8 1.8 1.8 1.8 1.8 1.8 1.8 1.8 
1.55544 1.55579 1.56079 1.56524 1.56648 1.56625 1.5658 1.56644 1.56858 1.57127 1.57345 1.57515 1.57563 1.57567 1.57621 1.57771 1.57927 1.58028 1.58008 1.57892 1.57745 1.57639 1.57618 1.57832 1.58163 1.585 1.58446 1.58103 1.57677 1.57376 1.57258 1.8 1.8 1.8 1.8 1.8 1.8 1.8 1.8 1.8 1.8 1.8 1.8 1.8 1.8 1.8 1.8 1.8 1.8 1.8 1.8 
1.56587 1.56463 1.56808 1.57117 1.57471 1.57888 1.58237 1.58349 1.5814 1.57837 1.5766 1.57689 1.57767 1.58026 1.58198 1.58366 1.58542 1.58753 1.58979 1.59299 1.59727 1.60178 1.60521 1.60195 1.59773 1.59376 1.59229 1.59178 1.59089 1.58958 1.58794 1.8 1.8 1.8 1.8 1.8 1.8 1.8 1.8 1.8 1.8 1.8 1.8 1.8 1.8 1.8 1.8 1.8 1.8 1.8 1.8 
1.57362 1.57375 1.57751 1.57936 1.5808 1.58098 1.58082 1.58159 1.58384 1.58633 1.58752 1.58695 1.58548 1.58489 1.58535 1.58668 1.58876 1.59151 1.59479 1.5969 1.59655 1.59588 1.59651 1.59873 1.60186 1.60333 1.60235 1.60046 1.59727 1.59558 1.59461 1.8 1.8 1.8 1.8 1.8 1.8 1.8 1.8 1.8 1.8 1.8 1.8 1.8 1.8 1.8 1.8 1.8 1.8 1.8 1.8 
1.57723 1.57773 1.5772 1.57726 1.5781 1.57947 1.58126 1.58298 1.58462 1.58632 1.58846 1.59177 1.59574 1.59841 1.59939 1.59851 1.59616 1.59344 1.59015 1.58747 1.58587 1.58457 1.58253 1.58125 1.57956 1.57882 1.57942 1.58055 1.58246 1.58122 1.58282 1.8 1.8 1.8 1.8 1.8 1.8 1.8 1.8 1.8 1.8 1.8 1.8 1.8 1.8 1.8 1.8 1.8 1.8 1.8 1.8 
1.58269 1.58398 1.57978 1.57768 1.57831 1.5795 1.58079 1.58206 1.58332 1.58489 1.58693 1.58921 1.59144 1.59145 1.59149 1.59142 1.59074 1.58898 1.58464 1.58133 1.57877 1.57697 1.57444 1.5727 1.5701 1.56722 1.5649 1.56454 1.57014 1.57682 1.57732 1.8 1.8 1.8 1.8 1.8 1.8 1.8 1.8 1.8 1.8 1.8 1.8 1.8 1.8 1.8 1.8 1.8 1.8 1.8 1.8 
1.58529 1.58596 1.58787 1.58728 1.58374 1.58028 1.57878 1.57933 1.58013 1.5801 1.57863 1.5763 1.57395 1.57291 1.57266 1.57317 1.57447 1.57632 1.58038 1.58317 1.58422 1.58322 1.58252 1.58266 1.58668 1.59296 1.59903 1.60134 1.5977 1.59479 1.59524 1.8 1.8 1.8 1.8 1.8 1.8 1.8 1.8 1.8 1.8 1.8 1.8 1.8 1.8 1.8 1.8 1.8 1.8 1.8 1.8 
1.58516 1.58293 1.58326 1.58459 1.58714 1.58905 1.58684 1.58073 1.57482 1.57079 1.56907 1.568 1.56669 1.56793 1.5685 1.56931 1.57043 1.57126 1.57432 1.57749 1.58269 1.59006 1.59979 1.60551 1.60525 1.60115 1.59765 1.59872 1.59901 1.60002 1.60153 1.8 1.8 1.8 1.8 1.8 1.8 1.8 1.8 1.8 1.8 1.8 1.8 1.8 1.8 1.8 1.8 1.8 1.8 1.8 1.8 
1.58527 1.58545 1.58713 1.58697 1.58407 1.58084 1.57943 1.57995 1.58067 1.57996 1.57768 1.57501 1.57277 1.57226 1.57209 1.57245 1.5735 1.57479 1.5789 1.58228 1.58464 1.58444 1.58398 1.58403 1.588 1.59418 1.59959 1.60146 1.59799 1.59549 1.59617 1.8 1.8 1.8 1.8 1.8 1.8 1.8 1.8 1.8 1.8 1.8 1.8 1.8 1.8 1.8 1.8 1.8 1.8 1.8 1.8 
1.58244 1.58377 1.58027 1.5779 1.57839 1.57949 1.58071 1.582 1.58332 1.58513 1.58747 1.58976 1.59133 1.58997 1.58894 1.58902 1.58963 1.58954 1.58566 1.58208 1.57893 1.57677 1.57428 1.57262 1.57014 1.56747 1.56566 1.56585 1.5703 1.57711 1.57768 1.8 1.8 1.8 1.8 1.8 1.8 1.8 1.8 1.8 1.8 1.8 1.8 1.8 1.8 1.8 1.8 1.8 1.8 1.8 1.8 
1.57679 1.57747 1.57686 1.57676 1.5777 1.57925 1.58106 1.58271 1.58443 1.58609 1.58797 1.5908 1.59507 1.59908 1.60175 1.60085 1.59697 1.59389 1.58977 1.58766 1.58636 1.58508 1.58311 1.58177 1.58 1.57907 1.57953 1.58056 1.58268 1.58181 1.58326 1.8 1.8 1.8 1.8 1.8 1.8 1.8 1.8 1.8 1.8 1.8 1.8 1.8 1.8 1.8 1.8 1.8 1.8 1.8 1.8 
1.57264 1.57316 1.57664 1.57909 1.5812 1.58046 1.58021 1.58074 1.58266 1.58532 1.5873 1.58816 1.58706 1.58628 1.58619 1.58754 1.59023 1.59305 1.59612 1.59727 1.59642 1.59584 1.59666 1.59924 1.60237 1.60404 1.60321 1.60122 1.59795 1.59813 1.59525 1.8 1.8 1.8 1.8 1.8 1.8 1.8 1.8 1.8 1.8 1.8 1.8 1.8 1.8 1.8 1.8 1.8 1.8 1.8 1.8 
1.56458 1.56353 1.5672 1.57033 1.57369 1.57774 1.58132 1.58303 1.58179 1.57888 1.57697 1.57695 1.57773 1.58037 1.58209 1.58375 1.58558 1.5875 1.59005 1.59359 1.59809 1.60249 1.60539 1.60163 1.59746 1.59369 1.59248 1.59199 1.59109 1.5896 1.5881 1.8 1.8 1.8 1.8 1.8 1.8 1.8 1.8 1.8 1.8 1.8 1.8 1.8 1.8 1.8 1.8 1.8 1.8 1.8 1.8 
1.55236 1.55179 1.55686 1.56151 1.56399 1.56499 1.56505 1.56584 1.56789 1.57063 1.5727 1.57414 1.57458 1.57497 1.57591 1.5775 1.57902 1.5799 1.58007 1.57922 1.57782 1.57677 1.57682 1.57913 1.58234 1.58528 1.58414 1.58089 1.57706 1.57386 1.57283 1.8 1.8 1.8 1.8 1.8 1.8 1.8 1.8 1.8 1.8 1.8 1.8 1.8 1.8 1.8 1.8 1.8 1.8 1.8 1.8 
1.54166 1.54365 1.54252 1.54128 1.54134 1.54273 1.54499 1.54735 1.54979 1.55223 1.55468 1.55772 1.56113 1.56312 1.56364 1.56202 1.55986 1.55889 1.55724 1.55664 1.556 1.55537 1.55422 1.55348 1.55218 1.5512 1.55226 1.55453 1.5578 1.556 1.55177 1.8 1.8 1.8 1.8 1.8 1.8 1.8 1.8 1.8 1.8 1.8 1.8 1.8 1.8 1.8 1.8 1.8 1.8 1.8 1.8 
1.5283 1.52659 1.5271 1.52782 1.52802 1.52805 1.52796 1.52783 1.52766 1.52756 1.52764 1.5277 1.52783 1.52771 1.52829 1.5291 1.52968 1.52941 1.5266 1.52412 1.52221 1.52102 1.51971 1.51872 1.51737 1.51596 1.51445 1.51216 1.5117 1.51344 1.51893 1.8 1.8 1.8 1.8 1.8 1.8 1.8 1.8 1.8 1.8 1.8 1.8 1.8 1.8 1.8 1.8 1.8 1.8 1.8 1.8 
1.52063 1.5198 1.5177 1.51615 1.51518 1.51431 1.51324 1.5119 1.51038 1.50868 1.50686 1.50484 1.50293 1.50176 1.50096 1.50079 1.50127 1.50229 1.50497 1.50726 1.50855 1.50822 1.50776 1.50724 1.50783 1.50899 1.5104 1.51235 1.51322 1.51412 1.51509 1.8 1.8 1.8 1.8 1.8 1.8 1.8 1.8 1.8 1.8 1.8 1.8 1.8 1.8 1.8 1.8 1.8 1.8 1.8 1.8 
1.51283 1.51302 1.51079 1.50855 1.50655 1.50449 1.50256 1.50088 1.49943 1.4981 1.49688 1.49538 1.49391 1.49299 1.49212 1.49119 1.4905 1.48964 1.48999 1.49058 1.4924 1.49508 1.49849 1.50127 1.50218 1.50173 1.50114 1.50235 1.50293 1.50418 1.50556 1.8 1.8 1.8 1.8 1.8 1.8 1.8 1.8 1.8 1.8 1.8 1.8 1.8 1.8 1.8 1.8 1.8 1.8 1.8 1.8 
1.50587 1.50637 1.50468 1.50246 1.50051 1.4985 1.49692 1.49562 1.49456 1.49385 1.49339 1.49267 1.49206 1.49101 1.49036 1.48975 1.48936 1.48868 1.48875 1.48834 1.48779 1.48697 1.48598 1.48594 1.48757 1.4909 1.49458 1.49626 1.49542 1.49441 1.49515 1.8 1.8 1.8 1.8 1.8 1.8 1.8 1.8 1.8 1.8 1.8 1.8 1.8 1.8 1.8 1.8 1.8 1.8 1.8 1.8 
1.50104 1.50072 1.49846 1.49713 1.49576 1.49574 1.49525 1.49472 1.49415 1.49347 1.49272 1.49185 1.49125 1.49103 1.49099 1.49081 1.4906 1.49047 1.49035 1.49046 1.49056 1.49055 1.49052 1.4903 1.48961 1.48831 1.48712 1.48733 1.49001 1.49438 1.49353 1.8 1.8 1.8 1.8 1.8 1.8 1.8 1.8 1.8 1.8 1.8 1.8 1.8 1.8 1.8 1.8 1.8 1.8 1.8 1.8 
1.49807 1.49743 1.49688 1.49661 1.49632 1.49607 1.49591 1.49573 1.49557 1.49542 1.49524 1.49488 1.49438 1.49392 1.49329 1.49348 1.49374 1.49401 1.49468 1.49507 1.49543 1.49573 1.49612 1.4965 1.49704 1.4976 1.49832 1.49928 1.49896 1.49841 1.49836 1.8 1.8 1.8 1.8 1.8 1.8 1.8 1.8 1.8 1.8 1.8 1.8 1.8 1.8 1.8 1.8 1.8 1.8 1.8 1.8 
1.4983 1.49829 1.49843 1.49859 1.49865 1.4986 1.49859 1.49859 1.49859 1.4986 1.49863 1.49873 1.49891 1.49895 1.49894 1.49872 1.4983 1.4978 1.49739 1.49727 1.49737 1.49752 1.49755 1.49752 1.49739 1.49719 1.49688 1.49652 1.4963 1.49623 1.49599 1.8 1.8 1.8 1.8 1.8 1.8 1.8 1.8 1.8 1.8 1.8 1.8 1.8 1.8 1.8 1.8 1.8 1.8 1.8 1.8 
1.49891 1.49913 1.49936 1.49967 1.49987 1.50006 1.50026 1.50045 1.50067 1.50084 1.501 1.50116 1.50135 1.50135 1.50141 1.50142 1.50141 1.50168 1.5011 1.50062 1.4999 1.49917 1.49855 1.49832 1.49816 1.49806 1.49782 1.49735 1.49724 1.49698 1.49655 1.8 1.8 1.8 1.8 1.8 1.8 1.8 1.8 1.8 1.8 1.8 1.8 1.8 1.8 1.8 1.8 1.8 1.8 1.8 1.8 
1.49958 1.49976 1.49998 1.50021 1.50057 1.5008 1.50109 1.50133 1.50154 1.5017 1.5018 1.50191 1.50198 1.50203 1.50207 1.50205 1.50201 1.50203 1.50189 1.50183 1.50176 1.50175 1.50158 1.50122 1.5006 1.4999 1.49953 1.49918 1.49926 1.49915 1.49875 1.8 1.8 1.8 1.8 1.8 1.8 1.8 1.8 1.8 1.8 1.8 1.8 1.8 1.8 1.8 1.8 1.8 1.8 1.8 1.8 
1.50031 1.50046 1.5008 1.50107 1.50135 1.50137 1.50146 1.50153 1.50159 1.50166 1.50174 1.50185 1.50196 1.50196 1.50195 1.50187 1.50181 1.50173 1.50163 1.50151 1.50141 1.50136 1.5013 1.50134 1.50146 1.5016 1.50154 1.50134 1.50085 1.50032 1.50015 1.8 1.8 1.8 1.8 1.8 1.8 1.8 1.8 1.8 1.8 1.8 1.8 1.8 1.8 1.8 1.8 1.8 1.8 1.8 1.8 
1.50101 1.50126 1.50134 1.50136 1.50138 1.50138 1.50138 1.50137 1.50136 1.50135 1.50132 1.50132 1.50135 1.50129 1.50127 1.50119 1.50108 1.50095 1.50073 1.50055 1.50039 1.50026 1.50008 1.49997 1.49983 1.49967 1.49951 1.49932 1.49944 1.49942 1.49929 1.8 1.8 1.8 1.8 1.8 1.8 1.8 1.8 1.8 1.8 1.8 1.8 1.8 1.8 1.8 1.8 1.8 1.8 1.8 1.8 
1.50094 1.50107 1.50103 1.50098 1.50092 1.50087 1.5008 1.50075 1.5007 1.50065 1.50057 1.50048 1.50038 1.50028 1.5002 1.50017 1.50016 1.50016 1.50021 1.50021 1.50015 1.50007 1.5 1.5 1.50001 1.50002 1.50001 1.49998 1.49994 1.49988 1.49983 1.8 1.8 1.8 1.8 1.8 1.8 1.8 1.8 1.8 1.8 1.8 1.8 1.8 1.8 1.8 1.8 1.8 1.8 1.8 1.8 
1.50073 1.50077 1.5007 1.50062 1.50055 1.50049 1.50042 1.50033 1.50022 1.50011 1.50001 1.49993 1.49985 1.49979 1.49973 1.49968 1.49963 1.49959 1.49959 1.49962 1.4997 1.49982 1.49993 1.49996 1.49993 1.49988 1.49987 1.49989 1.49989 1.4999 1.4999 1.8 1.8 1.8 1.8 1.8 1.8 1.8 1.8 1.8 1.8 1.8 1.8 1.8 1.8 1.8 1.8 1.8 1.8 1.8 1.8 
1.50046 1.50045 1.5004 1.50036 1.50026 1.50018 1.50009 1.50002 1.49997 1.49993 1.49988 1.49982 1.49977 1.49968 1.49962 1.49957 1.49952 1.49947 1.49942 1.49937 1.4993 1.49924 1.49918 1.4992 1.49928 1.4994 1.49947 1.49949 1.49947 1.49946 1.49948 1.8 1.8 1.8 1.8 1.8 1.8 1.8 1.8 1.8 1.8 1.8 1.8 1.8 1.8 1.8 1.8 1.8 1.8 1.8 1.8 
1.50029 1.50028 1.50017 1.50009 1.5 1.49999 1.49996 1.49994 1.4999 1.49987 1.49984 1.49979 1.49975 1.49969 1.49964 1.49959 1.49953 1.49949 1.49941 1.49936 1.49931 1.49926 1.4992 1.49915 1.49906 1.49896 1.49888 1.49882 1.4989 1.49899 1.49906 1.8 1.8 1.8 1.8 1.8 1.8 1.8 1.8 1.8 1.8 1.8 1.8 1.8 1.8 1.8 1.8 1.8 1.8 1.8 1.8 
1.50015 1.50011 1.50007 1.50005 1.50002 1.50001 1.49999 1.49997 1.49996 1.49995 1.49993 1.4999 1.49988 1.49984 1.49981 1.49979 1.49977 1.49975 1.49973 1.49971 1.4997 1.49968 1.49966 1.49966 1.49966 1.49966 1.49966 1.49965 1.49959 1.49951 1.49951 1.8 1.8 1.8 1.8 1.8 1.8 1.8 1.8 1.8 1.8 1.8 1.8 1.8 1.8 1.8 1.8 1.8 1.8 1.8 1.8 
1.50024 1.50022 1.5002 1.50019 1.50018 1.50017 1.50015 1.50013 1.50011 1.50009 1.50006 1.50003 1.50001 1.49998 1.49995 1.49992 1.4999 1.49987 1.49983 1.49981 1.49979 1.49977 1.49974 1.49972 1.4997 1.49968 1.49965 1.49962 1.49961 1.49959 1.49957 1.8 1.8 1.8 1.8 1.8 1.8 1.8 1.8 1.8 1.8 1.8 1.8 1.8 1.8 1.8 1.8 1.8 1.8 1.8 1.8 
1.50036 1.50037 1.50035 1.50033 1.50032 1.5003 1.50027 1.50025 1.50023 1.5002 1.50018 1.50015 1.50013 1.50009 1.50006 1.50003 1.5 1.49997 1.49993 1.49989 1.49985 1.49983 1.49979 1.49977 1.49975 1.49973 1.49971 1.49968 1.49967 1.49964 1.49963 1.8 1.8 1.8 1.8 1.8 1.8 1.8 1.8 1.8 1.8 1.8 1.8 1.8 1.8 1.8 1.8 1.8 1.8 1.8 1.8 
1.50046 1.50047 1.50045 1.50045 1.50042 1.50038 1.50036 1.50034 1.50032 1.5003 1.50028 1.50025 1.50023 1.50019 1.50016 1.50012 1.50009 1.50006 1.50002 1.49999 1.49996 1.49994 1.49991 1.49989 1.49987 1.49985 1.49983 1.49981 1.49979 1.49977 1.49976 1.8 1.8 1.8 1.8 1.8 1.8 1.8 1.8 1.8 1.8 1.8 1.8 1.8 1.8 1.8 1.8 1.8 1.8 1.8 1.8 
1.50049 1.5005 1.50048 1.50045 1.50045 1.50042 1.5004 1.50038 1.50036 1.50034 1.50031 1.50029 1.50027 1.50023 1.5002 1.50018 1.50015 1.50013 1.5001 1.50008 1.50006 1.50004 1.50001 1.5 1.49999 1.49997 1.49996 1.49994 1.49993 1.49991 1.4999 1.8 1.8 1.8 1.8 1.8 1.8 1.8 1.8 1.8 1.8 1.8 1.8 1.8 1.8 1.8 1.8 1.8 1.8 1.8 1.8 
1.50046 1.50049 1.50044 1.50044 1.5004 1.50039 1.50037 1.50036 1.50035 1.50033 1.50031 1.50029 1.50027 1.50024 1.50022 1.5002 1.50018 1.50016 1.50014 1.50012 1.5001 1.50008 1.50006 1.50006 1.50004 1.50003 1.50002 1.5 1.49999 1.49998 1.49997 1.8 1.8 1.8 1.8 1.8 1.8 1.8 1.8 1.8 1.8 1.8 1.8 1.8 1.8 1.8 1.8 1.8 1.8 1.8 1.8 
1.50038 1.50038 1.50038 1.50036 1.50035 1.50034 1.50032 1.50031 1.5003 1.50029 1.50028 1.50026 1.50025 1.50023 1.50022 1.5002 1.50018 1.50017 1.50015 1.50013 1.50012 1.50011 1.50009 1.50008 1.50007 1.50006 1.50005 1.50004 1.50003 1.50003 1.50002 1.8 1.8 1.8 1.8 1.8 1.8 1.8 1.8 1.8 1.8 1.8 1.8 1.8 1.8 1.8 1.8 1.8 1.8 1.8 1.8 
1.5003 1.5003 1.50029 1.50027 1.50026 1.50026 1.50025 1.50025 1.50024 1.50023 1.50022 1.50021 1.5002 1.50019 1.50018 1.50017 1.50016 1.50015 1.50013 1.50012 1.50011 1.5001 1.50009 1.50009 1.50008 1.50008 1.50007 1.50006 1.50005 1.50005 1.50004 1.8 1.8 1.8 1.8 1.8 1.8 1.8 1.8 1.8 1.8 1.8 1.8 1.8 1.8 1.8 1.8 1.8 1.8 1.8 1.8 
1.5002 1.50019 1.50019 1.50018 1.50018 1.50018 1.50017 1.50017 1.50016 1.50016 1.50015 1.50015 1.50014 1.50014 1.50013 1.50012 1.50012 1.50011 1.5001 1.5001 1.50009 1.50008 1.50008 1.50008 1.50007 1.50007 1.50006 1.50006 1.50006 1.50005 1.50004 1.8 1.8 1.8 1.8 1.8 1.8 1.8 1.8 1.8 1.8 1.8 1.8 1.8 1.8 1.8 1.8 1.8 1.8 1.8 1.8 
1.50012 1.50012 1.50011 1.50011 1.50011 1.50011 1.50011 1.5001 1.5001 1.5001 1.5001 1.50009 1.50009 1.50009 1.50008 1.50008 1.50008 1.50007 1.50007 1.50007 1.50006 1.50006 1.50006 1.50005 1.50005 1.50005 1.50005 1.50004 1.50004 1.50004 1.50004 1.8 1.8 1.8 1.8 1.8 1.8 1.8 1.8 1.8 1.8 1.8 1.8 1.8 1.8 1.8 1.8 1.8 1.8 1.8 1.8 
1.50006 1.50005 1.50005 1.50005 1.50005 1.50005 1.50005 1.50005 1.50005 1.50005 1.50005 1.50005 1.50005 1.50004 1.50004 1.50004 1.50004 1.50004 1.50004 1.50004 1.50004 1.50004 1.50003 1.50003 1.50003 1.50003 1.50003 1.50003 1.50003 1.50003 1.50002 1.8 1.8 1.8 1.8 1.8 1.8 1.8 1.8 1.8 1.8 1.8 1.8 1.8 1.8 1.8 1.8 1.8 1.8 1.8 1.8 
1.50002 1.50002 1.50002 1.50002 1.50002 1.50002 1.50002 1.50002 1.50002 1.50002 1.50002 1.50002 1.50002 1.50002 1.50002 1.50002 1.50002 1.50002 1.50001 1.50002 1.50002 1.50002 1.50001 1.50001 1.50001 1.50001 1.50001 1.50001 1.50001 1.50001 1.50001 1.8 1.8 1.8 1.8 1.8 1.8 1.8 1.8 1.8 1.8 1.8 1.8 1.8 1.8 1.8 1.8 1.8 1.8 1.8 1.8 
1.5 1.5 1.5 1.5 1.5 1.5 1.5 1.5 1.5 1.5 1.5 1.5 1.5 1.5 1.5 1.5 1.5 1.5 1.5 1.5 1.5 1.5 1.5 1.5 1.5 1.5 1.5 1.50001 1.50001 1.50001 1.50001 1.8 1.8 1.8 1.8 1.8 1.8 1.8 1.8 1.8 1.8 1.8 1.8 1.8 1.8 1.8 1.8 1.8 1.8 1.8 1.8 
1.49999 1.49999 1.49999 1.49998 1.49999 1.49999 1.49999 1.49999 1.49999 1.49999 1.49999 1.49999 1.49999 1.49999 1.49999 1.49999 1.49999 1.49999 1.49999 1.49999 1.5 1.5 1.5 1.5 1.5 1.5 1.5 1.5 1.5 1.5 1.5 1.8 1.8 1.8 1.8 1.8 1.8 1.8 1.8 1.8 1.8 1.8 1.8 1.8 1.8 1.8 1.8 1.8 1.8 1.8 1.8 
1.49998 1.49999 1.49998 1.49999 1.49998 1.49999 1.49999 1.49999 1.49999 1.49999 1.49999 1.49999 1.49999 1.49999 1.49999 1.49999 1.49999 1.49999 1.49999 1.49999 1.49999 1.49999 1.5 1.5 1.5 1.5 1.5 1.5 1.5 1.5 1.5 1.8 1.8 1.8 1.8 1.8 1.8 1.8 1.8 1.8 1.8 1.8 1.8 1.8 1.8 1.8 1.8 1.8 1.8 1.8 1.8 
1.49999 1.49999 1.49999 1.49999 1.49999 1.49999 1.49999 1.49999 1.49999 1.49999 1.49999 1.49999 1.49999 1.49999 1.49999 1.49999 1.49999 1.49999 1.49999 1.49999 1.49999 1.5 1.5 1.5 1.5 1.5 1.5 1.5 1.5 1.5 1.5 1.8 1.8 1.8 1.8 1.8 1.8 1.8 1.8 1.8 1.8 1.8 1.8 1.8 1.8 1.8 1.8 1.8 1.8 1.8 1.8 
1.49999 1.49999 1.49999 1.49999 1.49999 1.49999 1.49999 1.49999 1.49999 1.49999 1.49999 1.49999 1.49999 1.49999 1.49999 1.49999 1.49999 1.5 1.5 1.5 1.5 1.5 1.5 1.5 1.5 1.5 1.5 1.5 1.5 1.5 1.5 1.8 1.8 1.8 1.8 1.8 1.8 1.8 1.8 1.8 1.8 1.8 1.8 1.8 1.8 1.8 1.8 1.8 1.8 1.8 1.8 
1.49999 1.49999 1.49999 1.5 1.5 1.5 1.5 1.5 1.5 1.5 1.5 1.5 1.5 1.5 1.5 1.5 1.5 1.5 1.5 1.5 1.5 1.5 1.5 1.5 1.5 1.5 1.5 1.5 1.5 1.5 1.5 1.8 1.8 1.8 1.8 1.8 1.8 1.8 1.8 1.8 1.8 1.8 1.8 1.8 1.8 1.8 1.8 1.8 1.8 1.8 1.8 
1.5 1.5 1.5 1.5 1.5 1.5 1.5 1.5 1.5 1.5 1.5 1.5 1.5 1.5 1.5 1.5 1.5 1.5 1.5 1.5 1.5 1.5 1.5 1.5 1.5 1.5 1.5 1.5 1.5 1.5 1.5 1.8 1.8 1.8 1.8 1.8 1.8 1.8 1.8 1.8 1.8 1.8 1.8 1.8 1.8 1.8 1.8 1.8 1.8 1.8 1.8 
1.5 1.5 1.5 1.5 1.5 1.5 1.5 1.5 1.5 1.5 1.5 1.5 1.5 1.5 1.5 1.5 1.5 1.5 1.5 1.5 1.5 1.5 1.5 1.5 1.5 1.5 1.5 1.5 1.5 1.5 1.5 1.8 1.8 1.8 1.8 1.8 1.8 1.8 1.8 1.8 1.8 1.8 1.8 1.8 1.8 1.8 1.8 1.8 1.8 1.8 1.8 
1.5 1.5 1.5 1.5 1.5 1.5 1.5 1.5 1.5 1.5 1.5 1.5 1.5 1.5 1.5 1.5 1.5 1.5 1.5 1.5 1.5 1.5 1.5 1.5 1.5 1.5 1.5 1.5 1.5 1.5 1.5 1.8 1.8 1.8 1.8 1.8 1.8 1.8 1.8 1.8 1.8 1.8 1.8 1.8 1.8 1.8 1.8 1.8 1.8 1.8 1.8 
1.5 1.5 1.5 1.5 1.5 1.5 1.5 1.5 1.5 1.5 1.5 1.5 1.5 1.5 1.5 1.5 1.5 1.5 1.5 1.5 1.5 1.5 1.5 1.5 1.5 1.5 1.5 1.5 1.5 1.5 1.5 1.8 1.8 1.8 1.8 1.8 1.8 1.8 1.8 1.8 1.8 1.8 1.8 1.8 1.8 1.8 1.8 1.8 1.8 1.8 1.8 
1.5 1.5 1.5 1.5 1.5 1.5 1.5 1.5 1.5 1.5 1.5 1.5 1.5 1.5 1.5 1.5 1.5 1.5 1.5 1.5 1.5 1.5 1.5 1.5 1.5 1.5 1.5 1.5 1.5 1.5 1.5 1.8 1.8 1.8 1.8 1.8 1.8 1.8 1.8 1.8 1.8 1.8 1.8 1.8 1.8 1.8 1.8 1.8 1.8 1.8 1.8 
1.5 1.5 1.5 1.5 1.5 1.5 1.5 1.5 1.5 1.5 1.5 1.5 1.5 1.5 1.5 1.5 1.5 1.5 1.5 1.5 1.5 1.5 1.5 1.5 1.5 1.5 1.5 1.5 1.5 1.5 1.5 1.8 1.8 1.8 1.8 1.8 1.8 1.8 1.8 1.8 1.8 1.8 1.8 1.8 1.8 1.8 1.8 1.8 1.8 1.8 1.8 
1.5 1.5 1.5 1.5 1.5 1.5 1.5 1.5 1.5 1.5 1.5 1.5 1.5 1.5 1.5 1.5 1.5 1.5 1.5 1.5 1.5 1.5 1.5 1.5 1.5 1.5 1.5 1.5 1.5 1.5 1.5 1.8 1.8 1.8 1.8 1.8 1.8 1.8 1.8 1.8 1.8 1.8 1.8 1.8 1.8 1.8 1.8 1.8 1.8 1.8 1.8 
1.5 1.5 1.5 1.5 1.5 1.5 1.5 1.5 1.5 1.5 1.5 1.5 1.5 1.5 1.5 1.5 1.5 1.5 1.5 1.5 1.5 1.5 1.5 1.5 1.5 1.5 1.5 1.5 1.5 1.5 1.5 1.8 1.8 1.8 1.8 1.8 1.8 1.8 1.8 1.8 1.8 1.8 1.8 1.8 1.8 1.8 1.8 1.8 1.8 1.8 1.8 
1.5 1.5 1.5 1.5 1.5 1.5 1.5 1.5 1.5 1.5 1.5 1.5 1.5 1.5 1.5 1.5 1.5 1.5 1.5 1.5 1.5 1.5 1.5 1.5 1.5 1.5 1.5 1.5 1.5 1.5 1.5 1.8 1.8 1.8 1.8 1.8 1.8 1.8 1.8 1.8 1.8 1.8 1.8 1.8 1.8 1.8 1.8 1.8 1.8 1.8 1.8 
1.5 1.5 1.5 1.5 1.5 1.5 1.5 1.5 1.5 1.5 1.5 1.5 1.5 1.5 1.5 1.5 1.5 1.5 1.5 1.5 1.5 1.5 1.5 1.5 1.5 1.5 1.5 1.5 1.5 1.5 1.5 1.8 1.8 1.8 1.8 1.8 1.8 1.8 1.8 1.8 1.8 1.8 1.8 1.8 1.8 1.8 1.8 1.8 1.8 1.8 1.8 
