101 51 1.5 0.33
0 2 4 6 8 10 12 14 16 18 20 22 24 26 28 30 32 34 36 38 40 42 44 46 48 50 52 54 56 58 60 62 64 66 68 70 72 74 76 78 80 82 84 86 88 90 92 94 96 98 100 102 104 106 108 110 112 114 116 118 120 122 124 126 128 130 132 134 136 138 140 142 144 146 148 150 152 154 156 158 160 162 164 166 168 170 172 174 176 178 180 182 184 186 188 190 192 194 196 198 200 
0 0 0 0 0 0 0 0 0 0 0 0 0 0 0 0 0 0 0 0 0 0 0 0 0 0 0 0 0 0 0 0 0 0 0 0 0 0 0 0 0 0 0 0 0 0 0 0 0 0 0 0 0 0 0 0 0 0 0 0 0 0 0 0 0 0 0 0 0 0 0 0 0 0 0 0 0 0 0 0 0 0 0 0 0 0 0 0 0 0 0 0 0 0 0 0 0 0 0 0 0 
0 0.1 0.2 0.3 0.4 0.5 0.6 0.7 0.8 0.9 1 1.1 1.2 1.3 1.4 1.5 1.6 1.7 1.8 1.9 2 2.1 2.2 2.3 2.4 2.5 2.6 2.7 2.8 2.9 3 3.1 3.2 3.3 3.4 3.5 3.6 3.7 3.8 3.9 4 4.1 4.2 4.3 4.4 4.5 4.6 4.7 4.8 4.9 5 
1.50013 1.50013 1.50012 1.50011 1.50011 1.50011 1.5001 1.5001 1.50009 1.50009 1.50008 1.50007 1.50007 1.50006 1.50005 1.50004 1.50004 1.50003 1.50002 1.50002 1.50001 1.5 1.49999 1.49999 1.49999 1.49998 1.49998 1.49997 1.49997 1.49996 1.49996 1.8 1.8 1.8 1.8 1.8 1.8 1.8 1.8 1.8 1.8 1.8 1.8 1.8 1.8 1.8 1.8 1.8 1.8 1.8 1.8 
1.50018 1.50017 1.50018 1.50016 1.50016 1.50015 1.50015 1.50015 1.50013 1.50013 1.50012 1.50011 1.50011 1.5001 1.50009 1.50008 1.50007 1.50006 1.50005 1.50005 1.50004 1.50003 1.50002 1.50002 1.50002 1.50001 1.5 1.5 1.49999 1.49999 1.49998 1.8 1.8 1.8 1.8 1.8 1.8 1.8 1.8 1.8 1.8 1.8 1.8 1.8 1.8 1.8 1.8 1.8 1.8 1.8 1.8 
1.50019 1.50019 1.50017 1.50018 1.50016 1.50016 1.50016 1.50015 1.50015 1.50014 1.50014 1.50013 1.50012 1.50011 1.50011 1.5001 1.5001 1.50009 1.50008 1.50008 1.50007 1.50007 1.50006 1.50006 1.50006 1.50005 1.50005 1.50004 1.50004 1.50003 1.50004 1.8 1.8 1.8 1.8 1.8 1.8 1.8 1.8 1.8 1.8 1.8 1.8 1.8 1.8 1.8 1.8 1.8 1.8 1.8 1.8 
1.50013 1.50013 1.50013 1.50012 1.50014 1.50013 1.50012 1.50012 1.50012 1.50013 1.50012 1.50012 1.50012 1.50012 1.50012 1.50012 1.50011 1.50011 1.50011 1.50011 1.50011 1.50011 1.50011 1.50011 1.5001 1.50011 1.5001 1.50011 1.50011 1.5001 1.50011 1.8 1.8 1.8 1.8 1.8 1.8 1.8 1.8 1.8 1.8 1.8 1.8 1.8 1.8 1.8 1.8 1.8 1.8 1.8 1.8 
1.50002 1.50003 1.50003 1.50006 1.50006 1.50005 1.50005 1.50006 1.50007 1.50007 1.50007 1.50008 1.50008 1.5001 1.5001 1.50011 1.50011 1.50012 1.50013 1.50014 1.50014 1.50015 1.50016 1.50016 1.50017 1.50017 1.50018 1.50019 1.50019 1.50019 1.5002 1.8 1.8 1.8 1.8 1.8 1.8 1.8 1.8 1.8 1.8 1.8 1.8 1.8 1.8 1.8 1.8 1.8 1.8 1.8 1.8 
1.49981 1.49983 1.49984 1.49986 1.49987 1.49988 1.49989 1.49991 1.49992 1.49993 1.49995 1.49997 1.49998 1.5 1.50002 1.50005 1.50006 1.50008 1.5001 1.50013 1.50015 1.50016 1.50018 1.50019 1.5002 1.50022 1.50023 1.50025 1.50026 1.50027 1.50029 1.8 1.8 1.8 1.8 1.8 1.8 1.8 1.8 1.8 1.8 1.8 1.8 1.8 1.8 1.8 1.8 1.8 1.8 1.8 1.8 
1.49954 1.49959 1.49961 1.49962 1.49965 1.49967 1.4997 1.49972 1.49974 1.49977 1.49979 1.49984 1.49987 1.49991 1.49993 1.49997 1.50001 1.50005 1.50009 1.5001 1.50014 1.50016 1.50021 1.50022 1.50023 1.50026 1.50028 1.50033 1.50034 1.50037 1.50036 1.8 1.8 1.8 1.8 1.8 1.8 1.8 1.8 1.8 1.8 1.8 1.8 1.8 1.8 1.8 1.8 1.8 1.8 1.8 1.8 
1.49915 1.49919 1.49924 1.49927 1.4993 1.49934 1.49937 1.49941 1.49944 1.49948 1.49952 1.49958 1.49961 1.49969 1.49972 1.49978 1.49984 1.49987 1.49996 1.49999 1.50003 1.5001 1.50012 1.50014 1.50021 1.5002 1.50027 1.50028 1.50029 1.50037 1.50036 1.8 1.8 1.8 1.8 1.8 1.8 1.8 1.8 1.8 1.8 1.8 1.8 1.8 1.8 1.8 1.8 1.8 1.8 1.8 1.8 
1.49874 1.49882 1.49885 1.4989 1.49893 1.49896 1.499 1.49905 1.49909 1.49915 1.49919 1.49924 1.49929 1.49937 1.49943 1.49949 1.49956 1.49963 1.49967 1.49973 1.49979 1.49984 1.4999 1.49992 1.49996 1.5 1.50004 1.50009 1.50011 1.50014 1.5002 1.8 1.8 1.8 1.8 1.8 1.8 1.8 1.8 1.8 1.8 1.8 1.8 1.8 1.8 1.8 1.8 1.8 1.8 1.8 1.8 
1.49828 1.49833 1.49841 1.49844 1.49853 1.49857 1.49863 1.49864 1.49871 1.49877 1.49882 1.49888 1.49894 1.49903 1.49909 1.49917 1.49923 1.49931 1.49939 1.49943 1.4995 1.49954 1.49961 1.49964 1.49968 1.49972 1.49976 1.49982 1.49983 1.49987 1.49993 1.8 1.8 1.8 1.8 1.8 1.8 1.8 1.8 1.8 1.8 1.8 1.8 1.8 1.8 1.8 1.8 1.8 1.8 1.8 1.8 
1.49786 1.49784 1.49792 1.49801 1.49808 1.49812 1.49819 1.49826 1.4983 1.49837 1.49842 1.49849 1.49855 1.49863 1.49871 1.49877 1.49884 1.4989 1.49898 1.49903 1.4991 1.49914 1.49919 1.49923 1.49927 1.49932 1.49935 1.49941 1.49943 1.49946 1.49952 1.8 1.8 1.8 1.8 1.8 1.8 1.8 1.8 1.8 1.8 1.8 1.8 1.8 1.8 1.8 1.8 1.8 1.8 1.8 1.8 
1.49782 1.49781 1.49773 1.49786 1.4979 1.4979 1.49794 1.49792 1.498 1.49805 1.49809 1.49814 1.49819 1.49826 1.49832 1.49837 1.49843 1.49848 1.49854 1.49857 1.49862 1.49865 1.49872 1.49873 1.49876 1.4988 1.49882 1.49887 1.49888 1.49889 1.49895 1.8 1.8 1.8 1.8 1.8 1.8 1.8 1.8 1.8 1.8 1.8 1.8 1.8 1.8 1.8 1.8 1.8 1.8 1.8 1.8 
1.49791 1.49763 1.49782 1.49777 1.49791 1.49792 1.49795 1.49797 1.49798 1.49796 1.49802 1.49804 1.49806 1.49809 1.49809 1.4981 1.49812 1.49814 1.49814 1.49815 1.49816 1.49816 1.49818 1.49818 1.49818 1.4982 1.49819 1.49819 1.49819 1.49819 1.49823 1.8 1.8 1.8 1.8 1.8 1.8 1.8 1.8 1.8 1.8 1.8 1.8 1.8 1.8 1.8 1.8 1.8 1.8 1.8 1.8 
1.49824 1.4979 1.49792 1.49788 1.49779 1.49789 1.49781 1.4979 1.49788 1.49782 1.49788 1.49786 1.49786 1.49785 1.49784 1.49787 1.49785 1.49785 1.49786 1.49783 1.4978 1.49777 1.49776 1.49773 1.49771 1.49771 1.49766 1.49761 1.49761 1.49752 1.49754 1.8 1.8 1.8 1.8 1.8 1.8 1.8 1.8 1.8 1.8 1.8 1.8 1.8 1.8 1.8 1.8 1.8 1.8 1.8 1.8 
1.49938 1.49909 1.49893 1.49872 1.49854 1.49855 1.49846 1.49831 1.49827 1.49819 1.4981 1.49798 1.4979 1.49778 1.49766 1.49761 1.49753 1.49741 1.49735 1.49736 1.49731 1.49727 1.49723 1.49721 1.49718 1.49717 1.49715 1.49714 1.49717 1.49714 1.49701 1.8 1.8 1.8 1.8 1.8 1.8 1.8 1.8 1.8 1.8 1.8 1.8 1.8 1.8 1.8 1.8 1.8 1.8 1.8 1.8 
1.50109 1.50086 1.50062 1.50042 1.5002 1.50005 1.49987 1.49969 1.49948 1.49929 1.49909 1.49885 1.49866 1.49837 1.49815 1.49791 1.49769 1.49752 1.49729 1.4971 1.49693 1.4968 1.4966 1.49659 1.49648 1.49645 1.49633 1.4962 1.49625 1.49613 1.49585 1.8 1.8 1.8 1.8 1.8 1.8 1.8 1.8 1.8 1.8 1.8 1.8 1.8 1.8 1.8 1.8 1.8 1.8 1.8 1.8 
1.50312 1.50314 1.50294 1.50239 1.50206 1.50178 1.50154 1.5014 1.50114 1.5008 1.50053 1.50019 1.49991 1.49949 1.49919 1.49883 1.49851 1.49814 1.49777 1.49753 1.49735 1.49708 1.49674 1.49656 1.49632 1.49593 1.49594 1.49568 1.49565 1.4955 1.49522 1.8 1.8 1.8 1.8 1.8 1.8 1.8 1.8 1.8 1.8 1.8 1.8 1.8 1.8 1.8 1.8 1.8 1.8 1.8 1.8 
1.50509 1.50592 1.5051 1.505 1.50429 1.50394 1.5036 1.50324 1.50287 1.50268 1.50219 1.50177 1.50146 1.50094 1.50056 1.50017 1.49976 1.49931 1.49876 1.49845 1.49795 1.49769 1.4972 1.49707 1.49676 1.49622 1.49612 1.49565 1.49522 1.49504 1.49484 1.8 1.8 1.8 1.8 1.8 1.8 1.8 1.8 1.8 1.8 1.8 1.8 1.8 1.8 1.8 1.8 1.8 1.8 1.8 1.8 
1.50492 1.50488 1.50514 1.50531 1.50541 1.50499 1.50469 1.5044 1.50409 1.50378 1.50344 1.50305 1.50275 1.50217 1.50172 1.50125 1.50079 1.50044 1.49992 1.4995 1.4991 1.49876 1.49833 1.49817 1.49793 1.49774 1.49753 1.49718 1.49709 1.49689 1.49701 1.8 1.8 1.8 1.8 1.8 1.8 1.8 1.8 1.8 1.8 1.8 1.8 1.8 1.8 1.8 1.8 1.8 1.8 1.8 1.8 
1.50414 1.50396 1.50384 1.50394 1.50399 1.50407 1.50423 1.50424 1.50412 1.50391 1.50364 1.50336 1.50313 1.50272 1.50236 1.502 1.50164 1.50137 1.50104 1.50079 1.50056 1.50037 1.50014 1.50004 1.49987 1.49971 1.49955 1.49931 1.49925 1.49909 1.49916 1.8 1.8 1.8 1.8 1.8 1.8 1.8 1.8 1.8 1.8 1.8 1.8 1.8 1.8 1.8 1.8 1.8 1.8 1.8 1.8 
1.50335 1.50351 1.50336 1.50318 1.50294 1.50273 1.50263 1.50263 1.50276 1.50291 1.50304 1.50309 1.50313 1.50308 1.50314 1.50299 1.50292 1.50292 1.50271 1.50249 1.50232 1.50217 1.50202 1.50196 1.50186 1.50178 1.50166 1.50147 1.50152 1.50142 1.50146 1.8 1.8 1.8 1.8 1.8 1.8 1.8 1.8 1.8 1.8 1.8 1.8 1.8 1.8 1.8 1.8 1.8 1.8 1.8 1.8 
1.50193 1.50186 1.50192 1.50206 1.50221 1.50229 1.50231 1.50231 1.50231 1.50235 1.50251 1.50272 1.50291 1.50311 1.50332 1.5034 1.5035 1.5036 1.50365 1.50364 1.50361 1.50358 1.50354 1.50342 1.50335 1.50332 1.50325 1.50322 1.50326 1.50318 1.50325 1.8 1.8 1.8 1.8 1.8 1.8 1.8 1.8 1.8 1.8 1.8 1.8 1.8 1.8 1.8 1.8 1.8 1.8 1.8 1.8 
1.50112 1.50099 1.50096 1.50089 1.50107 1.50123 1.50139 1.50153 1.50169 1.5018 1.50188 1.50195 1.50204 1.50237 1.50267 1.50303 1.50333 1.50355 1.50382 1.50408 1.50429 1.5045 1.50474 1.50471 1.50472 1.50467 1.50452 1.50439 1.50416 1.50389 1.50408 1.8 1.8 1.8 1.8 1.8 1.8 1.8 1.8 1.8 1.8 1.8 1.8 1.8 1.8 1.8 1.8 1.8 1.8 1.8 1.8 
1.5011 1.50119 1.50091 1.50072 1.5006 1.50067 1.50068 1.50069 1.5007 1.50073 1.50081 1.50091 1.50093 1.5011 1.50118 1.50134 1.5016 1.50184 1.50241 1.50287 1.5033 1.50359 1.50406 1.50439 1.50489 1.50535 1.50591 1.50656 1.50687 1.50746 1.50687 1.8 1.8 1.8 1.8 1.8 1.8 1.8 1.8 1.8 1.8 1.8 1.8 1.8 1.8 1.8 1.8 1.8 1.8 1.8 1.8 
1.50082 1.50092 1.50089 1.50077 1.50052 1.50026 1.50007 1.50001 1.50004 1.50013 1.50022 1.50029 1.50031 1.50048 1.50064 1.50082 1.50103 1.50113 1.50154 1.50197 1.50249 1.50297 1.50348 1.50393 1.50428 1.50481 1.50523 1.50635 1.50663 1.50749 1.50689 1.8 1.8 1.8 1.8 1.8 1.8 1.8 1.8 1.8 1.8 1.8 1.8 1.8 1.8 1.8 1.8 1.8 1.8 1.8 1.8 
1.50054 1.50032 1.5006 1.50104 1.50135 1.50154 1.50175 1.50172 1.50157 1.50152 1.50154 1.50169 1.50176 1.50185 1.50191 1.50194 1.50194 1.50185 1.50172 1.5015 1.50128 1.50115 1.50092 1.50086 1.50094 1.50093 1.50084 1.50042 1.50013 1.49978 1.50031 1.8 1.8 1.8 1.8 1.8 1.8 1.8 1.8 1.8 1.8 1.8 1.8 1.8 1.8 1.8 1.8 1.8 1.8 1.8 1.8 
1.5039 1.50395 1.50404 1.50349 1.50318 1.50289 1.50267 1.50248 1.50226 1.50196 1.5015 1.50097 1.50046 1.50011 1.49986 1.49967 1.49951 1.49941 1.49925 1.49917 1.49904 1.4989 1.49869 1.49839 1.49806 1.49776 1.49773 1.49791 1.49846 1.49886 1.49903 1.8 1.8 1.8 1.8 1.8 1.8 1.8 1.8 1.8 1.8 1.8 1.8 1.8 1.8 1.8 1.8 1.8 1.8 1.8 1.8 
1.50087 1.50078 1.50076 1.50091 1.50109 1.50117 1.50126 1.50132 1.50132 1.50137 1.50144 1.50152 1.50146 1.50102 1.50054 1.50001 1.49961 1.49932 1.49891 1.49861 1.49836 1.49815 1.49781 1.49781 1.49767 1.49751 1.4973 1.49685 1.49656 1.49747 1.49811 1.8 1.8 1.8 1.8 1.8 1.8 1.8 1.8 1.8 1.8 1.8 1.8 1.8 1.8 1.8 1.8 1.8 1.8 1.8 1.8 
1.50064 1.50105 1.50036 1.4998 1.49942 1.49929 1.49914 1.49895 1.49878 1.49862 1.49848 1.4983 1.49823 1.49823 1.49826 1.49823 1.49801 1.49762 1.49743 1.49729 1.49727 1.49731 1.49732 1.49739 1.49761 1.49825 1.49915 1.49992 1.50048 1.49999 1.49876 1.8 1.8 1.8 1.8 1.8 1.8 1.8 1.8 1.8 1.8 1.8 1.8 1.8 1.8 1.8 1.8 1.8 1.8 1.8 1.8 
1.49571 1.49482 1.49511 1.49482 1.49479 1.49521 1.49481 1.49519 1.49599 1.49636 1.49668 1.49689 1.49734 1.49782 1.49823 1.4988 1.49949 1.49991 1.50017 1.50032 1.50007 1.50031 1.50059 1.50102 1.50082 1.50019 1.49925 1.49818 1.49723 1.4965 1.49683 1.8 1.8 1.8 1.8 1.8 1.8 1.8 1.8 1.8 1.8 1.8 1.8 1.8 1.8 1.8 1.8 1.8 1.8 1.8 1.8 
1.49917 1.49862 1.49886 1.49915 1.49927 1.49934 1.49931 1.49902 1.49865 1.49855 1.49866 1.49877 1.49887 1.49881 1.49885 1.49853 1.4985 1.49877 1.4987 1.4987 1.49839 1.49756 1.49649 1.49526 1.49411 1.49332 1.49265 1.49169 1.49103 1.48986 1.49134 1.8 1.8 1.8 1.8 1.8 1.8 1.8 1.8 1.8 1.8 1.8 1.8 1.8 1.8 1.8 1.8 1.8 1.8 1.8 1.8 
1.5035 1.5034 1.50356 1.50365 1.5034 1.50312 1.50287 1.50258 1.5024 1.50148 1.50059 1.49952 1.49894 1.49856 1.4986 1.49834 1.49763 1.49649 1.49522 1.4943 1.49373 1.49338 1.49356 1.49368 1.49388 1.49371 1.49304 1.49171 1.49115 1.49004 1.49121 1.8 1.8 1.8 1.8 1.8 1.8 1.8 1.8 1.8 1.8 1.8 1.8 1.8 1.8 1.8 1.8 1.8 1.8 1.8 1.8 
1.5036 1.50319 1.50315 1.5034 1.50334 1.50333 1.50325 1.50343 1.50329 1.50377 1.504 1.50419 1.50393 1.50166 1.49998 1.49839 1.49763 1.49705 1.49668 1.49648 1.49607 1.49567 1.49501 1.49498 1.49459 1.49482 1.49515 1.49573 1.49638 1.49646 1.49524 1.8 1.8 1.8 1.8 1.8 1.8 1.8 1.8 1.8 1.8 1.8 1.8 1.8 1.8 1.8 1.8 1.8 1.8 1.8 1.8 
1.50573 1.50517 1.5048 1.50449 1.5047 1.50491 1.5059 1.50602 1.50612 1.5047 1.50371 1.50281 1.50258 1.50246 1.50225 1.5018 1.50052 1.49936 1.49803 1.49724 1.49643 1.4957 1.49481 1.49448 1.49388 1.49406 1.49419 1.49457 1.49543 1.49578 1.49477 1.8 1.8 1.8 1.8 1.8 1.8 1.8 1.8 1.8 1.8 1.8 1.8 1.8 1.8 1.8 1.8 1.8 1.8 1.8 1.8 
1.50279 1.50215 1.5036 1.50513 1.50531 1.50395 1.50286 1.50165 1.50089 1.50073 1.5007 1.50055 1.50047 1.50021 1.50033 1.50047 1.50088 1.50103 1.50084 1.50073 1.49979 1.49941 1.49932 1.49953 1.49923 1.49866 1.49754 1.4962 1.49499 1.49416 1.49406 1.8 1.8 1.8 1.8 1.8 1.8 1.8 1.8 1.8 1.8 1.8 1.8 1.8 1.8 1.8 1.8 1.8 1.8 1.8 1.8 
1.51503 1.51639 1.51098 1.50746 1.50498 1.50368 1.50318 1.50289 1.50258 1.50224 1.5017 1.50048 1.4995 1.49856 1.49815 1.49727 1.49657 1.49601 1.49566 1.49568 1.49566 1.4955 1.49431 1.49303 1.49172 1.49073 1.49028 1.48983 1.48958 1.48965 1.48983 1.8 1.8 1.8 1.8 1.8 1.8 1.8 1.8 1.8 1.8 1.8 1.8 1.8 1.8 1.8 1.8 1.8 1.8 1.8 1.8 
1.50504 1.50497 1.50564 1.50547 1.50553 1.50482 1.5037 1.50274 1.50152 1.5009 1.50008 1.49937 1.49871 1.49768 1.49684 1.49601 1.49526 1.49433 1.49359 1.49265 1.49184 1.49155 1.49156 1.49214 1.49268 1.4928 1.49237 1.49131 1.49063 1.49051 1.49067 1.8 1.8 1.8 1.8 1.8 1.8 1.8 1.8 1.8 1.8 1.8 1.8 1.8 1.8 1.8 1.8 1.8 1.8 1.8 1.8 
1.50578 1.50582 1.5049 1.50393 1.50275 1.50219 1.50146 1.5012 1.50044 1.49974 1.49867 1.49755 1.49685 1.49607 1.49578 1.49518 1.49468 1.49439 1.49401 1.49369 1.49344 1.49314 1.49278 1.49273 1.49276 1.49289 1.4936 1.49473 1.49527 1.49558 1.49549 1.8 1.8 1.8 1.8 1.8 1.8 1.8 1.8 1.8 1.8 1.8 1.8 1.8 1.8 1.8 1.8 1.8 1.8 1.8 1.8 
1.50671 1.50756 1.50363 1.50165 1.50056 1.50003 1.49904 1.49853 1.49789 1.49756 1.49726 1.49656 1.49598 1.49491 1.49398 1.49298 1.49218 1.49168 1.49109 1.49077 1.49055 1.49019 1.48963 1.48883 1.48803 1.48626 1.48498 1.48507 1.48793 1.49186 1.49074 1.8 1.8 1.8 1.8 1.8 1.8 1.8 1.8 1.8 1.8 1.8 1.8 1.8 1.8 1.8 1.8 1.8 1.8 1.8 1.8 
1.50234 1.50302 1.5022 1.4993 1.49636 1.49579 1.49541 1.49537 1.49486 1.49429 1.49354 1.49253 1.49187 1.49077 1.49029 1.49005 1.48991 1.48986 1.48947 1.49015 1.49039 1.49013 1.4898 1.4901 1.49182 1.49575 1.50001 1.50206 1.5004 1.49911 1.49971 1.8 1.8 1.8 1.8 1.8 1.8 1.8 1.8 1.8 1.8 1.8 1.8 1.8 1.8 1.8 1.8 1.8 1.8 1.8 1.8 
1.50353 1.50287 1.50298 1.50303 1.50311 1.50126 1.49841 1.49602 1.49433 1.49369 1.4935 1.49317 1.49275 1.49309 1.49298 1.49297 1.49275 1.49239 1.49272 1.49323 1.49432 1.49691 1.50087 1.50452 1.50623 1.50601 1.50489 1.50583 1.50676 1.50882 1.50969 1.8 1.8 1.8 1.8 1.8 1.8 1.8 1.8 1.8 1.8 1.8 1.8 1.8 1.8 1.8 1.8 1.8 1.8 1.8 1.8 
1.51688 1.51688 1.51445 1.51196 1.51024 1.50865 1.50778 1.50646 1.50416 1.50124 1.49859 1.49599 1.4938 1.49342 1.4929 1.49301 1.49379 1.49396 1.49922 1.503 1.506 1.50655 1.50622 1.50508 1.50543 1.50684 1.50913 1.51282 1.51482 1.51691 1.51712 1.8 1.8 1.8 1.8 1.8 1.8 1.8 1.8 1.8 1.8 1.8 1.8 1.8 1.8 1.8 1.8 1.8 1.8 1.8 1.8 
1.52576 1.52467 1.52383 1.52404 1.524 1.52365 1.5231 1.52301 1.5229 1.52306 1.52281 1.52172 1.51998 1.51788 1.51714 1.51822 1.51928 1.51982 1.51743 1.5152 1.51363 1.51292 1.5125 1.51226 1.51188 1.51114 1.50994 1.50787 1.50698 1.51191 1.51918 1.8 1.8 1.8 1.8 1.8 1.8 1.8 1.8 1.8 1.8 1.8 1.8 1.8 1.8 1.8 1.8 1.8 1.8 1.8 1.8 
1.53842 1.54159 1.53927 1.53751 1.53758 1.53936 1.54184 1.54425 1.54643 1.54892 1.55162 1.55556 1.56052 1.56388 1.56487 1.56185 1.55773 1.55449 1.55303 1.55235 1.55161 1.55066 1.54918 1.54832 1.54673 1.54578 1.54886 1.55383 1.56049 1.55779 1.54927 1.8 1.8 1.8 1.8 1.8 1.8 1.8 1.8 1.8 1.8 1.8 1.8 1.8 1.8 1.8 1.8 1.8 1.8 1.8 1.8 
1.54616 1.54719 1.5529 1.55788 1.55963 1.55926 1.55922 1.56044 1.5638 1.56769 1.57051 1.57256 1.57313 1.5734 1.57447 1.57731 1.57977 1.5817 1.58031 1.5779 1.57478 1.57274 1.57316 1.57759 1.58253 1.58741 1.58445 1.57827 1.57143 1.56688 1.56685 1.8 1.8 1.8 1.8 1.8 1.8 1.8 1.8 1.8 1.8 1.8 1.8 1.8 1.8 1.8 1.8 1.8 1.8 1.8 1.8 
1.559 1.55766 1.56222 1.56701 1.57229 1.57806 1.58239 1.58354 1.58012 1.57591 1.57367 1.5746 1.57557 1.57881 1.58062 1.58233 1.58415 1.58688 1.58973 1.59496 1.6017 1.60864 1.6104 1.60183 1.59302 1.58564 1.58261 1.58043 1.57854 1.5757 1.57592 1.8 1.8 1.8 1.8 1.8 1.8 1.8 1.8 1.8 1.8 1.8 1.8 1.8 1.8 1.8 1.8 1.8 1.8 1.8 1.8 
1.57062 1.57282 1.57681 1.57772 1.57876 1.57843 1.57783 1.57873 1.58176 1.58506 1.58613 1.58462 1.58244 1.58203 1.58324 1.58552 1.58922 1.5938 1.59779 1.59885 1.59633 1.5943 1.59528 1.5987 1.60285 1.60345 1.59921 1.59307 1.58614 1.58166 1.58312 1.8 1.8 1.8 1.8 1.8 1.8 1.8 1.8 1.8 1.8 1.8 1.8 1.8 1.8 1.8 1.8 1.8 1.8 1.8 1.8 
1.56945 1.57053 1.57009 1.57047 1.57133 1.57306 1.57519 1.57712 1.57882 1.58064 1.58321 1.58738 1.5926 1.59548 1.59554 1.59332 1.58842 1.5836 1.57893 1.57576 1.57444 1.57278 1.57037 1.56953 1.56819 1.56907 1.57288 1.57786 1.58382 1.58636 1.58583 1.8 1.8 1.8 1.8 1.8 1.8 1.8 1.8 1.8 1.8 1.8 1.8 1.8 1.8 1.8 1.8 1.8 1.8 1.8 1.8 
1.57439 1.57717 1.57094 1.56778 1.56761 1.5686 1.56979 1.57093 1.57211 1.57403 1.57685 1.57966 1.58171 1.5802 1.57957 1.57901 1.5781 1.57526 1.57125 1.56855 1.56707 1.5658 1.56375 1.56263 1.56069 1.55843 1.55789 1.56138 1.57215 1.58692 1.58172 1.8 1.8 1.8 1.8 1.8 1.8 1.8 1.8 1.8 1.8 1.8 1.8 1.8 1.8 1.8 1.8 1.8 1.8 1.8 1.8 
1.57008 1.57167 1.57503 1.57542 1.57194 1.56811 1.56722 1.56907 1.571 1.57102 1.56861 1.56577 1.56302 1.56281 1.56313 1.56427 1.5667 1.56982 1.57524 1.57876 1.57949 1.57828 1.57784 1.57906 1.58544 1.59458 1.60248 1.60361 1.59697 1.59162 1.59308 1.8 1.8 1.8 1.8 1.8 1.8 1.8 1.8 1.8 1.8 1.8 1.8 1.8 1.8 1.8 1.8 1.8 1.8 1.8 1.8 
1.56955 1.56765 1.56924 1.57244 1.57769 1.58215 1.57973 1.57139 1.56383 1.55935 1.55817 1.55806 1.55736 1.56013 1.56181 1.5636 1.56547 1.56708 1.57083 1.57493 1.5818 1.59195 1.60494 1.61014 1.60603 1.59801 1.59111 1.59143 1.59111 1.59145 1.59504 1.8 1.8 1.8 1.8 1.8 1.8 1.8 1.8 1.8 1.8 1.8 1.8 1.8 1.8 1.8 1.8 1.8 1.8 1.8 1.8 
1.57125 1.57329 1.57653 1.57668 1.57272 1.56813 1.5666 1.5681 1.56982 1.56968 1.56715 1.56437 1.56187 1.56221 1.56284 1.56417 1.56629 1.56874 1.5745 1.57903 1.58188 1.58117 1.58019 1.58029 1.5859 1.5939 1.5993 1.59853 1.59208 1.58742 1.59025 1.8 1.8 1.8 1.8 1.8 1.8 1.8 1.8 1.8 1.8 1.8 1.8 1.8 1.8 1.8 1.8 1.8 1.8 1.8 1.8 
1.56311 1.56502 1.56055 1.55707 1.55912 1.56122 1.56349 1.56574 1.56796 1.57081 1.57451 1.57823 1.58076 1.57916 1.57777 1.578 1.57946 1.57968 1.5759 1.57251 1.56986 1.56814 1.56637 1.56541 1.56365 1.56186 1.56228 1.56599 1.57446 1.58508 1.58143 1.8 1.8 1.8 1.8 1.8 1.8 1.8 1.8 1.8 1.8 1.8 1.8 1.8 1.8 1.8 1.8 1.8 1.8 1.8 1.8 
1.5572 1.55739 1.55767 1.55856 1.56025 1.56272 1.5655 1.56805 1.57065 1.57319 1.57606 1.58013 1.58636 1.59263 1.59718 1.59643 1.59103 1.58659 1.58162 1.57949 1.57862 1.57746 1.57566 1.57452 1.57276 1.57217 1.57402 1.57679 1.58112 1.58324 1.58417 1.8 1.8 1.8 1.8 1.8 1.8 1.8 1.8 1.8 1.8 1.8 1.8 1.8 1.8 1.8 1.8 1.8 1.8 1.8 1.8 
1.56191 1.56345 1.56751 1.57051 1.57321 1.5731 1.57322 1.57407 1.57648 1.57995 1.58262 1.58374 1.58215 1.58101 1.58074 1.58245 1.58632 1.59063 1.59452 1.59536 1.59327 1.59152 1.59205 1.59532 1.59947 1.60169 1.59976 1.59581 1.59055 1.58857 1.58798 1.8 1.8 1.8 1.8 1.8 1.8 1.8 1.8 1.8 1.8 1.8 1.8 1.8 1.8 1.8 1.8 1.8 1.8 1.8 1.8 
1.556 1.55507 1.55891 1.56254 1.56665 1.57144 1.57572 1.57826 1.57743 1.57419 1.57195 1.57226 1.57345 1.57737 1.57992 1.58238 1.58489 1.58754 1.59064 1.59554 1.60182 1.60853 1.61172 1.6044 1.59686 1.58999 1.58699 1.58498 1.58317 1.58045 1.58098 1.8 1.8 1.8 1.8 1.8 1.8 1.8 1.8 1.8 1.8 1.8 1.8 1.8 1.8 1.8 1.8 1.8 1.8 1.8 1.8 
1.54445 1.54349 1.54883 1.55412 1.55723 1.55853 1.55879 1.55979 1.56218 1.56573 1.56869 1.57108 1.57214 1.57291 1.57402 1.57622 1.57838 1.57996 1.58022 1.57894 1.57714 1.57548 1.57633 1.58043 1.58558 1.59031 1.58822 1.58309 1.57681 1.57237 1.57225 1.8 1.8 1.8 1.8 1.8 1.8 1.8 1.8 1.8 1.8 1.8 1.8 1.8 1.8 1.8 1.8 1.8 1.8 1.8 1.8 
1.54077 1.54343 1.54154 1.53948 1.53864 1.53917 1.541 1.54288 1.54491 1.54717 1.54953 1.55247 1.55617 1.55882 1.56007 1.55841 1.55577 1.55389 1.55268 1.55254 1.55238 1.55189 1.5511 1.55046 1.54956 1.54903 1.55242 1.55805 1.56511 1.564 1.55596 1.8 1.8 1.8 1.8 1.8 1.8 1.8 1.8 1.8 1.8 1.8 1.8 1.8 1.8 1.8 1.8 1.8 1.8 1.8 1.8 
1.52902 1.5269 1.52685 1.5275 1.52763 1.52774 1.52762 1.52745 1.52718 1.5269 1.52665 1.52614 1.52536 1.52435 1.52391 1.52476 1.52569 1.52596 1.52375 1.5217 1.52033 1.51971 1.5191 1.51861 1.51798 1.51709 1.51603 1.51384 1.5125 1.51537 1.52221 1.8 1.8 1.8 1.8 1.8 1.8 1.8 1.8 1.8 1.8 1.8 1.8 1.8 1.8 1.8 1.8 1.8 1.8 1.8 1.8 
1.52604 1.52331 1.51938 1.51676 1.51481 1.5133 1.51177 1.51007 1.50796 1.50564 1.50336 1.50082 1.49873 1.49787 1.49736 1.49732 1.49795 1.49905 1.50227 1.50522 1.50742 1.50766 1.50769 1.50727 1.50817 1.50954 1.51121 1.51417 1.51678 1.5205 1.52131 1.8 1.8 1.8 1.8 1.8 1.8 1.8 1.8 1.8 1.8 1.8 1.8 1.8 1.8 1.8 1.8 1.8 1.8 1.8 1.8 
1.51327 1.51367 1.51079 1.50843 1.50654 1.50426 1.50206 1.50007 1.49864 1.49773 1.49691 1.49574 1.49456 1.49389 1.49321 1.49253 1.49191 1.49122 1.4914 1.49184 1.49303 1.49499 1.49773 1.50009 1.50092 1.50084 1.50068 1.50223 1.50274 1.50382 1.50615 1.8 1.8 1.8 1.8 1.8 1.8 1.8 1.8 1.8 1.8 1.8 1.8 1.8 1.8 1.8 1.8 1.8 1.8 1.8 1.8 
1.49586 1.49484 1.49591 1.4952 1.49477 1.49353 1.49281 1.49218 1.49167 1.49132 1.49128 1.49124 1.49136 1.49138 1.49139 1.49153 1.49179 1.49175 1.49236 1.49268 1.49314 1.49346 1.49395 1.4946 1.49679 1.49982 1.50327 1.5043 1.50264 1.50161 1.50311 1.8 1.8 1.8 1.8 1.8 1.8 1.8 1.8 1.8 1.8 1.8 1.8 1.8 1.8 1.8 1.8 1.8 1.8 1.8 1.8 
1.49701 1.49649 1.49381 1.49248 1.49127 1.49189 1.49214 1.49236 1.49276 1.49274 1.49254 1.492 1.49142 1.49152 1.49183 1.49227 1.49279 1.49346 1.49425 1.49489 1.49542 1.4958 1.4962 1.49625 1.49637 1.49616 1.49625 1.49818 1.50195 1.50672 1.50366 1.8 1.8 1.8 1.8 1.8 1.8 1.8 1.8 1.8 1.8 1.8 1.8 1.8 1.8 1.8 1.8 1.8 1.8 1.8 1.8 
1.49623 1.49615 1.4952 1.4947 1.49435 1.49421 1.49414 1.49403 1.494 1.49403 1.49427 1.49467 1.49505 1.49555 1.4956 1.49579 1.49603 1.49644 1.49744 1.4981 1.49872 1.49903 1.49954 1.49955 1.49978 1.50005 1.50054 1.50123 1.50091 1.5015 1.50235 1.8 1.8 1.8 1.8 1.8 1.8 1.8 1.8 1.8 1.8 1.8 1.8 1.8 1.8 1.8 1.8 1.8 1.8 1.8 1.8 
1.49528 1.4952 1.49545 1.49573 1.49589 1.49581 1.49589 1.4961 1.49638 1.49656 1.49677 1.49681 1.49686 1.49713 1.49746 1.49798 1.49849 1.49864 1.49859 1.49856 1.49874 1.49924 1.49977 1.50007 1.50034 1.50024 1.5004 1.50057 1.5005 1.50107 1.50082 1.8 1.8 1.8 1.8 1.8 1.8 1.8 1.8 1.8 1.8 1.8 1.8 1.8 1.8 1.8 1.8 1.8 1.8 1.8 1.8 
1.49763 1.49788 1.49856 1.49928 1.49956 1.49966 1.49971 1.49955 1.49944 1.49946 1.49966 1.49984 1.50011 1.49987 1.49972 1.49933 1.499 1.49889 1.49887 1.49892 1.49865 1.49817 1.49768 1.49774 1.49794 1.4984 1.49869 1.49874 1.4989 1.49952 1.49919 1.8 1.8 1.8 1.8 1.8 1.8 1.8 1.8 1.8 1.8 1.8 1.8 1.8 1.8 1.8 1.8 1.8 1.8 1.8 1.8 
1.5028 1.50358 1.50221 1.50149 1.50098 1.50098 1.50134 1.50154 1.50155 1.50124 1.50074 1.50004 1.49943 1.49918 1.49918 1.49925 1.49916 1.49878 1.49854 1.49842 1.49855 1.49878 1.49889 1.49872 1.49847 1.49795 1.49774 1.4977 1.49789 1.49802 1.49818 1.8 1.8 1.8 1.8 1.8 1.8 1.8 1.8 1.8 1.8 1.8 1.8 1.8 1.8 1.8 1.8 1.8 1.8 1.8 1.8 
1.50141 1.50138 1.50214 1.50257 1.50271 1.50212 1.50167 1.50116 1.50095 1.50116 1.50164 1.50224 1.5026 1.50226 1.50176 1.50135 1.50129 1.50154 1.50152 1.50144 1.50129 1.50123 1.501 1.50071 1.50044 1.50026 1.4999 1.49943 1.49863 1.498 1.4985 1.8 1.8 1.8 1.8 1.8 1.8 1.8 1.8 1.8 1.8 1.8 1.8 1.8 1.8 1.8 1.8 1.8 1.8 1.8 1.8 
1.50207 1.50192 1.50173 1.50149 1.50158 1.50217 1.50295 1.50347 1.50387 1.50354 1.50305 1.50249 1.50221 1.50217 1.50232 1.50239 1.50224 1.50193 1.50145 1.50109 1.50082 1.50058 1.50039 1.50031 1.50014 1.50003 1.49997 1.49971 1.4998 1.49988 1.49964 1.8 1.8 1.8 1.8 1.8 1.8 1.8 1.8 1.8 1.8 1.8 1.8 1.8 1.8 1.8 1.8 1.8 1.8 1.8 1.8 
1.49855 1.49785 1.49861 1.49936 1.49982 1.4996 1.49937 1.49913 1.49914 1.49941 1.49996 1.50049 1.501 1.50131 1.50152 1.50147 1.50151 1.50165 1.50181 1.50194 1.50192 1.50186 1.50183 1.50187 1.50195 1.50204 1.50207 1.50219 1.50221 1.50234 1.50238 1.8 1.8 1.8 1.8 1.8 1.8 1.8 1.8 1.8 1.8 1.8 1.8 1.8 1.8 1.8 1.8 1.8 1.8 1.8 1.8 
1.50389 1.50426 1.5026 1.50129 1.50038 1.49993 1.49974 1.49961 1.49943 1.49919 1.4989 1.49851 1.49811 1.49799 1.49799 1.49814 1.49837 1.49857 1.49888 1.49911 1.49945 1.49979 1.50007 1.49999 1.49996 1.49994 1.5 1.50028 1.50056 1.50085 1.50154 1.8 1.8 1.8 1.8 1.8 1.8 1.8 1.8 1.8 1.8 1.8 1.8 1.8 1.8 1.8 1.8 1.8 1.8 1.8 1.8 
1.50156 1.50141 1.50144 1.50166 1.50149 1.50121 1.50075 1.50027 1.49989 1.49956 1.49936 1.49897 1.49873 1.49833 1.49803 1.49775 1.4975 1.49731 1.49718 1.49712 1.49712 1.49713 1.49728 1.49765 1.49798 1.49826 1.4983 1.49823 1.49789 1.49774 1.49821 1.8 1.8 1.8 1.8 1.8 1.8 1.8 1.8 1.8 1.8 1.8 1.8 1.8 1.8 1.8 1.8 1.8 1.8 1.8 1.8 
1.5006 1.50013 1.50055 1.5009 1.50116 1.50147 1.50177 1.50193 1.50202 1.50186 1.50162 1.50141 1.50133 1.50093 1.50067 1.50028 1.49978 1.49934 1.49865 1.49807 1.49755 1.49704 1.49636 1.4959 1.49534 1.4948 1.49442 1.49403 1.49434 1.49449 1.49512 1.8 1.8 1.8 1.8 1.8 1.8 1.8 1.8 1.8 1.8 1.8 1.8 1.8 1.8 1.8 1.8 1.8 1.8 1.8 1.8 
1.5014 1.50146 1.5014 1.50132 1.50115 1.50095 1.50076 1.50062 1.50048 1.50039 1.5003 1.50014 1.50004 1.49971 1.4993 1.49896 1.49867 1.49841 1.49823 1.49808 1.49794 1.49783 1.49768 1.49775 1.49782 1.49799 1.49813 1.49801 1.49776 1.49759 1.49767 1.8 1.8 1.8 1.8 1.8 1.8 1.8 1.8 1.8 1.8 1.8 1.8 1.8 1.8 1.8 1.8 1.8 1.8 1.8 1.8 
1.49982 1.49898 1.49806 1.49763 1.49731 1.49712 1.49696 1.49689 1.49688 1.49698 1.49711 1.49717 1.49728 1.49769 1.49804 1.49857 1.49902 1.49948 1.49983 1.49992 1.50005 1.5002 1.50049 1.50036 1.50026 1.50001 1.49992 1.49991 1.49995 1.5 1.49968 1.8 1.8 1.8 1.8 1.8 1.8 1.8 1.8 1.8 1.8 1.8 1.8 1.8 1.8 1.8 1.8 1.8 1.8 1.8 1.8 
1.49976 1.49933 1.49937 1.49943 1.49957 1.49968 1.49979 1.49981 1.49987 1.4998 1.49977 1.4997 1.49965 1.49941 1.49927 1.49903 1.49877 1.4986 1.49824 1.49817 1.49787 1.49755 1.49707 1.49692 1.49681 1.49683 1.49672 1.49662 1.49669 1.49673 1.49693 1.8 1.8 1.8 1.8 1.8 1.8 1.8 1.8 1.8 1.8 1.8 1.8 1.8 1.8 1.8 1.8 1.8 1.8 1.8 1.8 
1.50193 1.50198 1.50175 1.50166 1.50132 1.50107 1.50079 1.50053 1.50028 1.49994 1.49966 1.49923 1.49897 1.49849 1.4981 1.49778 1.49739 1.49702 1.49632 1.49637 1.49622 1.49625 1.49632 1.49629 1.49645 1.4964 1.49673 1.49657 1.4966 1.49675 1.49721 1.8 1.8 1.8 1.8 1.8 1.8 1.8 1.8 1.8 1.8 1.8 1.8 1.8 1.8 1.8 1.8 1.8 1.8 1.8 1.8 
1.5022 1.50224 1.50189 1.50155 1.50117 1.50094 1.50063 1.5004 1.50015 1.49997 1.49982 1.49961 1.49941 1.49915 1.49887 1.49863 1.49855 1.49859 1.49884 1.49905 1.49917 1.49923 1.49933 1.49947 1.49961 1.49977 1.49996 1.50026 1.50043 1.50077 1.50073 1.8 1.8 1.8 1.8 1.8 1.8 1.8 1.8 1.8 1.8 1.8 1.8 1.8 1.8 1.8 1.8 1.8 1.8 1.8 1.8 
1.50169 1.50132 1.50124 1.50114 1.50114 1.50118 1.50127 1.50119 1.50126 1.50115 1.50103 1.50088 1.50075 1.50082 1.50096 1.5012 1.50136 1.50147 1.50154 1.50168 1.50177 1.50187 1.50204 1.50213 1.50227 1.50242 1.50253 1.50262 1.50268 1.50276 1.50242 1.8 1.8 1.8 1.8 1.8 1.8 1.8 1.8 1.8 1.8 1.8 1.8 1.8 1.8 1.8 1.8 1.8 1.8 1.8 1.8 
1.5024 1.50217 1.50218 1.50227 1.50233 1.50234 1.50235 1.50233 1.50231 1.50235 1.50252 1.50272 1.50295 1.50316 1.50337 1.50347 1.50355 1.50363 1.5036 1.50361 1.50361 1.50363 1.5036 1.50348 1.50335 1.50321 1.50304 1.50286 1.50276 1.50263 1.5024 1.8 1.8 1.8 1.8 1.8 1.8 1.8 1.8 1.8 1.8 1.8 1.8 1.8 1.8 1.8 1.8 1.8 1.8 1.8 1.8 
1.50437 1.50451 1.50423 1.50398 1.50379 1.50367 1.50364 1.50367 1.50377 1.50389 1.50397 1.50401 1.50404 1.50403 1.50412 1.50397 1.50394 1.50405 1.50394 1.50367 1.50353 1.50342 1.50328 1.50321 1.50312 1.50304 1.50296 1.5028 1.50271 1.50259 1.50253 1.8 1.8 1.8 1.8 1.8 1.8 1.8 1.8 1.8 1.8 1.8 1.8 1.8 1.8 1.8 1.8 1.8 1.8 1.8 1.8 
1.50528 1.50527 1.5052 1.50534 1.50544 1.50549 1.50567 1.50575 1.50577 1.50572 1.50558 1.5054 1.50527 1.50494 1.50463 1.50433 1.504 1.50372 1.5033 1.50297 1.50266 1.50239 1.50205 1.50189 1.50164 1.50139 1.50117 1.50085 1.50074 1.50058 1.50073 1.8 1.8 1.8 1.8 1.8 1.8 1.8 1.8 1.8 1.8 1.8 1.8 1.8 1.8 1.8 1.8 1.8 1.8 1.8 1.8 
1.50588 1.50598 1.5062 1.50636 1.50667 1.50644 1.50632 1.50608 1.50577 1.50544 1.50509 1.50474 1.50448 1.50399 1.50357 1.50317 1.50275 1.5024 1.50193 1.50156 1.5012 1.5009 1.50052 1.50038 1.50016 1.49996 1.49976 1.49945 1.49937 1.49921 1.49936 1.8 1.8 1.8 1.8 1.8 1.8 1.8 1.8 1.8 1.8 1.8 1.8 1.8 1.8 1.8 1.8 1.8 1.8 1.8 1.8 
1.50539 1.5062 1.5056 1.50563 1.505 1.50465 1.5043 1.50398 1.50366 1.50338 1.50309 1.50273 1.50244 1.50202 1.50169 1.50142 1.50114 1.50091 1.50063 1.50042 1.50022 1.50007 1.49986 1.49978 1.49965 1.49954 1.49943 1.49927 1.49922 1.49911 1.49916 1.8 1.8 1.8 1.8 1.8 1.8 1.8 1.8 1.8 1.8 1.8 1.8 1.8 1.8 1.8 1.8 1.8 1.8 1.8 1.8 
1.50314 1.50317 1.50284 1.50257 1.50232 1.50215 1.50198 1.50182 1.50164 1.50147 1.5013 1.50109 1.50093 1.50069 1.5005 1.50035 1.5002 1.50007 1.49983 1.49977 1.49964 1.49954 1.4994 1.49934 1.49925 1.49917 1.49909 1.49897 1.49895 1.49889 1.49888 1.8 1.8 1.8 1.8 1.8 1.8 1.8 1.8 1.8 1.8 1.8 1.8 1.8 1.8 1.8 1.8 1.8 1.8 1.8 1.8 
1.5012 1.50101 1.50087 1.50072 1.50059 1.50052 1.50042 1.50034 1.50024 1.50016 1.50008 1.49997 1.4999 1.49978 1.49969 1.49959 1.49949 1.49942 1.49929 1.49919 1.4991 1.49904 1.49894 1.4989 1.49884 1.49878 1.49872 1.49861 1.49857 1.4985 1.4985 1.8 1.8 1.8 1.8 1.8 1.8 1.8 1.8 1.8 1.8 1.8 1.8 1.8 1.8 1.8 1.8 1.8 1.8 1.8 1.8 
1.4997 1.49947 1.4994 1.49925 1.49926 1.49925 1.49922 1.49914 1.49917 1.49914 1.4991 1.49904 1.499 1.49894 1.49889 1.49885 1.4988 1.49873 1.49873 1.49869 1.49866 1.49862 1.49857 1.49856 1.49852 1.49849 1.49846 1.49843 1.49842 1.4984 1.49839 1.8 1.8 1.8 1.8 1.8 1.8 1.8 1.8 1.8 1.8 1.8 1.8 1.8 1.8 1.8 1.8 1.8 1.8 1.8 1.8 
1.49867 1.49843 1.49846 1.49845 1.49836 1.49846 1.49845 1.49846 1.49845 1.49845 1.49845 1.49844 1.49844 1.49844 1.49845 1.49844 1.49843 1.49842 1.49841 1.4984 1.4984 1.4984 1.4984 1.49841 1.49842 1.49843 1.49844 1.49845 1.49847 1.49849 1.49846 1.8 1.8 1.8 1.8 1.8 1.8 1.8 1.8 1.8 1.8 1.8 1.8 1.8 1.8 1.8 1.8 1.8 1.8 1.8 1.8 
1.49814 1.498 1.49802 1.49796 1.49807 1.49808 1.49809 1.49812 1.49813 1.4981 1.49816 1.49817 1.49817 1.4982 1.49818 1.49823 1.49826 1.49828 1.49832 1.49835 1.49838 1.49841 1.49844 1.49845 1.49847 1.49849 1.4985 1.49852 1.49853 1.49854 1.49854 1.8 1.8 1.8 1.8 1.8 1.8 1.8 1.8 1.8 1.8 1.8 1.8 1.8 1.8 1.8 1.8 1.8 1.8 1.8 1.8 
1.49804 1.49797 1.498 1.49804 1.49805 1.49806 1.49808 1.4981 1.4981 1.49813 1.49815 1.49818 1.4982 1.49826 1.4983 1.49834 1.49838 1.49842 1.49844 1.49849 1.49852 1.49854 1.49858 1.49859 1.49861 1.49863 1.49865 1.49868 1.49869 1.4987 1.49872 1.8 1.8 1.8 1.8 1.8 1.8 1.8 1.8 1.8 1.8 1.8 1.8 1.8 1.8 1.8 1.8 1.8 1.8 1.8 1.8 
1.4981 1.49806 1.49809 1.49814 1.49814 1.49816 1.4982 1.49824 1.49827 1.49832 1.49835 1.4984 1.49843 1.49849 1.49853 1.49857 1.49861 1.49865 1.49869 1.49873 1.49876 1.49879 1.49883 1.49884 1.49887 1.49889 1.49891 1.49895 1.49896 1.49898 1.499 1.8 1.8 1.8 1.8 1.8 1.8 1.8 1.8 1.8 1.8 1.8 1.8 1.8 1.8 1.8 1.8 1.8 1.8 1.8 1.8 
1.49833 1.49831 1.49836 1.49838 1.49846 1.49848 1.49852 1.49853 1.49859 1.49862 1.49865 1.4987 1.49873 1.49879 1.49883 1.49887 1.49891 1.49895 1.499 1.49903 1.49907 1.4991 1.49914 1.49916 1.49918 1.49921 1.49923 1.49927 1.49928 1.4993 1.49933 1.8 1.8 1.8 1.8 1.8 1.8 1.8 1.8 1.8 1.8 1.8 1.8 1.8 1.8 1.8 1.8 1.8 1.8 1.8 1.8 
1.4987 1.49872 1.49876 1.49881 1.49882 1.49886 1.49888 1.49892 1.49894 1.49898 1.499 1.49904 1.49907 1.49912 1.49917 1.4992 1.49924 1.49928 1.49932 1.49936 1.49939 1.49942 1.49946 1.49947 1.4995 1.49952 1.49954 1.49958 1.49959 1.49961 1.49964 1.8 1.8 1.8 1.8 1.8 1.8 1.8 1.8 1.8 1.8 1.8 1.8 1.8 1.8 1.8 1.8 1.8 1.8 1.8 1.8 
1.49906 1.4991 1.49913 1.49916 1.49918 1.4992 1.49923 1.49925 1.49928 1.49931 1.49933 1.49937 1.4994 1.49944 1.49948 1.49951 1.49955 1.49958 1.49962 1.49965 1.49968 1.49971 1.49974 1.49975 1.49977 1.49979 1.49982 1.49985 1.49985 1.49988 1.4999 1.8 1.8 1.8 1.8 1.8 1.8 1.8 1.8 1.8 1.8 1.8 1.8 1.8 1.8 1.8 1.8 1.8 1.8 1.8 1.8 
1.49939 1.49942 1.49945 1.49947 1.49949 1.49951 1.49953 1.49955 1.49957 1.49959 1.49961 1.49964 1.49967 1.4997 1.49973 1.49976 1.49979 1.49981 1.49986 1.49987 1.4999 1.49992 1.49995 1.49996 1.49998 1.49999 1.50001 1.50003 1.50004 1.50006 1.50008 1.8 1.8 1.8 1.8 1.8 1.8 1.8 1.8 1.8 1.8 1.8 1.8 1.8 1.8 1.8 1.8 1.8 1.8 1.8 1.8 
1.49967 1.49969 1.49971 1.49973 1.49974 1.49975 1.49977 1.49978 1.4998 1.49981 1.49983 1.49985 1.49986 1.49989 1.49991 1.49993 1.49995 1.49997 1.49999 1.50001 1.50003 1.50005 1.50007 1.50008 1.50009 1.5001 1.50012 1.50013 1.50014 1.50015 1.50017 1.8 1.8 1.8 1.8 1.8 1.8 1.8 1.8 1.8 1.8 1.8 1.8 1.8 1.8 1.8 1.8 1.8 1.8 1.8 1.8 
1.49989 1.49991 1.49991 1.49994 1.49994 1.49994 1.49995 1.49996 1.49997 1.49997 1.49998 1.5 1.5 1.50002 1.50003 1.50004 1.50006 1.50007 1.50009 1.50009 1.5001 1.50011 1.50013 1.50013 1.50014 1.50015 1.50015 1.50016 1.50017 1.50018 1.50018 1.8 1.8 1.8 1.8 1.8 1.8 1.8 1.8 1.8 1.8 1.8 1.8 1.8 1.8 1.8 1.8 1.8 1.8 1.8 1.8 
1.50004 1.50004 1.50005 1.50005 1.50006 1.50006 1.50006 1.50007 1.50007 1.50008 1.50008 1.50008 1.50009 1.50009 1.5001 1.5001 1.50011 1.50011 1.50012 1.50013 1.50013 1.50013 1.50014 1.50014 1.50015 1.50015 1.50015 1.50016 1.50016 1.50016 1.50017 1.8 1.8 1.8 1.8 1.8 1.8 1.8 1.8 1.8 1.8 1.8 1.8 1.8 1.8 1.8 1.8 1.8 1.8 1.8 1.8 
1.50013 1.50013 1.50013 1.50014 1.50013 1.50013 1.50013 1.50013 1.50013 1.50013 1.50013 1.50012 1.50012 1.50012 1.50012 1.50012 1.50012 1.50012 1.50012 1.50012 1.50012 1.50012 1.50012 1.50012 1.50012 1.50012 1.50012 1.50012 1.50012 1.50012 1.50012 1.8 1.8 1.8 1.8 1.8 1.8 1.8 1.8 1.8 1.8 1.8 1.8 1.8 1.8 1.8 1.8 1.8 1.8 1.8 1.8 
1.50018 1.50018 1.50018 1.50016 1.50016 1.50016 1.50016 1.50016 1.50015 1.50014 1.50014 1.50013 1.50013 1.50012 1.50012 1.50011 1.50011 1.5001 1.5001 1.50009 1.50009 1.50008 1.50008 1.50008 1.50007 1.50007 1.50007 1.50006 1.50006 1.50006 1.50006 1.8 1.8 1.8 1.8 1.8 1.8 1.8 1.8 1.8 1.8 1.8 1.8 1.8 1.8 1.8 1.8 1.8 1.8 1.8 1.8 
1.50016 1.50015 1.50015 1.50014 1.50014 1.50013 1.50013 1.50013 1.50012 1.50012 1.50011 1.5001 1.5001 1.50009 1.50008 1.50008 1.50007 1.50007 1.50006 1.50005 1.50004 1.50004 1.50003 1.50003 1.50003 1.50002 1.50002 1.50001 1.50001 1.5 1.5 1.8 1.8 1.8 1.8 1.8 1.8 1.8 1.8 1.8 1.8 1.8 1.8 1.8 1.8 1.8 1.8 1.8 1.8 1.8 1.8 
