101 51 1.5 0.33
0 2 4 6 8 10 12 14 16 18 20 22 24 26 28 30 32 34 36 38 40 42 44 46 48 50 52 54 56 58 60 62 64 66 68 70 72 74 76 78 80 82 84 86 88 90 92 94 96 98 100 102 104 106 108 110 112 114 116 118 120 122 124 126 128 130 132 134 136 138 140 142 144 146 148 150 152 154 156 158 160 162 164 166 168 170 172 174 176 178 180 182 184 186 188 190 192 194 196 198 200 
0 0 0 0 0 0 0 0 0 0 0 0 0 0 0 0 0 0 0 0 0 0 0 0 0 0 0 0 0 0 0 0 0 0 0 0 0 0 0 0 0 0 0 0 0 0 0 0 0 0 0 0 0 0 0 0 0 0 0 0 0 0 0 0 0 0 0 0 0 0 0 0 0 0 0 0 0 0 0 0 0 0 0 0 0 0 0 0 0 0 0 0 0 0 0 0 0 0 0 0 0 
0 0.1 0.2 0.3 0.4 0.5 0.6 0.7 0.8 0.9 1 1.1 1.2 1.3 1.4 1.5 1.6 1.7 1.8 1.9 2 2.1 2.2 2.3 2.4 2.5 2.6 2.7 2.8 2.9 3 3.1 3.2 3.3 3.4 3.5 3.6 3.7 3.8 3.9 4 4.1 4.2 4.3 4.4 4.5 4.6 4.7 4.8 4.9 5 
1.51283 1.51315 1.51354 1.514 1.51477 1.51583 1.51671 1.5177 1.51857 1.51941 1.52008 1.5205 1.52095 1.52093 1.52105 1.52093 1.52032 1.51975 1.51868 1.51723 1.51534 1.51303 1.51031 1.50725 1.50418 1.50111 1.49829 1.49586 1.49406 1.49252 1.49096 1.8 1.8 1.8 1.8 1.8 1.8 1.8 1.8 1.8 1.8 1.8 1.8 1.8 1.8 1.8 1.8 1.8 1.8 1.8 1.8 
1.51155 1.51193 1.51276 1.51314 1.51402 1.51501 1.51588 1.51707 1.51772 1.51851 1.51933 1.51985 1.52039 1.52064 1.52079 1.52078 1.52031 1.51984 1.51856 1.51704 1.51515 1.51279 1.51024 1.50752 1.50474 1.50197 1.49952 1.49726 1.49573 1.49432 1.49301 1.8 1.8 1.8 1.8 1.8 1.8 1.8 1.8 1.8 1.8 1.8 1.8 1.8 1.8 1.8 1.8 1.8 1.8 1.8 1.8 
1.51031 1.5111 1.51134 1.51237 1.51289 1.51398 1.51527 1.51589 1.51684 1.5177 1.51843 1.51912 1.51937 1.51956 1.51971 1.5196 1.51926 1.51834 1.51725 1.51592 1.51429 1.51233 1.51016 1.50787 1.50546 1.50307 1.50103 1.49914 1.49778 1.4966 1.49532 1.8 1.8 1.8 1.8 1.8 1.8 1.8 1.8 1.8 1.8 1.8 1.8 1.8 1.8 1.8 1.8 1.8 1.8 1.8 1.8 
1.50878 1.50925 1.50986 1.51045 1.51181 1.51243 1.51337 1.51452 1.51557 1.5169 1.51738 1.51788 1.51847 1.51872 1.51913 1.51876 1.51822 1.51755 1.5165 1.51551 1.51384 1.51216 1.51019 1.50811 1.50581 1.50403 1.50183 1.50049 1.49939 1.49842 1.49745 1.8 1.8 1.8 1.8 1.8 1.8 1.8 1.8 1.8 1.8 1.8 1.8 1.8 1.8 1.8 1.8 1.8 1.8 1.8 1.8 
1.50683 1.5075 1.50809 1.50906 1.50995 1.51072 1.51169 1.51278 1.51421 1.51483 1.51583 1.51647 1.51707 1.51775 1.51738 1.51742 1.51692 1.51629 1.51571 1.51446 1.51321 1.51175 1.5102 1.50851 1.50695 1.50534 1.50389 1.50222 1.5013 1.50091 1.50024 1.8 1.8 1.8 1.8 1.8 1.8 1.8 1.8 1.8 1.8 1.8 1.8 1.8 1.8 1.8 1.8 1.8 1.8 1.8 1.8 
1.50431 1.50505 1.50562 1.50619 1.50709 1.50823 1.50925 1.51031 1.5115 1.51257 1.5136 1.51432 1.51499 1.51536 1.5154 1.51547 1.51512 1.51459 1.51398 1.51328 1.51238 1.5113 1.51028 1.5093 1.50823 1.50724 1.50638 1.50555 1.50501 1.50447 1.50403 1.8 1.8 1.8 1.8 1.8 1.8 1.8 1.8 1.8 1.8 1.8 1.8 1.8 1.8 1.8 1.8 1.8 1.8 1.8 1.8 
1.50141 1.50262 1.50322 1.50341 1.50431 1.50544 1.50674 1.50796 1.50875 1.50982 1.511 1.51228 1.51302 1.51344 1.51313 1.51329 1.51335 1.51299 1.51255 1.51194 1.51141 1.51088 1.51038 1.50993 1.50964 1.5093 1.50901 1.50837 1.50815 1.50782 1.50815 1.8 1.8 1.8 1.8 1.8 1.8 1.8 1.8 1.8 1.8 1.8 1.8 1.8 1.8 1.8 1.8 1.8 1.8 1.8 1.8 
1.49806 1.49926 1.49947 1.50036 1.50098 1.502 1.50331 1.50406 1.50567 1.5063 1.50759 1.50895 1.50927 1.5103 1.51049 1.51046 1.51081 1.51041 1.5105 1.51052 1.51032 1.51048 1.51057 1.51081 1.51119 1.51163 1.51195 1.5124 1.51263 1.51256 1.51293 1.8 1.8 1.8 1.8 1.8 1.8 1.8 1.8 1.8 1.8 1.8 1.8 1.8 1.8 1.8 1.8 1.8 1.8 1.8 1.8 
1.49429 1.49517 1.49574 1.49626 1.49742 1.49804 1.49892 1.50002 1.50118 1.50264 1.50346 1.50441 1.50527 1.50597 1.5069 1.5072 1.50789 1.50803 1.50805 1.50854 1.50907 1.50985 1.5107 1.51181 1.513 1.51421 1.51537 1.51645 1.51719 1.51783 1.5181 1.8 1.8 1.8 1.8 1.8 1.8 1.8 1.8 1.8 1.8 1.8 1.8 1.8 1.8 1.8 1.8 1.8 1.8 1.8 1.8 
1.49029 1.49127 1.49188 1.49271 1.49361 1.49393 1.49468 1.49599 1.49668 1.4978 1.49893 1.49985 1.50089 1.50179 1.50286 1.50344 1.50407 1.50502 1.50584 1.50659 1.50771 1.50914 1.51077 1.51267 1.51471 1.51675 1.51874 1.52056 1.52182 1.52292 1.52359 1.8 1.8 1.8 1.8 1.8 1.8 1.8 1.8 1.8 1.8 1.8 1.8 1.8 1.8 1.8 1.8 1.8 1.8 1.8 1.8 
1.48582 1.48654 1.48708 1.4877 1.48854 1.48921 1.49001 1.49092 1.49188 1.49293 1.49393 1.49487 1.49595 1.497 1.49801 1.49914 1.50009 1.50121 1.50256 1.50427 1.50606 1.50817 1.51069 1.5135 1.51639 1.51928 1.52222 1.52488 1.52666 1.52826 1.52933 1.8 1.8 1.8 1.8 1.8 1.8 1.8 1.8 1.8 1.8 1.8 1.8 1.8 1.8 1.8 1.8 1.8 1.8 1.8 1.8 
1.48179 1.48259 1.48298 1.48311 1.48361 1.48398 1.48463 1.48565 1.48633 1.48738 1.48841 1.48949 1.49078 1.49181 1.49311 1.49459 1.49592 1.4979 1.49969 1.50161 1.50422 1.50708 1.51036 1.51408 1.51794 1.52175 1.5256 1.52905 1.53146 1.53368 1.5352 1.8 1.8 1.8 1.8 1.8 1.8 1.8 1.8 1.8 1.8 1.8 1.8 1.8 1.8 1.8 1.8 1.8 1.8 1.8 1.8 
1.47744 1.47813 1.47843 1.47867 1.47909 1.4794 1.47986 1.48057 1.48108 1.48184 1.48248 1.48356 1.48483 1.48613 1.48805 1.48941 1.49121 1.49332 1.49609 1.49857 1.50191 1.50568 1.50992 1.51456 1.51944 1.52424 1.52902 1.53331 1.53637 1.53913 1.54128 1.8 1.8 1.8 1.8 1.8 1.8 1.8 1.8 1.8 1.8 1.8 1.8 1.8 1.8 1.8 1.8 1.8 1.8 1.8 1.8 
1.473 1.47304 1.47284 1.47322 1.47317 1.47373 1.47421 1.47491 1.47558 1.47657 1.4771 1.4781 1.47912 1.48039 1.48236 1.48386 1.48634 1.48892 1.49159 1.49502 1.49919 1.50377 1.50907 1.51462 1.52057 1.52641 1.53214 1.5373 1.54097 1.5446 1.54729 1.8 1.8 1.8 1.8 1.8 1.8 1.8 1.8 1.8 1.8 1.8 1.8 1.8 1.8 1.8 1.8 1.8 1.8 1.8 1.8 
1.46955 1.46882 1.46856 1.46791 1.468 1.4681 1.46826 1.46831 1.46904 1.46963 1.47036 1.47131 1.47255 1.47412 1.47617 1.47818 1.48068 1.48401 1.48756 1.49139 1.49629 1.50171 1.50782 1.5143 1.52117 1.52798 1.53468 1.54095 1.54543 1.54969 1.55361 1.8 1.8 1.8 1.8 1.8 1.8 1.8 1.8 1.8 1.8 1.8 1.8 1.8 1.8 1.8 1.8 1.8 1.8 1.8 1.8 
1.46691 1.46554 1.46511 1.46498 1.46395 1.46393 1.46374 1.46366 1.46372 1.46392 1.46419 1.46476 1.46565 1.46705 1.46886 1.47109 1.4739 1.4774 1.48169 1.48686 1.4928 1.4994 1.50701 1.51474 1.52256 1.5303 1.53783 1.54489 1.54971 1.55476 1.56012 1.8 1.8 1.8 1.8 1.8 1.8 1.8 1.8 1.8 1.8 1.8 1.8 1.8 1.8 1.8 1.8 1.8 1.8 1.8 1.8 
1.4652 1.46312 1.4613 1.46193 1.46102 1.46014 1.45965 1.45844 1.45817 1.45859 1.45866 1.45905 1.45976 1.46079 1.46219 1.46469 1.46766 1.47141 1.47603 1.48154 1.48806 1.4953 1.50335 1.51195 1.5211 1.53064 1.53915 1.54761 1.55355 1.55895 1.56533 1.8 1.8 1.8 1.8 1.8 1.8 1.8 1.8 1.8 1.8 1.8 1.8 1.8 1.8 1.8 1.8 1.8 1.8 1.8 1.8 
1.4652 1.46138 1.46198 1.4599 1.4595 1.45816 1.45692 1.45585 1.45499 1.45339 1.45389 1.4538 1.45429 1.45511 1.45608 1.45881 1.46181 1.46538 1.47057 1.47704 1.48377 1.49197 1.5005 1.5096 1.51914 1.5291 1.5387 1.54854 1.55697 1.56315 1.57011 1.8 1.8 1.8 1.8 1.8 1.8 1.8 1.8 1.8 1.8 1.8 1.8 1.8 1.8 1.8 1.8 1.8 1.8 1.8 1.8 
1.4664 1.46318 1.46193 1.46073 1.45773 1.45711 1.45549 1.45414 1.45278 1.45161 1.45069 1.45012 1.45005 1.45053 1.45192 1.45399 1.45714 1.4614 1.4667 1.4731 1.48052 1.48882 1.49787 1.50746 1.51752 1.5277 1.53772 1.54782 1.55548 1.56437 1.57515 1.8 1.8 1.8 1.8 1.8 1.8 1.8 1.8 1.8 1.8 1.8 1.8 1.8 1.8 1.8 1.8 1.8 1.8 1.8 1.8 
1.47004 1.46708 1.46511 1.46201 1.45943 1.45759 1.45502 1.45264 1.45057 1.4487 1.44729 1.4462 1.44575 1.44612 1.44735 1.44949 1.45276 1.45754 1.46346 1.47044 1.47842 1.4871 1.49641 1.50629 1.51662 1.52716 1.53777 1.54857 1.55699 1.56459 1.57314 1.8 1.8 1.8 1.8 1.8 1.8 1.8 1.8 1.8 1.8 1.8 1.8 1.8 1.8 1.8 1.8 1.8 1.8 1.8 1.8 
1.47498 1.47238 1.47037 1.46804 1.4648 1.46105 1.45755 1.45431 1.45129 1.44863 1.44636 1.44457 1.44356 1.4434 1.44347 1.4458 1.44886 1.45274 1.45865 1.4666 1.4752 1.48501 1.4957 1.50702 1.51852 1.52987 1.54032 1.54955 1.55592 1.56143 1.57078 1.8 1.8 1.8 1.8 1.8 1.8 1.8 1.8 1.8 1.8 1.8 1.8 1.8 1.8 1.8 1.8 1.8 1.8 1.8 1.8 
1.48084 1.47848 1.4755 1.47349 1.46956 1.46538 1.46134 1.45733 1.4535 1.45004 1.4469 1.44462 1.44307 1.44244 1.44269 1.445 1.44826 1.45324 1.45943 1.4668 1.47519 1.4843 1.49392 1.50423 1.51494 1.52591 1.53716 1.54885 1.55754 1.56568 1.57584 1.8 1.8 1.8 1.8 1.8 1.8 1.8 1.8 1.8 1.8 1.8 1.8 1.8 1.8 1.8 1.8 1.8 1.8 1.8 1.8 
1.48738 1.48467 1.48162 1.47842 1.47437 1.46946 1.46473 1.45999 1.45558 1.45151 1.44794 1.44508 1.44302 1.44168 1.44166 1.44298 1.44588 1.45028 1.45626 1.46385 1.47291 1.48327 1.49469 1.50652 1.51869 1.53046 1.54132 1.55161 1.55982 1.56807 1.58019 1.8 1.8 1.8 1.8 1.8 1.8 1.8 1.8 1.8 1.8 1.8 1.8 1.8 1.8 1.8 1.8 1.8 1.8 1.8 1.8 
1.49434 1.49111 1.48783 1.4841 1.47897 1.47311 1.46704 1.46114 1.45539 1.45028 1.44592 1.44258 1.44009 1.43883 1.43917 1.44081 1.44417 1.44925 1.45589 1.46401 1.47361 1.48449 1.49642 1.50915 1.52243 1.53568 1.54821 1.55923 1.56747 1.57362 1.57926 1.8 1.8 1.8 1.8 1.8 1.8 1.8 1.8 1.8 1.8 1.8 1.8 1.8 1.8 1.8 1.8 1.8 1.8 1.8 1.8 
1.49991 1.4954 1.49172 1.48721 1.48136 1.47577 1.46956 1.46343 1.4576 1.45245 1.44813 1.44448 1.44192 1.44075 1.44115 1.44266 1.44597 1.45121 1.45796 1.46623 1.47605 1.48707 1.49924 1.51205 1.52533 1.53829 1.55001 1.56023 1.56724 1.56831 1.56904 1.8 1.8 1.8 1.8 1.8 1.8 1.8 1.8 1.8 1.8 1.8 1.8 1.8 1.8 1.8 1.8 1.8 1.8 1.8 1.8 
1.50916 1.50627 1.50216 1.49771 1.49151 1.48421 1.477 1.4696 1.46241 1.45613 1.45081 1.44657 1.44324 1.44154 1.44131 1.44229 1.44515 1.4498 1.45621 1.46424 1.47434 1.48569 1.49827 1.51099 1.52399 1.53633 1.54692 1.5547 1.56175 1.56465 1.56472 1.8 1.8 1.8 1.8 1.8 1.8 1.8 1.8 1.8 1.8 1.8 1.8 1.8 1.8 1.8 1.8 1.8 1.8 1.8 1.8 
1.51805 1.51659 1.51357 1.50684 1.49978 1.49196 1.48349 1.47512 1.46712 1.4597 1.45324 1.44789 1.44361 1.4412 1.44047 1.44112 1.44351 1.44782 1.45376 1.46141 1.47074 1.48179 1.49401 1.5075 1.52163 1.53576 1.54877 1.55901 1.56778 1.56774 1.56216 1.8 1.8 1.8 1.8 1.8 1.8 1.8 1.8 1.8 1.8 1.8 1.8 1.8 1.8 1.8 1.8 1.8 1.8 1.8 1.8 
1.52192 1.51941 1.5141 1.50906 1.50112 1.49301 1.48406 1.47524 1.46676 1.45906 1.45261 1.44723 1.44327 1.44072 1.44021 1.44122 1.44389 1.44856 1.4551 1.46357 1.47358 1.48558 1.49821 1.51221 1.52622 1.53998 1.55269 1.56242 1.57165 1.57653 1.56537 1.8 1.8 1.8 1.8 1.8 1.8 1.8 1.8 1.8 1.8 1.8 1.8 1.8 1.8 1.8 1.8 1.8 1.8 1.8 1.8 
1.52716 1.52599 1.51975 1.51241 1.50431 1.49382 1.48362 1.47376 1.46477 1.45618 1.44909 1.44315 1.4385 1.43571 1.43477 1.43526 1.4381 1.44219 1.44856 1.45711 1.46713 1.47982 1.49404 1.50981 1.52608 1.5418 1.55676 1.5673 1.57726 1.58976 1.57061 1.8 1.8 1.8 1.8 1.8 1.8 1.8 1.8 1.8 1.8 1.8 1.8 1.8 1.8 1.8 1.8 1.8 1.8 1.8 1.8 
1.51926 1.51224 1.50802 1.50251 1.49501 1.488 1.47833 1.46958 1.46177 1.45414 1.44768 1.44194 1.43898 1.43714 1.43711 1.4391 1.44323 1.44875 1.45609 1.46516 1.47562 1.48726 1.50029 1.51473 1.52786 1.54127 1.55354 1.56422 1.56866 1.56366 1.55833 1.8 1.8 1.8 1.8 1.8 1.8 1.8 1.8 1.8 1.8 1.8 1.8 1.8 1.8 1.8 1.8 1.8 1.8 1.8 1.8 
1.52487 1.52306 1.5183 1.51262 1.50526 1.49762 1.48864 1.47952 1.47058 1.46189 1.45408 1.44721 1.44232 1.43936 1.43833 1.43922 1.44158 1.44552 1.45127 1.45899 1.46754 1.47809 1.49067 1.50416 1.51787 1.53042 1.54191 1.54971 1.54353 1.54231 1.54601 1.8 1.8 1.8 1.8 1.8 1.8 1.8 1.8 1.8 1.8 1.8 1.8 1.8 1.8 1.8 1.8 1.8 1.8 1.8 1.8 
1.52774 1.52924 1.52801 1.52289 1.51337 1.50395 1.49292 1.48208 1.47232 1.46233 1.45342 1.4462 1.44069 1.43701 1.43461 1.43464 1.43704 1.44086 1.44656 1.45373 1.46328 1.47416 1.48946 1.50409 1.52053 1.53511 1.54544 1.549 1.54801 1.54228 1.54281 1.8 1.8 1.8 1.8 1.8 1.8 1.8 1.8 1.8 1.8 1.8 1.8 1.8 1.8 1.8 1.8 1.8 1.8 1.8 1.8 
1.5187 1.51902 1.51403 1.51167 1.50588 1.49778 1.49017 1.48364 1.47345 1.46631 1.45749 1.45143 1.44795 1.44511 1.44516 1.44778 1.45082 1.45646 1.46298 1.4699 1.47851 1.4877 1.49747 1.50768 1.51681 1.52654 1.53433 1.54324 1.54912 1.54934 1.54315 1.8 1.8 1.8 1.8 1.8 1.8 1.8 1.8 1.8 1.8 1.8 1.8 1.8 1.8 1.8 1.8 1.8 1.8 1.8 1.8 
1.51259 1.51337 1.50917 1.50552 1.50128 1.49194 1.4861 1.47639 1.469 1.46092 1.45491 1.45043 1.4472 1.44614 1.44588 1.448 1.45092 1.45569 1.46153 1.46816 1.47742 1.48704 1.49678 1.5079 1.5184 1.52845 1.53383 1.53807 1.53969 1.55906 1.54885 1.8 1.8 1.8 1.8 1.8 1.8 1.8 1.8 1.8 1.8 1.8 1.8 1.8 1.8 1.8 1.8 1.8 1.8 1.8 1.8 
1.50104 1.50203 1.50043 1.50006 1.49649 1.48829 1.48202 1.47357 1.46425 1.45665 1.45004 1.44484 1.44131 1.43989 1.44035 1.44316 1.44745 1.45391 1.46067 1.46693 1.47622 1.48546 1.49555 1.50473 1.51815 1.53039 1.5435 1.55918 1.57083 1.56223 1.54488 1.8 1.8 1.8 1.8 1.8 1.8 1.8 1.8 1.8 1.8 1.8 1.8 1.8 1.8 1.8 1.8 1.8 1.8 1.8 1.8 
1.5008 1.50879 1.5046 1.50025 1.49505 1.48761 1.48014 1.47252 1.46465 1.45716 1.45021 1.44411 1.43898 1.43556 1.43425 1.4355 1.43845 1.44454 1.45222 1.463 1.47382 1.48599 1.49828 1.51106 1.52356 1.53522 1.54648 1.55035 1.54273 1.54366 1.53944 1.8 1.8 1.8 1.8 1.8 1.8 1.8 1.8 1.8 1.8 1.8 1.8 1.8 1.8 1.8 1.8 1.8 1.8 1.8 1.8 
1.47747 1.47743 1.47598 1.47314 1.47001 1.46635 1.46212 1.45759 1.45341 1.44958 1.44735 1.44631 1.44651 1.44866 1.45193 1.45615 1.46187 1.46888 1.47614 1.48409 1.49173 1.49943 1.50803 1.51659 1.52489 1.5316 1.53442 1.536 1.54373 1.54421 1.53877 1.8 1.8 1.8 1.8 1.8 1.8 1.8 1.8 1.8 1.8 1.8 1.8 1.8 1.8 1.8 1.8 1.8 1.8 1.8 1.8 
1.45419 1.44777 1.44849 1.44712 1.44978 1.45014 1.44949 1.44801 1.44767 1.44691 1.44682 1.44742 1.44887 1.45159 1.45641 1.46232 1.46986 1.47975 1.48823 1.49849 1.50964 1.52052 1.53061 1.53909 1.54498 1.54806 1.55209 1.55342 1.55135 1.5474 1.53889 1.8 1.8 1.8 1.8 1.8 1.8 1.8 1.8 1.8 1.8 1.8 1.8 1.8 1.8 1.8 1.8 1.8 1.8 1.8 1.8 
1.45295 1.44994 1.44806 1.44585 1.44133 1.4417 1.44052 1.4401 1.44001 1.43999 1.4406 1.44163 1.4434 1.44638 1.45124 1.45749 1.46527 1.47443 1.48476 1.49601 1.50739 1.51896 1.53026 1.54102 1.54956 1.55537 1.55523 1.54708 1.53649 1.5245 1.52435 1.8 1.8 1.8 1.8 1.8 1.8 1.8 1.8 1.8 1.8 1.8 1.8 1.8 1.8 1.8 1.8 1.8 1.8 1.8 1.8 
1.44146 1.4358 1.43548 1.43273 1.43234 1.43401 1.43318 1.43289 1.43307 1.43324 1.43428 1.43617 1.43938 1.44392 1.44948 1.45627 1.46457 1.47519 1.48399 1.49771 1.51071 1.52308 1.5333 1.53924 1.54171 1.54016 1.53987 1.54294 1.55035 1.55548 1.54961 1.8 1.8 1.8 1.8 1.8 1.8 1.8 1.8 1.8 1.8 1.8 1.8 1.8 1.8 1.8 1.8 1.8 1.8 1.8 1.8 
1.4337 1.42797 1.4266 1.4262 1.42517 1.42488 1.42564 1.42694 1.42876 1.43121 1.43485 1.43941 1.44551 1.45263 1.46066 1.46968 1.47886 1.48902 1.4997 1.50929 1.51941 1.52743 1.53495 1.54122 1.5461 1.54877 1.55156 1.5506 1.55109 1.55314 1.54752 1.8 1.8 1.8 1.8 1.8 1.8 1.8 1.8 1.8 1.8 1.8 1.8 1.8 1.8 1.8 1.8 1.8 1.8 1.8 1.8 
1.43342 1.43191 1.43217 1.43541 1.43669 1.43862 1.44029 1.44183 1.44329 1.44463 1.44549 1.44681 1.44897 1.45261 1.45692 1.46335 1.47162 1.47627 1.49363 1.5053 1.51678 1.52787 1.53724 1.54436 1.55167 1.55704 1.55882 1.55835 1.55689 1.55883 1.55593 1.8 1.8 1.8 1.8 1.8 1.8 1.8 1.8 1.8 1.8 1.8 1.8 1.8 1.8 1.8 1.8 1.8 1.8 1.8 1.8 
1.43739 1.43824 1.43672 1.43621 1.43543 1.43474 1.43548 1.43741 1.44042 1.44472 1.4504 1.45692 1.46394 1.47188 1.48133 1.49225 1.50417 1.51707 1.53027 1.54309 1.5552 1.56475 1.57045 1.57343 1.57255 1.56889 1.56515 1.55861 1.55351 1.54628 1.54686 1.8 1.8 1.8 1.8 1.8 1.8 1.8 1.8 1.8 1.8 1.8 1.8 1.8 1.8 1.8 1.8 1.8 1.8 1.8 1.8 
1.42876 1.42547 1.42642 1.42849 1.43019 1.43498 1.44044 1.44727 1.45472 1.46277 1.47156 1.48178 1.49266 1.50443 1.51665 1.52944 1.54218 1.55567 1.5698 1.58354 1.5976 1.61055 1.61763 1.62067 1.62323 1.61941 1.61205 1.60239 1.59275 1.57806 1.56346 1.8 1.8 1.8 1.8 1.8 1.8 1.8 1.8 1.8 1.8 1.8 1.8 1.8 1.8 1.8 1.8 1.8 1.8 1.8 1.8 
1.43122 1.42934 1.43079 1.4326 1.43541 1.43898 1.44378 1.44975 1.45726 1.46601 1.47531 1.4856 1.49686 1.50979 1.5245 1.54107 1.55954 1.57963 1.59991 1.61938 1.63556 1.64904 1.65748 1.65113 1.64444 1.635 1.62314 1.60952 1.59889 1.5894 1.57847 1.8 1.8 1.8 1.8 1.8 1.8 1.8 1.8 1.8 1.8 1.8 1.8 1.8 1.8 1.8 1.8 1.8 1.8 1.8 1.8 
1.43504 1.43381 1.43563 1.4386 1.44297 1.44817 1.45444 1.46155 1.46951 1.47822 1.48822 1.49973 1.51236 1.52586 1.54014 1.55543 1.57195 1.59099 1.60807 1.62755 1.64701 1.66599 1.68231 1.68334 1.67061 1.65269 1.63445 1.61721 1.60428 1.592 1.58305 1.8 1.8 1.8 1.8 1.8 1.8 1.8 1.8 1.8 1.8 1.8 1.8 1.8 1.8 1.8 1.8 1.8 1.8 1.8 1.8 
1.4384 1.44192 1.44489 1.44557 1.44883 1.45288 1.45828 1.46521 1.47366 1.4833 1.49367 1.50515 1.51775 1.53168 1.54747 1.56433 1.58257 1.60196 1.6205 1.63852 1.65361 1.66523 1.6736 1.68012 1.68385 1.67433 1.65803 1.63904 1.62404 1.61082 1.5975 1.8 1.8 1.8 1.8 1.8 1.8 1.8 1.8 1.8 1.8 1.8 1.8 1.8 1.8 1.8 1.8 1.8 1.8 1.8 1.8 
1.43542 1.43836 1.43956 1.4418 1.4455 1.45015 1.45657 1.46443 1.474 1.48518 1.49785 1.51181 1.52681 1.54242 1.55848 1.57501 1.59139 1.60731 1.62168 1.63522 1.64723 1.65733 1.66289 1.66472 1.66323 1.65869 1.65235 1.6448 1.63708 1.62525 1.61007 1.8 1.8 1.8 1.8 1.8 1.8 1.8 1.8 1.8 1.8 1.8 1.8 1.8 1.8 1.8 1.8 1.8 1.8 1.8 1.8 
1.43295 1.4356 1.43691 1.43953 1.44303 1.44787 1.45447 1.46215 1.47163 1.48253 1.49483 1.50875 1.52361 1.53966 1.55657 1.57368 1.59115 1.60829 1.62414 1.63844 1.64934 1.65594 1.65871 1.65767 1.65271 1.64345 1.63203 1.62009 1.61228 1.60569 1.60468 1.8 1.8 1.8 1.8 1.8 1.8 1.8 1.8 1.8 1.8 1.8 1.8 1.8 1.8 1.8 1.8 1.8 1.8 1.8 1.8 
1.42876 1.42983 1.43186 1.4346 1.43836 1.44361 1.45016 1.45823 1.46839 1.47979 1.4924 1.50618 1.52041 1.53554 1.55168 1.56868 1.58644 1.60382 1.62063 1.63459 1.6454 1.65296 1.65682 1.65995 1.66203 1.65416 1.64433 1.63495 1.62684 1.61883 1.61422 1.8 1.8 1.8 1.8 1.8 1.8 1.8 1.8 1.8 1.8 1.8 1.8 1.8 1.8 1.8 1.8 1.8 1.8 1.8 1.8 
1.42608 1.42521 1.42664 1.43004 1.43412 1.44004 1.44724 1.45543 1.46495 1.47579 1.48822 1.50249 1.51811 1.53513 1.55282 1.57071 1.58881 1.60648 1.62406 1.63999 1.65347 1.66377 1.6684 1.66267 1.6576 1.65636 1.64967 1.64007 1.63194 1.62301 1.61857 1.8 1.8 1.8 1.8 1.8 1.8 1.8 1.8 1.8 1.8 1.8 1.8 1.8 1.8 1.8 1.8 1.8 1.8 1.8 1.8 
1.42517 1.42475 1.42713 1.43026 1.43437 1.43969 1.44643 1.45444 1.46448 1.47599 1.48864 1.50285 1.51824 1.53508 1.55319 1.57188 1.59126 1.60963 1.62735 1.64205 1.65321 1.66028 1.66174 1.66118 1.66119 1.65568 1.65088 1.64588 1.64155 1.63734 1.62869 1.8 1.8 1.8 1.8 1.8 1.8 1.8 1.8 1.8 1.8 1.8 1.8 1.8 1.8 1.8 1.8 1.8 1.8 1.8 1.8 
1.42784 1.42794 1.42924 1.43118 1.43528 1.44069 1.44795 1.45679 1.46741 1.4798 1.49386 1.50919 1.52545 1.54232 1.55986 1.57722 1.5948 1.61094 1.62589 1.638 1.64684 1.65171 1.65338 1.65535 1.65789 1.65642 1.65022 1.64144 1.63519 1.62632 1.62095 1.8 1.8 1.8 1.8 1.8 1.8 1.8 1.8 1.8 1.8 1.8 1.8 1.8 1.8 1.8 1.8 1.8 1.8 1.8 1.8 
1.43089 1.43194 1.43306 1.43535 1.43873 1.4439 1.4507 1.45895 1.46891 1.48068 1.49381 1.50876 1.52466 1.54183 1.55986 1.57766 1.5956 1.61499 1.62904 1.64322 1.65426 1.6613 1.66445 1.66681 1.66405 1.6552 1.64662 1.63796 1.6322 1.62633 1.61968 1.8 1.8 1.8 1.8 1.8 1.8 1.8 1.8 1.8 1.8 1.8 1.8 1.8 1.8 1.8 1.8 1.8 1.8 1.8 1.8 
1.43318 1.43456 1.43672 1.4395 1.44404 1.44811 1.45429 1.46189 1.47127 1.48227 1.4947 1.5083 1.52229 1.53727 1.55367 1.56975 1.58712 1.60387 1.62037 1.63551 1.6491 1.66108 1.6682 1.66868 1.66808 1.66541 1.65921 1.65075 1.64346 1.64194 1.62142 1.8 1.8 1.8 1.8 1.8 1.8 1.8 1.8 1.8 1.8 1.8 1.8 1.8 1.8 1.8 1.8 1.8 1.8 1.8 1.8 
1.43421 1.4326 1.43345 1.43573 1.43907 1.44402 1.45054 1.45839 1.46747 1.47784 1.48945 1.50295 1.51791 1.53405 1.5512 1.5687 1.58695 1.60502 1.62304 1.63961 1.65323 1.66305 1.66833 1.66542 1.65908 1.65295 1.64606 1.63732 1.63023 1.62322 1.60938 1.8 1.8 1.8 1.8 1.8 1.8 1.8 1.8 1.8 1.8 1.8 1.8 1.8 1.8 1.8 1.8 1.8 1.8 1.8 1.8 
1.43347 1.43065 1.43228 1.43445 1.43738 1.44136 1.44659 1.45324 1.46167 1.47157 1.48264 1.49488 1.50838 1.52322 1.53958 1.5566 1.57433 1.59218 1.60994 1.62582 1.63828 1.64696 1.65059 1.65012 1.65131 1.64489 1.63442 1.62234 1.61305 1.60494 1.59309 1.8 1.8 1.8 1.8 1.8 1.8 1.8 1.8 1.8 1.8 1.8 1.8 1.8 1.8 1.8 1.8 1.8 1.8 1.8 1.8 
1.43696 1.43536 1.43554 1.43654 1.43813 1.44064 1.44492 1.45015 1.45653 1.46409 1.47316 1.48362 1.4952 1.50761 1.52082 1.53441 1.54875 1.56393 1.57603 1.58861 1.59972 1.60957 1.61733 1.62137 1.62274 1.62069 1.61701 1.61125 1.60657 1.59886 1.58226 1.8 1.8 1.8 1.8 1.8 1.8 1.8 1.8 1.8 1.8 1.8 1.8 1.8 1.8 1.8 1.8 1.8 1.8 1.8 1.8 
1.44077 1.44115 1.44015 1.43967 1.43944 1.44012 1.44175 1.4445 1.44848 1.45384 1.45994 1.46692 1.47473 1.48342 1.49183 1.5036 1.51416 1.52479 1.53543 1.54502 1.55334 1.55958 1.56367 1.56748 1.5711 1.57244 1.57198 1.56842 1.56444 1.55451 1.54924 1.8 1.8 1.8 1.8 1.8 1.8 1.8 1.8 1.8 1.8 1.8 1.8 1.8 1.8 1.8 1.8 1.8 1.8 1.8 1.8 
1.44257 1.4431 1.44122 1.43974 1.43856 1.43821 1.43845 1.43944 1.44096 1.44316 1.44628 1.45055 1.45604 1.4632 1.47174 1.48092 1.4905 1.4997 1.50819 1.51579 1.52242 1.52881 1.53595 1.54332 1.55037 1.55564 1.55658 1.55378 1.55008 1.55207 1.55005 1.8 1.8 1.8 1.8 1.8 1.8 1.8 1.8 1.8 1.8 1.8 1.8 1.8 1.8 1.8 1.8 1.8 1.8 1.8 1.8 
1.44009 1.43941 1.43764 1.43605 1.43457 1.43378 1.43371 1.43463 1.43647 1.43913 1.44244 1.44653 1.4514 1.45723 1.46406 1.47199 1.481 1.49064 1.50116 1.51161 1.52107 1.52961 1.53452 1.5362 1.53547 1.53416 1.53242 1.532 1.53829 1.5378 1.53508 1.8 1.8 1.8 1.8 1.8 1.8 1.8 1.8 1.8 1.8 1.8 1.8 1.8 1.8 1.8 1.8 1.8 1.8 1.8 1.8 
1.43681 1.4328 1.43099 1.42839 1.42788 1.427 1.42678 1.42739 1.42908 1.43177 1.43572 1.44067 1.44672 1.45388 1.46227 1.47123 1.48091 1.49067 1.50049 1.50935 1.51804 1.52599 1.5333 1.54118 1.54634 1.54942 1.55039 1.54886 1.54007 1.53079 1.52976 1.8 1.8 1.8 1.8 1.8 1.8 1.8 1.8 1.8 1.8 1.8 1.8 1.8 1.8 1.8 1.8 1.8 1.8 1.8 1.8 
1.43681 1.43302 1.43239 1.43114 1.43 1.4318 1.43279 1.43421 1.43641 1.43896 1.44229 1.44601 1.45077 1.4567 1.46399 1.47156 1.48005 1.489 1.49851 1.50822 1.51774 1.52724 1.53641 1.54456 1.55069 1.55509 1.55673 1.55537 1.55485 1.55 1.53768 1.8 1.8 1.8 1.8 1.8 1.8 1.8 1.8 1.8 1.8 1.8 1.8 1.8 1.8 1.8 1.8 1.8 1.8 1.8 1.8 
1.43809 1.43581 1.43495 1.43439 1.43405 1.43436 1.43495 1.43616 1.438 1.44026 1.44334 1.44753 1.45272 1.45881 1.46537 1.47415 1.48342 1.49338 1.50423 1.51474 1.52488 1.53416 1.54052 1.54476 1.54657 1.54796 1.55004 1.5509 1.55176 1.55173 1.54057 1.8 1.8 1.8 1.8 1.8 1.8 1.8 1.8 1.8 1.8 1.8 1.8 1.8 1.8 1.8 1.8 1.8 1.8 1.8 1.8 
1.43615 1.4328 1.43265 1.43221 1.43174 1.43197 1.43241 1.43378 1.4361 1.43986 1.44491 1.45077 1.45762 1.46529 1.47396 1.4832 1.49282 1.50186 1.51035 1.51792 1.52469 1.53041 1.53565 1.5402 1.54318 1.54418 1.54325 1.54244 1.54136 1.54149 1.53452 1.8 1.8 1.8 1.8 1.8 1.8 1.8 1.8 1.8 1.8 1.8 1.8 1.8 1.8 1.8 1.8 1.8 1.8 1.8 1.8 
1.43794 1.43747 1.43779 1.43885 1.43992 1.44138 1.44327 1.44566 1.44816 1.45056 1.45294 1.45603 1.45995 1.46447 1.46959 1.47543 1.48204 1.48899 1.49919 1.5093 1.51906 1.52811 1.53537 1.54123 1.54462 1.54583 1.54253 1.53728 1.53623 1.53422 1.5291 1.8 1.8 1.8 1.8 1.8 1.8 1.8 1.8 1.8 1.8 1.8 1.8 1.8 1.8 1.8 1.8 1.8 1.8 1.8 1.8 
1.45098 1.45938 1.45821 1.46012 1.45568 1.45363 1.45191 1.45038 1.45002 1.45073 1.45268 1.45569 1.45968 1.46479 1.47098 1.47767 1.48465 1.49144 1.49758 1.50299 1.50859 1.514 1.51982 1.52518 1.53041 1.53491 1.5387 1.54165 1.53993 1.53727 1.53105 1.8 1.8 1.8 1.8 1.8 1.8 1.8 1.8 1.8 1.8 1.8 1.8 1.8 1.8 1.8 1.8 1.8 1.8 1.8 1.8 
1.43786 1.43909 1.44027 1.44153 1.44444 1.44527 1.44774 1.45051 1.45369 1.45697 1.46087 1.46492 1.46947 1.47444 1.47999 1.48614 1.49309 1.50078 1.50892 1.51716 1.52479 1.5308 1.53481 1.53662 1.53655 1.53558 1.53554 1.5353 1.53747 1.54051 1.53375 1.8 1.8 1.8 1.8 1.8 1.8 1.8 1.8 1.8 1.8 1.8 1.8 1.8 1.8 1.8 1.8 1.8 1.8 1.8 1.8 
1.43727 1.43871 1.43832 1.43806 1.43812 1.43819 1.43892 1.43998 1.4421 1.4452 1.44952 1.4551 1.46186 1.46963 1.47832 1.48747 1.49638 1.505 1.513 1.52004 1.52633 1.53213 1.53756 1.54209 1.54603 1.54935 1.55189 1.5522 1.55136 1.54985 1.54033 1.8 1.8 1.8 1.8 1.8 1.8 1.8 1.8 1.8 1.8 1.8 1.8 1.8 1.8 1.8 1.8 1.8 1.8 1.8 1.8 
1.42743 1.42441 1.42609 1.42793 1.43037 1.43322 1.43629 1.43979 1.44346 1.44768 1.45234 1.45759 1.46331 1.46979 1.47729 1.48498 1.49376 1.50367 1.51327 1.5232 1.53279 1.54043 1.54594 1.54924 1.55091 1.55204 1.55319 1.55228 1.55037 1.54899 1.53981 1.8 1.8 1.8 1.8 1.8 1.8 1.8 1.8 1.8 1.8 1.8 1.8 1.8 1.8 1.8 1.8 1.8 1.8 1.8 1.8 
1.42962 1.43054 1.43141 1.43166 1.4337 1.43526 1.43734 1.44007 1.44314 1.44704 1.45141 1.45663 1.46282 1.46985 1.47741 1.48572 1.49395 1.50237 1.51082 1.51942 1.52751 1.53511 1.54233 1.548 1.55074 1.54731 1.54116 1.54047 1.54211 1.54205 1.53889 1.8 1.8 1.8 1.8 1.8 1.8 1.8 1.8 1.8 1.8 1.8 1.8 1.8 1.8 1.8 1.8 1.8 1.8 1.8 1.8 
1.42946 1.43172 1.43229 1.43293 1.43417 1.43569 1.43752 1.43991 1.44297 1.44676 1.4513 1.45674 1.46285 1.46958 1.47699 1.48501 1.4935 1.50226 1.51048 1.51853 1.5261 1.53284 1.53816 1.54133 1.54305 1.54413 1.54467 1.54327 1.54048 1.53846 1.53613 1.8 1.8 1.8 1.8 1.8 1.8 1.8 1.8 1.8 1.8 1.8 1.8 1.8 1.8 1.8 1.8 1.8 1.8 1.8 1.8 
1.42541 1.4263 1.42752 1.42853 1.43048 1.43267 1.43552 1.43884 1.44294 1.44751 1.45293 1.45889 1.46547 1.47265 1.48044 1.48859 1.49704 1.50592 1.51475 1.52312 1.53064 1.537 1.54205 1.54534 1.54659 1.54618 1.5464 1.54669 1.54704 1.54639 1.53985 1.8 1.8 1.8 1.8 1.8 1.8 1.8 1.8 1.8 1.8 1.8 1.8 1.8 1.8 1.8 1.8 1.8 1.8 1.8 1.8 
1.42655 1.42894 1.42944 1.43011 1.43168 1.43295 1.435 1.43737 1.44051 1.44411 1.44867 1.45382 1.45992 1.46648 1.47383 1.48172 1.48997 1.49864 1.50718 1.51581 1.52398 1.53164 1.53855 1.5445 1.54962 1.55431 1.55768 1.55899 1.55855 1.55427 1.54589 1.8 1.8 1.8 1.8 1.8 1.8 1.8 1.8 1.8 1.8 1.8 1.8 1.8 1.8 1.8 1.8 1.8 1.8 1.8 1.8 
1.42059 1.41925 1.42013 1.42119 1.42277 1.42488 1.42749 1.43082 1.43483 1.43962 1.4452 1.45132 1.45819 1.46562 1.47367 1.4819 1.49031 1.49895 1.50756 1.51583 1.52362 1.53101 1.5377 1.54379 1.54914 1.5532 1.55627 1.55719 1.55545 1.55629 1.55208 1.8 1.8 1.8 1.8 1.8 1.8 1.8 1.8 1.8 1.8 1.8 1.8 1.8 1.8 1.8 1.8 1.8 1.8 1.8 1.8 
1.42427 1.42529 1.42611 1.42674 1.42812 1.42968 1.43175 1.43469 1.43801 1.44209 1.44677 1.45201 1.45776 1.46413 1.47091 1.47833 1.48629 1.49468 1.50305 1.51169 1.5195 1.52694 1.5331 1.53805 1.54182 1.54406 1.54487 1.54358 1.5434 1.54614 1.54698 1.8 1.8 1.8 1.8 1.8 1.8 1.8 1.8 1.8 1.8 1.8 1.8 1.8 1.8 1.8 1.8 1.8 1.8 1.8 1.8 
1.42578 1.42647 1.42671 1.42657 1.42733 1.42917 1.43092 1.4336 1.43682 1.44077 1.44533 1.45068 1.45664 1.46314 1.47004 1.47732 1.48486 1.49258 1.49971 1.50825 1.51589 1.52312 1.52956 1.5348 1.53847 1.5403 1.54077 1.5411 1.5426 1.54548 1.54769 1.8 1.8 1.8 1.8 1.8 1.8 1.8 1.8 1.8 1.8 1.8 1.8 1.8 1.8 1.8 1.8 1.8 1.8 1.8 1.8 
1.42434 1.42291 1.4238 1.42481 1.4253 1.42839 1.43101 1.43422 1.43795 1.4421 1.44698 1.45214 1.45791 1.46404 1.47062 1.47754 1.48488 1.49263 1.50054 1.50836 1.51559 1.52237 1.5282 1.53314 1.53726 1.54098 1.54486 1.54892 1.55241 1.55553 1.55616 1.8 1.8 1.8 1.8 1.8 1.8 1.8 1.8 1.8 1.8 1.8 1.8 1.8 1.8 1.8 1.8 1.8 1.8 1.8 1.8 
1.42971 1.42956 1.43023 1.43019 1.4314 1.43239 1.43399 1.43612 1.43889 1.4422 1.4463 1.45078 1.45609 1.46187 1.46837 1.47528 1.48255 1.49004 1.4976 1.50521 1.51245 1.51951 1.52611 1.53216 1.53797 1.5434 1.54876 1.5536 1.55778 1.56285 1.56205 1.8 1.8 1.8 1.8 1.8 1.8 1.8 1.8 1.8 1.8 1.8 1.8 1.8 1.8 1.8 1.8 1.8 1.8 1.8 1.8 
1.4328 1.43268 1.4325 1.43383 1.4349 1.43623 1.43817 1.44056 1.44345 1.44694 1.45107 1.4555 1.46049 1.46575 1.47113 1.4774 1.48363 1.49027 1.49704 1.50393 1.51094 1.5178 1.52453 1.53089 1.53678 1.54226 1.54734 1.55196 1.55588 1.55938 1.55916 1.8 1.8 1.8 1.8 1.8 1.8 1.8 1.8 1.8 1.8 1.8 1.8 1.8 1.8 1.8 1.8 1.8 1.8 1.8 1.8 
1.43776 1.43801 1.43836 1.43881 1.43967 1.44065 1.44212 1.44428 1.44698 1.45025 1.4539 1.45811 1.46273 1.46791 1.47323 1.47937 1.48573 1.49239 1.49953 1.50632 1.51316 1.51967 1.52571 1.53125 1.53639 1.54089 1.54479 1.54805 1.54999 1.55168 1.5544 1.8 1.8 1.8 1.8 1.8 1.8 1.8 1.8 1.8 1.8 1.8 1.8 1.8 1.8 1.8 1.8 1.8 1.8 1.8 1.8 
1.44269 1.44305 1.44331 1.44359 1.44457 1.44556 1.44697 1.44893 1.45129 1.45415 1.45737 1.46124 1.46547 1.47021 1.4753 1.48075 1.48654 1.49259 1.49882 1.50513 1.51159 1.51779 1.52379 1.52932 1.53446 1.53901 1.54285 1.54638 1.54903 1.55124 1.55473 1.8 1.8 1.8 1.8 1.8 1.8 1.8 1.8 1.8 1.8 1.8 1.8 1.8 1.8 1.8 1.8 1.8 1.8 1.8 1.8 
1.44827 1.44863 1.44895 1.44939 1.44997 1.45105 1.45242 1.45413 1.45633 1.45881 1.46172 1.46497 1.46859 1.47255 1.47693 1.48158 1.48649 1.49167 1.4971 1.50259 1.50828 1.51396 1.51968 1.52536 1.53087 1.53623 1.54141 1.54629 1.55038 1.55434 1.55576 1.8 1.8 1.8 1.8 1.8 1.8 1.8 1.8 1.8 1.8 1.8 1.8 1.8 1.8 1.8 1.8 1.8 1.8 1.8 1.8 
1.45423 1.4546 1.45494 1.45515 1.4558 1.45656 1.45762 1.45882 1.46053 1.46247 1.46495 1.46769 1.47091 1.47451 1.47855 1.48282 1.4874 1.49217 1.49732 1.50261 1.50801 1.51352 1.51919 1.52475 1.53021 1.53545 1.54051 1.54509 1.54828 1.55052 1.55187 1.8 1.8 1.8 1.8 1.8 1.8 1.8 1.8 1.8 1.8 1.8 1.8 1.8 1.8 1.8 1.8 1.8 1.8 1.8 1.8 
1.45995 1.45989 1.46007 1.46026 1.46081 1.46142 1.46246 1.46364 1.46519 1.46699 1.46926 1.47177 1.47465 1.47784 1.48149 1.48535 1.48956 1.49402 1.49858 1.50378 1.50894 1.51425 1.51968 1.5249 1.5299 1.53444 1.5383 1.54149 1.54347 1.54518 1.54709 1.8 1.8 1.8 1.8 1.8 1.8 1.8 1.8 1.8 1.8 1.8 1.8 1.8 1.8 1.8 1.8 1.8 1.8 1.8 1.8 
1.46607 1.46589 1.46625 1.46658 1.46717 1.46782 1.46866 1.46975 1.47104 1.47263 1.47444 1.47662 1.47907 1.48193 1.48504 1.48844 1.4922 1.49618 1.5004 1.50469 1.5093 1.51397 1.51855 1.52306 1.52745 1.53139 1.53476 1.53763 1.53953 1.541 1.54295 1.8 1.8 1.8 1.8 1.8 1.8 1.8 1.8 1.8 1.8 1.8 1.8 1.8 1.8 1.8 1.8 1.8 1.8 1.8 1.8 
1.47243 1.47254 1.47289 1.47335 1.47387 1.47451 1.47523 1.47631 1.47718 1.47841 1.47984 1.48159 1.48357 1.48594 1.48854 1.49135 1.49453 1.49794 1.50131 1.50493 1.50877 1.51264 1.51649 1.52035 1.52414 1.52771 1.53085 1.53364 1.53566 1.53735 1.53925 1.8 1.8 1.8 1.8 1.8 1.8 1.8 1.8 1.8 1.8 1.8 1.8 1.8 1.8 1.8 1.8 1.8 1.8 1.8 1.8 
1.47879 1.47919 1.47947 1.47975 1.48053 1.4808 1.48141 1.48214 1.4829 1.48377 1.48485 1.48616 1.48769 1.48943 1.49149 1.49377 1.49624 1.49888 1.50171 1.50471 1.50784 1.51118 1.51454 1.51799 1.52134 1.52455 1.5274 1.53001 1.53176 1.53298 1.53461 1.8 1.8 1.8 1.8 1.8 1.8 1.8 1.8 1.8 1.8 1.8 1.8 1.8 1.8 1.8 1.8 1.8 1.8 1.8 1.8 
1.4848 1.48529 1.48555 1.48618 1.48617 1.48663 1.48709 1.48751 1.48806 1.4889 1.48942 1.4903 1.4913 1.49251 1.49411 1.49576 1.49762 1.49974 1.50209 1.50458 1.50721 1.51002 1.51301 1.51611 1.51894 1.52161 1.52398 1.52614 1.52758 1.52853 1.52995 1.8 1.8 1.8 1.8 1.8 1.8 1.8 1.8 1.8 1.8 1.8 1.8 1.8 1.8 1.8 1.8 1.8 1.8 1.8 1.8 
1.49034 1.49076 1.49091 1.49105 1.49134 1.49163 1.49194 1.49222 1.49255 1.49279 1.49324 1.49382 1.49453 1.4954 1.49646 1.49778 1.49925 1.50092 1.50277 1.50485 1.50698 1.50922 1.51158 1.51396 1.51622 1.51837 1.52037 1.52213 1.52337 1.52421 1.52532 1.8 1.8 1.8 1.8 1.8 1.8 1.8 1.8 1.8 1.8 1.8 1.8 1.8 1.8 1.8 1.8 1.8 1.8 1.8 1.8 
1.49539 1.49556 1.49562 1.49572 1.49589 1.4961 1.4963 1.49643 1.49665 1.49683 1.4971 1.4974 1.49792 1.49858 1.49933 1.5003 1.50136 1.50248 1.50382 1.5051 1.50659 1.50825 1.50995 1.51166 1.51349 1.51524 1.51682 1.51813 1.51917 1.51987 1.52073 1.8 1.8 1.8 1.8 1.8 1.8 1.8 1.8 1.8 1.8 1.8 1.8 1.8 1.8 1.8 1.8 1.8 1.8 1.8 1.8 
1.49986 1.49973 1.49979 1.50017 1.49992 1.50022 1.50046 1.5008 1.50081 1.50094 1.50115 1.50123 1.50143 1.50174 1.50209 1.50265 1.50325 1.50392 1.50462 1.5054 1.5063 1.50738 1.50846 1.50964 1.51097 1.51227 1.5134 1.51431 1.51504 1.51559 1.51613 1.8 1.8 1.8 1.8 1.8 1.8 1.8 1.8 1.8 1.8 1.8 1.8 1.8 1.8 1.8 1.8 1.8 1.8 1.8 1.8 
1.50383 1.50361 1.50368 1.50378 1.50423 1.50436 1.50457 1.5047 1.50477 1.50466 1.50473 1.50462 1.50462 1.50465 1.50465 1.50486 1.50505 1.50523 1.50543 1.50578 1.50615 1.50668 1.50724 1.50791 1.5087 1.50948 1.51013 1.51073 1.51116 1.5115 1.51175 1.8 1.8 1.8 1.8 1.8 1.8 1.8 1.8 1.8 1.8 1.8 1.8 1.8 1.8 1.8 1.8 1.8 1.8 1.8 1.8 
1.50769 1.50742 1.5075 1.50756 1.50762 1.50795 1.50811 1.50816 1.50821 1.50831 1.50803 1.50782 1.50756 1.50735 1.50714 1.50695 1.50672 1.50649 1.50638 1.50619 1.50612 1.50602 1.50615 1.50629 1.50649 1.50674 1.50702 1.50729 1.50748 1.50762 1.50758 1.8 1.8 1.8 1.8 1.8 1.8 1.8 1.8 1.8 1.8 1.8 1.8 1.8 1.8 1.8 1.8 1.8 1.8 1.8 1.8 
1.51078 1.51059 1.51096 1.51068 1.51086 1.51111 1.51121 1.51128 1.51131 1.51113 1.51098 1.51072 1.51039 1.51002 1.50949 1.50902 1.50846 1.50787 1.5073 1.50674 1.50613 1.50558 1.50517 1.50481 1.50445 1.5042 1.50406 1.50397 1.50385 1.50384 1.50356 1.8 1.8 1.8 1.8 1.8 1.8 1.8 1.8 1.8 1.8 1.8 1.8 1.8 1.8 1.8 1.8 1.8 1.8 1.8 1.8 
1.51333 1.51324 1.51321 1.51331 1.51352 1.51379 1.51393 1.51394 1.51401 1.51388 1.51367 1.51335 1.51296 1.51246 1.51173 1.51095 1.51009 1.50914 1.5082 1.50725 1.50625 1.50529 1.50436 1.50344 1.5026 1.50191 1.50134 1.50083 1.5005 1.5003 1.49984 1.8 1.8 1.8 1.8 1.8 1.8 1.8 1.8 1.8 1.8 1.8 1.8 1.8 1.8 1.8 1.8 1.8 1.8 1.8 1.8 
1.5155 1.5156 1.51562 1.51608 1.51619 1.51618 1.5163 1.5163 1.51627 1.51614 1.51595 1.51565 1.51516 1.51449 1.51364 1.51267 1.51152 1.5103 1.50908 1.50771 1.50634 1.505 1.50358 1.50224 1.50098 1.49989 1.4989 1.49807 1.49748 1.4971 1.49653 1.8 1.8 1.8 1.8 1.8 1.8 1.8 1.8 1.8 1.8 1.8 1.8 1.8 1.8 1.8 1.8 1.8 1.8 1.8 1.8 
1.51707 1.51721 1.51729 1.51741 1.51797 1.5178 1.51791 1.51792 1.51794 1.51812 1.51767 1.51733 1.51677 1.516 1.51533 1.51394 1.51256 1.51108 1.50955 1.50796 1.5064 1.5047 1.5031 1.50142 1.49988 1.49841 1.49717 1.49606 1.49532 1.49476 1.49411 1.8 1.8 1.8 1.8 1.8 1.8 1.8 1.8 1.8 1.8 1.8 1.8 1.8 1.8 1.8 1.8 1.8 1.8 1.8 1.8 
1.51798 1.5184 1.51851 1.51905 1.51897 1.51913 1.51922 1.51922 1.5193 1.51916 1.51912 1.51881 1.51833 1.51756 1.51651 1.51528 1.51378 1.51212 1.51033 1.50846 1.50651 1.50454 1.50252 1.50061 1.49873 1.49702 1.4955 1.4942 1.49331 1.49263 1.4919 1.8 1.8 1.8 1.8 1.8 1.8 1.8 1.8 1.8 1.8 1.8 1.8 1.8 1.8 1.8 1.8 1.8 1.8 1.8 1.8 
1.51941 1.51986 1.52031 1.51996 1.52008 1.52018 1.52022 1.52052 1.52038 1.52029 1.52019 1.51986 1.51927 1.51843 1.51733 1.51605 1.51453 1.51292 1.51088 1.50879 1.50662 1.50434 1.50201 1.49978 1.4976 1.49561 1.4939 1.49242 1.49147 1.49067 1.48997 1.8 1.8 1.8 1.8 1.8 1.8 1.8 1.8 1.8 1.8 1.8 1.8 1.8 1.8 1.8 1.8 1.8 1.8 1.8 1.8 
1.52025 1.52084 1.52072 1.52065 1.52078 1.52088 1.52094 1.52101 1.52115 1.52116 1.52099 1.52061 1.51994 1.51897 1.5178 1.51637 1.51482 1.51296 1.51091 1.50871 1.50634 1.50393 1.50149 1.49908 1.49678 1.49458 1.49253 1.49082 1.48957 1.48843 1.4879 1.8 1.8 1.8 1.8 1.8 1.8 1.8 1.8 1.8 1.8 1.8 1.8 1.8 1.8 1.8 1.8 1.8 1.8 1.8 1.8 
