101 51 1.5 0.33
0 2 4 6 8 10 12 14 16 18 20 22 24 26 28 30 32 34 36 38 40 42 44 46 48 50 52 54 56 58 60 62 64 66 68 70 72 74 76 78 80 82 84 86 88 90 92 94 96 98 100 102 104 106 108 110 112 114 116 118 120 122 124 126 128 130 132 134 136 138 140 142 144 146 148 150 152 154 156 158 160 162 164 166 168 170 172 174 176 178 180 182 184 186 188 190 192 194 196 198 200 
0 0 0 0 0 0 0 0 0 0 0 0 0 0 0 0 0 0 0 0 0 0 0 0 0 0 0 0 0 0 0 0 0 0 0 0 0 0 0 0 0 0 0 0 0 0 0 0 0 0 0 0 0 0 0 0 0 0 0 0 0 0 0 0 0 0 0 0 0 0 0 0 0 0 0 0 0 0 0 0 0 0 0 0 0 0 0 0 0 0 0 0 0 0 0 0 0 0 0 0 0 
0 0.1 0.2 0.3 0.4 0.5 0.6 0.7 0.8 0.9 1 1.1 1.2 1.3 1.4 1.5 1.6 1.7 1.8 1.9 2 2.1 2.2 2.3 2.4 2.5 2.6 2.7 2.8 2.9 3 3.1 3.2 3.3 3.4 3.5 3.6 3.7 3.8 3.9 4 4.1 4.2 4.3 4.4 4.5 4.6 4.7 4.8 4.9 5 
1.49951 1.49954 1.49957 1.49959 1.49961 1.49962 1.49964 1.49966 1.49969 1.4997 1.49972 1.49975 1.49977 1.49981 1.49983 1.49986 1.49988 1.4999 1.49994 1.49996 1.49998 1.5 1.50003 1.50004 1.50005 1.50007 1.50009 1.50011 1.50011 1.50014 1.50016 1.8 1.8 1.8 1.8 1.8 1.8 1.8 1.8 1.8 1.8 1.8 1.8 1.8 1.8 1.8 1.8 1.8 1.8 1.8 1.8 
1.49919 1.49923 1.49926 1.49928 1.49931 1.49932 1.49935 1.49937 1.4994 1.49942 1.49944 1.49948 1.4995 1.49954 1.49958 1.49961 1.49964 1.49968 1.49971 1.49974 1.49977 1.4998 1.49983 1.49985 1.49987 1.49989 1.49991 1.49994 1.49995 1.49997 1.50002 1.8 1.8 1.8 1.8 1.8 1.8 1.8 1.8 1.8 1.8 1.8 1.8 1.8 1.8 1.8 1.8 1.8 1.8 1.8 1.8 
1.49895 1.49902 1.49903 1.49904 1.49906 1.49908 1.49912 1.49914 1.49916 1.49918 1.49921 1.49925 1.49927 1.49932 1.49935 1.49939 1.49944 1.49946 1.49951 1.49954 1.49958 1.49961 1.49965 1.49967 1.49969 1.49971 1.49974 1.49978 1.49979 1.49982 1.49988 1.8 1.8 1.8 1.8 1.8 1.8 1.8 1.8 1.8 1.8 1.8 1.8 1.8 1.8 1.8 1.8 1.8 1.8 1.8 1.8 
1.49868 1.49874 1.49873 1.49878 1.49878 1.4988 1.49885 1.49886 1.4989 1.49891 1.49895 1.49901 1.49903 1.4991 1.49913 1.49917 1.49923 1.49926 1.49933 1.49936 1.49941 1.49947 1.4995 1.49952 1.49957 1.49958 1.49963 1.49967 1.49969 1.49971 1.49975 1.8 1.8 1.8 1.8 1.8 1.8 1.8 1.8 1.8 1.8 1.8 1.8 1.8 1.8 1.8 1.8 1.8 1.8 1.8 1.8 
1.4984 1.49844 1.49846 1.49843 1.49849 1.49855 1.49859 1.49862 1.49862 1.4987 1.49873 1.49879 1.49883 1.49889 1.49896 1.499 1.49906 1.4991 1.49917 1.49922 1.49927 1.49931 1.49936 1.49938 1.49942 1.49946 1.49948 1.49955 1.49957 1.49959 1.49959 1.8 1.8 1.8 1.8 1.8 1.8 1.8 1.8 1.8 1.8 1.8 1.8 1.8 1.8 1.8 1.8 1.8 1.8 1.8 1.8 
1.49826 1.49833 1.49835 1.49844 1.49848 1.49847 1.49852 1.49857 1.4986 1.49863 1.49867 1.49874 1.49877 1.49885 1.4989 1.49894 1.499 1.49904 1.4991 1.49914 1.49918 1.49922 1.49927 1.49929 1.49932 1.49935 1.49938 1.49942 1.49945 1.49947 1.4994 1.8 1.8 1.8 1.8 1.8 1.8 1.8 1.8 1.8 1.8 1.8 1.8 1.8 1.8 1.8 1.8 1.8 1.8 1.8 1.8 
1.4982 1.49804 1.49811 1.49836 1.49841 1.49842 1.49838 1.49843 1.49856 1.4986 1.49863 1.49865 1.49871 1.49879 1.49887 1.49891 1.49894 1.49899 1.49905 1.4991 1.49913 1.49916 1.49919 1.4992 1.49924 1.49926 1.49928 1.49929 1.49932 1.49934 1.49924 1.8 1.8 1.8 1.8 1.8 1.8 1.8 1.8 1.8 1.8 1.8 1.8 1.8 1.8 1.8 1.8 1.8 1.8 1.8 1.8 
1.49876 1.49845 1.49881 1.49866 1.49888 1.49888 1.49881 1.499 1.4989 1.49903 1.49905 1.49904 1.49913 1.49913 1.49915 1.49922 1.49922 1.49927 1.49926 1.49925 1.49928 1.49927 1.49929 1.49929 1.49927 1.49929 1.49926 1.49925 1.49925 1.49927 1.49917 1.8 1.8 1.8 1.8 1.8 1.8 1.8 1.8 1.8 1.8 1.8 1.8 1.8 1.8 1.8 1.8 1.8 1.8 1.8 1.8 
1.50075 1.50057 1.50063 1.50053 1.50032 1.50041 1.50039 1.50037 1.50032 1.50017 1.50022 1.50017 1.50012 1.50005 1.49996 1.49992 1.49983 1.49978 1.49975 1.49968 1.49962 1.49957 1.4995 1.49947 1.49942 1.49938 1.49935 1.49925 1.49922 1.49923 1.49918 1.8 1.8 1.8 1.8 1.8 1.8 1.8 1.8 1.8 1.8 1.8 1.8 1.8 1.8 1.8 1.8 1.8 1.8 1.8 1.8 
1.50317 1.50281 1.50277 1.50248 1.50231 1.50253 1.50234 1.50218 1.50213 1.50195 1.50184 1.50167 1.50153 1.50131 1.50112 1.50096 1.50079 1.50059 1.50038 1.50027 1.50012 1.5 1.49982 1.49976 1.49966 1.49955 1.49946 1.4993 1.49923 1.49917 1.49923 1.8 1.8 1.8 1.8 1.8 1.8 1.8 1.8 1.8 1.8 1.8 1.8 1.8 1.8 1.8 1.8 1.8 1.8 1.8 1.8 
1.50544 1.50428 1.50433 1.5044 1.50444 1.50442 1.50432 1.50417 1.50406 1.5039 1.50372 1.50347 1.50327 1.50294 1.50264 1.50235 1.50206 1.50182 1.50146 1.50117 1.50089 1.50067 1.50044 1.50025 1.50007 1.49988 1.49972 1.49945 1.49933 1.49915 1.49924 1.8 1.8 1.8 1.8 1.8 1.8 1.8 1.8 1.8 1.8 1.8 1.8 1.8 1.8 1.8 1.8 1.8 1.8 1.8 1.8 
1.51071 1.51021 1.5089 1.50784 1.50716 1.50687 1.50665 1.50653 1.5063 1.50602 1.50572 1.50528 1.50494 1.50446 1.50408 1.50368 1.50328 1.50281 1.50232 1.50203 1.50164 1.50133 1.50091 1.50074 1.50048 1.50022 1.49998 1.49963 1.49944 1.49912 1.49918 1.8 1.8 1.8 1.8 1.8 1.8 1.8 1.8 1.8 1.8 1.8 1.8 1.8 1.8 1.8 1.8 1.8 1.8 1.8 1.8 
1.5204 1.52396 1.52018 1.51859 1.51574 1.51437 1.51329 1.51224 1.51128 1.51065 1.50968 1.50864 1.50776 1.50678 1.50607 1.50526 1.50459 1.50403 1.50311 1.50279 1.50226 1.50181 1.5012 1.501 1.50065 1.5003 1.49998 1.49955 1.49937 1.49895 1.49881 1.8 1.8 1.8 1.8 1.8 1.8 1.8 1.8 1.8 1.8 1.8 1.8 1.8 1.8 1.8 1.8 1.8 1.8 1.8 1.8 
1.5212 1.52102 1.52205 1.52268 1.52316 1.52161 1.52072 1.51814 1.51649 1.51548 1.51418 1.51287 1.5118 1.51018 1.50912 1.50774 1.50644 1.50553 1.50479 1.50399 1.50323 1.50268 1.50187 1.50165 1.50123 1.50078 1.50041 1.49981 1.49963 1.49918 1.4987 1.8 1.8 1.8 1.8 1.8 1.8 1.8 1.8 1.8 1.8 1.8 1.8 1.8 1.8 1.8 1.8 1.8 1.8 1.8 1.8 
1.51852 1.51744 1.51732 1.51761 1.51742 1.5177 1.5183 1.51945 1.51885 1.51796 1.51671 1.51524 1.51414 1.51275 1.51195 1.51046 1.50927 1.50792 1.50655 1.50573 1.50473 1.50395 1.50296 1.50265 1.50205 1.50152 1.50111 1.50042 1.50023 1.49983 1.49933 1.8 1.8 1.8 1.8 1.8 1.8 1.8 1.8 1.8 1.8 1.8 1.8 1.8 1.8 1.8 1.8 1.8 1.8 1.8 1.8 
1.51747 1.51705 1.51646 1.51589 1.51571 1.51529 1.51498 1.51462 1.51439 1.51456 1.51501 1.51536 1.51569 1.51462 1.51347 1.51221 1.51093 1.51017 1.50899 1.50797 1.50694 1.50598 1.5047 1.50427 1.50323 1.50239 1.50161 1.50083 1.50074 1.50015 1.49898 1.8 1.8 1.8 1.8 1.8 1.8 1.8 1.8 1.8 1.8 1.8 1.8 1.8 1.8 1.8 1.8 1.8 1.8 1.8 1.8 
1.51643 1.51642 1.51616 1.51498 1.51447 1.51437 1.51412 1.514 1.51372 1.51313 1.51275 1.5122 1.51184 1.51178 1.5123 1.51236 1.51235 1.51213 1.51103 1.51026 1.50899 1.50823 1.50753 1.50691 1.50613 1.5051 1.50448 1.5034 1.50297 1.50228 1.5017 1.8 1.8 1.8 1.8 1.8 1.8 1.8 1.8 1.8 1.8 1.8 1.8 1.8 1.8 1.8 1.8 1.8 1.8 1.8 1.8 
1.51461 1.51662 1.51581 1.51564 1.51418 1.51358 1.51281 1.5123 1.51178 1.51151 1.51108 1.51073 1.51041 1.50996 1.50943 1.50915 1.50887 1.50875 1.5088 1.50899 1.50937 1.50941 1.5093 1.50891 1.50839 1.50796 1.50783 1.50751 1.50715 1.50635 1.50627 1.8 1.8 1.8 1.8 1.8 1.8 1.8 1.8 1.8 1.8 1.8 1.8 1.8 1.8 1.8 1.8 1.8 1.8 1.8 1.8 
1.50665 1.50614 1.5072 1.50846 1.50938 1.50972 1.50976 1.50959 1.5094 1.50899 1.50847 1.50804 1.50765 1.50746 1.50726 1.50723 1.50719 1.50718 1.50755 1.50777 1.50794 1.50821 1.50883 1.50973 1.51082 1.51074 1.51017 1.51023 1.51034 1.51048 1.51067 1.8 1.8 1.8 1.8 1.8 1.8 1.8 1.8 1.8 1.8 1.8 1.8 1.8 1.8 1.8 1.8 1.8 1.8 1.8 1.8 
1.50057 1.501 1.50097 1.50083 1.50124 1.50162 1.50222 1.50304 1.50373 1.50426 1.50477 1.5051 1.50527 1.5054 1.50536 1.50549 1.50568 1.50576 1.50629 1.50675 1.50725 1.50751 1.50794 1.50854 1.50935 1.51034 1.51157 1.51368 1.51568 1.51866 1.51724 1.8 1.8 1.8 1.8 1.8 1.8 1.8 1.8 1.8 1.8 1.8 1.8 1.8 1.8 1.8 1.8 1.8 1.8 1.8 1.8 
1.49625 1.49762 1.49757 1.49766 1.49782 1.49796 1.49818 1.49842 1.49878 1.49939 1.50024 1.5014 1.50226 1.50334 1.50402 1.50465 1.50509 1.50514 1.50567 1.50607 1.50692 1.50794 1.50916 1.51003 1.51119 1.51272 1.51441 1.51608 1.51612 1.5157 1.51571 1.8 1.8 1.8 1.8 1.8 1.8 1.8 1.8 1.8 1.8 1.8 1.8 1.8 1.8 1.8 1.8 1.8 1.8 1.8 1.8 
1.49034 1.49069 1.49134 1.49276 1.49351 1.49414 1.49488 1.49573 1.49642 1.49703 1.49786 1.49898 1.49986 1.50178 1.5034 1.50548 1.50751 1.5096 1.51127 1.51251 1.51326 1.51354 1.5137 1.5126 1.51173 1.51081 1.50988 1.50869 1.50774 1.50648 1.50854 1.8 1.8 1.8 1.8 1.8 1.8 1.8 1.8 1.8 1.8 1.8 1.8 1.8 1.8 1.8 1.8 1.8 1.8 1.8 1.8 
1.48303 1.48255 1.48297 1.4832 1.48606 1.48751 1.48906 1.49071 1.49242 1.49419 1.49596 1.49805 1.49973 1.50211 1.5038 1.50543 1.50708 1.50857 1.51003 1.51111 1.51181 1.51227 1.51323 1.51317 1.51304 1.51229 1.51082 1.50902 1.50727 1.5061 1.50865 1.8 1.8 1.8 1.8 1.8 1.8 1.8 1.8 1.8 1.8 1.8 1.8 1.8 1.8 1.8 1.8 1.8 1.8 1.8 1.8 
1.48304 1.48371 1.48284 1.48229 1.48207 1.4834 1.48474 1.48584 1.48689 1.48794 1.48887 1.48993 1.49064 1.49233 1.49381 1.49518 1.49622 1.49652 1.49833 1.5 1.50208 1.50411 1.50658 1.50844 1.51064 1.51346 1.51683 1.52163 1.5239 1.52722 1.52431 1.8 1.8 1.8 1.8 1.8 1.8 1.8 1.8 1.8 1.8 1.8 1.8 1.8 1.8 1.8 1.8 1.8 1.8 1.8 1.8 
1.48333 1.48432 1.48506 1.48461 1.483 1.48157 1.48072 1.48056 1.48074 1.48141 1.48223 1.48299 1.48363 1.4852 1.4866 1.48808 1.49004 1.49162 1.49461 1.49679 1.49868 1.4999 1.50165 1.50301 1.50549 1.50819 1.51104 1.51643 1.52043 1.52667 1.52399 1.8 1.8 1.8 1.8 1.8 1.8 1.8 1.8 1.8 1.8 1.8 1.8 1.8 1.8 1.8 1.8 1.8 1.8 1.8 1.8 
1.48229 1.48237 1.48422 1.4866 1.48879 1.48962 1.49001 1.48915 1.4879 1.48721 1.48702 1.48762 1.48761 1.48839 1.48852 1.4888 1.48946 1.48985 1.49136 1.49263 1.49408 1.4957 1.49686 1.49674 1.4972 1.49727 1.49764 1.49664 1.49409 1.49144 1.49563 1.8 1.8 1.8 1.8 1.8 1.8 1.8 1.8 1.8 1.8 1.8 1.8 1.8 1.8 1.8 1.8 1.8 1.8 1.8 1.8 
1.48844 1.48948 1.48938 1.48876 1.48849 1.48803 1.48795 1.48834 1.48863 1.48829 1.48716 1.48621 1.48498 1.4856 1.48567 1.48739 1.48842 1.48906 1.48988 1.49061 1.49162 1.49269 1.49466 1.49498 1.4961 1.49625 1.4965 1.49743 1.49901 1.50154 1.50346 1.8 1.8 1.8 1.8 1.8 1.8 1.8 1.8 1.8 1.8 1.8 1.8 1.8 1.8 1.8 1.8 1.8 1.8 1.8 1.8 
1.48509 1.48556 1.48577 1.48646 1.48813 1.48943 1.49067 1.49163 1.49263 1.49381 1.49513 1.49648 1.49678 1.49607 1.49482 1.49388 1.49387 1.49448 1.49558 1.49666 1.49723 1.49736 1.49699 1.49697 1.49714 1.49747 1.49835 1.49948 1.50177 1.50882 1.50918 1.8 1.8 1.8 1.8 1.8 1.8 1.8 1.8 1.8 1.8 1.8 1.8 1.8 1.8 1.8 1.8 1.8 1.8 1.8 1.8 
1.48854 1.49195 1.48862 1.48609 1.48412 1.48382 1.48349 1.48328 1.48354 1.48402 1.4851 1.4865 1.48809 1.49087 1.49316 1.49424 1.49391 1.49214 1.49294 1.49396 1.49531 1.49627 1.49758 1.49947 1.504 1.50954 1.51572 1.52323 1.52718 1.52436 1.51653 1.8 1.8 1.8 1.8 1.8 1.8 1.8 1.8 1.8 1.8 1.8 1.8 1.8 1.8 1.8 1.8 1.8 1.8 1.8 1.8 
1.45981 1.45438 1.45838 1.45891 1.46247 1.46742 1.46789 1.47215 1.47777 1.48147 1.48527 1.48957 1.49288 1.49875 1.5032 1.5091 1.51483 1.51837 1.52028 1.52354 1.52263 1.5238 1.52641 1.52786 1.52177 1.51549 1.50947 1.50182 1.49646 1.49247 1.4962 1.8 1.8 1.8 1.8 1.8 1.8 1.8 1.8 1.8 1.8 1.8 1.8 1.8 1.8 1.8 1.8 1.8 1.8 1.8 1.8 
1.48914 1.48657 1.49078 1.4944 1.49689 1.49913 1.50038 1.50007 1.49935 1.49984 1.49953 1.49984 1.50013 1.49954 1.49991 1.50055 1.50136 1.50191 1.50123 1.49903 1.49621 1.49375 1.4897 1.4854 1.48282 1.48078 1.47944 1.47665 1.47445 1.47067 1.47734 1.8 1.8 1.8 1.8 1.8 1.8 1.8 1.8 1.8 1.8 1.8 1.8 1.8 1.8 1.8 1.8 1.8 1.8 1.8 1.8 
1.50924 1.50861 1.50872 1.50778 1.50677 1.50615 1.50554 1.50474 1.50479 1.50225 1.5002 1.49914 1.49838 1.49698 1.495 1.49093 1.48762 1.48424 1.48178 1.48114 1.48161 1.48119 1.48317 1.48491 1.48721 1.48819 1.48666 1.48407 1.48348 1.48277 1.48816 1.8 1.8 1.8 1.8 1.8 1.8 1.8 1.8 1.8 1.8 1.8 1.8 1.8 1.8 1.8 1.8 1.8 1.8 1.8 1.8 
1.51274 1.51457 1.50962 1.50851 1.50738 1.50695 1.50757 1.50926 1.51072 1.51326 1.51381 1.51375 1.51336 1.51082 1.51024 1.51117 1.51019 1.51078 1.50929 1.50704 1.50516 1.50333 1.50114 1.49983 1.49837 1.49777 1.49781 1.49796 1.49926 1.50001 1.49983 1.8 1.8 1.8 1.8 1.8 1.8 1.8 1.8 1.8 1.8 1.8 1.8 1.8 1.8 1.8 1.8 1.8 1.8 1.8 1.8 
1.52576 1.53024 1.52506 1.51969 1.51815 1.51562 1.51756 1.51403 1.51213 1.50681 1.50386 1.50053 1.49836 1.49391 1.4916 1.48688 1.48398 1.47939 1.47679 1.47501 1.47573 1.47488 1.47273 1.4726 1.4713 1.47334 1.47618 1.4844 1.4925 1.49974 1.49568 1.8 1.8 1.8 1.8 1.8 1.8 1.8 1.8 1.8 1.8 1.8 1.8 1.8 1.8 1.8 1.8 1.8 1.8 1.8 1.8 
1.49883 1.497 1.49879 1.50048 1.49795 1.49419 1.49136 1.48731 1.48702 1.48611 1.48608 1.48576 1.48497 1.48556 1.48546 1.48679 1.48908 1.49159 1.49406 1.49544 1.49638 1.49774 1.50013 1.50377 1.50843 1.51147 1.51016 1.50818 1.50348 1.5019 1.5038 1.8 1.8 1.8 1.8 1.8 1.8 1.8 1.8 1.8 1.8 1.8 1.8 1.8 1.8 1.8 1.8 1.8 1.8 1.8 1.8 
1.52967 1.52677 1.51674 1.50907 1.50271 1.49846 1.49612 1.49287 1.48964 1.48683 1.48507 1.48051 1.4793 1.48123 1.48263 1.48397 1.48567 1.48797 1.49109 1.49515 1.49972 1.50325 1.5037 1.49999 1.4958 1.49109 1.4888 1.48661 1.48372 1.4838 1.49065 1.8 1.8 1.8 1.8 1.8 1.8 1.8 1.8 1.8 1.8 1.8 1.8 1.8 1.8 1.8 1.8 1.8 1.8 1.8 1.8 
1.48443 1.48372 1.492 1.49722 1.50078 1.50212 1.50267 1.50363 1.50455 1.50595 1.50538 1.505 1.50413 1.5014 1.49944 1.49709 1.49539 1.49195 1.48888 1.4849 1.48165 1.47906 1.47846 1.48185 1.48611 1.49086 1.49352 1.49391 1.49407 1.49661 1.50227 1.8 1.8 1.8 1.8 1.8 1.8 1.8 1.8 1.8 1.8 1.8 1.8 1.8 1.8 1.8 1.8 1.8 1.8 1.8 1.8 
1.49924 1.5034 1.50631 1.50738 1.50743 1.50765 1.50782 1.50822 1.50744 1.50871 1.50923 1.51122 1.51377 1.51415 1.51368 1.51264 1.50992 1.50896 1.50696 1.50501 1.50291 1.50109 1.49876 1.49676 1.49411 1.49125 1.48987 1.48923 1.4905 1.49435 1.49967 1.8 1.8 1.8 1.8 1.8 1.8 1.8 1.8 1.8 1.8 1.8 1.8 1.8 1.8 1.8 1.8 1.8 1.8 1.8 1.8 
1.5049 1.50875 1.50477 1.502 1.50098 1.50052 1.50074 1.50304 1.50444 1.50297 1.50121 1.49847 1.49522 1.4917 1.48894 1.48735 1.48709 1.48766 1.4881 1.48921 1.48976 1.4898 1.48798 1.48718 1.48496 1.48217 1.48144 1.48631 1.49604 1.50062 1.4955 1.8 1.8 1.8 1.8 1.8 1.8 1.8 1.8 1.8 1.8 1.8 1.8 1.8 1.8 1.8 1.8 1.8 1.8 1.8 1.8 
1.46269 1.46153 1.46511 1.46649 1.47082 1.47275 1.47347 1.4749 1.47485 1.47719 1.47842 1.48087 1.48244 1.48487 1.48582 1.48701 1.48705 1.48756 1.48979 1.49126 1.4945 1.49745 1.50141 1.50631 1.51373 1.52797 1.53973 1.54557 1.539 1.53605 1.5346 1.8 1.8 1.8 1.8 1.8 1.8 1.8 1.8 1.8 1.8 1.8 1.8 1.8 1.8 1.8 1.8 1.8 1.8 1.8 1.8 
1.49053 1.49722 1.49266 1.48748 1.48237 1.48091 1.47892 1.47704 1.47494 1.47484 1.47501 1.47629 1.47654 1.48023 1.48427 1.48772 1.49128 1.49205 1.49503 1.49601 1.4989 1.50168 1.50936 1.51522 1.51572 1.51264 1.50784 1.50653 1.50773 1.50971 1.51475 1.8 1.8 1.8 1.8 1.8 1.8 1.8 1.8 1.8 1.8 1.8 1.8 1.8 1.8 1.8 1.8 1.8 1.8 1.8 1.8 
1.48972 1.49258 1.49501 1.49376 1.49181 1.48723 1.48219 1.47916 1.47473 1.47251 1.46904 1.46769 1.46425 1.46552 1.46547 1.46638 1.46957 1.47167 1.48307 1.49171 1.50043 1.50459 1.50399 1.49986 1.49915 1.50198 1.5058 1.51382 1.51756 1.52299 1.52779 1.8 1.8 1.8 1.8 1.8 1.8 1.8 1.8 1.8 1.8 1.8 1.8 1.8 1.8 1.8 1.8 1.8 1.8 1.8 1.8 
1.47596 1.47278 1.47453 1.47758 1.48095 1.48585 1.48889 1.49314 1.4963 1.49905 1.49911 1.50106 1.50031 1.50116 1.50187 1.50497 1.5084 1.51161 1.5134 1.51259 1.51284 1.5142 1.51834 1.52198 1.52558 1.52877 1.53124 1.532 1.53052 1.53602 1.54439 1.8 1.8 1.8 1.8 1.8 1.8 1.8 1.8 1.8 1.8 1.8 1.8 1.8 1.8 1.8 1.8 1.8 1.8 1.8 1.8 
1.47744 1.48032 1.48082 1.48235 1.48507 1.49135 1.4981 1.50541 1.51212 1.52137 1.53098 1.5431 1.555 1.56809 1.57886 1.58449 1.58543 1.58452 1.58422 1.58485 1.58501 1.58474 1.5844 1.58071 1.57734 1.57411 1.57746 1.58615 1.59467 1.58468 1.57006 1.8 1.8 1.8 1.8 1.8 1.8 1.8 1.8 1.8 1.8 1.8 1.8 1.8 1.8 1.8 1.8 1.8 1.8 1.8 1.8 
1.47072 1.46817 1.47889 1.48564 1.49632 1.50289 1.50895 1.5143 1.52166 1.52949 1.53661 1.54523 1.55135 1.55882 1.56506 1.57239 1.5821 1.59033 1.59697 1.59942 1.60037 1.60015 1.60526 1.61376 1.62767 1.64014 1.63766 1.62787 1.6139 1.60617 1.60829 1.8 1.8 1.8 1.8 1.8 1.8 1.8 1.8 1.8 1.8 1.8 1.8 1.8 1.8 1.8 1.8 1.8 1.8 1.8 1.8 
1.51642 1.51421 1.51767 1.52374 1.52946 1.53565 1.54124 1.54569 1.54829 1.54927 1.54949 1.5525 1.55484 1.56296 1.56864 1.5737 1.57844 1.58344 1.58984 1.5983 1.61095 1.62785 1.64203 1.63068 1.61835 1.60751 1.60443 1.60547 1.60486 1.60594 1.61058 1.8 1.8 1.8 1.8 1.8 1.8 1.8 1.8 1.8 1.8 1.8 1.8 1.8 1.8 1.8 1.8 1.8 1.8 1.8 1.8 
1.51135 1.51178 1.51727 1.52374 1.52864 1.5328 1.53557 1.53852 1.54271 1.5479 1.55291 1.55802 1.56106 1.56737 1.57314 1.57963 1.5876 1.59703 1.61048 1.62172 1.6256 1.62298 1.62381 1.62726 1.635 1.64173 1.64205 1.64053 1.63488 1.63177 1.6344 1.8 1.8 1.8 1.8 1.8 1.8 1.8 1.8 1.8 1.8 1.8 1.8 1.8 1.8 1.8 1.8 1.8 1.8 1.8 1.8 
1.49995 1.50086 1.50112 1.50322 1.5061 1.50927 1.51364 1.51848 1.5233 1.52895 1.53511 1.54304 1.55004 1.55922 1.5677 1.57619 1.58254 1.58352 1.58217 1.58156 1.5841 1.58644 1.58987 1.59086 1.59194 1.59336 1.59895 1.60836 1.61801 1.63927 1.65113 1.8 1.8 1.8 1.8 1.8 1.8 1.8 1.8 1.8 1.8 1.8 1.8 1.8 1.8 1.8 1.8 1.8 1.8 1.8 1.8 
1.51059 1.51409 1.50958 1.5081 1.50876 1.51184 1.5159 1.51988 1.52438 1.52944 1.53521 1.54323 1.55106 1.55907 1.56308 1.56402 1.56401 1.56409 1.56643 1.56864 1.57086 1.57242 1.57456 1.57576 1.5767 1.57672 1.57768 1.58376 1.59774 1.62883 1.61618 1.8 1.8 1.8 1.8 1.8 1.8 1.8 1.8 1.8 1.8 1.8 1.8 1.8 1.8 1.8 1.8 1.8 1.8 1.8 1.8 
1.51878 1.52201 1.52395 1.526 1.52633 1.5248 1.52437 1.52567 1.5305 1.53472 1.537 1.53635 1.53283 1.5339 1.53563 1.53974 1.54607 1.55149 1.56381 1.57262 1.58004 1.58524 1.59125 1.59447 1.60265 1.61752 1.63699 1.66041 1.64801 1.63201 1.63715 1.8 1.8 1.8 1.8 1.8 1.8 1.8 1.8 1.8 1.8 1.8 1.8 1.8 1.8 1.8 1.8 1.8 1.8 1.8 1.8 
1.51224 1.51262 1.51695 1.52259 1.52969 1.53754 1.54275 1.54259 1.53654 1.53034 1.5272 1.52859 1.53009 1.53739 1.54293 1.54866 1.55406 1.55788 1.5671 1.57577 1.58706 1.59945 1.61783 1.63069 1.64033 1.63764 1.62912 1.63618 1.63598 1.64337 1.65943 1.8 1.8 1.8 1.8 1.8 1.8 1.8 1.8 1.8 1.8 1.8 1.8 1.8 1.8 1.8 1.8 1.8 1.8 1.8 1.8 
1.4969 1.5005 1.50785 1.5137 1.51685 1.51525 1.51395 1.51518 1.51997 1.52544 1.52991 1.53383 1.53484 1.5405 1.54546 1.55213 1.56071 1.56803 1.58137 1.59239 1.60316 1.6099 1.61702 1.61829 1.62442 1.63532 1.64996 1.6682 1.66361 1.675 1.68042 1.8 1.8 1.8 1.8 1.8 1.8 1.8 1.8 1.8 1.8 1.8 1.8 1.8 1.8 1.8 1.8 1.8 1.8 1.8 1.8 
1.49264 1.50003 1.49796 1.49493 1.49725 1.50088 1.50577 1.51051 1.51568 1.52148 1.52785 1.53587 1.54302 1.55163 1.55709 1.56068 1.56333 1.56487 1.56957 1.57382 1.57739 1.57962 1.58376 1.58591 1.58916 1.59183 1.59523 1.60471 1.61716 1.64035 1.63569 1.8 1.8 1.8 1.8 1.8 1.8 1.8 1.8 1.8 1.8 1.8 1.8 1.8 1.8 1.8 1.8 1.8 1.8 1.8 1.8 
1.47677 1.4791 1.4829 1.48758 1.49304 1.49859 1.50476 1.51061 1.51693 1.52331 1.53007 1.5384 1.54627 1.55668 1.56626 1.57534 1.58257 1.58856 1.58607 1.58494 1.58571 1.58721 1.58991 1.59012 1.59115 1.59327 1.59663 1.59932 1.59802 1.59915 1.61665 1.8 1.8 1.8 1.8 1.8 1.8 1.8 1.8 1.8 1.8 1.8 1.8 1.8 1.8 1.8 1.8 1.8 1.8 1.8 1.8 
1.47429 1.47659 1.48342 1.48953 1.4947 1.49937 1.50338 1.50788 1.51389 1.52058 1.52794 1.5365 1.5419 1.55191 1.55993 1.56802 1.57781 1.58766 1.60243 1.61544 1.62557 1.63116 1.63744 1.64015 1.64756 1.65287 1.6558 1.66035 1.66104 1.67204 1.66532 1.8 1.8 1.8 1.8 1.8 1.8 1.8 1.8 1.8 1.8 1.8 1.8 1.8 1.8 1.8 1.8 1.8 1.8 1.8 1.8 
1.46798 1.46469 1.47158 1.47993 1.48869 1.49744 1.50628 1.51474 1.5222 1.52853 1.53427 1.54299 1.55018 1.56346 1.57319 1.58271 1.59256 1.60144 1.61244 1.62258 1.63383 1.64669 1.66206 1.657 1.65015 1.6447 1.64371 1.64488 1.64349 1.64314 1.64485 1.8 1.8 1.8 1.8 1.8 1.8 1.8 1.8 1.8 1.8 1.8 1.8 1.8 1.8 1.8 1.8 1.8 1.8 1.8 1.8 
1.45569 1.45128 1.46263 1.46944 1.48359 1.4922 1.49981 1.50735 1.51548 1.52472 1.53425 1.54548 1.55593 1.56912 1.57992 1.58938 1.59683 1.60194 1.60685 1.61001 1.61237 1.61364 1.61771 1.62123 1.62924 1.63404 1.62829 1.61832 1.60652 1.59768 1.60341 1.8 1.8 1.8 1.8 1.8 1.8 1.8 1.8 1.8 1.8 1.8 1.8 1.8 1.8 1.8 1.8 1.8 1.8 1.8 1.8 
1.47436 1.47363 1.47474 1.47632 1.47883 1.48358 1.48892 1.4944 1.50033 1.50585 1.51134 1.51806 1.52347 1.53195 1.539 1.54596 1.5527 1.56023 1.56349 1.56686 1.56885 1.56986 1.57235 1.57167 1.5724 1.57406 1.58042 1.5916 1.60204 1.59964 1.59018 1.8 1.8 1.8 1.8 1.8 1.8 1.8 1.8 1.8 1.8 1.8 1.8 1.8 1.8 1.8 1.8 1.8 1.8 1.8 1.8 
1.49535 1.48918 1.48751 1.48711 1.48646 1.48426 1.4823 1.48124 1.48129 1.48218 1.48345 1.48484 1.48503 1.48727 1.48671 1.49059 1.49298 1.49539 1.50206 1.50858 1.51527 1.52111 1.52773 1.52964 1.532 1.53363 1.53633 1.54259 1.54811 1.55967 1.5567 1.8 1.8 1.8 1.8 1.8 1.8 1.8 1.8 1.8 1.8 1.8 1.8 1.8 1.8 1.8 1.8 1.8 1.8 1.8 1.8 
1.52264 1.49477 1.48175 1.47495 1.47291 1.47146 1.47002 1.46766 1.46406 1.46023 1.4571 1.45287 1.44968 1.45163 1.4537 1.45702 1.46128 1.46418 1.47229 1.47888 1.48637 1.49279 1.50253 1.51072 1.52246 1.53318 1.54138 1.55159 1.5558 1.56899 1.57605 1.8 1.8 1.8 1.8 1.8 1.8 1.8 1.8 1.8 1.8 1.8 1.8 1.8 1.8 1.8 1.8 1.8 1.8 1.8 1.8 
1.50596 1.5118 1.50708 1.49765 1.48873 1.48258 1.47862 1.47544 1.47315 1.47195 1.47041 1.46904 1.467 1.46685 1.4666 1.46675 1.46757 1.46773 1.46967 1.47284 1.47704 1.47963 1.48339 1.48388 1.48629 1.49103 1.49772 1.49924 1.49024 1.49297 1.50457 1.8 1.8 1.8 1.8 1.8 1.8 1.8 1.8 1.8 1.8 1.8 1.8 1.8 1.8 1.8 1.8 1.8 1.8 1.8 1.8 
1.48009 1.47608 1.47008 1.46749 1.46849 1.4673 1.46592 1.46514 1.46493 1.46556 1.4668 1.46822 1.4688 1.47218 1.47454 1.47804 1.48246 1.48632 1.49267 1.49551 1.49793 1.49801 1.50414 1.5026 1.50885 1.5086 1.51724 1.53047 1.53342 1.52173 1.52152 1.8 1.8 1.8 1.8 1.8 1.8 1.8 1.8 1.8 1.8 1.8 1.8 1.8 1.8 1.8 1.8 1.8 1.8 1.8 1.8 
1.4797 1.4757 1.47522 1.47626 1.47759 1.4798 1.48143 1.48307 1.48468 1.48545 1.48599 1.48741 1.48821 1.49028 1.49211 1.49319 1.49404 1.49444 1.49839 1.50278 1.50721 1.51066 1.51505 1.51826 1.52289 1.52745 1.53216 1.53946 1.55003 1.5762 1.55274 1.8 1.8 1.8 1.8 1.8 1.8 1.8 1.8 1.8 1.8 1.8 1.8 1.8 1.8 1.8 1.8 1.8 1.8 1.8 1.8 
1.49071 1.49064 1.49083 1.49167 1.49303 1.49521 1.49727 1.49934 1.50138 1.50321 1.50408 1.50395 1.50392 1.50338 1.50431 1.50234 1.50117 1.50093 1.50003 1.49903 1.49782 1.49546 1.49239 1.48982 1.48706 1.48545 1.48619 1.49013 1.49647 1.50686 1.51207 1.8 1.8 1.8 1.8 1.8 1.8 1.8 1.8 1.8 1.8 1.8 1.8 1.8 1.8 1.8 1.8 1.8 1.8 1.8 1.8 
1.47295 1.47131 1.47559 1.47904 1.48138 1.48265 1.48469 1.48779 1.49046 1.49281 1.49591 1.49849 1.50081 1.50362 1.50575 1.50714 1.5073 1.50577 1.50374 1.50282 1.50308 1.50387 1.50586 1.50821 1.51044 1.51121 1.5114 1.51096 1.5099 1.51189 1.51248 1.8 1.8 1.8 1.8 1.8 1.8 1.8 1.8 1.8 1.8 1.8 1.8 1.8 1.8 1.8 1.8 1.8 1.8 1.8 1.8 
1.48074 1.48007 1.48374 1.48652 1.48857 1.49118 1.49248 1.491 1.49083 1.49154 1.49282 1.49417 1.49535 1.49724 1.4979 1.499 1.50059 1.50377 1.50675 1.50904 1.51021 1.51068 1.50974 1.50815 1.50728 1.50741 1.50822 1.50896 1.50968 1.51128 1.51102 1.8 1.8 1.8 1.8 1.8 1.8 1.8 1.8 1.8 1.8 1.8 1.8 1.8 1.8 1.8 1.8 1.8 1.8 1.8 1.8 
1.50808 1.51187 1.5062 1.50568 1.5023 1.50058 1.4999 1.4987 1.49694 1.49445 1.49088 1.48775 1.48456 1.4836 1.48311 1.48391 1.48508 1.48598 1.48794 1.49001 1.49272 1.4955 1.49979 1.50304 1.50534 1.50556 1.5056 1.50532 1.50412 1.50574 1.50762 1.8 1.8 1.8 1.8 1.8 1.8 1.8 1.8 1.8 1.8 1.8 1.8 1.8 1.8 1.8 1.8 1.8 1.8 1.8 1.8 
1.50529 1.51051 1.51188 1.51113 1.50885 1.50379 1.50031 1.49758 1.49614 1.49637 1.49692 1.49794 1.49841 1.49755 1.497 1.49561 1.49445 1.49282 1.49157 1.49007 1.48878 1.48733 1.48516 1.48396 1.48351 1.48448 1.48607 1.48837 1.49103 1.49324 1.4951 1.8 1.8 1.8 1.8 1.8 1.8 1.8 1.8 1.8 1.8 1.8 1.8 1.8 1.8 1.8 1.8 1.8 1.8 1.8 1.8 
1.4986 1.49916 1.49299 1.4888 1.48683 1.48803 1.4895 1.49172 1.49306 1.49403 1.49369 1.4933 1.49268 1.49301 1.49371 1.49507 1.49648 1.49771 1.50019 1.50254 1.50501 1.50692 1.50947 1.51129 1.51374 1.51645 1.51845 1.5219 1.52401 1.5268 1.52273 1.8 1.8 1.8 1.8 1.8 1.8 1.8 1.8 1.8 1.8 1.8 1.8 1.8 1.8 1.8 1.8 1.8 1.8 1.8 1.8 
1.48123 1.47673 1.48286 1.48802 1.4919 1.49489 1.49638 1.49784 1.49903 1.50051 1.50195 1.50389 1.50615 1.50832 1.50978 1.50967 1.50963 1.50933 1.50954 1.50981 1.51041 1.51133 1.51223 1.51314 1.51381 1.51379 1.5137 1.51378 1.51374 1.51498 1.51426 1.8 1.8 1.8 1.8 1.8 1.8 1.8 1.8 1.8 1.8 1.8 1.8 1.8 1.8 1.8 1.8 1.8 1.8 1.8 1.8 
1.50106 1.50408 1.50437 1.50429 1.50423 1.50457 1.50509 1.50491 1.50477 1.50483 1.50462 1.50466 1.50463 1.50463 1.50514 1.5059 1.50686 1.50858 1.50782 1.50616 1.50361 1.50089 1.49751 1.4941 1.49114 1.48872 1.48615 1.48211 1.48 1.47767 1.48274 1.8 1.8 1.8 1.8 1.8 1.8 1.8 1.8 1.8 1.8 1.8 1.8 1.8 1.8 1.8 1.8 1.8 1.8 1.8 1.8 
1.49103 1.49128 1.49048 1.48928 1.4887 1.48746 1.48678 1.48622 1.48604 1.48625 1.4867 1.48753 1.48829 1.48957 1.49004 1.49028 1.49013 1.48957 1.4904 1.49186 1.49406 1.49636 1.49909 1.50102 1.50206 1.50271 1.50304 1.5037 1.50398 1.50621 1.50605 1.8 1.8 1.8 1.8 1.8 1.8 1.8 1.8 1.8 1.8 1.8 1.8 1.8 1.8 1.8 1.8 1.8 1.8 1.8 1.8 
1.48321 1.48121 1.48256 1.48406 1.48505 1.48771 1.48943 1.49141 1.49296 1.4947 1.4961 1.49769 1.49876 1.49989 1.50127 1.50273 1.50433 1.50574 1.50719 1.5078 1.5081 1.50818 1.50819 1.50815 1.50878 1.50929 1.50991 1.51155 1.51188 1.50989 1.50673 1.8 1.8 1.8 1.8 1.8 1.8 1.8 1.8 1.8 1.8 1.8 1.8 1.8 1.8 1.8 1.8 1.8 1.8 1.8 1.8 
1.50133 1.50194 1.5023 1.50201 1.50212 1.50225 1.50226 1.50219 1.50198 1.50149 1.50041 1.49964 1.49856 1.4971 1.49566 1.4942 1.49267 1.49126 1.49031 1.48952 1.48886 1.48848 1.48809 1.48875 1.48948 1.49076 1.49217 1.49351 1.49463 1.49743 1.4969 1.8 1.8 1.8 1.8 1.8 1.8 1.8 1.8 1.8 1.8 1.8 1.8 1.8 1.8 1.8 1.8 1.8 1.8 1.8 1.8 
1.48347 1.47641 1.47603 1.47703 1.47809 1.47774 1.47887 1.47847 1.47949 1.47964 1.48072 1.48161 1.48234 1.4849 1.48536 1.48887 1.49074 1.49323 1.49604 1.49858 1.50076 1.50287 1.50464 1.50456 1.50491 1.50518 1.50547 1.50623 1.50633 1.50648 1.50437 1.8 1.8 1.8 1.8 1.8 1.8 1.8 1.8 1.8 1.8 1.8 1.8 1.8 1.8 1.8 1.8 1.8 1.8 1.8 1.8 
1.49832 1.49779 1.49691 1.49576 1.49503 1.49418 1.494 1.49289 1.49304 1.49219 1.49232 1.49181 1.49179 1.49125 1.49087 1.49116 1.48945 1.49004 1.48662 1.48625 1.4831 1.48267 1.48064 1.48098 1.48017 1.48033 1.47939 1.47908 1.47914 1.47921 1.48099 1.8 1.8 1.8 1.8 1.8 1.8 1.8 1.8 1.8 1.8 1.8 1.8 1.8 1.8 1.8 1.8 1.8 1.8 1.8 1.8 
1.50755 1.50722 1.50576 1.5049 1.50309 1.50186 1.50097 1.49995 1.49931 1.49772 1.49616 1.49414 1.49255 1.48947 1.48707 1.48419 1.48146 1.47985 1.47616 1.47661 1.47495 1.47445 1.47284 1.47273 1.47203 1.47144 1.4715 1.47041 1.47072 1.47055 1.47352 1.8 1.8 1.8 1.8 1.8 1.8 1.8 1.8 1.8 1.8 1.8 1.8 1.8 1.8 1.8 1.8 1.8 1.8 1.8 1.8 
1.508 1.50486 1.50534 1.50624 1.50612 1.50623 1.50544 1.50496 1.5038 1.50296 1.50184 1.50001 1.49855 1.49687 1.49559 1.49494 1.49412 1.49376 1.49312 1.49268 1.49217 1.49166 1.49086 1.4906 1.4903 1.48998 1.48951 1.48923 1.48928 1.48902 1.48917 1.8 1.8 1.8 1.8 1.8 1.8 1.8 1.8 1.8 1.8 1.8 1.8 1.8 1.8 1.8 1.8 1.8 1.8 1.8 1.8 
1.52402 1.52667 1.52135 1.5197 1.51722 1.51683 1.51591 1.51454 1.51339 1.51222 1.51141 1.51034 1.51039 1.50921 1.50859 1.50774 1.50644 1.50556 1.50358 1.50225 1.50071 1.49968 1.49841 1.49777 1.49679 1.4957 1.49449 1.49264 1.49146 1.48981 1.48976 1.8 1.8 1.8 1.8 1.8 1.8 1.8 1.8 1.8 1.8 1.8 1.8 1.8 1.8 1.8 1.8 1.8 1.8 1.8 1.8 
1.52421 1.52452 1.52545 1.52315 1.52174 1.52052 1.51953 1.51878 1.51826 1.5177 1.51736 1.51623 1.51525 1.51331 1.51257 1.51092 1.50972 1.50886 1.50706 1.50575 1.5042 1.5029 1.50122 1.50035 1.49907 1.49798 1.49693 1.49519 1.49495 1.49422 1.49283 1.8 1.8 1.8 1.8 1.8 1.8 1.8 1.8 1.8 1.8 1.8 1.8 1.8 1.8 1.8 1.8 1.8 1.8 1.8 1.8 
1.52967 1.52938 1.52515 1.52261 1.52088 1.52006 1.51936 1.51897 1.51841 1.51717 1.51595 1.51447 1.51355 1.51221 1.51157 1.50996 1.50884 1.50806 1.50722 1.50609 1.50546 1.50508 1.50431 1.50414 1.50372 1.5033 1.50288 1.50216 1.50191 1.50125 1.49946 1.8 1.8 1.8 1.8 1.8 1.8 1.8 1.8 1.8 1.8 1.8 1.8 1.8 1.8 1.8 1.8 1.8 1.8 1.8 1.8 
1.5245 1.52335 1.52413 1.52634 1.5265 1.52529 1.52431 1.52316 1.52165 1.52015 1.51867 1.51695 1.51558 1.51329 1.51145 1.50982 1.50819 1.50683 1.5054 1.50426 1.5032 1.50233 1.50135 1.50142 1.50113 1.50101 1.50127 1.5012 1.50151 1.50199 1.50121 1.8 1.8 1.8 1.8 1.8 1.8 1.8 1.8 1.8 1.8 1.8 1.8 1.8 1.8 1.8 1.8 1.8 1.8 1.8 1.8 
1.52153 1.52239 1.52304 1.5223 1.52225 1.52131 1.52062 1.52018 1.51975 1.51902 1.51819 1.51718 1.51638 1.51451 1.51293 1.51134 1.5096 1.50824 1.50597 1.50418 1.50241 1.5009 1.49879 1.49758 1.49592 1.49418 1.49244 1.49036 1.48971 1.48845 1.48975 1.8 1.8 1.8 1.8 1.8 1.8 1.8 1.8 1.8 1.8 1.8 1.8 1.8 1.8 1.8 1.8 1.8 1.8 1.8 1.8 
1.51573 1.51724 1.51552 1.51568 1.51415 1.51336 1.51239 1.51137 1.51026 1.50932 1.50834 1.50713 1.50631 1.50483 1.50362 1.50253 1.50144 1.50051 1.49909 1.4979 1.49677 1.49581 1.49459 1.4941 1.49339 1.49265 1.49197 1.49104 1.49066 1.48968 1.49014 1.8 1.8 1.8 1.8 1.8 1.8 1.8 1.8 1.8 1.8 1.8 1.8 1.8 1.8 1.8 1.8 1.8 1.8 1.8 1.8 
1.50332 1.50239 1.50134 1.50069 1.49998 1.49962 1.49924 1.4989 1.49856 1.49826 1.49793 1.49753 1.49723 1.49675 1.49638 1.49607 1.49566 1.4954 1.49501 1.49502 1.49494 1.49487 1.49464 1.49458 1.49444 1.49426 1.49397 1.49357 1.49337 1.49301 1.49307 1.8 1.8 1.8 1.8 1.8 1.8 1.8 1.8 1.8 1.8 1.8 1.8 1.8 1.8 1.8 1.8 1.8 1.8 1.8 1.8 
1.49608 1.49461 1.49491 1.49497 1.49493 1.49513 1.49512 1.4951 1.49494 1.49478 1.49458 1.49432 1.49418 1.49386 1.49359 1.49332 1.49307 1.49281 1.49249 1.49218 1.49185 1.49167 1.4916 1.49177 1.49187 1.49209 1.49232 1.49251 1.49281 1.49313 1.49257 1.8 1.8 1.8 1.8 1.8 1.8 1.8 1.8 1.8 1.8 1.8 1.8 1.8 1.8 1.8 1.8 1.8 1.8 1.8 1.8 
1.49256 1.49201 1.49219 1.49197 1.49221 1.49215 1.49202 1.49173 1.4917 1.49151 1.49132 1.4911 1.49095 1.49068 1.49047 1.49025 1.49008 1.48979 1.48975 1.4896 1.48951 1.48937 1.48911 1.48903 1.48889 1.48863 1.48864 1.4887 1.48887 1.48916 1.48886 1.8 1.8 1.8 1.8 1.8 1.8 1.8 1.8 1.8 1.8 1.8 1.8 1.8 1.8 1.8 1.8 1.8 1.8 1.8 1.8 
1.48865 1.48867 1.48849 1.48827 1.4878 1.48795 1.48785 1.48787 1.48777 1.48777 1.48776 1.48774 1.48772 1.48778 1.48784 1.48787 1.48789 1.488 1.48794 1.4879 1.48788 1.48789 1.48786 1.48772 1.48756 1.48733 1.48684 1.48612 1.48539 1.48431 1.48494 1.8 1.8 1.8 1.8 1.8 1.8 1.8 1.8 1.8 1.8 1.8 1.8 1.8 1.8 1.8 1.8 1.8 1.8 1.8 1.8 
1.48527 1.48505 1.48515 1.485 1.48546 1.48553 1.4857 1.48592 1.48602 1.48604 1.48627 1.48639 1.48655 1.48662 1.48666 1.48673 1.48669 1.48665 1.48633 1.48601 1.48568 1.48534 1.48503 1.48484 1.48459 1.48444 1.48441 1.48432 1.48451 1.48467 1.48489 1.8 1.8 1.8 1.8 1.8 1.8 1.8 1.8 1.8 1.8 1.8 1.8 1.8 1.8 1.8 1.8 1.8 1.8 1.8 1.8 
1.48521 1.48524 1.48542 1.48552 1.48554 1.4855 1.48542 1.48538 1.48523 1.48512 1.48501 1.48489 1.48476 1.4845 1.4842 1.48392 1.48373 1.4836 1.48337 1.48364 1.48382 1.48399 1.48415 1.48433 1.48452 1.48475 1.4849 1.48512 1.48525 1.48544 1.48572 1.8 1.8 1.8 1.8 1.8 1.8 1.8 1.8 1.8 1.8 1.8 1.8 1.8 1.8 1.8 1.8 1.8 1.8 1.8 1.8 
1.48399 1.48401 1.48378 1.48363 1.48343 1.48332 1.48329 1.4833 1.48322 1.48318 1.48311 1.48309 1.48303 1.48321 1.48346 1.48373 1.48401 1.48428 1.48461 1.48487 1.48512 1.48531 1.48557 1.48568 1.48587 1.48603 1.48617 1.48642 1.48648 1.48659 1.48686 1.8 1.8 1.8 1.8 1.8 1.8 1.8 1.8 1.8 1.8 1.8 1.8 1.8 1.8 1.8 1.8 1.8 1.8 1.8 1.8 
1.48277 1.48231 1.48246 1.48227 1.48284 1.48294 1.48303 1.48289 1.48338 1.48367 1.48396 1.48428 1.48457 1.48499 1.4853 1.48556 1.48582 1.48602 1.48636 1.48659 1.48682 1.487 1.48725 1.48734 1.48748 1.48759 1.48772 1.48793 1.48796 1.48805 1.48828 1.8 1.8 1.8 1.8 1.8 1.8 1.8 1.8 1.8 1.8 1.8 1.8 1.8 1.8 1.8 1.8 1.8 1.8 1.8 1.8 
1.48502 1.4847 1.48493 1.48523 1.48523 1.48563 1.48587 1.48612 1.4863 1.4865 1.48666 1.48688 1.48706 1.48735 1.48758 1.48779 1.488 1.48818 1.48841 1.4886 1.48879 1.48894 1.48914 1.48922 1.48935 1.48947 1.4896 1.48978 1.48985 1.48999 1.49015 1.8 1.8 1.8 1.8 1.8 1.8 1.8 1.8 1.8 1.8 1.8 1.8 1.8 1.8 1.8 1.8 1.8 1.8 1.8 1.8 
1.48805 1.48807 1.48823 1.48839 1.48847 1.48857 1.48869 1.48882 1.48892 1.48899 1.48918 1.48935 1.48948 1.48971 1.48981 1.49007 1.49026 1.49042 1.49067 1.49083 1.49102 1.49117 1.49136 1.49144 1.49158 1.49171 1.49183 1.49202 1.49208 1.49222 1.49234 1.8 1.8 1.8 1.8 1.8 1.8 1.8 1.8 1.8 1.8 1.8 1.8 1.8 1.8 1.8 1.8 1.8 1.8 1.8 1.8 
1.4906 1.49067 1.4907 1.49088 1.491 1.4911 1.49122 1.49135 1.49146 1.49159 1.49173 1.49189 1.49202 1.49225 1.49242 1.49261 1.49279 1.49294 1.49319 1.49332 1.49349 1.49362 1.4938 1.49387 1.49398 1.49409 1.49421 1.49436 1.49442 1.49453 1.49461 1.8 1.8 1.8 1.8 1.8 1.8 1.8 1.8 1.8 1.8 1.8 1.8 1.8 1.8 1.8 1.8 1.8 1.8 1.8 1.8 
1.49334 1.49342 1.4935 1.49367 1.49373 1.49384 1.49394 1.49406 1.49414 1.49425 1.49437 1.49452 1.49463 1.49482 1.49497 1.49512 1.49527 1.49539 1.49556 1.49571 1.49585 1.49596 1.49611 1.49616 1.49626 1.49636 1.49644 1.49657 1.49662 1.49672 1.49678 1.8 1.8 1.8 1.8 1.8 1.8 1.8 1.8 1.8 1.8 1.8 1.8 1.8 1.8 1.8 1.8 1.8 1.8 1.8 1.8 
1.49607 1.49615 1.49621 1.49636 1.49647 1.49645 1.49652 1.49659 1.49667 1.49674 1.49684 1.49694 1.49702 1.49717 1.49726 1.49738 1.49749 1.49758 1.49779 1.49783 1.49794 1.49802 1.49813 1.49818 1.49826 1.49833 1.49839 1.49851 1.49855 1.49861 1.49869 1.8 1.8 1.8 1.8 1.8 1.8 1.8 1.8 1.8 1.8 1.8 1.8 1.8 1.8 1.8 1.8 1.8 1.8 1.8 1.8 
1.49801 1.49809 1.49815 1.4982 1.49839 1.49834 1.4984 1.49846 1.49852 1.49867 1.49866 1.49874 1.49881 1.49892 1.49907 1.49909 1.49918 1.49925 1.49936 1.49945 1.49953 1.4996 1.49969 1.49973 1.49979 1.49984 1.4999 1.5 1.50003 1.50008 1.50018 1.8 1.8 1.8 1.8 1.8 1.8 1.8 1.8 1.8 1.8 1.8 1.8 1.8 1.8 1.8 1.8 1.8 1.8 1.8 1.8 
1.49953 1.49961 1.49965 1.4998 1.49974 1.49981 1.49986 1.4999 1.49996 1.50001 1.50008 1.50015 1.50021 1.5003 1.50036 1.50045 1.50053 1.50058 1.50068 1.50076 1.50084 1.5009 1.50098 1.50101 1.50106 1.50111 1.50116 1.50124 1.50126 1.50131 1.5014 1.8 1.8 1.8 1.8 1.8 1.8 1.8 1.8 1.8 1.8 1.8 1.8 1.8 1.8 1.8 1.8 1.8 1.8 1.8 1.8 
1.50109 1.50115 1.50128 1.50119 1.50123 1.50128 1.50132 1.50139 1.50139 1.50141 1.50146 1.5015 1.50154 1.5016 1.50163 1.50169 1.50174 1.50183 1.50183 1.50188 1.50192 1.50195 1.502 1.50202 1.50205 1.50208 1.50211 1.50214 1.50216 1.50219 1.50223 1.8 1.8 1.8 1.8 1.8 1.8 1.8 1.8 1.8 1.8 1.8 1.8 1.8 1.8 1.8 1.8 1.8 1.8 1.8 1.8 
1.50241 1.50242 1.50239 1.50238 1.50238 1.50241 1.50241 1.50239 1.50241 1.5024 1.5024 1.5024 1.5024 1.5024 1.50239 1.5024 1.50239 1.50238 1.50238 1.50238 1.50238 1.50238 1.50237 1.50237 1.50237 1.50237 1.50237 1.50236 1.50236 1.50236 1.50235 1.8 1.8 1.8 1.8 1.8 1.8 1.8 1.8 1.8 1.8 1.8 1.8 1.8 1.8 1.8 1.8 1.8 1.8 1.8 1.8 
