10
s 55 3 201
r 35 0.01 2 13.4816 0.01
r 35.2 0.01 2 13.3497 0.01
r 35.4 0.01 2 13.2179 0.01
r 35.6 0.01 2 13.0862 0.01
r 35.8 0.01 2 12.9544 0.01
r 36 0.01 2 12.8228 0.01
r 36.2 0.01 2 12.6911 0.01
r 36.4 0.01 2 12.5594 0.01
r 36.6 0.01 2 12.4277 0.01
r 36.8 0.01 2 12.296 0.01
r 37 0.01 2 12.1644 0.01
r 37.2 0.01 2 12.033 0.01
r 37.4 0.01 2 11.9015 0.01
r 37.6 0.01 2 11.7701 0.01
r 37.8 0.01 2 11.6387 0.01
r 38 0.01 2 11.5074 0.01
r 38.2 0.01 2 11.3762 0.01
r 38.4 0.01 2 11.2452 0.01
r 38.6 0.01 2 11.1138 0.01
r 38.8 0.01 2 10.9825 0.01
r 39 0.01 2 10.8513 0.01
r 39.2 0.01 2 10.7203 0.01
r 39.4 0.01 2 10.5894 0.01
r 39.6 0.01 2 10.4585 0.01
r 39.8 0.01 2 10.3276 0.01
r 40 0.01 2 10.1968 0.01
r 40.2 0.01 2 10.0662 0.01
r 40.4 0.01 2 9.93556 0.01
r 40.6 0.01 2 9.80501 0.01
r 40.8 0.01 2 9.67437 0.01
r 41 0.01 2 9.54399 0.01
r 41.2 0.01 2 9.41368 0.01
r 41.4 0.01 2 9.28346 0.01
r 41.6 0.01 2 9.15331 0.01
r 41.8 0.01 2 9.02326 0.01
r 42 0.01 2 8.89327 0.01
r 42.2 0.01 2 8.76335 0.01
r 42.4 0.01 2 8.63394 0.01
r 42.6 0.01 2 8.50421 0.01
r 42.8 0.01 2 8.37441 0.01
r 43 0.01 2 8.24487 0.01
r 43.2 0.01 2 8.11546 0.01
r 43.4 0.01 2 7.98621 0.01
r 43.6 0.01 2 7.85712 0.01
r 43.8 0.01 2 7.72821 0.01
r 44 0.01 2 7.6006 0.01
r 44.2 0.01 2 7.47171 0.01
r 44.4 0.01 2 7.34314 0.01
r 44.6 0.01 2 7.21465 0.01
r 44.8 0.01 2 7.08628 0.01
r 45 0.01 2 6.95892 0.01
r 45.2 0.01 2 6.83098 0.01
r 45.4 0.01 2 6.70345 0.01
r 45.6 0.01 2 6.57641 0.01
r 45.8 0.01 2 6.45 0.01
r 46 0.01 2 6.32253 0.01
r 46.2 0.01 2 6.19628 0.01
r 46.4 0.01 2 6.07035 0.01
r 46.6 0.01 2 5.94425 0.01
r 46.8 0.01 2 5.8188 0.01
r 47 0.01 2 5.69376 0.01
r 47.2 0.01 2 5.56904 0.01
r 47.4 0.01 2 5.44483 0.01
r 47.6 0.01 2 5.32091 0.01
r 47.8 0.01 2 5.19764 0.01
r 48 0.01 2 5.07467 0.01
r 48.2 0.01 2 4.95239 0.01
r 48.4 0.01 2 4.83066 0.01
r 48.6 0.01 2 4.70959 0.01
r 48.8 0.01 2 4.58926 0.01
r 49 0.01 2 4.46935 0.01
r 49.2 0.01 2 4.35031 0.01
r 49.4 0.01 2 4.23252 0.01
r 49.6 0.01 2 4.11516 0.01
r 49.8 0.01 2 3.99923 0.01
r 50 0.01 2 3.88422 0.01
r 50.2 0.01 2 3.77099 0.01
r 50.4 0.01 2 3.65948 0.01
r 50.6 0.01 2 3.54679 0.01
r 50.8 0.01 2 3.43726 0.01
r 51 0.01 2 3.33075 0.01
r 51.2 0.01 2 3.22463 0.01
r 51.4 0.01 2 3.12068 0.01
r 51.6 0.01 2 3.01924 0.01
r 51.8 0.01 2 2.92058 0.01
r 52 0.01 2 2.82441 0.01
r 52.2 0.01 2 2.73165 0.01
r 52.4 0.01 2 2.6423 0.01
r 52.6 0.01 2 2.55693 0.01
r 52.8 0.01 2 2.47558 0.01
r 53 0.01 2 2.39939 0.01
r 53.2 0.01 2 2.32803 0.01
r 53.4 0.01 2 2.26214 0.01
r 53.6 0.01 2 2.20212 0.01
r 53.8 0.01 2 2.14849 0.01
r 54 0.01 2 2.10298 0.01
r 54.2 0.01 2 2.06502 0.01
r 54.4 0.01 2 2.03526 0.01
r 54.6 0.01 2 2.01401 0.01
r 54.8 0.01 2 2.00067 0.01
r 55 0.01 2 1.99585 0.01
r 55.2 0.01 2 2.00029 0.01
r 55.4 0.01 2 2.01273 0.01
r 55.6 0.01 2 2.03335 0.01
r 55.8 0.01 2 2.06357 0.01
r 56 0.01 2 2.10201 0.01
r 56.2 0.01 2 2.14797 0.01
r 56.4 0.01 2 2.20112 0.01
r 56.6 0.01 2 2.26094 0.01
r 56.8 0.01 2 2.32714 0.01
r 57 0.01 2 2.39845 0.01
r 57.2 0.01 2 2.47517 0.01
r 57.4 0.01 2 2.55648 0.01
r 57.6 0.01 2 2.6418 0.01
r 57.8 0.01 2 2.73119 0.01
r 58 0.01 2 2.82398 0.01
r 58.2 0.01 2 2.91987 0.01
r 58.4 0.01 2 3.01891 0.01
r 58.6 0.01 2 3.12036 0.01
r 58.8 0.01 2 3.224 0.01
r 59 0.01 2 3.32962 0.01
r 59.2 0.01 2 3.43737 0.01
r 59.4 0.01 2 3.54681 0.01
r 59.6 0.01 2 3.65775 0.01
r 59.8 0.01 2 3.77017 0.01
r 60 0.01 2 3.88398 0.01
r 60.2 0.01 2 3.99897 0.01
r 60.4 0.01 2 4.11513 0.01
r 60.6 0.01 2 4.23229 0.01
r 60.8 0.01 2 4.3504 0.01
r 61 0.01 2 4.47142 0.01
r 61.2 0.01 2 4.58922 0.01
r 61.4 0.01 2 4.70967 0.01
r 61.6 0.01 2 4.83193 0.01
r 61.8 0.01 2 4.9528 0.01
r 62 0.01 2 5.07469 0.01
r 62.2 0.01 2 5.19757 0.01
r 62.4 0.01 2 5.32102 0.01
r 62.6 0.01 2 5.44489 0.01
r 62.8 0.01 2 5.56953 0.01
r 63 0.01 2 5.69507 0.01
r 63.2 0.01 2 5.81969 0.01
r 63.4 0.01 2 5.94489 0.01
r 63.6 0.01 2 6.07049 0.01
r 63.8 0.01 2 6.19624 0.01
r 64 0.01 2 6.32254 0.01
r 64.2 0.01 2 6.44921 0.01
r 64.4 0.01 2 6.57616 0.01
r 64.6 0.01 2 6.70335 0.01
r 64.8 0.01 2 6.83081 0.01
r 65 0.01 2 6.95835 0.01
r 65.2 0.01 2 7.08625 0.01
r 65.4 0.01 2 7.21422 0.01
r 65.6 0.01 2 7.34265 0.01
r 65.8 0.01 2 7.47087 0.01
r 66 0.01 2 7.59946 0.01
r 66.2 0.01 2 7.72819 0.01
r 66.4 0.01 2 7.85709 0.01
r 66.6 0.01 2 7.98614 0.01
r 66.8 0.01 2 8.11531 0.01
r 67 0.01 2 8.24468 0.01
r 67.2 0.01 2 8.37407 0.01
r 67.4 0.01 2 8.50363 0.01
r 67.6 0.01 2 8.6333 0.01
r 67.8 0.01 2 8.76309 0.01
r 68 0.01 2 8.8936 0.01
r 68.2 0.01 2 9.02376 0.01
r 68.4 0.01 2 9.1535 0.01
r 68.6 0.01 2 9.28346 0.01
r 68.8 0.01 2 9.41361 0.01
r 69 0.01 2 9.54385 0.01
r 69.2 0.01 2 9.67431 0.01
r 69.4 0.01 2 9.80491 0.01
r 69.6 0.01 2 9.93554 0.01
r 69.8 0.01 2 10.0663 0.01
r 70 0.01 2 10.197 0.01
r 70.2 0.01 2 10.3276 0.01
r 70.4 0.01 2 10.4584 0.01
r 70.6 0.01 2 10.5893 0.01
r 70.8 0.01 2 10.7203 0.01
r 71 0.01 2 10.8514 0.01
r 71.2 0.01 2 10.9824 0.01
r 71.4 0.01 2 11.1136 0.01
r 71.6 0.01 2 11.2449 0.01
r 71.8 0.01 2 11.3764 0.01
r 72 0.01 2 11.5076 0.01
r 72.2 0.01 2 11.6388 0.01
r 72.4 0.01 2 11.7701 0.01
r 72.6 0.01 2 11.9015 0.01
r 72.8 0.01 2 12.0329 0.01
r 73 0.01 2 12.1645 0.01
r 73.2 0.01 2 12.296 0.01
r 73.4 0.01 2 12.4276 0.01
r 73.6 0.01 2 12.5593 0.01
r 73.8 0.01 2 12.6914 0.01
r 74 0.01 2 12.8229 0.01
r 74.2 0.01 2 12.9545 0.01
r 74.4 0.01 2 13.0862 0.01
r 74.6 0.01 2 13.2179 0.01
r 74.8 0.01 2 13.3497 0.01
r 75 0.01 2 13.4815 0.01
s 65 3 201
r 45 0.01 2 13.4816 0.01
r 45.2 0.01 2 13.3497 0.01
r 45.4 0.01 2 13.2179 0.01
r 45.6 0.01 2 13.0862 0.01
r 45.8 0.01 2 12.9544 0.01
r 46 0.01 2 12.8228 0.01
r 46.2 0.01 2 12.6911 0.01
r 46.4 0.01 2 12.5594 0.01
r 46.6 0.01 2 12.4277 0.01
r 46.8 0.01 2 12.296 0.01
r 47 0.01 2 12.1644 0.01
r 47.2 0.01 2 12.033 0.01
r 47.4 0.01 2 11.9015 0.01
r 47.6 0.01 2 11.7701 0.01
r 47.8 0.01 2 11.6387 0.01
r 48 0.01 2 11.5074 0.01
r 48.2 0.01 2 11.3762 0.01
r 48.4 0.01 2 11.2452 0.01
r 48.6 0.01 2 11.1138 0.01
r 48.8 0.01 2 10.9825 0.01
r 49 0.01 2 10.8513 0.01
r 49.2 0.01 2 10.7203 0.01
r 49.4 0.01 2 10.5894 0.01
r 49.6 0.01 2 10.4585 0.01
r 49.8 0.01 2 10.3276 0.01
r 50 0.01 2 10.1968 0.01
r 50.2 0.01 2 10.0662 0.01
r 50.4 0.01 2 9.93556 0.01
r 50.6 0.01 2 9.80501 0.01
r 50.8 0.01 2 9.67437 0.01
r 51 0.01 2 9.54399 0.01
r 51.2 0.01 2 9.41368 0.01
r 51.4 0.01 2 9.28346 0.01
r 51.6 0.01 2 9.15331 0.01
r 51.8 0.01 2 9.02326 0.01
r 52 0.01 2 8.89327 0.01
r 52.2 0.01 2 8.76335 0.01
r 52.4 0.01 2 8.63394 0.01
r 52.6 0.01 2 8.50421 0.01
r 52.8 0.01 2 8.37441 0.01
r 53 0.01 2 8.24487 0.01
r 53.2 0.01 2 8.11546 0.01
r 53.4 0.01 2 7.98621 0.01
r 53.6 0.01 2 7.85712 0.01
r 53.8 0.01 2 7.72821 0.01
r 54 0.01 2 7.6006 0.01
r 54.2 0.01 2 7.47171 0.01
r 54.4 0.01 2 7.34314 0.01
r 54.6 0.01 2 7.21465 0.01
r 54.8 0.01 2 7.08628 0.01
r 55 0.01 2 6.95892 0.01
r 55.2 0.01 2 6.83098 0.01
r 55.4 0.01 2 6.70345 0.01
r 55.6 0.01 2 6.57641 0.01
r 55.8 0.01 2 6.45 0.01
r 56 0.01 2 6.32253 0.01
r 56.2 0.01 2 6.19628 0.01
r 56.4 0.01 2 6.07035 0.01
r 56.6 0.01 2 5.94425 0.01
r 56.8 0.01 2 5.8188 0.01
r 57 0.01 2 5.69376 0.01
r 57.2 0.01 2 5.56904 0.01
r 57.4 0.01 2 5.44483 0.01
r 57.6 0.01 2 5.32091 0.01
r 57.8 0.01 2 5.19764 0.01
r 58 0.01 2 5.07467 0.01
r 58.2 0.01 2 4.95239 0.01
r 58.4 0.01 2 4.83066 0.01
r 58.6 0.01 2 4.70959 0.01
r 58.8 0.01 2 4.58926 0.01
r 59 0.01 2 4.46935 0.01
r 59.2 0.01 2 4.35031 0.01
r 59.4 0.01 2 4.23252 0.01
r 59.6 0.01 2 4.11516 0.01
r 59.8 0.01 2 3.99923 0.01
r 60 0.01 2 3.88422 0.01
r 60.2 0.01 2 3.77099 0.01
r 60.4 0.01 2 3.65948 0.01
r 60.6 0.01 2 3.54679 0.01
r 60.8 0.01 2 3.43726 0.01
r 61 0.01 2 3.33075 0.01
r 61.2 0.01 2 3.22463 0.01
r 61.4 0.01 2 3.12068 0.01
r 61.6 0.01 2 3.01924 0.01
r 61.8 0.01 2 2.92058 0.01
r 62 0.01 2 2.82441 0.01
r 62.2 0.01 2 2.73165 0.01
r 62.4 0.01 2 2.6423 0.01
r 62.6 0.01 2 2.55693 0.01
r 62.8 0.01 2 2.47558 0.01
r 63 0.01 2 2.39939 0.01
r 63.2 0.01 2 2.32803 0.01
r 63.4 0.01 2 2.26214 0.01
r 63.6 0.01 2 2.20212 0.01
r 63.8 0.01 2 2.14849 0.01
r 64 0.01 2 2.10298 0.01
r 64.2 0.01 2 2.06502 0.01
r 64.4 0.01 2 2.03526 0.01
r 64.6 0.01 2 2.01401 0.01
r 64.8 0.01 2 2.00067 0.01
r 65 0.01 2 1.99585 0.01
r 65.2 0.01 2 2.00029 0.01
r 65.4 0.01 2 2.01273 0.01
r 65.6 0.01 2 2.03335 0.01
r 65.8 0.01 2 2.06357 0.01
r 66 0.01 2 2.10201 0.01
r 66.2 0.01 2 2.14797 0.01
r 66.4 0.01 2 2.20112 0.01
r 66.6 0.01 2 2.26094 0.01
r 66.8 0.01 2 2.32714 0.01
r 67 0.01 2 2.39845 0.01
r 67.2 0.01 2 2.47517 0.01
r 67.4 0.01 2 2.55648 0.01
r 67.6 0.01 2 2.6418 0.01
r 67.8 0.01 2 2.73119 0.01
r 68 0.01 2 2.82398 0.01
r 68.2 0.01 2 2.91987 0.01
r 68.4 0.01 2 3.01891 0.01
r 68.6 0.01 2 3.12036 0.01
r 68.8 0.01 2 3.224 0.01
r 69 0.01 2 3.32962 0.01
r 69.2 0.01 2 3.43737 0.01
r 69.4 0.01 2 3.54681 0.01
r 69.6 0.01 2 3.65775 0.01
r 69.8 0.01 2 3.77017 0.01
r 70 0.01 2 3.88398 0.01
r 70.2 0.01 2 3.99897 0.01
r 70.4 0.01 2 4.11513 0.01
r 70.6 0.01 2 4.23229 0.01
r 70.8 0.01 2 4.3504 0.01
r 71 0.01 2 4.47142 0.01
r 71.2 0.01 2 4.58922 0.01
r 71.4 0.01 2 4.70967 0.01
r 71.6 0.01 2 4.83193 0.01
r 71.8 0.01 2 4.9528 0.01
r 72 0.01 2 5.07469 0.01
r 72.2 0.01 2 5.19757 0.01
r 72.4 0.01 2 5.32102 0.01
r 72.6 0.01 2 5.44489 0.01
r 72.8 0.01 2 5.56953 0.01
r 73 0.01 2 5.69507 0.01
r 73.2 0.01 2 5.81969 0.01
r 73.4 0.01 2 5.94489 0.01
r 73.6 0.01 2 6.07049 0.01
r 73.8 0.01 2 6.19624 0.01
r 74 0.01 2 6.32254 0.01
r 74.2 0.01 2 6.44921 0.01
r 74.4 0.01 2 6.57616 0.01
r 74.6 0.01 2 6.70335 0.01
r 74.8 0.01 2 6.83081 0.01
r 75 0.01 2 6.95835 0.01
r 75.2 0.01 2 7.08625 0.01
r 75.4 0.01 2 7.21422 0.01
r 75.6 0.01 2 7.34265 0.01
r 75.8 0.01 2 7.47087 0.01
r 76 0.01 2 7.59946 0.01
r 76.2 0.01 2 7.72819 0.01
r 76.4 0.01 2 7.85709 0.01
r 76.6 0.01 2 7.98614 0.01
r 76.8 0.01 2 8.11531 0.01
r 77 0.01 2 8.24468 0.01
r 77.2 0.01 2 8.37407 0.01
r 77.4 0.01 2 8.50363 0.01
r 77.6 0.01 2 8.6333 0.01
r 77.8 0.01 2 8.76309 0.01
r 78 0.01 2 8.8936 0.01
r 78.2 0.01 2 9.02376 0.01
r 78.4 0.01 2 9.1535 0.01
r 78.6 0.01 2 9.28346 0.01
r 78.8 0.01 2 9.41361 0.01
r 79 0.01 2 9.54385 0.01
r 79.2 0.01 2 9.67431 0.01
r 79.4 0.01 2 9.80491 0.01
r 79.6 0.01 2 9.93554 0.01
r 79.8 0.01 2 10.0663 0.01
r 80 0.01 2 10.197 0.01
r 80.2 0.01 2 10.3276 0.01
r 80.4 0.01 2 10.4584 0.01
r 80.6 0.01 2 10.5893 0.01
r 80.8 0.01 2 10.7203 0.01
r 81 0.01 2 10.8514 0.01
r 81.2 0.01 2 10.9824 0.01
r 81.4 0.01 2 11.1136 0.01
r 81.6 0.01 2 11.2449 0.01
r 81.8 0.01 2 11.3764 0.01
r 82 0.01 2 11.5076 0.01
r 82.2 0.01 2 11.6388 0.01
r 82.4 0.01 2 11.7701 0.01
r 82.6 0.01 2 11.9015 0.01
r 82.8 0.01 2 12.0329 0.01
r 83 0.01 2 12.1645 0.01
r 83.2 0.01 2 12.296 0.01
r 83.4 0.01 2 12.4276 0.01
r 83.6 0.01 2 12.5593 0.01
r 83.8 0.01 2 12.6914 0.01
r 84 0.01 2 12.8229 0.01
r 84.2 0.01 2 12.9545 0.01
r 84.4 0.01 2 13.0862 0.01
r 84.6 0.01 2 13.2179 0.01
r 84.8 0.01 2 13.3497 0.01
r 85 0.01 2 13.4815 0.01
s 75 3 201
r 55 0.01 2 13.4816 0.01
r 55.2 0.01 2 13.3497 0.01
r 55.4 0.01 2 13.2179 0.01
r 55.6 0.01 2 13.0862 0.01
r 55.8 0.01 2 12.9544 0.01
r 56 0.01 2 12.8228 0.01
r 56.2 0.01 2 12.6911 0.01
r 56.4 0.01 2 12.5594 0.01
r 56.6 0.01 2 12.4277 0.01
r 56.8 0.01 2 12.296 0.01
r 57 0.01 2 12.1644 0.01
r 57.2 0.01 2 12.033 0.01
r 57.4 0.01 2 11.9015 0.01
r 57.6 0.01 2 11.7701 0.01
r 57.8 0.01 2 11.6387 0.01
r 58 0.01 2 11.5074 0.01
r 58.2 0.01 2 11.3762 0.01
r 58.4 0.01 2 11.2452 0.01
r 58.6 0.01 2 11.1138 0.01
r 58.8 0.01 2 10.9825 0.01
r 59 0.01 2 10.8513 0.01
r 59.2 0.01 2 10.7203 0.01
r 59.4 0.01 2 10.5894 0.01
r 59.6 0.01 2 10.4585 0.01
r 59.8 0.01 2 10.3276 0.01
r 60 0.01 2 10.1968 0.01
r 60.2 0.01 2 10.0662 0.01
r 60.4 0.01 2 9.93556 0.01
r 60.6 0.01 2 9.80501 0.01
r 60.8 0.01 2 9.67437 0.01
r 61 0.01 2 9.54399 0.01
r 61.2 0.01 2 9.41368 0.01
r 61.4 0.01 2 9.28346 0.01
r 61.6 0.01 2 9.15331 0.01
r 61.8 0.01 2 9.02326 0.01
r 62 0.01 2 8.89327 0.01
r 62.2 0.01 2 8.76335 0.01
r 62.4 0.01 2 8.63394 0.01
r 62.6 0.01 2 8.50421 0.01
r 62.8 0.01 2 8.37441 0.01
r 63 0.01 2 8.24487 0.01
r 63.2 0.01 2 8.11546 0.01
r 63.4 0.01 2 7.98621 0.01
r 63.6 0.01 2 7.85712 0.01
r 63.8 0.01 2 7.72821 0.01
r 64 0.01 2 7.6006 0.01
r 64.2 0.01 2 7.47171 0.01
r 64.4 0.01 2 7.34314 0.01
r 64.6 0.01 2 7.21465 0.01
r 64.8 0.01 2 7.08628 0.01
r 65 0.01 2 6.95892 0.01
r 65.2 0.01 2 6.83098 0.01
r 65.4 0.01 2 6.70345 0.01
r 65.6 0.01 2 6.57641 0.01
r 65.8 0.01 2 6.45 0.01
r 66 0.01 2 6.32253 0.01
r 66.2 0.01 2 6.19628 0.01
r 66.4 0.01 2 6.07035 0.01
r 66.6 0.01 2 5.94425 0.01
r 66.8 0.01 2 5.8188 0.01
r 67 0.01 2 5.69376 0.01
r 67.2 0.01 2 5.56904 0.01
r 67.4 0.01 2 5.44483 0.01
r 67.6 0.01 2 5.32091 0.01
r 67.8 0.01 2 5.19764 0.01
r 68 0.01 2 5.07467 0.01
r 68.2 0.01 2 4.95239 0.01
r 68.4 0.01 2 4.83066 0.01
r 68.6 0.01 2 4.70959 0.01
r 68.8 0.01 2 4.58926 0.01
r 69 0.01 2 4.46935 0.01
r 69.2 0.01 2 4.35031 0.01
r 69.4 0.01 2 4.23252 0.01
r 69.6 0.01 2 4.11516 0.01
r 69.8 0.01 2 3.99923 0.01
r 70 0.01 2 3.88422 0.01
r 70.2 0.01 2 3.77099 0.01
r 70.4 0.01 2 3.65948 0.01
r 70.6 0.01 2 3.54679 0.01
r 70.8 0.01 2 3.43726 0.01
r 71 0.01 2 3.33075 0.01
r 71.2 0.01 2 3.22463 0.01
r 71.4 0.01 2 3.12068 0.01
r 71.6 0.01 2 3.01924 0.01
r 71.8 0.01 2 2.92058 0.01
r 72 0.01 2 2.82441 0.01
r 72.2 0.01 2 2.73165 0.01
r 72.4 0.01 2 2.6423 0.01
r 72.6 0.01 2 2.55693 0.01
r 72.8 0.01 2 2.47558 0.01
r 73 0.01 2 2.39939 0.01
r 73.2 0.01 2 2.32803 0.01
r 73.4 0.01 2 2.26214 0.01
r 73.6 0.01 2 2.20212 0.01
r 73.8 0.01 2 2.14849 0.01
r 74 0.01 2 2.10298 0.01
r 74.2 0.01 2 2.06502 0.01
r 74.4 0.01 2 2.03526 0.01
r 74.6 0.01 2 2.01401 0.01
r 74.8 0.01 2 2.00067 0.01
r 75 0.01 2 1.99585 0.01
r 75.2 0.01 2 2.00029 0.01
r 75.4 0.01 2 2.01273 0.01
r 75.6 0.01 2 2.03335 0.01
r 75.8 0.01 2 2.06357 0.01
r 76 0.01 2 2.10201 0.01
r 76.2 0.01 2 2.14797 0.01
r 76.4 0.01 2 2.20112 0.01
r 76.6 0.01 2 2.26094 0.01
r 76.8 0.01 2 2.32714 0.01
r 77 0.01 2 2.39845 0.01
r 77.2 0.01 2 2.47517 0.01
r 77.4 0.01 2 2.55648 0.01
r 77.6 0.01 2 2.6418 0.01
r 77.8 0.01 2 2.73119 0.01
r 78 0.01 2 2.82398 0.01
r 78.2 0.01 2 2.91987 0.01
r 78.4 0.01 2 3.01891 0.01
r 78.6 0.01 2 3.12036 0.01
r 78.8 0.01 2 3.224 0.01
r 79 0.01 2 3.32962 0.01
r 79.2 0.01 2 3.43737 0.01
r 79.4 0.01 2 3.54681 0.01
r 79.6 0.01 2 3.65775 0.01
r 79.8 0.01 2 3.77017 0.01
r 80 0.01 2 3.88398 0.01
r 80.2 0.01 2 3.99897 0.01
r 80.4 0.01 2 4.11513 0.01
r 80.6 0.01 2 4.23229 0.01
r 80.8 0.01 2 4.3504 0.01
r 81 0.01 2 4.47142 0.01
r 81.2 0.01 2 4.58922 0.01
r 81.4 0.01 2 4.70967 0.01
r 81.6 0.01 2 4.83193 0.01
r 81.8 0.01 2 4.9528 0.01
r 82 0.01 2 5.07469 0.01
r 82.2 0.01 2 5.19757 0.01
r 82.4 0.01 2 5.32102 0.01
r 82.6 0.01 2 5.44489 0.01
r 82.8 0.01 2 5.56953 0.01
r 83 0.01 2 5.69498 0.01
r 83.2 0.01 2 5.81977 0.01
r 83.4 0.01 2 5.94492 0.01
r 83.6 0.01 2 6.07049 0.01
r 83.8 0.01 2 6.19625 0.01
r 84 0.01 2 6.32253 0.01
r 84.2 0.01 2 6.44921 0.01
r 84.4 0.01 2 6.57616 0.01
r 84.6 0.01 2 6.70335 0.01
r 84.8 0.01 2 6.83081 0.01
r 85 0.01 2 6.95872 0.01
r 85.2 0.01 2 7.0867 0.01
r 85.4 0.01 2 7.21462 0.01
r 85.6 0.01 2 7.34267 0.01
r 85.8 0.01 2 7.47101 0.01
r 86 0.01 2 7.59949 0.01
r 86.2 0.01 2 7.72822 0.01
r 86.4 0.01 2 7.85718 0.01
r 86.6 0.01 2 7.98622 0.01
r 86.8 0.01 2 8.11556 0.01
r 87 0.01 2 8.24548 0.01
r 87.2 0.01 2 8.37472 0.01
r 87.4 0.01 2 8.50784 0.01
r 87.6 0.01 2 8.63045 0.01
r 87.8 0.01 2 8.75281 0.01
r 88 0.01 2 8.87068 0.01
r 88.2 0.01 2 8.98952 0.01
r 88.4 0.01 2 9.10864 0.01
r 88.6 0.01 2 9.2276 0.01
r 88.8 0.01 2 9.34658 0.01
r 89 0.01 2 9.46596 0.01
r 89.2 0.01 2 9.58476 0.01
r 89.4 0.01 2 9.70449 0.01
r 89.6 0.01 2 9.82339 0.01
r 89.8 0.01 2 9.94299 0.01
r 90 0.01 2 10.0623 0.01
r 90.2 0.01 2 10.1819 0.01
r 90.4 0.01 2 10.3017 0.01
r 90.6 0.01 2 10.4214 0.01
r 90.8 0.01 2 10.5417 0.01
r 91 0.01 2 10.6611 0.01
r 91.2 0.01 2 10.7812 0.01
r 91.4 0.01 2 10.9017 0.01
r 91.6 0.01 2 11.0203 0.01
r 91.8 0.01 2 11.1421 0.01
r 92 0.01 2 11.2626 0.01
r 92.2 0.01 2 11.381 0.01
r 92.4 0.01 2 11.5022 0.01
r 92.6 0.01 2 11.6213 0.01
r 92.8 0.01 2 11.7428 0.01
r 93 0.01 2 11.8607 0.01
r 93.2 0.01 2 11.9816 0.01
r 93.4 0.01 2 12.102 0.01
r 93.6 0.01 2 12.2223 0.01
r 93.8 0.01 2 12.3433 0.01
r 94 0.01 2 12.4632 0.01
r 94.2 0.01 2 12.5847 0.01
r 94.4 0.01 2 12.7048 0.01
r 94.6 0.01 2 12.8249 0.01
r 94.8 0.01 2 12.9467 0.01
r 95 0.01 2 13.0637 0.01
s 85 3 201
r 65 0.01 2 13.4816 0.01
r 65.2 0.01 2 13.3497 0.01
r 65.4 0.01 2 13.2179 0.01
r 65.6 0.01 2 13.0862 0.01
r 65.8 0.01 2 12.9544 0.01
r 66 0.01 2 12.8228 0.01
r 66.2 0.01 2 12.6911 0.01
r 66.4 0.01 2 12.5594 0.01
r 66.6 0.01 2 12.4277 0.01
r 66.8 0.01 2 12.296 0.01
r 67 0.01 2 12.1644 0.01
r 67.2 0.01 2 12.033 0.01
r 67.4 0.01 2 11.9015 0.01
r 67.6 0.01 2 11.7701 0.01
r 67.8 0.01 2 11.6387 0.01
r 68 0.01 2 11.5074 0.01
r 68.2 0.01 2 11.3762 0.01
r 68.4 0.01 2 11.2452 0.01
r 68.6 0.01 2 11.1138 0.01
r 68.8 0.01 2 10.9825 0.01
r 69 0.01 2 10.8513 0.01
r 69.2 0.01 2 10.7203 0.01
r 69.4 0.01 2 10.5894 0.01
r 69.6 0.01 2 10.4585 0.01
r 69.8 0.01 2 10.3276 0.01
r 70 0.01 2 10.1968 0.01
r 70.2 0.01 2 10.0662 0.01
r 70.4 0.01 2 9.93556 0.01
r 70.6 0.01 2 9.80501 0.01
r 70.8 0.01 2 9.67437 0.01
r 71 0.01 2 9.54399 0.01
r 71.2 0.01 2 9.41368 0.01
r 71.4 0.01 2 9.28346 0.01
r 71.6 0.01 2 9.15331 0.01
r 71.8 0.01 2 9.02326 0.01
r 72 0.01 2 8.89327 0.01
r 72.2 0.01 2 8.76335 0.01
r 72.4 0.01 2 8.63394 0.01
r 72.6 0.01 2 8.50421 0.01
r 72.8 0.01 2 8.37441 0.01
r 73 0.01 2 8.24487 0.01
r 73.2 0.01 2 8.11546 0.01
r 73.4 0.01 2 7.98621 0.01
r 73.6 0.01 2 7.85712 0.01
r 73.8 0.01 2 7.72821 0.01
r 74 0.01 2 7.6006 0.01
r 74.2 0.01 2 7.47171 0.01
r 74.4 0.01 2 7.34314 0.01
r 74.6 0.01 2 7.21465 0.01
r 74.8 0.01 2 7.08628 0.01
r 75 0.01 2 6.95875 0.01
r 75.2 0.01 2 6.83109 0.01
r 75.4 0.01 2 6.70364 0.01
r 75.6 0.01 2 6.57656 0.01
r 75.8 0.01 2 6.44977 0.01
r 76 0.01 2 6.32304 0.01
r 76.2 0.01 2 6.19666 0.01
r 76.4 0.01 2 6.07063 0.01
r 76.6 0.01 2 5.94497 0.01
r 76.8 0.01 2 5.81968 0.01
r 77 0.01 2 5.69398 0.01
r 77.2 0.01 2 5.56928 0.01
r 77.4 0.01 2 5.44496 0.01
r 77.6 0.01 2 5.32108 0.01
r 77.8 0.01 2 5.19781 0.01
r 78 0.01 2 5.07479 0.01
r 78.2 0.01 2 4.95246 0.01
r 78.4 0.01 2 4.8307 0.01
r 78.6 0.01 2 4.70959 0.01
r 78.8 0.01 2 4.58909 0.01
r 79 0.01 2 4.46965 0.01
r 79.2 0.01 2 4.35073 0.01
r 79.4 0.01 2 4.23283 0.01
r 79.6 0.01 2 4.11578 0.01
r 79.8 0.01 2 3.99943 0.01
r 80 0.01 2 3.88428 0.01
r 80.2 0.01 2 3.77061 0.01
r 80.4 0.01 2 3.65821 0.01
r 80.6 0.01 2 3.54711 0.01
r 80.8 0.01 2 3.43753 0.01
r 81 0.01 2 3.32994 0.01
r 81.2 0.01 2 3.22403 0.01
r 81.4 0.01 2 3.12032 0.01
r 81.6 0.01 2 3.01896 0.01
r 81.8 0.01 2 2.92022 0.01
r 82 0.01 2 2.82404 0.01
r 82.2 0.01 2 2.73094 0.01
r 82.4 0.01 2 2.64104 0.01
r 82.6 0.01 2 2.55483 0.01
r 82.8 0.01 2 2.47222 0.01
r 83 0.01 2 2.39403 0.01
r 83.2 0.01 2 2.32053 0.01
r 83.4 0.01 2 2.25214 0.01
r 83.6 0.01 2 2.18956 0.01
r 83.8 0.01 2 2.13234 0.01
r 84 0.01 2 2.08269 0.01
r 84.2 0.01 2 2.04103 0.01
r 84.4 0.01 2 2.00812 0.01
r 84.6 0.01 2 1.98264 0.01
r 84.8 0.01 2 1.96593 0.01
r 85 0.01 2 1.96091 0.01
r 85.2 0.01 2 1.96151 0.01
r 85.4 0.01 2 1.96964 0.01
r 85.6 0.01 2 1.98716 0.01
r 85.8 0.01 2 2.0132 0.01
r 86 0.01 2 2.04721 0.01
r 86.2 0.01 2 2.08843 0.01
r 86.4 0.01 2 2.1365 0.01
r 86.6 0.01 2 2.19167 0.01
r 86.8 0.01 2 2.25444 0.01
r 87 0.01 2 2.3212 0.01
r 87.2 0.01 2 2.39415 0.01
r 87.4 0.01 2 2.47113 0.01
r 87.6 0.01 2 2.55257 0.01
r 87.8 0.01 2 2.63769 0.01
r 88 0.01 2 2.72664 0.01
r 88.2 0.01 2 2.81866 0.01
r 88.4 0.01 2 2.91353 0.01
r 88.6 0.01 2 3.01087 0.01
r 88.8 0.01 2 3.11025 0.01
r 89 0.01 2 3.21235 0.01
r 89.2 0.01 2 3.31517 0.01
r 89.4 0.01 2 3.41996 0.01
r 89.6 0.01 2 3.52641 0.01
r 89.8 0.01 2 3.63416 0.01
r 90 0.01 2 3.74327 0.01
r 90.2 0.01 2 3.85391 0.01
r 90.4 0.01 2 3.96464 0.01
r 90.6 0.01 2 4.07573 0.01
r 90.8 0.01 2 4.1893 0.01
r 91 0.01 2 4.30141 0.01
r 91.2 0.01 2 4.41562 0.01
r 91.4 0.01 2 4.52984 0.01
r 91.6 0.01 2 4.64583 0.01
r 91.8 0.01 2 4.76104 0.01
r 92 0.01 2 4.87684 0.01
r 92.2 0.01 2 4.9927 0.01
r 92.4 0.01 2 5.1099 0.01
r 92.6 0.01 2 5.22696 0.01
r 92.8 0.01 2 5.34534 0.01
r 93 0.01 2 5.46157 0.01
r 93.2 0.01 2 5.57965 0.01
r 93.4 0.01 2 5.69787 0.01
r 93.6 0.01 2 5.8165 0.01
r 93.8 0.01 2 5.93482 0.01
r 94 0.01 2 6.05387 0.01
r 94.2 0.01 2 6.17331 0.01
r 94.4 0.01 2 6.29178 0.01
r 94.6 0.01 2 6.41038 0.01
r 94.8 0.01 2 6.53058 0.01
r 95 0.01 2 6.64928 0.01
r 95.2 0.01 2 6.76843 0.01
r 95.4 0.01 2 6.88799 0.01
r 95.6 0.01 2 7.00793 0.01
r 95.8 0.01 2 7.12756 0.01
r 96 0.01 2 7.24718 0.01
r 96.2 0.01 2 7.36763 0.01
r 96.4 0.01 2 7.48818 0.01
r 96.6 0.01 2 7.60743 0.01
r 96.8 0.01 2 7.72734 0.01
r 97 0.01 2 7.84758 0.01
r 97.2 0.01 2 7.968 0.01
r 97.4 0.01 2 8.08827 0.01
r 97.6 0.01 2 8.20848 0.01
r 97.8 0.01 2 8.32882 0.01
r 98 0.01 2 8.44852 0.01
r 98.2 0.01 2 8.57028 0.01
r 98.4 0.01 2 8.68984 0.01
r 98.6 0.01 2 8.81058 0.01
r 98.8 0.01 2 8.93068 0.01
r 99 0.01 2 9.05555 0.01
r 99.2 0.01 2 9.17439 0.01
r 99.4 0.01 2 9.29704 0.01
r 99.6 0.01 2 9.41482 0.01
r 99.8 0.01 2 9.53663 0.01
r 100 0.01 2 9.65724 0.01
r 100.2 0.01 2 9.77688 0.01
r 100.4 0.01 2 9.89846 0.01
r 100.6 0.01 2 10.0202 0.01
r 100.8 0.01 2 10.1374 0.01
r 101 0.01 2 10.2587 0.01
r 101.2 0.01 2 10.3817 0.01
r 101.4 0.01 2 10.5051 0.01
r 101.6 0.01 2 10.6246 0.01
r 101.8 0.01 2 10.7463 0.01
r 102 0.01 2 10.865 0.01
r 102.2 0.01 2 10.9865 0.01
r 102.4 0.01 2 11.112 0.01
r 102.6 0.01 2 11.2307 0.01
r 102.8 0.01 2 11.3514 0.01
r 103 0.01 2 11.4712 0.01
r 103.2 0.01 2 11.5918 0.01
r 103.4 0.01 2 11.7136 0.01
r 103.6 0.01 2 11.8329 0.01
r 103.8 0.01 2 11.9552 0.01
r 104 0.01 2 12.0747 0.01
r 104.2 0.01 2 12.1968 0.01
r 104.4 0.01 2 12.3177 0.01
r 104.6 0.01 2 12.4377 0.01
r 104.8 0.01 2 12.5646 0.01
r 105 0.01 2 12.6806 0.01
s 95 3 201
r 75 0.01 2 13.065 0.01
r 75.2 0.01 2 12.9324 0.01
r 75.4 0.01 2 12.8003 0.01
r 75.6 0.01 2 12.6678 0.01
r 75.8 0.01 2 12.5354 0.01
r 76 0.01 2 12.4031 0.01
r 76.2 0.01 2 12.2707 0.01
r 76.4 0.01 2 12.1384 0.01
r 76.6 0.01 2 12.0062 0.01
r 76.8 0.01 2 11.874 0.01
r 77 0.01 2 11.7417 0.01
r 77.2 0.01 2 11.6094 0.01
r 77.4 0.01 2 11.4773 0.01
r 77.6 0.01 2 11.3457 0.01
r 77.8 0.01 2 11.2138 0.01
r 78 0.01 2 11.0821 0.01
r 78.2 0.01 2 10.9504 0.01
r 78.4 0.01 2 10.8188 0.01
r 78.6 0.01 2 10.6873 0.01
r 78.8 0.01 2 10.5555 0.01
r 79 0.01 2 10.4244 0.01
r 79.2 0.01 2 10.2932 0.01
r 79.4 0.01 2 10.1624 0.01
r 79.6 0.01 2 10.0314 0.01
r 79.8 0.01 2 9.90095 0.01
r 80 0.01 2 9.77033 0.01
r 80.2 0.01 2 9.64044 0.01
r 80.4 0.01 2 9.51048 0.01
r 80.6 0.01 2 9.38081 0.01
r 80.8 0.01 2 9.25154 0.01
r 81 0.01 2 9.12277 0.01
r 81.2 0.01 2 8.99383 0.01
r 81.4 0.01 2 8.86599 0.01
r 81.6 0.01 2 8.73769 0.01
r 81.8 0.01 2 8.61071 0.01
r 82 0.01 2 8.48394 0.01
r 82.2 0.01 2 8.35689 0.01
r 82.4 0.01 2 8.231 0.01
r 82.6 0.01 2 8.10582 0.01
r 82.8 0.01 2 7.98112 0.01
r 83 0.01 2 7.85703 0.01
r 83.2 0.01 2 7.73399 0.01
r 83.4 0.01 2 7.6111 0.01
r 83.6 0.01 2 7.49125 0.01
r 83.8 0.01 2 7.36795 0.01
r 84 0.01 2 7.24716 0.01
r 84.2 0.01 2 7.12724 0.01
r 84.4 0.01 2 7.00752 0.01
r 84.6 0.01 2 6.88788 0.01
r 84.8 0.01 2 6.76837 0.01
r 85 0.01 2 6.65125 0.01
r 85.2 0.01 2 6.53082 0.01
r 85.4 0.01 2 6.41068 0.01
r 85.6 0.01 2 6.29293 0.01
r 85.8 0.01 2 6.17352 0.01
r 86 0.01 2 6.05417 0.01
r 86.2 0.01 2 5.93501 0.01
r 86.4 0.01 2 5.81716 0.01
r 86.6 0.01 2 5.69725 0.01
r 86.8 0.01 2 5.5796 0.01
r 87 0.01 2 5.4626 0.01
r 87.2 0.01 2 5.34451 0.01
r 87.4 0.01 2 5.22641 0.01
r 87.6 0.01 2 5.10929 0.01
r 87.8 0.01 2 4.99259 0.01
r 88 0.01 2 4.87639 0.01
r 88.2 0.01 2 4.76068 0.01
r 88.4 0.01 2 4.64546 0.01
r 88.6 0.01 2 4.53008 0.01
r 88.8 0.01 2 4.41606 0.01
r 89 0.01 2 4.30139 0.01
r 89.2 0.01 2 4.18825 0.01
r 89.4 0.01 2 4.07566 0.01
r 89.6 0.01 2 3.96414 0.01
r 89.8 0.01 2 3.85346 0.01
r 90 0.01 2 3.74323 0.01
r 90.2 0.01 2 3.63451 0.01
r 90.4 0.01 2 3.5269 0.01
r 90.6 0.01 2 3.42085 0.01
r 90.8 0.01 2 3.31794 0.01
r 91 0.01 2 3.21214 0.01
r 91.2 0.01 2 3.11086 0.01
r 91.4 0.01 2 3.01154 0.01
r 91.6 0.01 2 2.9139 0.01
r 91.8 0.01 2 2.81895 0.01
r 92 0.01 2 2.72686 0.01
r 92.2 0.01 2 2.6378 0.01
r 92.4 0.01 2 2.55119 0.01
r 92.6 0.01 2 2.46903 0.01
r 92.8 0.01 2 2.39083 0.01
r 93 0.01 2 2.31725 0.01
r 93.2 0.01 2 2.24846 0.01
r 93.4 0.01 2 2.18458 0.01
r 93.6 0.01 2 2.12729 0.01
r 93.8 0.01 2 2.07583 0.01
r 94 0.01 2 2.03166 0.01
r 94.2 0.01 2 1.99496 0.01
r 94.4 0.01 2 1.96553 0.01
r 94.6 0.01 2 1.94394 0.01
r 94.8 0.01 2 1.93219 0.01
r 95 0.01 2 1.92884 0.01
r 95.2 0.01 2 1.93324 0.01
r 95.4 0.01 2 1.94471 0.01
r 95.6 0.01 2 1.9651 0.01
r 95.8 0.01 2 1.9942 0.01
r 96 0.01 2 2.03124 0.01
r 96.2 0.01 2 2.07557 0.01
r 96.4 0.01 2 2.12682 0.01
r 96.6 0.01 2 2.18445 0.01
r 96.8 0.01 2 2.24816 0.01
r 97 0.01 2 2.31814 0.01
r 97.2 0.01 2 2.39202 0.01
r 97.4 0.01 2 2.46964 0.01
r 97.6 0.01 2 2.55149 0.01
r 97.8 0.01 2 2.63722 0.01
r 98 0.01 2 2.72639 0.01
r 98.2 0.01 2 2.81859 0.01
r 98.4 0.01 2 2.91353 0.01
r 98.6 0.01 2 3.01086 0.01
r 98.8 0.01 2 3.11025 0.01
r 99 0.01 2 3.21235 0.01
r 99.2 0.01 2 3.31517 0.01
r 99.4 0.01 2 3.41996 0.01
r 99.6 0.01 2 3.52641 0.01
r 99.8 0.01 2 3.63417 0.01
r 100 0.01 2 3.74325 0.01
r 100.2 0.01 2 3.85391 0.01
r 100.4 0.01 2 3.96464 0.01
r 100.6 0.01 2 4.07573 0.01
r 100.8 0.01 2 4.1893 0.01
r 101 0.01 2 4.30136 0.01
r 101.2 0.01 2 4.41562 0.01
r 101.4 0.01 2 4.52984 0.01
r 101.6 0.01 2 4.6457 0.01
r 101.8 0.01 2 4.76104 0.01
r 102 0.01 2 4.87684 0.01
r 102.2 0.01 2 4.9927 0.01
r 102.4 0.01 2 5.1099 0.01
r 102.6 0.01 2 5.22679 0.01
r 102.8 0.01 2 5.34389 0.01
r 103 0.01 2 5.46157 0.01
r 103.2 0.01 2 5.57965 0.01
r 103.4 0.01 2 5.69787 0.01
r 103.6 0.01 2 5.8165 0.01
r 103.8 0.01 2 5.93482 0.01
r 104 0.01 2 6.05387 0.01
r 104.2 0.01 2 6.17331 0.01
r 104.4 0.01 2 6.29178 0.01
r 104.6 0.01 2 6.41038 0.01
r 104.8 0.01 2 6.53058 0.01
r 105 0.01 2 6.64928 0.01
r 105.2 0.01 2 6.76854 0.01
r 105.4 0.01 2 6.88799 0.01
r 105.6 0.01 2 7.00793 0.01
r 105.8 0.01 2 7.12769 0.01
r 106 0.01 2 7.24718 0.01
r 106.2 0.01 2 7.36763 0.01
r 106.4 0.01 2 7.48818 0.01
r 106.6 0.01 2 7.60743 0.01
r 106.8 0.01 2 7.72734 0.01
r 107 0.01 2 7.84758 0.01
r 107.2 0.01 2 7.968 0.01
r 107.4 0.01 2 8.0884 0.01
r 107.6 0.01 2 8.20839 0.01
r 107.8 0.01 2 8.32882 0.01
r 108 0.01 2 8.44852 0.01
r 108.2 0.01 2 8.57028 0.01
r 108.4 0.01 2 8.68981 0.01
r 108.6 0.01 2 8.81051 0.01
r 108.8 0.01 2 8.9308 0.01
r 109 0.01 2 9.05562 0.01
r 109.2 0.01 2 9.17661 0.01
r 109.4 0.01 2 9.29704 0.01
r 109.6 0.01 2 9.41482 0.01
r 109.8 0.01 2 9.53663 0.01
r 110 0.01 2 9.65736 0.01
r 110.2 0.01 2 9.77688 0.01
r 110.4 0.01 2 9.89818 0.01
r 110.6 0.01 2 10.0202 0.01
r 110.8 0.01 2 10.1374 0.01
r 111 0.01 2 10.2589 0.01
r 111.2 0.01 2 10.382 0.01
r 111.4 0.01 2 10.5051 0.01
r 111.6 0.01 2 10.6246 0.01
r 111.8 0.01 2 10.7464 0.01
r 112 0.01 2 10.8698 0.01
r 112.2 0.01 2 10.9869 0.01
r 112.4 0.01 2 11.1105 0.01
r 112.6 0.01 2 11.2319 0.01
r 112.8 0.01 2 11.3514 0.01
r 113 0.01 2 11.4712 0.01
r 113.2 0.01 2 11.5917 0.01
r 113.4 0.01 2 11.7136 0.01
r 113.6 0.01 2 11.8329 0.01
r 113.8 0.01 2 11.9534 0.01
r 114 0.01 2 12.0769 0.01
r 114.2 0.01 2 12.1967 0.01
r 114.4 0.01 2 12.3177 0.01
r 114.6 0.01 2 12.4407 0.01
r 114.8 0.01 2 12.5646 0.01
r 115 0.01 2 12.6796 0.01
s 105 3 201
r 85 0.01 2 12.6798 0.01
r 85.2 0.01 2 12.5671 0.01
r 85.4 0.01 2 12.4345 0.01
r 85.6 0.01 2 12.3129 0.01
r 85.8 0.01 2 12.1938 0.01
r 86 0.01 2 12.0715 0.01
r 86.2 0.01 2 11.952 0.01
r 86.4 0.01 2 11.8287 0.01
r 86.6 0.01 2 11.7077 0.01
r 86.8 0.01 2 11.5872 0.01
r 87 0.01 2 11.4703 0.01
r 87.2 0.01 2 11.3489 0.01
r 87.4 0.01 2 11.2251 0.01
r 87.6 0.01 2 11.1063 0.01
r 87.8 0.01 2 10.9859 0.01
r 88 0.01 2 10.8655 0.01
r 88.2 0.01 2 10.7427 0.01
r 88.4 0.01 2 10.6199 0.01
r 88.6 0.01 2 10.4995 0.01
r 88.8 0.01 2 10.3791 0.01
r 89 0.01 2 10.2607 0.01
r 89.2 0.01 2 10.1385 0.01
r 89.4 0.01 2 10.0198 0.01
r 89.6 0.01 2 9.90243 0.01
r 89.8 0.01 2 9.77627 0.01
r 90 0.01 2 9.65499 0.01
r 90.2 0.01 2 9.53493 0.01
r 90.4 0.01 2 9.41314 0.01
r 90.6 0.01 2 9.29293 0.01
r 90.8 0.01 2 9.17219 0.01
r 91 0.01 2 9.05359 0.01
r 91.2 0.01 2 8.93057 0.01
r 91.4 0.01 2 8.80994 0.01
r 91.6 0.01 2 8.68949 0.01
r 91.8 0.01 2 8.56895 0.01
r 92 0.01 2 8.44893 0.01
r 92.2 0.01 2 8.32881 0.01
r 92.4 0.01 2 8.20811 0.01
r 92.6 0.01 2 8.08778 0.01
r 92.8 0.01 2 7.96795 0.01
r 93 0.01 2 7.84737 0.01
r 93.2 0.01 2 7.7275 0.01
r 93.4 0.01 2 7.60738 0.01
r 93.6 0.01 2 7.48747 0.01
r 93.8 0.01 2 7.3669 0.01
r 94 0.01 2 7.24728 0.01
r 94.2 0.01 2 7.12724 0.01
r 94.4 0.01 2 7.00749 0.01
r 94.6 0.01 2 6.88759 0.01
r 94.8 0.01 2 6.76837 0.01
r 95 0.01 2 6.65125 0.01
r 95.2 0.01 2 6.53075 0.01
r 95.4 0.01 2 6.41068 0.01
r 95.6 0.01 2 6.29293 0.01
r 95.8 0.01 2 6.17352 0.01
r 96 0.01 2 6.05417 0.01
r 96.2 0.01 2 5.93501 0.01
r 96.4 0.01 2 5.81716 0.01
r 96.6 0.01 2 5.69725 0.01
r 96.8 0.01 2 5.5796 0.01
r 97 0.01 2 5.4626 0.01
r 97.2 0.01 2 5.34451 0.01
r 97.4 0.01 2 5.22641 0.01
r 97.6 0.01 2 5.10949 0.01
r 97.8 0.01 2 4.99259 0.01
r 98 0.01 2 4.87639 0.01
r 98.2 0.01 2 4.76068 0.01
r 98.4 0.01 2 4.64544 0.01
r 98.6 0.01 2 4.53008 0.01
r 98.8 0.01 2 4.41606 0.01
r 99 0.01 2 4.30139 0.01
r 99.2 0.01 2 4.18825 0.01
r 99.4 0.01 2 4.07566 0.01
r 99.6 0.01 2 3.96414 0.01
r 99.8 0.01 2 3.85346 0.01
r 100 0.01 2 3.7432 0.01
r 100.2 0.01 2 3.63451 0.01
r 100.4 0.01 2 3.5269 0.01
r 100.6 0.01 2 3.42083 0.01
r 100.8 0.01 2 3.31794 0.01
r 101 0.01 2 3.21214 0.01
r 101.2 0.01 2 3.11086 0.01
r 101.4 0.01 2 3.01154 0.01
r 101.6 0.01 2 2.9139 0.01
r 101.8 0.01 2 2.8189 0.01
r 102 0.01 2 2.72686 0.01
r 102.2 0.01 2 2.6378 0.01
r 102.4 0.01 2 2.55119 0.01
r 102.6 0.01 2 2.46903 0.01
r 102.8 0.01 2 2.39083 0.01
r 103 0.01 2 2.31725 0.01
r 103.2 0.01 2 2.24846 0.01
r 103.4 0.01 2 2.18458 0.01
r 103.6 0.01 2 2.12729 0.01
r 103.8 0.01 2 2.07583 0.01
r 104 0.01 2 2.03166 0.01
r 104.2 0.01 2 1.99496 0.01
r 104.4 0.01 2 1.96553 0.01
r 104.6 0.01 2 1.94394 0.01
r 104.8 0.01 2 1.93219 0.01
r 105 0.01 2 1.92884 0.01
r 105.2 0.01 2 1.93324 0.01
r 105.4 0.01 2 1.94471 0.01
r 105.6 0.01 2 1.9651 0.01
r 105.8 0.01 2 1.9942 0.01
r 106 0.01 2 2.03124 0.01
r 106.2 0.01 2 2.07557 0.01
r 106.4 0.01 2 2.12682 0.01
r 106.6 0.01 2 2.18445 0.01
r 106.8 0.01 2 2.24816 0.01
r 107 0.01 2 2.31814 0.01
r 107.2 0.01 2 2.39202 0.01
r 107.4 0.01 2 2.46965 0.01
r 107.6 0.01 2 2.55149 0.01
r 107.8 0.01 2 2.63722 0.01
r 108 0.01 2 2.72639 0.01
r 108.2 0.01 2 2.81859 0.01
r 108.4 0.01 2 2.91353 0.01
r 108.6 0.01 2 3.01086 0.01
r 108.8 0.01 2 3.11025 0.01
r 109 0.01 2 3.21235 0.01
r 109.2 0.01 2 3.31517 0.01
r 109.4 0.01 2 3.41996 0.01
r 109.6 0.01 2 3.52641 0.01
r 109.8 0.01 2 3.63416 0.01
r 110 0.01 2 3.74325 0.01
r 110.2 0.01 2 3.85391 0.01
r 110.4 0.01 2 3.96464 0.01
r 110.6 0.01 2 4.07573 0.01
r 110.8 0.01 2 4.1893 0.01
r 111 0.01 2 4.30136 0.01
r 111.2 0.01 2 4.41562 0.01
r 111.4 0.01 2 4.52995 0.01
r 111.6 0.01 2 4.64583 0.01
r 111.8 0.01 2 4.76104 0.01
r 112 0.01 2 4.87684 0.01
r 112.2 0.01 2 4.9927 0.01
r 112.4 0.01 2 5.1099 0.01
r 112.6 0.01 2 5.22696 0.01
r 112.8 0.01 2 5.34534 0.01
r 113 0.01 2 5.46157 0.01
r 113.2 0.01 2 5.57965 0.01
r 113.4 0.01 2 5.69787 0.01
r 113.6 0.01 2 5.8165 0.01
r 113.8 0.01 2 5.93482 0.01
r 114 0.01 2 6.05387 0.01
r 114.2 0.01 2 6.17331 0.01
r 114.4 0.01 2 6.29178 0.01
r 114.6 0.01 2 6.41038 0.01
r 114.8 0.01 2 6.53058 0.01
r 115 0.01 2 6.64886 0.01
r 115.2 0.01 2 6.76843 0.01
r 115.4 0.01 2 6.88802 0.01
r 115.6 0.01 2 7.00768 0.01
r 115.8 0.01 2 7.1283 0.01
r 116 0.01 2 7.24736 0.01
r 116.2 0.01 2 7.36863 0.01
r 116.4 0.01 2 7.48962 0.01
r 116.6 0.01 2 7.61115 0.01
r 116.8 0.01 2 7.73459 0.01
r 117 0.01 2 7.85671 0.01
r 117.2 0.01 2 7.98151 0.01
r 117.4 0.01 2 8.10586 0.01
r 117.6 0.01 2 8.23164 0.01
r 117.8 0.01 2 8.35782 0.01
r 118 0.01 2 8.48351 0.01
r 118.2 0.01 2 8.61023 0.01
r 118.4 0.01 2 8.73768 0.01
r 118.6 0.01 2 8.86539 0.01
r 118.8 0.01 2 8.99389 0.01
r 119 0.01 2 9.12429 0.01
r 119.2 0.01 2 9.25397 0.01
r 119.4 0.01 2 9.38113 0.01
r 119.6 0.01 2 9.51225 0.01
r 119.8 0.01 2 9.642 0.01
r 120 0.01 2 9.77202 0.01
r 120.2 0.01 2 9.90178 0.01
r 120.4 0.01 2 10.033 0.01
r 120.6 0.01 2 10.1623 0.01
r 120.8 0.01 2 10.2933 0.01
r 121 0.01 2 10.4286 0.01
r 121.2 0.01 2 10.5634 0.01
r 121.4 0.01 2 10.6906 0.01
r 121.6 0.01 2 10.8237 0.01
r 121.8 0.01 2 10.9543 0.01
r 122 0.01 2 11.0845 0.01
r 122.2 0.01 2 11.2168 0.01
r 122.4 0.01 2 11.3491 0.01
r 122.6 0.01 2 11.4837 0.01
r 122.8 0.01 2 11.6131 0.01
r 123 0.01 2 11.748 0.01
r 123.2 0.01 2 11.8793 0.01
r 123.4 0.01 2 12.0093 0.01
r 123.6 0.01 2 12.1468 0.01
r 123.8 0.01 2 12.2771 0.01
r 124 0.01 2 12.4068 0.01
r 124.2 0.01 2 12.5423 0.01
r 124.4 0.01 2 12.6739 0.01
r 124.6 0.01 2 12.8052 0.01
r 124.8 0.01 2 12.9447 0.01
r 125 0.01 2 13.0706 0.01
s 115 3 201
r 95 0.01 2 12.6778 0.01
r 95.2 0.01 2 12.5671 0.01
r 95.4 0.01 2 12.4345 0.01
r 95.6 0.01 2 12.3165 0.01
r 95.8 0.01 2 12.1938 0.01
r 96 0.01 2 12.0715 0.01
r 96.2 0.01 2 11.9514 0.01
r 96.4 0.01 2 11.8287 0.01
r 96.6 0.01 2 11.7077 0.01
r 96.8 0.01 2 11.5872 0.01
r 97 0.01 2 11.469 0.01
r 97.2 0.01 2 11.3488 0.01
r 97.4 0.01 2 11.2264 0.01
r 97.6 0.01 2 11.1063 0.01
r 97.8 0.01 2 10.9859 0.01
r 98 0.01 2 10.8655 0.01
r 98.2 0.01 2 10.7427 0.01
r 98.4 0.01 2 10.6199 0.01
r 98.6 0.01 2 10.4995 0.01
r 98.8 0.01 2 10.3794 0.01
r 99 0.01 2 10.2607 0.01
r 99.2 0.01 2 10.14 0.01
r 99.4 0.01 2 10.0198 0.01
r 99.6 0.01 2 9.90243 0.01
r 99.8 0.01 2 9.77731 0.01
r 100 0.01 2 9.65499 0.01
r 100.2 0.01 2 9.53493 0.01
r 100.4 0.01 2 9.41314 0.01
r 100.6 0.01 2 9.29293 0.01
r 100.8 0.01 2 9.17219 0.01
r 101 0.01 2 9.05359 0.01
r 101.2 0.01 2 8.93088 0.01
r 101.4 0.01 2 8.80994 0.01
r 101.6 0.01 2 8.68956 0.01
r 101.8 0.01 2 8.56884 0.01
r 102 0.01 2 8.44893 0.01
r 102.2 0.01 2 8.32881 0.01
r 102.4 0.01 2 8.20811 0.01
r 102.6 0.01 2 8.08778 0.01
r 102.8 0.01 2 7.96795 0.01
r 103 0.01 2 7.84768 0.01
r 103.2 0.01 2 7.72781 0.01
r 103.4 0.01 2 7.60767 0.01
r 103.6 0.01 2 7.48734 0.01
r 103.8 0.01 2 7.36758 0.01
r 104 0.01 2 7.24728 0.01
r 104.2 0.01 2 7.12774 0.01
r 104.4 0.01 2 7.00721 0.01
r 104.6 0.01 2 6.88774 0.01
r 104.8 0.01 2 6.76824 0.01
r 105 0.01 2 6.6492 0.01
r 105.2 0.01 2 6.53063 0.01
r 105.4 0.01 2 6.41073 0.01
r 105.6 0.01 2 6.29292 0.01
r 105.8 0.01 2 6.17358 0.01
r 106 0.01 2 6.05412 0.01
r 106.2 0.01 2 5.93532 0.01
r 106.4 0.01 2 5.81688 0.01
r 106.6 0.01 2 5.69845 0.01
r 106.8 0.01 2 5.57964 0.01
r 107 0.01 2 5.46141 0.01
r 107.2 0.01 2 5.344 0.01
r 107.4 0.01 2 5.2264 0.01
r 107.6 0.01 2 5.10995 0.01
r 107.8 0.01 2 4.99331 0.01
r 108 0.01 2 4.87681 0.01
r 108.2 0.01 2 4.76124 0.01
r 108.4 0.01 2 4.6448 0.01
r 108.6 0.01 2 4.53028 0.01
r 108.8 0.01 2 4.4157 0.01
r 109 0.01 2 4.30141 0.01
r 109.2 0.01 2 4.18805 0.01
r 109.4 0.01 2 4.07696 0.01
r 109.6 0.01 2 3.9649 0.01
r 109.8 0.01 2 3.85338 0.01
r 110 0.01 2 3.74368 0.01
r 110.2 0.01 2 3.63476 0.01
r 110.4 0.01 2 3.52696 0.01
r 110.6 0.01 2 3.42116 0.01
r 110.8 0.01 2 3.31657 0.01
r 111 0.01 2 3.21237 0.01
r 111.2 0.01 2 3.11084 0.01
r 111.4 0.01 2 3.0115 0.01
r 111.6 0.01 2 2.91407 0.01
r 111.8 0.01 2 2.81903 0.01
r 112 0.01 2 2.72669 0.01
r 112.2 0.01 2 2.63798 0.01
r 112.4 0.01 2 2.55271 0.01
r 112.6 0.01 2 2.4708 0.01
r 112.8 0.01 2 2.39321 0.01
r 113 0.01 2 2.32063 0.01
r 113.2 0.01 2 2.25309 0.01
r 113.4 0.01 2 2.1918 0.01
r 113.6 0.01 2 2.13654 0.01
r 113.8 0.01 2 2.08867 0.01
r 114 0.01 2 2.04739 0.01
r 114.2 0.01 2 2.01389 0.01
r 114.4 0.01 2 1.98707 0.01
r 114.6 0.01 2 1.96997 0.01
r 114.8 0.01 2 1.95919 0.01
r 115 0.01 2 1.96048 0.01
r 115.2 0.01 2 1.96816 0.01
r 115.4 0.01 2 1.98373 0.01
r 115.6 0.01 2 2.00757 0.01
r 115.8 0.01 2 2.04088 0.01
r 116 0.01 2 2.08253 0.01
r 116.2 0.01 2 2.13186 0.01
r 116.4 0.01 2 2.18853 0.01
r 116.6 0.01 2 2.25179 0.01
r 116.8 0.01 2 2.32085 0.01
r 117 0.01 2 2.39422 0.01
r 117.2 0.01 2 2.47233 0.01
r 117.4 0.01 2 2.55514 0.01
r 117.6 0.01 2 2.6409 0.01
r 117.8 0.01 2 2.73071 0.01
r 118 0.01 2 2.82377 0.01
r 118.2 0.01 2 2.91978 0.01
r 118.4 0.01 2 3.01894 0.01
r 118.6 0.01 2 3.12033 0.01
r 118.8 0.01 2 3.22406 0.01
r 119 0.01 2 3.32974 0.01
r 119.2 0.01 2 3.43743 0.01
r 119.4 0.01 2 3.54687 0.01
r 119.6 0.01 2 3.65784 0.01
r 119.8 0.01 2 3.77024 0.01
r 120 0.01 2 3.88403 0.01
r 120.2 0.01 2 3.99902 0.01
r 120.4 0.01 2 4.11515 0.01
r 120.6 0.01 2 4.23232 0.01
r 120.8 0.01 2 4.35038 0.01
r 121 0.01 2 4.47142 0.01
r 121.2 0.01 2 4.58922 0.01
r 121.4 0.01 2 4.70967 0.01
r 121.6 0.01 2 4.83193 0.01
r 121.8 0.01 2 4.9528 0.01
r 122 0.01 2 5.07469 0.01
r 122.2 0.01 2 5.19757 0.01
r 122.4 0.01 2 5.32102 0.01
r 122.6 0.01 2 5.44489 0.01
r 122.8 0.01 2 5.56953 0.01
r 123 0.01 2 5.69507 0.01
r 123.2 0.01 2 5.81969 0.01
r 123.4 0.01 2 5.94489 0.01
r 123.6 0.01 2 6.07049 0.01
r 123.8 0.01 2 6.19624 0.01
r 124 0.01 2 6.32254 0.01
r 124.2 0.01 2 6.44921 0.01
r 124.4 0.01 2 6.57616 0.01
r 124.6 0.01 2 6.70335 0.01
r 124.8 0.01 2 6.83081 0.01
r 125 0.01 2 6.95835 0.01
r 125.2 0.01 2 7.08625 0.01
r 125.4 0.01 2 7.21422 0.01
r 125.6 0.01 2 7.34265 0.01
r 125.8 0.01 2 7.47087 0.01
r 126 0.01 2 7.59946 0.01
r 126.2 0.01 2 7.72819 0.01
r 126.4 0.01 2 7.85709 0.01
r 126.6 0.01 2 7.98614 0.01
r 126.8 0.01 2 8.11531 0.01
r 127 0.01 2 8.24468 0.01
r 127.2 0.01 2 8.37407 0.01
r 127.4 0.01 2 8.50363 0.01
r 127.6 0.01 2 8.6333 0.01
r 127.8 0.01 2 8.76309 0.01
r 128 0.01 2 8.8936 0.01
r 128.2 0.01 2 9.02376 0.01
r 128.4 0.01 2 9.1535 0.01
r 128.6 0.01 2 9.28346 0.01
r 128.8 0.01 2 9.41361 0.01
r 129 0.01 2 9.54385 0.01
r 129.2 0.01 2 9.67431 0.01
r 129.4 0.01 2 9.80491 0.01
r 129.6 0.01 2 9.93554 0.01
r 129.8 0.01 2 10.0663 0.01
r 130 0.01 2 10.197 0.01
r 130.2 0.01 2 10.3276 0.01
r 130.4 0.01 2 10.4584 0.01
r 130.6 0.01 2 10.5893 0.01
r 130.8 0.01 2 10.7203 0.01
r 131 0.01 2 10.8514 0.01
r 131.2 0.01 2 10.9824 0.01
r 131.4 0.01 2 11.1136 0.01
r 131.6 0.01 2 11.2449 0.01
r 131.8 0.01 2 11.3764 0.01
r 132 0.01 2 11.5076 0.01
r 132.2 0.01 2 11.6388 0.01
r 132.4 0.01 2 11.7701 0.01
r 132.6 0.01 2 11.9015 0.01
r 132.8 0.01 2 12.0329 0.01
r 133 0.01 2 12.1645 0.01
r 133.2 0.01 2 12.296 0.01
r 133.4 0.01 2 12.4276 0.01
r 133.6 0.01 2 12.5593 0.01
r 133.8 0.01 2 12.6914 0.01
r 134 0.01 2 12.8229 0.01
r 134.2 0.01 2 12.9545 0.01
r 134.4 0.01 2 13.0862 0.01
r 134.6 0.01 2 13.2179 0.01
r 134.8 0.01 2 13.3497 0.01
r 135 0.01 2 13.4815 0.01
s 125 3 201
r 105 0.01 2 13.0669 0.01
r 105.2 0.01 2 12.9481 0.01
r 105.4 0.01 2 12.8258 0.01
r 105.6 0.01 2 12.7055 0.01
r 105.8 0.01 2 12.5856 0.01
r 106 0.01 2 12.4623 0.01
r 106.2 0.01 2 12.3433 0.01
r 106.4 0.01 2 12.222 0.01
r 106.6 0.01 2 12.1019 0.01
r 106.8 0.01 2 11.9816 0.01
r 107 0.01 2 11.8641 0.01
r 107.2 0.01 2 11.746 0.01
r 107.4 0.01 2 11.6255 0.01
r 107.6 0.01 2 11.504 0.01
r 107.8 0.01 2 11.3835 0.01
r 108 0.01 2 11.2612 0.01
r 108.2 0.01 2 11.141 0.01
r 108.4 0.01 2 11.0227 0.01
r 108.6 0.01 2 10.9024 0.01
r 108.8 0.01 2 10.7807 0.01
r 109 0.01 2 10.6688 0.01
r 109.2 0.01 2 10.5466 0.01
r 109.4 0.01 2 10.4274 0.01
r 109.6 0.01 2 10.3055 0.01
r 109.8 0.01 2 10.1845 0.01
r 110 0.01 2 10.0656 0.01
r 110.2 0.01 2 9.94475 0.01
r 110.4 0.01 2 9.82466 0.01
r 110.6 0.01 2 9.70605 0.01
r 110.8 0.01 2 9.58494 0.01
r 111 0.01 2 9.49299 0.01
r 111.2 0.01 2 9.38546 0.01
r 111.4 0.01 2 9.25924 0.01
r 111.6 0.01 2 9.13722 0.01
r 111.8 0.01 2 9.021 0.01
r 112 0.01 2 8.89327 0.01
r 112.2 0.01 2 8.76335 0.01
r 112.4 0.01 2 8.63394 0.01
r 112.6 0.01 2 8.50421 0.01
r 112.8 0.01 2 8.37441 0.01
r 113 0.01 2 8.24487 0.01
r 113.2 0.01 2 8.11546 0.01
r 113.4 0.01 2 7.98621 0.01
r 113.6 0.01 2 7.85712 0.01
r 113.8 0.01 2 7.72821 0.01
r 114 0.01 2 7.6006 0.01
r 114.2 0.01 2 7.47171 0.01
r 114.4 0.01 2 7.34314 0.01
r 114.6 0.01 2 7.21465 0.01
r 114.8 0.01 2 7.08628 0.01
r 115 0.01 2 6.95892 0.01
r 115.2 0.01 2 6.83098 0.01
r 115.4 0.01 2 6.70345 0.01
r 115.6 0.01 2 6.57641 0.01
r 115.8 0.01 2 6.45 0.01
r 116 0.01 2 6.32253 0.01
r 116.2 0.01 2 6.19628 0.01
r 116.4 0.01 2 6.07035 0.01
r 116.6 0.01 2 5.94425 0.01
r 116.8 0.01 2 5.8188 0.01
r 117 0.01 2 5.69376 0.01
r 117.2 0.01 2 5.56904 0.01
r 117.4 0.01 2 5.44483 0.01
r 117.6 0.01 2 5.32091 0.01
r 117.8 0.01 2 5.19764 0.01
r 118 0.01 2 5.07467 0.01
r 118.2 0.01 2 4.95239 0.01
r 118.4 0.01 2 4.83066 0.01
r 118.6 0.01 2 4.70959 0.01
r 118.8 0.01 2 4.58926 0.01
r 119 0.01 2 4.46935 0.01
r 119.2 0.01 2 4.35031 0.01
r 119.4 0.01 2 4.23252 0.01
r 119.6 0.01 2 4.11516 0.01
r 119.8 0.01 2 3.99923 0.01
r 120 0.01 2 3.88422 0.01
r 120.2 0.01 2 3.77099 0.01
r 120.4 0.01 2 3.65948 0.01
r 120.6 0.01 2 3.54679 0.01
r 120.8 0.01 2 3.43726 0.01
r 121 0.01 2 3.33075 0.01
r 121.2 0.01 2 3.22463 0.01
r 121.4 0.01 2 3.12068 0.01
r 121.6 0.01 2 3.01924 0.01
r 121.8 0.01 2 2.92058 0.01
r 122 0.01 2 2.82441 0.01
r 122.2 0.01 2 2.73165 0.01
r 122.4 0.01 2 2.6423 0.01
r 122.6 0.01 2 2.55693 0.01
r 122.8 0.01 2 2.47558 0.01
r 123 0.01 2 2.39939 0.01
r 123.2 0.01 2 2.32803 0.01
r 123.4 0.01 2 2.26214 0.01
r 123.6 0.01 2 2.20212 0.01
r 123.8 0.01 2 2.14849 0.01
r 124 0.01 2 2.10298 0.01
r 124.2 0.01 2 2.06502 0.01
r 124.4 0.01 2 2.03526 0.01
r 124.6 0.01 2 2.01401 0.01
r 124.8 0.01 2 2.00067 0.01
r 125 0.01 2 1.99585 0.01
r 125.2 0.01 2 2.00029 0.01
r 125.4 0.01 2 2.01273 0.01
r 125.6 0.01 2 2.03335 0.01
r 125.8 0.01 2 2.06357 0.01
r 126 0.01 2 2.10201 0.01
r 126.2 0.01 2 2.14797 0.01
r 126.4 0.01 2 2.20112 0.01
r 126.6 0.01 2 2.26094 0.01
r 126.8 0.01 2 2.32714 0.01
r 127 0.01 2 2.39845 0.01
r 127.2 0.01 2 2.47517 0.01
r 127.4 0.01 2 2.55648 0.01
r 127.6 0.01 2 2.6418 0.01
r 127.8 0.01 2 2.73119 0.01
r 128 0.01 2 2.82398 0.01
r 128.2 0.01 2 2.91987 0.01
r 128.4 0.01 2 3.01891 0.01
r 128.6 0.01 2 3.12036 0.01
r 128.8 0.01 2 3.224 0.01
r 129 0.01 2 3.32962 0.01
r 129.2 0.01 2 3.43737 0.01
r 129.4 0.01 2 3.54681 0.01
r 129.6 0.01 2 3.65775 0.01
r 129.8 0.01 2 3.77017 0.01
r 130 0.01 2 3.88398 0.01
r 130.2 0.01 2 3.99897 0.01
r 130.4 0.01 2 4.11513 0.01
r 130.6 0.01 2 4.23229 0.01
r 130.8 0.01 2 4.3504 0.01
r 131 0.01 2 4.47142 0.01
r 131.2 0.01 2 4.58922 0.01
r 131.4 0.01 2 4.70967 0.01
r 131.6 0.01 2 4.83193 0.01
r 131.8 0.01 2 4.9528 0.01
r 132 0.01 2 5.07469 0.01
r 132.2 0.01 2 5.19757 0.01
r 132.4 0.01 2 5.32102 0.01
r 132.6 0.01 2 5.44489 0.01
r 132.8 0.01 2 5.56953 0.01
r 133 0.01 2 5.69507 0.01
r 133.2 0.01 2 5.81969 0.01
r 133.4 0.01 2 5.94489 0.01
r 133.6 0.01 2 6.07049 0.01
r 133.8 0.01 2 6.19624 0.01
r 134 0.01 2 6.32254 0.01
r 134.2 0.01 2 6.44921 0.01
r 134.4 0.01 2 6.57616 0.01
r 134.6 0.01 2 6.70335 0.01
r 134.8 0.01 2 6.83081 0.01
r 135 0.01 2 6.95835 0.01
r 135.2 0.01 2 7.08625 0.01
r 135.4 0.01 2 7.21422 0.01
r 135.6 0.01 2 7.34265 0.01
r 135.8 0.01 2 7.47087 0.01
r 136 0.01 2 7.59946 0.01
r 136.2 0.01 2 7.72819 0.01
r 136.4 0.01 2 7.85709 0.01
r 136.6 0.01 2 7.98614 0.01
r 136.8 0.01 2 8.11531 0.01
r 137 0.01 2 8.24468 0.01
r 137.2 0.01 2 8.37407 0.01
r 137.4 0.01 2 8.50363 0.01
r 137.6 0.01 2 8.6333 0.01
r 137.8 0.01 2 8.76309 0.01
r 138 0.01 2 8.8936 0.01
r 138.2 0.01 2 9.02376 0.01
r 138.4 0.01 2 9.1535 0.01
r 138.6 0.01 2 9.28346 0.01
r 138.8 0.01 2 9.41361 0.01
r 139 0.01 2 9.54385 0.01
r 139.2 0.01 2 9.67431 0.01
r 139.4 0.01 2 9.80491 0.01
r 139.6 0.01 2 9.93554 0.01
r 139.8 0.01 2 10.0663 0.01
r 140 0.01 2 10.197 0.01
r 140.2 0.01 2 10.3276 0.01
r 140.4 0.01 2 10.4584 0.01
r 140.6 0.01 2 10.5893 0.01
r 140.8 0.01 2 10.7203 0.01
r 141 0.01 2 10.8514 0.01
r 141.2 0.01 2 10.9824 0.01
r 141.4 0.01 2 11.1136 0.01
r 141.6 0.01 2 11.2449 0.01
r 141.8 0.01 2 11.3764 0.01
r 142 0.01 2 11.5076 0.01
r 142.2 0.01 2 11.6388 0.01
r 142.4 0.01 2 11.7701 0.01
r 142.6 0.01 2 11.9015 0.01
r 142.8 0.01 2 12.0329 0.01
r 143 0.01 2 12.1645 0.01
r 143.2 0.01 2 12.296 0.01
r 143.4 0.01 2 12.4276 0.01
r 143.6 0.01 2 12.5593 0.01
r 143.8 0.01 2 12.6914 0.01
r 144 0.01 2 12.8229 0.01
r 144.2 0.01 2 12.9545 0.01
r 144.4 0.01 2 13.0862 0.01
r 144.6 0.01 2 13.2179 0.01
r 144.8 0.01 2 13.3497 0.01
r 145 0.01 2 13.4815 0.01
s 135 3 201
r 115 0.01 2 13.4816 0.01
r 115.2 0.01 2 13.3497 0.01
r 115.4 0.01 2 13.2179 0.01
r 115.6 0.01 2 13.0862 0.01
r 115.8 0.01 2 12.9544 0.01
r 116 0.01 2 12.8228 0.01
r 116.2 0.01 2 12.6911 0.01
r 116.4 0.01 2 12.5594 0.01
r 116.6 0.01 2 12.4277 0.01
r 116.8 0.01 2 12.296 0.01
r 117 0.01 2 12.1644 0.01
r 117.2 0.01 2 12.033 0.01
r 117.4 0.01 2 11.9015 0.01
r 117.6 0.01 2 11.7701 0.01
r 117.8 0.01 2 11.6387 0.01
r 118 0.01 2 11.5074 0.01
r 118.2 0.01 2 11.3762 0.01
r 118.4 0.01 2 11.2452 0.01
r 118.6 0.01 2 11.1138 0.01
r 118.8 0.01 2 10.9825 0.01
r 119 0.01 2 10.8513 0.01
r 119.2 0.01 2 10.7203 0.01
r 119.4 0.01 2 10.5894 0.01
r 119.6 0.01 2 10.4585 0.01
r 119.8 0.01 2 10.3276 0.01
r 120 0.01 2 10.1968 0.01
r 120.2 0.01 2 10.0662 0.01
r 120.4 0.01 2 9.93556 0.01
r 120.6 0.01 2 9.80501 0.01
r 120.8 0.01 2 9.67437 0.01
r 121 0.01 2 9.54399 0.01
r 121.2 0.01 2 9.41368 0.01
r 121.4 0.01 2 9.28346 0.01
r 121.6 0.01 2 9.15331 0.01
r 121.8 0.01 2 9.02326 0.01
r 122 0.01 2 8.89327 0.01
r 122.2 0.01 2 8.76335 0.01
r 122.4 0.01 2 8.63394 0.01
r 122.6 0.01 2 8.50421 0.01
r 122.8 0.01 2 8.37441 0.01
r 123 0.01 2 8.24487 0.01
r 123.2 0.01 2 8.11546 0.01
r 123.4 0.01 2 7.98621 0.01
r 123.6 0.01 2 7.85712 0.01
r 123.8 0.01 2 7.72821 0.01
r 124 0.01 2 7.6006 0.01
r 124.2 0.01 2 7.47171 0.01
r 124.4 0.01 2 7.34314 0.01
r 124.6 0.01 2 7.21465 0.01
r 124.8 0.01 2 7.08628 0.01
r 125 0.01 2 6.95892 0.01
r 125.2 0.01 2 6.83098 0.01
r 125.4 0.01 2 6.70345 0.01
r 125.6 0.01 2 6.57641 0.01
r 125.8 0.01 2 6.45 0.01
r 126 0.01 2 6.32253 0.01
r 126.2 0.01 2 6.19628 0.01
r 126.4 0.01 2 6.07035 0.01
r 126.6 0.01 2 5.94425 0.01
r 126.8 0.01 2 5.8188 0.01
r 127 0.01 2 5.69376 0.01
r 127.2 0.01 2 5.56904 0.01
r 127.4 0.01 2 5.44483 0.01
r 127.6 0.01 2 5.32091 0.01
r 127.8 0.01 2 5.19764 0.01
r 128 0.01 2 5.07467 0.01
r 128.2 0.01 2 4.95239 0.01
r 128.4 0.01 2 4.83066 0.01
r 128.6 0.01 2 4.70959 0.01
r 128.8 0.01 2 4.58926 0.01
r 129 0.01 2 4.46935 0.01
r 129.2 0.01 2 4.35031 0.01
r 129.4 0.01 2 4.23252 0.01
r 129.6 0.01 2 4.11516 0.01
r 129.8 0.01 2 3.99923 0.01
r 130 0.01 2 3.88422 0.01
r 130.2 0.01 2 3.77099 0.01
r 130.4 0.01 2 3.65948 0.01
r 130.6 0.01 2 3.54679 0.01
r 130.8 0.01 2 3.43726 0.01
r 131 0.01 2 3.33075 0.01
r 131.2 0.01 2 3.22463 0.01
r 131.4 0.01 2 3.12068 0.01
r 131.6 0.01 2 3.01924 0.01
r 131.8 0.01 2 2.92058 0.01
r 132 0.01 2 2.82441 0.01
r 132.2 0.01 2 2.73165 0.01
r 132.4 0.01 2 2.6423 0.01
r 132.6 0.01 2 2.55693 0.01
r 132.8 0.01 2 2.47558 0.01
r 133 0.01 2 2.39939 0.01
r 133.2 0.01 2 2.32803 0.01
r 133.4 0.01 2 2.26214 0.01
r 133.6 0.01 2 2.20212 0.01
r 133.8 0.01 2 2.14849 0.01
r 134 0.01 2 2.10298 0.01
r 134.2 0.01 2 2.06502 0.01
r 134.4 0.01 2 2.03526 0.01
r 134.6 0.01 2 2.01401 0.01
r 134.8 0.01 2 2.00067 0.01
r 135 0.01 2 1.99585 0.01
r 135.2 0.01 2 2.00029 0.01
r 135.4 0.01 2 2.01273 0.01
r 135.6 0.01 2 2.03335 0.01
r 135.8 0.01 2 2.06357 0.01
r 136 0.01 2 2.10201 0.01
r 136.2 0.01 2 2.14797 0.01
r 136.4 0.01 2 2.20112 0.01
r 136.6 0.01 2 2.26094 0.01
r 136.8 0.01 2 2.32714 0.01
r 137 0.01 2 2.39845 0.01
r 137.2 0.01 2 2.47517 0.01
r 137.4 0.01 2 2.55648 0.01
r 137.6 0.01 2 2.6418 0.01
r 137.8 0.01 2 2.73119 0.01
r 138 0.01 2 2.82398 0.01
r 138.2 0.01 2 2.91987 0.01
r 138.4 0.01 2 3.01891 0.01
r 138.6 0.01 2 3.12036 0.01
r 138.8 0.01 2 3.224 0.01
r 139 0.01 2 3.32962 0.01
r 139.2 0.01 2 3.43737 0.01
r 139.4 0.01 2 3.54681 0.01
r 139.6 0.01 2 3.65775 0.01
r 139.8 0.01 2 3.77017 0.01
r 140 0.01 2 3.88398 0.01
r 140.2 0.01 2 3.99897 0.01
r 140.4 0.01 2 4.11513 0.01
r 140.6 0.01 2 4.23229 0.01
r 140.8 0.01 2 4.3504 0.01
r 141 0.01 2 4.47142 0.01
r 141.2 0.01 2 4.58922 0.01
r 141.4 0.01 2 4.70967 0.01
r 141.6 0.01 2 4.83193 0.01
r 141.8 0.01 2 4.9528 0.01
r 142 0.01 2 5.07469 0.01
r 142.2 0.01 2 5.19757 0.01
r 142.4 0.01 2 5.32102 0.01
r 142.6 0.01 2 5.44489 0.01
r 142.8 0.01 2 5.56953 0.01
r 143 0.01 2 5.69507 0.01
r 143.2 0.01 2 5.81969 0.01
r 143.4 0.01 2 5.94489 0.01
r 143.6 0.01 2 6.07049 0.01
r 143.8 0.01 2 6.19624 0.01
r 144 0.01 2 6.32254 0.01
r 144.2 0.01 2 6.44921 0.01
r 144.4 0.01 2 6.57616 0.01
r 144.6 0.01 2 6.70335 0.01
r 144.8 0.01 2 6.83081 0.01
r 145 0.01 2 6.95835 0.01
r 145.2 0.01 2 7.08625 0.01
r 145.4 0.01 2 7.21422 0.01
r 145.6 0.01 2 7.34265 0.01
r 145.8 0.01 2 7.47087 0.01
r 146 0.01 2 7.59946 0.01
r 146.2 0.01 2 7.72819 0.01
r 146.4 0.01 2 7.85709 0.01
r 146.6 0.01 2 7.98614 0.01
r 146.8 0.01 2 8.11531 0.01
r 147 0.01 2 8.24468 0.01
r 147.2 0.01 2 8.37407 0.01
r 147.4 0.01 2 8.50363 0.01
r 147.6 0.01 2 8.6333 0.01
r 147.8 0.01 2 8.76309 0.01
r 148 0.01 2 8.8936 0.01
r 148.2 0.01 2 9.02376 0.01
r 148.4 0.01 2 9.1535 0.01
r 148.6 0.01 2 9.28346 0.01
r 148.8 0.01 2 9.41361 0.01
r 149 0.01 2 9.54385 0.01
r 149.2 0.01 2 9.67431 0.01
r 149.4 0.01 2 9.80491 0.01
r 149.6 0.01 2 9.93554 0.01
r 149.8 0.01 2 10.0663 0.01
r 150 0.01 2 10.197 0.01
r 150.2 0.01 2 10.3276 0.01
r 150.4 0.01 2 10.4584 0.01
r 150.6 0.01 2 10.5893 0.01
r 150.8 0.01 2 10.7203 0.01
r 151 0.01 2 10.8514 0.01
r 151.2 0.01 2 10.9824 0.01
r 151.4 0.01 2 11.1136 0.01
r 151.6 0.01 2 11.2449 0.01
r 151.8 0.01 2 11.3764 0.01
r 152 0.01 2 11.5076 0.01
r 152.2 0.01 2 11.6388 0.01
r 152.4 0.01 2 11.7701 0.01
r 152.6 0.01 2 11.9015 0.01
r 152.8 0.01 2 12.0329 0.01
r 153 0.01 2 12.1645 0.01
r 153.2 0.01 2 12.296 0.01
r 153.4 0.01 2 12.4276 0.01
r 153.6 0.01 2 12.5593 0.01
r 153.8 0.01 2 12.6914 0.01
r 154 0.01 2 12.8229 0.01
r 154.2 0.01 2 12.9545 0.01
r 154.4 0.01 2 13.0862 0.01
r 154.6 0.01 2 13.2179 0.01
r 154.8 0.01 2 13.3497 0.01
r 155 0.01 2 13.4815 0.01
s 145 3 201
r 125 0.01 2 13.4816 0.01
r 125.2 0.01 2 13.3497 0.01
r 125.4 0.01 2 13.2179 0.01
r 125.6 0.01 2 13.0862 0.01
r 125.8 0.01 2 12.9544 0.01
r 126 0.01 2 12.8228 0.01
r 126.2 0.01 2 12.6911 0.01
r 126.4 0.01 2 12.5594 0.01
r 126.6 0.01 2 12.4277 0.01
r 126.8 0.01 2 12.296 0.01
r 127 0.01 2 12.1644 0.01
r 127.2 0.01 2 12.033 0.01
r 127.4 0.01 2 11.9015 0.01
r 127.6 0.01 2 11.7701 0.01
r 127.8 0.01 2 11.6387 0.01
r 128 0.01 2 11.5074 0.01
r 128.2 0.01 2 11.3762 0.01
r 128.4 0.01 2 11.2452 0.01
r 128.6 0.01 2 11.1138 0.01
r 128.8 0.01 2 10.9825 0.01
r 129 0.01 2 10.8513 0.01
r 129.2 0.01 2 10.7203 0.01
r 129.4 0.01 2 10.5894 0.01
r 129.6 0.01 2 10.4585 0.01
r 129.8 0.01 2 10.3276 0.01
r 130 0.01 2 10.1968 0.01
r 130.2 0.01 2 10.0662 0.01
r 130.4 0.01 2 9.93556 0.01
r 130.6 0.01 2 9.80501 0.01
r 130.8 0.01 2 9.67437 0.01
r 131 0.01 2 9.54399 0.01
r 131.2 0.01 2 9.41368 0.01
r 131.4 0.01 2 9.28346 0.01
r 131.6 0.01 2 9.15331 0.01
r 131.8 0.01 2 9.02326 0.01
r 132 0.01 2 8.89327 0.01
r 132.2 0.01 2 8.76335 0.01
r 132.4 0.01 2 8.63394 0.01
r 132.6 0.01 2 8.50421 0.01
r 132.8 0.01 2 8.37441 0.01
r 133 0.01 2 8.24487 0.01
r 133.2 0.01 2 8.11546 0.01
r 133.4 0.01 2 7.98621 0.01
r 133.6 0.01 2 7.85712 0.01
r 133.8 0.01 2 7.72821 0.01
r 134 0.01 2 7.6006 0.01
r 134.2 0.01 2 7.47171 0.01
r 134.4 0.01 2 7.34314 0.01
r 134.6 0.01 2 7.21465 0.01
r 134.8 0.01 2 7.08628 0.01
r 135 0.01 2 6.95892 0.01
r 135.2 0.01 2 6.83098 0.01
r 135.4 0.01 2 6.70345 0.01
r 135.6 0.01 2 6.57641 0.01
r 135.8 0.01 2 6.45 0.01
r 136 0.01 2 6.32253 0.01
r 136.2 0.01 2 6.19628 0.01
r 136.4 0.01 2 6.07035 0.01
r 136.6 0.01 2 5.94425 0.01
r 136.8 0.01 2 5.8188 0.01
r 137 0.01 2 5.69376 0.01
r 137.2 0.01 2 5.56904 0.01
r 137.4 0.01 2 5.44483 0.01
r 137.6 0.01 2 5.32091 0.01
r 137.8 0.01 2 5.19764 0.01
r 138 0.01 2 5.07467 0.01
r 138.2 0.01 2 4.95239 0.01
r 138.4 0.01 2 4.83066 0.01
r 138.6 0.01 2 4.70959 0.01
r 138.8 0.01 2 4.58926 0.01
r 139 0.01 2 4.46935 0.01
r 139.2 0.01 2 4.35031 0.01
r 139.4 0.01 2 4.23252 0.01
r 139.6 0.01 2 4.11516 0.01
r 139.8 0.01 2 3.99923 0.01
r 140 0.01 2 3.88422 0.01
r 140.2 0.01 2 3.77099 0.01
r 140.4 0.01 2 3.65948 0.01
r 140.6 0.01 2 3.54679 0.01
r 140.8 0.01 2 3.43726 0.01
r 141 0.01 2 3.33075 0.01
r 141.2 0.01 2 3.22463 0.01
r 141.4 0.01 2 3.12068 0.01
r 141.6 0.01 2 3.01924 0.01
r 141.8 0.01 2 2.92058 0.01
r 142 0.01 2 2.82441 0.01
r 142.2 0.01 2 2.73165 0.01
r 142.4 0.01 2 2.6423 0.01
r 142.6 0.01 2 2.55693 0.01
r 142.8 0.01 2 2.47558 0.01
r 143 0.01 2 2.39939 0.01
r 143.2 0.01 2 2.32803 0.01
r 143.4 0.01 2 2.26214 0.01
r 143.6 0.01 2 2.20212 0.01
r 143.8 0.01 2 2.14849 0.01
r 144 0.01 2 2.10298 0.01
r 144.2 0.01 2 2.06502 0.01
r 144.4 0.01 2 2.03526 0.01
r 144.6 0.01 2 2.01401 0.01
r 144.8 0.01 2 2.00067 0.01
r 145 0.01 2 1.99585 0.01
r 145.2 0.01 2 2.00029 0.01
r 145.4 0.01 2 2.01273 0.01
r 145.6 0.01 2 2.03335 0.01
r 145.8 0.01 2 2.06357 0.01
r 146 0.01 2 2.10201 0.01
r 146.2 0.01 2 2.14797 0.01
r 146.4 0.01 2 2.20112 0.01
r 146.6 0.01 2 2.26094 0.01
r 146.8 0.01 2 2.32714 0.01
r 147 0.01 2 2.39845 0.01
r 147.2 0.01 2 2.47517 0.01
r 147.4 0.01 2 2.55648 0.01
r 147.6 0.01 2 2.6418 0.01
r 147.8 0.01 2 2.73119 0.01
r 148 0.01 2 2.82398 0.01
r 148.2 0.01 2 2.91987 0.01
r 148.4 0.01 2 3.01891 0.01
r 148.6 0.01 2 3.12036 0.01
r 148.8 0.01 2 3.224 0.01
r 149 0.01 2 3.32962 0.01
r 149.2 0.01 2 3.43737 0.01
r 149.4 0.01 2 3.54681 0.01
r 149.6 0.01 2 3.65775 0.01
r 149.8 0.01 2 3.77017 0.01
r 150 0.01 2 3.88398 0.01
r 150.2 0.01 2 3.99897 0.01
r 150.4 0.01 2 4.11513 0.01
r 150.6 0.01 2 4.23229 0.01
r 150.8 0.01 2 4.3504 0.01
r 151 0.01 2 4.47142 0.01
r 151.2 0.01 2 4.58922 0.01
r 151.4 0.01 2 4.70967 0.01
r 151.6 0.01 2 4.83193 0.01
r 151.8 0.01 2 4.9528 0.01
r 152 0.01 2 5.07469 0.01
r 152.2 0.01 2 5.19757 0.01
r 152.4 0.01 2 5.32102 0.01
r 152.6 0.01 2 5.44489 0.01
r 152.8 0.01 2 5.56953 0.01
r 153 0.01 2 5.69507 0.01
r 153.2 0.01 2 5.81969 0.01
r 153.4 0.01 2 5.94489 0.01
r 153.6 0.01 2 6.07049 0.01
r 153.8 0.01 2 6.19624 0.01
r 154 0.01 2 6.32254 0.01
r 154.2 0.01 2 6.44921 0.01
r 154.4 0.01 2 6.57616 0.01
r 154.6 0.01 2 6.70335 0.01
r 154.8 0.01 2 6.83081 0.01
r 155 0.01 2 6.95835 0.01
r 155.2 0.01 2 7.08625 0.01
r 155.4 0.01 2 7.21422 0.01
r 155.6 0.01 2 7.34265 0.01
r 155.8 0.01 2 7.47087 0.01
r 156 0.01 2 7.59946 0.01
r 156.2 0.01 2 7.72819 0.01
r 156.4 0.01 2 7.85709 0.01
r 156.6 0.01 2 7.98614 0.01
r 156.8 0.01 2 8.11531 0.01
r 157 0.01 2 8.24468 0.01
r 157.2 0.01 2 8.37407 0.01
r 157.4 0.01 2 8.50363 0.01
r 157.6 0.01 2 8.6333 0.01
r 157.8 0.01 2 8.76309 0.01
r 158 0.01 2 8.8936 0.01
r 158.2 0.01 2 9.02376 0.01
r 158.4 0.01 2 9.1535 0.01
r 158.6 0.01 2 9.28346 0.01
r 158.8 0.01 2 9.41361 0.01
r 159 0.01 2 9.54385 0.01
r 159.2 0.01 2 9.67431 0.01
r 159.4 0.01 2 9.80491 0.01
r 159.6 0.01 2 9.93554 0.01
r 159.8 0.01 2 10.0663 0.01
r 160 0.01 2 10.197 0.01
r 160.2 0.01 2 10.3276 0.01
r 160.4 0.01 2 10.4584 0.01
r 160.6 0.01 2 10.5893 0.01
r 160.8 0.01 2 10.7203 0.01
r 161 0.01 2 10.8514 0.01
r 161.2 0.01 2 10.9824 0.01
r 161.4 0.01 2 11.1136 0.01
r 161.6 0.01 2 11.2449 0.01
r 161.8 0.01 2 11.3764 0.01
r 162 0.01 2 11.5076 0.01
r 162.2 0.01 2 11.6388 0.01
r 162.4 0.01 2 11.7701 0.01
r 162.6 0.01 2 11.9015 0.01
r 162.8 0.01 2 12.0329 0.01
r 163 0.01 2 12.1645 0.01
r 163.2 0.01 2 12.296 0.01
r 163.4 0.01 2 12.4276 0.01
r 163.6 0.01 2 12.5593 0.01
r 163.8 0.01 2 12.6914 0.01
r 164 0.01 2 12.8229 0.01
r 164.2 0.01 2 12.9545 0.01
r 164.4 0.01 2 13.0862 0.01
r 164.6 0.01 2 13.2179 0.01
r 164.8 0.01 2 13.3497 0.01
r 165 0.01 2 13.4815 0.01
