10
s 55 3 201
r 35 0.01 2 13.4816 0.01
r 35.2 0.01 2 13.3498 0.01
r 35.4 0.01 2 13.218 0.01
r 35.6 0.01 2 13.0862 0.01
r 35.8 0.01 2 12.9545 0.01
r 36 0.01 2 12.8228 0.01
r 36.2 0.01 2 12.6911 0.01
r 36.4 0.01 2 12.5593 0.01
r 36.6 0.01 2 12.4276 0.01
r 36.8 0.01 2 12.296 0.01
r 37 0.01 2 12.1644 0.01
r 37.2 0.01 2 12.0329 0.01
r 37.4 0.01 2 11.9014 0.01
r 37.6 0.01 2 11.77 0.01
r 37.8 0.01 2 11.6386 0.01
r 38 0.01 2 11.5072 0.01
r 38.2 0.01 2 11.3759 0.01
r 38.4 0.01 2 11.2447 0.01
r 38.6 0.01 2 11.1135 0.01
r 38.8 0.01 2 10.9823 0.01
r 39 0.01 2 10.8512 0.01
r 39.2 0.01 2 10.7202 0.01
r 39.4 0.01 2 10.5892 0.01
r 39.6 0.01 2 10.4583 0.01
r 39.8 0.01 2 10.3274 0.01
r 40 0.01 2 10.1967 0.01
r 40.2 0.01 2 10.066 0.01
r 40.4 0.01 2 9.9353 0.01
r 40.6 0.01 2 9.80466 0.01
r 40.8 0.01 2 9.67418 0.01
r 41 0.01 2 9.54373 0.01
r 41.2 0.01 2 9.41338 0.01
r 41.4 0.01 2 9.28311 0.01
r 41.6 0.01 2 9.15294 0.01
r 41.8 0.01 2 9.02285 0.01
r 42 0.01 2 8.89287 0.01
r 42.2 0.01 2 8.76299 0.01
r 42.4 0.01 2 8.6333 0.01
r 42.6 0.01 2 8.50356 0.01
r 42.8 0.01 2 8.37401 0.01
r 43 0.01 2 8.24461 0.01
r 43.2 0.01 2 8.11536 0.01
r 43.4 0.01 2 7.98617 0.01
r 43.6 0.01 2 7.85712 0.01
r 43.8 0.01 2 7.72834 0.01
r 44 0.01 2 7.59954 0.01
r 44.2 0.01 2 7.47091 0.01
r 44.4 0.01 2 7.34248 0.01
r 44.6 0.01 2 7.21429 0.01
r 44.8 0.01 2 7.08623 0.01
r 45 0.01 2 6.95881 0.01
r 45.2 0.01 2 6.83117 0.01
r 45.4 0.01 2 6.70387 0.01
r 45.6 0.01 2 6.57665 0.01
r 45.8 0.01 2 6.44986 0.01
r 46 0.01 2 6.32331 0.01
r 46.2 0.01 2 6.19701 0.01
r 46.4 0.01 2 6.07092 0.01
r 46.6 0.01 2 5.9453 0.01
r 46.8 0.01 2 5.8198 0.01
r 47 0.01 2 5.69414 0.01
r 47.2 0.01 2 5.56942 0.01
r 47.4 0.01 2 5.44515 0.01
r 47.6 0.01 2 5.32122 0.01
r 47.8 0.01 2 5.1978 0.01
r 48 0.01 2 5.07493 0.01
r 48.2 0.01 2 4.95261 0.01
r 48.4 0.01 2 4.83085 0.01
r 48.6 0.01 2 4.70978 0.01
r 48.8 0.01 2 4.58936 0.01
r 49 0.01 2 4.47161 0.01
r 49.2 0.01 2 4.35318 0.01
r 49.4 0.01 2 4.23522 0.01
r 49.6 0.01 2 4.11734 0.01
r 49.8 0.01 2 4.00065 0.01
r 50 0.01 2 3.88564 0.01
r 50.2 0.01 2 3.77143 0.01
r 50.4 0.01 2 3.65898 0.01
r 50.6 0.01 2 3.54783 0.01
r 50.8 0.01 2 3.43804 0.01
r 51 0.01 2 3.33111 0.01
r 51.2 0.01 2 3.22504 0.01
r 51.4 0.01 2 3.12111 0.01
r 51.6 0.01 2 3.01968 0.01
r 51.8 0.01 2 2.92095 0.01
r 52 0.01 2 2.82485 0.01
r 52.2 0.01 2 2.73199 0.01
r 52.4 0.01 2 2.64269 0.01
r 52.6 0.01 2 2.55733 0.01
r 52.8 0.01 2 2.47606 0.01
r 53 0.01 2 2.39978 0.01
r 53.2 0.01 2 2.32842 0.01
r 53.4 0.01 2 2.26257 0.01
r 53.6 0.01 2 2.20257 0.01
r 53.8 0.01 2 2.14918 0.01
r 54 0.01 2 2.1034 0.01
r 54.2 0.01 2 2.06547 0.01
r 54.4 0.01 2 2.03565 0.01
r 54.6 0.01 2 2.01436 0.01
r 54.8 0.01 2 2.00109 0.01
r 55 0.01 2 1.99626 0.01
r 55.2 0.01 2 2.00082 0.01
r 55.4 0.01 2 2.01316 0.01
r 55.6 0.01 2 2.03379 0.01
r 55.8 0.01 2 2.06401 0.01
r 56 0.01 2 2.10247 0.01
r 56.2 0.01 2 2.14845 0.01
r 56.4 0.01 2 2.20161 0.01
r 56.6 0.01 2 2.26144 0.01
r 56.8 0.01 2 2.32766 0.01
r 57 0.01 2 2.39899 0.01
r 57.2 0.01 2 2.47573 0.01
r 57.4 0.01 2 2.55706 0.01
r 57.6 0.01 2 2.64241 0.01
r 57.8 0.01 2 2.73182 0.01
r 58 0.01 2 2.82464 0.01
r 58.2 0.01 2 2.92054 0.01
r 58.4 0.01 2 3.01961 0.01
r 58.6 0.01 2 3.12109 0.01
r 58.8 0.01 2 3.22476 0.01
r 59 0.01 2 3.3304 0.01
r 59.2 0.01 2 3.43818 0.01
r 59.4 0.01 2 3.54764 0.01
r 59.6 0.01 2 3.6586 0.01
r 59.8 0.01 2 3.77105 0.01
r 60 0.01 2 3.88488 0.01
r 60.2 0.01 2 3.99989 0.01
r 60.4 0.01 2 4.11606 0.01
r 60.6 0.01 2 4.23324 0.01
r 60.8 0.01 2 4.35136 0.01
r 61 0.01 2 4.47027 0.01
r 61.2 0.01 2 4.59002 0.01
r 61.4 0.01 2 4.7105 0.01
r 61.6 0.01 2 4.8316 0.01
r 61.8 0.01 2 4.95338 0.01
r 62 0.01 2 5.07566 0.01
r 62.2 0.01 2 5.19849 0.01
r 62.4 0.01 2 5.32187 0.01
r 62.6 0.01 2 5.44567 0.01
r 62.8 0.01 2 5.56994 0.01
r 63 0.01 2 5.6946 0.01
r 63.2 0.01 2 5.81963 0.01
r 63.4 0.01 2 5.94502 0.01
r 63.6 0.01 2 6.07082 0.01
r 63.8 0.01 2 6.19687 0.01
r 64 0.01 2 6.32308 0.01
r 64.2 0.01 2 6.44969 0.01
r 64.4 0.01 2 6.57663 0.01
r 64.6 0.01 2 6.70374 0.01
r 64.8 0.01 2 6.83111 0.01
r 65 0.01 2 6.95895 0.01
r 65.2 0.01 2 7.08675 0.01
r 65.4 0.01 2 7.21485 0.01
r 65.6 0.01 2 7.3429 0.01
r 65.8 0.01 2 7.47115 0.01
r 66 0.01 2 7.59951 0.01
r 66.2 0.01 2 7.72821 0.01
r 66.4 0.01 2 7.85704 0.01
r 66.6 0.01 2 7.98604 0.01
r 66.8 0.01 2 8.11518 0.01
r 67 0.01 2 8.24454 0.01
r 67.2 0.01 2 8.3738 0.01
r 67.4 0.01 2 8.50328 0.01
r 67.6 0.01 2 8.63288 0.01
r 67.8 0.01 2 8.76263 0.01
r 68 0.01 2 8.8924 0.01
r 68.2 0.01 2 9.02237 0.01
r 68.4 0.01 2 9.15236 0.01
r 68.6 0.01 2 9.2825 0.01
r 68.8 0.01 2 9.41284 0.01
r 69 0.01 2 9.54303 0.01
r 69.2 0.01 2 9.67347 0.01
r 69.4 0.01 2 9.80403 0.01
r 69.6 0.01 2 9.9345 0.01
r 69.8 0.01 2 10.0651 0.01
r 70 0.01 2 10.1956 0.01
r 70.2 0.01 2 10.3263 0.01
r 70.4 0.01 2 10.4572 0.01
r 70.6 0.01 2 10.5881 0.01
r 70.8 0.01 2 10.7191 0.01
r 71 0.01 2 10.8499 0.01
r 71.2 0.01 2 10.981 0.01
r 71.4 0.01 2 11.1122 0.01
r 71.6 0.01 2 11.2434 0.01
r 71.8 0.01 2 11.3747 0.01
r 72 0.01 2 11.506 0.01
r 72.2 0.01 2 11.6374 0.01
r 72.4 0.01 2 11.769 0.01
r 72.6 0.01 2 11.9003 0.01
r 72.8 0.01 2 12.0318 0.01
r 73 0.01 2 12.1633 0.01
r 73.2 0.01 2 12.295 0.01
r 73.4 0.01 2 12.4266 0.01
r 73.6 0.01 2 12.5583 0.01
r 73.8 0.01 2 12.6901 0.01
r 74 0.01 2 12.822 0.01
r 74.2 0.01 2 12.9539 0.01
r 74.4 0.01 2 13.0862 0.01
r 74.6 0.01 2 13.218 0.01
r 74.8 0.01 2 13.3498 0.01
r 75 0.01 2 13.4816 0.01
s 65 3 201
r 45 0.01 2 13.4823 0.01
r 45.2 0.01 2 13.3505 0.01
r 45.4 0.01 2 13.2187 0.01
r 45.6 0.01 2 13.087 0.01
r 45.8 0.01 2 12.9553 0.01
r 46 0.01 2 12.8236 0.01
r 46.2 0.01 2 12.6919 0.01
r 46.4 0.01 2 12.5602 0.01
r 46.6 0.01 2 12.4285 0.01
r 46.8 0.01 2 12.2969 0.01
r 47 0.01 2 12.1654 0.01
r 47.2 0.01 2 12.0339 0.01
r 47.4 0.01 2 11.9025 0.01
r 47.6 0.01 2 11.771 0.01
r 47.8 0.01 2 11.6396 0.01
r 48 0.01 2 11.5083 0.01
r 48.2 0.01 2 11.377 0.01
r 48.4 0.01 2 11.2458 0.01
r 48.6 0.01 2 11.1146 0.01
r 48.8 0.01 2 10.9835 0.01
r 49 0.01 2 10.8524 0.01
r 49.2 0.01 2 10.7214 0.01
r 49.4 0.01 2 10.5905 0.01
r 49.6 0.01 2 10.4596 0.01
r 49.8 0.01 2 10.3287 0.01
r 50 0.01 2 10.198 0.01
r 50.2 0.01 2 10.0673 0.01
r 50.4 0.01 2 9.93663 0.01
r 50.6 0.01 2 9.80598 0.01
r 50.8 0.01 2 9.67551 0.01
r 51 0.01 2 9.54509 0.01
r 51.2 0.01 2 9.41473 0.01
r 51.4 0.01 2 9.28446 0.01
r 51.6 0.01 2 9.15427 0.01
r 51.8 0.01 2 9.02417 0.01
r 52 0.01 2 8.89417 0.01
r 52.2 0.01 2 8.76432 0.01
r 52.4 0.01 2 8.63451 0.01
r 52.6 0.01 2 8.50514 0.01
r 52.8 0.01 2 8.37596 0.01
r 53 0.01 2 8.24594 0.01
r 53.2 0.01 2 8.11657 0.01
r 53.4 0.01 2 7.98735 0.01
r 53.6 0.01 2 7.85826 0.01
r 53.8 0.01 2 7.72941 0.01
r 54 0.01 2 7.6006 0.01
r 54.2 0.01 2 7.47191 0.01
r 54.4 0.01 2 7.34343 0.01
r 54.6 0.01 2 7.2151 0.01
r 54.8 0.01 2 7.08702 0.01
r 55 0.01 2 6.95937 0.01
r 55.2 0.01 2 6.83167 0.01
r 55.4 0.01 2 6.70425 0.01
r 55.6 0.01 2 6.57705 0.01
r 55.8 0.01 2 6.45019 0.01
r 56 0.01 2 6.32354 0.01
r 56.2 0.01 2 6.19711 0.01
r 56.4 0.01 2 6.07098 0.01
r 56.6 0.01 2 5.94529 0.01
r 56.8 0.01 2 5.82012 0.01
r 57 0.01 2 5.69399 0.01
r 57.2 0.01 2 5.56922 0.01
r 57.4 0.01 2 5.44489 0.01
r 57.6 0.01 2 5.32094 0.01
r 57.8 0.01 2 5.19738 0.01
r 58 0.01 2 5.07448 0.01
r 58.2 0.01 2 4.95206 0.01
r 58.4 0.01 2 4.83032 0.01
r 58.6 0.01 2 4.70912 0.01
r 58.8 0.01 2 4.58861 0.01
r 59 0.01 2 4.46933 0.01
r 59.2 0.01 2 4.35027 0.01
r 59.4 0.01 2 4.23243 0.01
r 59.6 0.01 2 4.11535 0.01
r 59.8 0.01 2 3.99884 0.01
r 60 0.01 2 3.88553 0.01
r 60.2 0.01 2 3.77156 0.01
r 60.4 0.01 2 3.65877 0.01
r 60.6 0.01 2 3.54748 0.01
r 60.8 0.01 2 3.43757 0.01
r 61 0.01 2 3.32891 0.01
r 61.2 0.01 2 3.22302 0.01
r 61.4 0.01 2 3.11919 0.01
r 61.6 0.01 2 3.0178 0.01
r 61.8 0.01 2 2.91911 0.01
r 62 0.01 2 2.82281 0.01
r 62.2 0.01 2 2.73011 0.01
r 62.4 0.01 2 2.64242 0.01
r 62.6 0.01 2 2.55536 0.01
r 62.8 0.01 2 2.47534 0.01
r 63 0.01 2 2.39893 0.01
r 63.2 0.01 2 2.32732 0.01
r 63.4 0.01 2 2.26 0.01
r 63.6 0.01 2 2.20107 0.01
r 63.8 0.01 2 2.14694 0.01
r 64 0.01 2 2.10073 0.01
r 64.2 0.01 2 2.06223 0.01
r 64.4 0.01 2 2.03212 0.01
r 64.6 0.01 2 2.0104 0.01
r 64.8 0.01 2 1.99664 0.01
r 65 0.01 2 1.9944 0.01
r 65.2 0.01 2 1.99882 0.01
r 65.4 0.01 2 2.01122 0.01
r 65.6 0.01 2 2.03181 0.01
r 65.8 0.01 2 2.06197 0.01
r 66 0.01 2 2.10036 0.01
r 66.2 0.01 2 2.14626 0.01
r 66.4 0.01 2 2.19935 0.01
r 66.6 0.01 2 2.25911 0.01
r 66.8 0.01 2 2.32524 0.01
r 67 0.01 2 2.39707 0.01
r 67.2 0.01 2 2.47325 0.01
r 67.4 0.01 2 2.55426 0.01
r 67.6 0.01 2 2.63957 0.01
r 67.8 0.01 2 2.72887 0.01
r 68 0.01 2 2.82147 0.01
r 68.2 0.01 2 2.91739 0.01
r 68.4 0.01 2 3.01609 0.01
r 68.6 0.01 2 3.11742 0.01
r 68.8 0.01 2 3.22098 0.01
r 69 0.01 2 3.32735 0.01
r 69.2 0.01 2 3.43453 0.01
r 69.4 0.01 2 3.5439 0.01
r 69.6 0.01 2 3.65488 0.01
r 69.8 0.01 2 3.76727 0.01
r 70 0.01 2 3.88101 0.01
r 70.2 0.01 2 3.99708 0.01
r 70.4 0.01 2 4.1126 0.01
r 70.6 0.01 2 4.22942 0.01
r 70.8 0.01 2 4.3474 0.01
r 71 0.01 2 4.46675 0.01
r 71.2 0.01 2 4.58615 0.01
r 71.4 0.01 2 4.70651 0.01
r 71.6 0.01 2 4.82785 0.01
r 71.8 0.01 2 4.95002 0.01
r 72 0.01 2 5.07266 0.01
r 72.2 0.01 2 5.19484 0.01
r 72.4 0.01 2 5.3183 0.01
r 72.6 0.01 2 5.4423 0.01
r 72.8 0.01 2 5.56693 0.01
r 73 0.01 2 5.6916 0.01
r 73.2 0.01 2 5.8169 0.01
r 73.4 0.01 2 5.94259 0.01
r 73.6 0.01 2 6.06868 0.01
r 73.8 0.01 2 6.19508 0.01
r 74 0.01 2 6.32197 0.01
r 74.2 0.01 2 6.44892 0.01
r 74.4 0.01 2 6.57604 0.01
r 74.6 0.01 2 6.70351 0.01
r 74.8 0.01 2 6.83124 0.01
r 75 0.01 2 6.95914 0.01
r 75.2 0.01 2 7.0873 0.01
r 75.4 0.01 2 7.21562 0.01
r 75.6 0.01 2 7.3445 0.01
r 75.8 0.01 2 7.4732 0.01
r 76 0.01 2 7.60206 0.01
r 76.2 0.01 2 7.7311 0.01
r 76.4 0.01 2 7.86023 0.01
r 76.6 0.01 2 7.98947 0.01
r 76.8 0.01 2 8.11891 0.01
r 77 0.01 2 8.24882 0.01
r 77.2 0.01 2 8.37861 0.01
r 77.4 0.01 2 8.50854 0.01
r 77.6 0.01 2 8.63835 0.01
r 77.8 0.01 2 8.76843 0.01
r 78 0.01 2 8.89858 0.01
r 78.2 0.01 2 9.02762 0.01
r 78.4 0.01 2 9.15778 0.01
r 78.6 0.01 2 9.28799 0.01
r 78.8 0.01 2 9.41823 0.01
r 79 0.01 2 9.54839 0.01
r 79.2 0.01 2 9.67889 0.01
r 79.4 0.01 2 9.80923 0.01
r 79.6 0.01 2 9.93963 0.01
r 79.8 0.01 2 10.0701 0.01
r 80 0.01 2 10.2006 0.01
r 80.2 0.01 2 10.3313 0.01
r 80.4 0.01 2 10.4622 0.01
r 80.6 0.01 2 10.5927 0.01
r 80.8 0.01 2 10.7233 0.01
r 81 0.01 2 10.8539 0.01
r 81.2 0.01 2 10.9844 0.01
r 81.4 0.01 2 11.115 0.01
r 81.6 0.01 2 11.2457 0.01
r 81.8 0.01 2 11.3763 0.01
r 82 0.01 2 11.507 0.01
r 82.2 0.01 2 11.6376 0.01
r 82.4 0.01 2 11.7682 0.01
r 82.6 0.01 2 11.8988 0.01
r 82.8 0.01 2 12.0299 0.01
r 83 0.01 2 12.1603 0.01
r 83.2 0.01 2 12.2908 0.01
r 83.4 0.01 2 12.4212 0.01
r 83.6 0.01 2 12.5516 0.01
r 83.8 0.01 2 12.6819 0.01
r 84 0.01 2 12.8122 0.01
r 84.2 0.01 2 12.9424 0.01
r 84.4 0.01 2 13.0725 0.01
r 84.6 0.01 2 13.2025 0.01
r 84.8 0.01 2 13.3323 0.01
r 85 0.01 2 13.4621 0.01
s 75 3 201
r 55 0.01 2 13.482 0.01
r 55.2 0.01 2 13.3501 0.01
r 55.4 0.01 2 13.2186 0.01
r 55.6 0.01 2 13.0866 0.01
r 55.8 0.01 2 12.9546 0.01
r 56 0.01 2 12.8226 0.01
r 56.2 0.01 2 12.6908 0.01
r 56.4 0.01 2 12.5589 0.01
r 56.6 0.01 2 12.4272 0.01
r 56.8 0.01 2 12.2955 0.01
r 57 0.01 2 12.1639 0.01
r 57.2 0.01 2 12.0323 0.01
r 57.4 0.01 2 11.9008 0.01
r 57.6 0.01 2 11.7694 0.01
r 57.8 0.01 2 11.6379 0.01
r 58 0.01 2 11.5064 0.01
r 58.2 0.01 2 11.375 0.01
r 58.4 0.01 2 11.2437 0.01
r 58.6 0.01 2 11.1125 0.01
r 58.8 0.01 2 10.9813 0.01
r 59 0.01 2 10.8501 0.01
r 59.2 0.01 2 10.7193 0.01
r 59.4 0.01 2 10.5882 0.01
r 59.6 0.01 2 10.4571 0.01
r 59.8 0.01 2 10.3262 0.01
r 60 0.01 2 10.1953 0.01
r 60.2 0.01 2 10.0649 0.01
r 60.4 0.01 2 9.93415 0.01
r 60.6 0.01 2 9.8034 0.01
r 60.8 0.01 2 9.67277 0.01
r 61 0.01 2 9.54244 0.01
r 61.2 0.01 2 9.41215 0.01
r 61.4 0.01 2 9.28197 0.01
r 61.6 0.01 2 9.15187 0.01
r 61.8 0.01 2 9.02188 0.01
r 62 0.01 2 8.89185 0.01
r 62.2 0.01 2 8.76213 0.01
r 62.4 0.01 2 8.63226 0.01
r 62.6 0.01 2 8.50255 0.01
r 62.8 0.01 2 8.37304 0.01
r 63 0.01 2 8.24375 0.01
r 63.2 0.01 2 8.1146 0.01
r 63.4 0.01 2 7.98573 0.01
r 63.6 0.01 2 7.85693 0.01
r 63.8 0.01 2 7.72861 0.01
r 64 0.01 2 7.60011 0.01
r 64.2 0.01 2 7.47109 0.01
r 64.4 0.01 2 7.34276 0.01
r 64.6 0.01 2 7.21478 0.01
r 64.8 0.01 2 7.08697 0.01
r 65 0.01 2 6.95924 0.01
r 65.2 0.01 2 6.83191 0.01
r 65.4 0.01 2 6.70478 0.01
r 65.6 0.01 2 6.57772 0.01
r 65.8 0.01 2 6.451 0.01
r 66 0.01 2 6.3246 0.01
r 66.2 0.01 2 6.19856 0.01
r 66.4 0.01 2 6.07287 0.01
r 66.6 0.01 2 5.94736 0.01
r 66.8 0.01 2 5.82193 0.01
r 67 0.01 2 5.69735 0.01
r 67.2 0.01 2 5.57249 0.01
r 67.4 0.01 2 5.44841 0.01
r 67.6 0.01 2 5.32486 0.01
r 67.8 0.01 2 5.20168 0.01
r 68 0.01 2 5.07923 0.01
r 68.2 0.01 2 4.95704 0.01
r 68.4 0.01 2 4.83583 0.01
r 68.6 0.01 2 4.71541 0.01
r 68.8 0.01 2 4.59417 0.01
r 69 0.01 2 4.47452 0.01
r 69.2 0.01 2 4.35602 0.01
r 69.4 0.01 2 4.23789 0.01
r 69.6 0.01 2 4.12093 0.01
r 69.8 0.01 2 4.00505 0.01
r 70 0.01 2 3.89032 0.01
r 70.2 0.01 2 3.77693 0.01
r 70.4 0.01 2 3.66513 0.01
r 70.6 0.01 2 3.55345 0.01
r 70.8 0.01 2 3.44414 0.01
r 71 0.01 2 3.33657 0.01
r 71.2 0.01 2 3.23075 0.01
r 71.4 0.01 2 3.12707 0.01
r 71.6 0.01 2 3.02578 0.01
r 71.8 0.01 2 2.92718 0.01
r 72 0.01 2 2.8319 0.01
r 72.2 0.01 2 2.73861 0.01
r 72.4 0.01 2 2.64956 0.01
r 72.6 0.01 2 2.56477 0.01
r 72.8 0.01 2 2.48348 0.01
r 73 0.01 2 2.40618 0.01
r 73.2 0.01 2 2.33482 0.01
r 73.4 0.01 2 2.26874 0.01
r 73.6 0.01 2 2.20887 0.01
r 73.8 0.01 2 2.15574 0.01
r 74 0.01 2 2.10974 0.01
r 74.2 0.01 2 2.07128 0.01
r 74.4 0.01 2 2.04141 0.01
r 74.6 0.01 2 2.01969 0.01
r 74.8 0.01 2 2.00742 0.01
r 75 0.01 2 2.00375 0.01
r 75.2 0.01 2 2.00844 0.01
r 75.4 0.01 2 2.02071 0.01
r 75.6 0.01 2 2.04173 0.01
r 75.8 0.01 2 2.07218 0.01
r 76 0.01 2 2.11089 0.01
r 76.2 0.01 2 2.15713 0.01
r 76.4 0.01 2 2.21052 0.01
r 76.6 0.01 2 2.2706 0.01
r 76.8 0.01 2 2.33706 0.01
r 77 0.01 2 2.40864 0.01
r 77.2 0.01 2 2.4856 0.01
r 77.4 0.01 2 2.56721 0.01
r 77.6 0.01 2 2.65283 0.01
r 77.8 0.01 2 2.74254 0.01
r 78 0.01 2 2.83565 0.01
r 78.2 0.01 2 2.93183 0.01
r 78.4 0.01 2 3.03127 0.01
r 78.6 0.01 2 3.1329 0.01
r 78.8 0.01 2 3.23677 0.01
r 79 0.01 2 3.3426 0.01
r 79.2 0.01 2 3.45048 0.01
r 79.4 0.01 2 3.56011 0.01
r 79.6 0.01 2 3.67115 0.01
r 79.8 0.01 2 3.78371 0.01
r 80 0.01 2 3.89747 0.01
r 80.2 0.01 2 4.0125 0.01
r 80.4 0.01 2 4.1286 0.01
r 80.6 0.01 2 4.24572 0.01
r 80.8 0.01 2 4.36373 0.01
r 81 0.01 2 4.48247 0.01
r 81.2 0.01 2 4.60191 0.01
r 81.4 0.01 2 4.72207 0.01
r 81.6 0.01 2 4.84298 0.01
r 81.8 0.01 2 4.96434 0.01
r 82 0.01 2 5.08606 0.01
r 82.2 0.01 2 5.20837 0.01
r 82.4 0.01 2 5.33113 0.01
r 82.6 0.01 2 5.45426 0.01
r 82.8 0.01 2 5.57763 0.01
r 83 0.01 2 5.70152 0.01
r 83.2 0.01 2 5.82562 0.01
r 83.4 0.01 2 5.95066 0.01
r 83.6 0.01 2 6.07445 0.01
r 83.8 0.01 2 6.19898 0.01
r 84 0.01 2 6.32378 0.01
r 84.2 0.01 2 6.44842 0.01
r 84.4 0.01 2 6.57365 0.01
r 84.6 0.01 2 6.69861 0.01
r 84.8 0.01 2 6.82351 0.01
r 85 0.01 2 6.9488 0.01
r 85.2 0.01 2 7.07436 0.01
r 85.4 0.01 2 7.19949 0.01
r 85.6 0.01 2 7.3246 0.01
r 85.8 0.01 2 7.44975 0.01
r 86 0.01 2 7.57483 0.01
r 86.2 0.01 2 7.70003 0.01
r 86.4 0.01 2 7.82522 0.01
r 86.6 0.01 2 7.95032 0.01
r 86.8 0.01 2 8.07566 0.01
r 87 0.01 2 8.20062 0.01
r 87.2 0.01 2 8.3253 0.01
r 87.4 0.01 2 8.44959 0.01
r 87.6 0.01 2 8.57362 0.01
r 87.8 0.01 2 8.69728 0.01
r 88 0.01 2 8.82072 0.01
r 88.2 0.01 2 8.94398 0.01
r 88.4 0.01 2 9.06788 0.01
r 88.6 0.01 2 9.19063 0.01
r 88.8 0.01 2 9.31312 0.01
r 89 0.01 2 9.43576 0.01
r 89.2 0.01 2 9.55848 0.01
r 89.4 0.01 2 9.68105 0.01
r 89.6 0.01 2 9.80381 0.01
r 89.8 0.01 2 9.92672 0.01
r 90 0.01 2 10.0498 0.01
r 90.2 0.01 2 10.1722 0.01
r 90.4 0.01 2 10.2949 0.01
r 90.6 0.01 2 10.4177 0.01
r 90.8 0.01 2 10.5404 0.01
r 91 0.01 2 10.663 0.01
r 91.2 0.01 2 10.7857 0.01
r 91.4 0.01 2 10.9084 0.01
r 91.6 0.01 2 11.0312 0.01
r 91.8 0.01 2 11.154 0.01
r 92 0.01 2 11.2769 0.01
r 92.2 0.01 2 11.3999 0.01
r 92.4 0.01 2 11.5229 0.01
r 92.6 0.01 2 11.6462 0.01
r 92.8 0.01 2 11.7696 0.01
r 93 0.01 2 11.8934 0.01
r 93.2 0.01 2 12.0172 0.01
r 93.4 0.01 2 12.1412 0.01
r 93.6 0.01 2 12.2652 0.01
r 93.8 0.01 2 12.3895 0.01
r 94 0.01 2 12.5139 0.01
r 94.2 0.01 2 12.6384 0.01
r 94.4 0.01 2 12.7631 0.01
r 94.6 0.01 2 12.8878 0.01
r 94.8 0.01 2 13.0127 0.01
r 95 0.01 2 13.1376 0.01
s 85 3 201
r 65 0.01 2 13.4796 0.01
r 65.2 0.01 2 13.3482 0.01
r 65.4 0.01 2 13.2167 0.01
r 65.6 0.01 2 13.0852 0.01
r 65.8 0.01 2 12.9538 0.01
r 66 0.01 2 12.8224 0.01
r 66.2 0.01 2 12.6911 0.01
r 66.4 0.01 2 12.5597 0.01
r 66.6 0.01 2 12.4284 0.01
r 66.8 0.01 2 12.2975 0.01
r 67 0.01 2 12.1659 0.01
r 67.2 0.01 2 12.0347 0.01
r 67.4 0.01 2 11.9035 0.01
r 67.6 0.01 2 11.7722 0.01
r 67.8 0.01 2 11.6411 0.01
r 68 0.01 2 11.51 0.01
r 68.2 0.01 2 11.3789 0.01
r 68.4 0.01 2 11.2479 0.01
r 68.6 0.01 2 11.117 0.01
r 68.8 0.01 2 10.9863 0.01
r 69 0.01 2 10.8551 0.01
r 69.2 0.01 2 10.7241 0.01
r 69.4 0.01 2 10.5933 0.01
r 69.6 0.01 2 10.4625 0.01
r 69.8 0.01 2 10.3318 0.01
r 70 0.01 2 10.201 0.01
r 70.2 0.01 2 10.0702 0.01
r 70.4 0.01 2 9.93949 0.01
r 70.6 0.01 2 9.80882 0.01
r 70.8 0.01 2 9.67816 0.01
r 71 0.01 2 9.54763 0.01
r 71.2 0.01 2 9.41699 0.01
r 71.4 0.01 2 9.2864 0.01
r 71.6 0.01 2 9.15585 0.01
r 71.8 0.01 2 9.02534 0.01
r 72 0.01 2 8.89487 0.01
r 72.2 0.01 2 8.7645 0.01
r 72.4 0.01 2 8.63427 0.01
r 72.6 0.01 2 8.50473 0.01
r 72.8 0.01 2 8.37453 0.01
r 73 0.01 2 8.24381 0.01
r 73.2 0.01 2 8.11378 0.01
r 73.4 0.01 2 7.98384 0.01
r 73.6 0.01 2 7.85406 0.01
r 73.8 0.01 2 7.7243 0.01
r 74 0.01 2 7.59463 0.01
r 74.2 0.01 2 7.46511 0.01
r 74.4 0.01 2 7.33573 0.01
r 74.6 0.01 2 7.20647 0.01
r 74.8 0.01 2 7.07739 0.01
r 75 0.01 2 6.9485 0.01
r 75.2 0.01 2 6.81982 0.01
r 75.4 0.01 2 6.69129 0.01
r 75.6 0.01 2 6.56298 0.01
r 75.8 0.01 2 6.43512 0.01
r 76 0.01 2 6.30735 0.01
r 76.2 0.01 2 6.17982 0.01
r 76.4 0.01 2 6.05266 0.01
r 76.6 0.01 2 5.92598 0.01
r 76.8 0.01 2 5.79948 0.01
r 77 0.01 2 5.67263 0.01
r 77.2 0.01 2 5.54704 0.01
r 77.4 0.01 2 5.42167 0.01
r 77.6 0.01 2 5.29679 0.01
r 77.8 0.01 2 5.17231 0.01
r 78 0.01 2 5.0484 0.01
r 78.2 0.01 2 4.925 0.01
r 78.4 0.01 2 4.80228 0.01
r 78.6 0.01 2 4.68018 0.01
r 78.8 0.01 2 4.55883 0.01
r 79 0.01 2 4.44053 0.01
r 79.2 0.01 2 4.32071 0.01
r 79.4 0.01 2 4.20136 0.01
r 79.6 0.01 2 4.08311 0.01
r 79.8 0.01 2 3.96569 0.01
r 80 0.01 2 3.84988 0.01
r 80.2 0.01 2 3.73481 0.01
r 80.4 0.01 2 3.62155 0.01
r 80.6 0.01 2 3.50969 0.01
r 80.8 0.01 2 3.39901 0.01
r 81 0.01 2 3.29122 0.01
r 81.2 0.01 2 3.18491 0.01
r 81.4 0.01 2 3.08048 0.01
r 81.6 0.01 2 2.97846 0.01
r 81.8 0.01 2 2.87934 0.01
r 82 0.01 2 2.78277 0.01
r 82.2 0.01 2 2.68955 0.01
r 82.4 0.01 2 2.59981 0.01
r 82.6 0.01 2 2.51423 0.01
r 82.8 0.01 2 2.43283 0.01
r 83 0.01 2 2.35621 0.01
r 83.2 0.01 2 2.28434 0.01
r 83.4 0.01 2 2.2178 0.01
r 83.6 0.01 2 2.15783 0.01
r 83.8 0.01 2 2.10401 0.01
r 84 0.01 2 2.05732 0.01
r 84.2 0.01 2 2.01877 0.01
r 84.4 0.01 2 1.98819 0.01
r 84.6 0.01 2 1.96556 0.01
r 84.8 0.01 2 1.95092 0.01
r 85 0.01 2 1.94493 0.01
r 85.2 0.01 2 1.9478 0.01
r 85.4 0.01 2 1.95797 0.01
r 85.6 0.01 2 1.97679 0.01
r 85.8 0.01 2 2.00458 0.01
r 86 0.01 2 2.0403 0.01
r 86.2 0.01 2 2.08327 0.01
r 86.4 0.01 2 2.13309 0.01
r 86.6 0.01 2 2.18936 0.01
r 86.8 0.01 2 2.25178 0.01
r 87 0.01 2 2.32011 0.01
r 87.2 0.01 2 2.39218 0.01
r 87.4 0.01 2 2.46889 0.01
r 87.6 0.01 2 2.54991 0.01
r 87.8 0.01 2 2.63447 0.01
r 88 0.01 2 2.72321 0.01
r 88.2 0.01 2 2.81301 0.01
r 88.4 0.01 2 2.90634 0.01
r 88.6 0.01 2 3.00203 0.01
r 88.8 0.01 2 3.10032 0.01
r 89 0.01 2 3.20133 0.01
r 89.2 0.01 2 3.30428 0.01
r 89.4 0.01 2 3.40759 0.01
r 89.6 0.01 2 3.51155 0.01
r 89.8 0.01 2 3.61736 0.01
r 90 0.01 2 3.72514 0.01
r 90.2 0.01 2 3.83344 0.01
r 90.4 0.01 2 3.94325 0.01
r 90.6 0.01 2 4.05392 0.01
r 90.8 0.01 2 4.16525 0.01
r 91 0.01 2 4.27798 0.01
r 91.2 0.01 2 4.39071 0.01
r 91.4 0.01 2 4.50425 0.01
r 91.6 0.01 2 4.62008 0.01
r 91.8 0.01 2 4.73426 0.01
r 92 0.01 2 4.84909 0.01
r 92.2 0.01 2 4.96536 0.01
r 92.4 0.01 2 5.08176 0.01
r 92.6 0.01 2 5.19873 0.01
r 92.8 0.01 2 5.31591 0.01
r 93 0.01 2 5.4337 0.01
r 93.2 0.01 2 5.55203 0.01
r 93.4 0.01 2 5.67147 0.01
r 93.6 0.01 2 5.78982 0.01
r 93.8 0.01 2 5.90862 0.01
r 94 0.01 2 6.02749 0.01
r 94.2 0.01 2 6.14655 0.01
r 94.4 0.01 2 6.26611 0.01
r 94.6 0.01 2 6.38561 0.01
r 94.8 0.01 2 6.50563 0.01
r 95 0.01 2 6.6257 0.01
r 95.2 0.01 2 6.74596 0.01
r 95.4 0.01 2 6.86625 0.01
r 95.6 0.01 2 6.98637 0.01
r 95.8 0.01 2 7.10686 0.01
r 96 0.01 2 7.22728 0.01
r 96.2 0.01 2 7.34787 0.01
r 96.4 0.01 2 7.46849 0.01
r 96.6 0.01 2 7.58939 0.01
r 96.8 0.01 2 7.71 0.01
r 97 0.01 2 7.83091 0.01
r 97.2 0.01 2 7.95155 0.01
r 97.4 0.01 2 8.0723 0.01
r 97.6 0.01 2 8.19329 0.01
r 97.8 0.01 2 8.31412 0.01
r 98 0.01 2 8.43537 0.01
r 98.2 0.01 2 8.55635 0.01
r 98.4 0.01 2 8.67776 0.01
r 98.6 0.01 2 8.79943 0.01
r 98.8 0.01 2 8.9213 0.01
r 99 0.01 2 9.04329 0.01
r 99.2 0.01 2 9.16551 0.01
r 99.4 0.01 2 9.28807 0.01
r 99.6 0.01 2 9.41075 0.01
r 99.8 0.01 2 9.53378 0.01
r 100 0.01 2 9.65679 0.01
r 100.2 0.01 2 9.77993 0.01
r 100.4 0.01 2 9.90313 0.01
r 100.6 0.01 2 10.0265 0.01
r 100.8 0.01 2 10.1498 0.01
r 101 0.01 2 10.2731 0.01
r 101.2 0.01 2 10.3965 0.01
r 101.4 0.01 2 10.5199 0.01
r 101.6 0.01 2 10.6435 0.01
r 101.8 0.01 2 10.7672 0.01
r 102 0.01 2 10.8908 0.01
r 102.2 0.01 2 11.0146 0.01
r 102.4 0.01 2 11.1386 0.01
r 102.6 0.01 2 11.2627 0.01
r 102.8 0.01 2 11.387 0.01
r 103 0.01 2 11.5115 0.01
r 103.2 0.01 2 11.6361 0.01
r 103.4 0.01 2 11.7609 0.01
r 103.6 0.01 2 11.8858 0.01
r 103.8 0.01 2 12.0109 0.01
r 104 0.01 2 12.1361 0.01
r 104.2 0.01 2 12.2614 0.01
r 104.4 0.01 2 12.387 0.01
r 104.6 0.01 2 12.5126 0.01
r 104.8 0.01 2 12.6384 0.01
r 105 0.01 2 12.7643 0.01
s 95 3 201
r 75 0.01 2 13.0821 0.01
r 75.2 0.01 2 12.9492 0.01
r 75.4 0.01 2 12.8162 0.01
r 75.6 0.01 2 12.6833 0.01
r 75.8 0.01 2 12.5505 0.01
r 76 0.01 2 12.4178 0.01
r 76.2 0.01 2 12.2852 0.01
r 76.4 0.01 2 12.1528 0.01
r 76.6 0.01 2 12.0203 0.01
r 76.8 0.01 2 11.888 0.01
r 77 0.01 2 11.7561 0.01
r 77.2 0.01 2 11.624 0.01
r 77.4 0.01 2 11.492 0.01
r 77.6 0.01 2 11.3602 0.01
r 77.8 0.01 2 11.2285 0.01
r 78 0.01 2 11.0969 0.01
r 78.2 0.01 2 10.9656 0.01
r 78.4 0.01 2 10.8344 0.01
r 78.6 0.01 2 10.7033 0.01
r 78.8 0.01 2 10.5724 0.01
r 79 0.01 2 10.4416 0.01
r 79.2 0.01 2 10.3111 0.01
r 79.4 0.01 2 10.1807 0.01
r 79.6 0.01 2 10.0505 0.01
r 79.8 0.01 2 9.92051 0.01
r 80 0.01 2 9.79077 0.01
r 80.2 0.01 2 9.66125 0.01
r 80.4 0.01 2 9.53184 0.01
r 80.6 0.01 2 9.40262 0.01
r 80.8 0.01 2 9.27362 0.01
r 81 0.01 2 9.14507 0.01
r 81.2 0.01 2 9.01644 0.01
r 81.4 0.01 2 8.88819 0.01
r 81.6 0.01 2 8.76018 0.01
r 81.8 0.01 2 8.63245 0.01
r 82 0.01 2 8.50501 0.01
r 82.2 0.01 2 8.37784 0.01
r 82.4 0.01 2 8.25096 0.01
r 82.6 0.01 2 8.12436 0.01
r 82.8 0.01 2 7.99862 0.01
r 83 0.01 2 7.87207 0.01
r 83.2 0.01 2 7.7477 0.01
r 83.4 0.01 2 7.62149 0.01
r 83.6 0.01 2 7.49577 0.01
r 83.8 0.01 2 7.37067 0.01
r 84 0.01 2 7.24576 0.01
r 84.2 0.01 2 7.12122 0.01
r 84.4 0.01 2 6.9972 0.01
r 84.6 0.01 2 6.8725 0.01
r 84.8 0.01 2 6.74872 0.01
r 85 0.01 2 6.62516 0.01
r 85.2 0.01 2 6.5019 0.01
r 85.4 0.01 2 6.37905 0.01
r 85.6 0.01 2 6.25627 0.01
r 85.8 0.01 2 6.13403 0.01
r 86 0.01 2 6.01207 0.01
r 86.2 0.01 2 5.89068 0.01
r 86.4 0.01 2 5.76958 0.01
r 86.6 0.01 2 5.64872 0.01
r 86.8 0.01 2 5.52834 0.01
r 87 0.01 2 5.40844 0.01
r 87.2 0.01 2 5.28852 0.01
r 87.4 0.01 2 5.16955 0.01
r 87.6 0.01 2 5.05114 0.01
r 87.8 0.01 2 4.93335 0.01
r 88 0.01 2 4.81604 0.01
r 88.2 0.01 2 4.69932 0.01
r 88.4 0.01 2 4.5841 0.01
r 88.6 0.01 2 4.46736 0.01
r 88.8 0.01 2 4.35265 0.01
r 89 0.01 2 4.2387 0.01
r 89.2 0.01 2 4.12558 0.01
r 89.4 0.01 2 4.01327 0.01
r 89.6 0.01 2 3.90194 0.01
r 89.8 0.01 2 3.7926 0.01
r 90 0.01 2 3.68263 0.01
r 90.2 0.01 2 3.57407 0.01
r 90.4 0.01 2 3.46655 0.01
r 90.6 0.01 2 3.36117 0.01
r 90.8 0.01 2 3.25732 0.01
r 91 0.01 2 3.15589 0.01
r 91.2 0.01 2 3.05492 0.01
r 91.4 0.01 2 2.9562 0.01
r 91.6 0.01 2 2.85976 0.01
r 91.8 0.01 2 2.76576 0.01
r 92 0.01 2 2.67455 0.01
r 92.2 0.01 2 2.58654 0.01
r 92.4 0.01 2 2.50176 0.01
r 92.6 0.01 2 2.42082 0.01
r 92.8 0.01 2 2.34423 0.01
r 93 0.01 2 2.27178 0.01
r 93.2 0.01 2 2.20388 0.01
r 93.4 0.01 2 2.14155 0.01
r 93.6 0.01 2 2.08487 0.01
r 93.8 0.01 2 2.03461 0.01
r 94 0.01 2 1.99154 0.01
r 94.2 0.01 2 1.95501 0.01
r 94.4 0.01 2 1.9268 0.01
r 94.6 0.01 2 1.90571 0.01
r 94.8 0.01 2 1.89381 0.01
r 95 0.01 2 1.89136 0.01
r 95.2 0.01 2 1.8958 0.01
r 95.4 0.01 2 1.90772 0.01
r 95.6 0.01 2 1.92727 0.01
r 95.8 0.01 2 1.95607 0.01
r 96 0.01 2 1.99264 0.01
r 96.2 0.01 2 2.03635 0.01
r 96.4 0.01 2 2.08683 0.01
r 96.6 0.01 2 2.14369 0.01
r 96.8 0.01 2 2.20668 0.01
r 97 0.01 2 2.27542 0.01
r 97.2 0.01 2 2.348 0.01
r 97.4 0.01 2 2.42506 0.01
r 97.6 0.01 2 2.50677 0.01
r 97.8 0.01 2 2.5928 0.01
r 98 0.01 2 2.68162 0.01
r 98.2 0.01 2 2.77203 0.01
r 98.4 0.01 2 2.86587 0.01
r 98.6 0.01 2 2.96248 0.01
r 98.8 0.01 2 3.06161 0.01
r 99 0.01 2 3.16352 0.01
r 99.2 0.01 2 3.26749 0.01
r 99.4 0.01 2 3.37198 0.01
r 99.6 0.01 2 3.47665 0.01
r 99.8 0.01 2 3.58326 0.01
r 100 0.01 2 3.6926 0.01
r 100.2 0.01 2 3.80156 0.01
r 100.4 0.01 2 3.91243 0.01
r 100.6 0.01 2 4.0243 0.01
r 100.8 0.01 2 4.13685 0.01
r 101 0.01 2 4.24999 0.01
r 101.2 0.01 2 4.36446 0.01
r 101.4 0.01 2 4.47905 0.01
r 101.6 0.01 2 4.59694 0.01
r 101.8 0.01 2 4.71179 0.01
r 102 0.01 2 4.82758 0.01
r 102.2 0.01 2 4.94466 0.01
r 102.4 0.01 2 5.06204 0.01
r 102.6 0.01 2 5.17998 0.01
r 102.8 0.01 2 5.29844 0.01
r 103 0.01 2 5.4174 0.01
r 103.2 0.01 2 5.53673 0.01
r 103.4 0.01 2 5.65753 0.01
r 103.6 0.01 2 5.7765 0.01
r 103.8 0.01 2 5.89626 0.01
r 104 0.01 2 6.01623 0.01
r 104.2 0.01 2 6.13638 0.01
r 104.4 0.01 2 6.257 0.01
r 104.6 0.01 2 6.37777 0.01
r 104.8 0.01 2 6.49857 0.01
r 105 0.01 2 6.62072 0.01
r 105.2 0.01 2 6.74111 0.01
r 105.4 0.01 2 6.86259 0.01
r 105.6 0.01 2 6.98428 0.01
r 105.8 0.01 2 7.10525 0.01
r 106 0.01 2 7.22574 0.01
r 106.2 0.01 2 7.34636 0.01
r 106.4 0.01 2 7.46692 0.01
r 106.6 0.01 2 7.58747 0.01
r 106.8 0.01 2 7.70784 0.01
r 107 0.01 2 7.82853 0.01
r 107.2 0.01 2 7.94906 0.01
r 107.4 0.01 2 8.06956 0.01
r 107.6 0.01 2 8.19041 0.01
r 107.8 0.01 2 8.3113 0.01
r 108 0.01 2 8.43233 0.01
r 108.2 0.01 2 8.55371 0.01
r 108.4 0.01 2 8.67515 0.01
r 108.6 0.01 2 8.79688 0.01
r 108.8 0.01 2 8.91867 0.01
r 109 0.01 2 9.04061 0.01
r 109.2 0.01 2 9.16286 0.01
r 109.4 0.01 2 9.28523 0.01
r 109.6 0.01 2 9.40788 0.01
r 109.8 0.01 2 9.53084 0.01
r 110 0.01 2 9.65412 0.01
r 110.2 0.01 2 9.77674 0.01
r 110.4 0.01 2 9.89991 0.01
r 110.6 0.01 2 10.0232 0.01
r 110.8 0.01 2 10.1467 0.01
r 111 0.01 2 10.2703 0.01
r 111.2 0.01 2 10.394 0.01
r 111.4 0.01 2 10.5179 0.01
r 111.6 0.01 2 10.642 0.01
r 111.8 0.01 2 10.7661 0.01
r 112 0.01 2 10.8905 0.01
r 112.2 0.01 2 11.0151 0.01
r 112.4 0.01 2 11.1399 0.01
r 112.6 0.01 2 11.265 0.01
r 112.8 0.01 2 11.3903 0.01
r 113 0.01 2 11.5159 0.01
r 113.2 0.01 2 11.6419 0.01
r 113.4 0.01 2 11.768 0.01
r 113.6 0.01 2 11.8944 0.01
r 113.8 0.01 2 12.0211 0.01
r 114 0.01 2 12.1481 0.01
r 114.2 0.01 2 12.2754 0.01
r 114.4 0.01 2 12.403 0.01
r 114.6 0.01 2 12.5309 0.01
r 114.8 0.01 2 12.6592 0.01
r 115 0.01 2 12.7876 0.01
s 105 3 201
r 85 0.01 2 12.7853 0.01
r 85.2 0.01 2 12.6567 0.01
r 85.4 0.01 2 12.5285 0.01
r 85.6 0.01 2 12.4005 0.01
r 85.8 0.01 2 12.2728 0.01
r 86 0.01 2 12.1454 0.01
r 86.2 0.01 2 12.0184 0.01
r 86.4 0.01 2 11.8916 0.01
r 86.6 0.01 2 11.7651 0.01
r 86.8 0.01 2 11.6388 0.01
r 87 0.01 2 11.513 0.01
r 87.2 0.01 2 11.3874 0.01
r 87.4 0.01 2 11.262 0.01
r 87.6 0.01 2 11.137 0.01
r 87.8 0.01 2 11.0121 0.01
r 88 0.01 2 10.8876 0.01
r 88.2 0.01 2 10.7633 0.01
r 88.4 0.01 2 10.6391 0.01
r 88.6 0.01 2 10.515 0.01
r 88.8 0.01 2 10.3911 0.01
r 89 0.01 2 10.2676 0.01
r 89.2 0.01 2 10.144 0.01
r 89.4 0.01 2 10.0205 0.01
r 89.6 0.01 2 9.89709 0.01
r 89.8 0.01 2 9.77383 0.01
r 90 0.01 2 9.65066 0.01
r 90.2 0.01 2 9.5277 0.01
r 90.4 0.01 2 9.40487 0.01
r 90.6 0.01 2 9.28222 0.01
r 90.8 0.01 2 9.15982 0.01
r 91 0.01 2 9.03809 0.01
r 91.2 0.01 2 8.91612 0.01
r 91.4 0.01 2 8.79424 0.01
r 91.6 0.01 2 8.67262 0.01
r 91.8 0.01 2 8.55131 0.01
r 92 0.01 2 8.43009 0.01
r 92.2 0.01 2 8.30909 0.01
r 92.4 0.01 2 8.18818 0.01
r 92.6 0.01 2 8.06737 0.01
r 92.8 0.01 2 7.94666 0.01
r 93 0.01 2 7.82615 0.01
r 93.2 0.01 2 7.70742 0.01
r 93.4 0.01 2 7.58618 0.01
r 93.6 0.01 2 7.46511 0.01
r 93.8 0.01 2 7.34419 0.01
r 94 0.01 2 7.2233 0.01
r 94.2 0.01 2 7.10273 0.01
r 94.4 0.01 2 6.98255 0.01
r 94.6 0.01 2 6.86262 0.01
r 94.8 0.01 2 6.7395 0.01
r 95 0.01 2 6.61842 0.01
r 95.2 0.01 2 6.49747 0.01
r 95.4 0.01 2 6.37671 0.01
r 95.6 0.01 2 6.25622 0.01
r 95.8 0.01 2 6.13591 0.01
r 96 0.01 2 6.01589 0.01
r 96.2 0.01 2 5.89599 0.01
r 96.4 0.01 2 5.77634 0.01
r 96.6 0.01 2 5.6563 0.01
r 96.8 0.01 2 5.53674 0.01
r 97 0.01 2 5.41725 0.01
r 97.2 0.01 2 5.29852 0.01
r 97.4 0.01 2 5.18012 0.01
r 97.6 0.01 2 5.06221 0.01
r 97.8 0.01 2 4.94475 0.01
r 98 0.01 2 4.82751 0.01
r 98.2 0.01 2 4.71086 0.01
r 98.4 0.01 2 4.59468 0.01
r 98.6 0.01 2 4.47918 0.01
r 98.8 0.01 2 4.3643 0.01
r 99 0.01 2 4.25028 0.01
r 99.2 0.01 2 4.13692 0.01
r 99.4 0.01 2 4.02444 0.01
r 99.6 0.01 2 3.91277 0.01
r 99.8 0.01 2 3.80193 0.01
r 100 0.01 2 3.69228 0.01
r 100.2 0.01 2 3.58349 0.01
r 100.4 0.01 2 3.47604 0.01
r 100.6 0.01 2 3.37007 0.01
r 100.8 0.01 2 3.26552 0.01
r 101 0.01 2 3.16262 0.01
r 101.2 0.01 2 3.06294 0.01
r 101.4 0.01 2 2.96362 0.01
r 101.6 0.01 2 2.86649 0.01
r 101.8 0.01 2 2.77206 0.01
r 102 0.01 2 2.68049 0.01
r 102.2 0.01 2 2.59196 0.01
r 102.4 0.01 2 2.50667 0.01
r 102.6 0.01 2 2.42538 0.01
r 102.8 0.01 2 2.34765 0.01
r 103 0.01 2 2.27517 0.01
r 103.2 0.01 2 2.20692 0.01
r 103.4 0.01 2 2.14374 0.01
r 103.6 0.01 2 2.08719 0.01
r 103.8 0.01 2 2.03649 0.01
r 104 0.01 2 1.99275 0.01
r 104.2 0.01 2 1.95663 0.01
r 104.4 0.01 2 1.92746 0.01
r 104.6 0.01 2 1.90668 0.01
r 104.8 0.01 2 1.89501 0.01
r 105 0.01 2 1.89125 0.01
r 105.2 0.01 2 1.89548 0.01
r 105.4 0.01 2 1.90695 0.01
r 105.6 0.01 2 1.92631 0.01
r 105.8 0.01 2 1.95479 0.01
r 106 0.01 2 1.99104 0.01
r 106.2 0.01 2 2.03439 0.01
r 106.4 0.01 2 2.08452 0.01
r 106.6 0.01 2 2.14098 0.01
r 106.8 0.01 2 2.2035 0.01
r 107 0.01 2 2.27166 0.01
r 107.2 0.01 2 2.34414 0.01
r 107.4 0.01 2 2.42097 0.01
r 107.6 0.01 2 2.50181 0.01
r 107.8 0.01 2 2.58693 0.01
r 108 0.01 2 2.67547 0.01
r 108.2 0.01 2 2.76549 0.01
r 108.4 0.01 2 2.85896 0.01
r 108.6 0.01 2 2.95508 0.01
r 108.8 0.01 2 3.05373 0.01
r 109 0.01 2 3.15649 0.01
r 109.2 0.01 2 3.25966 0.01
r 109.4 0.01 2 3.36315 0.01
r 109.6 0.01 2 3.46737 0.01
r 109.8 0.01 2 3.57325 0.01
r 110 0.01 2 3.68146 0.01
r 110.2 0.01 2 3.79083 0.01
r 110.4 0.01 2 3.90145 0.01
r 110.6 0.01 2 4.01293 0.01
r 110.8 0.01 2 4.12533 0.01
r 111 0.01 2 4.23917 0.01
r 111.2 0.01 2 4.353 0.01
r 111.4 0.01 2 4.46768 0.01
r 111.6 0.01 2 4.58461 0.01
r 111.8 0.01 2 4.70032 0.01
r 112 0.01 2 4.81663 0.01
r 112.2 0.01 2 4.93428 0.01
r 112.4 0.01 2 5.05221 0.01
r 112.6 0.01 2 5.17078 0.01
r 112.8 0.01 2 5.28961 0.01
r 113 0.01 2 5.40947 0.01
r 113.2 0.01 2 5.5303 0.01
r 113.4 0.01 2 5.65046 0.01
r 113.6 0.01 2 5.77127 0.01
r 113.8 0.01 2 5.89231 0.01
r 114 0.01 2 6.01381 0.01
r 114.2 0.01 2 6.13571 0.01
r 114.4 0.01 2 6.25808 0.01
r 114.6 0.01 2 6.38085 0.01
r 114.8 0.01 2 6.504 0.01
r 115 0.01 2 6.62719 0.01
r 115.2 0.01 2 6.75098 0.01
r 115.4 0.01 2 6.87477 0.01
r 115.6 0.01 2 6.99895 0.01
r 115.8 0.01 2 7.12309 0.01
r 116 0.01 2 7.24767 0.01
r 116.2 0.01 2 7.3725 0.01
r 116.4 0.01 2 7.49756 0.01
r 116.6 0.01 2 7.62345 0.01
r 116.8 0.01 2 7.74877 0.01
r 117 0.01 2 7.87398 0.01
r 117.2 0.01 2 7.9999 0.01
r 117.4 0.01 2 8.1262 0.01
r 117.6 0.01 2 8.25368 0.01
r 117.8 0.01 2 8.3801 0.01
r 118 0.01 2 8.50697 0.01
r 118.2 0.01 2 8.63421 0.01
r 118.4 0.01 2 8.76194 0.01
r 118.6 0.01 2 8.88997 0.01
r 118.8 0.01 2 9.0184 0.01
r 119 0.01 2 9.14705 0.01
r 119.2 0.01 2 9.27557 0.01
r 119.4 0.01 2 9.40455 0.01
r 119.6 0.01 2 9.53388 0.01
r 119.8 0.01 2 9.66332 0.01
r 120 0.01 2 9.7928 0.01
r 120.2 0.01 2 9.92273 0.01
r 120.4 0.01 2 10.0528 0.01
r 120.6 0.01 2 10.1832 0.01
r 120.8 0.01 2 10.3137 0.01
r 121 0.01 2 10.4441 0.01
r 121.2 0.01 2 10.575 0.01
r 121.4 0.01 2 10.7061 0.01
r 121.6 0.01 2 10.8372 0.01
r 121.8 0.01 2 10.9684 0.01
r 122 0.01 2 11.0999 0.01
r 122.2 0.01 2 11.2315 0.01
r 122.4 0.01 2 11.3632 0.01
r 122.6 0.01 2 11.495 0.01
r 122.8 0.01 2 11.627 0.01
r 123 0.01 2 11.7593 0.01
r 123.2 0.01 2 11.8914 0.01
r 123.4 0.01 2 12.0237 0.01
r 123.6 0.01 2 12.156 0.01
r 123.8 0.01 2 12.2885 0.01
r 124 0.01 2 12.421 0.01
r 124.2 0.01 2 12.5537 0.01
r 124.4 0.01 2 12.6865 0.01
r 124.6 0.01 2 12.8193 0.01
r 124.8 0.01 2 12.9522 0.01
r 125 0.01 2 13.0852 0.01
s 115 3 201
r 95 0.01 2 12.7628 0.01
r 95.2 0.01 2 12.6369 0.01
r 95.4 0.01 2 12.5109 0.01
r 95.6 0.01 2 12.3852 0.01
r 95.8 0.01 2 12.2597 0.01
r 96 0.01 2 12.1343 0.01
r 96.2 0.01 2 12.009 0.01
r 96.4 0.01 2 11.8839 0.01
r 96.6 0.01 2 11.7589 0.01
r 96.8 0.01 2 11.6341 0.01
r 97 0.01 2 11.5094 0.01
r 97.2 0.01 2 11.3849 0.01
r 97.4 0.01 2 11.2606 0.01
r 97.6 0.01 2 11.1364 0.01
r 97.8 0.01 2 11.0124 0.01
r 98 0.01 2 10.8886 0.01
r 98.2 0.01 2 10.7648 0.01
r 98.4 0.01 2 10.6412 0.01
r 98.6 0.01 2 10.5176 0.01
r 98.8 0.01 2 10.3942 0.01
r 99 0.01 2 10.2707 0.01
r 99.2 0.01 2 10.1474 0.01
r 99.4 0.01 2 10.024 0.01
r 99.6 0.01 2 9.9007 0.01
r 99.8 0.01 2 9.77746 0.01
r 100 0.01 2 9.65438 0.01
r 100.2 0.01 2 9.53138 0.01
r 100.4 0.01 2 9.40855 0.01
r 100.6 0.01 2 9.28592 0.01
r 100.8 0.01 2 9.16349 0.01
r 101 0.01 2 9.04142 0.01
r 101.2 0.01 2 8.91948 0.01
r 101.4 0.01 2 8.79769 0.01
r 101.6 0.01 2 8.67613 0.01
r 101.8 0.01 2 8.55481 0.01
r 102 0.01 2 8.43365 0.01
r 102.2 0.01 2 8.3125 0.01
r 102.4 0.01 2 8.19163 0.01
r 102.6 0.01 2 8.07077 0.01
r 102.8 0.01 2 7.95051 0.01
r 103 0.01 2 7.82974 0.01
r 103.2 0.01 2 7.70857 0.01
r 103.4 0.01 2 7.58765 0.01
r 103.6 0.01 2 7.46698 0.01
r 103.8 0.01 2 7.34651 0.01
r 104 0.01 2 7.22618 0.01
r 104.2 0.01 2 7.10636 0.01
r 104.4 0.01 2 6.9851 0.01
r 104.6 0.01 2 6.86478 0.01
r 104.8 0.01 2 6.74478 0.01
r 105 0.01 2 6.62455 0.01
r 105.2 0.01 2 6.5047 0.01
r 105.4 0.01 2 6.38501 0.01
r 105.6 0.01 2 6.26541 0.01
r 105.8 0.01 2 6.14603 0.01
r 106 0.01 2 6.02671 0.01
r 106.2 0.01 2 5.90782 0.01
r 106.4 0.01 2 5.78904 0.01
r 106.6 0.01 2 5.67033 0.01
r 106.8 0.01 2 5.55194 0.01
r 107 0.01 2 5.43406 0.01
r 107.2 0.01 2 5.31581 0.01
r 107.4 0.01 2 5.19848 0.01
r 107.6 0.01 2 5.08153 0.01
r 107.8 0.01 2 4.96517 0.01
r 108 0.01 2 4.84926 0.01
r 108.2 0.01 2 4.7339 0.01
r 108.4 0.01 2 4.61965 0.01
r 108.6 0.01 2 4.50442 0.01
r 108.8 0.01 2 4.39078 0.01
r 109 0.01 2 4.27786 0.01
r 109.2 0.01 2 4.16568 0.01
r 109.4 0.01 2 4.05427 0.01
r 109.6 0.01 2 3.94379 0.01
r 109.8 0.01 2 3.83426 0.01
r 110 0.01 2 3.7256 0.01
r 110.2 0.01 2 3.61822 0.01
r 110.4 0.01 2 3.51311 0.01
r 110.6 0.01 2 3.40898 0.01
r 110.8 0.01 2 3.30534 0.01
r 111 0.01 2 3.20173 0.01
r 111.2 0.01 2 3.10151 0.01
r 111.4 0.01 2 3.00331 0.01
r 111.6 0.01 2 2.90735 0.01
r 111.8 0.01 2 2.81404 0.01
r 112 0.01 2 2.72344 0.01
r 112.2 0.01 2 2.63549 0.01
r 112.4 0.01 2 2.55105 0.01
r 112.6 0.01 2 2.47037 0.01
r 112.8 0.01 2 2.39331 0.01
r 113 0.01 2 2.32039 0.01
r 113.2 0.01 2 2.25275 0.01
r 113.4 0.01 2 2.19045 0.01
r 113.6 0.01 2 2.1341 0.01
r 113.8 0.01 2 2.08426 0.01
r 114 0.01 2 2.04123 0.01
r 114.2 0.01 2 2.0055 0.01
r 114.4 0.01 2 1.97803 0.01
r 114.6 0.01 2 1.95908 0.01
r 114.8 0.01 2 1.9479 0.01
r 115 0.01 2 1.94617 0.01
r 115.2 0.01 2 1.95203 0.01
r 115.4 0.01 2 1.96487 0.01
r 115.6 0.01 2 1.9872 0.01
r 115.8 0.01 2 2.0183 0.01
r 116 0.01 2 2.05751 0.01
r 116.2 0.01 2 2.10411 0.01
r 116.4 0.01 2 2.15777 0.01
r 116.6 0.01 2 2.21801 0.01
r 116.8 0.01 2 2.28451 0.01
r 117 0.01 2 2.35618 0.01
r 117.2 0.01 2 2.43307 0.01
r 117.4 0.01 2 2.51471 0.01
r 117.6 0.01 2 2.60035 0.01
r 117.8 0.01 2 2.6901 0.01
r 118 0.01 2 2.78329 0.01
r 118.2 0.01 2 2.87962 0.01
r 118.4 0.01 2 2.97919 0.01
r 118.6 0.01 2 3.08106 0.01
r 118.8 0.01 2 3.18523 0.01
r 119 0.01 2 3.29145 0.01
r 119.2 0.01 2 3.3998 0.01
r 119.4 0.01 2 3.50994 0.01
r 119.6 0.01 2 3.62166 0.01
r 119.8 0.01 2 3.73491 0.01
r 120 0.01 2 3.84946 0.01
r 120.2 0.01 2 3.96528 0.01
r 120.4 0.01 2 4.08229 0.01
r 120.6 0.01 2 4.20034 0.01
r 120.8 0.01 2 4.31936 0.01
r 121 0.01 2 4.4392 0.01
r 121.2 0.01 2 4.55988 0.01
r 121.4 0.01 2 4.68131 0.01
r 121.6 0.01 2 4.80335 0.01
r 121.8 0.01 2 4.92611 0.01
r 122 0.01 2 5.04935 0.01
r 122.2 0.01 2 5.17316 0.01
r 122.4 0.01 2 5.29753 0.01
r 122.6 0.01 2 5.42234 0.01
r 122.8 0.01 2 5.54764 0.01
r 123 0.01 2 5.67366 0.01
r 123.2 0.01 2 5.79981 0.01
r 123.4 0.01 2 5.92627 0.01
r 123.6 0.01 2 6.05317 0.01
r 123.8 0.01 2 6.18036 0.01
r 124 0.01 2 6.3079 0.01
r 124.2 0.01 2 6.43572 0.01
r 124.4 0.01 2 6.56395 0.01
r 124.6 0.01 2 6.69228 0.01
r 124.8 0.01 2 6.82085 0.01
r 125 0.01 2 6.94886 0.01
r 125.2 0.01 2 7.07775 0.01
r 125.4 0.01 2 7.20676 0.01
r 125.6 0.01 2 7.33598 0.01
r 125.8 0.01 2 7.46534 0.01
r 126 0.01 2 7.59484 0.01
r 126.2 0.01 2 7.72446 0.01
r 126.4 0.01 2 7.85425 0.01
r 126.6 0.01 2 7.98403 0.01
r 126.8 0.01 2 8.11391 0.01
r 127 0.01 2 8.2443 0.01
r 127.2 0.01 2 8.37459 0.01
r 127.4 0.01 2 8.50483 0.01
r 127.6 0.01 2 8.63531 0.01
r 127.8 0.01 2 8.7659 0.01
r 128 0.01 2 8.89512 0.01
r 128.2 0.01 2 9.02543 0.01
r 128.4 0.01 2 9.15598 0.01
r 128.6 0.01 2 9.28647 0.01
r 128.8 0.01 2 9.41711 0.01
r 129 0.01 2 9.54756 0.01
r 129.2 0.01 2 9.67826 0.01
r 129.4 0.01 2 9.80959 0.01
r 129.6 0.01 2 9.93994 0.01
r 129.8 0.01 2 10.0703 0.01
r 130 0.01 2 10.2009 0.01
r 130.2 0.01 2 10.3315 0.01
r 130.4 0.01 2 10.4623 0.01
r 130.6 0.01 2 10.5932 0.01
r 130.8 0.01 2 10.7242 0.01
r 131 0.01 2 10.8549 0.01
r 131.2 0.01 2 10.9858 0.01
r 131.4 0.01 2 11.1168 0.01
r 131.6 0.01 2 11.2479 0.01
r 131.8 0.01 2 11.379 0.01
r 132 0.01 2 11.51 0.01
r 132.2 0.01 2 11.6412 0.01
r 132.4 0.01 2 11.7727 0.01
r 132.6 0.01 2 11.9038 0.01
r 132.8 0.01 2 12.0349 0.01
r 133 0.01 2 12.1661 0.01
r 133.2 0.01 2 12.2975 0.01
r 133.4 0.01 2 12.4293 0.01
r 133.6 0.01 2 12.5605 0.01
r 133.8 0.01 2 12.6917 0.01
r 134 0.01 2 12.8231 0.01
r 134.2 0.01 2 12.9545 0.01
r 134.4 0.01 2 13.086 0.01
r 134.6 0.01 2 13.2176 0.01
r 134.8 0.01 2 13.3492 0.01
r 135 0.01 2 13.481 0.01
s 125 3 201
r 105 0.01 2 13.1413 0.01
r 105.2 0.01 2 13.0164 0.01
r 105.4 0.01 2 12.8915 0.01
r 105.6 0.01 2 12.7668 0.01
r 105.8 0.01 2 12.6421 0.01
r 106 0.01 2 12.5176 0.01
r 106.2 0.01 2 12.3931 0.01
r 106.4 0.01 2 12.2688 0.01
r 106.6 0.01 2 12.1447 0.01
r 106.8 0.01 2 12.0208 0.01
r 107 0.01 2 11.8971 0.01
r 107.2 0.01 2 11.7734 0.01
r 107.4 0.01 2 11.65 0.01
r 107.6 0.01 2 11.5267 0.01
r 107.8 0.01 2 11.4035 0.01
r 108 0.01 2 11.2805 0.01
r 108.2 0.01 2 11.1576 0.01
r 108.4 0.01 2 11.0348 0.01
r 108.6 0.01 2 10.9121 0.01
r 108.8 0.01 2 10.7893 0.01
r 109 0.01 2 10.6667 0.01
r 109.2 0.01 2 10.5439 0.01
r 109.4 0.01 2 10.4212 0.01
r 109.6 0.01 2 10.2989 0.01
r 109.8 0.01 2 10.1761 0.01
r 110 0.01 2 10.0534 0.01
r 110.2 0.01 2 9.93075 0.01
r 110.4 0.01 2 9.80803 0.01
r 110.6 0.01 2 9.68541 0.01
r 110.8 0.01 2 9.56282 0.01
r 111 0.01 2 9.44045 0.01
r 111.2 0.01 2 9.31786 0.01
r 111.4 0.01 2 9.1952 0.01
r 111.6 0.01 2 9.0724 0.01
r 111.8 0.01 2 8.94944 0.01
r 112 0.01 2 8.8262 0.01
r 112.2 0.01 2 8.70394 0.01
r 112.4 0.01 2 8.57939 0.01
r 112.6 0.01 2 8.45473 0.01
r 112.8 0.01 2 8.33004 0.01
r 113 0.01 2 8.20528 0.01
r 113.2 0.01 2 8.08036 0.01
r 113.4 0.01 2 7.95562 0.01
r 113.6 0.01 2 7.83094 0.01
r 113.8 0.01 2 7.70359 0.01
r 114 0.01 2 7.57818 0.01
r 114.2 0.01 2 7.45282 0.01
r 114.4 0.01 2 7.32736 0.01
r 114.6 0.01 2 7.20202 0.01
r 114.8 0.01 2 7.07657 0.01
r 115 0.01 2 6.95161 0.01
r 115.2 0.01 2 6.82633 0.01
r 115.4 0.01 2 6.70107 0.01
r 115.6 0.01 2 6.57583 0.01
r 115.8 0.01 2 6.45103 0.01
r 116 0.01 2 6.32597 0.01
r 116.2 0.01 2 6.20098 0.01
r 116.4 0.01 2 6.07627 0.01
r 116.6 0.01 2 5.95182 0.01
r 116.8 0.01 2 5.82731 0.01
r 117 0.01 2 5.70251 0.01
r 117.2 0.01 2 5.57881 0.01
r 117.4 0.01 2 5.45536 0.01
r 117.6 0.01 2 5.33221 0.01
r 117.8 0.01 2 5.20927 0.01
r 118 0.01 2 5.08686 0.01
r 118.2 0.01 2 4.96505 0.01
r 118.4 0.01 2 4.84358 0.01
r 118.6 0.01 2 4.72278 0.01
r 118.8 0.01 2 4.60257 0.01
r 119 0.01 2 4.48506 0.01
r 119.2 0.01 2 4.3663 0.01
r 119.4 0.01 2 4.24838 0.01
r 119.6 0.01 2 4.1308 0.01
r 119.8 0.01 2 4.01428 0.01
r 120 0.01 2 3.89907 0.01
r 120.2 0.01 2 3.78499 0.01
r 120.4 0.01 2 3.67207 0.01
r 120.6 0.01 2 3.56081 0.01
r 120.8 0.01 2 3.45087 0.01
r 121 0.01 2 3.34348 0.01
r 121.2 0.01 2 3.23742 0.01
r 121.4 0.01 2 3.13311 0.01
r 121.6 0.01 2 3.03154 0.01
r 121.8 0.01 2 2.93243 0.01
r 122 0.01 2 2.83604 0.01
r 122.2 0.01 2 2.74279 0.01
r 122.4 0.01 2 2.65319 0.01
r 122.6 0.01 2 2.56757 0.01
r 122.8 0.01 2 2.48608 0.01
r 123 0.01 2 2.40951 0.01
r 123.2 0.01 2 2.33775 0.01
r 123.4 0.01 2 2.27184 0.01
r 123.6 0.01 2 2.21129 0.01
r 123.8 0.01 2 2.15775 0.01
r 124 0.01 2 2.11178 0.01
r 124.2 0.01 2 2.07354 0.01
r 124.4 0.01 2 2.04365 0.01
r 124.6 0.01 2 2.02193 0.01
r 124.8 0.01 2 2.00853 0.01
r 125 0.01 2 2.00358 0.01
r 125.2 0.01 2 2.00798 0.01
r 125.4 0.01 2 2.02028 0.01
r 125.6 0.01 2 2.04089 0.01
r 125.8 0.01 2 2.07109 0.01
r 126 0.01 2 2.10955 0.01
r 126.2 0.01 2 2.15551 0.01
r 126.4 0.01 2 2.20863 0.01
r 126.6 0.01 2 2.26843 0.01
r 126.8 0.01 2 2.33459 0.01
r 127 0.01 2 2.40685 0.01
r 127.2 0.01 2 2.48458 0.01
r 127.4 0.01 2 2.56479 0.01
r 127.6 0.01 2 2.64968 0.01
r 127.8 0.01 2 2.73847 0.01
r 128 0.01 2 2.83136 0.01
r 128.2 0.01 2 2.9271 0.01
r 128.4 0.01 2 3.02544 0.01
r 128.6 0.01 2 3.12668 0.01
r 128.8 0.01 2 3.23033 0.01
r 129 0.01 2 3.33646 0.01
r 129.2 0.01 2 3.44462 0.01
r 129.4 0.01 2 3.55324 0.01
r 129.6 0.01 2 3.66405 0.01
r 129.8 0.01 2 3.77665 0.01
r 130 0.01 2 3.88991 0.01
r 130.2 0.01 2 4.00471 0.01
r 130.4 0.01 2 4.12096 0.01
r 130.6 0.01 2 4.2379 0.01
r 130.8 0.01 2 4.35551 0.01
r 131 0.01 2 4.47446 0.01
r 131.2 0.01 2 4.59473 0.01
r 131.4 0.01 2 4.71476 0.01
r 131.6 0.01 2 4.83555 0.01
r 131.8 0.01 2 4.95694 0.01
r 132 0.01 2 5.07886 0.01
r 132.2 0.01 2 5.20159 0.01
r 132.4 0.01 2 5.32473 0.01
r 132.6 0.01 2 5.44839 0.01
r 132.8 0.01 2 5.57245 0.01
r 133 0.01 2 5.69727 0.01
r 133.2 0.01 2 5.82219 0.01
r 133.4 0.01 2 5.94724 0.01
r 133.6 0.01 2 6.07273 0.01
r 133.8 0.01 2 6.1986 0.01
r 134 0.01 2 6.32463 0.01
r 134.2 0.01 2 6.45105 0.01
r 134.4 0.01 2 6.57776 0.01
r 134.6 0.01 2 6.7047 0.01
r 134.8 0.01 2 6.83201 0.01
r 135 0.01 2 6.95943 0.01
r 135.2 0.01 2 7.08703 0.01
r 135.4 0.01 2 7.21473 0.01
r 135.6 0.01 2 7.34287 0.01
r 135.8 0.01 2 7.47102 0.01
r 136 0.01 2 7.59943 0.01
r 136.2 0.01 2 7.72799 0.01
r 136.4 0.01 2 7.85671 0.01
r 136.6 0.01 2 7.98631 0.01
r 136.8 0.01 2 8.11485 0.01
r 137 0.01 2 8.24425 0.01
r 137.2 0.01 2 8.37342 0.01
r 137.4 0.01 2 8.50281 0.01
r 137.6 0.01 2 8.63238 0.01
r 137.8 0.01 2 8.76203 0.01
r 138 0.01 2 8.89178 0.01
r 138.2 0.01 2 9.02161 0.01
r 138.4 0.01 2 9.15172 0.01
r 138.6 0.01 2 9.2821 0.01
r 138.8 0.01 2 9.41265 0.01
r 139 0.01 2 9.54253 0.01
r 139.2 0.01 2 9.67284 0.01
r 139.4 0.01 2 9.80368 0.01
r 139.6 0.01 2 9.93408 0.01
r 139.8 0.01 2 10.0646 0.01
r 140 0.01 2 10.1952 0.01
r 140.2 0.01 2 10.3261 0.01
r 140.4 0.01 2 10.457 0.01
r 140.6 0.01 2 10.5881 0.01
r 140.8 0.01 2 10.7193 0.01
r 141 0.01 2 10.8499 0.01
r 141.2 0.01 2 10.9813 0.01
r 141.4 0.01 2 11.1125 0.01
r 141.6 0.01 2 11.2437 0.01
r 141.8 0.01 2 11.375 0.01
r 142 0.01 2 11.5062 0.01
r 142.2 0.01 2 11.6376 0.01
r 142.4 0.01 2 11.769 0.01
r 142.6 0.01 2 11.9006 0.01
r 142.8 0.01 2 12.0322 0.01
r 143 0.01 2 12.164 0.01
r 143.2 0.01 2 12.2955 0.01
r 143.4 0.01 2 12.427 0.01
r 143.6 0.01 2 12.5587 0.01
r 143.8 0.01 2 12.6905 0.01
r 144 0.01 2 12.8223 0.01
r 144.2 0.01 2 12.9543 0.01
r 144.4 0.01 2 13.0861 0.01
r 144.6 0.01 2 13.218 0.01
r 144.8 0.01 2 13.35 0.01
r 145 0.01 2 13.4817 0.01
s 135 3 201
r 115 0.01 2 13.4633 0.01
r 115.2 0.01 2 13.334 0.01
r 115.4 0.01 2 13.2041 0.01
r 115.6 0.01 2 13.074 0.01
r 115.8 0.01 2 12.9438 0.01
r 116 0.01 2 12.8135 0.01
r 116.2 0.01 2 12.683 0.01
r 116.4 0.01 2 12.5524 0.01
r 116.6 0.01 2 12.4219 0.01
r 116.8 0.01 2 12.2913 0.01
r 117 0.01 2 12.1607 0.01
r 117.2 0.01 2 12.0301 0.01
r 117.4 0.01 2 11.8994 0.01
r 117.6 0.01 2 11.7688 0.01
r 117.8 0.01 2 11.6381 0.01
r 118 0.01 2 11.5074 0.01
r 118.2 0.01 2 11.3767 0.01
r 118.4 0.01 2 11.2461 0.01
r 118.6 0.01 2 11.1153 0.01
r 118.8 0.01 2 10.9851 0.01
r 119 0.01 2 10.8539 0.01
r 119.2 0.01 2 10.7232 0.01
r 119.4 0.01 2 10.5926 0.01
r 119.6 0.01 2 10.4619 0.01
r 119.8 0.01 2 10.3313 0.01
r 120 0.01 2 10.2007 0.01
r 120.2 0.01 2 10.0702 0.01
r 120.4 0.01 2 9.93964 0.01
r 120.6 0.01 2 9.80935 0.01
r 120.8 0.01 2 9.67883 0.01
r 121 0.01 2 9.54837 0.01
r 121.2 0.01 2 9.41805 0.01
r 121.4 0.01 2 9.2878 0.01
r 121.6 0.01 2 9.15762 0.01
r 121.8 0.01 2 9.02747 0.01
r 122 0.01 2 8.89741 0.01
r 122.2 0.01 2 8.76741 0.01
r 122.4 0.01 2 8.63754 0.01
r 122.6 0.01 2 8.50785 0.01
r 122.8 0.01 2 8.37846 0.01
r 123 0.01 2 8.24836 0.01
r 123.2 0.01 2 8.11878 0.01
r 123.4 0.01 2 7.98931 0.01
r 123.6 0.01 2 7.85996 0.01
r 123.8 0.01 2 7.73072 0.01
r 124 0.01 2 7.60168 0.01
r 124.2 0.01 2 7.47276 0.01
r 124.4 0.01 2 7.34408 0.01
r 124.6 0.01 2 7.21558 0.01
r 124.8 0.01 2 7.08726 0.01
r 125 0.01 2 6.95902 0.01
r 125.2 0.01 2 6.83115 0.01
r 125.4 0.01 2 6.70342 0.01
r 125.6 0.01 2 6.57593 0.01
r 125.8 0.01 2 6.44869 0.01
r 126 0.01 2 6.32176 0.01
r 126.2 0.01 2 6.19509 0.01
r 126.4 0.01 2 6.06867 0.01
r 126.6 0.01 2 5.94259 0.01
r 126.8 0.01 2 5.81691 0.01
r 127 0.01 2 5.69167 0.01
r 127.2 0.01 2 5.56683 0.01
r 127.4 0.01 2 5.4424 0.01
r 127.6 0.01 2 5.31838 0.01
r 127.8 0.01 2 5.19488 0.01
r 128 0.01 2 5.07191 0.01
r 128.2 0.01 2 4.94954 0.01
r 128.4 0.01 2 4.82775 0.01
r 128.6 0.01 2 4.70658 0.01
r 128.8 0.01 2 4.58677 0.01
r 129 0.01 2 4.46687 0.01
r 129.2 0.01 2 4.348 0.01
r 129.4 0.01 2 4.22969 0.01
r 129.6 0.01 2 4.11238 0.01
r 129.8 0.01 2 3.99623 0.01
r 130 0.01 2 3.88128 0.01
r 130.2 0.01 2 3.768 0.01
r 130.4 0.01 2 3.65554 0.01
r 130.6 0.01 2 3.54425 0.01
r 130.8 0.01 2 3.43453 0.01
r 131 0.01 2 3.32804 0.01
r 131.2 0.01 2 3.22186 0.01
r 131.4 0.01 2 3.11803 0.01
r 131.6 0.01 2 3.01653 0.01
r 131.8 0.01 2 2.91757 0.01
r 132 0.01 2 2.82168 0.01
r 132.2 0.01 2 2.72897 0.01
r 132.4 0.01 2 2.63995 0.01
r 132.6 0.01 2 2.55448 0.01
r 132.8 0.01 2 2.47349 0.01
r 133 0.01 2 2.39719 0.01
r 133.2 0.01 2 2.32534 0.01
r 133.4 0.01 2 2.25954 0.01
r 133.6 0.01 2 2.19959 0.01
r 133.8 0.01 2 2.14672 0.01
r 134 0.01 2 2.10055 0.01
r 134.2 0.01 2 2.06227 0.01
r 134.4 0.01 2 2.03214 0.01
r 134.6 0.01 2 2.01055 0.01
r 134.8 0.01 2 1.99826 0.01
r 135 0.01 2 1.99444 0.01
r 135.2 0.01 2 1.99902 0.01
r 135.4 0.01 2 2.01136 0.01
r 135.6 0.01 2 2.03199 0.01
r 135.8 0.01 2 2.0622 0.01
r 136 0.01 2 2.10064 0.01
r 136.2 0.01 2 2.14661 0.01
r 136.4 0.01 2 2.19976 0.01
r 136.6 0.01 2 2.2596 0.01
r 136.8 0.01 2 2.32581 0.01
r 137 0.01 2 2.39714 0.01
r 137.2 0.01 2 2.47387 0.01
r 137.4 0.01 2 2.5552 0.01
r 137.6 0.01 2 2.64055 0.01
r 137.8 0.01 2 2.72996 0.01
r 138 0.01 2 2.82278 0.01
r 138.2 0.01 2 2.91869 0.01
r 138.4 0.01 2 3.01776 0.01
r 138.6 0.01 2 3.11924 0.01
r 138.8 0.01 2 3.22291 0.01
r 139 0.01 2 3.32856 0.01
r 139.2 0.01 2 3.43636 0.01
r 139.4 0.01 2 3.54583 0.01
r 139.6 0.01 2 3.65681 0.01
r 139.8 0.01 2 3.76927 0.01
r 140 0.01 2 3.88313 0.01
r 140.2 0.01 2 3.99817 0.01
r 140.4 0.01 2 4.11437 0.01
r 140.6 0.01 2 4.23159 0.01
r 140.8 0.01 2 4.34974 0.01
r 141 0.01 2 4.4687 0.01
r 141.2 0.01 2 4.58849 0.01
r 141.4 0.01 2 4.70903 0.01
r 141.6 0.01 2 4.83017 0.01
r 141.8 0.01 2 4.95201 0.01
r 142 0.01 2 5.07436 0.01
r 142.2 0.01 2 5.19726 0.01
r 142.4 0.01 2 5.32071 0.01
r 142.6 0.01 2 5.44458 0.01
r 142.8 0.01 2 5.56894 0.01
r 143 0.01 2 5.69367 0.01
r 143.2 0.01 2 5.81881 0.01
r 143.4 0.01 2 5.94431 0.01
r 143.6 0.01 2 6.07022 0.01
r 143.8 0.01 2 6.19639 0.01
r 144 0.01 2 6.32272 0.01
r 144.2 0.01 2 6.44945 0.01
r 144.4 0.01 2 6.57652 0.01
r 144.6 0.01 2 6.70374 0.01
r 144.8 0.01 2 6.83122 0.01
r 145 0.01 2 6.95882 0.01
r 145.2 0.01 2 7.08673 0.01
r 145.4 0.01 2 7.21481 0.01
r 145.6 0.01 2 7.34346 0.01
r 145.8 0.01 2 7.47189 0.01
r 146 0.01 2 7.60049 0.01
r 146.2 0.01 2 7.72925 0.01
r 146.4 0.01 2 7.85803 0.01
r 146.6 0.01 2 7.98709 0.01
r 146.8 0.01 2 8.11628 0.01
r 147 0.01 2 8.24636 0.01
r 147.2 0.01 2 8.37585 0.01
r 147.4 0.01 2 8.50566 0.01
r 147.6 0.01 2 8.63435 0.01
r 147.8 0.01 2 8.76418 0.01
r 148 0.01 2 8.89413 0.01
r 148.2 0.01 2 9.02418 0.01
r 148.4 0.01 2 9.15436 0.01
r 148.6 0.01 2 9.28457 0.01
r 148.8 0.01 2 9.41485 0.01
r 149 0.01 2 9.54495 0.01
r 149.2 0.01 2 9.67557 0.01
r 149.4 0.01 2 9.80598 0.01
r 149.6 0.01 2 9.93696 0.01
r 149.8 0.01 2 10.0674 0.01
r 150 0.01 2 10.198 0.01
r 150.2 0.01 2 10.3287 0.01
r 150.4 0.01 2 10.4595 0.01
r 150.6 0.01 2 10.5904 0.01
r 150.8 0.01 2 10.7214 0.01
r 151 0.01 2 10.8525 0.01
r 151.2 0.01 2 10.9836 0.01
r 151.4 0.01 2 11.1147 0.01
r 151.6 0.01 2 11.2458 0.01
r 151.8 0.01 2 11.377 0.01
r 152 0.01 2 11.5082 0.01
r 152.2 0.01 2 11.6396 0.01
r 152.4 0.01 2 11.771 0.01
r 152.6 0.01 2 11.9025 0.01
r 152.8 0.01 2 12.034 0.01
r 153 0.01 2 12.1654 0.01
r 153.2 0.01 2 12.2968 0.01
r 153.4 0.01 2 12.4284 0.01
r 153.6 0.01 2 12.56 0.01
r 153.8 0.01 2 12.6917 0.01
r 154 0.01 2 12.8235 0.01
r 154.2 0.01 2 12.9554 0.01
r 154.4 0.01 2 13.087 0.01
r 154.6 0.01 2 13.2189 0.01
r 154.8 0.01 2 13.3507 0.01
r 155 0.01 2 13.4822 0.01
s 145 3 201
r 125 0.01 2 13.4816 0.01
r 125.2 0.01 2 13.3497 0.01
r 125.4 0.01 2 13.2177 0.01
r 125.6 0.01 2 13.0858 0.01
r 125.8 0.01 2 12.9539 0.01
r 126 0.01 2 12.8221 0.01
r 126.2 0.01 2 12.6903 0.01
r 126.4 0.01 2 12.5584 0.01
r 126.6 0.01 2 12.4266 0.01
r 126.8 0.01 2 12.2948 0.01
r 127 0.01 2 12.1634 0.01
r 127.2 0.01 2 12.0317 0.01
r 127.4 0.01 2 11.9001 0.01
r 127.6 0.01 2 11.7687 0.01
r 127.8 0.01 2 11.6372 0.01
r 128 0.01 2 11.5059 0.01
r 128.2 0.01 2 11.3746 0.01
r 128.4 0.01 2 11.2435 0.01
r 128.6 0.01 2 11.1124 0.01
r 128.8 0.01 2 10.9809 0.01
r 129 0.01 2 10.8499 0.01
r 129.2 0.01 2 10.719 0.01
r 129.4 0.01 2 10.5881 0.01
r 129.6 0.01 2 10.4574 0.01
r 129.8 0.01 2 10.3264 0.01
r 130 0.01 2 10.1956 0.01
r 130.2 0.01 2 10.0649 0.01
r 130.4 0.01 2 9.9344 0.01
r 130.6 0.01 2 9.80383 0.01
r 130.8 0.01 2 9.67351 0.01
r 131 0.01 2 9.54318 0.01
r 131.2 0.01 2 9.41288 0.01
r 131.4 0.01 2 9.2826 0.01
r 131.6 0.01 2 9.15237 0.01
r 131.8 0.01 2 9.02223 0.01
r 132 0.01 2 8.8923 0.01
r 132.2 0.01 2 8.76242 0.01
r 132.4 0.01 2 8.63278 0.01
r 132.6 0.01 2 8.50335 0.01
r 132.8 0.01 2 8.37411 0.01
r 133 0.01 2 8.24439 0.01
r 133.2 0.01 2 8.11512 0.01
r 133.4 0.01 2 7.98598 0.01
r 133.6 0.01 2 7.85699 0.01
r 133.8 0.01 2 7.7282 0.01
r 134 0.01 2 7.59949 0.01
r 134.2 0.01 2 7.47094 0.01
r 134.4 0.01 2 7.34258 0.01
r 134.6 0.01 2 7.21436 0.01
r 134.8 0.01 2 7.08637 0.01
r 135 0.01 2 6.95883 0.01
r 135.2 0.01 2 6.83126 0.01
r 135.4 0.01 2 6.70395 0.01
r 135.6 0.01 2 6.57688 0.01
r 135.8 0.01 2 6.45022 0.01
r 136 0.01 2 6.32357 0.01
r 136.2 0.01 2 6.19744 0.01
r 136.4 0.01 2 6.07137 0.01
r 136.6 0.01 2 5.94566 0.01
r 136.8 0.01 2 5.82029 0.01
r 137 0.01 2 5.69455 0.01
r 137.2 0.01 2 5.56991 0.01
r 137.4 0.01 2 5.4457 0.01
r 137.6 0.01 2 5.32181 0.01
r 137.8 0.01 2 5.1984 0.01
r 138 0.01 2 5.0755 0.01
r 138.2 0.01 2 4.95321 0.01
r 138.4 0.01 2 4.83141 0.01
r 138.6 0.01 2 4.71038 0.01
r 138.8 0.01 2 4.58993 0.01
r 139 0.01 2 4.47216 0.01
r 139.2 0.01 2 4.3538 0.01
r 139.4 0.01 2 4.23565 0.01
r 139.6 0.01 2 4.11782 0.01
r 139.8 0.01 2 4.00115 0.01
r 140 0.01 2 3.88613 0.01
r 140.2 0.01 2 3.77196 0.01
r 140.4 0.01 2 3.65942 0.01
r 140.6 0.01 2 3.54828 0.01
r 140.8 0.01 2 3.43849 0.01
r 141 0.01 2 3.3315 0.01
r 141.2 0.01 2 3.22545 0.01
r 141.4 0.01 2 3.12146 0.01
r 141.6 0.01 2 3.01998 0.01
r 141.8 0.01 2 2.92121 0.01
r 142 0.01 2 2.82508 0.01
r 142.2 0.01 2 2.73229 0.01
r 142.4 0.01 2 2.64291 0.01
r 142.6 0.01 2 2.55755 0.01
r 142.8 0.01 2 2.47619 0.01
r 143 0.01 2 2.39995 0.01
r 143.2 0.01 2 2.3286 0.01
r 143.4 0.01 2 2.2625 0.01
r 143.6 0.01 2 2.20262 0.01
r 143.8 0.01 2 2.14907 0.01
r 144 0.01 2 2.10348 0.01
r 144.2 0.01 2 2.06554 0.01
r 144.4 0.01 2 2.03572 0.01
r 144.6 0.01 2 2.01446 0.01
r 144.8 0.01 2 2.0011 0.01
r 145 0.01 2 1.99627 0.01
r 145.2 0.01 2 2.00071 0.01
r 145.4 0.01 2 2.01314 0.01
r 145.6 0.01 2 2.03376 0.01
r 145.8 0.01 2 2.06397 0.01
r 146 0.01 2 2.10241 0.01
r 146.2 0.01 2 2.14838 0.01
r 146.4 0.01 2 2.20152 0.01
r 146.6 0.01 2 2.26134 0.01
r 146.8 0.01 2 2.32753 0.01
r 147 0.01 2 2.39884 0.01
r 147.2 0.01 2 2.47555 0.01
r 147.4 0.01 2 2.55685 0.01
r 147.6 0.01 2 2.64217 0.01
r 147.8 0.01 2 2.73156 0.01
r 148 0.01 2 2.82434 0.01
r 148.2 0.01 2 2.92022 0.01
r 148.4 0.01 2 3.01926 0.01
r 148.6 0.01 2 3.1207 0.01
r 148.8 0.01 2 3.22434 0.01
r 149 0.01 2 3.32994 0.01
r 149.2 0.01 2 3.43769 0.01
r 149.4 0.01 2 3.54712 0.01
r 149.6 0.01 2 3.65805 0.01
r 149.8 0.01 2 3.77046 0.01
r 150 0.01 2 3.88426 0.01
r 150.2 0.01 2 3.99924 0.01
r 150.4 0.01 2 4.11539 0.01
r 150.6 0.01 2 4.23254 0.01
r 150.8 0.01 2 4.35064 0.01
r 151 0.01 2 4.46953 0.01
r 151.2 0.01 2 4.58926 0.01
r 151.4 0.01 2 4.70973 0.01
r 151.6 0.01 2 4.83081 0.01
r 151.8 0.01 2 4.95258 0.01
r 152 0.01 2 5.07485 0.01
r 152.2 0.01 2 5.19768 0.01
r 152.4 0.01 2 5.32106 0.01
r 152.6 0.01 2 5.44486 0.01
r 152.8 0.01 2 5.56915 0.01
r 153 0.01 2 5.69382 0.01
r 153.2 0.01 2 5.81887 0.01
r 153.4 0.01 2 5.9443 0.01
r 153.6 0.01 2 6.07013 0.01
r 153.8 0.01 2 6.19623 0.01
r 154 0.01 2 6.3225 0.01
r 154.2 0.01 2 6.44915 0.01
r 154.4 0.01 2 6.57614 0.01
r 154.6 0.01 2 6.7033 0.01
r 154.8 0.01 2 6.83071 0.01
r 155 0.01 2 6.95824 0.01
r 155.2 0.01 2 7.08609 0.01
r 155.4 0.01 2 7.2141 0.01
r 155.6 0.01 2 7.34269 0.01
r 155.8 0.01 2 7.47107 0.01
r 156 0.01 2 7.59961 0.01
r 156.2 0.01 2 7.72831 0.01
r 156.4 0.01 2 7.85705 0.01
r 156.6 0.01 2 7.98606 0.01
r 156.8 0.01 2 8.11521 0.01
r 157 0.01 2 8.24526 0.01
r 157.2 0.01 2 8.37471 0.01
r 157.4 0.01 2 8.50449 0.01
r 157.6 0.01 2 8.63315 0.01
r 157.8 0.01 2 8.76296 0.01
r 158 0.01 2 8.89289 0.01
r 158.2 0.01 2 9.02293 0.01
r 158.4 0.01 2 9.15308 0.01
r 158.6 0.01 2 9.28328 0.01
r 158.8 0.01 2 9.41356 0.01
r 159 0.01 2 9.54386 0.01
r 159.2 0.01 2 9.67421 0.01
r 159.4 0.01 2 9.80492 0.01
r 159.6 0.01 2 9.93533 0.01
r 159.8 0.01 2 10.0658 0.01
r 160 0.01 2 10.1965 0.01
r 160.2 0.01 2 10.3274 0.01
r 160.4 0.01 2 10.4584 0.01
r 160.6 0.01 2 10.5894 0.01
r 160.8 0.01 2 10.7203 0.01
r 161 0.01 2 10.8513 0.01
r 161.2 0.01 2 10.9824 0.01
r 161.4 0.01 2 11.1136 0.01
r 161.6 0.01 2 11.2447 0.01
r 161.8 0.01 2 11.3759 0.01
r 162 0.01 2 11.5071 0.01
r 162.2 0.01 2 11.6385 0.01
r 162.4 0.01 2 11.7699 0.01
r 162.6 0.01 2 11.9014 0.01
r 162.8 0.01 2 12.033 0.01
r 163 0.01 2 12.1644 0.01
r 163.2 0.01 2 12.2959 0.01
r 163.4 0.01 2 12.4274 0.01
r 163.6 0.01 2 12.5591 0.01
r 163.8 0.01 2 12.6908 0.01
r 164 0.01 2 12.8227 0.01
r 164.2 0.01 2 12.9546 0.01
r 164.4 0.01 2 13.0862 0.01
r 164.6 0.01 2 13.2181 0.01
r 164.8 0.01 2 13.3499 0.01
r 165 0.01 2 13.4814 0.01
