10
s 55 3 201
r 35 0.01 2 13.4816 0.01
r 35.2 0.01 2 13.3497 0.01
r 35.4 0.01 2 13.2179 0.01
r 35.6 0.01 2 13.0862 0.01
r 35.8 0.01 2 12.9544 0.01
r 36 0.01 2 12.8228 0.01
r 36.2 0.01 2 12.6911 0.01
r 36.4 0.01 2 12.5594 0.01
r 36.6 0.01 2 12.4277 0.01
r 36.8 0.01 2 12.296 0.01
r 37 0.01 2 12.1644 0.01
r 37.2 0.01 2 12.033 0.01
r 37.4 0.01 2 11.9015 0.01
r 37.6 0.01 2 11.7701 0.01
r 37.8 0.01 2 11.6387 0.01
r 38 0.01 2 11.5074 0.01
r 38.2 0.01 2 11.3762 0.01
r 38.4 0.01 2 11.2452 0.01
r 38.6 0.01 2 11.1138 0.01
r 38.8 0.01 2 10.9825 0.01
r 39 0.01 2 10.8513 0.01
r 39.2 0.01 2 10.7203 0.01
r 39.4 0.01 2 10.5894 0.01
r 39.6 0.01 2 10.4585 0.01
r 39.8 0.01 2 10.3276 0.01
r 40 0.01 2 10.1968 0.01
r 40.2 0.01 2 10.0662 0.01
r 40.4 0.01 2 9.93556 0.01
r 40.6 0.01 2 9.80501 0.01
r 40.8 0.01 2 9.67437 0.01
r 41 0.01 2 9.54399 0.01
r 41.2 0.01 2 9.41368 0.01
r 41.4 0.01 2 9.28346 0.01
r 41.6 0.01 2 9.15331 0.01
r 41.8 0.01 2 9.02326 0.01
r 42 0.01 2 8.89327 0.01
r 42.2 0.01 2 8.76335 0.01
r 42.4 0.01 2 8.63394 0.01
r 42.6 0.01 2 8.50421 0.01
r 42.8 0.01 2 8.37441 0.01
r 43 0.01 2 8.24487 0.01
r 43.2 0.01 2 8.11546 0.01
r 43.4 0.01 2 7.98621 0.01
r 43.6 0.01 2 7.85712 0.01
r 43.8 0.01 2 7.72821 0.01
r 44 0.01 2 7.6006 0.01
r 44.2 0.01 2 7.47171 0.01
r 44.4 0.01 2 7.34314 0.01
r 44.6 0.01 2 7.21465 0.01
r 44.8 0.01 2 7.08628 0.01
r 45 0.01 2 6.95892 0.01
r 45.2 0.01 2 6.83098 0.01
r 45.4 0.01 2 6.70345 0.01
r 45.6 0.01 2 6.57641 0.01
r 45.8 0.01 2 6.45 0.01
r 46 0.01 2 6.32253 0.01
r 46.2 0.01 2 6.19628 0.01
r 46.4 0.01 2 6.07035 0.01
r 46.6 0.01 2 5.94425 0.01
r 46.8 0.01 2 5.8188 0.01
r 47 0.01 2 5.69376 0.01
r 47.2 0.01 2 5.56904 0.01
r 47.4 0.01 2 5.44483 0.01
r 47.6 0.01 2 5.32091 0.01
r 47.8 0.01 2 5.19764 0.01
r 48 0.01 2 5.07467 0.01
r 48.2 0.01 2 4.95239 0.01
r 48.4 0.01 2 4.83066 0.01
r 48.6 0.01 2 4.70959 0.01
r 48.8 0.01 2 4.58926 0.01
r 49 0.01 2 4.46935 0.01
r 49.2 0.01 2 4.35031 0.01
r 49.4 0.01 2 4.23252 0.01
r 49.6 0.01 2 4.11516 0.01
r 49.8 0.01 2 3.99923 0.01
r 50 0.01 2 3.88422 0.01
r 50.2 0.01 2 3.77099 0.01
r 50.4 0.01 2 3.65948 0.01
r 50.6 0.01 2 3.54679 0.01
r 50.8 0.01 2 3.43726 0.01
r 51 0.01 2 3.33075 0.01
r 51.2 0.01 2 3.22463 0.01
r 51.4 0.01 2 3.12068 0.01
r 51.6 0.01 2 3.01924 0.01
r 51.8 0.01 2 2.92058 0.01
r 52 0.01 2 2.82441 0.01
r 52.2 0.01 2 2.73165 0.01
r 52.4 0.01 2 2.6423 0.01
r 52.6 0.01 2 2.55693 0.01
r 52.8 0.01 2 2.47558 0.01
r 53 0.01 2 2.39939 0.01
r 53.2 0.01 2 2.32803 0.01
r 53.4 0.01 2 2.26214 0.01
r 53.6 0.01 2 2.20212 0.01
r 53.8 0.01 2 2.14849 0.01
r 54 0.01 2 2.10298 0.01
r 54.2 0.01 2 2.06502 0.01
r 54.4 0.01 2 2.03526 0.01
r 54.6 0.01 2 2.01401 0.01
r 54.8 0.01 2 2.00067 0.01
r 55 0.01 2 1.99585 0.01
r 55.2 0.01 2 2.00029 0.01
r 55.4 0.01 2 2.01273 0.01
r 55.6 0.01 2 2.03335 0.01
r 55.8 0.01 2 2.06357 0.01
r 56 0.01 2 2.10201 0.01
r 56.2 0.01 2 2.14797 0.01
r 56.4 0.01 2 2.20112 0.01
r 56.6 0.01 2 2.26094 0.01
r 56.8 0.01 2 2.32714 0.01
r 57 0.01 2 2.39845 0.01
r 57.2 0.01 2 2.47517 0.01
r 57.4 0.01 2 2.55648 0.01
r 57.6 0.01 2 2.6418 0.01
r 57.8 0.01 2 2.73119 0.01
r 58 0.01 2 2.82398 0.01
r 58.2 0.01 2 2.91987 0.01
r 58.4 0.01 2 3.01891 0.01
r 58.6 0.01 2 3.12036 0.01
r 58.8 0.01 2 3.224 0.01
r 59 0.01 2 3.32962 0.01
r 59.2 0.01 2 3.43737 0.01
r 59.4 0.01 2 3.54681 0.01
r 59.6 0.01 2 3.65775 0.01
r 59.8 0.01 2 3.77017 0.01
r 60 0.01 2 3.88398 0.01
r 60.2 0.01 2 3.99897 0.01
r 60.4 0.01 2 4.11513 0.01
r 60.6 0.01 2 4.23229 0.01
r 60.8 0.01 2 4.3504 0.01
r 61 0.01 2 4.47142 0.01
r 61.2 0.01 2 4.58922 0.01
r 61.4 0.01 2 4.70967 0.01
r 61.6 0.01 2 4.83193 0.01
r 61.8 0.01 2 4.9528 0.01
r 62 0.01 2 5.07469 0.01
r 62.2 0.01 2 5.19757 0.01
r 62.4 0.01 2 5.32102 0.01
r 62.6 0.01 2 5.44489 0.01
r 62.8 0.01 2 5.56953 0.01
r 63 0.01 2 5.69507 0.01
r 63.2 0.01 2 5.81969 0.01
r 63.4 0.01 2 5.94489 0.01
r 63.6 0.01 2 6.07049 0.01
r 63.8 0.01 2 6.19624 0.01
r 64 0.01 2 6.32254 0.01
r 64.2 0.01 2 6.44921 0.01
r 64.4 0.01 2 6.57616 0.01
r 64.6 0.01 2 6.70335 0.01
r 64.8 0.01 2 6.83081 0.01
r 65 0.01 2 6.95835 0.01
r 65.2 0.01 2 7.08625 0.01
r 65.4 0.01 2 7.21422 0.01
r 65.6 0.01 2 7.34265 0.01
r 65.8 0.01 2 7.47087 0.01
r 66 0.01 2 7.59946 0.01
r 66.2 0.01 2 7.72819 0.01
r 66.4 0.01 2 7.85709 0.01
r 66.6 0.01 2 7.98614 0.01
r 66.8 0.01 2 8.11531 0.01
r 67 0.01 2 8.24468 0.01
r 67.2 0.01 2 8.37407 0.01
r 67.4 0.01 2 8.50363 0.01
r 67.6 0.01 2 8.6333 0.01
r 67.8 0.01 2 8.76309 0.01
r 68 0.01 2 8.8936 0.01
r 68.2 0.01 2 9.02376 0.01
r 68.4 0.01 2 9.1535 0.01
r 68.6 0.01 2 9.28346 0.01
r 68.8 0.01 2 9.41361 0.01
r 69 0.01 2 9.54385 0.01
r 69.2 0.01 2 9.67431 0.01
r 69.4 0.01 2 9.80491 0.01
r 69.6 0.01 2 9.93554 0.01
r 69.8 0.01 2 10.0663 0.01
r 70 0.01 2 10.197 0.01
r 70.2 0.01 2 10.3276 0.01
r 70.4 0.01 2 10.4584 0.01
r 70.6 0.01 2 10.5893 0.01
r 70.8 0.01 2 10.7203 0.01
r 71 0.01 2 10.8514 0.01
r 71.2 0.01 2 10.9824 0.01
r 71.4 0.01 2 11.1136 0.01
r 71.6 0.01 2 11.2449 0.01
r 71.8 0.01 2 11.3764 0.01
r 72 0.01 2 11.5076 0.01
r 72.2 0.01 2 11.6388 0.01
r 72.4 0.01 2 11.7701 0.01
r 72.6 0.01 2 11.9015 0.01
r 72.8 0.01 2 12.0329 0.01
r 73 0.01 2 12.1645 0.01
r 73.2 0.01 2 12.296 0.01
r 73.4 0.01 2 12.4276 0.01
r 73.6 0.01 2 12.5593 0.01
r 73.8 0.01 2 12.6914 0.01
r 74 0.01 2 12.8229 0.01
r 74.2 0.01 2 12.9545 0.01
r 74.4 0.01 2 13.0862 0.01
r 74.6 0.01 2 13.2179 0.01
r 74.8 0.01 2 13.3497 0.01
r 75 0.01 2 13.4815 0.01
s 65 3 201
r 45 0.01 2 13.4816 0.01
r 45.2 0.01 2 13.3497 0.01
r 45.4 0.01 2 13.2179 0.01
r 45.6 0.01 2 13.0862 0.01
r 45.8 0.01 2 12.9544 0.01
r 46 0.01 2 12.8228 0.01
r 46.2 0.01 2 12.6911 0.01
r 46.4 0.01 2 12.5594 0.01
r 46.6 0.01 2 12.4277 0.01
r 46.8 0.01 2 12.296 0.01
r 47 0.01 2 12.1644 0.01
r 47.2 0.01 2 12.033 0.01
r 47.4 0.01 2 11.9015 0.01
r 47.6 0.01 2 11.7701 0.01
r 47.8 0.01 2 11.6387 0.01
r 48 0.01 2 11.5074 0.01
r 48.2 0.01 2 11.3762 0.01
r 48.4 0.01 2 11.2452 0.01
r 48.6 0.01 2 11.1138 0.01
r 48.8 0.01 2 10.9825 0.01
r 49 0.01 2 10.8513 0.01
r 49.2 0.01 2 10.7203 0.01
r 49.4 0.01 2 10.5894 0.01
r 49.6 0.01 2 10.4585 0.01
r 49.8 0.01 2 10.3276 0.01
r 50 0.01 2 10.1968 0.01
r 50.2 0.01 2 10.0662 0.01
r 50.4 0.01 2 9.93556 0.01
r 50.6 0.01 2 9.80501 0.01
r 50.8 0.01 2 9.67437 0.01
r 51 0.01 2 9.54399 0.01
r 51.2 0.01 2 9.41368 0.01
r 51.4 0.01 2 9.28346 0.01
r 51.6 0.01 2 9.15331 0.01
r 51.8 0.01 2 9.02326 0.01
r 52 0.01 2 8.89327 0.01
r 52.2 0.01 2 8.76335 0.01
r 52.4 0.01 2 8.63394 0.01
r 52.6 0.01 2 8.50421 0.01
r 52.8 0.01 2 8.37441 0.01
r 53 0.01 2 8.24487 0.01
r 53.2 0.01 2 8.11546 0.01
r 53.4 0.01 2 7.98621 0.01
r 53.6 0.01 2 7.85712 0.01
r 53.8 0.01 2 7.72821 0.01
r 54 0.01 2 7.6006 0.01
r 54.2 0.01 2 7.47171 0.01
r 54.4 0.01 2 7.34314 0.01
r 54.6 0.01 2 7.21465 0.01
r 54.8 0.01 2 7.08628 0.01
r 55 0.01 2 6.95892 0.01
r 55.2 0.01 2 6.83098 0.01
r 55.4 0.01 2 6.70345 0.01
r 55.6 0.01 2 6.57641 0.01
r 55.8 0.01 2 6.45 0.01
r 56 0.01 2 6.32253 0.01
r 56.2 0.01 2 6.19628 0.01
r 56.4 0.01 2 6.07035 0.01
r 56.6 0.01 2 5.94425 0.01
r 56.8 0.01 2 5.8188 0.01
r 57 0.01 2 5.69376 0.01
r 57.2 0.01 2 5.56904 0.01
r 57.4 0.01 2 5.44483 0.01
r 57.6 0.01 2 5.32091 0.01
r 57.8 0.01 2 5.19764 0.01
r 58 0.01 2 5.07467 0.01
r 58.2 0.01 2 4.95239 0.01
r 58.4 0.01 2 4.83066 0.01
r 58.6 0.01 2 4.70959 0.01
r 58.8 0.01 2 4.58926 0.01
r 59 0.01 2 4.46935 0.01
r 59.2 0.01 2 4.35031 0.01
r 59.4 0.01 2 4.23252 0.01
r 59.6 0.01 2 4.11516 0.01
r 59.8 0.01 2 3.99923 0.01
r 60 0.01 2 3.88422 0.01
r 60.2 0.01 2 3.77099 0.01
r 60.4 0.01 2 3.65948 0.01
r 60.6 0.01 2 3.54679 0.01
r 60.8 0.01 2 3.43726 0.01
r 61 0.01 2 3.33075 0.01
r 61.2 0.01 2 3.22463 0.01
r 61.4 0.01 2 3.12068 0.01
r 61.6 0.01 2 3.01924 0.01
r 61.8 0.01 2 2.92058 0.01
r 62 0.01 2 2.82441 0.01
r 62.2 0.01 2 2.73165 0.01
r 62.4 0.01 2 2.6423 0.01
r 62.6 0.01 2 2.55693 0.01
r 62.8 0.01 2 2.47558 0.01
r 63 0.01 2 2.39939 0.01
r 63.2 0.01 2 2.32803 0.01
r 63.4 0.01 2 2.26214 0.01
r 63.6 0.01 2 2.20212 0.01
r 63.8 0.01 2 2.14849 0.01
r 64 0.01 2 2.10298 0.01
r 64.2 0.01 2 2.06502 0.01
r 64.4 0.01 2 2.03526 0.01
r 64.6 0.01 2 2.01401 0.01
r 64.8 0.01 2 2.00067 0.01
r 65 0.01 2 1.99585 0.01
r 65.2 0.01 2 2.00029 0.01
r 65.4 0.01 2 2.01273 0.01
r 65.6 0.01 2 2.03335 0.01
r 65.8 0.01 2 2.06357 0.01
r 66 0.01 2 2.10201 0.01
r 66.2 0.01 2 2.14797 0.01
r 66.4 0.01 2 2.20112 0.01
r 66.6 0.01 2 2.26094 0.01
r 66.8 0.01 2 2.32714 0.01
r 67 0.01 2 2.39845 0.01
r 67.2 0.01 2 2.47517 0.01
r 67.4 0.01 2 2.55648 0.01
r 67.6 0.01 2 2.6418 0.01
r 67.8 0.01 2 2.73119 0.01
r 68 0.01 2 2.82398 0.01
r 68.2 0.01 2 2.91987 0.01
r 68.4 0.01 2 3.01891 0.01
r 68.6 0.01 2 3.12036 0.01
r 68.8 0.01 2 3.224 0.01
r 69 0.01 2 3.32962 0.01
r 69.2 0.01 2 3.43737 0.01
r 69.4 0.01 2 3.54681 0.01
r 69.6 0.01 2 3.65775 0.01
r 69.8 0.01 2 3.77017 0.01
r 70 0.01 2 3.88398 0.01
r 70.2 0.01 2 3.99897 0.01
r 70.4 0.01 2 4.11513 0.01
r 70.6 0.01 2 4.23229 0.01
r 70.8 0.01 2 4.3504 0.01
r 71 0.01 2 4.47142 0.01
r 71.2 0.01 2 4.58922 0.01
r 71.4 0.01 2 4.70967 0.01
r 71.6 0.01 2 4.83193 0.01
r 71.8 0.01 2 4.9528 0.01
r 72 0.01 2 5.07469 0.01
r 72.2 0.01 2 5.19757 0.01
r 72.4 0.01 2 5.32102 0.01
r 72.6 0.01 2 5.44489 0.01
r 72.8 0.01 2 5.56953 0.01
r 73 0.01 2 5.69507 0.01
r 73.2 0.01 2 5.81969 0.01
r 73.4 0.01 2 5.94489 0.01
r 73.6 0.01 2 6.07049 0.01
r 73.8 0.01 2 6.19624 0.01
r 74 0.01 2 6.32254 0.01
r 74.2 0.01 2 6.44921 0.01
r 74.4 0.01 2 6.57616 0.01
r 74.6 0.01 2 6.70335 0.01
r 74.8 0.01 2 6.83081 0.01
r 75 0.01 2 6.95835 0.01
r 75.2 0.01 2 7.08625 0.01
r 75.4 0.01 2 7.21422 0.01
r 75.6 0.01 2 7.34265 0.01
r 75.8 0.01 2 7.47087 0.01
r 76 0.01 2 7.59946 0.01
r 76.2 0.01 2 7.72819 0.01
r 76.4 0.01 2 7.85709 0.01
r 76.6 0.01 2 7.98614 0.01
r 76.8 0.01 2 8.11531 0.01
r 77 0.01 2 8.24468 0.01
r 77.2 0.01 2 8.37407 0.01
r 77.4 0.01 2 8.50363 0.01
r 77.6 0.01 2 8.6333 0.01
r 77.8 0.01 2 8.76309 0.01
r 78 0.01 2 8.8936 0.01
r 78.2 0.01 2 9.02376 0.01
r 78.4 0.01 2 9.1535 0.01
r 78.6 0.01 2 9.28346 0.01
r 78.8 0.01 2 9.41361 0.01
r 79 0.01 2 9.54385 0.01
r 79.2 0.01 2 9.67431 0.01
r 79.4 0.01 2 9.80491 0.01
r 79.6 0.01 2 9.93554 0.01
r 79.8 0.01 2 10.0663 0.01
r 80 0.01 2 10.197 0.01
r 80.2 0.01 2 10.3276 0.01
r 80.4 0.01 2 10.4584 0.01
r 80.6 0.01 2 10.5893 0.01
r 80.8 0.01 2 10.7203 0.01
r 81 0.01 2 10.8514 0.01
r 81.2 0.01 2 10.9824 0.01
r 81.4 0.01 2 11.1136 0.01
r 81.6 0.01 2 11.2449 0.01
r 81.8 0.01 2 11.3764 0.01
r 82 0.01 2 11.5076 0.01
r 82.2 0.01 2 11.6388 0.01
r 82.4 0.01 2 11.7701 0.01
r 82.6 0.01 2 11.9015 0.01
r 82.8 0.01 2 12.0329 0.01
r 83 0.01 2 12.1645 0.01
r 83.2 0.01 2 12.296 0.01
r 83.4 0.01 2 12.4276 0.01
r 83.6 0.01 2 12.5593 0.01
r 83.8 0.01 2 12.6914 0.01
r 84 0.01 2 12.8229 0.01
r 84.2 0.01 2 12.9545 0.01
r 84.4 0.01 2 13.0862 0.01
r 84.6 0.01 2 13.2179 0.01
r 84.8 0.01 2 13.3497 0.01
r 85 0.01 2 13.4815 0.01
s 75 3 201
r 55 0.01 2 13.4816 0.01
r 55.2 0.01 2 13.3497 0.01
r 55.4 0.01 2 13.2179 0.01
r 55.6 0.01 2 13.0862 0.01
r 55.8 0.01 2 12.9544 0.01
r 56 0.01 2 12.8228 0.01
r 56.2 0.01 2 12.6911 0.01
r 56.4 0.01 2 12.5594 0.01
r 56.6 0.01 2 12.4277 0.01
r 56.8 0.01 2 12.296 0.01
r 57 0.01 2 12.1644 0.01
r 57.2 0.01 2 12.033 0.01
r 57.4 0.01 2 11.9015 0.01
r 57.6 0.01 2 11.7701 0.01
r 57.8 0.01 2 11.6387 0.01
r 58 0.01 2 11.5074 0.01
r 58.2 0.01 2 11.3762 0.01
r 58.4 0.01 2 11.2452 0.01
r 58.6 0.01 2 11.1138 0.01
r 58.8 0.01 2 10.9825 0.01
r 59 0.01 2 10.8513 0.01
r 59.2 0.01 2 10.7203 0.01
r 59.4 0.01 2 10.5894 0.01
r 59.6 0.01 2 10.4585 0.01
r 59.8 0.01 2 10.3276 0.01
r 60 0.01 2 10.1968 0.01
r 60.2 0.01 2 10.0662 0.01
r 60.4 0.01 2 9.93556 0.01
r 60.6 0.01 2 9.80501 0.01
r 60.8 0.01 2 9.67437 0.01
r 61 0.01 2 9.54399 0.01
r 61.2 0.01 2 9.41368 0.01
r 61.4 0.01 2 9.28346 0.01
r 61.6 0.01 2 9.15331 0.01
r 61.8 0.01 2 9.02326 0.01
r 62 0.01 2 8.89327 0.01
r 62.2 0.01 2 8.76335 0.01
r 62.4 0.01 2 8.63394 0.01
r 62.6 0.01 2 8.50421 0.01
r 62.8 0.01 2 8.37441 0.01
r 63 0.01 2 8.24487 0.01
r 63.2 0.01 2 8.11546 0.01
r 63.4 0.01 2 7.98621 0.01
r 63.6 0.01 2 7.85712 0.01
r 63.8 0.01 2 7.72821 0.01
r 64 0.01 2 7.6006 0.01
r 64.2 0.01 2 7.47171 0.01
r 64.4 0.01 2 7.34314 0.01
r 64.6 0.01 2 7.21465 0.01
r 64.8 0.01 2 7.08628 0.01
r 65 0.01 2 6.95892 0.01
r 65.2 0.01 2 6.83098 0.01
r 65.4 0.01 2 6.70345 0.01
r 65.6 0.01 2 6.57641 0.01
r 65.8 0.01 2 6.45 0.01
r 66 0.01 2 6.32253 0.01
r 66.2 0.01 2 6.19628 0.01
r 66.4 0.01 2 6.07035 0.01
r 66.6 0.01 2 5.94425 0.01
r 66.8 0.01 2 5.8188 0.01
r 67 0.01 2 5.69376 0.01
r 67.2 0.01 2 5.56904 0.01
r 67.4 0.01 2 5.44483 0.01
r 67.6 0.01 2 5.32091 0.01
r 67.8 0.01 2 5.19764 0.01
r 68 0.01 2 5.07467 0.01
r 68.2 0.01 2 4.95239 0.01
r 68.4 0.01 2 4.83066 0.01
r 68.6 0.01 2 4.70959 0.01
r 68.8 0.01 2 4.58926 0.01
r 69 0.01 2 4.46935 0.01
r 69.2 0.01 2 4.35031 0.01
r 69.4 0.01 2 4.23252 0.01
r 69.6 0.01 2 4.11516 0.01
r 69.8 0.01 2 3.99923 0.01
r 70 0.01 2 3.88422 0.01
r 70.2 0.01 2 3.77099 0.01
r 70.4 0.01 2 3.65948 0.01
r 70.6 0.01 2 3.54679 0.01
r 70.8 0.01 2 3.43726 0.01
r 71 0.01 2 3.33075 0.01
r 71.2 0.01 2 3.22463 0.01
r 71.4 0.01 2 3.12068 0.01
r 71.6 0.01 2 3.01924 0.01
r 71.8 0.01 2 2.92058 0.01
r 72 0.01 2 2.82441 0.01
r 72.2 0.01 2 2.73165 0.01
r 72.4 0.01 2 2.6423 0.01
r 72.6 0.01 2 2.55693 0.01
r 72.8 0.01 2 2.47558 0.01
r 73 0.01 2 2.39939 0.01
r 73.2 0.01 2 2.32803 0.01
r 73.4 0.01 2 2.26214 0.01
r 73.6 0.01 2 2.20212 0.01
r 73.8 0.01 2 2.14849 0.01
r 74 0.01 2 2.10298 0.01
r 74.2 0.01 2 2.06502 0.01
r 74.4 0.01 2 2.03526 0.01
r 74.6 0.01 2 2.01401 0.01
r 74.8 0.01 2 2.00067 0.01
r 75 0.01 2 1.99585 0.01
r 75.2 0.01 2 2.00029 0.01
r 75.4 0.01 2 2.01273 0.01
r 75.6 0.01 2 2.03335 0.01
r 75.8 0.01 2 2.06357 0.01
r 76 0.01 2 2.10201 0.01
r 76.2 0.01 2 2.14797 0.01
r 76.4 0.01 2 2.20112 0.01
r 76.6 0.01 2 2.26094 0.01
r 76.8 0.01 2 2.32714 0.01
r 77 0.01 2 2.39845 0.01
r 77.2 0.01 2 2.47517 0.01
r 77.4 0.01 2 2.55648 0.01
r 77.6 0.01 2 2.6418 0.01
r 77.8 0.01 2 2.73119 0.01
r 78 0.01 2 2.82398 0.01
r 78.2 0.01 2 2.91987 0.01
r 78.4 0.01 2 3.01891 0.01
r 78.6 0.01 2 3.12036 0.01
r 78.8 0.01 2 3.224 0.01
r 79 0.01 2 3.32962 0.01
r 79.2 0.01 2 3.43737 0.01
r 79.4 0.01 2 3.54681 0.01
r 79.6 0.01 2 3.65775 0.01
r 79.8 0.01 2 3.77017 0.01
r 80 0.01 2 3.88398 0.01
r 80.2 0.01 2 3.99897 0.01
r 80.4 0.01 2 4.11513 0.01
r 80.6 0.01 2 4.23229 0.01
r 80.8 0.01 2 4.3504 0.01
r 81 0.01 2 4.47142 0.01
r 81.2 0.01 2 4.58922 0.01
r 81.4 0.01 2 4.70967 0.01
r 81.6 0.01 2 4.83193 0.01
r 81.8 0.01 2 4.9528 0.01
r 82 0.01 2 5.07469 0.01
r 82.2 0.01 2 5.19757 0.01
r 82.4 0.01 2 5.32102 0.01
r 82.6 0.01 2 5.44489 0.01
r 82.8 0.01 2 5.56953 0.01
r 83 0.01 2 5.69507 0.01
r 83.2 0.01 2 5.81969 0.01
r 83.4 0.01 2 5.94489 0.01
r 83.6 0.01 2 6.07049 0.01
r 83.8 0.01 2 6.19624 0.01
r 84 0.01 2 6.32254 0.01
r 84.2 0.01 2 6.44921 0.01
r 84.4 0.01 2 6.57616 0.01
r 84.6 0.01 2 6.70335 0.01
r 84.8 0.01 2 6.83081 0.01
r 85 0.01 2 6.95835 0.01
r 85.2 0.01 2 7.08625 0.01
r 85.4 0.01 2 7.21422 0.01
r 85.6 0.01 2 7.34265 0.01
r 85.8 0.01 2 7.47087 0.01
r 86 0.01 2 7.59946 0.01
r 86.2 0.01 2 7.72819 0.01
r 86.4 0.01 2 7.85709 0.01
r 86.6 0.01 2 7.98614 0.01
r 86.8 0.01 2 8.11531 0.01
r 87 0.01 2 8.24468 0.01
r 87.2 0.01 2 8.37407 0.01
r 87.4 0.01 2 8.50363 0.01
r 87.6 0.01 2 8.6333 0.01
r 87.8 0.01 2 8.76309 0.01
r 88 0.01 2 8.8936 0.01
r 88.2 0.01 2 9.02376 0.01
r 88.4 0.01 2 9.1535 0.01
r 88.6 0.01 2 9.28346 0.01
r 88.8 0.01 2 9.41361 0.01
r 89 0.01 2 9.54385 0.01
r 89.2 0.01 2 9.67431 0.01
r 89.4 0.01 2 9.80491 0.01
r 89.6 0.01 2 9.93554 0.01
r 89.8 0.01 2 10.0663 0.01
r 90 0.01 2 10.197 0.01
r 90.2 0.01 2 10.3276 0.01
r 90.4 0.01 2 10.4584 0.01
r 90.6 0.01 2 10.5893 0.01
r 90.8 0.01 2 10.7203 0.01
r 91 0.01 2 10.8514 0.01
r 91.2 0.01 2 10.9824 0.01
r 91.4 0.01 2 11.1136 0.01
r 91.6 0.01 2 11.2449 0.01
r 91.8 0.01 2 11.3764 0.01
r 92 0.01 2 11.5076 0.01
r 92.2 0.01 2 11.6388 0.01
r 92.4 0.01 2 11.7701 0.01
r 92.6 0.01 2 11.9015 0.01
r 92.8 0.01 2 12.0329 0.01
r 93 0.01 2 12.1645 0.01
r 93.2 0.01 2 12.296 0.01
r 93.4 0.01 2 12.4276 0.01
r 93.6 0.01 2 12.5593 0.01
r 93.8 0.01 2 12.6914 0.01
r 94 0.01 2 12.8229 0.01
r 94.2 0.01 2 12.9545 0.01
r 94.4 0.01 2 13.0862 0.01
r 94.6 0.01 2 13.2179 0.01
r 94.8 0.01 2 13.3497 0.01
r 95 0.01 2 13.4815 0.01
s 85 3 201
r 65 0.01 2 13.4816 0.01
r 65.2 0.01 2 13.3497 0.01
r 65.4 0.01 2 13.2179 0.01
r 65.6 0.01 2 13.0862 0.01
r 65.8 0.01 2 12.9544 0.01
r 66 0.01 2 12.8228 0.01
r 66.2 0.01 2 12.6911 0.01
r 66.4 0.01 2 12.5594 0.01
r 66.6 0.01 2 12.4277 0.01
r 66.8 0.01 2 12.296 0.01
r 67 0.01 2 12.1644 0.01
r 67.2 0.01 2 12.033 0.01
r 67.4 0.01 2 11.9015 0.01
r 67.6 0.01 2 11.7701 0.01
r 67.8 0.01 2 11.6387 0.01
r 68 0.01 2 11.5074 0.01
r 68.2 0.01 2 11.3762 0.01
r 68.4 0.01 2 11.2452 0.01
r 68.6 0.01 2 11.1138 0.01
r 68.8 0.01 2 10.9825 0.01
r 69 0.01 2 10.8513 0.01
r 69.2 0.01 2 10.7203 0.01
r 69.4 0.01 2 10.5894 0.01
r 69.6 0.01 2 10.4585 0.01
r 69.8 0.01 2 10.3276 0.01
r 70 0.01 2 10.1968 0.01
r 70.2 0.01 2 10.0662 0.01
r 70.4 0.01 2 9.93556 0.01
r 70.6 0.01 2 9.80501 0.01
r 70.8 0.01 2 9.67437 0.01
r 71 0.01 2 9.54399 0.01
r 71.2 0.01 2 9.41368 0.01
r 71.4 0.01 2 9.28346 0.01
r 71.6 0.01 2 9.15331 0.01
r 71.8 0.01 2 9.02326 0.01
r 72 0.01 2 8.89327 0.01
r 72.2 0.01 2 8.76335 0.01
r 72.4 0.01 2 8.63394 0.01
r 72.6 0.01 2 8.50421 0.01
r 72.8 0.01 2 8.37441 0.01
r 73 0.01 2 8.24487 0.01
r 73.2 0.01 2 8.11546 0.01
r 73.4 0.01 2 7.98621 0.01
r 73.6 0.01 2 7.85712 0.01
r 73.8 0.01 2 7.72821 0.01
r 74 0.01 2 7.6006 0.01
r 74.2 0.01 2 7.47171 0.01
r 74.4 0.01 2 7.34314 0.01
r 74.6 0.01 2 7.21465 0.01
r 74.8 0.01 2 7.08628 0.01
r 75 0.01 2 6.95892 0.01
r 75.2 0.01 2 6.83098 0.01
r 75.4 0.01 2 6.70345 0.01
r 75.6 0.01 2 6.57641 0.01
r 75.8 0.01 2 6.45 0.01
r 76 0.01 2 6.32253 0.01
r 76.2 0.01 2 6.19628 0.01
r 76.4 0.01 2 6.07035 0.01
r 76.6 0.01 2 5.94425 0.01
r 76.8 0.01 2 5.8188 0.01
r 77 0.01 2 5.69376 0.01
r 77.2 0.01 2 5.56904 0.01
r 77.4 0.01 2 5.44483 0.01
r 77.6 0.01 2 5.32091 0.01
r 77.8 0.01 2 5.19764 0.01
r 78 0.01 2 5.07467 0.01
r 78.2 0.01 2 4.95239 0.01
r 78.4 0.01 2 4.83066 0.01
r 78.6 0.01 2 4.70959 0.01
r 78.8 0.01 2 4.58926 0.01
r 79 0.01 2 4.46935 0.01
r 79.2 0.01 2 4.35031 0.01
r 79.4 0.01 2 4.23252 0.01
r 79.6 0.01 2 4.11516 0.01
r 79.8 0.01 2 3.99923 0.01
r 80 0.01 2 3.88422 0.01
r 80.2 0.01 2 3.77099 0.01
r 80.4 0.01 2 3.65948 0.01
r 80.6 0.01 2 3.54679 0.01
r 80.8 0.01 2 3.43726 0.01
r 81 0.01 2 3.33075 0.01
r 81.2 0.01 2 3.22463 0.01
r 81.4 0.01 2 3.12068 0.01
r 81.6 0.01 2 3.01924 0.01
r 81.8 0.01 2 2.92058 0.01
r 82 0.01 2 2.82441 0.01
r 82.2 0.01 2 2.73165 0.01
r 82.4 0.01 2 2.6423 0.01
r 82.6 0.01 2 2.55693 0.01
r 82.8 0.01 2 2.47558 0.01
r 83 0.01 2 2.39939 0.01
r 83.2 0.01 2 2.32803 0.01
r 83.4 0.01 2 2.26214 0.01
r 83.6 0.01 2 2.20212 0.01
r 83.8 0.01 2 2.14849 0.01
r 84 0.01 2 2.10298 0.01
r 84.2 0.01 2 2.06502 0.01
r 84.4 0.01 2 2.03526 0.01
r 84.6 0.01 2 2.01401 0.01
r 84.8 0.01 2 2.00067 0.01
r 85 0.01 2 1.99585 0.01
r 85.2 0.01 2 2.00029 0.01
r 85.4 0.01 2 2.01273 0.01
r 85.6 0.01 2 2.03335 0.01
r 85.8 0.01 2 2.06357 0.01
r 86 0.01 2 2.10201 0.01
r 86.2 0.01 2 2.14797 0.01
r 86.4 0.01 2 2.20112 0.01
r 86.6 0.01 2 2.26094 0.01
r 86.8 0.01 2 2.32714 0.01
r 87 0.01 2 2.39845 0.01
r 87.2 0.01 2 2.47517 0.01
r 87.4 0.01 2 2.55648 0.01
r 87.6 0.01 2 2.6418 0.01
r 87.8 0.01 2 2.73119 0.01
r 88 0.01 2 2.82398 0.01
r 88.2 0.01 2 2.91987 0.01
r 88.4 0.01 2 3.01891 0.01
r 88.6 0.01 2 3.12036 0.01
r 88.8 0.01 2 3.224 0.01
r 89 0.01 2 3.32962 0.01
r 89.2 0.01 2 3.43737 0.01
r 89.4 0.01 2 3.54681 0.01
r 89.6 0.01 2 3.65775 0.01
r 89.8 0.01 2 3.77017 0.01
r 90 0.01 2 3.88398 0.01
r 90.2 0.01 2 3.99897 0.01
r 90.4 0.01 2 4.11513 0.01
r 90.6 0.01 2 4.23229 0.01
r 90.8 0.01 2 4.3504 0.01
r 91 0.01 2 4.47142 0.01
r 91.2 0.01 2 4.58922 0.01
r 91.4 0.01 2 4.70967 0.01
r 91.6 0.01 2 4.83193 0.01
r 91.8 0.01 2 4.9528 0.01
r 92 0.01 2 5.07469 0.01
r 92.2 0.01 2 5.19757 0.01
r 92.4 0.01 2 5.32102 0.01
r 92.6 0.01 2 5.44489 0.01
r 92.8 0.01 2 5.56953 0.01
r 93 0.01 2 5.69507 0.01
r 93.2 0.01 2 5.81969 0.01
r 93.4 0.01 2 5.94489 0.01
r 93.6 0.01 2 6.07049 0.01
r 93.8 0.01 2 6.19624 0.01
r 94 0.01 2 6.32254 0.01
r 94.2 0.01 2 6.44921 0.01
r 94.4 0.01 2 6.57616 0.01
r 94.6 0.01 2 6.70335 0.01
r 94.8 0.01 2 6.83081 0.01
r 95 0.01 2 6.95835 0.01
r 95.2 0.01 2 7.08625 0.01
r 95.4 0.01 2 7.21422 0.01
r 95.6 0.01 2 7.34265 0.01
r 95.8 0.01 2 7.47087 0.01
r 96 0.01 2 7.59946 0.01
r 96.2 0.01 2 7.72819 0.01
r 96.4 0.01 2 7.85709 0.01
r 96.6 0.01 2 7.98614 0.01
r 96.8 0.01 2 8.11531 0.01
r 97 0.01 2 8.24468 0.01
r 97.2 0.01 2 8.37407 0.01
r 97.4 0.01 2 8.50363 0.01
r 97.6 0.01 2 8.6333 0.01
r 97.8 0.01 2 8.76309 0.01
r 98 0.01 2 8.8936 0.01
r 98.2 0.01 2 9.02376 0.01
r 98.4 0.01 2 9.1535 0.01
r 98.6 0.01 2 9.28346 0.01
r 98.8 0.01 2 9.41361 0.01
r 99 0.01 2 9.54385 0.01
r 99.2 0.01 2 9.67431 0.01
r 99.4 0.01 2 9.80491 0.01
r 99.6 0.01 2 9.93554 0.01
r 99.8 0.01 2 10.0663 0.01
r 100 0.01 2 10.197 0.01
r 100.2 0.01 2 10.3276 0.01
r 100.4 0.01 2 10.4584 0.01
r 100.6 0.01 2 10.5893 0.01
r 100.8 0.01 2 10.7203 0.01
r 101 0.01 2 10.8514 0.01
r 101.2 0.01 2 10.9824 0.01
r 101.4 0.01 2 11.1136 0.01
r 101.6 0.01 2 11.2449 0.01
r 101.8 0.01 2 11.3764 0.01
r 102 0.01 2 11.5076 0.01
r 102.2 0.01 2 11.6388 0.01
r 102.4 0.01 2 11.7701 0.01
r 102.6 0.01 2 11.9015 0.01
r 102.8 0.01 2 12.0329 0.01
r 103 0.01 2 12.1645 0.01
r 103.2 0.01 2 12.296 0.01
r 103.4 0.01 2 12.4276 0.01
r 103.6 0.01 2 12.5593 0.01
r 103.8 0.01 2 12.6914 0.01
r 104 0.01 2 12.8229 0.01
r 104.2 0.01 2 12.9545 0.01
r 104.4 0.01 2 13.0862 0.01
r 104.6 0.01 2 13.2179 0.01
r 104.8 0.01 2 13.3497 0.01
r 105 0.01 2 13.4815 0.01
s 95 3 201
r 75 0.01 2 13.4816 0.01
r 75.2 0.01 2 13.3497 0.01
r 75.4 0.01 2 13.2179 0.01
r 75.6 0.01 2 13.0862 0.01
r 75.8 0.01 2 12.9544 0.01
r 76 0.01 2 12.8228 0.01
r 76.2 0.01 2 12.6911 0.01
r 76.4 0.01 2 12.5594 0.01
r 76.6 0.01 2 12.4277 0.01
r 76.8 0.01 2 12.296 0.01
r 77 0.01 2 12.1644 0.01
r 77.2 0.01 2 12.033 0.01
r 77.4 0.01 2 11.9015 0.01
r 77.6 0.01 2 11.7701 0.01
r 77.8 0.01 2 11.6387 0.01
r 78 0.01 2 11.5074 0.01
r 78.2 0.01 2 11.3762 0.01
r 78.4 0.01 2 11.2452 0.01
r 78.6 0.01 2 11.1138 0.01
r 78.8 0.01 2 10.9825 0.01
r 79 0.01 2 10.8513 0.01
r 79.2 0.01 2 10.7203 0.01
r 79.4 0.01 2 10.5894 0.01
r 79.6 0.01 2 10.4585 0.01
r 79.8 0.01 2 10.3276 0.01
r 80 0.01 2 10.1968 0.01
r 80.2 0.01 2 10.0662 0.01
r 80.4 0.01 2 9.93556 0.01
r 80.6 0.01 2 9.80501 0.01
r 80.8 0.01 2 9.67437 0.01
r 81 0.01 2 9.54399 0.01
r 81.2 0.01 2 9.41368 0.01
r 81.4 0.01 2 9.28346 0.01
r 81.6 0.01 2 9.15331 0.01
r 81.8 0.01 2 9.02326 0.01
r 82 0.01 2 8.89327 0.01
r 82.2 0.01 2 8.76335 0.01
r 82.4 0.01 2 8.63394 0.01
r 82.6 0.01 2 8.50421 0.01
r 82.8 0.01 2 8.37441 0.01
r 83 0.01 2 8.24487 0.01
r 83.2 0.01 2 8.11546 0.01
r 83.4 0.01 2 7.98621 0.01
r 83.6 0.01 2 7.85712 0.01
r 83.8 0.01 2 7.72821 0.01
r 84 0.01 2 7.6006 0.01
r 84.2 0.01 2 7.47171 0.01
r 84.4 0.01 2 7.34314 0.01
r 84.6 0.01 2 7.21465 0.01
r 84.8 0.01 2 7.08628 0.01
r 85 0.01 2 6.95892 0.01
r 85.2 0.01 2 6.83098 0.01
r 85.4 0.01 2 6.70345 0.01
r 85.6 0.01 2 6.57641 0.01
r 85.8 0.01 2 6.45 0.01
r 86 0.01 2 6.32253 0.01
r 86.2 0.01 2 6.19628 0.01
r 86.4 0.01 2 6.07035 0.01
r 86.6 0.01 2 5.94425 0.01
r 86.8 0.01 2 5.8188 0.01
r 87 0.01 2 5.69376 0.01
r 87.2 0.01 2 5.56904 0.01
r 87.4 0.01 2 5.44483 0.01
r 87.6 0.01 2 5.32091 0.01
r 87.8 0.01 2 5.19764 0.01
r 88 0.01 2 5.07467 0.01
r 88.2 0.01 2 4.95239 0.01
r 88.4 0.01 2 4.83066 0.01
r 88.6 0.01 2 4.70959 0.01
r 88.8 0.01 2 4.58926 0.01
r 89 0.01 2 4.46935 0.01
r 89.2 0.01 2 4.35031 0.01
r 89.4 0.01 2 4.23252 0.01
r 89.6 0.01 2 4.11516 0.01
r 89.8 0.01 2 3.99923 0.01
r 90 0.01 2 3.88422 0.01
r 90.2 0.01 2 3.77099 0.01
r 90.4 0.01 2 3.65948 0.01
r 90.6 0.01 2 3.54679 0.01
r 90.8 0.01 2 3.43726 0.01
r 91 0.01 2 3.33075 0.01
r 91.2 0.01 2 3.22463 0.01
r 91.4 0.01 2 3.12068 0.01
r 91.6 0.01 2 3.01924 0.01
r 91.8 0.01 2 2.92058 0.01
r 92 0.01 2 2.82441 0.01
r 92.2 0.01 2 2.73165 0.01
r 92.4 0.01 2 2.6423 0.01
r 92.6 0.01 2 2.55693 0.01
r 92.8 0.01 2 2.47558 0.01
r 93 0.01 2 2.39939 0.01
r 93.2 0.01 2 2.32803 0.01
r 93.4 0.01 2 2.26214 0.01
r 93.6 0.01 2 2.20212 0.01
r 93.8 0.01 2 2.14849 0.01
r 94 0.01 2 2.10298 0.01
r 94.2 0.01 2 2.06502 0.01
r 94.4 0.01 2 2.03526 0.01
r 94.6 0.01 2 2.01401 0.01
r 94.8 0.01 2 2.00067 0.01
r 95 0.01 2 1.99585 0.01
r 95.2 0.01 2 2.00029 0.01
r 95.4 0.01 2 2.01273 0.01
r 95.6 0.01 2 2.03335 0.01
r 95.8 0.01 2 2.06357 0.01
r 96 0.01 2 2.10201 0.01
r 96.2 0.01 2 2.14797 0.01
r 96.4 0.01 2 2.20112 0.01
r 96.6 0.01 2 2.26094 0.01
r 96.8 0.01 2 2.32714 0.01
r 97 0.01 2 2.39845 0.01
r 97.2 0.01 2 2.47517 0.01
r 97.4 0.01 2 2.55648 0.01
r 97.6 0.01 2 2.6418 0.01
r 97.8 0.01 2 2.73119 0.01
r 98 0.01 2 2.82398 0.01
r 98.2 0.01 2 2.91987 0.01
r 98.4 0.01 2 3.01891 0.01
r 98.6 0.01 2 3.12036 0.01
r 98.8 0.01 2 3.224 0.01
r 99 0.01 2 3.32962 0.01
r 99.2 0.01 2 3.43737 0.01
r 99.4 0.01 2 3.54681 0.01
r 99.6 0.01 2 3.65775 0.01
r 99.8 0.01 2 3.77017 0.01
r 100 0.01 2 3.88398 0.01
r 100.2 0.01 2 3.99897 0.01
r 100.4 0.01 2 4.11513 0.01
r 100.6 0.01 2 4.23229 0.01
r 100.8 0.01 2 4.3504 0.01
r 101 0.01 2 4.47142 0.01
r 101.2 0.01 2 4.58922 0.01
r 101.4 0.01 2 4.70967 0.01
r 101.6 0.01 2 4.83193 0.01
r 101.8 0.01 2 4.9528 0.01
r 102 0.01 2 5.07469 0.01
r 102.2 0.01 2 5.19757 0.01
r 102.4 0.01 2 5.32102 0.01
r 102.6 0.01 2 5.44489 0.01
r 102.8 0.01 2 5.56953 0.01
r 103 0.01 2 5.69507 0.01
r 103.2 0.01 2 5.81969 0.01
r 103.4 0.01 2 5.94489 0.01
r 103.6 0.01 2 6.07049 0.01
r 103.8 0.01 2 6.19624 0.01
r 104 0.01 2 6.32254 0.01
r 104.2 0.01 2 6.44921 0.01
r 104.4 0.01 2 6.57616 0.01
r 104.6 0.01 2 6.70335 0.01
r 104.8 0.01 2 6.83081 0.01
r 105 0.01 2 6.95835 0.01
r 105.2 0.01 2 7.08625 0.01
r 105.4 0.01 2 7.21422 0.01
r 105.6 0.01 2 7.34265 0.01
r 105.8 0.01 2 7.47087 0.01
r 106 0.01 2 7.59946 0.01
r 106.2 0.01 2 7.72819 0.01
r 106.4 0.01 2 7.85709 0.01
r 106.6 0.01 2 7.98614 0.01
r 106.8 0.01 2 8.11531 0.01
r 107 0.01 2 8.24468 0.01
r 107.2 0.01 2 8.37407 0.01
r 107.4 0.01 2 8.50363 0.01
r 107.6 0.01 2 8.6333 0.01
r 107.8 0.01 2 8.76309 0.01
r 108 0.01 2 8.8936 0.01
r 108.2 0.01 2 9.02376 0.01
r 108.4 0.01 2 9.1535 0.01
r 108.6 0.01 2 9.28346 0.01
r 108.8 0.01 2 9.41361 0.01
r 109 0.01 2 9.54385 0.01
r 109.2 0.01 2 9.67431 0.01
r 109.4 0.01 2 9.80491 0.01
r 109.6 0.01 2 9.93554 0.01
r 109.8 0.01 2 10.0663 0.01
r 110 0.01 2 10.197 0.01
r 110.2 0.01 2 10.3276 0.01
r 110.4 0.01 2 10.4584 0.01
r 110.6 0.01 2 10.5893 0.01
r 110.8 0.01 2 10.7203 0.01
r 111 0.01 2 10.8514 0.01
r 111.2 0.01 2 10.9824 0.01
r 111.4 0.01 2 11.1136 0.01
r 111.6 0.01 2 11.2449 0.01
r 111.8 0.01 2 11.3764 0.01
r 112 0.01 2 11.5076 0.01
r 112.2 0.01 2 11.6388 0.01
r 112.4 0.01 2 11.7701 0.01
r 112.6 0.01 2 11.9015 0.01
r 112.8 0.01 2 12.0329 0.01
r 113 0.01 2 12.1645 0.01
r 113.2 0.01 2 12.296 0.01
r 113.4 0.01 2 12.4276 0.01
r 113.6 0.01 2 12.5593 0.01
r 113.8 0.01 2 12.6914 0.01
r 114 0.01 2 12.8229 0.01
r 114.2 0.01 2 12.9545 0.01
r 114.4 0.01 2 13.0862 0.01
r 114.6 0.01 2 13.2179 0.01
r 114.8 0.01 2 13.3497 0.01
r 115 0.01 2 13.4815 0.01
s 105 3 201
r 85 0.01 2 13.4816 0.01
r 85.2 0.01 2 13.3497 0.01
r 85.4 0.01 2 13.2179 0.01
r 85.6 0.01 2 13.0862 0.01
r 85.8 0.01 2 12.9544 0.01
r 86 0.01 2 12.8228 0.01
r 86.2 0.01 2 12.6911 0.01
r 86.4 0.01 2 12.5594 0.01
r 86.6 0.01 2 12.4277 0.01
r 86.8 0.01 2 12.296 0.01
r 87 0.01 2 12.1644 0.01
r 87.2 0.01 2 12.033 0.01
r 87.4 0.01 2 11.9015 0.01
r 87.6 0.01 2 11.7701 0.01
r 87.8 0.01 2 11.6387 0.01
r 88 0.01 2 11.5074 0.01
r 88.2 0.01 2 11.3762 0.01
r 88.4 0.01 2 11.2452 0.01
r 88.6 0.01 2 11.1138 0.01
r 88.8 0.01 2 10.9825 0.01
r 89 0.01 2 10.8513 0.01
r 89.2 0.01 2 10.7203 0.01
r 89.4 0.01 2 10.5894 0.01
r 89.6 0.01 2 10.4585 0.01
r 89.8 0.01 2 10.3276 0.01
r 90 0.01 2 10.1968 0.01
r 90.2 0.01 2 10.0662 0.01
r 90.4 0.01 2 9.93556 0.01
r 90.6 0.01 2 9.80501 0.01
r 90.8 0.01 2 9.67437 0.01
r 91 0.01 2 9.54399 0.01
r 91.2 0.01 2 9.41368 0.01
r 91.4 0.01 2 9.28346 0.01
r 91.6 0.01 2 9.15331 0.01
r 91.8 0.01 2 9.02326 0.01
r 92 0.01 2 8.89327 0.01
r 92.2 0.01 2 8.76335 0.01
r 92.4 0.01 2 8.63394 0.01
r 92.6 0.01 2 8.50421 0.01
r 92.8 0.01 2 8.37441 0.01
r 93 0.01 2 8.24487 0.01
r 93.2 0.01 2 8.11546 0.01
r 93.4 0.01 2 7.98621 0.01
r 93.6 0.01 2 7.85712 0.01
r 93.8 0.01 2 7.72821 0.01
r 94 0.01 2 7.6006 0.01
r 94.2 0.01 2 7.47171 0.01
r 94.4 0.01 2 7.34314 0.01
r 94.6 0.01 2 7.21465 0.01
r 94.8 0.01 2 7.08628 0.01
r 95 0.01 2 6.95892 0.01
r 95.2 0.01 2 6.83098 0.01
r 95.4 0.01 2 6.70345 0.01
r 95.6 0.01 2 6.57641 0.01
r 95.8 0.01 2 6.45 0.01
r 96 0.01 2 6.32253 0.01
r 96.2 0.01 2 6.19628 0.01
r 96.4 0.01 2 6.07035 0.01
r 96.6 0.01 2 5.94425 0.01
r 96.8 0.01 2 5.8188 0.01
r 97 0.01 2 5.69376 0.01
r 97.2 0.01 2 5.56904 0.01
r 97.4 0.01 2 5.44483 0.01
r 97.6 0.01 2 5.32091 0.01
r 97.8 0.01 2 5.19764 0.01
r 98 0.01 2 5.07467 0.01
r 98.2 0.01 2 4.95239 0.01
r 98.4 0.01 2 4.83066 0.01
r 98.6 0.01 2 4.70959 0.01
r 98.8 0.01 2 4.58926 0.01
r 99 0.01 2 4.46935 0.01
r 99.2 0.01 2 4.35031 0.01
r 99.4 0.01 2 4.23252 0.01
r 99.6 0.01 2 4.11516 0.01
r 99.8 0.01 2 3.99923 0.01
r 100 0.01 2 3.88422 0.01
r 100.2 0.01 2 3.77099 0.01
r 100.4 0.01 2 3.65948 0.01
r 100.6 0.01 2 3.54679 0.01
r 100.8 0.01 2 3.43726 0.01
r 101 0.01 2 3.33075 0.01
r 101.2 0.01 2 3.22463 0.01
r 101.4 0.01 2 3.12068 0.01
r 101.6 0.01 2 3.01924 0.01
r 101.8 0.01 2 2.92058 0.01
r 102 0.01 2 2.82441 0.01
r 102.2 0.01 2 2.73165 0.01
r 102.4 0.01 2 2.6423 0.01
r 102.6 0.01 2 2.55693 0.01
r 102.8 0.01 2 2.47558 0.01
r 103 0.01 2 2.39939 0.01
r 103.2 0.01 2 2.32803 0.01
r 103.4 0.01 2 2.26214 0.01
r 103.6 0.01 2 2.20212 0.01
r 103.8 0.01 2 2.14849 0.01
r 104 0.01 2 2.10298 0.01
r 104.2 0.01 2 2.06502 0.01
r 104.4 0.01 2 2.03526 0.01
r 104.6 0.01 2 2.01401 0.01
r 104.8 0.01 2 2.00067 0.01
r 105 0.01 2 1.99585 0.01
r 105.2 0.01 2 2.00029 0.01
r 105.4 0.01 2 2.01273 0.01
r 105.6 0.01 2 2.03335 0.01
r 105.8 0.01 2 2.06357 0.01
r 106 0.01 2 2.10201 0.01
r 106.2 0.01 2 2.14797 0.01
r 106.4 0.01 2 2.20112 0.01
r 106.6 0.01 2 2.26094 0.01
r 106.8 0.01 2 2.32714 0.01
r 107 0.01 2 2.39845 0.01
r 107.2 0.01 2 2.47517 0.01
r 107.4 0.01 2 2.55648 0.01
r 107.6 0.01 2 2.6418 0.01
r 107.8 0.01 2 2.73119 0.01
r 108 0.01 2 2.82398 0.01
r 108.2 0.01 2 2.91987 0.01
r 108.4 0.01 2 3.01891 0.01
r 108.6 0.01 2 3.12036 0.01
r 108.8 0.01 2 3.224 0.01
r 109 0.01 2 3.32962 0.01
r 109.2 0.01 2 3.43737 0.01
r 109.4 0.01 2 3.54681 0.01
r 109.6 0.01 2 3.65775 0.01
r 109.8 0.01 2 3.77017 0.01
r 110 0.01 2 3.88398 0.01
r 110.2 0.01 2 3.99897 0.01
r 110.4 0.01 2 4.11513 0.01
r 110.6 0.01 2 4.23229 0.01
r 110.8 0.01 2 4.3504 0.01
r 111 0.01 2 4.47142 0.01
r 111.2 0.01 2 4.58922 0.01
r 111.4 0.01 2 4.70967 0.01
r 111.6 0.01 2 4.83193 0.01
r 111.8 0.01 2 4.9528 0.01
r 112 0.01 2 5.07469 0.01
r 112.2 0.01 2 5.19757 0.01
r 112.4 0.01 2 5.32102 0.01
r 112.6 0.01 2 5.44489 0.01
r 112.8 0.01 2 5.56953 0.01
r 113 0.01 2 5.69507 0.01
r 113.2 0.01 2 5.81969 0.01
r 113.4 0.01 2 5.94489 0.01
r 113.6 0.01 2 6.07049 0.01
r 113.8 0.01 2 6.19624 0.01
r 114 0.01 2 6.32254 0.01
r 114.2 0.01 2 6.44921 0.01
r 114.4 0.01 2 6.57616 0.01
r 114.6 0.01 2 6.70335 0.01
r 114.8 0.01 2 6.83081 0.01
r 115 0.01 2 6.95835 0.01
r 115.2 0.01 2 7.08625 0.01
r 115.4 0.01 2 7.21422 0.01
r 115.6 0.01 2 7.34265 0.01
r 115.8 0.01 2 7.47087 0.01
r 116 0.01 2 7.59946 0.01
r 116.2 0.01 2 7.72819 0.01
r 116.4 0.01 2 7.85709 0.01
r 116.6 0.01 2 7.98614 0.01
r 116.8 0.01 2 8.11531 0.01
r 117 0.01 2 8.24468 0.01
r 117.2 0.01 2 8.37407 0.01
r 117.4 0.01 2 8.50363 0.01
r 117.6 0.01 2 8.6333 0.01
r 117.8 0.01 2 8.76309 0.01
r 118 0.01 2 8.8936 0.01
r 118.2 0.01 2 9.02376 0.01
r 118.4 0.01 2 9.1535 0.01
r 118.6 0.01 2 9.28346 0.01
r 118.8 0.01 2 9.41361 0.01
r 119 0.01 2 9.54385 0.01
r 119.2 0.01 2 9.67431 0.01
r 119.4 0.01 2 9.80491 0.01
r 119.6 0.01 2 9.93554 0.01
r 119.8 0.01 2 10.0663 0.01
r 120 0.01 2 10.197 0.01
r 120.2 0.01 2 10.3276 0.01
r 120.4 0.01 2 10.4584 0.01
r 120.6 0.01 2 10.5893 0.01
r 120.8 0.01 2 10.7203 0.01
r 121 0.01 2 10.8514 0.01
r 121.2 0.01 2 10.9824 0.01
r 121.4 0.01 2 11.1136 0.01
r 121.6 0.01 2 11.2449 0.01
r 121.8 0.01 2 11.3764 0.01
r 122 0.01 2 11.5076 0.01
r 122.2 0.01 2 11.6388 0.01
r 122.4 0.01 2 11.7701 0.01
r 122.6 0.01 2 11.9015 0.01
r 122.8 0.01 2 12.0329 0.01
r 123 0.01 2 12.1645 0.01
r 123.2 0.01 2 12.296 0.01
r 123.4 0.01 2 12.4276 0.01
r 123.6 0.01 2 12.5593 0.01
r 123.8 0.01 2 12.6914 0.01
r 124 0.01 2 12.8229 0.01
r 124.2 0.01 2 12.9545 0.01
r 124.4 0.01 2 13.0862 0.01
r 124.6 0.01 2 13.2179 0.01
r 124.8 0.01 2 13.3497 0.01
r 125 0.01 2 13.4815 0.01
s 115 3 201
r 95 0.01 2 13.4816 0.01
r 95.2 0.01 2 13.3497 0.01
r 95.4 0.01 2 13.2179 0.01
r 95.6 0.01 2 13.0862 0.01
r 95.8 0.01 2 12.9544 0.01
r 96 0.01 2 12.8228 0.01
r 96.2 0.01 2 12.6911 0.01
r 96.4 0.01 2 12.5594 0.01
r 96.6 0.01 2 12.4277 0.01
r 96.8 0.01 2 12.296 0.01
r 97 0.01 2 12.1644 0.01
r 97.2 0.01 2 12.033 0.01
r 97.4 0.01 2 11.9015 0.01
r 97.6 0.01 2 11.7701 0.01
r 97.8 0.01 2 11.6387 0.01
r 98 0.01 2 11.5074 0.01
r 98.2 0.01 2 11.3762 0.01
r 98.4 0.01 2 11.2452 0.01
r 98.6 0.01 2 11.1138 0.01
r 98.8 0.01 2 10.9825 0.01
r 99 0.01 2 10.8513 0.01
r 99.2 0.01 2 10.7203 0.01
r 99.4 0.01 2 10.5894 0.01
r 99.6 0.01 2 10.4585 0.01
r 99.8 0.01 2 10.3276 0.01
r 100 0.01 2 10.1968 0.01
r 100.2 0.01 2 10.0662 0.01
r 100.4 0.01 2 9.93556 0.01
r 100.6 0.01 2 9.80501 0.01
r 100.8 0.01 2 9.67437 0.01
r 101 0.01 2 9.54399 0.01
r 101.2 0.01 2 9.41368 0.01
r 101.4 0.01 2 9.28346 0.01
r 101.6 0.01 2 9.15331 0.01
r 101.8 0.01 2 9.02326 0.01
r 102 0.01 2 8.89327 0.01
r 102.2 0.01 2 8.76335 0.01
r 102.4 0.01 2 8.63394 0.01
r 102.6 0.01 2 8.50421 0.01
r 102.8 0.01 2 8.37441 0.01
r 103 0.01 2 8.24487 0.01
r 103.2 0.01 2 8.11546 0.01
r 103.4 0.01 2 7.98621 0.01
r 103.6 0.01 2 7.85712 0.01
r 103.8 0.01 2 7.72821 0.01
r 104 0.01 2 7.6006 0.01
r 104.2 0.01 2 7.47171 0.01
r 104.4 0.01 2 7.34314 0.01
r 104.6 0.01 2 7.21465 0.01
r 104.8 0.01 2 7.08628 0.01
r 105 0.01 2 6.95892 0.01
r 105.2 0.01 2 6.83098 0.01
r 105.4 0.01 2 6.70345 0.01
r 105.6 0.01 2 6.57641 0.01
r 105.8 0.01 2 6.45 0.01
r 106 0.01 2 6.32253 0.01
r 106.2 0.01 2 6.19628 0.01
r 106.4 0.01 2 6.07035 0.01
r 106.6 0.01 2 5.94425 0.01
r 106.8 0.01 2 5.8188 0.01
r 107 0.01 2 5.69376 0.01
r 107.2 0.01 2 5.56904 0.01
r 107.4 0.01 2 5.44483 0.01
r 107.6 0.01 2 5.32091 0.01
r 107.8 0.01 2 5.19764 0.01
r 108 0.01 2 5.07467 0.01
r 108.2 0.01 2 4.95239 0.01
r 108.4 0.01 2 4.83066 0.01
r 108.6 0.01 2 4.70959 0.01
r 108.8 0.01 2 4.58926 0.01
r 109 0.01 2 4.46935 0.01
r 109.2 0.01 2 4.35031 0.01
r 109.4 0.01 2 4.23252 0.01
r 109.6 0.01 2 4.11516 0.01
r 109.8 0.01 2 3.99923 0.01
r 110 0.01 2 3.88422 0.01
r 110.2 0.01 2 3.77099 0.01
r 110.4 0.01 2 3.65948 0.01
r 110.6 0.01 2 3.54679 0.01
r 110.8 0.01 2 3.43726 0.01
r 111 0.01 2 3.33075 0.01
r 111.2 0.01 2 3.22463 0.01
r 111.4 0.01 2 3.12068 0.01
r 111.6 0.01 2 3.01924 0.01
r 111.8 0.01 2 2.92058 0.01
r 112 0.01 2 2.82441 0.01
r 112.2 0.01 2 2.73165 0.01
r 112.4 0.01 2 2.6423 0.01
r 112.6 0.01 2 2.55693 0.01
r 112.8 0.01 2 2.47558 0.01
r 113 0.01 2 2.39939 0.01
r 113.2 0.01 2 2.32803 0.01
r 113.4 0.01 2 2.26214 0.01
r 113.6 0.01 2 2.20212 0.01
r 113.8 0.01 2 2.14849 0.01
r 114 0.01 2 2.10298 0.01
r 114.2 0.01 2 2.06502 0.01
r 114.4 0.01 2 2.03526 0.01
r 114.6 0.01 2 2.01401 0.01
r 114.8 0.01 2 2.00067 0.01
r 115 0.01 2 1.99585 0.01
r 115.2 0.01 2 2.00029 0.01
r 115.4 0.01 2 2.01273 0.01
r 115.6 0.01 2 2.03335 0.01
r 115.8 0.01 2 2.06357 0.01
r 116 0.01 2 2.10201 0.01
r 116.2 0.01 2 2.14797 0.01
r 116.4 0.01 2 2.20112 0.01
r 116.6 0.01 2 2.26094 0.01
r 116.8 0.01 2 2.32714 0.01
r 117 0.01 2 2.39845 0.01
r 117.2 0.01 2 2.47517 0.01
r 117.4 0.01 2 2.55648 0.01
r 117.6 0.01 2 2.6418 0.01
r 117.8 0.01 2 2.73119 0.01
r 118 0.01 2 2.82398 0.01
r 118.2 0.01 2 2.91987 0.01
r 118.4 0.01 2 3.01891 0.01
r 118.6 0.01 2 3.12036 0.01
r 118.8 0.01 2 3.224 0.01
r 119 0.01 2 3.32962 0.01
r 119.2 0.01 2 3.43737 0.01
r 119.4 0.01 2 3.54681 0.01
r 119.6 0.01 2 3.65775 0.01
r 119.8 0.01 2 3.77017 0.01
r 120 0.01 2 3.88398 0.01
r 120.2 0.01 2 3.99897 0.01
r 120.4 0.01 2 4.11513 0.01
r 120.6 0.01 2 4.23229 0.01
r 120.8 0.01 2 4.3504 0.01
r 121 0.01 2 4.47142 0.01
r 121.2 0.01 2 4.58922 0.01
r 121.4 0.01 2 4.70967 0.01
r 121.6 0.01 2 4.83193 0.01
r 121.8 0.01 2 4.9528 0.01
r 122 0.01 2 5.07469 0.01
r 122.2 0.01 2 5.19757 0.01
r 122.4 0.01 2 5.32102 0.01
r 122.6 0.01 2 5.44489 0.01
r 122.8 0.01 2 5.56953 0.01
r 123 0.01 2 5.69507 0.01
r 123.2 0.01 2 5.81969 0.01
r 123.4 0.01 2 5.94489 0.01
r 123.6 0.01 2 6.07049 0.01
r 123.8 0.01 2 6.19624 0.01
r 124 0.01 2 6.32254 0.01
r 124.2 0.01 2 6.44921 0.01
r 124.4 0.01 2 6.57616 0.01
r 124.6 0.01 2 6.70335 0.01
r 124.8 0.01 2 6.83081 0.01
r 125 0.01 2 6.95835 0.01
r 125.2 0.01 2 7.08625 0.01
r 125.4 0.01 2 7.21422 0.01
r 125.6 0.01 2 7.34265 0.01
r 125.8 0.01 2 7.47087 0.01
r 126 0.01 2 7.59946 0.01
r 126.2 0.01 2 7.72819 0.01
r 126.4 0.01 2 7.85709 0.01
r 126.6 0.01 2 7.98614 0.01
r 126.8 0.01 2 8.11531 0.01
r 127 0.01 2 8.24468 0.01
r 127.2 0.01 2 8.37407 0.01
r 127.4 0.01 2 8.50363 0.01
r 127.6 0.01 2 8.6333 0.01
r 127.8 0.01 2 8.76309 0.01
r 128 0.01 2 8.8936 0.01
r 128.2 0.01 2 9.02376 0.01
r 128.4 0.01 2 9.1535 0.01
r 128.6 0.01 2 9.28346 0.01
r 128.8 0.01 2 9.41361 0.01
r 129 0.01 2 9.54385 0.01
r 129.2 0.01 2 9.67431 0.01
r 129.4 0.01 2 9.80491 0.01
r 129.6 0.01 2 9.93554 0.01
r 129.8 0.01 2 10.0663 0.01
r 130 0.01 2 10.197 0.01
r 130.2 0.01 2 10.3276 0.01
r 130.4 0.01 2 10.4584 0.01
r 130.6 0.01 2 10.5893 0.01
r 130.8 0.01 2 10.7203 0.01
r 131 0.01 2 10.8514 0.01
r 131.2 0.01 2 10.9824 0.01
r 131.4 0.01 2 11.1136 0.01
r 131.6 0.01 2 11.2449 0.01
r 131.8 0.01 2 11.3764 0.01
r 132 0.01 2 11.5076 0.01
r 132.2 0.01 2 11.6388 0.01
r 132.4 0.01 2 11.7701 0.01
r 132.6 0.01 2 11.9015 0.01
r 132.8 0.01 2 12.0329 0.01
r 133 0.01 2 12.1645 0.01
r 133.2 0.01 2 12.296 0.01
r 133.4 0.01 2 12.4276 0.01
r 133.6 0.01 2 12.5593 0.01
r 133.8 0.01 2 12.6914 0.01
r 134 0.01 2 12.8229 0.01
r 134.2 0.01 2 12.9545 0.01
r 134.4 0.01 2 13.0862 0.01
r 134.6 0.01 2 13.2179 0.01
r 134.8 0.01 2 13.3497 0.01
r 135 0.01 2 13.4815 0.01
s 125 3 201
r 105 0.01 2 13.4816 0.01
r 105.2 0.01 2 13.3497 0.01
r 105.4 0.01 2 13.2179 0.01
r 105.6 0.01 2 13.0862 0.01
r 105.8 0.01 2 12.9544 0.01
r 106 0.01 2 12.8228 0.01
r 106.2 0.01 2 12.6911 0.01
r 106.4 0.01 2 12.5594 0.01
r 106.6 0.01 2 12.4277 0.01
r 106.8 0.01 2 12.296 0.01
r 107 0.01 2 12.1644 0.01
r 107.2 0.01 2 12.033 0.01
r 107.4 0.01 2 11.9015 0.01
r 107.6 0.01 2 11.7701 0.01
r 107.8 0.01 2 11.6387 0.01
r 108 0.01 2 11.5074 0.01
r 108.2 0.01 2 11.3762 0.01
r 108.4 0.01 2 11.2452 0.01
r 108.6 0.01 2 11.1138 0.01
r 108.8 0.01 2 10.9825 0.01
r 109 0.01 2 10.8513 0.01
r 109.2 0.01 2 10.7203 0.01
r 109.4 0.01 2 10.5894 0.01
r 109.6 0.01 2 10.4585 0.01
r 109.8 0.01 2 10.3276 0.01
r 110 0.01 2 10.1968 0.01
r 110.2 0.01 2 10.0662 0.01
r 110.4 0.01 2 9.93556 0.01
r 110.6 0.01 2 9.80501 0.01
r 110.8 0.01 2 9.67437 0.01
r 111 0.01 2 9.54399 0.01
r 111.2 0.01 2 9.41368 0.01
r 111.4 0.01 2 9.28346 0.01
r 111.6 0.01 2 9.15331 0.01
r 111.8 0.01 2 9.02326 0.01
r 112 0.01 2 8.89327 0.01
r 112.2 0.01 2 8.76335 0.01
r 112.4 0.01 2 8.63394 0.01
r 112.6 0.01 2 8.50421 0.01
r 112.8 0.01 2 8.37441 0.01
r 113 0.01 2 8.24487 0.01
r 113.2 0.01 2 8.11546 0.01
r 113.4 0.01 2 7.98621 0.01
r 113.6 0.01 2 7.85712 0.01
r 113.8 0.01 2 7.72821 0.01
r 114 0.01 2 7.6006 0.01
r 114.2 0.01 2 7.47171 0.01
r 114.4 0.01 2 7.34314 0.01
r 114.6 0.01 2 7.21465 0.01
r 114.8 0.01 2 7.08628 0.01
r 115 0.01 2 6.95892 0.01
r 115.2 0.01 2 6.83098 0.01
r 115.4 0.01 2 6.70345 0.01
r 115.6 0.01 2 6.57641 0.01
r 115.8 0.01 2 6.45 0.01
r 116 0.01 2 6.32253 0.01
r 116.2 0.01 2 6.19628 0.01
r 116.4 0.01 2 6.07035 0.01
r 116.6 0.01 2 5.94425 0.01
r 116.8 0.01 2 5.8188 0.01
r 117 0.01 2 5.69376 0.01
r 117.2 0.01 2 5.56904 0.01
r 117.4 0.01 2 5.44483 0.01
r 117.6 0.01 2 5.32091 0.01
r 117.8 0.01 2 5.19764 0.01
r 118 0.01 2 5.07467 0.01
r 118.2 0.01 2 4.95239 0.01
r 118.4 0.01 2 4.83066 0.01
r 118.6 0.01 2 4.70959 0.01
r 118.8 0.01 2 4.58926 0.01
r 119 0.01 2 4.46935 0.01
r 119.2 0.01 2 4.35031 0.01
r 119.4 0.01 2 4.23252 0.01
r 119.6 0.01 2 4.11516 0.01
r 119.8 0.01 2 3.99923 0.01
r 120 0.01 2 3.88422 0.01
r 120.2 0.01 2 3.77099 0.01
r 120.4 0.01 2 3.65948 0.01
r 120.6 0.01 2 3.54679 0.01
r 120.8 0.01 2 3.43726 0.01
r 121 0.01 2 3.33075 0.01
r 121.2 0.01 2 3.22463 0.01
r 121.4 0.01 2 3.12068 0.01
r 121.6 0.01 2 3.01924 0.01
r 121.8 0.01 2 2.92058 0.01
r 122 0.01 2 2.82441 0.01
r 122.2 0.01 2 2.73165 0.01
r 122.4 0.01 2 2.6423 0.01
r 122.6 0.01 2 2.55693 0.01
r 122.8 0.01 2 2.47558 0.01
r 123 0.01 2 2.39939 0.01
r 123.2 0.01 2 2.32803 0.01
r 123.4 0.01 2 2.26214 0.01
r 123.6 0.01 2 2.20212 0.01
r 123.8 0.01 2 2.14849 0.01
r 124 0.01 2 2.10298 0.01
r 124.2 0.01 2 2.06502 0.01
r 124.4 0.01 2 2.03526 0.01
r 124.6 0.01 2 2.01401 0.01
r 124.8 0.01 2 2.00067 0.01
r 125 0.01 2 1.99585 0.01
r 125.2 0.01 2 2.00029 0.01
r 125.4 0.01 2 2.01273 0.01
r 125.6 0.01 2 2.03335 0.01
r 125.8 0.01 2 2.06357 0.01
r 126 0.01 2 2.10201 0.01
r 126.2 0.01 2 2.14797 0.01
r 126.4 0.01 2 2.20112 0.01
r 126.6 0.01 2 2.26094 0.01
r 126.8 0.01 2 2.32714 0.01
r 127 0.01 2 2.39845 0.01
r 127.2 0.01 2 2.47517 0.01
r 127.4 0.01 2 2.55648 0.01
r 127.6 0.01 2 2.6418 0.01
r 127.8 0.01 2 2.73119 0.01
r 128 0.01 2 2.82398 0.01
r 128.2 0.01 2 2.91987 0.01
r 128.4 0.01 2 3.01891 0.01
r 128.6 0.01 2 3.12036 0.01
r 128.8 0.01 2 3.224 0.01
r 129 0.01 2 3.32962 0.01
r 129.2 0.01 2 3.43737 0.01
r 129.4 0.01 2 3.54681 0.01
r 129.6 0.01 2 3.65775 0.01
r 129.8 0.01 2 3.77017 0.01
r 130 0.01 2 3.88398 0.01
r 130.2 0.01 2 3.99897 0.01
r 130.4 0.01 2 4.11513 0.01
r 130.6 0.01 2 4.23229 0.01
r 130.8 0.01 2 4.3504 0.01
r 131 0.01 2 4.47142 0.01
r 131.2 0.01 2 4.58922 0.01
r 131.4 0.01 2 4.70967 0.01
r 131.6 0.01 2 4.83193 0.01
r 131.8 0.01 2 4.9528 0.01
r 132 0.01 2 5.07469 0.01
r 132.2 0.01 2 5.19757 0.01
r 132.4 0.01 2 5.32102 0.01
r 132.6 0.01 2 5.44489 0.01
r 132.8 0.01 2 5.56953 0.01
r 133 0.01 2 5.69507 0.01
r 133.2 0.01 2 5.81969 0.01
r 133.4 0.01 2 5.94489 0.01
r 133.6 0.01 2 6.07049 0.01
r 133.8 0.01 2 6.19624 0.01
r 134 0.01 2 6.32254 0.01
r 134.2 0.01 2 6.44921 0.01
r 134.4 0.01 2 6.57616 0.01
r 134.6 0.01 2 6.70335 0.01
r 134.8 0.01 2 6.83081 0.01
r 135 0.01 2 6.95835 0.01
r 135.2 0.01 2 7.08625 0.01
r 135.4 0.01 2 7.21422 0.01
r 135.6 0.01 2 7.34265 0.01
r 135.8 0.01 2 7.47087 0.01
r 136 0.01 2 7.59946 0.01
r 136.2 0.01 2 7.72819 0.01
r 136.4 0.01 2 7.85709 0.01
r 136.6 0.01 2 7.98614 0.01
r 136.8 0.01 2 8.11531 0.01
r 137 0.01 2 8.24468 0.01
r 137.2 0.01 2 8.37407 0.01
r 137.4 0.01 2 8.50363 0.01
r 137.6 0.01 2 8.6333 0.01
r 137.8 0.01 2 8.76309 0.01
r 138 0.01 2 8.8936 0.01
r 138.2 0.01 2 9.02376 0.01
r 138.4 0.01 2 9.1535 0.01
r 138.6 0.01 2 9.28346 0.01
r 138.8 0.01 2 9.41361 0.01
r 139 0.01 2 9.54385 0.01
r 139.2 0.01 2 9.67431 0.01
r 139.4 0.01 2 9.80491 0.01
r 139.6 0.01 2 9.93554 0.01
r 139.8 0.01 2 10.0663 0.01
r 140 0.01 2 10.197 0.01
r 140.2 0.01 2 10.3276 0.01
r 140.4 0.01 2 10.4584 0.01
r 140.6 0.01 2 10.5893 0.01
r 140.8 0.01 2 10.7203 0.01
r 141 0.01 2 10.8514 0.01
r 141.2 0.01 2 10.9824 0.01
r 141.4 0.01 2 11.1136 0.01
r 141.6 0.01 2 11.2449 0.01
r 141.8 0.01 2 11.3764 0.01
r 142 0.01 2 11.5076 0.01
r 142.2 0.01 2 11.6388 0.01
r 142.4 0.01 2 11.7701 0.01
r 142.6 0.01 2 11.9015 0.01
r 142.8 0.01 2 12.0329 0.01
r 143 0.01 2 12.1645 0.01
r 143.2 0.01 2 12.296 0.01
r 143.4 0.01 2 12.4276 0.01
r 143.6 0.01 2 12.5593 0.01
r 143.8 0.01 2 12.6914 0.01
r 144 0.01 2 12.8229 0.01
r 144.2 0.01 2 12.9545 0.01
r 144.4 0.01 2 13.0862 0.01
r 144.6 0.01 2 13.2179 0.01
r 144.8 0.01 2 13.3497 0.01
r 145 0.01 2 13.4815 0.01
s 135 3 201
r 115 0.01 2 13.4816 0.01
r 115.2 0.01 2 13.3497 0.01
r 115.4 0.01 2 13.2179 0.01
r 115.6 0.01 2 13.0862 0.01
r 115.8 0.01 2 12.9544 0.01
r 116 0.01 2 12.8228 0.01
r 116.2 0.01 2 12.6911 0.01
r 116.4 0.01 2 12.5594 0.01
r 116.6 0.01 2 12.4277 0.01
r 116.8 0.01 2 12.296 0.01
r 117 0.01 2 12.1644 0.01
r 117.2 0.01 2 12.033 0.01
r 117.4 0.01 2 11.9015 0.01
r 117.6 0.01 2 11.7701 0.01
r 117.8 0.01 2 11.6387 0.01
r 118 0.01 2 11.5074 0.01
r 118.2 0.01 2 11.3762 0.01
r 118.4 0.01 2 11.2452 0.01
r 118.6 0.01 2 11.1138 0.01
r 118.8 0.01 2 10.9825 0.01
r 119 0.01 2 10.8513 0.01
r 119.2 0.01 2 10.7203 0.01
r 119.4 0.01 2 10.5894 0.01
r 119.6 0.01 2 10.4585 0.01
r 119.8 0.01 2 10.3276 0.01
r 120 0.01 2 10.1968 0.01
r 120.2 0.01 2 10.0662 0.01
r 120.4 0.01 2 9.93556 0.01
r 120.6 0.01 2 9.80501 0.01
r 120.8 0.01 2 9.67437 0.01
r 121 0.01 2 9.54399 0.01
r 121.2 0.01 2 9.41368 0.01
r 121.4 0.01 2 9.28346 0.01
r 121.6 0.01 2 9.15331 0.01
r 121.8 0.01 2 9.02326 0.01
r 122 0.01 2 8.89327 0.01
r 122.2 0.01 2 8.76335 0.01
r 122.4 0.01 2 8.63394 0.01
r 122.6 0.01 2 8.50421 0.01
r 122.8 0.01 2 8.37441 0.01
r 123 0.01 2 8.24487 0.01
r 123.2 0.01 2 8.11546 0.01
r 123.4 0.01 2 7.98621 0.01
r 123.6 0.01 2 7.85712 0.01
r 123.8 0.01 2 7.72821 0.01
r 124 0.01 2 7.6006 0.01
r 124.2 0.01 2 7.47171 0.01
r 124.4 0.01 2 7.34314 0.01
r 124.6 0.01 2 7.21465 0.01
r 124.8 0.01 2 7.08628 0.01
r 125 0.01 2 6.95892 0.01
r 125.2 0.01 2 6.83098 0.01
r 125.4 0.01 2 6.70345 0.01
r 125.6 0.01 2 6.57641 0.01
r 125.8 0.01 2 6.45 0.01
r 126 0.01 2 6.32253 0.01
r 126.2 0.01 2 6.19628 0.01
r 126.4 0.01 2 6.07035 0.01
r 126.6 0.01 2 5.94425 0.01
r 126.8 0.01 2 5.8188 0.01
r 127 0.01 2 5.69376 0.01
r 127.2 0.01 2 5.56904 0.01
r 127.4 0.01 2 5.44483 0.01
r 127.6 0.01 2 5.32091 0.01
r 127.8 0.01 2 5.19764 0.01
r 128 0.01 2 5.07467 0.01
r 128.2 0.01 2 4.95239 0.01
r 128.4 0.01 2 4.83066 0.01
r 128.6 0.01 2 4.70959 0.01
r 128.8 0.01 2 4.58926 0.01
r 129 0.01 2 4.46935 0.01
r 129.2 0.01 2 4.35031 0.01
r 129.4 0.01 2 4.23252 0.01
r 129.6 0.01 2 4.11516 0.01
r 129.8 0.01 2 3.99923 0.01
r 130 0.01 2 3.88422 0.01
r 130.2 0.01 2 3.77099 0.01
r 130.4 0.01 2 3.65948 0.01
r 130.6 0.01 2 3.54679 0.01
r 130.8 0.01 2 3.43726 0.01
r 131 0.01 2 3.33075 0.01
r 131.2 0.01 2 3.22463 0.01
r 131.4 0.01 2 3.12068 0.01
r 131.6 0.01 2 3.01924 0.01
r 131.8 0.01 2 2.92058 0.01
r 132 0.01 2 2.82441 0.01
r 132.2 0.01 2 2.73165 0.01
r 132.4 0.01 2 2.6423 0.01
r 132.6 0.01 2 2.55693 0.01
r 132.8 0.01 2 2.47558 0.01
r 133 0.01 2 2.39939 0.01
r 133.2 0.01 2 2.32803 0.01
r 133.4 0.01 2 2.26214 0.01
r 133.6 0.01 2 2.20212 0.01
r 133.8 0.01 2 2.14849 0.01
r 134 0.01 2 2.10298 0.01
r 134.2 0.01 2 2.06502 0.01
r 134.4 0.01 2 2.03526 0.01
r 134.6 0.01 2 2.01401 0.01
r 134.8 0.01 2 2.00067 0.01
r 135 0.01 2 1.99585 0.01
r 135.2 0.01 2 2.00029 0.01
r 135.4 0.01 2 2.01273 0.01
r 135.6 0.01 2 2.03335 0.01
r 135.8 0.01 2 2.06357 0.01
r 136 0.01 2 2.10201 0.01
r 136.2 0.01 2 2.14797 0.01
r 136.4 0.01 2 2.20112 0.01
r 136.6 0.01 2 2.26094 0.01
r 136.8 0.01 2 2.32714 0.01
r 137 0.01 2 2.39845 0.01
r 137.2 0.01 2 2.47517 0.01
r 137.4 0.01 2 2.55648 0.01
r 137.6 0.01 2 2.6418 0.01
r 137.8 0.01 2 2.73119 0.01
r 138 0.01 2 2.82398 0.01
r 138.2 0.01 2 2.91987 0.01
r 138.4 0.01 2 3.01891 0.01
r 138.6 0.01 2 3.12036 0.01
r 138.8 0.01 2 3.224 0.01
r 139 0.01 2 3.32962 0.01
r 139.2 0.01 2 3.43737 0.01
r 139.4 0.01 2 3.54681 0.01
r 139.6 0.01 2 3.65775 0.01
r 139.8 0.01 2 3.77017 0.01
r 140 0.01 2 3.88398 0.01
r 140.2 0.01 2 3.99897 0.01
r 140.4 0.01 2 4.11513 0.01
r 140.6 0.01 2 4.23229 0.01
r 140.8 0.01 2 4.3504 0.01
r 141 0.01 2 4.47142 0.01
r 141.2 0.01 2 4.58922 0.01
r 141.4 0.01 2 4.70967 0.01
r 141.6 0.01 2 4.83193 0.01
r 141.8 0.01 2 4.9528 0.01
r 142 0.01 2 5.07469 0.01
r 142.2 0.01 2 5.19757 0.01
r 142.4 0.01 2 5.32102 0.01
r 142.6 0.01 2 5.44489 0.01
r 142.8 0.01 2 5.56953 0.01
r 143 0.01 2 5.69507 0.01
r 143.2 0.01 2 5.81969 0.01
r 143.4 0.01 2 5.94489 0.01
r 143.6 0.01 2 6.07049 0.01
r 143.8 0.01 2 6.19624 0.01
r 144 0.01 2 6.32254 0.01
r 144.2 0.01 2 6.44921 0.01
r 144.4 0.01 2 6.57616 0.01
r 144.6 0.01 2 6.70335 0.01
r 144.8 0.01 2 6.83081 0.01
r 145 0.01 2 6.95835 0.01
r 145.2 0.01 2 7.08625 0.01
r 145.4 0.01 2 7.21422 0.01
r 145.6 0.01 2 7.34265 0.01
r 145.8 0.01 2 7.47087 0.01
r 146 0.01 2 7.59946 0.01
r 146.2 0.01 2 7.72819 0.01
r 146.4 0.01 2 7.85709 0.01
r 146.6 0.01 2 7.98614 0.01
r 146.8 0.01 2 8.11531 0.01
r 147 0.01 2 8.24468 0.01
r 147.2 0.01 2 8.37407 0.01
r 147.4 0.01 2 8.50363 0.01
r 147.6 0.01 2 8.6333 0.01
r 147.8 0.01 2 8.76309 0.01
r 148 0.01 2 8.8936 0.01
r 148.2 0.01 2 9.02376 0.01
r 148.4 0.01 2 9.1535 0.01
r 148.6 0.01 2 9.28346 0.01
r 148.8 0.01 2 9.41361 0.01
r 149 0.01 2 9.54385 0.01
r 149.2 0.01 2 9.67431 0.01
r 149.4 0.01 2 9.80491 0.01
r 149.6 0.01 2 9.93554 0.01
r 149.8 0.01 2 10.0663 0.01
r 150 0.01 2 10.197 0.01
r 150.2 0.01 2 10.3276 0.01
r 150.4 0.01 2 10.4584 0.01
r 150.6 0.01 2 10.5893 0.01
r 150.8 0.01 2 10.7203 0.01
r 151 0.01 2 10.8514 0.01
r 151.2 0.01 2 10.9824 0.01
r 151.4 0.01 2 11.1136 0.01
r 151.6 0.01 2 11.2449 0.01
r 151.8 0.01 2 11.3764 0.01
r 152 0.01 2 11.5076 0.01
r 152.2 0.01 2 11.6388 0.01
r 152.4 0.01 2 11.7701 0.01
r 152.6 0.01 2 11.9015 0.01
r 152.8 0.01 2 12.0329 0.01
r 153 0.01 2 12.1645 0.01
r 153.2 0.01 2 12.296 0.01
r 153.4 0.01 2 12.4276 0.01
r 153.6 0.01 2 12.5593 0.01
r 153.8 0.01 2 12.6914 0.01
r 154 0.01 2 12.8229 0.01
r 154.2 0.01 2 12.9545 0.01
r 154.4 0.01 2 13.0862 0.01
r 154.6 0.01 2 13.2179 0.01
r 154.8 0.01 2 13.3497 0.01
r 155 0.01 2 13.4815 0.01
s 145 3 201
r 125 0.01 2 13.4816 0.01
r 125.2 0.01 2 13.3497 0.01
r 125.4 0.01 2 13.2179 0.01
r 125.6 0.01 2 13.0862 0.01
r 125.8 0.01 2 12.9544 0.01
r 126 0.01 2 12.8228 0.01
r 126.2 0.01 2 12.6911 0.01
r 126.4 0.01 2 12.5594 0.01
r 126.6 0.01 2 12.4277 0.01
r 126.8 0.01 2 12.296 0.01
r 127 0.01 2 12.1644 0.01
r 127.2 0.01 2 12.033 0.01
r 127.4 0.01 2 11.9015 0.01
r 127.6 0.01 2 11.7701 0.01
r 127.8 0.01 2 11.6387 0.01
r 128 0.01 2 11.5074 0.01
r 128.2 0.01 2 11.3762 0.01
r 128.4 0.01 2 11.2452 0.01
r 128.6 0.01 2 11.1138 0.01
r 128.8 0.01 2 10.9825 0.01
r 129 0.01 2 10.8513 0.01
r 129.2 0.01 2 10.7203 0.01
r 129.4 0.01 2 10.5894 0.01
r 129.6 0.01 2 10.4585 0.01
r 129.8 0.01 2 10.3276 0.01
r 130 0.01 2 10.1968 0.01
r 130.2 0.01 2 10.0662 0.01
r 130.4 0.01 2 9.93556 0.01
r 130.6 0.01 2 9.80501 0.01
r 130.8 0.01 2 9.67437 0.01
r 131 0.01 2 9.54399 0.01
r 131.2 0.01 2 9.41368 0.01
r 131.4 0.01 2 9.28346 0.01
r 131.6 0.01 2 9.15331 0.01
r 131.8 0.01 2 9.02326 0.01
r 132 0.01 2 8.89327 0.01
r 132.2 0.01 2 8.76335 0.01
r 132.4 0.01 2 8.63394 0.01
r 132.6 0.01 2 8.50421 0.01
r 132.8 0.01 2 8.37441 0.01
r 133 0.01 2 8.24487 0.01
r 133.2 0.01 2 8.11546 0.01
r 133.4 0.01 2 7.98621 0.01
r 133.6 0.01 2 7.85712 0.01
r 133.8 0.01 2 7.72821 0.01
r 134 0.01 2 7.6006 0.01
r 134.2 0.01 2 7.47171 0.01
r 134.4 0.01 2 7.34314 0.01
r 134.6 0.01 2 7.21465 0.01
r 134.8 0.01 2 7.08628 0.01
r 135 0.01 2 6.95892 0.01
r 135.2 0.01 2 6.83098 0.01
r 135.4 0.01 2 6.70345 0.01
r 135.6 0.01 2 6.57641 0.01
r 135.8 0.01 2 6.45 0.01
r 136 0.01 2 6.32253 0.01
r 136.2 0.01 2 6.19628 0.01
r 136.4 0.01 2 6.07035 0.01
r 136.6 0.01 2 5.94425 0.01
r 136.8 0.01 2 5.8188 0.01
r 137 0.01 2 5.69376 0.01
r 137.2 0.01 2 5.56904 0.01
r 137.4 0.01 2 5.44483 0.01
r 137.6 0.01 2 5.32091 0.01
r 137.8 0.01 2 5.19764 0.01
r 138 0.01 2 5.07467 0.01
r 138.2 0.01 2 4.95239 0.01
r 138.4 0.01 2 4.83066 0.01
r 138.6 0.01 2 4.70959 0.01
r 138.8 0.01 2 4.58926 0.01
r 139 0.01 2 4.46935 0.01
r 139.2 0.01 2 4.35031 0.01
r 139.4 0.01 2 4.23252 0.01
r 139.6 0.01 2 4.11516 0.01
r 139.8 0.01 2 3.99923 0.01
r 140 0.01 2 3.88422 0.01
r 140.2 0.01 2 3.77099 0.01
r 140.4 0.01 2 3.65948 0.01
r 140.6 0.01 2 3.54679 0.01
r 140.8 0.01 2 3.43726 0.01
r 141 0.01 2 3.33075 0.01
r 141.2 0.01 2 3.22463 0.01
r 141.4 0.01 2 3.12068 0.01
r 141.6 0.01 2 3.01924 0.01
r 141.8 0.01 2 2.92058 0.01
r 142 0.01 2 2.82441 0.01
r 142.2 0.01 2 2.73165 0.01
r 142.4 0.01 2 2.6423 0.01
r 142.6 0.01 2 2.55693 0.01
r 142.8 0.01 2 2.47558 0.01
r 143 0.01 2 2.39939 0.01
r 143.2 0.01 2 2.32803 0.01
r 143.4 0.01 2 2.26214 0.01
r 143.6 0.01 2 2.20212 0.01
r 143.8 0.01 2 2.14849 0.01
r 144 0.01 2 2.10298 0.01
r 144.2 0.01 2 2.06502 0.01
r 144.4 0.01 2 2.03526 0.01
r 144.6 0.01 2 2.01401 0.01
r 144.8 0.01 2 2.00067 0.01
r 145 0.01 2 1.99585 0.01
r 145.2 0.01 2 2.00029 0.01
r 145.4 0.01 2 2.01273 0.01
r 145.6 0.01 2 2.03335 0.01
r 145.8 0.01 2 2.06357 0.01
r 146 0.01 2 2.10201 0.01
r 146.2 0.01 2 2.14797 0.01
r 146.4 0.01 2 2.20112 0.01
r 146.6 0.01 2 2.26094 0.01
r 146.8 0.01 2 2.32714 0.01
r 147 0.01 2 2.39845 0.01
r 147.2 0.01 2 2.47517 0.01
r 147.4 0.01 2 2.55648 0.01
r 147.6 0.01 2 2.6418 0.01
r 147.8 0.01 2 2.73119 0.01
r 148 0.01 2 2.82398 0.01
r 148.2 0.01 2 2.91987 0.01
r 148.4 0.01 2 3.01891 0.01
r 148.6 0.01 2 3.12036 0.01
r 148.8 0.01 2 3.224 0.01
r 149 0.01 2 3.32962 0.01
r 149.2 0.01 2 3.43737 0.01
r 149.4 0.01 2 3.54681 0.01
r 149.6 0.01 2 3.65775 0.01
r 149.8 0.01 2 3.77017 0.01
r 150 0.01 2 3.88398 0.01
r 150.2 0.01 2 3.99897 0.01
r 150.4 0.01 2 4.11513 0.01
r 150.6 0.01 2 4.23229 0.01
r 150.8 0.01 2 4.3504 0.01
r 151 0.01 2 4.47142 0.01
r 151.2 0.01 2 4.58922 0.01
r 151.4 0.01 2 4.70967 0.01
r 151.6 0.01 2 4.83193 0.01
r 151.8 0.01 2 4.9528 0.01
r 152 0.01 2 5.07469 0.01
r 152.2 0.01 2 5.19757 0.01
r 152.4 0.01 2 5.32102 0.01
r 152.6 0.01 2 5.44489 0.01
r 152.8 0.01 2 5.56953 0.01
r 153 0.01 2 5.69507 0.01
r 153.2 0.01 2 5.81969 0.01
r 153.4 0.01 2 5.94489 0.01
r 153.6 0.01 2 6.07049 0.01
r 153.8 0.01 2 6.19624 0.01
r 154 0.01 2 6.32254 0.01
r 154.2 0.01 2 6.44921 0.01
r 154.4 0.01 2 6.57616 0.01
r 154.6 0.01 2 6.70335 0.01
r 154.8 0.01 2 6.83081 0.01
r 155 0.01 2 6.95835 0.01
r 155.2 0.01 2 7.08625 0.01
r 155.4 0.01 2 7.21422 0.01
r 155.6 0.01 2 7.34265 0.01
r 155.8 0.01 2 7.47087 0.01
r 156 0.01 2 7.59946 0.01
r 156.2 0.01 2 7.72819 0.01
r 156.4 0.01 2 7.85709 0.01
r 156.6 0.01 2 7.98614 0.01
r 156.8 0.01 2 8.11531 0.01
r 157 0.01 2 8.24468 0.01
r 157.2 0.01 2 8.37407 0.01
r 157.4 0.01 2 8.50363 0.01
r 157.6 0.01 2 8.6333 0.01
r 157.8 0.01 2 8.76309 0.01
r 158 0.01 2 8.8936 0.01
r 158.2 0.01 2 9.02376 0.01
r 158.4 0.01 2 9.1535 0.01
r 158.6 0.01 2 9.28346 0.01
r 158.8 0.01 2 9.41361 0.01
r 159 0.01 2 9.54385 0.01
r 159.2 0.01 2 9.67431 0.01
r 159.4 0.01 2 9.80491 0.01
r 159.6 0.01 2 9.93554 0.01
r 159.8 0.01 2 10.0663 0.01
r 160 0.01 2 10.197 0.01
r 160.2 0.01 2 10.3276 0.01
r 160.4 0.01 2 10.4584 0.01
r 160.6 0.01 2 10.5893 0.01
r 160.8 0.01 2 10.7203 0.01
r 161 0.01 2 10.8514 0.01
r 161.2 0.01 2 10.9824 0.01
r 161.4 0.01 2 11.1136 0.01
r 161.6 0.01 2 11.2449 0.01
r 161.8 0.01 2 11.3764 0.01
r 162 0.01 2 11.5076 0.01
r 162.2 0.01 2 11.6388 0.01
r 162.4 0.01 2 11.7701 0.01
r 162.6 0.01 2 11.9015 0.01
r 162.8 0.01 2 12.0329 0.01
r 163 0.01 2 12.1645 0.01
r 163.2 0.01 2 12.296 0.01
r 163.4 0.01 2 12.4276 0.01
r 163.6 0.01 2 12.5593 0.01
r 163.8 0.01 2 12.6914 0.01
r 164 0.01 2 12.8229 0.01
r 164.2 0.01 2 12.9545 0.01
r 164.4 0.01 2 13.0862 0.01
r 164.6 0.01 2 13.2179 0.01
r 164.8 0.01 2 13.3497 0.01
r 165 0.01 2 13.4815 0.01
