5
s 30 2 31
r 20 0.01 6 5.31953 0.01
r 22 0.01 6 4.80268 0.01
r 24 0.01 6 4.3614 0.01
r 26 0.01 6 3.94089 0.01
r 28 0.01 6 3.658 0.01
r 30 0.01 6 3.54638 0.01
r 32 0.01 6 3.65781 0.01
r 34 0.01 6 3.93623 0.01
r 36 0.01 6 4.34844 0.01
r 38 0.01 6 4.80354 0.01
r 40 0.01 6 5.31971 0.01
r 42 0.01 6 5.83977 0.01
r 44 0.01 6 6.36039 0.01
r 46 0.01 6 6.87848 0.01
r 48 0.01 6 7.40295 0.01
r 50 0.01 6 7.98656 0.01
r 52 0.01 6 8.50908 0.01
r 54 0.01 6 9.02408 0.01
r 56 0.01 6 9.54644 0.01
r 58 0.01 6 10.0736 0.01
r 60 0.01 6 10.5943 0.01
r 62 0.01 6 11.1156 0.01
r 64 0.01 6 11.6375 0.01
r 66 0.01 6 12.161 0.01
r 68 0.01 6 12.6841 0.01
r 70 0.01 6 13.1989 0.01
r 72 0.01 6 13.7179 0.01
r 74 0.01 6 14.2495 0.01
r 76 0.01 6 14.7681 0.01
r 78 0.01 6 15.2838 0.01
r 80 0.01 6 15.8037 0.01
s 40 2 31
r 20 0.01 6 7.91365 0.01
r 22 0.01 6 7.39863 0.01
r 24 0.01 6 6.88513 0.01
r 26 0.01 6 6.35947 0.01
r 28 0.01 6 5.83684 0.01
r 30 0.01 6 5.31886 0.01
r 32 0.01 6 4.80443 0.01
r 34 0.01 6 4.36325 0.01
r 36 0.01 6 3.93438 0.01
r 38 0.01 6 3.65696 0.01
r 40 0.01 6 3.54572 0.01
r 42 0.01 6 3.66056 0.01
r 44 0.01 6 3.93742 0.01
r 46 0.01 6 4.36098 0.01
r 48 0.01 6 4.80379 0.01
r 50 0.01 6 5.31954 0.01
r 52 0.01 6 5.83977 0.01
r 54 0.01 6 6.36007 0.01
r 56 0.01 6 6.87827 0.01
r 58 0.01 6 7.39873 0.01
r 60 0.01 6 7.9199 0.01
r 62 0.01 6 8.51016 0.01
r 64 0.01 6 9.03152 0.01
r 66 0.01 6 9.55055 0.01
r 68 0.01 6 10.0673 0.01
r 70 0.01 6 10.5954 0.01
r 72 0.01 6 11.1063 0.01
r 74 0.01 6 11.6356 0.01
r 76 0.01 6 12.1576 0.01
r 78 0.01 6 12.6885 0.01
r 80 0.01 6 13.2006 0.01
s 50 2 31
r 20 0.01 6 10.5959 0.01
r 22 0.01 6 10.0735 0.01
r 24 0.01 6 9.55134 0.01
r 26 0.01 6 9.03016 0.01
r 28 0.01 6 8.50845 0.01
r 30 0.01 6 7.98597 0.01
r 32 0.01 6 7.46298 0.01
r 34 0.01 6 6.88398 0.01
r 36 0.01 6 6.36072 0.01
r 38 0.01 6 5.83612 0.01
r 40 0.01 6 5.31942 0.01
r 42 0.01 6 4.80346 0.01
r 44 0.01 6 4.3641 0.01
r 46 0.01 6 3.93919 0.01
r 48 0.01 6 3.65782 0.01
r 50 0.01 6 3.54646 0.01
r 52 0.01 6 3.65899 0.01
r 54 0.01 6 3.93743 0.01
r 56 0.01 6 4.36095 0.01
r 58 0.01 6 4.8027 0.01
r 60 0.01 6 5.31951 0.01
r 62 0.01 6 5.83959 0.01
r 64 0.01 6 6.35879 0.01
r 66 0.01 6 6.87765 0.01
r 68 0.01 6 7.39907 0.01
r 70 0.01 6 7.98658 0.01
r 72 0.01 6 8.504 0.01
r 74 0.01 6 9.03052 0.01
r 76 0.01 6 9.55008 0.01
r 78 0.01 6 10.0667 0.01
r 80 0.01 6 10.595 0.01
s 60 2 31
r 20 0.01 6 13.1975 0.01
r 22 0.01 6 12.6795 0.01
r 24 0.01 6 12.1565 0.01
r 26 0.01 6 11.6356 0.01
r 28 0.01 6 11.1159 0.01
r 30 0.01 6 10.5961 0.01
r 32 0.01 6 10.0726 0.01
r 34 0.01 6 9.55188 0.01
r 36 0.01 6 9.03252 0.01
r 38 0.01 6 8.50824 0.01
r 40 0.01 6 7.98622 0.01
r 42 0.01 6 7.46187 0.01
r 44 0.01 6 6.88379 0.01
r 46 0.01 6 6.3585 0.01
r 48 0.01 6 5.84343 0.01
r 50 0.01 6 5.31968 0.01
r 52 0.01 6 4.80269 0.01
r 54 0.01 6 4.36149 0.01
r 56 0.01 6 3.93962 0.01
r 58 0.01 6 3.66204 0.01
r 60 0.01 6 3.54617 0.01
r 62 0.01 6 3.66034 0.01
r 64 0.01 6 3.93568 0.01
r 66 0.01 6 4.34836 0.01
r 68 0.01 6 4.80357 0.01
r 70 0.01 6 5.31953 0.01
r 72 0.01 6 5.83867 0.01
r 74 0.01 6 6.35896 0.01
r 76 0.01 6 6.88011 0.01
r 78 0.01 6 7.39838 0.01
r 80 0.01 6 7.98618 0.01
s 70 2 31
r 20 0.01 6 15.8058 0.01
r 22 0.01 6 15.2878 0.01
r 24 0.01 6 14.7687 0.01
r 26 0.01 6 14.2503 0.01
r 28 0.01 6 13.7167 0.01
r 30 0.01 6 13.1976 0.01
r 32 0.01 6 12.6727 0.01
r 34 0.01 6 12.157 0.01
r 36 0.01 6 11.636 0.01
r 38 0.01 6 11.1159 0.01
r 40 0.01 6 10.595 0.01
r 42 0.01 6 10.0723 0.01
r 44 0.01 6 9.55189 0.01
r 46 0.01 6 9.03076 0.01
r 48 0.01 6 8.50774 0.01
r 50 0.01 6 7.91097 0.01
r 52 0.01 6 7.4003 0.01
r 54 0.01 6 6.87904 0.01
r 56 0.01 6 6.35688 0.01
r 58 0.01 6 5.83765 0.01
r 60 0.01 6 5.319 0.01
r 62 0.01 6 4.80273 0.01
r 64 0.01 6 4.34804 0.01
r 66 0.01 6 3.93997 0.01
r 68 0.01 6 3.66823 0.01
r 70 0.01 6 3.54603 0.01
r 72 0.01 6 3.6586 0.01
r 74 0.01 6 3.93494 0.01
r 76 0.01 6 4.38053 0.01
r 78 0.01 6 4.80317 0.01
r 80 0.01 6 5.31951 0.01
