63 81 1.5 0.33
0 2 4 6 8 10 12 14 16 18 20 22 24 26 28 30 32 34 36 38 40 42 44 46 48 50 52 54 56 58 60 62 64 66 68 70 72 74 76 78 80 82 84 86 88 90 92 94 96 98 100 102 104 106 108 110 112 114 116 118 120 122 124 
0 0 0 0 0 0 0 0 0 0 0 0 0 0 0 0 0 0 0 0 0 0 0 0 0 0 0 0 0 0 0 0 0 0 0 0 0 0 0 0 0 0 0 0 0 0 0 0 0 0 0 0 0 0 0 0 0 0 0 0 0 0 0 
0 0.2 0.4 0.6 0.8 1 1.2 1.4 1.6 1.8 2 2.2 2.4 2.6 2.8 3 3.2 3.4 3.6 3.8 4 4.2 4.4 4.6 4.8 5 5.2 5.4 5.6 5.8 6 6.2 6.4 6.6 6.8 7 7.2 7.4 7.6 7.8 8 8.2 8.4 8.6 8.8 9 9.2 9.4 9.6 9.8 10 10.2 10.4 10.6 10.8 11 11.2 11.4 11.6 11.8 12 12.2 12.4 12.6 12.8 13 13.2 13.4 13.6 13.8 14 14.2 14.4 14.6 14.8 15 15.2 15.4 15.6 15.8 16 
1.5 1.5 1.5 1.5 1.5 1.5 1.5 1.5 1.5 1.5 1.49781 2.21129 2.32716 2.4432 2.55917 2.67515 2.79083 2.90673 3.02243 3.13836 3.25423 3.3697 3.48525 3.6007 3.71524 4.82288 4.8432 4.86353 4.88336 4.90331 4.92286 4.94275 4.96262 4.98235 5.00223 5.02156 5.0412 5.06076 5.08017 5.09977 5.11866 5.13809 5.1571 5.17613 5.19491 5.21386 5.23282 5.25151 5.27018 5.28851 5.30724 5.32588 5.34429 5.36271 5.3811 5.39939 5.41787 5.43617 5.45456 5.47289 5.4912 5.50972 5.52814 5.54663 5.56519 5.58376 5.60254 5.62125 5.64009 5.65894 5.67788 5.69708 5.71621 5.73543 5.75465 5.77387 5.79338 5.81274 5.83231 5.85139 5.87138 
1.5 1.5 1.5 1.5 1.5 1.5 1.5 1.5 1.5 1.5 1.49687 2.20952 2.32556 2.44109 2.55688 2.67267 2.78839 2.90425 3.0194 3.13519 3.25043 3.36603 3.4812 3.5963 3.71174 4.83033 4.85022 4.87007 4.88987 4.90975 4.9292 4.94892 4.96854 4.98811 5.00799 5.02703 5.04638 5.06561 5.08479 5.10429 5.12285 5.14203 5.16079 5.17964 5.19824 5.21708 5.23588 5.25444 5.27303 5.29133 5.31007 5.32868 5.34711 5.3656 5.3841 5.40248 5.42104 5.43947 5.45801 5.47649 5.49492 5.51355 5.53208 5.55033 5.5694 5.58808 5.60694 5.62572 5.6442 5.66359 5.68259 5.7018 5.72099 5.73983 5.75958 5.77887 5.79826 5.81769 5.83694 5.85658 5.87688 
1.5 1.5 1.5 1.5 1.5 1.5 1.5 1.5 1.5 1.5 1.49566 2.20733 2.32245 2.43801 2.5534 2.66886 2.78465 2.89948 3.01485 3.12982 3.24475 3.36054 3.47476 3.58931 3.70442 4.83568 4.85401 4.87451 4.89419 4.91411 4.93326 4.95226 4.97237 4.99184 5.01127 5.03053 5.04914 5.06886 5.08792 5.10682 5.12577 5.14479 5.16366 5.18249 5.20096 5.21998 5.23886 5.25751 5.2762 5.29454 5.3135 5.3323 5.3509 5.36956 5.38792 5.40686 5.42565 5.44435 5.46302 5.48139 5.50032 5.51913 5.53778 5.55653 5.57494 5.59404 5.61294 5.63176 5.65062 5.66902 5.6883 5.70743 5.72647 5.74574 5.76418 5.78405 5.80319 5.82233 5.84191 5.85971 5.88012 
1.5 1.5 1.5 1.5 1.5 1.5 1.5 1.5 1.5 1.5 1.49416 2.20439 2.3196 2.43493 2.55034 2.66524 2.78038 2.89523 3.0104 3.1255 3.24027 3.35454 3.46908 3.58381 3.69973 4.8432 4.86303 4.88196 4.90152 4.92071 4.94035 4.95987 4.97945 4.99868 5.0179 5.03713 5.05617 5.07511 5.09401 5.1126 5.13157 5.15028 5.16914 5.18784 5.20598 5.22511 5.24366 5.26248 5.28111 5.29919 5.31831 5.33664 5.35568 5.37434 5.39252 5.41168 5.43008 5.44923 5.46747 5.48625 5.50544 5.52398 5.54307 5.56189 5.58074 5.59958 5.61813 5.63741 5.65587 5.67527 5.69418 5.71269 5.73243 5.75101 5.77092 5.79018 5.80834 5.8283 5.84675 5.86761 5.88582 
1.5 1.5 1.5 1.5 1.5 1.5 1.5 1.5 1.5 1.5 1.49288 2.20112 2.31603 2.43137 2.546 2.66047 2.77522 2.89014 3.00491 3.11884 3.23358 3.34672 3.46193 3.57628 3.69026 4.85367 4.87366 4.89104 4.9108 4.93069 4.95018 4.96964 4.9885 5.00785 5.02812 5.04643 5.06532 5.0834 5.10213 5.12218 5.14004 5.15844 5.17649 5.19501 5.21388 5.23264 5.25097 5.26915 5.28753 5.3064 5.32523 5.34329 5.36191 5.38039 5.39974 5.41829 5.43653 5.45534 5.47402 5.4934 5.51215 5.53068 5.54945 5.56885 5.5878 5.60675 5.62547 5.64451 5.66396 5.68304 5.70213 5.72093 5.74009 5.76006 5.77952 5.79888 5.81758 5.83634 5.85656 5.87693 5.89558 
1.5 1.5 1.5 1.5 1.5 1.5 1.5 1.5 1.5 1.5 1.49054 2.19587 2.31003 2.42428 2.53817 2.65228 2.76618 2.87986 2.99352 3.10667 3.22081 3.33339 3.44649 3.55936 3.67228 4.87245 4.89254 4.91143 4.93054 4.95039 4.96887 4.98829 5.00763 5.02676 5.04666 5.06461 5.08325 5.1018 5.12025 5.13939 5.15686 5.17534 5.19345 5.21162 5.2293 5.24786 5.26617 5.28433 5.30246 5.32027 5.33879 5.35726 5.37545 5.39384 5.41221 5.43039 5.44898 5.46746 5.48595 5.50454 5.52315 5.54206 5.56077 5.5797 5.59852 5.61748 5.63668 5.65581 5.67505 5.69418 5.71348 5.73306 5.75242 5.77188 5.79144 5.81103 5.83122 5.85019 5.86918 5.88967 5.90933 
1.5 1.5 1.5 1.5 1.5 1.5 1.5 1.5 1.5 1.5 1.48801 2.1904 2.30458 2.41772 2.53091 2.64428 2.75744 2.87089 2.98322 3.09577 3.20859 3.32083 3.43291 3.54584 3.65657 4.89319 4.91304 4.93188 4.95087 4.96984 4.9889 5.00828 5.02749 5.04662 5.06562 5.08421 5.10252 5.12095 5.13915 5.15693 5.17529 5.19334 5.2113 5.22903 5.24648 5.26467 5.28262 5.30052 5.31827 5.33564 5.35403 5.37218 5.39013 5.40815 5.42628 5.44428 5.46263 5.48002 5.49917 5.51761 5.53608 5.55486 5.5735 5.59229 5.61115 5.63005 5.6492 5.6677 5.68759 5.70684 5.72619 5.74585 5.76538 5.78481 5.8045 5.82405 5.84459 5.86413 5.88272 5.9029 5.9234 
1.5 1.5 1.5 1.5 1.5 1.5 1.5 1.5 1.5 1.5 1.48481 2.18365 2.29657 2.40961 2.5224 2.63459 2.74683 2.85901 2.9708 3.0826 3.19408 3.30586 3.41676 3.52748 3.63793 4.92013 4.93962 4.95868 4.97725 4.99588 5.01473 5.03387 5.0525 5.07188 5.09074 5.10907 5.12704 5.14513 5.16296 5.18029 5.19841 5.2161 5.23358 5.25106 5.26787 5.28591 5.30348 5.32092 5.3383 5.35516 5.37332 5.39009 5.40873 5.42645 5.44428 5.462 5.47903 5.49813 5.51618 5.53437 5.55266 5.57029 5.58976 5.60843 5.62713 5.64592 5.66496 5.68405 5.70316 5.72225 5.74155 5.76124 5.78084 5.80028 5.81976 5.83912 5.85964 5.87993 5.89849 5.91767 5.9384 
1.5 1.5 1.5 1.5 1.5 1.5 1.5 1.5 1.5 1.5 1.48047 2.17458 2.28668 2.39892 2.51088 2.62168 2.73294 2.84399 2.95454 3.06593 3.17547 3.28607 3.39572 3.50599 3.61463 4.95477 4.9734 4.99389 5.01171 5.03076 5.04943 5.06816 5.08696 5.10528 5.12417 5.14211 5.15961 5.17737 5.1945 5.21118 5.22888 5.24596 5.26301 5.2798 5.29579 5.31348 5.33043 5.34622 5.36422 5.38022 5.3981 5.41535 5.43129 5.44984 5.46716 5.48452 5.50219 5.51874 5.53756 5.55535 5.57331 5.59151 5.60975 5.62811 5.64655 5.66502 5.68371 5.70266 5.7215 5.74043 5.7595 5.77893 5.79855 5.81796 5.83645 5.85657 5.8765 5.89758 5.91649 5.93511 5.95497 
1.5 1.5 1.5 1.5 1.5 1.5 1.5 1.5 1.5 1.5 1.47481 2.16261 2.27462 2.38514 2.49601 2.60566 2.71565 2.82604 2.93485 3.04484 3.15287 3.26204 3.37102 3.47935 3.58765 4.9938 5.01125 5.03385 5.0523 5.07209 5.09031 5.10905 5.12775 5.14637 5.16514 5.18264 5.19971 5.21683 5.23378 5.25186 5.26706 5.28342 5.29986 5.31603 5.33112 5.34827 5.3644 5.38063 5.39667 5.41125 5.42904 5.44541 5.46194 5.47706 5.49374 5.51192 5.52895 5.54605 5.56314 5.58042 5.59783 5.61542 5.63309 5.64995 5.66916 5.68727 5.70548 5.72399 5.74148 5.76124 5.77998 5.79908 5.81852 5.8381 5.85743 5.87645 5.89547 5.91681 5.9369 5.95463 5.97341 
1.5 1.5 1.5 1.5 1.5 1.5 1.5 1.5 1.5 1.5 1.47112 2.15482 2.26453 2.37444 2.48414 2.59352 2.70221 2.81026 2.91918 3.02603 3.13408 3.24091 3.3477 3.45474 3.56126 5.03025 5.04562 5.06867 5.09054 5.11207 5.13008 5.14939 5.16862 5.18811 5.20739 5.22441 5.24222 5.2592 5.2759 5.29262 5.30857 5.32539 5.34055 5.35745 5.37185 5.38907 5.40484 5.4206 5.43612 5.45047 5.46746 5.48325 5.49913 5.51512 5.53114 5.54714 5.56345 5.57987 5.59617 5.61271 5.62936 5.64613 5.66302 5.6802 5.69747 5.71488 5.73237 5.75017 5.76812 5.78608 5.80415 5.82263 5.84158 5.86085 5.87987 5.89858 5.91659 5.93741 5.95838 5.97539 5.99269 
1.5 1.5 1.5 1.5 1.5 1.5 1.5 1.5 1.5 1.5 1.46312 2.13916 2.24808 2.35906 2.46968 2.57917 2.68776 2.79624 2.90472 3.01351 3.12193 3.23153 3.34337 3.45111 3.5643 5.07459 5.10718 5.12864 5.14389 5.16032 5.17996 5.20012 5.22053 5.23978 5.26063 5.27766 5.29587 5.31343 5.33037 5.34887 5.36323 5.37912 5.39491 5.41019 5.42412 5.44049 5.45541 5.47033 5.48499 5.49796 5.51434 5.52893 5.54358 5.55842 5.5733 5.58817 5.60343 5.61861 5.63388 5.64937 5.66502 5.68083 5.69666 5.71288 5.72925 5.74584 5.76249 5.77933 5.79652 5.81372 5.83106 5.84892 5.86723 5.88618 5.90494 5.92345 5.9404 5.95981 5.9814 5.99833 6.0148 
1.5 1.5 1.5 1.5 1.5 1.5 1.5 1.5 1.5 1.5 1.45205 2.11551 2.22214 2.32974 2.43767 2.54632 2.65231 2.75886 2.8661 2.97182 3.07711 3.18362 3.29361 3.39912 3.51013 5.11936 5.11707 5.17218 5.21796 5.24896 5.26517 5.27815 5.29177 5.30488 5.32443 5.34202 5.36104 5.38011 5.39734 5.41521 5.428 5.44255 5.45737 5.47171 5.48441 5.49979 5.51375 5.52775 5.54115 5.55256 5.56811 5.58144 5.59491 5.60828 5.62167 5.63514 5.649 5.66296 5.67681 5.69096 5.7053 5.71977 5.73438 5.74936 5.76452 5.78001 5.79572 5.81154 5.82776 5.84412 5.86068 5.8779 5.89533 5.9136 5.93225 5.95078 5.96776 5.98511 6.00612 6.02415 6.03967 
1.5 1.5 1.5 1.5 1.5 1.5 1.5 1.5 1.5 1.5 1.44044 2.08784 2.18686 2.29639 2.41389 2.52275 2.62656 2.72304 2.83702 2.94253 3.0472 3.15389 3.26662 3.37161 3.48397 5.12248 5.11826 5.14229 5.19563 5.228 5.2728 5.31013 5.34274 5.37452 5.39738 5.41077 5.42403 5.43955 5.46096 5.48315 5.49925 5.51599 5.53131 5.54516 5.55567 5.5711 5.5834 5.59575 5.60833 5.61829 5.6325 5.6443 5.6558 5.66745 5.67891 5.6905 5.70246 5.7145 5.72665 5.73903 5.75154 5.7643 5.7772 5.79055 5.80412 5.81821 5.83271 5.8473 5.8624 5.87766 5.89319 5.90958 5.92599 5.94316 5.96129 5.97946 5.99619 6.01278 6.03341 6.05189 6.06596 
1.5 1.5 1.5 1.5 1.5 1.5 1.5 1.5 1.5 1.5 1.4396 2.08712 2.18228 2.26898 2.39315 2.51305 2.61627 2.71865 2.82882 2.93458 3.03995 3.14775 3.26295 3.37053 3.49073 5.103 5.08709 5.12151 5.17873 5.21974 5.25028 5.29293 5.33527 5.36689 5.40102 5.43967 5.48367 5.52294 5.54184 5.55468 5.56347 5.58407 5.60404 5.62106 5.63708 5.65106 5.66369 5.67492 5.6849 5.69175 5.70505 5.71554 5.72554 5.73508 5.74426 5.75345 5.76311 5.77284 5.78274 5.79305 5.80356 5.81434 5.82517 5.83642 5.84812 5.86029 5.87306 5.88598 5.89951 5.91358 5.92794 5.94358 5.9592 5.97553 5.99272 6.01009 6.02629 6.04162 6.06117 6.08069 6.0932 
1.5 1.5 1.5 1.5 1.5 1.5 1.5 1.5 1.5 1.5 1.44006 2.08449 2.18576 2.30129 2.4237 2.53317 2.63944 2.74434 2.85082 2.95655 3.06194 3.16919 3.28574 3.39037 3.50337 5.09287 5.08574 5.11775 5.15762 5.21502 5.24176 5.28148 5.3381 5.37057 5.40131 5.43932 5.48014 5.52126 5.56894 5.62432 5.65808 5.6715 5.67666 5.68811 5.70944 5.72531 5.7406 5.75412 5.76609 5.7724 5.78292 5.79079 5.79885 5.80659 5.81405 5.82112 5.82853 5.83585 5.84319 5.85095 5.85901 5.86766 5.87627 5.88524 5.89491 5.90536 5.91601 5.92715 5.93893 5.95152 5.96448 5.97917 5.99371 6.00875 6.02529 6.04229 6.0578 6.07185 6.08989 6.11051 6.12214 
1.5 1.5 1.5 1.5 1.5 1.5 1.5 1.5 1.5 1.5 1.43688 2.08413 2.18069 2.27072 2.40024 2.5214 2.62896 2.73082 2.8399 2.94668 3.05614 3.16902 3.29117 3.40411 3.54916 5.10292 5.18233 5.12668 5.1773 5.21212 5.24507 5.29541 5.33762 5.3845 5.41766 5.45153 5.48831 5.52861 5.57604 5.61521 5.66228 5.71258 5.76078 5.79013 5.79424 5.79145 5.8075 5.82482 5.83944 5.85078 5.86018 5.86839 5.87569 5.88057 5.88461 5.89051 5.89522 5.90075 5.90616 5.91189 5.91767 5.92417 5.9303 5.93706 5.94417 5.9526 5.96139 5.97098 5.98057 5.99154 6.003 6.01668 6.02984 6.04293 6.05832 6.07542 6.09058 6.09841 6.11793 6.14035 6.15269 
1.5 1.5 1.5 1.5 1.5 1.5 1.5 1.5 1.5 1.5 1.43275 2.07464 2.17403 2.28339 2.4018 2.51328 2.62228 2.7189 2.82581 2.93086 3.03611 3.14485 3.26203 3.36873 3.48957 5.12386 5.27531 5.12705 5.21332 5.25159 5.28303 5.32508 5.35612 5.39616 5.42179 5.47194 5.50683 5.53929 5.58375 5.63001 5.66076 5.72376 5.76642 5.80267 5.87296 5.90093 5.89657 5.89011 5.90449 5.92053 5.93171 5.94041 5.94906 5.95504 5.95746 5.96125 5.96224 5.96483 5.96839 5.97181 5.97551 5.97996 5.9843 5.98654 5.99336 5.99933 6.00561 6.01279 6.02086 6.03046 6.04032 6.05356 6.06651 6.0782 6.08987 6.10573 6.12142 6.13427 6.14839 6.16834 6.18372 
1.5 1.5 1.5 1.5 1.5 1.5 1.5 1.5 1.5 1.5 1.4343 2.07769 2.1777 2.28835 2.4094 2.51995 2.62765 2.72665 2.8349 2.94113 3.04734 3.15762 3.27678 3.38551 3.51027 5.10672 5.26108 5.08987 5.1615 5.22106 5.25903 5.30623 5.35064 5.42031 5.431 5.46005 5.49919 5.53127 5.56679 5.62651 5.66008 5.71356 5.76219 5.8157 5.86343 5.88841 5.95211 5.99848 5.98215 5.97599 5.98876 6.0016 6.01121 6.01936 6.02494 6.03311 6.03048 6.03057 6.02942 6.02991 6.03181 6.03429 6.03647 6.03932 6.04228 6.04549 6.04956 6.05495 6.06112 6.06881 6.07662 6.08775 6.10015 6.11272 6.12005 6.13816 6.15319 6.16526 6.17828 6.19645 6.21245 
1.5 1.5 1.5 1.5 1.5 1.5 1.5 1.5 1.5 1.5 1.44122 2.09319 2.19015 2.27928 2.41139 2.53345 2.64178 2.74584 2.8548 2.96379 3.07549 3.18687 3.30858 3.42114 3.56535 5.07714 5.16013 5.11265 5.15184 5.20086 5.2347 5.27879 5.31704 5.36811 5.42129 5.45949 5.51569 5.5427 5.57469 5.61174 5.64884 5.71566 5.76831 5.80601 5.85354 5.91031 5.95384 5.99748 6.06741 6.08745 6.05119 6.06159 6.06135 6.07209 6.07968 6.0909 6.08636 6.08666 6.08873 6.08503 6.08189 6.08147 6.08264 6.08437 6.08461 6.08802 6.08901 6.09292 6.09679 6.10287 6.11272 6.12283 6.13408 6.14168 6.15766 6.16655 6.18246 6.19444 6.20895 6.22882 6.24496 
1.5 1.5 1.5 1.5 1.5 1.5 1.5 1.5 1.5 1.5 1.44374 2.09075 2.1931 2.31108 2.43629 2.54736 2.65493 2.76197 2.86994 2.97881 3.08966 3.20062 3.31809 3.42515 3.54968 5.07744 5.14515 5.11399 5.14068 5.19459 5.22848 5.27845 5.33132 5.38708 5.41309 5.44591 5.46656 5.52368 5.59227 5.62346 5.67687 5.7204 5.75817 5.80859 5.85322 5.89639 5.95131 6.02672 6.03596 6.13105 6.1822 6.10306 6.10724 6.11946 6.12911 6.13423 6.13613 6.13458 6.13215 6.12627 6.11946 6.1175 6.11738 6.11699 6.1164 6.1191 6.12094 6.12414 6.12815 6.13348 6.13993 6.14929 6.16024 6.17082 6.18291 6.19458 6.2086 6.22316 6.23265 6.25114 6.26676 
1.5 1.5 1.5 1.5 1.5 1.5 1.5 1.5 1.5 1.5 1.44149 2.09332 2.19004 2.27825 2.40915 2.53348 2.64127 2.74619 2.85703 2.96672 3.07843 3.19072 3.314 3.42785 3.5768 5.07508 5.15926 5.09692 5.12148 5.17446 5.22774 5.28103 5.3312 5.37893 5.39936 5.45477 5.47681 5.49955 5.56554 5.60742 5.67984 5.72625 5.76526 5.80189 5.84792 5.87607 5.92135 5.97356 6.06353 6.05386 6.18566 6.19054 6.10386 6.1198 6.14156 6.1507 6.15664 6.15362 6.15584 6.156 6.14929 6.14514 6.14573 6.14638 6.14646 6.1479 6.14981 6.15316 6.15712 6.16174 6.16795 6.17693 6.18399 6.19559 6.20603 6.21754 6.23281 6.24681 6.25789 6.2796 6.29453 
1.5 1.5 1.5 1.5 1.5 1.5 1.5 1.5 1.5 1.5 1.4367 2.08158 2.1812 2.29203 2.41283 2.52452 2.63162 2.73189 2.84263 2.94927 3.05602 3.16671 3.28661 3.39559 3.52066 5.11384 5.25759 5.11279 5.18589 5.24288 5.2778 5.30954 5.3232 5.36585 5.39844 5.45063 5.49437 5.55028 5.57973 5.58599 5.65721 5.71799 5.73939 5.78732 5.83561 5.87212 5.92455 5.95206 6.02607 6.07677 6.08098 6.23944 6.10028 6.11856 6.13319 6.14457 6.15417 6.15969 6.16427 6.16478 6.16362 6.1641 6.15881 6.16066 6.16257 6.16484 6.16705 6.17068 6.17507 6.18069 6.18721 6.19261 6.20764 6.21789 6.22986 6.24198 6.25406 6.2715 6.28239 6.29769 6.31129 
1.5 1.5 1.5 1.5 1.5 1.5 1.5 1.5 1.5 1.5 1.43667 2.08187 2.18177 2.29231 2.41425 2.52436 2.63213 2.73285 2.84309 2.94967 3.05623 3.16698 3.28696 3.39626 3.52006 5.13096 5.22968 5.12483 5.20903 5.26087 5.29796 5.3376 5.35953 5.40722 5.43636 5.46998 5.49603 5.5609 5.58627 5.60027 5.63089 5.70686 5.72589 5.75966 5.79961 5.86017 5.89248 5.96026 6.02714 6.07538 6.0727 6.23576 6.09585 6.11633 6.13351 6.14831 6.15801 6.16591 6.17008 6.17159 6.17107 6.17209 6.16765 6.17069 6.17369 6.17571 6.17969 6.18377 6.18822 6.19366 6.20042 6.20981 6.22084 6.23261 6.245 6.25688 6.26904 6.28684 6.29877 6.3128 6.32656 
1.5 1.5 1.5 1.5 1.5 1.5 1.5 1.5 1.5 1.5 1.44188 2.09338 2.19 2.27833 2.41212 2.5325 2.64043 2.74497 2.85541 2.96416 3.07324 3.18635 3.30953 3.42304 3.55723 5.1346 5.15041 5.16038 5.20504 5.26198 5.30494 5.34619 5.38204 5.42435 5.45449 5.51037 5.52833 5.56628 5.60131 5.59886 5.6436 5.68121 5.71437 5.75459 5.78774 5.83445 5.89048 5.91223 5.98232 6.13482 6.12593 6.16906 6.08922 6.11133 6.1299 6.14594 6.15839 6.16699 6.17418 6.17725 6.17465 6.17419 6.17268 6.17722 6.18053 6.18402 6.18779 6.19229 6.19698 6.20242 6.20885 6.21794 6.2289 6.23853 6.25468 6.26654 6.2798 6.29679 6.30929 6.32414 6.33953 
1.5 1.5 1.5 1.5 1.5 1.5 1.5 1.5 1.5 1.5 1.44358 2.0896 2.19136 2.30918 2.43482 2.54503 2.65258 2.75969 2.86679 2.97474 3.08221 3.19422 3.31343 3.42182 3.54067 5.14045 5.14188 5.1834 5.21292 5.28452 5.31376 5.33841 5.38886 5.42634 5.47566 5.50797 5.53715 5.59007 5.61098 5.62121 5.64265 5.65239 5.69868 5.75051 5.80336 5.84792 5.8868 5.92229 5.89221 6.14647 6.2388 6.09397 6.08724 6.10996 6.12858 6.14426 6.16282 6.16588 6.18042 6.18032 6.17738 6.17255 6.1747 6.17881 6.18279 6.1862 6.18973 6.19486 6.19957 6.20566 6.21217 6.22163 6.23273 6.24558 6.2592 6.27114 6.28407 6.3013 6.31427 6.32869 6.34476 
1.5 1.5 1.5 1.5 1.5 1.5 1.5 1.5 1.5 1.5 1.44194 2.09335 2.18985 2.27799 2.41313 2.53247 2.64032 2.74503 2.85535 2.96427 3.07334 3.18636 3.3092 3.42286 3.55668 5.13327 5.15221 5.15846 5.20326 5.26195 5.3043 5.34482 5.38078 5.42315 5.45392 5.50946 5.52715 5.56646 5.59953 5.598 5.64171 5.67917 5.71383 5.75355 5.7856 5.83499 5.88958 5.91354 5.98548 6.1523 6.12457 6.166 6.09135 6.11358 6.13222 6.14858 6.16101 6.16955 6.17681 6.18006 6.17737 6.17688 6.17575 6.17988 6.18381 6.18718 6.19094 6.1958 6.20063 6.20612 6.21291 6.22236 6.23341 6.2464 6.26004 6.27135 6.28471 6.30009 6.3135 6.32724 6.34361 
1.5 1.5 1.5 1.5 1.5 1.5 1.5 1.5 1.5 1.5 1.43651 2.0817 2.18192 2.29267 2.41475 2.52484 2.63199 2.73284 2.84281 2.94942 3.05594 3.16617 3.286 3.39523 3.51903 5.13058 5.23417 5.12416 5.20724 5.25622 5.29384 5.33489 5.35788 5.40502 5.43437 5.46713 5.49334 5.55847 5.58274 5.59674 5.62941 5.70442 5.72353 5.75953 5.79919 5.86023 5.89843 5.9663 6.02628 6.08817 6.0746 6.23042 6.09782 6.11913 6.13643 6.15157 6.16139 6.1689 6.17358 6.17559 6.17512 6.17612 6.17243 6.17611 6.17972 6.1828 6.18609 6.19024 6.19518 6.20062 6.20773 6.21775 6.22908 6.24193 6.25428 6.26484 6.27789 6.29618 6.30809 6.32082 6.33809 
1.5 1.5 1.5 1.5 1.5 1.5 1.5 1.5 1.5 1.5 1.43648 2.08151 2.18143 2.29176 2.41385 2.52405 2.63106 2.7314 2.84173 2.9483 3.05488 3.16498 3.28449 3.39323 3.51791 5.11248 5.25741 5.10946 5.18346 5.24343 5.27491 5.30405 5.31628 5.36253 5.39692 5.44806 5.49135 5.54811 5.57714 5.58407 5.65834 5.71657 5.73813 5.78959 5.8357 5.87225 5.92232 5.95946 6.03209 6.08705 6.07964 6.23854 6.10333 6.12177 6.13634 6.14829 6.15784 6.16374 6.16831 6.16952 6.16866 6.16939 6.16509 6.16774 6.17019 6.17295 6.17566 6.17947 6.18448 6.19025 6.19739 6.20766 6.21915 6.23051 6.24206 6.25371 6.26654 6.28434 6.29521 6.30954 6.32804 
1.5 1.5 1.5 1.5 1.5 1.5 1.5 1.5 1.5 1.5 1.44164 2.09324 2.18992 2.27824 2.41209 2.53279 2.64068 2.74563 2.85604 2.96495 3.07473 3.18893 3.31202 3.42586 3.5623 5.08145 5.1608 5.09398 5.1202 5.17241 5.22708 5.28241 5.33434 5.37237 5.39539 5.45479 5.47834 5.50323 5.56737 5.60332 5.68156 5.72624 5.7614 5.79808 5.84427 5.8746 5.91349 5.98476 6.06298 6.04362 6.16229 6.16823 6.10097 6.11768 6.1307 6.14145 6.14926 6.15454 6.15702 6.15571 6.15631 6.15308 6.15087 6.153 6.15491 6.1571 6.15996 6.16356 6.16823 6.17352 6.18016 6.18982 6.20066 6.21264 6.22502 6.23616 6.24987 6.26592 6.27458 6.29304 6.31112 
1.5 1.5 1.5 1.5 1.5 1.5 1.5 1.5 1.5 1.5 1.44395 2.0914 2.19342 2.31109 2.43647 2.5469 2.65415 2.76106 2.86861 2.97641 3.08354 3.19431 3.31376 3.4217 3.54175 5.08651 5.14372 5.11994 5.13895 5.20038 5.22714 5.27674 5.33161 5.39119 5.4035 5.44147 5.4588 5.526 5.59152 5.6158 5.67376 5.7202 5.75275 5.79896 5.84425 5.8831 5.94002 6.01097 6.01473 6.11349 6.15103 6.0845 6.08899 6.10357 6.11464 6.12316 6.12875 6.13228 6.13204 6.13248 6.1297 6.12653 6.12727 6.12929 6.13111 6.13363 6.13678 6.13792 6.14523 6.1482 6.15792 6.16794 6.17909 6.19143 6.20359 6.21535 6.22994 6.24479 6.25448 6.27342 6.29138 
1.5 1.5 1.5 1.5 1.5 1.5 1.5 1.5 1.5 1.5 1.44171 2.09308 2.1898 2.27935 2.41102 2.53241 2.64091 2.74436 2.8534 2.96228 3.07098 3.1845 3.30574 3.41799 3.55078 5.08463 5.15397 5.10868 5.1478 5.20407 5.23228 5.2766 5.31545 5.38029 5.40834 5.45582 5.50957 5.53227 5.58702 5.61095 5.65034 5.71989 5.76406 5.80481 5.85341 5.91041 5.96323 5.98586 6.07004 6.09139 6.04172 6.05484 6.06443 6.07562 6.08391 6.0901 6.09179 6.09857 6.09531 6.0928 6.0913 6.09227 6.09358 6.096 6.0983 6.1014 6.10506 6.1091 6.11482 6.12131 6.1294 6.13976 6.15129 6.16398 6.17656 6.18891 6.20376 6.21796 6.22878 6.2478 6.26557 
1.5 1.5 1.5 1.5 1.5 1.5 1.5 1.5 1.5 1.5 1.4344 2.07753 2.17741 2.28771 2.40733 2.51919 2.62699 2.7255 2.83377 2.93983 3.04566 3.15588 3.27474 3.38295 3.50694 5.10563 5.25883 5.08672 5.15974 5.22 5.25804 5.30492 5.3515 5.42253 5.42602 5.46326 5.5021 5.52479 5.58564 5.63064 5.66345 5.71912 5.76821 5.82198 5.8724 5.90049 5.96047 6.00907 6.00682 5.98567 5.99833 6.0115 6.02174 6.03026 6.03619 6.03929 6.04193 6.04264 6.04028 6.04219 6.04486 6.04759 6.05032 6.05405 6.05577 6.06182 6.06693 6.07258 6.07959 6.0872 6.096 6.1049 6.12081 6.13449 6.14681 6.15953 6.17536 6.18971 6.20233 6.22205 6.23855 
1.5 1.5 1.5 1.5 1.5 1.5 1.5 1.5 1.5 1.5 1.43284 2.07447 2.17379 2.28318 2.40284 2.51289 2.62073 2.71883 2.82496 2.92995 3.03478 3.14332 3.26013 3.36664 3.48681 5.1258 5.27746 5.12872 5.21414 5.25353 5.28678 5.33004 5.36012 5.39801 5.42465 5.47599 5.50537 5.53915 5.59615 5.6338 5.66465 5.72882 5.77025 5.80977 5.87236 5.90872 5.90563 5.89901 5.91333 5.93002 5.94239 5.95135 5.9663 5.96696 5.97207 5.97473 5.97625 5.97923 5.9832 5.98684 5.99152 5.99604 6.00059 6.00608 6.01106 6.0175 6.02438 6.03183 6.04049 6.05024 6.06081 6.07414 6.08785 6.10027 6.1119 6.12787 6.14456 6.15924 6.17281 6.19357 6.20916 
1.5 1.5 1.5 1.5 1.5 1.5 1.5 1.5 1.5 1.5 1.43705 2.08435 2.18058 2.27108 2.40079 2.52123 2.62917 2.73188 2.84031 2.94812 3.05688 3.17005 3.29182 3.40504 3.54037 5.10492 5.18659 5.13094 5.18098 5.21501 5.24837 5.29714 5.33965 5.38792 5.42069 5.45281 5.48953 5.54054 5.58391 5.61985 5.66751 5.71983 5.77075 5.80045 5.80513 5.80207 5.81893 5.83694 5.8514 5.86431 5.8743 5.88208 5.8904 5.89532 5.90123 5.90528 5.91112 5.91693 5.92261 5.92802 5.93456 5.94088 5.94626 5.95504 5.96186 5.97062 5.97972 5.98921 5.99961 6.01074 6.02259 6.03648 6.05063 6.06084 6.07921 6.0969 6.11268 6.12677 6.14033 6.16335 6.17667 
1.5 1.5 1.5 1.5 1.5 1.5 1.5 1.5 1.5 1.5 1.43998 2.08518 2.18633 2.30211 2.42494 2.53426 2.6406 2.74561 2.85196 2.95759 3.06295 3.17098 3.28697 3.39211 3.5061 5.09301 5.08694 5.11887 5.15862 5.21514 5.24185 5.28454 5.34138 5.37373 5.40316 5.44483 5.48912 5.52678 5.57512 5.63168 5.66705 5.68132 5.68653 5.69813 5.7206 5.73653 5.75238 5.76629 5.77849 5.7856 5.7965 5.80461 5.81307 5.82085 5.82865 5.83626 5.84362 5.85092 5.85884 5.86645 5.87518 5.88388 5.89275 5.90232 5.91201 5.9227 5.93359 5.94504 5.95702 5.96994 5.98309 5.99801 6.01309 6.02846 6.04497 6.06259 6.07866 6.09372 6.11105 6.13234 6.14436 
1.5 1.5 1.5 1.5 1.5 1.5 1.5 1.5 1.5 1.5 1.43906 2.08686 2.18163 2.26796 2.394 2.51248 2.61569 2.71797 2.82805 2.93351 3.03872 3.14672 3.262 3.36897 3.48881 5.10487 5.08912 5.1244 5.18216 5.22265 5.25481 5.29677 5.33902 5.3719 5.40877 5.44627 5.49008 5.52972 5.54951 5.56284 5.57177 5.59296 5.61326 5.63108 5.64758 5.66194 5.67793 5.68676 5.69677 5.70436 5.71801 5.72873 5.73907 5.7486 5.7581 5.76775 5.77713 5.78707 5.79731 5.80761 5.81856 5.82952 5.84057 5.85203 5.86368 5.87622 5.88901 5.90226 5.91597 5.93037 5.94489 5.96069 5.97674 5.993 6.01046 6.02857 6.04511 6.06101 6.08006 6.10013 6.1123 
1.5 1.5 1.5 1.5 1.5 1.5 1.5 1.5 1.5 1.5 1.43992 2.08716 2.18634 2.29579 2.41349 2.52191 2.6257 2.72209 2.83596 2.94122 3.04583 3.1524 3.26551 3.3703 3.48206 5.12654 5.1229 5.14759 5.19889 5.23198 5.27746 5.31727 5.35091 5.38198 5.40427 5.41793 5.43157 5.44754 5.46921 5.49208 5.50848 5.52572 5.54132 5.55551 5.56688 5.58213 5.59485 5.6075 5.62037 5.63036 5.64498 5.65697 5.6674 5.68029 5.6921 5.70407 5.71605 5.72821 5.74055 5.75279 5.7656 5.7785 5.79143 5.80477 5.81854 5.83269 5.84718 5.86066 5.8771 5.89265 5.90823 5.92469 5.94129 5.95843 5.97691 5.99544 6.01237 6.02927 6.04957 6.06845 6.0819 
1.5 1.5 1.5 1.5 1.5 1.5 1.5 1.5 1.5 1.5 1.45134 2.11436 2.22091 2.32832 2.43716 2.5445 2.65028 2.75664 2.86356 2.96869 3.07386 3.18004 3.28971 3.39529 3.50415 5.12585 5.12202 5.17976 5.22456 5.25694 5.27367 5.28683 5.30004 5.31304 5.33286 5.35065 5.37015 5.38948 5.40668 5.42507 5.43812 5.45299 5.46795 5.48264 5.4955 5.51129 5.52548 5.53952 5.55225 5.56473 5.58052 5.59401 5.60769 5.62105 5.63461 5.64844 5.66225 5.67608 5.6902 5.70438 5.7187 5.73319 5.74766 5.76259 5.77782 5.79328 5.80894 5.82477 5.84093 5.85734 5.8738 5.89097 5.90839 5.92666 5.9455 5.96402 5.98108 5.99811 6.01922 6.03687 6.05242 
1.5 1.5 1.5 1.5 1.5 1.5 1.5 1.5 1.5 1.5 1.46232 2.13683 2.24561 2.35625 2.46662 2.57588 2.68425 2.79247 2.90055 3.00914 3.11718 3.22616 3.33757 3.44545 3.55653 5.08389 5.1166 5.14047 5.15366 5.16974 5.18966 5.21004 5.23038 5.24971 5.27051 5.2879 5.30645 5.32393 5.34094 5.35805 5.37447 5.39068 5.40657 5.42217 5.43616 5.45292 5.46804 5.48302 5.49799 5.51091 5.52743 5.54201 5.55675 5.57147 5.58638 5.60133 5.61631 5.63134 5.64661 5.66194 5.6774 5.69156 5.70871 5.72472 5.74104 5.75744 5.77396 5.79064 5.80765 5.82472 5.84188 5.85972 5.87788 5.89674 5.9155 5.93373 5.95072 5.96957 5.99127 6.00745 6.02437 
1.5 1.5 1.5 1.5 1.5 1.5 1.5 1.5 1.5 1.5 1.46988 2.15161 2.26125 2.37064 2.48018 2.58906 2.69733 2.8052 2.91355 3.02007 3.1276 3.23414 3.34052 3.44712 3.55305 5.04231 5.05741 5.08118 5.10284 5.12301 5.14314 5.16269 5.18209 5.20119 5.22167 5.23878 5.25677 5.27435 5.29141 5.30807 5.32465 5.34108 5.35728 5.37332 5.38774 5.40487 5.42048 5.43612 5.45173 5.46553 5.48254 5.49796 5.51368 5.52923 5.54504 5.56078 5.57667 5.59263 5.60879 5.62503 5.64134 5.65785 5.67438 5.69121 5.70823 5.72532 5.74252 5.75993 5.77758 5.79527 5.81306 5.83132 5.85006 5.86912 5.88796 5.90644 5.92433 5.94454 5.96542 5.98177 5.99979 
1.5 1.5 1.5 1.5 1.5 1.5 1.5 1.5 1.5 1.5 1.47285 2.15826 2.26894 2.37977 2.48973 2.59924 2.70865 2.81787 2.92683 3.03509 3.14381 3.25227 3.3606 3.4683 3.5753 5.0076 5.02477 5.04631 5.06583 5.08517 5.10437 5.12326 5.14196 5.16055 5.18034 5.19717 5.21451 5.23169 5.24869 5.26697 5.28225 5.29882 5.31519 5.33154 5.34651 5.36393 5.38001 5.39616 5.41238 5.42705 5.44451 5.46068 5.47723 5.49344 5.50867 5.52648 5.54313 5.55983 5.57666 5.59358 5.61057 5.62774 5.64495 5.66239 5.68002 5.69765 5.71537 5.73334 5.75142 5.76954 5.78778 5.80645 5.82552 5.84462 5.86353 5.88221 5.90088 5.92169 5.94143 5.95853 5.97746 
1.5 1.5 1.5 1.5 1.5 1.5 1.5 1.5 1.5 1.5 1.47841 2.16983 2.28161 2.39318 2.50408 2.61476 2.72542 2.83614 2.94592 3.05669 3.16556 3.27534 3.38453 3.49351 3.60192 4.97143 4.9898 5.01028 5.02882 5.04793 5.06643 5.08522 5.10378 5.12237 5.14203 5.15927 5.17691 5.19441 5.21168 5.23003 5.24597 5.26299 5.27985 5.29671 5.31243 5.33023 5.34693 5.36369 5.3806 5.39607 5.41394 5.43077 5.44662 5.46474 5.48189 5.49888 5.51605 5.53327 5.55059 5.568 5.58548 5.6031 5.62084 5.63868 5.6566 5.67456 5.69263 5.71089 5.72925 5.74765 5.76619 5.78515 5.80437 5.8234 5.84234 5.8612 5.8806 5.90128 5.92005 5.93804 5.95768 
1.5 1.5 1.5 1.5 1.5 1.5 1.5 1.5 1.5 1.5 1.48278 2.17835 2.29085 2.40315 2.51492 2.62682 2.73842 2.85008 2.96098 3.07225 3.18275 3.29363 3.40381 3.51391 3.62335 4.93799 4.95729 4.97637 4.99484 5.01341 5.03285 5.05204 5.07102 5.08994 5.10967 5.12741 5.14544 5.16336 5.18115 5.19987 5.21651 5.23405 5.25146 5.26884 5.2853 5.30343 5.32068 5.33795 5.35523 5.37155 5.38972 5.40707 5.42455 5.44188 5.45941 5.4768 5.49434 5.51194 5.52959 5.54732 5.56514 5.58315 5.60108 5.61916 5.63729 5.65549 5.67381 5.69228 5.71081 5.72939 5.74813 5.76726 5.78649 5.80545 5.8245 5.84358 5.86354 5.88365 5.90187 5.9206 5.94079 
1.5 1.5 1.5 1.5 1.5 1.5 1.5 1.5 1.5 1.5 1.48549 2.185 2.2981 2.41104 2.52377 2.63624 2.74879 2.86115 2.97302 3.08502 3.19669 3.30815 3.4194 3.5306 3.64122 4.91207 4.9316 4.95046 4.96933 4.98884 5.00773 5.02702 5.04609 5.06514 5.084 5.10287 5.12115 5.13933 5.15742 5.17628 5.19332 5.21115 5.22889 5.24661 5.26358 5.28191 5.29951 5.31711 5.33472 5.35153 5.3699 5.38759 5.40535 5.42297 5.44078 5.45848 5.47631 5.4942 5.51213 5.53014 5.54824 5.56644 5.58468 5.60297 5.62133 5.63977 5.65835 5.67702 5.69572 5.71452 5.73343 5.75266 5.77184 5.79091 5.81021 5.82956 5.84964 5.86899 5.88729 5.90697 5.92685 
1.5 1.5 1.5 1.5 1.5 1.5 1.5 1.5 1.5 1.5 1.48802 2.19078 2.30454 2.41809 2.5316 2.64486 2.75815 2.87131 2.98415 3.09679 3.20968 3.32181 3.43388 3.54638 3.65796 4.89161 4.91143 4.93019 4.94923 4.96877 4.9878 5.00712 5.02626 5.0454 5.0651 5.08331 5.10176 5.12012 5.1384 5.15723 5.17472 5.19277 5.21078 5.22875 5.24605 5.26456 5.28245 5.30033 5.31823 5.33545 5.35402 5.37199 5.39 5.40793 5.42607 5.44402 5.46212 5.48028 5.49847 5.51674 5.5351 5.55352 5.57197 5.59045 5.60901 5.62765 5.6464 5.66521 5.68403 5.70296 5.72194 5.74118 5.76031 5.7795 5.7989 5.81835 5.83816 5.85711 5.8757 5.89601 5.915 
1.5 1.5 1.5 1.5 1.5 1.5 1.5 1.5 1.5 1.5 1.49055 2.19615 2.31054 2.42476 2.53893 2.65289 2.76697 2.88079 2.99455 3.10804 3.22194 3.33473 3.44786 3.56116 3.67394 4.87449 4.89416 4.91299 4.93225 4.95137 4.97099 4.99036 5.00961 5.02885 5.04854 5.06701 5.08566 5.10422 5.12273 5.14168 5.15955 5.17786 5.19614 5.21437 5.23205 5.25073 5.26889 5.28704 5.30521 5.32282 5.34156 5.35978 5.37811 5.39624 5.41453 5.43284 5.4512 5.4696 5.48803 5.50653 5.5251 5.5437 5.56232 5.58098 5.5997 5.61851 5.63737 5.65627 5.67517 5.69418 5.71319 5.7324 5.75154 5.77082 5.79022 5.80969 5.82914 5.848 5.86697 5.88735 5.90586 
1.5 1.5 1.5 1.5 1.5 1.5 1.5 1.5 1.5 1.5 1.49265 2.20078 2.31569 2.43055 2.54543 2.65986 2.77454 2.88895 3.00347 3.11749 3.23224 3.34589 3.45992 3.57393 3.68775 4.86106 4.88054 4.89956 4.91902 4.93879 4.95797 4.97737 4.99672 5.01604 5.03575 5.05441 5.07321 5.09195 5.11065 5.12974 5.14784 5.16635 5.18485 5.20329 5.22126 5.24008 5.25846 5.27682 5.29519 5.31309 5.33197 5.35038 5.36882 5.38726 5.40575 5.42428 5.44283 5.46143 5.48007 5.49875 5.51748 5.53623 5.555 5.57382 5.59269 5.61162 5.63058 5.64957 5.66857 5.68765 5.70673 5.72595 5.74515 5.76454 5.78393 5.80339 5.82262 5.84167 5.861 5.88109 5.8997 
1.5 1.5 1.5 1.5 1.5 1.5 1.5 1.5 1.5 1.5 1.49477 2.20485 2.32021 2.43553 2.55091 2.66593 2.78115 2.89613 3.01123 3.12597 3.241 3.35569 3.47036 3.585 3.69961 4.8499 4.86931 4.88861 4.90821 4.92791 4.94736 4.96683 4.9863 5.00571 5.02554 5.04433 5.06331 5.08225 5.10115 5.12039 5.13875 5.15747 5.17617 5.19481 5.21304 5.23199 5.25056 5.2691 5.28765 5.3058 5.32478 5.34335 5.36195 5.38056 5.3992 5.41789 5.4366 5.45535 5.47413 5.49294 5.5118 5.53067 5.54957 5.56853 5.58753 5.60657 5.62564 5.64474 5.66387 5.68305 5.70224 5.72152 5.74087 5.76035 5.77976 5.79924 5.81847 5.83784 5.85748 5.87718 5.89634 
1.5 1.5 1.5 1.5 1.5 1.5 1.5 1.5 1.5 1.5 1.49628 2.20845 2.32417 2.43991 2.55557 2.67124 2.78691 2.90243 3.01795 3.13335 3.24859 3.36412 3.47936 3.59457 3.7106 4.84061 4.86007 4.87968 4.8994 4.91915 4.93872 4.95827 4.97785 4.99737 5.01689 5.03623 5.05541 5.07456 5.09365 5.11302 5.13167 5.15061 5.1695 5.18835 5.20687 5.22594 5.2447 5.26343 5.28216 5.30054 5.31961 5.33834 5.35708 5.37584 5.39462 5.41344 5.43227 5.45113 5.47002 5.48894 5.5079 5.52688 5.5459 5.56497 5.58407 5.60322 5.62239 5.64161 5.66087 5.68016 5.6995 5.7189 5.73838 5.75794 5.77742 5.79696 5.81636 5.83601 5.85586 5.87531 5.89521 
1.5 1.5 1.5 1.5 1.5 1.5 1.5 1.5 1.5 1.5 1.49767 2.21171 2.32776 2.44382 2.55991 2.67597 2.79199 2.90803 3.02384 3.13985 3.2554 3.37153 3.4872 3.60301 3.7193 4.83275 4.85241 4.87228 4.8921 4.91197 4.93158 4.95125 4.97093 4.99055 5.01041 5.02968 5.04905 5.0684 5.08769 5.10722 5.12611 5.14525 5.16435 5.1834 5.20218 5.22139 5.24035 5.25928 5.27819 5.29682 5.316 5.33489 5.3538 5.37271 5.39163 5.41058 5.42954 5.44852 5.46753 5.48655 5.50561 5.5247 5.54383 5.56301 5.58222 5.60147 5.62075 5.64008 5.65946 5.67887 5.69835 5.71787 5.73747 5.75708 5.77666 5.7963 5.8159 5.8357 5.85565 5.87504 5.89555 
1.5 1.5 1.5 1.5 1.5 1.5 1.5 1.5 1.5 1.5 1.49888 2.21454 2.33088 2.44726 2.56366 2.68004 2.7964 2.91281 3.0289 3.14556 3.26146 3.37787 3.49405 3.6103 3.7264 4.82589 4.84582 4.86584 4.88571 4.90557 4.92536 4.94514 4.96493 4.98466 5.00458 5.02405 5.04363 5.06318 5.08268 5.10236 5.12154 5.14091 5.16023 5.17951 5.1986 5.21797 5.23715 5.25631 5.27544 5.29435 5.31366 5.33275 5.35184 5.37093 5.39002 5.40912 5.42822 5.44733 5.46647 5.48562 5.50479 5.524 5.54325 5.56253 5.58184 5.60119 5.62058 5.64001 5.6595 5.67901 5.6986 5.71822 5.7379 5.75755 5.77723 5.79694 5.81671 5.83655 5.85651 5.87599 5.89675 
1.5 1.5 1.5 1.5 1.5 1.5 1.5 1.5 1.5 1.5 1.49994 2.21694 2.33352 2.45022 2.56689 2.68353 2.80017 2.91689 3.03332 3.15027 3.26681 3.38331 3.50001 3.61662 3.73311 4.82003 4.8402 4.86028 4.8802 4.90012 4.91999 4.93987 4.95975 4.97959 4.99956 5.01923 5.03901 5.05874 5.07844 5.09809 5.11773 5.13734 5.1569 5.17643 5.19583 5.21539 5.23483 5.25424 5.27362 5.29285 5.31232 5.33164 5.35094 5.37024 5.38952 5.4088 5.42808 5.44736 5.46665 5.48595 5.50527 5.52461 5.54398 5.56337 5.58279 5.60224 5.62172 5.64124 5.6608 5.68039 5.70005 5.71973 5.73945 5.75913 5.77888 5.79864 5.81848 5.83829 5.8582 5.87783 5.8984 
1.5 1.5 1.5 1.5 1.5 1.5 1.5 1.5 1.5 1.5 1.50116 2.21906 2.33586 2.45285 2.56992 2.68669 2.80361 2.92061 3.03745 3.15453 3.27175 3.38841 3.50558 3.6226 3.73928 4.81524 4.83554 4.85563 4.87558 4.89557 4.91552 4.93549 4.95544 4.97539 4.99524 5.01526 5.0352 5.05511 5.07499 5.09495 5.1147 5.13452 5.15432 5.17409 5.19382 5.21356 5.23325 5.25292 5.27256 5.29211 5.31176 5.33132 5.35087 5.3704 5.38991 5.40941 5.42889 5.44837 5.46785 5.48732 5.5068 5.5263 5.5458 5.56531 5.58484 5.60438 5.62395 5.64354 5.66316 5.6828 5.70247 5.72218 5.7419 5.76161 5.78137 5.80114 5.82096 5.84072 5.86054 5.8803 5.90038 
1.5 1.5 1.5 1.5 1.5 1.5 1.5 1.5 1.5 1.5 1.50216 2.22081 2.3378 2.45501 2.57214 2.68928 2.80644 2.92369 3.04088 3.15812 3.27569 3.39265 3.5101 3.62744 3.74438 4.81175 4.83207 4.85212 4.87212 4.89214 4.91214 4.93217 4.95218 4.9722 4.99221 5.01224 5.0323 5.05233 5.07236 5.09231 5.1124 5.13241 5.1524 5.17239 5.19238 5.2123 5.23223 5.25214 5.27203 5.2919 5.31173 5.33155 5.35134 5.37112 5.39087 5.4106 5.43031 5.45001 5.46969 5.48937 5.50903 5.52869 5.54834 5.56798 5.58763 5.60728 5.62693 5.64659 5.66625 5.68592 5.70559 5.72532 5.74503 5.76476 5.78452 5.80427 5.82403 5.84375 5.86348 5.88329 5.90286 
1.5 1.5 1.5 1.5 1.5 1.5 1.5 1.5 1.5 1.5 1.50263 2.22245 2.33963 2.45704 2.57437 2.69171 2.80912 2.92661 3.04411 3.16162 3.27929 3.39666 3.51435 3.63206 3.74943 4.80953 4.82976 4.84978 4.86981 4.88986 4.90989 4.92995 4.94999 4.97006 4.99009 5.01021 5.03034 5.05047 5.0706 5.09064 5.11089 5.13103 5.15118 5.17132 5.19153 5.2116 5.23172 5.25183 5.27193 5.29207 5.31207 5.33211 5.35214 5.37214 5.39212 5.41207 5.43201 5.45192 5.47181 5.49168 5.51153 5.53136 5.55116 5.57095 5.59073 5.61049 5.63024 5.64998 5.66971 5.68943 5.70912 5.72887 5.74861 5.76837 5.78813 5.80787 5.8276 5.84732 5.86698 5.88678 5.90604 
1.5 1.5 1.5 1.5 1.5 1.5 1.5 1.5 1.5 1.5 1.50339 2.22385 2.3413 2.45877 2.57629 2.69381 2.81147 2.92917 3.04691 3.16452 3.28239 3.40023 3.51807 3.6361 3.75389 4.80836 4.82848 4.84849 4.86853 4.88833 4.90865 4.92872 4.9488 4.96889 4.98892 5.00911 5.02929 5.04947 5.06967 5.08986 5.11013 5.13036 5.15061 5.17086 5.1912 5.21138 5.23164 5.25189 5.27214 5.29247 5.31262 5.33283 5.35304 5.37322 5.39339 5.41354 5.43366 5.45376 5.47384 5.4939 5.51392 5.53392 5.55389 5.57383 5.59375 5.61365 5.63352 5.65337 5.6732 5.69301 5.71278 5.73259 5.7524 5.77222 5.79202 5.8118 5.83157 5.85133 5.87101 5.8908 5.91004 
1.5 1.5 1.5 1.5 1.5 1.5 1.5 1.5 1.5 1.5 1.50398 2.2251 2.34262 2.46029 2.57802 2.69567 2.81352 2.93142 3.04929 3.16714 3.28509 3.4033 3.52132 3.63956 3.75774 4.80809 4.82812 4.84813 4.86819 4.88826 4.9083 4.92837 4.94844 4.96854 4.98858 5.00878 5.02896 5.04916 5.06939 5.08956 5.1099 5.13018 5.15047 5.17078 5.1912 5.21144 5.23179 5.25214 5.27249 5.29295 5.31319 5.33354 5.35387 5.3742 5.39451 5.41481 5.43509 5.45536 5.47559 5.49581 5.516 5.53616 5.55629 5.57639 5.59647 5.61652 5.63654 5.65654 5.67651 5.69645 5.71635 5.73628 5.7562 5.77611 5.79601 5.81589 5.83574 5.85561 5.87539 5.89522 5.91467 
1.5 1.5 1.5 1.5 1.5 1.5 1.5 1.5 1.5 1.5 1.50415 2.22608 2.34371 2.46146 2.57931 2.69703 2.81501 2.93301 3.05095 3.16898 3.28702 3.40534 3.52347 3.64178 3.76077 4.8084 4.82837 4.84839 4.86844 4.8885 4.90854 4.92859 4.94866 4.96875 4.98877 5.00898 5.02915 5.04935 5.06958 5.08975 5.11009 5.13038 5.15069 5.17102 5.19145 5.21173 5.23211 5.2525 5.2729 5.29342 5.31373 5.33414 5.35456 5.37498 5.3954 5.4158 5.4362 5.45658 5.47695 5.49731 5.51764 5.53795 5.55824 5.57851 5.59875 5.61897 5.63916 5.65933 5.67947 5.69958 5.71967 5.73974 5.75981 5.77986 5.79989 5.81991 5.83991 5.85992 5.87987 5.89981 5.91962 
1.5 1.5 1.5 1.5 1.5 1.5 1.5 1.5 1.5 1.5 1.50439 2.22683 2.34456 2.46238 2.58024 2.69807 2.81616 2.9342 3.05218 3.17039 3.28857 3.40685 3.52516 3.64352 3.76215 4.80887 4.82882 4.84885 4.86889 4.88894 4.90897 4.92901 4.94908 4.96916 4.98916 5.00936 5.02953 5.04972 5.06993 5.09008 5.11042 5.1307 5.151 5.17132 5.19175 5.21204 5.23242 5.25282 5.27324 5.29378 5.31411 5.33456 5.35502 5.37549 5.39596 5.41643 5.43689 5.45736 5.47782 5.49827 5.5187 5.53913 5.55954 5.57994 5.60032 5.62068 5.64102 5.66134 5.68165 5.70193 5.72219 5.7424 5.76261 5.78279 5.80296 5.82312 5.84328 5.86342 5.88355 5.90364 5.92382 
1.5 1.5 1.5 1.5 1.5 1.5 1.5 1.5 1.5 1.5 1.50498 2.22747 2.34523 2.46317 2.58114 2.69909 2.81729 2.93539 3.05349 3.17188 3.29025 3.40846 3.52703 3.64552 3.76435 4.80905 4.82903 4.84908 4.86912 4.88918 4.90919 4.92924 4.94931 4.96939 4.9894 5.0096 5.02977 5.04996 5.07017 5.0903 5.11066 5.13094 5.15125 5.17157 5.192 5.21229 5.23268 5.25309 5.27351 5.29407 5.31442 5.33489 5.35537 5.37587 5.39637 5.41688 5.4374 5.45792 5.47845 5.49898 5.5195 5.54003 5.56055 5.58106 5.60157 5.62206 5.64255 5.66302 5.68348 5.70393 5.72437 5.74473 5.76507 5.78539 5.8057 5.82601 5.84631 5.8666 5.88692 5.90721 5.92772 
1.5 1.5 1.5 1.5 1.5 1.5 1.5 1.5 1.5 1.5 1.50524 2.22825 2.34611 2.46415 2.58235 2.7004 2.81858 2.93688 3.05513 3.1736 3.29215 3.41048 3.52925 3.64797 3.7666 4.80894 4.82897 4.84903 4.86908 4.88913 4.90918 4.92925 4.94933 4.96943 4.98945 5.00967 5.02986 5.05007 5.07031 5.09046 5.11084 5.13114 5.15146 5.17181 5.19226 5.21256 5.23297 5.25339 5.27384 5.29442 5.31478 5.33528 5.35579 5.37631 5.39685 5.4174 5.43797 5.45854 5.47913 5.49972 5.52033 5.54094 5.56155 5.58216 5.60278 5.62338 5.64399 5.66459 5.68518 5.70577 5.72635 5.74682 5.76727 5.78771 5.80814 5.82856 5.84898 5.86939 5.88985 5.91032 5.93097 
1.5 1.5 1.5 1.5 1.5 1.5 1.5 1.5 1.5 1.5 1.50519 2.22796 2.34575 2.46369 2.5817 2.69971 2.81776 2.93598 3.05415 3.17244 3.29082 3.40909 3.5275 3.64601 3.76393 4.81009 4.83012 4.85015 4.87017 4.8902 4.91023 4.93027 4.95032 4.97039 4.99041 5.01056 5.0307 5.05086 5.07104 5.09115 5.11146 5.1317 5.15197 5.17226 5.19264 5.21291 5.23327 5.25365 5.27406 5.2946 5.31496 5.33544 5.35595 5.37649 5.39705 5.41763 5.43824 5.45887 5.47953 5.5002 5.52089 5.5416 5.56232 5.58304 5.60377 5.62451 5.64524 5.66597 5.68669 5.70741 5.72813 5.74871 5.76927 5.78981 5.81035 5.83087 5.85138 5.87191 5.89247 5.91308 5.93376 
