63 81 1.5 0.33
0 2 4 6 8 10 12 14 16 18 20 22 24 26 28 30 32 34 36 38 40 42 44 46 48 50 52 54 56 58 60 62 64 66 68 70 72 74 76 78 80 82 84 86 88 90 92 94 96 98 100 102 104 106 108 110 112 114 116 118 120 122 124 
0 0 0 0 0 0 0 0 0 0 0 0 0 0 0 0 0 0 0 0 0 0 0 0 0 0 0 0 0 0 0 0 0 0 0 0 0 0 0 0 0 0 0 0 0 0 0 0 0 0 0 0 0 0 0 0 0 0 0 0 0 0 0 
0 0.2 0.4 0.6 0.8 1 1.2 1.4 1.6 1.8 2 2.2 2.4 2.6 2.8 3 3.2 3.4 3.6 3.8 4 4.2 4.4 4.6 4.8 5 5.2 5.4 5.6 5.8 6 6.2 6.4 6.6 6.8 7 7.2 7.4 7.6 7.8 8 8.2 8.4 8.6 8.8 9 9.2 9.4 9.6 9.8 10 10.2 10.4 10.6 10.8 11 11.2 11.4 11.6 11.8 12 12.2 12.4 12.6 12.8 13 13.2 13.4 13.6 13.8 14 14.2 14.4 14.6 14.8 15 15.2 15.4 15.6 15.8 16 
1.5 1.5 1.5 1.5 1.5 1.5 1.5 1.5 1.5 1.5 1.5 1.1083 1.1667 1.225 1.2833 1.3417 1.4 1.4583 1.5167 1.575 1.6333 1.6917 1.75 1.8083 1.8667 2.41144 2.4216 2.43176 2.44168 2.45165 2.46143 2.47138 2.48131 2.49117 2.50111 2.51078 2.5206 2.53038 2.54009 2.54988 2.55933 2.56905 2.57855 2.58807 2.59746 2.60693 2.61641 2.62576 2.63509 2.64425 2.65362 2.66294 2.67214 2.68135 2.69055 2.69969 2.70893 2.71809 2.72728 2.73645 2.7456 2.75486 2.76407 2.77331 2.78259 2.79188 2.80127 2.81062 2.82005 2.82947 2.83894 2.84854 2.85811 2.86771 2.87732 2.88694 2.89669 2.90637 2.91615 2.9257 2.93569 
1.5 1.5 1.5 1.5 1.5 1.5 1.5 1.5 1.5 1.5 1.5 1.1083 1.1667 1.225 1.2833 1.3417 1.4 1.4583 1.5167 1.575 1.6333 1.6917 1.75 1.8083 1.8667 2.41517 2.42511 2.43504 2.44494 2.45487 2.4646 2.47446 2.48427 2.49405 2.50399 2.51351 2.52319 2.53281 2.54239 2.55214 2.56142 2.57101 2.5804 2.58982 2.59912 2.60854 2.61794 2.62722 2.63652 2.64567 2.65503 2.66434 2.67355 2.6828 2.69205 2.70124 2.71052 2.71973 2.729 2.73825 2.74746 2.75678 2.76604 2.77517 2.7847 2.79404 2.80347 2.81286 2.8221 2.83179 2.8413 2.8509 2.86049 2.86992 2.87979 2.88944 2.89913 2.90885 2.91847 2.92829 2.93844 
1.5 1.5 1.5 1.5 1.5 1.5 1.5 1.5 1.5 1.5 1.5 1.1083 1.1667 1.225 1.2833 1.3417 1.4 1.4583 1.5167 1.575 1.6333 1.6917 1.75 1.8083 1.8667 2.41784 2.427 2.43726 2.4471 2.45706 2.46663 2.47613 2.48619 2.49592 2.50563 2.51526 2.52457 2.53443 2.54396 2.55341 2.56288 2.5724 2.58183 2.59124 2.60048 2.60999 2.61943 2.62876 2.6381 2.64727 2.65675 2.66615 2.67545 2.68478 2.69396 2.70343 2.71283 2.72218 2.73151 2.7407 2.75016 2.75957 2.76889 2.77826 2.78747 2.79702 2.80647 2.81588 2.82531 2.83451 2.84415 2.85371 2.86324 2.87287 2.88209 2.89202 2.9016 2.91117 2.92095 2.92986 2.94006 
1.5 1.5 1.5 1.5 1.5 1.5 1.5 1.5 1.5 1.5 1.5 1.1083 1.1667 1.225 1.2833 1.3417 1.4 1.4583 1.5167 1.575 1.6333 1.6917 1.75 1.8083 1.8667 2.4216 2.43152 2.44098 2.45076 2.46035 2.47017 2.47993 2.48972 2.49934 2.50895 2.51857 2.52809 2.53755 2.547 2.5563 2.56578 2.57514 2.58457 2.59392 2.60299 2.61256 2.62183 2.63124 2.64055 2.64959 2.65915 2.66832 2.67784 2.68717 2.69626 2.70584 2.71504 2.72461 2.73374 2.74313 2.75272 2.76199 2.77154 2.78094 2.79037 2.79979 2.80907 2.81871 2.82793 2.83764 2.84709 2.85634 2.86621 2.8755 2.88546 2.89509 2.90417 2.91415 2.92337 2.9338 2.94291 
1.5 1.5 1.5 1.5 1.5 1.5 1.5 1.5 1.5 1.5 1.5 1.1083 1.1667 1.225 1.2833 1.3417 1.4 1.4583 1.5167 1.575 1.6333 1.6917 1.75 1.8083 1.8667 2.42684 2.43683 2.44552 2.4554 2.46535 2.47509 2.48482 2.49425 2.50393 2.51406 2.52322 2.53266 2.5417 2.55106 2.56109 2.57002 2.57922 2.58824 2.5975 2.60694 2.61632 2.62549 2.63457 2.64376 2.6532 2.66261 2.67165 2.68095 2.6902 2.69987 2.70914 2.71826 2.72767 2.73701 2.7467 2.75607 2.76534 2.77473 2.78442 2.7939 2.80338 2.81273 2.82225 2.83198 2.84152 2.85107 2.86046 2.87004 2.88003 2.88976 2.89944 2.90879 2.91817 2.92828 2.93846 2.94779 
1.5 1.5 1.5 1.5 1.5 1.5 1.5 1.5 1.5 1.5 1.5 1.1083 1.1667 1.225 1.2833 1.3417 1.4 1.4583 1.5167 1.575 1.6333 1.6917 1.75 1.8083 1.8667 2.43623 2.44627 2.45572 2.46527 2.4752 2.48444 2.49415 2.50382 2.51338 2.52333 2.53231 2.54163 2.5509 2.56012 2.5697 2.57843 2.58767 2.59673 2.60581 2.61465 2.62393 2.63309 2.64217 2.65123 2.66013 2.6694 2.67863 2.68773 2.69692 2.7061 2.7152 2.72449 2.73373 2.74297 2.75227 2.76158 2.77103 2.78039 2.78985 2.79926 2.80874 2.81834 2.82791 2.83753 2.84709 2.85674 2.86653 2.87621 2.88594 2.89572 2.90551 2.91561 2.9251 2.93459 2.94483 2.95467 
1.5 1.5 1.5 1.5 1.5 1.5 1.5 1.5 1.5 1.5 1.5 1.1083 1.1667 1.225 1.2833 1.3417 1.4 1.4583 1.5167 1.575 1.6333 1.6917 1.75 1.8083 1.8667 2.4466 2.45652 2.46594 2.47543 2.48492 2.49445 2.50414 2.51374 2.52331 2.53281 2.5421 2.55126 2.56048 2.56958 2.57846 2.58765 2.59667 2.60565 2.61451 2.62324 2.63233 2.64131 2.65026 2.65913 2.66782 2.67701 2.68609 2.69506 2.70407 2.71314 2.72214 2.73131 2.74001 2.74959 2.75881 2.76804 2.77743 2.78675 2.79614 2.80558 2.81503 2.8246 2.83385 2.84379 2.85342 2.86309 2.87292 2.88269 2.89241 2.90225 2.91202 2.92229 2.93206 2.94136 2.95145 2.9617 
1.5 1.5 1.5 1.5 1.5 1.5 1.5 1.5 1.5 1.5 1.5 1.1083 1.1667 1.225 1.2833 1.3417 1.4 1.4583 1.5167 1.575 1.6333 1.6917 1.75 1.8083 1.8667 2.46007 2.46981 2.47934 2.48862 2.49794 2.50736 2.51693 2.52625 2.53594 2.54537 2.55453 2.56352 2.57256 2.58148 2.59014 2.59921 2.60805 2.61679 2.62553 2.63393 2.64295 2.65174 2.66046 2.66915 2.67758 2.68666 2.69504 2.70436 2.71322 2.72214 2.731 2.73952 2.74907 2.75809 2.76719 2.77633 2.78514 2.79488 2.80422 2.81357 2.82296 2.83248 2.84202 2.85158 2.86113 2.87078 2.88062 2.89042 2.90014 2.90988 2.91956 2.92982 2.93996 2.94925 2.95883 2.9692 
1.5 1.5 1.5 1.5 1.5 1.5 1.5 1.5 1.5 1.5 1.5 1.1083 1.1667 1.225 1.2833 1.3417 1.4 1.4583 1.5167 1.575 1.6333 1.6917 1.75 1.8083 1.8667 2.47738 2.4867 2.49694 2.50586 2.51538 2.52471 2.53408 2.54348 2.55264 2.56209 2.57105 2.57981 2.58868 2.59725 2.60559 2.61444 2.62298 2.6315 2.6399 2.64789 2.65674 2.66522 2.67311 2.68211 2.69011 2.69905 2.70767 2.71564 2.72492 2.73358 2.74226 2.7511 2.75937 2.76878 2.77767 2.78665 2.79576 2.80488 2.81406 2.82327 2.83251 2.84186 2.85133 2.86075 2.87021 2.87975 2.88947 2.89928 2.90898 2.91822 2.92828 2.93825 2.94879 2.95825 2.96756 2.97748 
1.5 1.5 1.5 1.5 1.5 1.5 1.5 1.5 1.5 1.5 1.5 1.1083 1.1667 1.225 1.2833 1.3417 1.4 1.4583 1.5167 1.575 1.6333 1.6917 1.75 1.8083 1.8667 2.4969 2.50563 2.51692 2.52615 2.53604 2.54515 2.55452 2.56388 2.57319 2.58257 2.59132 2.59985 2.60842 2.61689 2.62593 2.63353 2.64171 2.64993 2.65802 2.66556 2.67413 2.6822 2.69032 2.69833 2.70562 2.71452 2.72271 2.73097 2.73853 2.74687 2.75596 2.76447 2.77302 2.78157 2.79021 2.79892 2.80771 2.81655 2.82498 2.83458 2.84363 2.85274 2.862 2.87074 2.88062 2.88999 2.89954 2.90926 2.91905 2.92871 2.93823 2.94774 2.9584 2.96845 2.97731 2.9867 
1.5 1.5 1.5 1.5 1.5 1.5 1.5 1.5 1.5 1.5 1.5 1.1083 1.1667 1.225 1.2833 1.3417 1.4 1.4583 1.5167 1.575 1.6333 1.6917 1.75 1.8083 1.8667 2.51512 2.52281 2.53434 2.54527 2.55604 2.56504 2.57469 2.58431 2.59406 2.6037 2.6122 2.62111 2.6296 2.63795 2.64631 2.65428 2.66269 2.67027 2.67873 2.68593 2.69454 2.70242 2.7103 2.71806 2.72524 2.73373 2.74162 2.74957 2.75756 2.76557 2.77357 2.78173 2.78993 2.79809 2.80635 2.81468 2.82306 2.83151 2.8401 2.84873 2.85744 2.86619 2.87508 2.88406 2.89304 2.90208 2.91132 2.92079 2.93043 2.93993 2.94929 2.95829 2.96871 2.97919 2.98769 2.99634 
1.5 1.5 1.5 1.5 1.5 1.5 1.5 1.5 1.5 1.5 1.5 1.1083 1.1667 1.225 1.2833 1.3417 1.4 1.4583 1.5167 1.575 1.6333 1.6917 1.75 1.8083 1.8667 2.53729 2.55359 2.56432 2.57194 2.58016 2.58998 2.60006 2.61026 2.61989 2.63032 2.63883 2.64793 2.65672 2.66518 2.67444 2.68162 2.68956 2.69745 2.70509 2.71206 2.72025 2.72771 2.73517 2.7425 2.74898 2.75717 2.76447 2.77179 2.77921 2.78665 2.79408 2.80172 2.80931 2.81694 2.82468 2.83251 2.84042 2.84833 2.85644 2.86462 2.87292 2.88125 2.88966 2.89826 2.90686 2.91553 2.92446 2.93361 2.94309 2.95247 2.96172 2.9702 2.97991 2.9907 2.99916 3.0074 
1.5 1.5 1.5 1.5 1.5 1.5 1.5 1.5 1.5 1.5 1.5 1.1083 1.1667 1.225 1.2833 1.3417 1.4 1.4583 1.5167 1.575 1.6333 1.6917 1.75 1.8083 1.8667 2.55968 2.55854 2.58609 2.60898 2.62448 2.63259 2.63908 2.64588 2.65244 2.66221 2.67101 2.68052 2.69006 2.69867 2.70761 2.714 2.72127 2.72869 2.73585 2.74221 2.7499 2.75688 2.76387 2.77058 2.77628 2.78406 2.79072 2.79745 2.80414 2.81083 2.81757 2.8245 2.83148 2.83841 2.84548 2.85265 2.85988 2.86719 2.87468 2.88226 2.89001 2.89786 2.90577 2.91388 2.92206 2.93034 2.93895 2.94767 2.9568 2.96612 2.97539 2.98388 2.99256 3.00306 3.01207 3.01984 
1.5 1.5 1.5 1.5 1.5 1.5 1.5 1.5 1.5 1.5 1.5 1.1083 1.1667 1.225 1.2833 1.3417 1.4 1.4583 1.5167 1.575 1.6333 1.6917 1.75 1.8083 1.8667 2.56124 2.55915 2.57115 2.59781 2.614 2.6364 2.65506 2.67137 2.68726 2.69869 2.70538 2.71202 2.71978 2.73048 2.74157 2.74963 2.75799 2.76565 2.77258 2.77784 2.78555 2.7917 2.79787 2.80417 2.80914 2.81625 2.82215 2.8279 2.83373 2.83946 2.84525 2.85123 2.85725 2.86333 2.86951 2.87577 2.88215 2.8886 2.89528 2.90206 2.9091 2.91635 2.92365 2.9312 2.93883 2.9466 2.95479 2.96299 2.97158 2.98064 2.98973 2.99809 3.00639 3.01671 3.02594 3.03298 
1.5 1.5 1.5 1.5 1.5 1.5 1.5 1.5 1.5 1.5 1.5 1.1083 1.1667 1.225 1.2833 1.3417 1.4 1.4583 1.5167 1.575 1.6333 1.6917 1.75 1.8083 1.8667 2.5515 2.54354 2.56075 2.58936 2.60987 2.62514 2.64646 2.66764 2.68345 2.70051 2.71983 2.74183 2.76147 2.77092 2.77734 2.78173 2.79204 2.80202 2.81053 2.81854 2.82553 2.83185 2.83746 2.84245 2.84588 2.85252 2.85777 2.86277 2.86754 2.87213 2.87672 2.88155 2.88642 2.89137 2.89653 2.90178 2.90717 2.91258 2.91821 2.92406 2.93015 2.93653 2.94299 2.94976 2.95679 2.96397 2.97179 2.9796 2.98777 2.99636 3.00505 3.01314 3.02081 3.03058 3.04034 3.0466 
1.5 1.5 1.5 1.5 1.5 1.5 1.5 1.5 1.5 1.5 1.5 1.1083 1.1667 1.225 1.2833 1.3417 1.4 1.4583 1.5167 1.575 1.6333 1.6917 1.75 1.8083 1.8667 2.54644 2.54287 2.55887 2.57881 2.60751 2.62088 2.64074 2.66905 2.68529 2.70065 2.71966 2.74007 2.76063 2.78447 2.81216 2.82904 2.83575 2.83833 2.84406 2.85472 2.86265 2.8703 2.87706 2.88304 2.8862 2.89146 2.8954 2.89943 2.90329 2.90702 2.91056 2.91427 2.91792 2.9216 2.92547 2.9295 2.93383 2.93813 2.94262 2.94746 2.95268 2.958 2.96357 2.96947 2.97576 2.98224 2.98959 2.99686 3.00438 3.01264 3.02115 3.0289 3.03592 3.04495 3.05526 3.06107 
1.5 1.5 1.5 1.5 1.5 1.5 1.5 1.5 1.5 1.5 1.5 1.1083 1.1667 1.225 1.2833 1.3417 1.4 1.4583 1.5167 1.575 1.6333 1.6917 1.75 1.8083 1.8667 2.55146 2.59117 2.56334 2.58865 2.60606 2.62254 2.64771 2.66881 2.69225 2.70883 2.72577 2.74416 2.76431 2.78802 2.8076 2.83114 2.85629 2.88039 2.89507 2.89712 2.89573 2.90375 2.91241 2.91972 2.92539 2.93009 2.93419 2.93784 2.94028 2.94231 2.94526 2.94761 2.95037 2.95308 2.95594 2.95883 2.96208 2.96515 2.96853 2.97209 2.9763 2.98069 2.98549 2.99028 2.99577 3.0015 3.00834 3.01492 3.02146 3.02916 3.03771 3.04529 3.0492 3.05897 3.07017 3.07635 
1.5 1.5 1.5 1.5 1.5 1.5 1.5 1.5 1.5 1.5 1.5 1.1083 1.1667 1.225 1.2833 1.3417 1.4 1.4583 1.5167 1.575 1.6333 1.6917 1.75 1.8083 1.8667 2.56193 2.64065 2.56353 2.60666 2.62579 2.64151 2.66254 2.67806 2.69808 2.7109 2.73597 2.75342 2.76965 2.79188 2.81501 2.83038 2.86188 2.88321 2.90133 2.93648 2.95046 2.94829 2.94506 2.95224 2.96027 2.96586 2.97021 2.97453 2.97752 2.97873 2.98062 2.98112 2.98241 2.9842 2.9859 2.98775 2.98998 2.99215 2.99327 2.99668 2.99967 3.00281 3.00639 3.01043 3.01523 3.02016 3.02678 3.03325 3.0391 3.04493 3.05286 3.06071 3.06714 3.07419 3.08417 3.09186 
1.5 1.5 1.5 1.5 1.5 1.5 1.5 1.5 1.5 1.5 1.5 1.1083 1.1667 1.225 1.2833 1.3417 1.4 1.4583 1.5167 1.575 1.6333 1.6917 1.75 1.8083 1.8667 2.55336 2.63115 2.54494 2.58075 2.61053 2.62952 2.65311 2.67532 2.71016 2.7155 2.73002 2.7496 2.76563 2.78339 2.81326 2.83004 2.85678 2.88109 2.90785 2.93172 2.9442 2.97605 2.99924 2.99108 2.98799 2.99438 3.0008 3.0056 3.00968 3.01247 3.01656 3.01524 3.01529 3.01471 3.01495 3.0159 3.01714 3.01823 3.01966 3.02114 3.02275 3.02478 3.02748 3.03056 3.0344 3.03831 3.04387 3.05008 3.05636 3.06002 3.06908 3.07659 3.08263 3.08914 3.09823 3.10622 
1.5 1.5 1.5 1.5 1.5 1.5 1.5 1.5 1.5 1.5 1.5 1.1083 1.1667 1.225 1.2833 1.3417 1.4 1.4583 1.5167 1.575 1.6333 1.6917 1.75 1.8083 1.8667 2.53857 2.58006 2.55633 2.57592 2.60043 2.61735 2.63939 2.65852 2.68405 2.71064 2.72974 2.75784 2.77135 2.78735 2.80587 2.82442 2.85783 2.88416 2.90301 2.92677 2.95516 2.97692 2.99874 3.0337 3.04373 3.0256 3.0308 3.03068 3.03605 3.03984 3.04545 3.04318 3.04333 3.04436 3.04251 3.04095 3.04073 3.04132 3.04218 3.04231 3.04401 3.0445 3.04646 3.0484 3.05144 3.05636 3.06142 3.06704 3.07084 3.07883 3.08328 3.09123 3.09722 3.10447 3.11441 3.12248 
1.5 1.5 1.5 1.5 1.5 1.5 1.5 1.5 1.5 1.5 1.5 1.1083 1.1667 1.225 1.2833 1.3417 1.4 1.4583 1.5167 1.575 1.6333 1.6917 1.75 1.8083 1.8667 2.53872 2.57258 2.557 2.57034 2.5973 2.61424 2.63922 2.66566 2.69354 2.70655 2.72295 2.73328 2.76184 2.79614 2.81173 2.83843 2.8602 2.87908 2.9043 2.92661 2.9482 2.97566 3.01336 3.01798 3.06552 3.0911 3.05153 3.05362 3.05973 3.06456 3.06711 3.06806 3.06729 3.06607 3.06314 3.05973 3.05875 3.05869 3.05849 3.0582 3.05955 3.06047 3.06207 3.06407 3.06674 3.06997 3.07464 3.08012 3.08541 3.09146 3.09729 3.1043 3.11158 3.11633 3.12557 3.13338 
1.5 1.5 1.5 1.5 1.5 1.5 1.5 1.5 1.5 1.5 1.5 1.1083 1.1667 1.225 1.2833 1.3417 1.4 1.4583 1.5167 1.575 1.6333 1.6917 1.75 1.8083 1.8667 2.53754 2.57963 2.54846 2.56074 2.58723 2.61387 2.64051 2.6656 2.68946 2.69968 2.72739 2.73841 2.74978 2.78277 2.80371 2.83992 2.86312 2.88263 2.90095 2.92396 2.93804 2.96068 2.98678 3.03176 3.02693 3.09283 3.09527 3.05193 3.0599 3.07078 3.07535 3.07832 3.07681 3.07792 3.078 3.07464 3.07257 3.07286 3.07319 3.07323 3.07395 3.07491 3.07658 3.07856 3.08087 3.08397 3.08846 3.09199 3.09779 3.10301 3.10877 3.1164 3.12341 3.12894 3.1398 3.14727 
1.5 1.5 1.5 1.5 1.5 1.5 1.5 1.5 1.5 1.5 1.5 1.1083 1.1667 1.225 1.2833 1.3417 1.4 1.4583 1.5167 1.575 1.6333 1.6917 1.75 1.8083 1.8667 2.55692 2.6307 2.55639 2.59294 2.62144 2.6389 2.65477 2.6616 2.68292 2.69922 2.72531 2.74718 2.77514 2.78986 2.79299 2.8286 2.85899 2.86969 2.89366 2.9178 2.93606 2.96228 2.97603 3.01304 3.03838 3.04049 3.11972 3.05014 3.05928 3.06659 3.07228 3.07708 3.07985 3.08214 3.08239 3.08181 3.08205 3.07941 3.08033 3.08128 3.08242 3.08352 3.08534 3.08753 3.09035 3.09361 3.09631 3.10382 3.10895 3.11493 3.12099 3.12703 3.13575 3.1412 3.14885 3.15564 
1.5 1.5 1.5 1.5 1.5 1.5 1.5 1.5 1.5 1.5 1.5 1.1083 1.1667 1.225 1.2833 1.3417 1.4 1.4583 1.5167 1.575 1.6333 1.6917 1.75 1.8083 1.8667 2.56548 2.61509 2.56242 2.60451 2.63044 2.64898 2.6688 2.67976 2.70361 2.71818 2.73499 2.74801 2.78045 2.79314 2.80013 2.81545 2.85343 2.86295 2.87983 2.89981 2.93009 2.94624 2.98013 3.01357 3.03769 3.03635 3.11788 3.04793 3.05816 3.06676 3.07415 3.079 3.08296 3.08504 3.08579 3.08554 3.08604 3.08383 3.08535 3.08684 3.08786 3.08984 3.09188 3.09411 3.09683 3.10021 3.1049 3.11042 3.1163 3.1225 3.12844 3.13452 3.14342 3.14939 3.1564 3.16328 
1.5 1.5 1.5 1.5 1.5 1.5 1.5 1.5 1.5 1.5 1.5 1.1083 1.1667 1.225 1.2833 1.3417 1.4 1.4583 1.5167 1.575 1.6333 1.6917 1.75 1.8083 1.8667 2.5673 2.57522 2.58019 2.60252 2.63099 2.65247 2.6731 2.69102 2.71217 2.72724 2.75518 2.76416 2.78314 2.80066 2.79943 2.8218 2.8406 2.85718 2.8773 2.89387 2.91722 2.94524 2.95612 2.99116 3.06741 3.06297 3.08453 3.04461 3.05567 3.06495 3.07297 3.0792 3.0835 3.08709 3.08862 3.08733 3.0871 3.08634 3.08861 3.09026 3.09201 3.0939 3.09615 3.09849 3.10121 3.10442 3.10897 3.11445 3.11926 3.12734 3.13327 3.1399 3.1484 3.15465 3.16207 3.16976 
1.5 1.5 1.5 1.5 1.5 1.5 1.5 1.5 1.5 1.5 1.5 1.1083 1.1667 1.225 1.2833 1.3417 1.4 1.4583 1.5167 1.575 1.6333 1.6917 1.75 1.8083 1.8667 2.57023 2.57094 2.5917 2.60646 2.64226 2.65688 2.66921 2.69443 2.71317 2.73783 2.75399 2.76858 2.79503 2.80549 2.81061 2.82132 2.8262 2.84934 2.87525 2.90168 2.92396 2.9434 2.96115 2.9461 3.07324 3.1194 3.04699 3.04362 3.05498 3.06429 3.07213 3.08141 3.08294 3.09021 3.09016 3.08869 3.08628 3.08735 3.0894 3.0914 3.0931 3.09487 3.09743 3.09978 3.10283 3.10609 3.11082 3.11637 3.12279 3.1296 3.13557 3.14203 3.15065 3.15714 3.16434 3.17238 
1.5 1.5 1.5 1.5 1.5 1.5 1.5 1.5 1.5 1.5 1.5 1.1083 1.1667 1.225 1.2833 1.3417 1.4 1.4583 1.5167 1.575 1.6333 1.6917 1.75 1.8083 1.8667 2.56663 2.57611 2.57923 2.60163 2.63097 2.65215 2.67241 2.69039 2.71157 2.72696 2.75473 2.76357 2.78323 2.79976 2.799 2.82086 2.83959 2.85692 2.87677 2.8928 2.9175 2.94479 2.95677 2.99274 3.07615 3.06228 3.083 3.04567 3.05679 3.06611 3.07429 3.0805 3.08478 3.08841 3.09003 3.08869 3.08844 3.08787 3.08994 3.0919 3.09359 3.09547 3.0979 3.10032 3.10306 3.10646 3.11118 3.1167 3.1232 3.13002 3.13567 3.14236 3.15004 3.15675 3.16362 3.1718 
1.5 1.5 1.5 1.5 1.5 1.5 1.5 1.5 1.5 1.5 1.5 1.1083 1.1667 1.225 1.2833 1.3417 1.4 1.4583 1.5167 1.575 1.6333 1.6917 1.75 1.8083 1.8667 2.56529 2.61732 2.56208 2.60362 2.62811 2.64692 2.66745 2.67894 2.70251 2.71718 2.73356 2.74667 2.77923 2.79137 2.79837 2.8147 2.85221 2.86176 2.87976 2.8996 2.93011 2.94922 2.98315 3.01314 3.04408 3.0373 3.11521 3.04891 3.05957 3.06821 3.07579 3.08069 3.08445 3.08679 3.08779 3.08756 3.08806 3.08622 3.08805 3.08986 3.0914 3.09304 3.09512 3.09759 3.10031 3.10386 3.10887 3.11454 3.12096 3.12714 3.13242 3.13895 3.14809 3.15404 3.16041 3.16904 
1.5 1.5 1.5 1.5 1.5 1.5 1.5 1.5 1.5 1.5 1.5 1.1083 1.1667 1.225 1.2833 1.3417 1.4 1.4583 1.5167 1.575 1.6333 1.6917 1.75 1.8083 1.8667 2.55624 2.6295 2.55473 2.59173 2.62172 2.63745 2.65203 2.65814 2.68126 2.69846 2.72403 2.74567 2.77405 2.78857 2.79204 2.82917 2.85828 2.86907 2.8948 2.91785 2.93612 2.96116 2.97973 3.01605 3.04353 3.03982 3.11927 3.05167 3.06089 3.06817 3.07414 3.07892 3.08187 3.08415 3.08476 3.08433 3.08469 3.08254 3.08387 3.0851 3.08648 3.08783 3.08973 3.09224 3.09512 3.09869 3.10383 3.10957 3.11526 3.12103 3.12686 3.13327 3.14217 3.14761 3.15477 3.16402 
1.5 1.5 1.5 1.5 1.5 1.5 1.5 1.5 1.5 1.5 1.5 1.1083 1.1667 1.225 1.2833 1.3417 1.4 1.4583 1.5167 1.575 1.6333 1.6917 1.75 1.8083 1.8667 2.54073 2.5804 2.54699 2.5601 2.5862 2.61354 2.64121 2.66717 2.68619 2.6977 2.7274 2.73917 2.75162 2.78368 2.80166 2.84078 2.86312 2.8807 2.89904 2.92213 2.9373 2.95674 2.99238 3.03149 3.02181 3.08114 3.08412 3.05048 3.05884 3.06535 3.07072 3.07463 3.07727 3.07851 3.07786 3.07815 3.07654 3.07544 3.0765 3.07746 3.07855 3.07998 3.08178 3.08411 3.08676 3.09008 3.09491 3.10033 3.10632 3.11251 3.11808 3.12493 3.13296 3.13729 3.14652 3.15556 
1.5 1.5 1.5 1.5 1.5 1.5 1.5 1.5 1.5 1.5 1.5 1.1083 1.1667 1.225 1.2833 1.3417 1.4 1.4583 1.5167 1.575 1.6333 1.6917 1.75 1.8083 1.8667 2.54325 2.57186 2.55997 2.56948 2.60019 2.61357 2.63837 2.66581 2.69559 2.70175 2.72074 2.7294 2.763 2.79576 2.8079 2.83688 2.8601 2.87638 2.89948 2.92213 2.94155 2.97001 3.00548 3.00737 3.05675 3.07551 3.04225 3.04449 3.05179 3.05732 3.06158 3.06437 3.06614 3.06602 3.06624 3.06485 3.06327 3.06364 3.06464 3.06556 3.06681 3.06839 3.06896 3.07261 3.0741 3.07896 3.08397 3.08955 3.09572 3.10179 3.10767 3.11497 3.1224 3.12724 3.13671 3.14569 
1.5 1.5 1.5 1.5 1.5 1.5 1.5 1.5 1.5 1.5 1.5 1.1083 1.1667 1.225 1.2833 1.3417 1.4 1.4583 1.5167 1.575 1.6333 1.6917 1.75 1.8083 1.8667 2.54231 2.57699 2.55434 2.5739 2.60203 2.61614 2.6383 2.65773 2.69014 2.70417 2.72791 2.75479 2.76614 2.79351 2.80548 2.82517 2.85995 2.88203 2.9024 2.92671 2.9552 2.98161 2.99293 3.03502 3.04569 3.02086 3.02742 3.03221 3.03781 3.04196 3.04505 3.04589 3.04929 3.04766 3.0464 3.04565 3.04614 3.04679 3.048 3.04915 3.0507 3.05253 3.05455 3.05741 3.06066 3.0647 3.06988 3.07565 3.08199 3.08828 3.09445 3.10188 3.10898 3.11439 3.1239 3.13278 
1.5 1.5 1.5 1.5 1.5 1.5 1.5 1.5 1.5 1.5 1.5 1.1083 1.1667 1.225 1.2833 1.3417 1.4 1.4583 1.5167 1.575 1.6333 1.6917 1.75 1.8083 1.8667 2.55281 2.62983 2.54336 2.57987 2.61 2.62902 2.65246 2.67575 2.71127 2.71301 2.73163 2.75105 2.76239 2.79282 2.81532 2.83172 2.85956 2.8841 2.91099 2.9362 2.95025 2.98023 3.00453 3.00341 2.99283 2.99917 3.00575 3.01087 3.01513 3.0181 3.01964 3.02096 3.02132 3.02014 3.0211 3.02243 3.0238 3.02516 3.02703 3.02789 3.03091 3.03346 3.03629 3.0398 3.0436 3.048 3.05245 3.0604 3.06724 3.0734 3.07977 3.08768 3.09485 3.10116 3.11103 3.11927 
1.5 1.5 1.5 1.5 1.5 1.5 1.5 1.5 1.5 1.5 1.5 1.1083 1.1667 1.225 1.2833 1.3417 1.4 1.4583 1.5167 1.575 1.6333 1.6917 1.75 1.8083 1.8667 2.5629 2.63959 2.56436 2.60707 2.62677 2.64339 2.66502 2.68006 2.699 2.71232 2.738 2.75268 2.76957 2.79808 2.8169 2.83232 2.86441 2.88512 2.90489 2.93618 2.95436 2.95282 2.9495 2.95666 2.96501 2.9712 2.97567 2.98315 2.98348 2.98603 2.98736 2.98812 2.98962 2.9916 2.99342 2.99576 2.99802 3.0003 3.00304 3.00553 3.00875 3.01219 3.01591 3.02025 3.02512 3.03041 3.03707 3.04392 3.05014 3.05595 3.06393 3.07228 3.07962 3.0864 3.09679 3.10458 
1.5 1.5 1.5 1.5 1.5 1.5 1.5 1.5 1.5 1.5 1.5 1.1083 1.1667 1.225 1.2833 1.3417 1.4 1.4583 1.5167 1.575 1.6333 1.6917 1.75 1.8083 1.8667 2.55246 2.5933 2.56547 2.59049 2.6075 2.62419 2.64857 2.66982 2.69396 2.71035 2.7264 2.74476 2.77027 2.79195 2.80993 2.83376 2.85992 2.88537 2.90023 2.90257 2.90104 2.90947 2.91847 2.9257 2.93215 2.93715 2.94104 2.9452 2.94766 2.95062 2.95264 2.95556 2.95846 2.9613 2.96401 2.96728 2.97044 2.97313 2.97752 2.98093 2.98531 2.98986 2.9946 2.99981 3.00537 3.0113 3.01824 3.02531 3.03042 3.03961 3.04845 3.05634 3.06338 3.07016 3.08168 3.08834 
1.5 1.5 1.5 1.5 1.5 1.5 1.5 1.5 1.5 1.5 1.5 1.1083 1.1667 1.225 1.2833 1.3417 1.4 1.4583 1.5167 1.575 1.6333 1.6917 1.75 1.8083 1.8667 2.54651 2.54347 2.55944 2.57931 2.60757 2.62093 2.64227 2.67069 2.68687 2.70158 2.72241 2.74456 2.76339 2.78756 2.81584 2.83353 2.84066 2.84327 2.84907 2.8603 2.86826 2.87619 2.88315 2.88925 2.8928 2.89825 2.90231 2.90653 2.91042 2.91432 2.91813 2.92181 2.92546 2.92942 2.93322 2.93759 2.94194 2.94638 2.95116 2.95601 2.96135 2.9668 2.97252 2.97851 2.98497 2.99155 2.999 3.00654 3.01423 3.02248 3.0313 3.03933 3.04686 3.05552 3.06617 3.07218 
1.5 1.5 1.5 1.5 1.5 1.5 1.5 1.5 1.5 1.5 1.5 1.1083 1.1667 1.225 1.2833 1.3417 1.4 1.4583 1.5167 1.575 1.6333 1.6917 1.75 1.8083 1.8667 2.55244 2.54456 2.5622 2.59108 2.61133 2.62741 2.64838 2.66951 2.68595 2.70438 2.72313 2.74504 2.76486 2.77475 2.78142 2.78589 2.79648 2.80663 2.81554 2.82379 2.83097 2.83896 2.84338 2.84839 2.85218 2.85901 2.86436 2.86953 2.8743 2.87905 2.88387 2.88856 2.89353 2.89866 2.90381 2.90928 2.91476 2.92028 2.92601 2.93184 2.93811 2.94451 2.95113 2.95799 2.96519 2.97245 2.98034 2.98837 2.9965 3.00523 3.01429 3.02256 3.03051 3.04003 3.05006 3.05615 
1.5 1.5 1.5 1.5 1.5 1.5 1.5 1.5 1.5 1.5 1.5 1.1083 1.1667 1.225 1.2833 1.3417 1.4 1.4583 1.5167 1.575 1.6333 1.6917 1.75 1.8083 1.8667 2.56327 2.56145 2.5738 2.59945 2.61599 2.63873 2.65864 2.67546 2.69099 2.70214 2.70897 2.71579 2.72377 2.7346 2.74604 2.75424 2.76286 2.77066 2.77776 2.78344 2.79107 2.79743 2.80375 2.81019 2.81518 2.82249 2.82849 2.8337 2.84015 2.84605 2.85204 2.85802 2.8641 2.87028 2.8764 2.8828 2.88925 2.89572 2.90238 2.90927 2.91634 2.92359 2.93033 2.93855 2.94633 2.95411 2.96235 2.97064 2.97922 2.98846 2.99772 3.00618 3.01463 3.02479 3.03423 3.04095 
1.5 1.5 1.5 1.5 1.5 1.5 1.5 1.5 1.5 1.5 1.5 1.1083 1.1667 1.225 1.2833 1.3417 1.4 1.4583 1.5167 1.575 1.6333 1.6917 1.75 1.8083 1.8667 2.56293 2.56101 2.58988 2.61228 2.62847 2.63684 2.64341 2.65002 2.65652 2.66643 2.67533 2.68507 2.69474 2.70334 2.71253 2.71906 2.7265 2.73397 2.74132 2.74775 2.75565 2.76274 2.76976 2.77612 2.78237 2.79026 2.79701 2.80385 2.81053 2.8173 2.82422 2.83113 2.83804 2.8451 2.85219 2.85935 2.8666 2.87383 2.88129 2.88891 2.89664 2.90447 2.91238 2.92047 2.92867 2.9369 2.94549 2.95419 2.96333 2.97275 2.98201 2.99054 2.99906 3.00961 3.01844 3.02621 
1.5 1.5 1.5 1.5 1.5 1.5 1.5 1.5 1.5 1.5 1.5 1.1083 1.1667 1.225 1.2833 1.3417 1.4 1.4583 1.5167 1.575 1.6333 1.6917 1.75 1.8083 1.8667 2.54194 2.5583 2.57024 2.57683 2.58487 2.59483 2.60502 2.61519 2.62485 2.63526 2.64395 2.65322 2.66196 2.67047 2.67902 2.68723 2.69534 2.70328 2.71109 2.71808 2.72646 2.73402 2.74151 2.749 2.75545 2.76371 2.77101 2.77838 2.78574 2.79319 2.80066 2.80815 2.81567 2.82331 2.83097 2.8387 2.84578 2.85436 2.86236 2.87052 2.87872 2.88698 2.89532 2.90383 2.91236 2.92094 2.92986 2.93894 2.94837 2.95775 2.96686 2.97536 2.98478 2.99563 3.00372 3.01218 
1.5 1.5 1.5 1.5 1.5 1.5 1.5 1.5 1.5 1.5 1.5 1.1083 1.1667 1.225 1.2833 1.3417 1.4 1.4583 1.5167 1.575 1.6333 1.6917 1.75 1.8083 1.8667 2.52115 2.5287 2.54059 2.55142 2.56151 2.57157 2.58134 2.59104 2.6006 2.61084 2.61939 2.62839 2.63718 2.64571 2.65404 2.66233 2.67054 2.67864 2.68666 2.69387 2.70243 2.71024 2.71806 2.72586 2.73277 2.74127 2.74898 2.75684 2.76462 2.77252 2.78039 2.78833 2.79632 2.80439 2.81252 2.82067 2.82892 2.83719 2.8456 2.85412 2.86266 2.87126 2.87996 2.88879 2.89763 2.90653 2.91566 2.92503 2.93456 2.94398 2.95322 2.96217 2.97227 2.98271 2.99089 2.99989 
1.5 1.5 1.5 1.5 1.5 1.5 1.5 1.5 1.5 1.5 1.5 1.1083 1.1667 1.225 1.2833 1.3417 1.4 1.4583 1.5167 1.575 1.6333 1.6917 1.75 1.8083 1.8667 2.5038 2.51238 2.52316 2.53291 2.54259 2.55218 2.56163 2.57098 2.58028 2.59017 2.59858 2.60725 2.61585 2.62435 2.63348 2.64113 2.64941 2.65759 2.66577 2.67326 2.68196 2.69001 2.69808 2.70619 2.71353 2.72226 2.73034 2.73861 2.74672 2.75433 2.76324 2.77156 2.77992 2.78833 2.79679 2.80529 2.81387 2.82247 2.8312 2.84001 2.84882 2.85769 2.86667 2.87571 2.88477 2.89389 2.90323 2.91276 2.92231 2.93177 2.94111 2.95044 2.96085 2.97072 2.97927 2.98873 
1.5 1.5 1.5 1.5 1.5 1.5 1.5 1.5 1.5 1.5 1.5 1.1083 1.1667 1.225 1.2833 1.3417 1.4 1.4583 1.5167 1.575 1.6333 1.6917 1.75 1.8083 1.8667 2.48571 2.4949 2.50514 2.51441 2.52397 2.53321 2.54261 2.55189 2.56118 2.57102 2.57963 2.58846 2.5972 2.60584 2.61501 2.62299 2.6315 2.63993 2.64835 2.65621 2.66512 2.67346 2.68185 2.6903 2.69804 2.70697 2.71539 2.72331 2.73237 2.74095 2.74944 2.75802 2.76664 2.7753 2.784 2.79274 2.80155 2.81042 2.81934 2.8283 2.83728 2.84632 2.85544 2.86463 2.87383 2.8831 2.89258 2.90219 2.9117 2.92117 2.9306 2.9403 2.95064 2.96002 2.96902 2.97884 
1.5 1.5 1.5 1.5 1.5 1.5 1.5 1.5 1.5 1.5 1.5 1.1083 1.1667 1.225 1.2833 1.3417 1.4 1.4583 1.5167 1.575 1.6333 1.6917 1.75 1.8083 1.8667 2.46899 2.47864 2.48819 2.49742 2.5067 2.51642 2.52602 2.53551 2.54497 2.55483 2.56371 2.57272 2.58168 2.59058 2.59993 2.60826 2.61702 2.62573 2.63442 2.64265 2.65172 2.66034 2.66898 2.67761 2.68578 2.69486 2.70353 2.71228 2.72094 2.72971 2.7384 2.74717 2.75597 2.7648 2.77366 2.78257 2.79158 2.80054 2.80958 2.81865 2.82774 2.83691 2.84614 2.8554 2.8647 2.87406 2.88363 2.89324 2.90272 2.91225 2.92179 2.93177 2.94183 2.95093 2.9603 2.9704 
1.5 1.5 1.5 1.5 1.5 1.5 1.5 1.5 1.5 1.5 1.5 1.1083 1.1667 1.225 1.2833 1.3417 1.4 1.4583 1.5167 1.575 1.6333 1.6917 1.75 1.8083 1.8667 2.45603 2.4658 2.47523 2.48466 2.49442 2.50387 2.51351 2.52304 2.53257 2.542 2.55144 2.56057 2.56966 2.57871 2.58814 2.59666 2.60557 2.61445 2.6233 2.63179 2.64096 2.64975 2.65856 2.66736 2.67576 2.68495 2.69379 2.70267 2.71149 2.72039 2.72924 2.73816 2.7471 2.75606 2.76507 2.77412 2.78322 2.79234 2.80148 2.81066 2.81988 2.82917 2.83851 2.84786 2.85726 2.86671 2.87633 2.88592 2.89545 2.9051 2.91478 2.92482 2.9345 2.94365 2.95349 2.96342 
1.5 1.5 1.5 1.5 1.5 1.5 1.5 1.5 1.5 1.5 1.5 1.1083 1.1667 1.225 1.2833 1.3417 1.4 1.4583 1.5167 1.575 1.6333 1.6917 1.75 1.8083 1.8667 2.44581 2.45572 2.46509 2.47462 2.48438 2.4939 2.50356 2.51313 2.5227 2.53255 2.54165 2.55088 2.56006 2.5692 2.57862 2.58736 2.59639 2.60539 2.61437 2.62302 2.63228 2.64122 2.65016 2.65911 2.66773 2.67701 2.68599 2.695 2.70397 2.71304 2.72201 2.73106 2.74014 2.74924 2.75837 2.76755 2.77676 2.78598 2.79522 2.8045 2.81383 2.8232 2.8326 2.84201 2.85148 2.86097 2.87059 2.88016 2.88975 2.89945 2.90917 2.91908 2.92855 2.93785 2.94801 2.9575 
1.5 1.5 1.5 1.5 1.5 1.5 1.5 1.5 1.5 1.5 1.5 1.1083 1.1667 1.225 1.2833 1.3417 1.4 1.4583 1.5167 1.575 1.6333 1.6917 1.75 1.8083 1.8667 2.43725 2.44708 2.45649 2.46612 2.47569 2.4855 2.49518 2.5048 2.51443 2.52427 2.53351 2.54283 2.55211 2.56137 2.57084 2.57978 2.58893 2.59807 2.60719 2.61602 2.62536 2.63445 2.64352 2.6526 2.66141 2.67078 2.67989 2.68905 2.69812 2.70726 2.71642 2.7256 2.7348 2.74402 2.75327 2.76255 2.77185 2.78116 2.79049 2.79985 2.80925 2.81869 2.82813 2.83759 2.84709 2.8566 2.8662 2.87577 2.88541 2.89511 2.90485 2.91457 2.924 2.93349 2.94367 2.95293 
1.5 1.5 1.5 1.5 1.5 1.5 1.5 1.5 1.5 1.5 1.5 1.1083 1.1667 1.225 1.2833 1.3417 1.4 1.4583 1.5167 1.575 1.6333 1.6917 1.75 1.8083 1.8667 2.43053 2.44027 2.44978 2.45951 2.4694 2.47898 2.48868 2.49836 2.50802 2.51787 2.5272 2.53661 2.54598 2.55532 2.56487 2.57392 2.58318 2.59242 2.60165 2.61063 2.62004 2.62923 2.63841 2.64759 2.65655 2.66598 2.67519 2.68441 2.69363 2.70287 2.71214 2.72142 2.73072 2.74003 2.74937 2.75874 2.76812 2.7775 2.78691 2.79634 2.80581 2.81529 2.82478 2.83429 2.84383 2.85336 2.86297 2.87258 2.88227 2.89196 2.9017 2.91131 2.92084 2.9305 2.94054 2.94985 
1.5 1.5 1.5 1.5 1.5 1.5 1.5 1.5 1.5 1.5 1.5 1.1083 1.1667 1.225 1.2833 1.3417 1.4 1.4583 1.5167 1.575 1.6333 1.6917 1.75 1.8083 1.8667 2.42495 2.43466 2.4443 2.4541 2.46396 2.47368 2.48341 2.49315 2.50286 2.51277 2.52216 2.53165 2.54113 2.55057 2.56019 2.56937 2.57874 2.58808 2.5974 2.60652 2.61599 2.62528 2.63455 2.64383 2.6529 2.66239 2.67168 2.68098 2.69028 2.6996 2.70895 2.7183 2.72767 2.73706 2.74647 2.7559 2.76533 2.77479 2.78426 2.79376 2.80329 2.81282 2.82237 2.83193 2.84152 2.85112 2.86076 2.87043 2.88018 2.88988 2.89962 2.90923 2.91892 2.92874 2.93859 2.94817 
1.5 1.5 1.5 1.5 1.5 1.5 1.5 1.5 1.5 1.5 1.5 1.1083 1.1667 1.225 1.2833 1.3417 1.4 1.4583 1.5167 1.575 1.6333 1.6917 1.75 1.8083 1.8667 2.4203 2.43003 2.43984 2.4497 2.45958 2.46936 2.47914 2.48893 2.49868 2.50845 2.51812 2.5277 2.53728 2.54683 2.55651 2.56584 2.5753 2.58475 2.59417 2.60344 2.61297 2.62235 2.63172 2.64108 2.65027 2.65981 2.66917 2.67854 2.68792 2.69731 2.70672 2.71613 2.72557 2.73501 2.74447 2.75395 2.76344 2.77295 2.78248 2.79204 2.80161 2.8112 2.8208 2.83043 2.84008 2.84975 2.85945 2.86919 2.87897 2.88871 2.89848 2.90818 2.91801 2.92793 2.93766 2.9476 
1.5 1.5 1.5 1.5 1.5 1.5 1.5 1.5 1.5 1.5 1.5 1.1083 1.1667 1.225 1.2833 1.3417 1.4 1.4583 1.5167 1.575 1.6333 1.6917 1.75 1.8083 1.8667 2.41637 2.42621 2.43614 2.44605 2.45598 2.46579 2.47562 2.48547 2.49528 2.50521 2.51484 2.52453 2.5342 2.54385 2.55361 2.56306 2.57263 2.58218 2.5917 2.60109 2.6107 2.62017 2.62964 2.6391 2.64841 2.658 2.66745 2.6769 2.68635 2.69582 2.70529 2.71477 2.72426 2.73376 2.74328 2.75281 2.76235 2.77192 2.7815 2.79111 2.80073 2.81037 2.82004 2.82973 2.83943 2.84918 2.85893 2.86874 2.87854 2.88833 2.89815 2.90795 2.91785 2.92782 2.93752 2.94778 
1.5 1.5 1.5 1.5 1.5 1.5 1.5 1.5 1.5 1.5 1.5 1.1083 1.1667 1.225 1.2833 1.3417 1.4 1.4583 1.5167 1.575 1.6333 1.6917 1.75 1.8083 1.8667 2.41294 2.42291 2.43292 2.44286 2.45278 2.46268 2.47257 2.48246 2.49233 2.50229 2.51202 2.52182 2.53159 2.54134 2.55118 2.56077 2.57045 2.58011 2.58976 2.5993 2.60898 2.61858 2.62816 2.63772 2.64718 2.65683 2.66637 2.67592 2.68546 2.69501 2.70456 2.71411 2.72367 2.73323 2.74281 2.7524 2.762 2.77162 2.78126 2.79092 2.80059 2.81029 2.82 2.82975 2.8395 2.8493 2.85911 2.86895 2.87877 2.88861 2.89847 2.90836 2.91828 2.92826 2.93799 2.94837 
1.5 1.5 1.5 1.5 1.5 1.5 1.5 1.5 1.5 1.5 1.5 1.1083 1.1667 1.225 1.2833 1.3417 1.4 1.4583 1.5167 1.575 1.6333 1.6917 1.75 1.8083 1.8667 2.41001 2.4201 2.43014 2.4401 2.45006 2.45999 2.46994 2.47987 2.4898 2.49978 2.50961 2.5195 2.52937 2.53922 2.54904 2.55887 2.56867 2.57845 2.58821 2.59792 2.6077 2.61741 2.62712 2.63681 2.64643 2.65616 2.66582 2.67547 2.68512 2.69476 2.7044 2.71404 2.72368 2.73333 2.74298 2.75264 2.76231 2.77199 2.78169 2.7914 2.80112 2.81086 2.82062 2.8304 2.8402 2.85002 2.85987 2.86972 2.87957 2.88944 2.89932 2.90924 2.91914 2.9291 2.93892 2.9492 
1.5 1.5 1.5 1.5 1.5 1.5 1.5 1.5 1.5 1.5 1.5 1.1083 1.1667 1.225 1.2833 1.3417 1.4 1.4583 1.5167 1.575 1.6333 1.6917 1.75 1.8083 1.8667 2.40762 2.41777 2.42781 2.43779 2.44778 2.45776 2.46774 2.47772 2.48769 2.49762 2.50763 2.5176 2.52755 2.5375 2.54748 2.55735 2.56726 2.57716 2.58705 2.59691 2.60678 2.61663 2.62646 2.63628 2.64606 2.65588 2.66566 2.67544 2.6852 2.69496 2.7047 2.71445 2.72419 2.73392 2.74366 2.7534 2.76315 2.7729 2.78266 2.79242 2.80219 2.81198 2.82177 2.83158 2.8414 2.85123 2.86109 2.87095 2.8808 2.89069 2.90057 2.91048 2.92036 2.93027 2.94015 2.95019 
1.5 1.5 1.5 1.5 1.5 1.5 1.5 1.5 1.5 1.5 1.5 1.1083 1.1667 1.225 1.2833 1.3417 1.4 1.4583 1.5167 1.575 1.6333 1.6917 1.75 1.8083 1.8667 2.40588 2.41603 2.42606 2.43606 2.44607 2.45607 2.46608 2.47609 2.4861 2.49611 2.50612 2.51615 2.52617 2.53618 2.54616 2.5562 2.56621 2.5762 2.58619 2.59619 2.60615 2.61611 2.62607 2.63601 2.64595 2.65587 2.66577 2.67567 2.68556 2.69544 2.7053 2.71516 2.72501 2.73485 2.74468 2.75451 2.76434 2.77417 2.78399 2.79381 2.80364 2.81347 2.82329 2.83313 2.84296 2.8528 2.86266 2.87252 2.88238 2.89226 2.90213 2.91202 2.92188 2.93174 2.94165 2.95143 
1.5 1.5 1.5 1.5 1.5 1.5 1.5 1.5 1.5 1.5 1.5 1.1083 1.1667 1.225 1.2833 1.3417 1.4 1.4583 1.5167 1.575 1.6333 1.6917 1.75 1.8083 1.8667 2.40476 2.41488 2.42489 2.4349 2.44493 2.45494 2.46497 2.475 2.48503 2.49504 2.5051 2.51517 2.52523 2.5353 2.54532 2.55544 2.56552 2.57559 2.58566 2.59576 2.6058 2.61586 2.62591 2.63596 2.64603 2.65604 2.66606 2.67607 2.68607 2.69606 2.70604 2.716 2.72596 2.7359 2.74584 2.75576 2.76568 2.77558 2.78548 2.79537 2.80525 2.81512 2.82499 2.83485 2.84471 2.85456 2.86444 2.87431 2.88418 2.89406 2.90393 2.9138 2.92366 2.93349 2.94339 2.95302 
1.5 1.5 1.5 1.5 1.5 1.5 1.5 1.5 1.5 1.5 1.5 1.1083 1.1667 1.225 1.2833 1.3417 1.4 1.4583 1.5167 1.575 1.6333 1.6917 1.75 1.8083 1.8667 2.40418 2.41424 2.42424 2.43427 2.44417 2.45433 2.46436 2.4744 2.48444 2.49446 2.50456 2.51464 2.52474 2.53484 2.54493 2.55506 2.56518 2.5753 2.58543 2.5956 2.60569 2.61582 2.62595 2.63607 2.64624 2.65631 2.66642 2.67652 2.68661 2.6967 2.70677 2.71683 2.72688 2.73692 2.74695 2.75696 2.76696 2.77694 2.78692 2.79688 2.80683 2.81676 2.82669 2.8366 2.8465 2.85639 2.8663 2.8762 2.88611 2.89601 2.9059 2.91578 2.92567 2.93551 2.9454 2.95502 
1.5 1.5 1.5 1.5 1.5 1.5 1.5 1.5 1.5 1.5 1.5 1.1083 1.1667 1.225 1.2833 1.3417 1.4 1.4583 1.5167 1.575 1.6333 1.6917 1.75 1.8083 1.8667 2.40405 2.41406 2.42407 2.43409 2.44413 2.45415 2.46418 2.47422 2.48427 2.49429 2.50439 2.51448 2.52458 2.53469 2.54478 2.55495 2.56509 2.57524 2.58539 2.5956 2.60572 2.61589 2.62607 2.63624 2.64648 2.6566 2.66677 2.67694 2.6871 2.69726 2.70741 2.71755 2.72768 2.7378 2.7479 2.758 2.76808 2.77814 2.7882 2.79824 2.80826 2.81827 2.82827 2.83825 2.84822 2.85817 2.86814 2.8781 2.88806 2.898 2.90794 2.91787 2.92781 2.9377 2.94761 2.95734 
1.5 1.5 1.5 1.5 1.5 1.5 1.5 1.5 1.5 1.5 1.5 1.1083 1.1667 1.225 1.2833 1.3417 1.4 1.4583 1.5167 1.575 1.6333 1.6917 1.75 1.8083 1.8667 2.4042 2.41419 2.42419 2.43422 2.44425 2.45427 2.4643 2.47433 2.48438 2.49438 2.50449 2.51458 2.52468 2.53479 2.54487 2.55505 2.56519 2.57534 2.58551 2.59573 2.60586 2.61605 2.62625 2.63645 2.64671 2.65686 2.66707 2.67728 2.68749 2.6977 2.7079 2.7181 2.72829 2.73848 2.74865 2.75882 2.76897 2.77912 2.78925 2.79937 2.80948 2.81958 2.82966 2.83973 2.84979 2.85983 2.86987 2.8799 2.88993 2.89994 2.90995 2.91996 2.92996 2.93994 2.94991 2.95981 
1.5 1.5 1.5 1.5 1.5 1.5 1.5 1.5 1.5 1.5 1.5 1.1083 1.1667 1.225 1.2833 1.3417 1.4 1.4583 1.5167 1.575 1.6333 1.6917 1.75 1.8083 1.8667 2.40443 2.41441 2.42442 2.43445 2.44447 2.45448 2.46451 2.47454 2.48458 2.49458 2.50468 2.51476 2.52486 2.53496 2.54504 2.55521 2.56535 2.5755 2.58566 2.59588 2.60602 2.61621 2.62641 2.63662 2.64689 2.65706 2.66728 2.67751 2.68774 2.69798 2.70821 2.71845 2.72868 2.73891 2.74913 2.75935 2.76957 2.77977 2.78997 2.80016 2.81034 2.82051 2.83067 2.84082 2.85096 2.86109 2.8712 2.8813 2.8914 2.90148 2.91156 2.92164 2.93171 2.94178 2.95182 2.96191 
1.5 1.5 1.5 1.5 1.5 1.5 1.5 1.5 1.5 1.5 1.5 1.1083 1.1667 1.225 1.2833 1.3417 1.4 1.4583 1.5167 1.575 1.6333 1.6917 1.75 1.8083 1.8667 2.40453 2.41452 2.42454 2.43456 2.44459 2.4546 2.46462 2.47465 2.48469 2.4947 2.5048 2.51488 2.52498 2.53508 2.54515 2.55533 2.56547 2.57562 2.58579 2.596 2.60615 2.61634 2.62654 2.63676 2.64703 2.65721 2.66744 2.67769 2.68793 2.69819 2.70844 2.7187 2.72896 2.73923 2.74949 2.75975 2.77001 2.78027 2.79053 2.80078 2.81103 2.82127 2.83151 2.84174 2.85196 2.86219 2.87236 2.88253 2.8927 2.90285 2.913 2.92316 2.9333 2.94346 2.95361 2.96386 
1.5 1.5 1.5 1.5 1.5 1.5 1.5 1.5 1.5 1.5 1.5 1.1083 1.1667 1.225 1.2833 1.3417 1.4 1.4583 1.5167 1.575 1.6333 1.6917 1.75 1.8083 1.8667 2.40447 2.41448 2.42452 2.43454 2.44457 2.45459 2.46463 2.47467 2.48471 2.49473 2.50484 2.51493 2.52504 2.53515 2.54523 2.55542 2.56557 2.57573 2.5859 2.59613 2.60628 2.61648 2.6267 2.63692 2.64721 2.65739 2.66764 2.67789 2.68816 2.69842 2.7087 2.71898 2.72927 2.73956 2.74986 2.76016 2.77047 2.78077 2.79108 2.80139 2.81169 2.82199 2.83229 2.84259 2.85288 2.86318 2.87341 2.88364 2.89386 2.90407 2.91428 2.92449 2.9347 2.94493 2.95516 2.96549 
1.5 1.5 1.5 1.5 1.5 1.5 1.5 1.5 1.5 1.5 1.5 1.1083 1.1667 1.225 1.2833 1.3417 1.4 1.4583 1.5167 1.575 1.6333 1.6917 1.75 1.8083 1.8667 2.40504 2.41506 2.42508 2.43509 2.4451 2.45512 2.46514 2.47516 2.48519 2.4952 2.50528 2.51535 2.52543 2.53552 2.54557 2.55573 2.56585 2.57598 2.58613 2.59632 2.60645 2.61663 2.62683 2.63703 2.6473 2.65748 2.66772 2.67798 2.68824 2.69853 2.70882 2.71912 2.72944 2.73976 2.7501 2.76045 2.7708 2.78116 2.79152 2.80189 2.81225 2.82262 2.83298 2.84335 2.85371 2.86406 2.87436 2.88464 2.89491 2.90517 2.91543 2.92569 2.93596 2.94624 2.95654 2.96688 
