63 81 1.5 0.33
0 2 4 6 8 10 12 14 16 18 20 22 24 26 28 30 32 34 36 38 40 42 44 46 48 50 52 54 56 58 60 62 64 66 68 70 72 74 76 78 80 82 84 86 88 90 92 94 96 98 100 102 104 106 108 110 112 114 116 118 120 122 124 
0 0 0 0 0 0 0 0 0 0 0 0 0 0 0 0 0 0 0 0 0 0 0 0 0 0 0 0 0 0 0 0 0 0 0 0 0 0 0 0 0 0 0 0 0 0 0 0 0 0 0 0 0 0 0 0 0 0 0 0 0 0 0 
0 0.2 0.4 0.6 0.8 1 1.2 1.4 1.6 1.8 2 2.2 2.4 2.6 2.8 3 3.2 3.4 3.6 3.8 4 4.2 4.4 4.6 4.8 5 5.2 5.4 5.6 5.8 6 6.2 6.4 6.6 6.8 7 7.2 7.4 7.6 7.8 8 8.2 8.4 8.6 8.8 9 9.2 9.4 9.6 9.8 10 10.2 10.4 10.6 10.8 11 11.2 11.4 11.6 11.8 12 12.2 12.4 12.6 12.8 13 13.2 13.4 13.6 13.8 14 14.2 14.4 14.6 14.8 15 15.2 15.4 15.6 15.8 16 
1.5 1.5 1.5 1.5 1.5 1.5 1.5 1.5 1.5 1.5 1.5046 2.2267 2.3441 2.4618 2.5794 2.697 2.81461 2.93231 3.04971 3.16731 3.28481 3.40192 3.51921 3.63642 3.75324 4.09794 4.10733 4.11624 4.12594 4.13494 4.14384 4.15254 4.16125 4.16976 4.17895 4.18636 4.19456 4.20267 4.21067 4.21937 4.22637 4.23438 4.24219 4.24999 4.25688 4.26569 4.2737 4.2816 4.2896 4.2966 4.3055 4.3137 4.3217 4.3298 4.33789 4.34589 4.35419 4.36228 4.37037 4.37847 4.38646 4.39475 4.40275 4.41084 4.41903 4.42712 4.43551 4.44381 4.4521 4.4604 4.46869 4.47788 4.48668 4.49648 4.50527 4.51417 4.52356 4.53356 4.54046 4.55206 4.55906 
1.5 1.5 1.5 1.5 1.5 1.5 1.5 1.5 1.5 1.5 1.50401 2.22542 2.34301 2.46032 2.57781 2.69512 2.81263 2.93043 3.04741 3.1648 3.28221 3.3991 3.51617 3.63308 3.74998 4.08959 4.09904 4.10802 4.11779 4.12697 4.13593 4.14481 4.15368 4.16236 4.17173 4.17952 4.188 4.1965 4.20489 4.21408 4.22179 4.23029 4.23861 4.24702 4.25473 4.26386 4.27249 4.28091 4.28944 4.29737 4.3066 4.31544 4.32407 4.3329 4.34172 4.35045 4.35938 4.3681 4.37702 4.38584 4.39455 4.40347 4.41218 4.42049 4.42999 4.43869 4.44789 4.45668 4.46498 4.47447 4.48316 4.49275 4.50194 4.51053 4.52163 4.53032 4.5412 4.54959 4.55617 4.57036 4.57425 
1.5 1.5 1.5 1.5 1.5 1.5 1.5 1.5 1.5 1.5 1.50352 2.22443 2.34142 2.45883 2.57612 2.69352 2.81114 2.92824 3.04533 3.16252 3.27982 3.3969 3.51347 3.63038 3.747 4.08355 4.09369 4.10221 4.11206 4.12131 4.13063 4.13947 4.14882 4.15786 4.16711 4.17575 4.18401 4.19339 4.20226 4.21116 4.21984 4.22925 4.23757 4.24649 4.25511 4.26415 4.2732 4.28215 4.2911 4.29966 4.30911 4.31828 4.32735 4.33651 4.34519 4.35493 4.3643 4.37366 4.38301 4.39177 4.4016 4.41124 4.42057 4.4301 4.43884 4.44914 4.45905 4.46865 4.47856 4.48716 4.49785 4.50814 4.51813 4.52833 4.53761 4.5489 4.56019 4.56927 4.58114 4.58869 4.59847 
1.5 1.5 1.5 1.5 1.5 1.5 1.5 1.5 1.5 1.5 1.50284 2.22262 2.33982 2.45692 2.5743 2.69129 2.80849 2.92581 3.04281 3.16011 3.27689 3.39345 3.51037 3.62703 3.74404 4.07651 4.08628 4.09547 4.10549 4.11531 4.12437 4.13377 4.14329 4.15258 4.16219 4.1713 4.18053 4.18999 4.19925 4.20853 4.21781 4.2275 4.23654 4.24596 4.25497 4.26475 4.27439 4.28379 4.29337 4.30244 4.31255 4.32187 4.33206 4.34186 4.35097 4.36146 4.37079 4.38146 4.39066 4.40065 4.4115 4.421 4.43193 4.44209 4.45233 4.46267 4.47212 4.48352 4.49285 4.50444 4.51494 4.52444 4.53644 4.54543 4.55782 4.56911 4.57849 4.59037 4.60072 4.61129 4.62463 
1.5 1.5 1.5 1.5 1.5 1.5 1.5 1.5 1.5 1.5 1.50203 2.2211 2.33821 2.45531 2.5723 2.6892 2.80618 2.92339 3.04018 3.15707 3.27374 3.39032 3.50725 3.62379 3.7401 4.06879 4.07879 4.08883 4.09913 4.10846 4.1182 4.12785 4.13767 4.14744 4.15781 4.16715 4.17696 4.18641 4.19626 4.20715 4.21649 4.22641 4.236 4.24614 4.25637 4.26684 4.27694 4.28687 4.29706 4.30785 4.31836 4.32836 4.33882 4.34915 4.3606 4.37114 4.38118 4.39203 4.40275 4.41455 4.42526 4.43569 4.44658 4.45853 4.46961 4.48077 4.49135 4.50259 4.51489 4.52601 4.53742 4.54815 4.55935 4.57184 4.58263 4.59483 4.60533 4.6158 4.63047 4.63972 4.65373 
1.5 1.5 1.5 1.5 1.5 1.5 1.5 1.5 1.5 1.5 1.50101 2.21881 2.33542 2.45233 2.56914 2.68585 2.80254 2.91932 3.03588 3.15246 3.26914 3.38574 3.50199 3.61835 3.73451 4.0581 4.06856 4.07914 4.08978 4.10047 4.11094 4.12148 4.13205 4.14272 4.15375 4.16405 4.17466 4.1856 4.19634 4.20752 4.21806 4.22926 4.24017 4.2513 4.26223 4.2735 4.28488 4.29619 4.30748 4.31883 4.33011 4.34176 4.35319 4.36484 4.37647 4.3879 4.39985 4.41159 4.42341 4.43524 4.44707 4.45929 4.4712 4.4834 4.49539 4.50757 4.51985 4.53211 4.54456 4.55671 4.56894 4.58137 4.59319 4.60581 4.61702 4.62984 4.64145 4.65445 4.66733 4.67688 4.69199 
1.5 1.5 1.5 1.5 1.5 1.5 1.5 1.5 1.5 1.5 1.49975 2.21595 2.33276 2.44907 2.56556 2.68207 2.79857 2.91526 3.03139 3.14779 3.26417 3.38035 3.49685 3.61331 3.72906 4.04806 4.05884 4.06982 4.08131 4.09248 4.10391 4.11537 4.12686 4.13858 4.14986 4.16185 4.17351 4.1856 4.19745 4.20889 4.2214 4.23347 4.24572 4.25771 4.27028 4.28221 4.29458 4.30708 4.31935 4.33207 4.34414 4.35686 4.36928 4.38189 4.39451 4.40692 4.41996 4.43175 4.4454 4.45832 4.47104 4.48426 4.49707 4.51017 4.52326 4.53636 4.54954 4.56226 4.57609 4.58925 4.6024 4.61554 4.62818 4.64141 4.65343 4.66686 4.67879 4.69311 4.70582 4.71669 4.73312 
1.5 1.5 1.5 1.5 1.5 1.5 1.5 1.5 1.5 1.5 1.49832 2.2127 2.32878 2.44519 2.5615 2.67756 2.79377 2.90997 3.0262 3.14243 3.2587 3.37477 3.49111 3.60741 3.72342 4.03778 4.04961 4.06161 4.07385 4.0858 4.09858 4.1112 4.12304 4.13671 4.1489 4.16229 4.17523 4.18844 4.20165 4.21431 4.22827 4.24157 4.25501 4.26822 4.28227 4.29518 4.30872 4.32237 4.33588 4.34995 4.36307 4.37579 4.39037 4.40392 4.41767 4.43122 4.4445 4.45905 4.4729 4.48676 4.50053 4.51397 4.52856 4.54263 4.5565 4.57057 4.58464 4.59871 4.61277 4.62654 4.6406 4.65435 4.6677 4.68144 4.69427 4.70752 4.72046 4.73501 4.74806 4.75949 4.77638 
1.5 1.5 1.5 1.5 1.5 1.5 1.5 1.5 1.5 1.5 1.4963 2.20855 2.32434 2.44056 2.55667 2.67229 2.78823 2.90417 3.02021 3.13612 3.25239 3.36847 3.485 3.60111 3.71726 4.0279 4.04116 4.0549 4.06706 4.08143 4.09589 4.10995 4.12423 4.13761 4.15215 4.16726 4.18172 4.19653 4.2113 4.22528 4.24078 4.25548 4.27031 4.28497 4.30059 4.31442 4.32929 4.34319 4.35877 4.37421 4.38811 4.40305 4.41682 4.43237 4.44697 4.46157 4.4765 4.49062 4.50595 4.52069 4.53534 4.5504 4.56507 4.57986 4.59445 4.60916 4.62407 4.6388 4.65334 4.66778 4.68224 4.69647 4.71051 4.72425 4.73795 4.75115 4.76531 4.77969 4.79279 4.80559 4.82128 
1.5 1.5 1.5 1.5 1.5 1.5 1.5 1.5 1.5 1.5 1.49373 2.20346 2.31932 2.43474 2.55065 2.66593 2.78163 2.89747 3.01321 3.129 3.24537 3.36148 3.47839 3.59489 3.71176 4.01826 4.03369 4.04841 4.06488 4.08019 4.09675 4.11277 4.12909 4.14554 4.16129 4.17836 4.19465 4.21117 4.2276 4.24339 4.26034 4.27651 4.29281 4.3089 4.32631 4.34091 4.35692 4.37292 4.38845 4.40363 4.41986 4.43566 4.45114 4.46599 4.48146 4.49755 4.51295 4.52845 4.54376 4.55909 4.57456 4.58994 4.60525 4.62019 4.63584 4.65102 4.66633 4.68146 4.69648 4.71132 4.72634 4.74084 4.75526 4.7696 4.78423 4.79709 4.81186 4.82615 4.8397 4.85377 4.86871 
1.5 1.5 1.5 1.5 1.5 1.5 1.5 1.5 1.5 1.5 1.49132 2.19833 2.31303 2.42856 2.54382 2.65938 2.77472 2.88961 3.00576 3.12152 3.23755 3.35418 3.47154 3.58841 3.70647 4.00867 4.0267 4.04513 4.06254 4.08002 4.09897 4.11736 4.1358 4.15401 4.17276 4.19107 4.21036 4.22797 4.24642 4.26476 4.283 4.30144 4.31916 4.33732 4.35497 4.37261 4.39008 4.40728 4.4242 4.44273 4.45794 4.47489 4.49128 4.50768 4.52395 4.54003 4.55593 4.57204 4.58785 4.6036 4.61949 4.63522 4.65068 4.66639 4.68184 4.69734 4.71278 4.72807 4.74321 4.75821 4.77326 4.7878 4.80237 4.81747 4.83147 4.8458 4.85934 4.87461 4.88746 4.90264 4.91727 
1.5 1.5 1.5 1.5 1.5 1.5 1.5 1.5 1.5 1.5 1.48719 2.19049 2.30493 2.42073 2.53624 2.65144 2.76673 2.88146 2.99831 3.1138 3.23117 3.34859 3.46704 3.58443 3.70375 4.00648 4.03031 4.05358 4.07079 4.09161 4.11238 4.13355 4.15491 4.17621 4.19586 4.21838 4.23899 4.25944 4.27953 4.29822 4.31924 4.33874 4.35817 4.3771 4.39813 4.41445 4.43277 4.45082 4.46837 4.48787 4.5034 4.52062 4.53749 4.55425 4.57071 4.58686 4.60326 4.61936 4.6354 4.65129 4.66733 4.68313 4.69869 4.71441 4.73001 4.74547 4.76091 4.77611 4.79129 4.80645 4.8216 4.83625 4.85104 4.86588 4.88014 4.89472 4.90841 4.92345 4.9375 4.95156 4.96769 
1.5 1.5 1.5 1.5 1.5 1.5 1.5 1.5 1.5 1.5 1.48174 2.18046 2.29409 2.40865 2.52285 2.63917 2.75483 2.87039 2.98722 3.10345 3.22041 3.33839 3.45891 3.57829 3.70114 4.00031 4.03026 4.06213 4.08327 4.10642 4.12967 4.15379 4.17787 4.20197 4.22372 4.24902 4.27199 4.29447 4.3162 4.33632 4.35894 4.37967 4.4004 4.4205 4.44286 4.45978 4.47888 4.49771 4.51589 4.53594 4.55183 4.56929 4.58672 4.60361 4.62051 4.63688 4.65346 4.66985 4.68597 4.70196 4.71784 4.73369 4.74933 4.76486 4.78039 4.79581 4.81112 4.82623 4.84143 4.85644 4.87157 4.88631 4.90091 4.91558 4.93047 4.944 4.95914 4.97267 4.98759 5.00083 5.01756 
1.5 1.5 1.5 1.5 1.5 1.5 1.5 1.5 1.5 1.5 1.47558 2.16659 2.27677 2.39217 2.5113 2.6276 2.74009 2.84965 2.97537 3.09125 3.20897 3.32779 3.44922 3.57071 3.69588 3.99214 4.03068 4.0746 4.09437 4.12193 4.15107 4.17894 4.20545 4.23247 4.25711 4.28526 4.31047 4.33484 4.35784 4.37959 4.40369 4.42576 4.44736 4.46832 4.49139 4.5088 4.52847 4.54764 4.56633 4.58669 4.6027 4.62031 4.63789 4.65529 4.67208 4.6886 4.70511 4.72147 4.7375 4.75352 4.76925 4.78517 4.80059 4.81592 4.83158 4.84674 4.86192 4.87691 4.89202 4.90688 4.92189 4.93673 4.95097 4.96599 4.98096 4.99445 5.01004 5.02259 5.03769 5.05072 5.06796 
1.5 1.5 1.5 1.5 1.5 1.5 1.5 1.5 1.5 1.5 1.4729 2.16244 2.27172 2.37394 2.4914 2.61573 2.72823 2.84173 2.96379 3.08 3.19794 3.31851 3.44254 3.56298 3.69079 3.98802 4.0344 4.08347 4.11279 4.13526 4.1691 4.20157 4.23284 4.26126 4.28921 4.32119 4.34904 4.37556 4.40017 4.42256 4.44802 4.47116 4.494 4.51595 4.54061 4.55824 4.57815 4.59756 4.61656 4.63704 4.65323 4.67111 4.6888 4.7061 4.72304 4.73931 4.75606 4.77223 4.7881 4.80407 4.81989 4.83571 4.85106 4.86633 4.88187 4.89702 4.91212 4.92705 4.94203 4.95698 4.97201 4.987 5.00101 5.017 5.03125 5.04568 5.06029 5.07345 5.08769 5.10198 5.11884 
1.5 1.5 1.5 1.5 1.5 1.5 1.5 1.5 1.5 1.5 1.46612 2.14459 2.25484 2.37263 2.49408 2.60992 2.72592 2.83909 2.95828 3.07552 3.19413 3.31545 3.44191 3.56321 3.69249 4.00112 4.04571 4.09843 4.1344 4.1589 4.18969 4.2277 4.26199 4.29069 4.31904 4.35361 4.38318 4.41142 4.43784 4.46099 4.48793 4.51204 4.53481 4.55714 4.58263 4.60062 4.62117 4.64127 4.6611 4.68215 4.69884 4.71697 4.73473 4.75177 4.76868 4.78543 4.80242 4.81904 4.83516 4.85133 4.86746 4.88352 4.89931 4.91462 4.93014 4.94548 4.96057 4.97581 4.99101 5.0062 5.02158 5.03704 5.05233 5.06733 5.08175 5.09666 5.1108 5.1249 5.1397 5.15286 5.17113 
1.5 1.5 1.5 1.5 1.5 1.5 1.5 1.5 1.5 1.5 1.46718 2.15187 2.26088 2.36455 2.48344 2.60666 2.72017 2.83331 2.95658 3.07129 3.19374 3.31672 3.44314 3.56508 3.69682 4.00922 4.06106 4.12152 4.15497 4.17712 4.2115 4.25156 4.28541 4.31507 4.34736 4.38326 4.41391 4.4412 4.4671 4.49254 4.52088 4.54468 4.56895 4.5917 4.61718 4.63566 4.65668 4.6772 4.6973 4.7186 4.73587 4.75482 4.77348 4.79154 4.80875 4.82836 4.84307 4.8602 4.87695 4.89399 4.9107 4.92726 4.94354 4.95955 4.97568 4.99167 5.00742 5.02328 5.03908 5.05458 5.07029 5.08594 5.10183 5.11703 5.13178 5.1476 5.1617 5.17607 5.19114 5.20251 5.22303 
1.5 1.5 1.5 1.5 1.5 1.5 1.5 1.5 1.5 1.5 1.46267 2.14284 2.25162 2.36611 2.4828 2.60121 2.71493 2.82592 2.95247 3.06991 3.18986 3.31307 3.44158 3.56478 3.69909 4.01622 4.0797 4.15657 4.16861 4.19858 4.23853 4.27163 4.3051 4.33471 4.36491 4.40364 4.43742 4.46621 4.49007 4.51292 4.54302 4.57032 4.592 4.61609 4.64436 4.66016 4.68162 4.70284 4.72373 4.74599 4.76372 4.78303 4.80202 4.82045 4.83869 4.85735 4.87596 4.89378 4.91089 4.92831 4.9461 4.96364 4.98101 4.99926 5.01512 5.03245 5.04892 5.06563 5.08219 5.09854 5.11498 5.13143 5.14721 5.16495 5.17931 5.1966 5.21049 5.22628 5.24159 5.25692 5.27591 
1.5 1.5 1.5 1.5 1.5 1.5 1.5 1.5 1.5 1.5 1.46211 2.14175 2.25082 2.3655 2.4839 2.60032 2.7146 2.82543 2.9524 3.06989 3.19023 3.31402 3.44309 3.56699 3.70261 4.02588 4.0895 4.16337 4.1857 4.21497 4.25058 4.28279 4.32004 4.35507 4.3825 4.4172 4.45092 4.48005 4.50104 4.52478 4.54995 4.57949 4.6034 4.62618 4.65498 4.67176 4.69308 4.71447 4.7355 4.75863 4.7777 4.79872 4.81886 4.83852 4.85814 4.87937 4.89658 4.9167 4.9362 4.95512 4.9738 4.99261 5.01129 5.02955 5.0478 5.06647 5.0845 5.10269 5.12071 5.13859 5.15665 5.17439 5.19124 5.20993 5.22644 5.24348 5.25901 5.27419 5.29052 5.31133 5.32861 
1.5 1.5 1.5 1.5 1.5 1.5 1.5 1.5 1.5 1.5 1.46506 2.14715 2.256 2.36042 2.47956 2.60044 2.71441 2.83041 2.95491 3.07342 3.19349 3.31944 3.44891 3.57226 3.70805 4.03526 4.08988 4.15289 4.18599 4.23158 4.2642 4.30025 4.33719 4.3709 4.39835 4.425 4.45924 4.48695 4.51696 4.53485 4.55893 4.58426 4.60755 4.62721 4.65356 4.67365 4.69577 4.71938 4.73854 4.7621 4.78395 4.80578 4.82571 4.84706 4.86892 4.89225 4.91024 4.93176 4.95502 4.97668 4.99844 5.01698 5.037 5.05811 5.07847 5.09702 5.11892 5.13935 5.15955 5.17916 5.19601 5.21493 5.2333 5.25493 5.26839 5.29014 5.30463 5.32269 5.33653 5.35527 5.3769 
1.5 1.5 1.5 1.5 1.5 1.5 1.5 1.5 1.5 1.5 1.4645 2.14264 2.25235 2.3701 2.49125 2.60703 2.72348 2.83668 2.95715 3.07205 3.19419 3.3174 3.44459 3.56838 3.70543 4.03365 4.08365 4.14044 4.1829 4.23321 4.26257 4.30334 4.34287 4.36835 4.39534 4.42651 4.45318 4.48244 4.50701 4.52962 4.55722 4.57941 4.59983 4.62437 4.64669 4.66738 4.68818 4.7111 4.73296 4.75487 4.77794 4.8016 4.82628 4.84882 4.87098 4.89522 4.9184 4.94072 4.96281 4.98537 5.00848 5.0308 5.05484 5.07393 5.09702 5.11753 5.13915 5.16082 5.18229 5.20336 5.22439 5.24419 5.2633 5.28246 5.30005 5.32005 5.33707 5.35504 5.37379 5.39318 5.41835 
1.5 1.5 1.5 1.5 1.5 1.5 1.5 1.5 1.5 1.5 1.46624 2.14924 2.25805 2.36214 2.47907 2.60219 2.71851 2.83176 2.9561 3.07152 3.19424 3.32003 3.449 3.57323 3.70889 4.03245 4.0891 4.15085 4.18643 4.23159 4.26957 4.30589 4.34018 4.36885 4.39753 4.42579 4.45255 4.48164 4.50452 4.52597 4.54306 4.5646 4.58545 4.60692 4.62933 4.65018 4.67151 4.69254 4.71291 4.73433 4.75683 4.78088 4.80586 4.83126 4.85707 4.8815 4.90706 4.93274 4.95676 4.98242 5.00846 5.0341 5.06095 5.08566 5.10764 5.13243 5.15695 5.18114 5.20488 5.22846 5.2517 5.27309 5.29746 5.31912 5.33763 5.35995 5.37776 5.39653 5.41595 5.43322 5.46078 
1.5 1.5 1.5 1.5 1.5 1.5 1.5 1.5 1.5 1.5 1.46481 2.14668 2.25595 2.37123 2.4891 2.60719 2.72179 2.83284 2.96044 3.07841 3.19955 3.32387 3.45341 3.57784 3.71234 4.03755 4.09489 4.16822 4.20179 4.24373 4.27279 4.30311 4.33705 4.3663 4.40132 4.42132 4.44689 4.46563 4.48507 4.50389 4.52655 4.54758 4.56902 4.58828 4.60882 4.63112 4.65318 4.67495 4.69717 4.72129 4.74265 4.76768 4.79253 4.81744 4.84477 4.87054 4.89579 4.92437 4.95359 4.97855 5.00498 5.03232 5.06105 5.08841 5.1139 5.13984 5.16595 5.1918 5.21704 5.24166 5.26621 5.29286 5.31125 5.33318 5.35337 5.37636 5.39435 5.41578 5.4354 5.45772 5.48427 
1.5 1.5 1.5 1.5 1.5 1.5 1.5 1.5 1.5 1.5 1.46553 2.14822 2.25774 2.37314 2.49236 2.60756 2.72415 2.83525 2.96348 3.0817 3.20266 3.32696 3.45659 3.58123 3.71617 4.04488 4.10345 4.17683 4.20452 4.23536 4.27083 4.29869 4.33179 4.36004 4.38428 4.40963 4.4329 4.45154 4.47138 4.4921 4.51237 4.53262 4.55384 4.57421 4.59401 4.61449 4.63778 4.6597 4.68191 4.70652 4.73027 4.75555 4.78127 4.80737 4.83369 4.86207 4.8876 4.9154 4.94665 4.97524 5.00329 5.03162 5.0599 5.09036 5.11761 5.14604 5.17203 5.19912 5.22587 5.25184 5.27758 5.3009 5.32452 5.34745 5.3687 5.39111 5.41126 5.43251 5.45371 5.47725 5.50421 
1.5 1.5 1.5 1.5 1.5 1.5 1.5 1.5 1.5 1.5 1.46867 2.15435 2.264 2.36924 2.48729 2.61274 2.72731 2.84167 2.96651 3.08317 3.2071 3.3319 3.46165 3.58562 3.71946 4.05153 4.10272 4.16207 4.19485 4.23084 4.26424 4.29484 4.32373 4.34796 4.37846 4.39773 4.42013 4.44175 4.46105 4.48084 4.50156 4.52188 4.54174 4.56241 4.58279 4.60328 4.62726 4.64945 4.67163 4.69644 4.72069 4.74656 4.77274 4.79973 4.82714 4.85531 4.88228 4.91038 4.94188 4.96969 5.00005 5.0305 5.06029 5.09056 5.11855 5.14674 5.17512 5.20299 5.23051 5.25743 5.28414 5.30809 5.33189 5.3603 5.37778 5.40067 5.42107 5.44274 5.4641 5.48772 5.51525 
1.5 1.5 1.5 1.5 1.5 1.5 1.5 1.5 1.5 1.5 1.46901 2.15202 2.26289 2.38131 2.50353 2.6203 2.73723 2.85135 2.97177 3.09017 3.21018 3.33332 3.46181 3.58507 3.71786 4.05221 4.09653 4.14931 4.18586 4.22205 4.25415 4.28863 4.32033 4.34309 4.36411 4.38857 4.41099 4.4349 4.45632 4.47801 4.49812 4.51697 4.53741 4.55652 4.57782 4.59787 4.62482 4.64645 4.66939 4.69367 4.7172 4.744 4.76888 4.79637 4.82681 4.85264 4.87981 4.91021 4.94008 4.96767 4.99738 5.02843 5.06103 5.09028 5.11781 5.14639 5.17519 5.20308 5.23047 5.25752 5.28475 5.30908 5.33294 5.35632 5.37844 5.40118 5.42184 5.44348 5.4646 5.48888 5.51645 
1.5 1.5 1.5 1.5 1.5 1.5 1.5 1.5 1.5 1.5 1.46878 2.15451 2.26416 2.36907 2.48753 2.61284 2.72714 2.84148 2.9662 3.08549 3.20689 3.33167 3.46115 3.5852 3.71896 4.05115 4.10161 4.16142 4.19453 4.23 4.26388 4.29421 4.32294 4.34753 4.37827 4.39779 4.42064 4.44163 4.46157 4.48213 4.50169 4.5218 4.54245 4.56265 4.58298 4.60344 4.62786 4.6495 4.67219 4.69689 4.72088 4.7466 4.77237 4.79906 4.82724 4.85733 4.88288 4.91014 4.94169 4.96846 4.9984 5.02938 5.05924 5.08941 5.11694 5.14487 5.17293 5.20014 5.22768 5.25416 5.28099 5.30462 5.32854 5.35171 5.37435 5.39572 5.41719 5.44305 5.45895 5.48113 5.50856 
1.5 1.5 1.5 1.5 1.5 1.5 1.5 1.5 1.5 1.5 1.4657 2.14845 2.25782 2.3733 2.49275 2.60994 2.72432 2.83549 2.96354 3.08206 3.20281 3.32731 3.45651 3.58117 3.71631 4.04478 4.10279 4.17672 4.20445 4.2352 4.27083 4.2988 4.33244 4.36105 4.38465 4.41039 4.43453 4.4531 4.47345 4.49206 4.51354 4.53413 4.5547 4.57515 4.59555 4.6158 4.63898 4.66105 4.68262 4.70679 4.73018 4.75502 4.78039 4.80714 4.83314 4.8635 4.88656 4.91418 4.94439 4.97139 5.00011 5.02855 5.05658 5.08688 5.11335 5.14025 5.16697 5.19354 5.21969 5.24541 5.27098 5.29409 5.31704 5.33989 5.36167 5.38281 5.40296 5.42463 5.44338 5.466 5.49153 
1.5 1.5 1.5 1.5 1.5 1.5 1.5 1.5 1.5 1.5 1.46482 2.14697 2.25654 2.37174 2.49097 2.60773 2.72206 2.83342 2.961 3.07916 3.19997 3.32432 3.45349 3.57808 3.71252 4.03777 4.0935 4.16852 4.2017 4.23415 4.27268 4.30324 4.33667 4.36718 4.39332 4.42186 4.44742 4.46717 4.4877 4.50718 4.52863 4.54785 4.57001 4.58972 4.61161 4.63272 4.65484 4.67638 4.69772 4.72066 4.74295 4.7679 4.79175 4.81623 4.8438 4.87078 4.89401 4.92158 4.94838 4.97361 5.0009 5.02755 5.05453 5.08272 5.10714 5.13272 5.15802 5.18316 5.20779 5.23216 5.25642 5.27848 5.30028 5.322 5.34252 5.36362 5.38203 5.40409 5.42104 5.44241 5.46723 
1.5 1.5 1.5 1.5 1.5 1.5 1.5 1.5 1.5 1.5 1.46633 2.14984 2.25882 2.36325 2.48161 2.60549 2.7192 2.83261 2.95684 3.07557 3.19634 3.32076 3.44931 3.57343 3.70815 4.03055 4.08499 4.15104 4.18835 4.23018 4.26681 4.30747 4.33985 4.36795 4.39606 4.42685 4.45317 4.47656 4.5013 4.52207 4.54351 4.56379 4.58471 4.60708 4.62994 4.65033 4.67193 4.6932 4.7132 4.73555 4.75727 4.78055 4.80469 4.82987 4.85566 4.87841 4.90209 4.92664 4.95061 4.97517 5.0003 5.025 5.05108 5.07533 5.0977 5.12169 5.1451 5.16829 5.19124 5.21394 5.23655 5.25753 5.27778 5.29816 5.31701 5.33765 5.35464 5.3759 5.39193 5.41137 5.43583 
1.5 1.5 1.5 1.5 1.5 1.5 1.5 1.5 1.5 1.5 1.46432 2.14231 2.25237 2.37036 2.49124 2.60741 2.7236 2.83695 2.95738 3.07572 3.19552 3.31919 3.44821 3.57204 3.70623 4.03277 4.08368 4.14512 4.18519 4.22632 4.26028 4.30552 4.34374 4.36608 4.39329 4.42817 4.45464 4.48223 4.50533 4.53065 4.55687 4.57777 4.60005 4.62117 4.64398 4.66289 4.68549 4.70593 4.72684 4.74951 4.77165 4.79484 4.81744 4.84017 4.86107 4.88384 4.90566 4.92767 4.95066 4.97289 4.99606 5.01962 5.0414 5.06231 5.08339 5.10529 5.12668 5.15018 5.16911 5.19284 5.21086 5.23075 5.24934 5.26909 5.28698 5.30589 5.32267 5.3414 5.35748 5.37692 5.39926 
1.5 1.5 1.5 1.5 1.5 1.5 1.5 1.5 1.5 1.5 1.46508 2.14764 2.25643 2.36052 2.48035 2.6036 2.71767 2.83093 2.95536 3.07431 3.19527 3.32011 3.44925 3.57284 3.70802 4.03286 4.08852 4.15241 4.18753 4.22246 4.26209 4.30174 4.3358 4.36188 4.3887 4.42471 4.45835 4.48776 4.51065 4.53442 4.55953 4.58297 4.60365 4.62883 4.65436 4.67339 4.69497 4.7164 4.73732 4.76031 4.78066 4.8023 4.82232 4.84291 4.86339 4.88395 4.90373 4.92667 4.94496 4.96569 4.98669 5.00621 5.02507 5.04478 5.06385 5.08344 5.10268 5.12175 5.14096 5.16003 5.17922 5.1978 5.21472 5.23394 5.25087 5.26865 5.28445 5.30234 5.31744 5.33637 5.35599 
1.5 1.5 1.5 1.5 1.5 1.5 1.5 1.5 1.5 1.5 1.4623 2.14191 2.25102 2.3656 2.48214 2.6006 2.71452 2.82558 2.95246 3.07026 3.19048 3.31439 3.44323 3.56724 3.70314 4.02654 4.0904 4.16503 4.18736 4.21592 4.25367 4.28549 4.32128 4.35728 4.38487 4.42042 4.4546 4.48293 4.50321 4.52674 4.55378 4.58199 4.6049 4.62909 4.66062 4.67425 4.69501 4.71646 4.73986 4.76045 4.77894 4.79838 4.81725 4.83685 4.8556 4.87378 4.8927 4.9118 4.93108 4.94917 4.96687 4.98475 5.00272 5.0209 5.03932 5.05617 5.07357 5.09099 5.10843 5.12575 5.14333 5.16193 5.17663 5.19547 5.21037 5.22834 5.24172 5.25986 5.27388 5.29058 5.30989 
1.5 1.5 1.5 1.5 1.5 1.5 1.5 1.5 1.5 1.5 1.46257 2.14294 2.25198 2.36638 2.48515 2.60149 2.71508 2.82628 2.95275 3.07014 3.19006 3.31345 3.44164 3.56518 3.69918 4.01662 4.07997 4.15673 4.1697 4.19885 4.23964 4.27258 4.30736 4.33704 4.36703 4.40578 4.43926 4.4677 4.49255 4.51636 4.5455 4.57158 4.59387 4.61968 4.64787 4.66307 4.68433 4.70586 4.72561 4.74741 4.76469 4.78358 4.80409 4.81998 4.83793 4.85532 4.87303 4.8897 4.90642 4.92569 4.93976 4.95654 4.9728 4.98958 5.0057 5.0225 5.03841 5.05456 5.07055 5.08627 5.1026 5.1185 5.1341 5.15219 5.16591 5.18379 5.19604 5.21374 5.22786 5.24165 5.26159 
1.5 1.5 1.5 1.5 1.5 1.5 1.5 1.5 1.5 1.5 1.46711 2.15211 2.26098 2.3644 2.48343 2.60672 2.72013 2.83358 2.957 3.07457 3.19401 3.31691 3.44318 3.56529 3.69746 4.00905 4.06104 4.12149 4.15612 4.17689 4.21357 4.25312 4.28688 4.31824 4.34905 4.3858 4.41694 4.4449 4.47082 4.49568 4.52346 4.54852 4.5736 4.59725 4.62222 4.63986 4.66017 4.68048 4.69997 4.72103 4.73793 4.75636 4.77392 4.79166 4.81058 4.82427 4.84055 4.85672 4.87298 4.88895 4.90486 4.92065 4.93756 4.95191 4.96687 4.98245 4.99761 5.01291 5.02848 5.04363 5.05939 5.0748 5.09039 5.1069 5.11982 5.13644 5.14914 5.16548 5.18062 5.19124 5.21255 
1.5 1.5 1.5 1.5 1.5 1.5 1.5 1.5 1.5 1.5 1.46609 2.14441 2.25463 2.37251 2.49379 2.60978 2.72579 2.83905 2.95822 3.07546 3.19422 3.31571 3.44208 3.56361 3.69329 4.00098 4.04614 4.09946 4.13588 4.16076 4.19216 4.23003 4.26224 4.29599 4.32251 4.35771 4.38723 4.41477 4.44158 4.46591 4.49368 4.51824 4.54055 4.56229 4.58763 4.60503 4.62518 4.64525 4.66433 4.68479 4.70109 4.71858 4.73508 4.75184 4.76789 4.78394 4.79994 4.81561 4.83135 4.84667 4.86209 4.87741 4.89234 4.90768 4.92234 4.93736 4.95221 4.9671 4.98216 4.9971 5.01234 5.02755 5.04277 5.05828 5.07222 5.08764 5.10111 5.11594 5.13131 5.14383 5.16324 
1.5 1.5 1.5 1.5 1.5 1.5 1.5 1.5 1.5 1.5 1.47266 2.16208 2.27137 2.3737 2.49128 2.6155 2.72808 2.84141 2.96331 3.07971 3.1978 3.31827 3.44223 3.5629 3.6907 3.98878 4.03534 4.08422 4.11416 4.13679 4.17108 4.20325 4.23557 4.26463 4.29185 4.32404 4.35289 4.3801 4.4055 4.42836 4.45323 4.47635 4.49909 4.52105 4.54572 4.56296 4.58292 4.60148 4.61985 4.63967 4.6554 4.67265 4.68934 4.70636 4.72244 4.73826 4.75379 4.76933 4.78456 4.7999 4.8151 4.83028 4.84498 4.86016 4.87494 4.89007 4.90483 4.91971 4.93446 4.94936 4.96445 4.97939 4.99373 5.00955 5.0238 5.03837 5.05331 5.06641 5.08162 5.09588 5.11353 
1.5 1.5 1.5 1.5 1.5 1.5 1.5 1.5 1.5 1.5 1.47536 2.16608 2.27597 2.39137 2.51086 2.62698 2.73936 2.84916 2.97484 3.09068 3.20831 3.3276 3.44848 3.57019 3.69539 3.99238 4.03092 4.07499 4.09506 4.12269 4.152 4.18059 4.2076 4.23497 4.2601 4.28926 4.31483 4.33914 4.36235 4.38454 4.40853 4.43075 4.45215 4.47325 4.49656 4.51361 4.53279 4.55174 4.57017 4.58957 4.60534 4.62251 4.64061 4.65619 4.67244 4.68826 4.70421 4.71985 4.73541 4.75066 4.76619 4.78146 4.79624 4.81154 4.82665 4.84157 4.8566 4.87166 4.88641 4.90121 4.91627 4.93116 4.94543 4.96048 4.97528 4.9893 5.00443 5.01758 5.03298 5.04649 5.06399 
1.5 1.5 1.5 1.5 1.5 1.5 1.5 1.5 1.5 1.5 1.48139 2.17979 2.29326 2.40782 2.52293 2.63813 2.75365 2.86961 2.98646 3.10238 3.21937 3.3374 3.4576 3.57738 3.69938 3.99961 4.02965 4.06172 4.08318 4.10682 4.13089 4.15554 4.18003 4.20412 4.22623 4.25212 4.27562 4.29834 4.32026 4.34071 4.36343 4.3845 4.40521 4.42535 4.44773 4.46468 4.48349 4.50214 4.52121 4.53968 4.55542 4.57251 4.58948 4.60582 4.62213 4.63823 4.65422 4.67005 4.68561 4.70127 4.7169 4.7322 4.74728 4.76267 4.77785 4.79301 4.80807 4.82311 4.83816 4.85321 4.86838 4.88305 4.89738 4.91217 4.92708 4.94094 4.95571 4.96954 4.98471 4.99817 5.01509 
1.5 1.5 1.5 1.5 1.5 1.5 1.5 1.5 1.5 1.5 1.48677 2.18967 2.30393 2.41973 2.53512 2.65029 2.76559 2.88038 2.99725 3.11329 3.22991 3.34725 3.46603 3.58337 3.70312 4.00527 4.02927 4.05304 4.07052 4.09129 4.11282 4.13444 4.15602 4.17755 4.19732 4.22067 4.24179 4.26249 4.28297 4.30326 4.32319 4.34313 4.36264 4.38182 4.40317 4.41952 4.43776 4.45574 4.47353 4.49256 4.50803 4.52499 4.54177 4.55807 4.57437 4.59027 4.60618 4.62213 4.6379 4.65352 4.6694 4.68483 4.70003 4.71559 4.73092 4.74622 4.76129 4.77642 4.79144 4.80643 4.8215 4.8359 4.8506 4.86525 4.87963 4.89423 4.90784 4.92279 4.93666 4.95083 4.96685 
1.5 1.5 1.5 1.5 1.5 1.5 1.5 1.5 1.5 1.5 1.49072 2.19715 2.31184 2.42715 2.54243 2.65764 2.7731 2.88793 3.00396 3.11973 3.23588 3.35242 3.4699 3.58679 3.70493 4.00638 4.02497 4.04541 4.06224 4.08099 4.10003 4.11901 4.13817 4.1574 4.17528 4.19598 4.21507 4.23387 4.25278 4.27096 4.29 4.3085 4.32672 4.34476 4.36452 4.3803 4.39768 4.41499 4.43201 4.45026 4.46561 4.48222 4.4987 4.51478 4.53096 4.54673 4.56252 4.57833 4.59406 4.60962 4.62542 4.64085 4.65613 4.67155 4.68692 4.70223 4.71729 4.73229 4.74725 4.76216 4.77692 4.79117 4.80556 4.82036 4.83418 4.84852 4.86206 4.87675 4.8897 4.90428 4.91849 
1.5 1.5 1.5 1.5 1.5 1.5 1.5 1.5 1.5 1.5 1.49283 2.20147 2.31664 2.43242 2.54802 2.6633 2.77904 2.89422 3.0102 3.12611 3.24215 3.35841 3.47538 3.59196 3.70905 4.01308 4.02935 4.04649 4.06172 4.07828 4.0948 4.1115 4.1283 4.14529 4.16107 4.1793 4.19632 4.21329 4.23031 4.24648 4.26433 4.28113 4.298 4.31472 4.33262 4.34775 4.36425 4.38055 4.39681 4.41408 4.42894 4.44494 4.46092 4.4765 4.49177 4.50796 4.52345 4.53906 4.55448 4.56992 4.58528 4.60056 4.61588 4.63101 4.64617 4.66116 4.67617 4.6909 4.70567 4.72026 4.73478 4.74888 4.7631 4.77714 4.79128 4.80404 4.81871 4.8321 4.84544 4.85862 4.87274 
1.5 1.5 1.5 1.5 1.5 1.5 1.5 1.5 1.5 1.5 1.49519 2.20646 2.32207 2.43799 2.55373 2.66931 2.78515 2.90088 3.01661 3.13249 3.24849 3.36471 3.48117 3.59743 3.71383 4.02091 4.03502 4.04955 4.06341 4.07796 4.09251 4.10727 4.12214 4.13722 4.15141 4.16737 4.18265 4.19803 4.21359 4.22838 4.24466 4.26007 4.27556 4.29114 4.30761 4.32207 4.33751 4.35295 4.36848 4.38469 4.39912 4.41443 4.42901 4.44484 4.46015 4.47525 4.49036 4.50547 4.5205 4.53544 4.55038 4.56524 4.58011 4.5949 4.60959 4.62409 4.6387 4.65313 4.66746 4.6815 4.69565 4.70949 4.72333 4.73687 4.75051 4.76296 4.77692 4.7905 4.80329 4.81559 4.83028 
1.5 1.5 1.5 1.5 1.5 1.5 1.5 1.5 1.5 1.5 1.49691 2.21009 2.326 2.44202 2.55799 2.67399 2.78986 2.90586 3.0217 3.1376 3.25376 3.36966 3.48587 3.60201 3.71815 4.02811 4.04068 4.05347 4.06622 4.07863 4.0924 4.10583 4.11926 4.13291 4.14587 4.16033 4.1742 4.18829 4.2025 4.21625 4.23112 4.24544 4.25985 4.27427 4.2895 4.30332 4.31795 4.33249 4.34711 4.36245 4.37628 4.39082 4.40548 4.41981 4.43447 4.44891 4.46336 4.47782 4.49218 4.50653 4.52079 4.53505 4.54931 4.56337 4.57744 4.5914 4.60526 4.61913 4.63289 4.64646 4.66011 4.67346 4.68681 4.69995 4.71258 4.72552 4.73796 4.75211 4.76416 4.77578 4.79107 
1.5 1.5 1.5 1.5 1.5 1.5 1.5 1.5 1.5 1.5 1.49825 2.21276 2.32906 2.44537 2.56157 2.67756 2.79366 2.90987 3.02592 3.14201 3.25807 3.37394 3.49018 3.60623 3.72227 4.03556 4.04693 4.05858 4.07057 4.08255 4.0947 4.10696 4.11933 4.1318 4.14353 4.15709 4.17 4.18294 4.1961 4.20889 4.22256 4.23596 4.24948 4.26301 4.27707 4.29033 4.304 4.31778 4.33156 4.34598 4.35916 4.37297 4.38689 4.4005 4.41433 4.42805 4.44167 4.4554 4.46902 4.48255 4.49606 4.50958 4.52298 4.53639 4.54968 4.56297 4.57605 4.58933 4.6024 4.61546 4.6284 4.64124 4.65388 4.66671 4.67844 4.69166 4.70299 4.71721 4.72882 4.73999 4.75521 
1.5 1.5 1.5 1.5 1.5 1.5 1.5 1.5 1.5 1.5 1.4993 2.21512 2.33152 2.44791 2.56422 2.68062 2.79703 2.91344 3.02951 3.1458 3.26208 3.37823 3.49422 3.61033 3.72644 4.04297 4.05392 4.06492 4.0763 4.08775 4.09907 4.11051 4.12205 4.13371 4.14519 4.15735 4.16936 4.18149 4.19374 4.20578 4.21847 4.23106 4.24368 4.2564 4.26935 4.28202 4.2949 4.3079 4.32091 4.33425 4.34685 4.35989 4.37304 4.38597 4.39903 4.41187 4.42481 4.43766 4.4505 4.46333 4.47596 4.48879 4.5014 4.514 4.5265 4.53909 4.55146 4.56393 4.57639 4.58863 4.60106 4.61329 4.62531 4.63753 4.64884 4.66175 4.67286 4.68606 4.69814 4.70839 4.72319 
1.5 1.5 1.5 1.5 1.5 1.5 1.5 1.5 1.5 1.5 1.50012 2.2169 2.3335 2.45 2.5666 2.68312 2.79982 2.9163 3.03257 3.14917 3.26537 3.38161 3.49781 3.61407 3.73011 4.05056 4.06115 4.07157 4.08256 4.09307 4.10415 4.115 4.12606 4.13703 4.14822 4.15949 4.17081 4.18234 4.1939 4.20535 4.21725 4.22915 4.24106 4.25299 4.26514 4.27721 4.28939 4.30168 4.31388 4.32642 4.33852 4.35075 4.36319 4.37541 4.38765 4.39979 4.41202 4.42415 4.43618 4.4483 4.46021 4.47222 4.48412 4.496 4.50778 4.51955 4.53131 4.54306 4.55479 4.56642 4.57813 4.58975 4.60136 4.61286 4.62406 4.63636 4.64735 4.65934 4.67201 4.68145 4.69566 
1.5 1.5 1.5 1.5 1.5 1.5 1.5 1.5 1.5 1.5 1.50095 2.21841 2.33522 2.45193 2.56863 2.68523 2.80202 2.91871 3.03508 3.15168 3.26828 3.38466 3.50093 3.61744 3.7334 4.05717 4.06773 4.0779 4.08871 4.09922 4.10969 4.12018 4.13077 4.14146 4.15228 4.16298 4.17381 4.18475 4.19582 4.20688 4.21808 4.22928 4.2406 4.25203 4.26347 4.27503 4.28659 4.29817 4.30975 4.32146 4.33304 4.34464 4.35635 4.36786 4.37947 4.39098 4.40248 4.41388 4.42528 4.43667 4.44795 4.45923 4.4705 4.48176 4.49291 4.50406 4.5152 4.52632 4.53744 4.54856 4.55976 4.57086 4.58206 4.59306 4.60415 4.61594 4.62693 4.63781 4.65067 4.66022 4.67285 
1.5 1.5 1.5 1.5 1.5 1.5 1.5 1.5 1.5 1.5 1.50142 2.21963 2.33653 2.45334 2.57034 2.68703 2.80383 2.92074 3.03732 3.15411 3.2708 3.38739 3.50376 3.62036 3.73651 4.06311 4.0736 4.08373 4.09427 4.10471 4.11503 4.12536 4.13579 4.14612 4.15677 4.167 4.17745 4.18802 4.19859 4.20926 4.21997 4.23077 4.24159 4.25251 4.26324 4.27438 4.28543 4.29649 4.30745 4.31843 4.32958 4.34065 4.35173 4.3627 4.37367 4.38455 4.39552 4.40638 4.41725 4.42811 4.43886 4.44961 4.46025 4.47098 4.48161 4.49234 4.50306 4.51367 4.52437 4.53507 4.54577 4.55657 4.56746 4.57806 4.58925 4.60034 4.61152 4.6216 4.63407 4.64453 4.65499 
1.5 1.5 1.5 1.5 1.5 1.5 1.5 1.5 1.5 1.5 1.50171 2.22041 2.33731 2.45441 2.5713 2.6882 2.8051 2.92222 3.03902 3.15581 3.2727 3.38949 3.50598 3.62265 3.73927 4.06846 4.07889 4.08904 4.09951 4.10977 4.12002 4.13028 4.14054 4.15071 4.16087 4.17104 4.18122 4.19151 4.2018 4.21228 4.22239 4.23279 4.2432 4.25372 4.26394 4.27477 4.2853 4.29583 4.30637 4.31672 4.32755 4.33809 4.34863 4.35918 4.36972 4.38026 4.39069 4.40113 4.41156 4.42199 4.43242 4.44274 4.45316 4.46348 4.47379 4.4841 4.4945 4.5048 4.5153 4.5257 4.53609 4.54669 4.55738 4.56787 4.57906 4.58945 4.60094 4.61053 4.62231 4.63389 4.64247 
1.5 1.5 1.5 1.5 1.5 1.5 1.5 1.5 1.5 1.5 1.50199 2.22099 2.33799 2.45499 2.57208 2.68918 2.80618 2.92339 3.04029 3.15729 3.27429 3.39108 3.50779 3.62467 3.74148 4.07255 4.08302 4.0932 4.10378 4.11407 4.12434 4.13453 4.14461 4.15469 4.16508 4.17467 4.18467 4.19466 4.20476 4.21506 4.22486 4.23487 4.24498 4.25509 4.2648 4.27531 4.28553 4.29564 4.30586 4.31568 4.3262 4.33642 4.34664 4.35685 4.36717 4.37739 4.3876 4.39781 4.40793 4.41814 4.42834 4.43845 4.44865 4.45876 4.46896 4.47916 4.48945 4.49965 4.50984 4.52024 4.53043 4.54103 4.55152 4.56202 4.57321 4.5832 4.5948 4.60439 4.61528 4.62767 4.63546 
1.5 1.5 1.5 1.5 1.5 1.5 1.5 1.5 1.5 1.5 1.5021 2.22129 2.33829 2.4554 2.5725 2.6896 2.80679 2.92399 3.04089 3.15818 3.27519 3.39199 3.509 3.6259 3.74258 4.0757 4.0862 4.09639 4.10699 4.11719 4.12749 4.13759 4.14769 4.15769 4.16808 4.17769 4.18759 4.19739 4.20729 4.21749 4.227 4.2368 4.24671 4.25651 4.26582 4.27622 4.28603 4.29593 4.30583 4.31534 4.32574 4.33564 4.34565 4.35575 4.36575 4.37585 4.38585 4.39595 4.40605 4.41615 4.42624 4.43634 4.44653 4.45663 4.46683 4.47702 4.48732 4.49751 4.50771 4.5181 4.5284 4.53889 4.54949 4.56009 4.57118 4.58118 4.59258 4.60257 4.61277 4.62537 4.63357 
1.5 1.5 1.5 1.5 1.5 1.5 1.5 1.5 1.5 1.5 1.50211 2.2214 2.3384 2.45551 2.57271 2.68981 2.807 2.9242 3.0412 3.1585 3.2755 3.3924 3.5095 3.62652 3.74321 4.07742 4.08793 4.09824 4.10885 4.11925 4.12956 4.13967 4.14978 4.15989 4.17029 4.1798 4.1897 4.19951 4.20931 4.21923 4.22882 4.23852 4.24822 4.25782 4.26702 4.27722 4.28692 4.29662 4.30631 4.31561 4.3259 4.33579 4.34569 4.35558 4.36557 4.37557 4.38556 4.39565 4.40574 4.41584 4.42603 4.43622 4.44642 4.45661 4.467 4.4773 4.48759 4.49799 4.50839 4.51888 4.52938 4.53998 4.55068 4.56148 4.57237 4.58277 4.59387 4.60457 4.61428 4.62678 4.63599 
1.5 1.5 1.5 1.5 1.5 1.5 1.5 1.5 1.5 1.5 1.50209 2.2213 2.3383 2.4555 2.57271 2.68981 2.80691 2.92411 3.04121 3.15831 3.2755 3.3924 3.5095 3.62651 3.74332 4.07783 4.08844 4.09886 4.10956 4.12007 4.13038 4.14069 4.1509 4.16101 4.17143 4.18103 4.19103 4.20094 4.21074 4.22084 4.23015 4.23985 4.24945 4.25904 4.26814 4.27834 4.28793 4.29763 4.30732 4.31661 4.3268 4.33669 4.34659 4.35648 4.36647 4.37646 4.38655 4.39664 4.40683 4.41712 4.42742 4.43781 4.4482 4.4586 4.46909 4.47959 4.49018 4.50078 4.51138 4.52208 4.53278 4.54368 4.55448 4.56558 4.57638 4.58718 4.59808 4.60948 4.61919 4.63109 4.6416 
1.5 1.5 1.5 1.5 1.5 1.5 1.5 1.5 1.5 1.5 1.50199 2.2212 2.33809 2.45519 2.57239 2.6894 2.8064 2.9238 3.0408 3.1578 3.275 3.392 3.5089 3.626 3.74271 4.07683 4.08764 4.09825 4.10906 4.11967 4.13018 4.14058 4.15099 4.1612 4.1719 4.18161 4.19162 4.20162 4.21153 4.22153 4.23113 4.24093 4.25063 4.26032 4.26952 4.27971 4.28941 4.2992 4.3089 4.31819 4.32858 4.33847 4.34836 4.35846 4.36845 4.37864 4.38883 4.39912 4.40942 4.41981 4.43041 4.4409 4.4515 4.46219 4.47289 4.48369 4.49448 4.50538 4.51628 4.52718 4.53818 4.54928 4.56028 4.57158 4.58238 4.59369 4.60449 4.61629 4.62649 4.6377 4.6494 
1.5 1.5 1.5 1.5 1.5 1.5 1.5 1.5 1.5 1.5 1.5018 2.2206 2.33769 2.45469 2.57179 2.68879 2.8059 2.92299 3.04 3.1571 3.2741 3.3911 3.5081 3.6251 3.74191 4.07522 4.08613 4.09684 4.10784 4.11855 4.12916 4.13976 4.15027 4.16077 4.17148 4.18148 4.19168 4.20189 4.21199 4.22219 4.23199 4.24189 4.25179 4.26168 4.27108 4.28138 4.29127 4.30107 4.31106 4.32056 4.33095 4.34095 4.35114 4.36123 4.37153 4.38182 4.39222 4.40261 4.41321 4.4238 4.4346 4.4454 4.45619 4.46709 4.47809 4.48909 4.50019 4.51139 4.52249 4.53369 4.54489 4.55619 4.56739 4.57879 4.58979 4.60149 4.61219 4.6243 4.6351 4.6457 4.6581 
1.5 1.5 1.5 1.5 1.5 1.5 1.5 1.5 1.5 1.5 1.50161 2.2202 2.3372 2.4542 2.5712 2.6882 2.8053 2.9223 3.0392 3.1562 3.27331 3.39011 3.50711 3.62401 3.7409 4.07271 4.08392 4.09482 4.10593 4.11703 4.12763 4.13844 4.14924 4.15984 4.17075 4.18095 4.19135 4.20175 4.21205 4.22265 4.23255 4.24275 4.25295 4.26305 4.27285 4.28324 4.29344 4.30354 4.31363 4.32343 4.33403 4.34432 4.35462 4.36502 4.37551 4.38601 4.39661 4.4073 4.4181 4.4289 4.4399 4.45089 4.46189 4.47309 4.48429 4.49549 4.50679 4.51809 4.52949 4.54089 4.55229 4.56369 4.57509 4.5866 4.5978 4.6096 4.6206 4.6326 4.644 4.6543 4.6667 
1.5 1.5 1.5 1.5 1.5 1.5 1.5 1.5 1.5 1.5 1.5014 2.2197 2.3366 2.4535 2.5705 2.6873 2.8044 2.9213 3.0382 3.1551 3.2721 3.38901 3.5058 3.6227 3.7395 4.07021 4.08141 4.09241 4.10361 4.11471 4.12572 4.13662 4.14762 4.15842 4.16952 4.18002 4.19072 4.20132 4.21202 4.22282 4.23312 4.24362 4.25412 4.26462 4.27482 4.28552 4.29592 4.30631 4.31681 4.32701 4.33781 4.34831 4.35891 4.3696 4.3803 4.3911 4.4019 4.4128 4.4238 4.4349 4.446 4.4572 4.4684 4.4797 4.491 4.5024 4.5139 4.5253 4.5369 4.5483 4.5598 4.5713 4.5829 4.5944 4.6058 4.6176 4.6288 4.6406 4.6525 4.6628 4.6748 
1.5 1.5 1.5 1.5 1.5 1.5 1.5 1.5 1.5 1.5 1.50109 2.219 2.3358 2.4528 2.5696 2.6865 2.8034 2.9203 3.0371 3.1541 3.271 3.3878 3.5046 3.6215 3.7384 4.0677 4.079 4.0901 4.1014 4.1126 4.1237 4.13491 4.14601 4.15711 4.16831 4.17921 4.19011 4.20111 4.21211 4.2232 4.23391 4.2447 4.2556 4.2664 4.277 4.288 4.2988 4.3096 4.3204 4.3311 4.3421 4.353 4.3639 4.3748 4.3858 4.3968 4.4079 4.419 4.4301 4.4413 4.4526 4.4639 4.4752 4.4866 4.498 4.5095 4.521 4.5325 4.5441 4.5556 4.5672 4.5787 4.5903 4.6018 4.6133 4.6251 4.6365 4.6481 4.6602 4.6709 4.6825 
1.5 1.5 1.5 1.5 1.5 1.5 1.5 1.5 1.5 1.5 1.5009 2.2185 2.3354 2.4522 2.5691 2.6858 2.8027 2.9196 3.0364 3.1533 3.2702 3.3869 3.5037 3.6206 3.7374 4.0657 4.077 4.0882 4.0996 4.1109 4.1222 4.1335 4.1447 4.156 4.1672 4.1784 4.1896 4.2008 4.212 4.2233 4.2344 4.2455 4.2567 4.2678 4.2788 4.29 4.3011 4.3122 4.3233 4.3343 4.3456 4.3567 4.3679 4.379 4.3902 4.4015 4.4127 4.424 4.4353 4.4466 4.458 4.4694 4.4808 4.4922 4.5037 4.5152 4.5267 4.5382 4.5498 4.5613 4.5728 4.5844 4.596 4.6074 4.6191 4.6307 4.6423 4.6536 4.6659 4.6769 4.6879 
1.5 1.5 1.5 1.5 1.5 1.5 1.5 1.5 1.5 1.5 1.5008 2.2181 2.3348 2.4515 2.5685 2.6852 2.802 2.9189 3.0356 3.1525 3.2694 3.386 3.5028 3.6196 3.7363 4.0641 4.0754 4.0865 4.098 4.1093 4.1206 4.132 4.14339 4.15479 4.16629 4.17759 4.18909 4.20059 4.21199 4.22349 4.23489 4.24629 4.25769 4.26909 4.28049 4.29199 4.30339 4.31479 4.32629 4.33769 4.3491 4.3605 4.3719 4.3834 4.3948 4.4062 4.4176 4.429 4.4405 4.4519 4.4633 4.4747 4.4862 4.4976 4.5091 4.5205 4.532 4.5435 4.5549 4.5664 4.5779 4.5894 4.6009 4.6123 4.624 4.6353 4.6472 4.6582 4.6703 4.6817 4.6924 
1.5 1.5 1.5 1.5 1.5 1.5 1.5 1.5 1.5 1.5 1.5004 2.2178 2.3346 2.4513 2.5681 2.6848 2.8016 2.9185 3.0351 3.1519 3.2686 3.3852 3.5019 3.6187 3.7354 4.0616 4.0731 4.0845 4.096 4.1075 4.119 4.1305 4.14199 4.15359 4.16509 4.17679 4.18839 4.20009 4.21179 4.22349 4.23529 4.24699 4.25879 4.27059 4.28249 4.29419 4.30599 4.3178 4.3296 4.3413 4.353 4.3647 4.3764 4.388 4.3997 4.4112 4.4228 4.4343 4.4458 4.4572 4.4686 4.48 4.4914 4.5028 4.5142 4.5255 4.5369 4.5482 4.5596 4.5709 4.5824 4.5938 4.6052 4.6166 4.6283 4.6394 4.6513 4.6624 4.674 4.6861 4.6974 
1.5 1.5 1.5 1.5 1.5 1.5 1.5 1.5 1.5 1.5 1.5004 2.2174 2.334 2.4509 2.5676 2.6843 2.8011 2.9179 3.0346 3.1513 3.2681 3.3847 3.5016 3.6183 3.7349 4.0608 4.0723 4.0838 4.0954 4.1069 4.1186 4.1302 4.1419 4.1537 4.1653 4.1773 4.1892 4.2011 4.2131 4.2249 4.2371 4.2492 4.2613 4.2734 4.2857 4.2977 4.3098 4.3219 4.334 4.3462 4.358 4.3699 4.3817 4.3935 4.4052 4.4169 4.4285 4.44 4.4514 4.4628 4.4741 4.4854 4.4966 4.5079 4.5191 4.5303 4.5415 4.5527 4.564 4.5753 4.5867 4.5981 4.6094 4.621 4.6323 4.6438 4.6553 4.667 4.6779 4.6908 4.7039 
