5
s 30 2 62
r 20 0.01 0 5.04881 0.01
r 22 0.01 0 4.65244 0.01
r 24 0.01 0 3.93005 0.01
r 26 0.01 0 2.97845 0.01
r 28 0.01 0 1.88091 0.01
r 30 0.01 0 1.32667 0.01
r 32 0.01 0 1.88091 0.01
r 34 0.01 0 2.97845 0.01
r 36 0.01 0 3.93005 0.01
r 38 0.01 0 4.65244 0.01
r 40 0.01 0 5.04881 0.01
r 42 0.01 0 5.44627 0.01
r 44 0.01 0 5.84148 0.01
r 46 0.01 0 6.23394 0.01
r 48 0.01 0 6.62257 0.01
r 50 0.01 0 7.00716 0.01
r 52 0.01 0 7.38621 0.01
r 54 0.01 0 7.76131 0.01
r 56 0.01 0 8.12931 0.01
r 58 0.01 0 8.49212 0.01
r 60 0.01 0 8.84791 0.01
r 62 0.01 0 9.19847 0.01
r 64 0.01 0 9.54162 0.01
r 66 0.01 0 9.87757 0.01
r 68 0.01 0 10.2079 0.01
r 70 0.01 0 10.5313 0.01
r 72 0.01 0 10.8475 0.01
r 74 0.01 0 11.1578 0.01
r 76 0.01 0 11.4625 0.01
r 78 0.01 0 11.7572 0.01
r 80 0.01 0 12.0476 0.01
r 20 0.01 6 5.31629 0.01
r 22 0.01 6 4.77816 0.01
r 24 0.01 6 4.37161 0.01
r 26 0.01 6 3.91897 0.01
r 28 0.01 6 3.66913 0.01
r 30 0.01 6 3.53036 0.01
r 32 0.01 6 3.68392 0.01
r 34 0.01 6 3.96714 0.01
r 36 0.01 6 4.36513 0.01
r 38 0.01 6 4.76804 0.01
r 40 0.01 6 5.27895 0.01
r 42 0.01 6 5.82165 0.01
r 44 0.01 6 6.37507 0.01
r 46 0.01 6 6.8495 0.01
r 48 0.01 6 7.36852 0.01
r 50 0.01 6 7.93341 0.01
r 52 0.01 6 8.45086 0.01
r 54 0.01 6 8.92871 0.01
r 56 0.01 6 9.44659 0.01
r 58 0.01 6 9.98531 0.01
r 60 0.01 6 10.4892 0.01
r 62 0.01 6 11.0095 0.01
r 64 0.01 6 11.5301 0.01
r 66 0.01 6 12.0378 0.01
r 68 0.01 6 12.5706 0.01
r 70 0.01 6 13.1175 0.01
r 72 0.01 6 13.6146 0.01
r 74 0.01 6 14.118 0.01
r 76 0.01 6 14.6402 0.01
r 78 0.01 6 15.1531 0.01
r 80 0.01 6 15.7142 0.01
s 40 2 62
r 20 0.01 0 7.00716 0.01
r 22 0.01 0 6.62257 0.01
r 24 0.01 0 6.23394 0.01
r 26 0.01 0 5.84148 0.01
r 28 0.01 0 5.44627 0.01
r 30 0.01 0 5.04881 0.01
r 32 0.01 0 4.65244 0.01
r 34 0.01 0 3.93005 0.01
r 36 0.01 0 2.97845 0.01
r 38 0.01 0 1.88091 0.01
r 40 0.01 0 1.32667 0.01
r 42 0.01 0 1.88091 0.01
r 44 0.01 0 2.97845 0.01
r 46 0.01 0 3.93005 0.01
r 48 0.01 0 4.65244 0.01
r 50 0.01 0 5.04881 0.01
r 52 0.01 0 5.44627 0.01
r 54 0.01 0 5.84148 0.01
r 56 0.01 0 6.23394 0.01
r 58 0.01 0 6.62257 0.01
r 60 0.01 0 7.00716 0.01
r 62 0.01 0 7.38621 0.01
r 64 0.01 0 7.7613 0.01
r 66 0.01 0 8.12931 0.01
r 68 0.01 0 8.49212 0.01
r 70 0.01 0 8.84791 0.01
r 72 0.01 0 9.19847 0.01
r 74 0.01 0 9.54167 0.01
r 76 0.01 0 9.87783 0.01
r 78 0.01 0 10.2079 0.01
r 80 0.01 0 10.5313 0.01
r 20 0.01 6 7.88645 0.01
r 22 0.01 6 7.37659 0.01
r 24 0.01 6 6.85491 0.01
r 26 0.01 6 6.33809 0.01
r 28 0.01 6 5.84696 0.01
r 30 0.01 6 5.32036 0.01
r 32 0.01 6 4.77041 0.01
r 34 0.01 6 4.36666 0.01
r 36 0.01 6 3.92171 0.01
r 38 0.01 6 3.66822 0.01
r 40 0.01 6 3.52931 0.01
r 42 0.01 6 3.66023 0.01
r 44 0.01 6 3.93422 0.01
r 46 0.01 6 4.37426 0.01
r 48 0.01 6 4.77633 0.01
r 50 0.01 6 5.28602 0.01
r 52 0.01 6 5.86545 0.01
r 54 0.01 6 6.34102 0.01
r 56 0.01 6 6.86144 0.01
r 58 0.01 6 7.40907 0.01
r 60 0.01 6 7.89115 0.01
r 62 0.01 6 8.41057 0.01
r 64 0.01 6 8.93957 0.01
r 66 0.01 6 9.4468 0.01
r 68 0.01 6 9.979 0.01
r 70 0.01 6 10.5164 0.01
r 72 0.01 6 11.0345 0.01
r 74 0.01 6 11.5226 0.01
r 76 0.01 6 12.1062 0.01
r 78 0.01 6 12.6045 0.01
r 80 0.01 6 13.1191 0.01
s 50 2 62
r 20 0.01 0 8.84791 0.01
r 22 0.01 0 8.49212 0.01
r 24 0.01 0 8.12931 0.01
r 26 0.01 0 7.7613 0.01
r 28 0.01 0 7.38621 0.01
r 30 0.01 0 7.00716 0.01
r 32 0.01 0 6.62257 0.01
r 34 0.01 0 6.23394 0.01
r 36 0.01 0 5.84148 0.01
r 38 0.01 0 5.44627 0.01
r 40 0.01 0 5.04881 0.01
r 42 0.01 0 4.65244 0.01
r 44 0.01 0 3.93005 0.01
r 46 0.01 0 2.97845 0.01
r 48 0.01 0 1.88091 0.01
r 50 0.01 0 1.32667 0.01
r 52 0.01 0 1.88091 0.01
r 54 0.01 0 2.97845 0.01
r 56 0.01 0 3.93005 0.01
r 58 0.01 0 4.65244 0.01
r 60 0.01 0 5.04881 0.01
r 62 0.01 0 5.44627 0.01
r 64 0.01 0 5.84148 0.01
r 66 0.01 0 6.23394 0.01
r 68 0.01 0 6.62257 0.01
r 70 0.01 0 7.00716 0.01
r 72 0.01 0 7.38621 0.01
r 74 0.01 0 7.7613 0.01
r 76 0.01 0 8.12931 0.01
r 78 0.01 0 8.49212 0.01
r 80 0.01 0 8.84813 0.01
r 20 0.01 6 10.4911 0.01
r 22 0.01 6 9.96736 0.01
r 24 0.01 6 9.44374 0.01
r 26 0.01 6 8.92885 0.01
r 28 0.01 6 8.4307 0.01
r 30 0.01 6 7.92386 0.01
r 32 0.01 6 7.37396 0.01
r 34 0.01 6 6.89386 0.01
r 36 0.01 6 6.37476 0.01
r 38 0.01 6 5.82107 0.01
r 40 0.01 6 5.3159 0.01
r 42 0.01 6 4.77489 0.01
r 44 0.01 6 4.34758 0.01
r 46 0.01 6 3.92153 0.01
r 48 0.01 6 3.64453 0.01
r 50 0.01 6 3.5299 0.01
r 52 0.01 6 3.67407 0.01
r 54 0.01 6 3.94193 0.01
r 56 0.01 6 4.35687 0.01
r 58 0.01 6 4.77519 0.01
r 60 0.01 6 5.28496 0.01
r 62 0.01 6 5.81498 0.01
r 64 0.01 6 6.34494 0.01
r 66 0.01 6 6.89572 0.01
r 68 0.01 6 7.38573 0.01
r 70 0.01 6 7.89879 0.01
r 72 0.01 6 8.42696 0.01
r 74 0.01 6 8.92904 0.01
r 76 0.01 6 9.44781 0.01
r 78 0.01 6 10.0095 0.01
r 80 0.01 6 10.5238 0.01
s 60 2 62
r 20 0.01 0 10.5313 0.01
r 22 0.01 0 10.2079 0.01
r 24 0.01 0 9.87783 0.01
r 26 0.01 0 9.54167 0.01
r 28 0.01 0 9.19847 0.01
r 30 0.01 0 8.84791 0.01
r 32 0.01 0 8.49212 0.01
r 34 0.01 0 8.12931 0.01
r 36 0.01 0 7.7613 0.01
r 38 0.01 0 7.38621 0.01
r 40 0.01 0 7.00716 0.01
r 42 0.01 0 6.62257 0.01
r 44 0.01 0 6.23394 0.01
r 46 0.01 0 5.84148 0.01
r 48 0.01 0 5.44627 0.01
r 50 0.01 0 5.04881 0.01
r 52 0.01 0 4.65244 0.01
r 54 0.01 0 3.93005 0.01
r 56 0.01 0 2.97845 0.01
r 58 0.01 0 1.88091 0.01
r 60 0.01 0 1.32667 0.01
r 62 0.01 0 1.88091 0.01
r 64 0.01 0 2.97845 0.01
r 66 0.01 0 3.93005 0.01
r 68 0.01 0 4.65244 0.01
r 70 0.01 0 5.04881 0.01
r 72 0.01 0 5.44627 0.01
r 74 0.01 0 5.84148 0.01
r 76 0.01 0 6.23394 0.01
r 78 0.01 0 6.62257 0.01
r 80 0.01 0 7.00716 0.01
r 20 0.01 6 13.1218 0.01
r 22 0.01 6 12.5593 0.01
r 24 0.01 6 12.0417 0.01
r 26 0.01 6 11.5303 0.01
r 28 0.01 6 11.0274 0.01
r 30 0.01 6 10.5095 0.01
r 32 0.01 6 9.96685 0.01
r 34 0.01 6 9.44427 0.01
r 36 0.01 6 8.9698 0.01
r 38 0.01 6 8.41764 0.01
r 40 0.01 6 7.92996 0.01
r 42 0.01 6 7.39187 0.01
r 44 0.01 6 6.84862 0.01
r 46 0.01 6 6.3839 0.01
r 48 0.01 6 5.81586 0.01
r 50 0.01 6 5.28984 0.01
r 52 0.01 6 4.76774 0.01
r 54 0.01 6 4.38314 0.01
r 56 0.01 6 3.94371 0.01
r 58 0.01 6 3.67326 0.01
r 60 0.01 6 3.53003 0.01
r 62 0.01 6 3.67067 0.01
r 64 0.01 6 3.94278 0.01
r 66 0.01 6 4.36633 0.01
r 68 0.01 6 4.76709 0.01
r 70 0.01 6 5.29279 0.01
r 72 0.01 6 5.81378 0.01
r 74 0.01 6 6.34264 0.01
r 76 0.01 6 6.86314 0.01
r 78 0.01 6 7.38516 0.01
r 80 0.01 6 7.9003 0.01
s 70 2 62
r 20 0.01 0 12.0476 0.01
r 22 0.01 0 11.7572 0.01
r 24 0.01 0 11.4625 0.01
r 26 0.01 0 11.1578 0.01
r 28 0.01 0 10.8475 0.01
r 30 0.01 0 10.5313 0.01
r 32 0.01 0 10.2079 0.01
r 34 0.01 0 9.87757 0.01
r 36 0.01 0 9.54162 0.01
r 38 0.01 0 9.19847 0.01
r 40 0.01 0 8.84791 0.01
r 42 0.01 0 8.49212 0.01
r 44 0.01 0 8.12931 0.01
r 46 0.01 0 7.76131 0.01
r 48 0.01 0 7.3862 0.01
r 50 0.01 0 7.00716 0.01
r 52 0.01 0 6.62257 0.01
r 54 0.01 0 6.23394 0.01
r 56 0.01 0 5.84148 0.01
r 58 0.01 0 5.44627 0.01
r 60 0.01 0 5.04881 0.01
r 62 0.01 0 4.65244 0.01
r 64 0.01 0 3.93005 0.01
r 66 0.01 0 2.97845 0.01
r 68 0.01 0 1.88091 0.01
r 70 0.01 0 1.32667 0.01
r 72 0.01 0 1.88091 0.01
r 74 0.01 0 2.97845 0.01
r 76 0.01 0 3.93005 0.01
r 78 0.01 0 4.65244 0.01
r 80 0.01 0 5.04881 0.01
r 20 0.01 6 15.7169 0.01
r 22 0.01 6 15.1549 0.01
r 24 0.01 6 14.6337 0.01
r 26 0.01 6 14.1333 0.01
r 28 0.01 6 13.6484 0.01
r 30 0.01 6 13.1076 0.01
r 32 0.01 6 12.5595 0.01
r 34 0.01 6 12.0516 0.01
r 36 0.01 6 11.542 0.01
r 38 0.01 6 11.0112 0.01
r 40 0.01 6 10.4921 0.01
r 42 0.01 6 9.98453 0.01
r 44 0.01 6 9.45754 0.01
r 46 0.01 6 8.97899 0.01
r 48 0.01 6 8.41806 0.01
r 50 0.01 6 7.93052 0.01
r 52 0.01 6 7.39113 0.01
r 54 0.01 6 6.85934 0.01
r 56 0.01 6 6.34283 0.01
r 58 0.01 6 5.82058 0.01
r 60 0.01 6 5.31875 0.01
r 62 0.01 6 4.76913 0.01
r 64 0.01 6 4.41073 0.01
r 66 0.01 6 3.93785 0.01
r 68 0.01 6 3.68536 0.01
r 70 0.01 6 3.52965 0.01
r 72 0.01 6 3.68565 0.01
r 74 0.01 6 3.91661 0.01
r 76 0.01 6 4.36479 0.01
r 78 0.01 6 4.7677 0.01
r 80 0.01 6 5.31786 0.01
