5
s 30 2 31
r 20 0.01 0 5.23201 0.01
r 22 0.01 0 4.65244 0.01
r 24 0.01 0 3.93005 0.01
r 26 0.01 0 2.97845 0.01
r 28 0.01 0 1.88091 0.01
r 30 0.01 0 1.32667 0.01
r 32 0.01 0 1.88091 0.01
r 34 0.01 0 2.97845 0.01
r 36 0.01 0 3.93005 0.01
r 38 0.01 0 4.65244 0.01
r 40 0.01 0 5.23201 0.01
r 42 0.01 0 5.7526 0.01
r 44 0.01 0 6.27593 0.01
r 46 0.01 0 6.79514 0.01
r 48 0.01 0 7.31854 0.01
r 50 0.01 0 7.84086 0.01
r 52 0.01 0 8.43045 0.01
r 54 0.01 0 8.95753 0.01
r 56 0.01 0 9.48908 0.01
r 58 0.01 0 10.0603 0.01
r 60 0.01 0 10.5794 0.01
r 62 0.01 0 11.0984 0.01
r 64 0.01 0 11.6174 0.01
r 66 0.01 0 12.1365 0.01
r 68 0.01 0 12.6555 0.01
r 70 0.01 0 13.1745 0.01
r 72 0.01 0 13.6936 0.01
r 74 0.01 0 14.2126 0.01
r 76 0.01 0 14.7316 0.01
r 78 0.01 0 15.2507 0.01
r 80 0.01 0 15.7697 0.01
s 40 2 31
r 20 0.01 0 7.83807 0.01
r 22 0.01 0 7.31854 0.01
r 24 0.01 0 6.79514 0.01
r 26 0.01 0 6.27593 0.01
r 28 0.01 0 5.7526 0.01
r 30 0.01 0 5.23201 0.01
r 32 0.01 0 4.65244 0.01
r 34 0.01 0 3.93005 0.01
r 36 0.01 0 2.97845 0.01
r 38 0.01 0 1.88091 0.01
r 40 0.01 0 1.32667 0.01
r 42 0.01 0 1.88091 0.01
r 44 0.01 0 2.97845 0.01
r 46 0.01 0 3.93005 0.01
r 48 0.01 0 4.65244 0.01
r 50 0.01 0 5.23201 0.01
r 52 0.01 0 5.7526 0.01
r 54 0.01 0 6.27593 0.01
r 56 0.01 0 6.79514 0.01
r 58 0.01 0 7.31854 0.01
r 60 0.01 0 7.83807 0.01
r 62 0.01 0 8.43045 0.01
r 64 0.01 0 8.95753 0.01
r 66 0.01 0 9.48908 0.01
r 68 0.01 0 10.0603 0.01
r 70 0.01 0 10.5794 0.01
r 72 0.01 0 11.0984 0.01
r 74 0.01 0 11.6174 0.01
r 76 0.01 0 12.1365 0.01
r 78 0.01 0 12.6555 0.01
r 80 0.01 0 13.1745 0.01
s 50 2 31
r 20 0.01 0 10.5794 0.01
r 22 0.01 0 10.0603 0.01
r 24 0.01 0 9.48908 0.01
r 26 0.01 0 8.95753 0.01
r 28 0.01 0 8.43045 0.01
r 30 0.01 0 7.83807 0.01
r 32 0.01 0 7.31567 0.01
r 34 0.01 0 6.79514 0.01
r 36 0.01 0 6.27593 0.01
r 38 0.01 0 5.7526 0.01
r 40 0.01 0 5.23201 0.01
r 42 0.01 0 4.65244 0.01
r 44 0.01 0 3.93005 0.01
r 46 0.01 0 2.97845 0.01
r 48 0.01 0 1.88091 0.01
r 50 0.01 0 1.32667 0.01
r 52 0.01 0 1.88091 0.01
r 54 0.01 0 2.97845 0.01
r 56 0.01 0 3.93005 0.01
r 58 0.01 0 4.65244 0.01
r 60 0.01 0 5.23201 0.01
r 62 0.01 0 5.7526 0.01
r 64 0.01 0 6.27744 0.01
r 66 0.01 0 6.79514 0.01
r 68 0.01 0 7.31678 0.01
r 70 0.01 0 7.83807 0.01
r 72 0.01 0 8.43045 0.01
r 74 0.01 0 8.95753 0.01
r 76 0.01 0 9.48908 0.01
r 78 0.01 0 10.0603 0.01
r 80 0.01 0 10.5794 0.01
s 60 2 31
r 20 0.01 0 13.1745 0.01
r 22 0.01 0 12.6555 0.01
r 24 0.01 0 12.1365 0.01
r 26 0.01 0 11.6174 0.01
r 28 0.01 0 11.0984 0.01
r 30 0.01 0 10.5794 0.01
r 32 0.01 0 10.0603 0.01
r 34 0.01 0 9.48908 0.01
r 36 0.01 0 8.95753 0.01
r 38 0.01 0 8.43045 0.01
r 40 0.01 0 7.84086 0.01
r 42 0.01 0 7.31854 0.01
r 44 0.01 0 6.79746 0.01
r 46 0.01 0 6.27744 0.01
r 48 0.01 0 5.7526 0.01
r 50 0.01 0 5.23201 0.01
r 52 0.01 0 4.65244 0.01
r 54 0.01 0 3.93005 0.01
r 56 0.01 0 2.97845 0.01
r 58 0.01 0 1.88091 0.01
r 60 0.01 0 1.32667 0.01
r 62 0.01 0 1.88091 0.01
r 64 0.01 0 2.97845 0.01
r 66 0.01 0 3.93005 0.01
r 68 0.01 0 4.65244 0.01
r 70 0.01 0 5.23201 0.01
r 72 0.01 0 5.7526 0.01
r 74 0.01 0 6.27593 0.01
r 76 0.01 0 6.79514 0.01
r 78 0.01 0 7.31854 0.01
r 80 0.01 0 7.83807 0.01
s 70 2 31
r 20 0.01 0 15.7697 0.01
r 22 0.01 0 15.2507 0.01
r 24 0.01 0 14.7316 0.01
r 26 0.01 0 14.2126 0.01
r 28 0.01 0 13.6936 0.01
r 30 0.01 0 13.1745 0.01
r 32 0.01 0 12.6555 0.01
r 34 0.01 0 12.1365 0.01
r 36 0.01 0 11.6174 0.01
r 38 0.01 0 11.0984 0.01
r 40 0.01 0 10.5794 0.01
r 42 0.01 0 10.0603 0.01
r 44 0.01 0 9.48908 0.01
r 46 0.01 0 8.95753 0.01
r 48 0.01 0 8.43045 0.01
r 50 0.01 0 7.83807 0.01
r 52 0.01 0 7.31854 0.01
r 54 0.01 0 6.79514 0.01
r 56 0.01 0 6.27743 0.01
r 58 0.01 0 5.7526 0.01
r 60 0.01 0 5.23201 0.01
r 62 0.01 0 4.65244 0.01
r 64 0.01 0 3.93005 0.01
r 66 0.01 0 2.97845 0.01
r 68 0.01 0 1.88091 0.01
r 70 0.01 0 1.32667 0.01
r 72 0.01 0 1.88091 0.01
r 74 0.01 0 2.97845 0.01
r 76 0.01 0 3.93005 0.01
r 78 0.01 0 4.65244 0.01
r 80 0.01 0 5.23201 0.01
