5
s 30 2 31
r 20 0.01 0 4.65742 0.01
r 22 0.01 0 4.37416 0.01
r 24 0.01 0 3.7924 0.01
r 26 0.01 0 2.98138 0.01
r 28 0.01 0 1.88279 0.01
r 30 0.01 0 1.328 0.01
r 32 0.01 0 1.8828 0.01
r 34 0.01 0 2.98141 0.01
r 36 0.01 0 3.80426 0.01
r 38 0.01 0 4.38998 0.01
r 40 0.01 0 4.676 0.01
r 42 0.01 0 4.9572 0.01
r 44 0.01 0 5.23785 0.01
r 46 0.01 0 5.51315 0.01
r 48 0.01 0 5.78429 0.01
r 50 0.01 0 6.05327 0.01
r 52 0.01 0 6.31618 0.01
r 54 0.01 0 6.58094 0.01
r 56 0.01 0 6.84104 0.01
r 58 0.01 0 7.10256 0.01
r 60 0.01 0 7.36059 0.01
r 62 0.01 0 7.61578 0.01
r 64 0.01 0 7.86919 0.01
r 66 0.01 0 8.12073 0.01
r 68 0.01 0 8.36856 0.01
r 70 0.01 0 8.62075 0.01
r 72 0.01 0 8.86647 0.01
r 74 0.01 0 9.11089 0.01
r 76 0.01 0 9.34872 0.01
r 78 0.01 0 9.58342 0.01
r 80 0.01 0 9.82052 0.01
s 40 2 31
r 20 0.01 0 6.06591 0.01
r 22 0.01 0 5.79271 0.01
r 24 0.01 0 5.51738 0.01
r 26 0.01 0 5.23943 0.01
r 28 0.01 0 4.9572 0.01
r 30 0.01 0 4.67549 0.01
r 32 0.01 0 4.38928 0.01
r 34 0.01 0 3.80758 0.01
r 36 0.01 0 2.98174 0.01
r 38 0.01 0 1.88301 0.01
r 40 0.01 0 1.32815 0.01
r 42 0.01 0 1.88301 0.01
r 44 0.01 0 2.98173 0.01
r 46 0.01 0 3.80548 0.01
r 48 0.01 0 4.38261 0.01
r 50 0.01 0 4.66532 0.01
r 52 0.01 0 4.94566 0.01
r 54 0.01 0 5.22535 0.01
r 56 0.01 0 5.50302 0.01
r 58 0.01 0 5.77678 0.01
r 60 0.01 0 6.04707 0.01
r 62 0.01 0 6.31502 0.01
r 64 0.01 0 6.57881 0.01
r 66 0.01 0 6.84095 0.01
r 68 0.01 0 7.10371 0.01
r 70 0.01 0 7.36115 0.01
r 72 0.01 0 7.61692 0.01
r 74 0.01 0 7.86979 0.01
r 76 0.01 0 8.12201 0.01
r 78 0.01 0 8.37303 0.01
r 80 0.01 0 8.62693 0.01
s 50 2 31
r 20 0.01 0 7.37149 0.01
r 22 0.01 0 7.11031 0.01
r 24 0.01 0 6.84983 0.01
r 26 0.01 0 6.5852 0.01
r 28 0.01 0 6.32071 0.01
r 30 0.01 0 6.0517 0.01
r 32 0.01 0 5.77957 0.01
r 34 0.01 0 5.5059 0.01
r 36 0.01 0 5.22789 0.01
r 38 0.01 0 4.94665 0.01
r 40 0.01 0 4.66463 0.01
r 42 0.01 0 4.37889 0.01
r 44 0.01 0 3.80074 0.01
r 46 0.01 0 2.9814 0.01
r 48 0.01 0 1.88279 0.01
r 50 0.01 0 1.328 0.01
r 52 0.01 0 1.88279 0.01
r 54 0.01 0 2.98139 0.01
r 56 0.01 0 3.8008 0.01
r 58 0.01 0 4.37862 0.01
r 60 0.01 0 4.66448 0.01
r 62 0.01 0 4.946 0.01
r 64 0.01 0 5.22787 0.01
r 66 0.01 0 5.50638 0.01
r 68 0.01 0 5.78029 0.01
r 70 0.01 0 6.05261 0.01
r 72 0.01 0 6.31953 0.01
r 74 0.01 0 6.58477 0.01
r 76 0.01 0 6.84846 0.01
r 78 0.01 0 7.1092 0.01
r 80 0.01 0 7.37184 0.01
s 60 2 31
r 20 0.01 0 8.62652 0.01
r 22 0.01 0 8.37287 0.01
r 24 0.01 0 8.12283 0.01
r 26 0.01 0 7.87035 0.01
r 28 0.01 0 7.61753 0.01
r 30 0.01 0 7.35967 0.01
r 32 0.01 0 7.10133 0.01
r 34 0.01 0 6.84284 0.01
r 36 0.01 0 6.57808 0.01
r 38 0.01 0 6.31461 0.01
r 40 0.01 0 6.04639 0.01
r 42 0.01 0 5.77695 0.01
r 44 0.01 0 5.50241 0.01
r 46 0.01 0 5.22559 0.01
r 48 0.01 0 4.9447 0.01
r 50 0.01 0 4.66518 0.01
r 52 0.01 0 4.38241 0.01
r 54 0.01 0 3.80555 0.01
r 56 0.01 0 2.98173 0.01
r 58 0.01 0 1.88301 0.01
r 60 0.01 0 1.32816 0.01
r 62 0.01 0 1.88301 0.01
r 64 0.01 0 2.98174 0.01
r 66 0.01 0 3.80733 0.01
r 68 0.01 0 4.38865 0.01
r 70 0.01 0 4.67485 0.01
r 72 0.01 0 4.95669 0.01
r 74 0.01 0 5.23851 0.01
r 76 0.01 0 5.51606 0.01
r 78 0.01 0 5.79273 0.01
r 80 0.01 0 6.06567 0.01
s 70 2 31
r 20 0.01 0 9.82007 0.01
r 22 0.01 0 9.58466 0.01
r 24 0.01 0 9.34967 0.01
r 26 0.01 0 9.10887 0.01
r 28 0.01 0 8.86569 0.01
r 30 0.01 0 8.62072 0.01
r 32 0.01 0 8.36848 0.01
r 34 0.01 0 8.11944 0.01
r 36 0.01 0 7.86858 0.01
r 38 0.01 0 7.61695 0.01
r 40 0.01 0 7.36068 0.01
r 42 0.01 0 7.10308 0.01
r 44 0.01 0 6.84288 0.01
r 46 0.01 0 6.58146 0.01
r 48 0.01 0 6.31768 0.01
r 50 0.01 0 6.05194 0.01
r 52 0.01 0 5.7844 0.01
r 54 0.01 0 5.51332 0.01
r 56 0.01 0 5.23712 0.01
r 58 0.01 0 4.95662 0.01
r 60 0.01 0 4.67548 0.01
r 62 0.01 0 4.38963 0.01
r 64 0.01 0 3.80514 0.01
r 66 0.01 0 2.98143 0.01
r 68 0.01 0 1.88281 0.01
r 70 0.01 0 1.32801 0.01
r 72 0.01 0 1.8828 0.01
r 74 0.01 0 2.9814 0.01
r 76 0.01 0 3.79282 0.01
r 78 0.01 0 4.37411 0.01
r 80 0.01 0 4.65775 0.01
