5
s 30 2 31
r 20 0.01 0 5.18587 0.01
r 22 0.01 0 4.54347 0.01
r 24 0.01 0 3.79271 0.01
r 26 0.01 0 2.98138 0.01
r 28 0.01 0 1.88279 0.01
r 30 0.01 0 1.328 0.01
r 32 0.01 0 1.8828 0.01
r 34 0.01 0 2.98142 0.01
r 36 0.01 0 3.80425 0.01
r 38 0.01 0 4.56783 0.01
r 40 0.01 0 5.21807 0.01
r 42 0.01 0 5.72304 0.01
r 44 0.01 0 6.218 0.01
r 46 0.01 0 6.70574 0.01
r 48 0.01 0 7.18945 0.01
r 50 0.01 0 7.66601 0.01
r 52 0.01 0 8.13361 0.01
r 54 0.01 0 8.59754 0.01
r 56 0.01 0 9.05802 0.01
r 58 0.01 0 9.51201 0.01
r 60 0.01 0 9.96269 0.01
r 62 0.01 0 10.4088 0.01
r 64 0.01 0 10.8515 0.01
r 66 0.01 0 11.2908 0.01
r 68 0.01 0 11.7242 0.01
r 70 0.01 0 12.1578 0.01
r 72 0.01 0 12.5903 0.01
r 74 0.01 0 13.0192 0.01
r 76 0.01 0 13.441 0.01
r 78 0.01 0 13.8596 0.01
r 80 0.01 0 14.2802 0.01
s 40 2 31
r 20 0.01 0 7.68092 0.01
r 22 0.01 0 7.19584 0.01
r 24 0.01 0 6.7087 0.01
r 26 0.01 0 6.21859 0.01
r 28 0.01 0 5.72298 0.01
r 30 0.01 0 5.21854 0.01
r 32 0.01 0 4.57053 0.01
r 34 0.01 0 3.80836 0.01
r 36 0.01 0 2.98174 0.01
r 38 0.01 0 1.88301 0.01
r 40 0.01 0 1.32816 0.01
r 42 0.01 0 1.88301 0.01
r 44 0.01 0 2.98173 0.01
r 46 0.01 0 3.80632 0.01
r 48 0.01 0 4.566 0.01
r 50 0.01 0 5.21252 0.01
r 52 0.01 0 5.70878 0.01
r 54 0.01 0 6.20217 0.01
r 56 0.01 0 6.68921 0.01
r 58 0.01 0 7.17498 0.01
r 60 0.01 0 7.65485 0.01
r 62 0.01 0 8.12759 0.01
r 64 0.01 0 8.59369 0.01
r 66 0.01 0 9.05536 0.01
r 68 0.01 0 9.50988 0.01
r 70 0.01 0 9.96246 0.01
r 72 0.01 0 10.4116 0.01
r 74 0.01 0 10.8568 0.01
r 76 0.01 0 11.2992 0.01
r 78 0.01 0 11.7365 0.01
r 80 0.01 0 12.1749 0.01
s 50 2 31
r 20 0.01 0 9.9906 0.01
r 22 0.01 0 9.53258 0.01
r 24 0.01 0 9.07356 0.01
r 26 0.01 0 8.60659 0.01
r 28 0.01 0 8.13713 0.01
r 30 0.01 0 7.6631 0.01
r 32 0.01 0 7.18289 0.01
r 34 0.01 0 6.69683 0.01
r 36 0.01 0 6.2074 0.01
r 38 0.01 0 5.71129 0.01
r 40 0.01 0 5.21109 0.01
r 42 0.01 0 4.56158 0.01
r 44 0.01 0 3.80198 0.01
r 46 0.01 0 2.98139 0.01
r 48 0.01 0 1.88279 0.01
r 50 0.01 0 1.328 0.01
r 52 0.01 0 1.88279 0.01
r 54 0.01 0 2.98139 0.01
r 56 0.01 0 3.80144 0.01
r 58 0.01 0 4.56131 0.01
r 60 0.01 0 5.21058 0.01
r 62 0.01 0 5.71072 0.01
r 64 0.01 0 6.20714 0.01
r 66 0.01 0 6.69653 0.01
r 68 0.01 0 7.18292 0.01
r 70 0.01 0 7.66463 0.01
r 72 0.01 0 8.13722 0.01
r 74 0.01 0 8.60669 0.01
r 76 0.01 0 9.074 0.01
r 78 0.01 0 9.53137 0.01
r 80 0.01 0 9.98744 0.01
s 60 2 31
r 20 0.01 0 12.1775 0.01
r 22 0.01 0 11.7379 0.01
r 24 0.01 0 11.3003 0.01
r 26 0.01 0 10.8575 0.01
r 28 0.01 0 10.4104 0.01
r 30 0.01 0 9.96185 0.01
r 32 0.01 0 9.50994 0.01
r 34 0.01 0 9.05503 0.01
r 36 0.01 0 8.59465 0.01
r 38 0.01 0 8.12741 0.01
r 40 0.01 0 7.65548 0.01
r 42 0.01 0 7.17498 0.01
r 44 0.01 0 6.68945 0.01
r 46 0.01 0 6.20208 0.01
r 48 0.01 0 5.70857 0.01
r 50 0.01 0 5.2122 0.01
r 52 0.01 0 4.56508 0.01
r 54 0.01 0 3.80483 0.01
r 56 0.01 0 2.98173 0.01
r 58 0.01 0 1.88301 0.01
r 60 0.01 0 1.32816 0.01
r 62 0.01 0 1.88301 0.01
r 64 0.01 0 2.98174 0.01
r 66 0.01 0 3.80734 0.01
r 68 0.01 0 4.5698 0.01
r 70 0.01 0 5.21791 0.01
r 72 0.01 0 5.72253 0.01
r 74 0.01 0 6.21817 0.01
r 76 0.01 0 6.70812 0.01
r 78 0.01 0 7.19483 0.01
r 80 0.01 0 7.68036 0.01
s 70 2 31
r 20 0.01 0 14.278 0.01
r 22 0.01 0 13.8603 0.01
r 24 0.01 0 13.4419 0.01
r 26 0.01 0 13.0203 0.01
r 28 0.01 0 12.592 0.01
r 30 0.01 0 12.1579 0.01
r 32 0.01 0 11.7237 0.01
r 34 0.01 0 11.2899 0.01
r 36 0.01 0 10.853 0.01
r 38 0.01 0 10.4104 0.01
r 40 0.01 0 9.96363 0.01
r 42 0.01 0 9.51249 0.01
r 44 0.01 0 9.05896 0.01
r 46 0.01 0 8.59826 0.01
r 48 0.01 0 8.13367 0.01
r 50 0.01 0 7.66659 0.01
r 52 0.01 0 7.18932 0.01
r 54 0.01 0 6.70521 0.01
r 56 0.01 0 6.2173 0.01
r 58 0.01 0 5.72248 0.01
r 60 0.01 0 5.21754 0.01
r 62 0.01 0 4.56784 0.01
r 64 0.01 0 3.80424 0.01
r 66 0.01 0 2.98143 0.01
r 68 0.01 0 1.88281 0.01
r 70 0.01 0 1.32801 0.01
r 72 0.01 0 1.8828 0.01
r 74 0.01 0 2.98139 0.01
r 76 0.01 0 3.79209 0.01
r 78 0.01 0 4.54413 0.01
r 80 0.01 0 5.18684 0.01
