5
s 30 2 31
r 20 0.01 0 5.18817 0.01
r 22 0.01 0 4.54874 0.01
r 24 0.01 0 3.79785 0.01
r 26 0.01 0 2.98179 0.01
r 28 0.01 0 1.88306 0.01
r 30 0.01 0 1.3282 0.01
r 32 0.01 0 1.88307 0.01
r 34 0.01 0 2.98182 0.01
r 36 0.01 0 3.80999 0.01
r 38 0.01 0 4.57418 0.01
r 40 0.01 0 5.21532 0.01
r 42 0.01 0 5.70738 0.01
r 44 0.01 0 6.19364 0.01
r 46 0.01 0 6.67399 0.01
r 48 0.01 0 7.14982 0.01
r 50 0.01 0 7.61753 0.01
r 52 0.01 0 8.08276 0.01
r 54 0.01 0 8.54846 0.01
r 56 0.01 0 9.01151 0.01
r 58 0.01 0 9.46821 0.01
r 60 0.01 0 9.92387 0.01
r 62 0.01 0 10.3763 0.01
r 64 0.01 0 10.8264 0.01
r 66 0.01 0 11.2713 0.01
r 68 0.01 0 11.7104 0.01
r 70 0.01 0 12.1459 0.01
r 72 0.01 0 12.5766 0.01
r 74 0.01 0 13.0015 0.01
r 76 0.01 0 13.4194 0.01
r 78 0.01 0 13.8325 0.01
r 80 0.01 0 14.2482 0.01
s 40 2 31
r 20 0.01 0 7.63905 0.01
r 22 0.01 0 7.15806 0.01
r 24 0.01 0 6.6772 0.01
r 26 0.01 0 6.19452 0.01
r 28 0.01 0 5.70813 0.01
r 30 0.01 0 5.21409 0.01
r 32 0.01 0 4.57594 0.01
r 34 0.01 0 3.81327 0.01
r 36 0.01 0 2.98199 0.01
r 38 0.01 0 1.88317 0.01
r 40 0.01 0 1.32827 0.01
r 42 0.01 0 1.88317 0.01
r 44 0.01 0 2.98198 0.01
r 46 0.01 0 3.8107 0.01
r 48 0.01 0 4.57078 0.01
r 50 0.01 0 5.20551 0.01
r 52 0.01 0 5.69532 0.01
r 54 0.01 0 6.18251 0.01
r 56 0.01 0 6.66501 0.01
r 58 0.01 0 7.14424 0.01
r 60 0.01 0 7.61894 0.01
r 62 0.01 0 8.0885 0.01
r 64 0.01 0 8.55468 0.01
r 66 0.01 0 9.01563 0.01
r 68 0.01 0 9.47049 0.01
r 70 0.01 0 9.92466 0.01
r 72 0.01 0 10.3752 0.01
r 74 0.01 0 10.8235 0.01
r 76 0.01 0 11.2678 0.01
r 78 0.01 0 11.7106 0.01
r 80 0.01 0 12.1494 0.01
s 50 2 31
r 20 0.01 0 9.92635 0.01
r 22 0.01 0 9.47088 0.01
r 24 0.01 0 9.01282 0.01
r 26 0.01 0 8.55049 0.01
r 28 0.01 0 8.08471 0.01
r 30 0.01 0 7.61449 0.01
r 32 0.01 0 7.14452 0.01
r 34 0.01 0 6.66726 0.01
r 36 0.01 0 6.18518 0.01
r 38 0.01 0 5.69754 0.01
r 40 0.01 0 5.20402 0.01
r 42 0.01 0 4.56605 0.01
r 44 0.01 0 3.80528 0.01
r 46 0.01 0 2.98154 0.01
r 48 0.01 0 1.88288 0.01
r 50 0.01 0 1.32806 0.01
r 52 0.01 0 1.88288 0.01
r 54 0.01 0 2.98154 0.01
r 56 0.01 0 3.80539 0.01
r 58 0.01 0 4.56571 0.01
r 60 0.01 0 5.20345 0.01
r 62 0.01 0 5.69741 0.01
r 64 0.01 0 6.18493 0.01
r 66 0.01 0 6.66708 0.01
r 68 0.01 0 7.14375 0.01
r 70 0.01 0 7.61637 0.01
r 72 0.01 0 8.0848 0.01
r 74 0.01 0 8.55086 0.01
r 76 0.01 0 9.01362 0.01
r 78 0.01 0 9.46939 0.01
r 80 0.01 0 9.92549 0.01
s 60 2 31
r 20 0.01 0 12.1503 0.01
r 22 0.01 0 11.7103 0.01
r 24 0.01 0 11.2681 0.01
r 26 0.01 0 10.8242 0.01
r 28 0.01 0 10.3752 0.01
r 30 0.01 0 9.9244 0.01
r 32 0.01 0 9.4698 0.01
r 34 0.01 0 9.01556 0.01
r 36 0.01 0 8.55514 0.01
r 38 0.01 0 8.08872 0.01
r 40 0.01 0 7.61908 0.01
r 42 0.01 0 7.14441 0.01
r 44 0.01 0 6.66484 0.01
r 46 0.01 0 6.18279 0.01
r 48 0.01 0 5.69515 0.01
r 50 0.01 0 5.20503 0.01
r 52 0.01 0 4.56999 0.01
r 54 0.01 0 3.8101 0.01
r 56 0.01 0 2.982 0.01
r 58 0.01 0 1.88318 0.01
r 60 0.01 0 1.32828 0.01
r 62 0.01 0 1.88318 0.01
r 64 0.01 0 2.982 0.01
r 66 0.01 0 3.81277 0.01
r 68 0.01 0 4.57539 0.01
r 70 0.01 0 5.21357 0.01
r 72 0.01 0 5.70731 0.01
r 74 0.01 0 6.19421 0.01
r 76 0.01 0 6.67684 0.01
r 78 0.01 0 7.15747 0.01
r 80 0.01 0 7.63878 0.01
s 70 2 31
r 20 0.01 0 14.2465 0.01
r 22 0.01 0 13.8318 0.01
r 24 0.01 0 13.4197 0.01
r 26 0.01 0 13.0014 0.01
r 28 0.01 0 12.577 0.01
r 30 0.01 0 12.1459 0.01
r 32 0.01 0 11.7111 0.01
r 34 0.01 0 11.2719 0.01
r 36 0.01 0 10.8268 0.01
r 38 0.01 0 10.377 0.01
r 40 0.01 0 9.9243 0.01
r 42 0.01 0 9.47018 0.01
r 44 0.01 0 9.01052 0.01
r 46 0.01 0 8.54829 0.01
r 48 0.01 0 8.08239 0.01
r 50 0.01 0 7.61886 0.01
r 52 0.01 0 7.14937 0.01
r 54 0.01 0 6.67304 0.01
r 56 0.01 0 6.19288 0.01
r 58 0.01 0 5.7067 0.01
r 60 0.01 0 5.21471 0.01
r 62 0.01 0 4.57415 0.01
r 64 0.01 0 3.81063 0.01
r 66 0.01 0 2.98182 0.01
r 68 0.01 0 1.88307 0.01
r 70 0.01 0 1.3282 0.01
r 72 0.01 0 1.88306 0.01
r 74 0.01 0 2.98179 0.01
r 76 0.01 0 3.7988 0.01
r 78 0.01 0 4.54929 0.01
r 80 0.01 0 5.18905 0.01
