5
s 30 2 31
r 20 0.01 0 4.66874 0.01
r 22 0.01 0 4.3928 0.01
r 24 0.01 0 3.93005 0.01
r 26 0.01 0 2.97845 0.01
r 28 0.01 0 1.88091 0.01
r 30 0.01 0 1.32667 0.01
r 32 0.01 0 1.88091 0.01
r 34 0.01 0 2.97845 0.01
r 36 0.01 0 3.93005 0.01
r 38 0.01 0 4.3928 0.01
r 40 0.01 0 4.66874 0.01
r 42 0.01 0 4.94486 0.01
r 44 0.01 0 5.22041 0.01
r 46 0.01 0 5.49441 0.01
r 48 0.01 0 5.76748 0.01
r 50 0.01 0 6.04061 0.01
r 52 0.01 0 6.30971 0.01
r 54 0.01 0 6.57492 0.01
r 56 0.01 0 6.84387 0.01
r 58 0.01 0 7.10457 0.01
r 60 0.01 0 7.36545 0.01
r 62 0.01 0 7.62512 0.01
r 64 0.01 0 7.87538 0.01
r 66 0.01 0 8.13074 0.01
r 68 0.01 0 8.37982 0.01
r 70 0.01 0 8.62767 0.01
r 72 0.01 0 8.87059 0.01
r 74 0.01 0 9.11153 0.01
r 76 0.01 0 9.34792 0.01
r 78 0.01 0 9.58337 0.01
r 80 0.01 0 9.81198 0.01
s 40 2 31
r 20 0.01 0 6.04061 0.01
r 22 0.01 0 5.76748 0.01
r 24 0.01 0 5.49441 0.01
r 26 0.01 0 5.22026 0.01
r 28 0.01 0 4.94486 0.01
r 30 0.01 0 4.66874 0.01
r 32 0.01 0 4.3928 0.01
r 34 0.01 0 3.93005 0.01
r 36 0.01 0 2.97845 0.01
r 38 0.01 0 1.88091 0.01
r 40 0.01 0 1.32667 0.01
r 42 0.01 0 1.88091 0.01
r 44 0.01 0 2.97845 0.01
r 46 0.01 0 3.93005 0.01
r 48 0.01 0 4.3928 0.01
r 50 0.01 0 4.66874 0.01
r 52 0.01 0 4.94486 0.01
r 54 0.01 0 5.22041 0.01
r 56 0.01 0 5.49441 0.01
r 58 0.01 0 5.76748 0.01
r 60 0.01 0 6.04074 0.01
r 62 0.01 0 6.30971 0.01
r 64 0.01 0 6.57351 0.01
r 66 0.01 0 6.84387 0.01
r 68 0.01 0 7.10457 0.01
r 70 0.01 0 7.36541 0.01
r 72 0.01 0 7.62512 0.01
r 74 0.01 0 7.8752 0.01
r 76 0.01 0 8.13074 0.01
r 78 0.01 0 8.37982 0.01
r 80 0.01 0 8.62767 0.01
s 50 2 31
r 20 0.01 0 7.36541 0.01
r 22 0.01 0 7.10457 0.01
r 24 0.01 0 6.84387 0.01
r 26 0.01 0 6.57491 0.01
r 28 0.01 0 6.30971 0.01
r 30 0.01 0 6.04061 0.01
r 32 0.01 0 5.76748 0.01
r 34 0.01 0 5.49441 0.01
r 36 0.01 0 5.22041 0.01
r 38 0.01 0 4.94486 0.01
r 40 0.01 0 4.66874 0.01
r 42 0.01 0 4.3928 0.01
r 44 0.01 0 3.93005 0.01
r 46 0.01 0 2.97845 0.01
r 48 0.01 0 1.88091 0.01
r 50 0.01 0 1.32667 0.01
r 52 0.01 0 1.88091 0.01
r 54 0.01 0 2.97845 0.01
r 56 0.01 0 3.93005 0.01
r 58 0.01 0 4.39154 0.01
r 60 0.01 0 4.66874 0.01
r 62 0.01 0 4.94486 0.01
r 64 0.01 0 5.22041 0.01
r 66 0.01 0 5.49441 0.01
r 68 0.01 0 5.76746 0.01
r 70 0.01 0 6.0407 0.01
r 72 0.01 0 6.30971 0.01
r 74 0.01 0 6.57345 0.01
r 76 0.01 0 6.84387 0.01
r 78 0.01 0 7.10457 0.01
r 80 0.01 0 7.36545 0.01
s 60 2 31
r 20 0.01 0 8.62771 0.01
r 22 0.01 0 8.38105 0.01
r 24 0.01 0 8.13074 0.01
r 26 0.01 0 7.87562 0.01
r 28 0.01 0 7.62524 0.01
r 30 0.01 0 7.36545 0.01
r 32 0.01 0 7.10457 0.01
r 34 0.01 0 6.84387 0.01
r 36 0.01 0 6.57491 0.01
r 38 0.01 0 6.30971 0.01
r 40 0.01 0 6.0407 0.01
r 42 0.01 0 5.76748 0.01
r 44 0.01 0 5.49441 0.01
r 46 0.01 0 5.22041 0.01
r 48 0.01 0 4.94486 0.01
r 50 0.01 0 4.66874 0.01
r 52 0.01 0 4.3928 0.01
r 54 0.01 0 3.93005 0.01
r 56 0.01 0 2.97845 0.01
r 58 0.01 0 1.88091 0.01
r 60 0.01 0 1.32667 0.01
r 62 0.01 0 1.88091 0.01
r 64 0.01 0 2.97845 0.01
r 66 0.01 0 3.93005 0.01
r 68 0.01 0 4.39154 0.01
r 70 0.01 0 4.66874 0.01
r 72 0.01 0 4.94486 0.01
r 74 0.01 0 5.22026 0.01
r 76 0.01 0 5.49441 0.01
r 78 0.01 0 5.76748 0.01
r 80 0.01 0 6.04061 0.01
s 70 2 31
r 20 0.01 0 9.81178 0.01
r 22 0.01 0 9.58329 0.01
r 24 0.01 0 9.34792 0.01
r 26 0.01 0 9.11153 0.01
r 28 0.01 0 8.87059 0.01
r 30 0.01 0 8.62767 0.01
r 32 0.01 0 8.37982 0.01
r 34 0.01 0 8.13074 0.01
r 36 0.01 0 7.87539 0.01
r 38 0.01 0 7.62524 0.01
r 40 0.01 0 7.36544 0.01
r 42 0.01 0 7.10457 0.01
r 44 0.01 0 6.84387 0.01
r 46 0.01 0 6.57491 0.01
r 48 0.01 0 6.30971 0.01
r 50 0.01 0 6.04074 0.01
r 52 0.01 0 5.76748 0.01
r 54 0.01 0 5.49441 0.01
r 56 0.01 0 5.22041 0.01
r 58 0.01 0 4.94486 0.01
r 60 0.01 0 4.66874 0.01
r 62 0.01 0 4.39303 0.01
r 64 0.01 0 3.93005 0.01
r 66 0.01 0 2.97845 0.01
r 68 0.01 0 1.88091 0.01
r 70 0.01 0 1.32667 0.01
r 72 0.01 0 1.88091 0.01
r 74 0.01 0 2.97845 0.01
r 76 0.01 0 3.93005 0.01
r 78 0.01 0 4.3928 0.01
r 80 0.01 0 4.66874 0.01
