5
s 30 2 31
r 20 0.01 0 5.21424 0.01
r 22 0.01 0 4.65244 0.01
r 24 0.01 0 3.93005 0.01
r 26 0.01 0 2.97845 0.01
r 28 0.01 0 1.88091 0.01
r 30 0.01 0 1.32667 0.01
r 32 0.01 0 1.88091 0.01
r 34 0.01 0 2.97845 0.01
r 36 0.01 0 3.93005 0.01
r 38 0.01 0 4.65244 0.01
r 40 0.01 0 5.21424 0.01
r 42 0.01 0 5.69447 0.01
r 44 0.01 0 6.17386 0.01
r 46 0.01 0 6.6521 0.01
r 48 0.01 0 7.12877 0.01
r 50 0.01 0 7.60315 0.01
r 52 0.01 0 8.07513 0.01
r 54 0.01 0 8.54456 0.01
r 56 0.01 0 9.01021 0.01
r 58 0.01 0 9.47194 0.01
r 60 0.01 0 9.93006 0.01
r 62 0.01 0 10.3832 0.01
r 64 0.01 0 10.8323 0.01
r 66 0.01 0 11.2765 0.01
r 68 0.01 0 11.7157 0.01
r 70 0.01 0 12.1501 0.01
r 72 0.01 0 12.5788 0.01
r 74 0.01 0 13.0023 0.01
r 76 0.01 0 13.4201 0.01
r 78 0.01 0 13.8324 0.01
r 80 0.01 0 14.2392 0.01
s 40 2 31
r 20 0.01 0 7.60315 0.01
r 22 0.01 0 7.12877 0.01
r 24 0.01 0 6.6521 0.01
r 26 0.01 0 6.17386 0.01
r 28 0.01 0 5.69447 0.01
r 30 0.01 0 5.21424 0.01
r 32 0.01 0 4.65244 0.01
r 34 0.01 0 3.93005 0.01
r 36 0.01 0 2.97845 0.01
r 38 0.01 0 1.88091 0.01
r 40 0.01 0 1.32667 0.01
r 42 0.01 0 1.88091 0.01
r 44 0.01 0 2.97845 0.01
r 46 0.01 0 3.93005 0.01
r 48 0.01 0 4.65244 0.01
r 50 0.01 0 5.21424 0.01
r 52 0.01 0 5.69447 0.01
r 54 0.01 0 6.17386 0.01
r 56 0.01 0 6.6521 0.01
r 58 0.01 0 7.12877 0.01
r 60 0.01 0 7.60315 0.01
r 62 0.01 0 8.07513 0.01
r 64 0.01 0 8.54456 0.01
r 66 0.01 0 9.01021 0.01
r 68 0.01 0 9.47194 0.01
r 70 0.01 0 9.93006 0.01
r 72 0.01 0 10.3832 0.01
r 74 0.01 0 10.8323 0.01
r 76 0.01 0 11.2765 0.01
r 78 0.01 0 11.7157 0.01
r 80 0.01 0 12.1501 0.01
s 50 2 31
r 20 0.01 0 9.93006 0.01
r 22 0.01 0 9.47194 0.01
r 24 0.01 0 9.01021 0.01
r 26 0.01 0 8.54456 0.01
r 28 0.01 0 8.07513 0.01
r 30 0.01 0 7.60315 0.01
r 32 0.01 0 7.12877 0.01
r 34 0.01 0 6.6521 0.01
r 36 0.01 0 6.17386 0.01
r 38 0.01 0 5.69448 0.01
r 40 0.01 0 5.21424 0.01
r 42 0.01 0 4.65244 0.01
r 44 0.01 0 3.93005 0.01
r 46 0.01 0 2.97845 0.01
r 48 0.01 0 1.88091 0.01
r 50 0.01 0 1.32667 0.01
r 52 0.01 0 1.88091 0.01
r 54 0.01 0 2.97845 0.01
r 56 0.01 0 3.93005 0.01
r 58 0.01 0 4.65244 0.01
r 60 0.01 0 5.21424 0.01
r 62 0.01 0 5.69447 0.01
r 64 0.01 0 6.17386 0.01
r 66 0.01 0 6.6521 0.01
r 68 0.01 0 7.12877 0.01
r 70 0.01 0 7.60315 0.01
r 72 0.01 0 8.07513 0.01
r 74 0.01 0 8.54446 0.01
r 76 0.01 0 9.01021 0.01
r 78 0.01 0 9.47194 0.01
r 80 0.01 0 9.93006 0.01
s 60 2 31
r 20 0.01 0 12.1501 0.01
r 22 0.01 0 11.7157 0.01
r 24 0.01 0 11.2765 0.01
r 26 0.01 0 10.8323 0.01
r 28 0.01 0 10.3832 0.01
r 30 0.01 0 9.93006 0.01
r 32 0.01 0 9.47194 0.01
r 34 0.01 0 9.01021 0.01
r 36 0.01 0 8.54456 0.01
r 38 0.01 0 8.07513 0.01
r 40 0.01 0 7.60315 0.01
r 42 0.01 0 7.12877 0.01
r 44 0.01 0 6.6521 0.01
r 46 0.01 0 6.17386 0.01
r 48 0.01 0 5.69447 0.01
r 50 0.01 0 5.21424 0.01
r 52 0.01 0 4.65244 0.01
r 54 0.01 0 3.93005 0.01
r 56 0.01 0 2.97845 0.01
r 58 0.01 0 1.88091 0.01
r 60 0.01 0 1.32667 0.01
r 62 0.01 0 1.88091 0.01
r 64 0.01 0 2.97845 0.01
r 66 0.01 0 3.93005 0.01
r 68 0.01 0 4.65244 0.01
r 70 0.01 0 5.21424 0.01
r 72 0.01 0 5.69447 0.01
r 74 0.01 0 6.17386 0.01
r 76 0.01 0 6.6521 0.01
r 78 0.01 0 7.12877 0.01
r 80 0.01 0 7.60315 0.01
s 70 2 31
r 20 0.01 0 14.2392 0.01
r 22 0.01 0 13.8324 0.01
r 24 0.01 0 13.4201 0.01
r 26 0.01 0 13.0023 0.01
r 28 0.01 0 12.5788 0.01
r 30 0.01 0 12.1501 0.01
r 32 0.01 0 11.7157 0.01
r 34 0.01 0 11.2765 0.01
r 36 0.01 0 10.8323 0.01
r 38 0.01 0 10.3832 0.01
r 40 0.01 0 9.93006 0.01
r 42 0.01 0 9.47194 0.01
r 44 0.01 0 9.01021 0.01
r 46 0.01 0 8.54456 0.01
r 48 0.01 0 8.07513 0.01
r 50 0.01 0 7.60315 0.01
r 52 0.01 0 7.12877 0.01
r 54 0.01 0 6.6521 0.01
r 56 0.01 0 6.17386 0.01
r 58 0.01 0 5.69447 0.01
r 60 0.01 0 5.21424 0.01
r 62 0.01 0 4.65244 0.01
r 64 0.01 0 3.93005 0.01
r 66 0.01 0 2.97845 0.01
r 68 0.01 0 1.88091 0.01
r 70 0.01 0 1.32667 0.01
r 72 0.01 0 1.88091 0.01
r 74 0.01 0 2.97845 0.01
r 76 0.01 0 3.93005 0.01
r 78 0.01 0 4.65244 0.01
r 80 0.01 0 5.21424 0.01
