5
s 30 2 62
r 20 0.01 0 4.98943 0.01
r 22 0.01 0 4.47947 0.01
r 24 0.01 0 3.73884 0.01
r 26 0.01 0 2.97845 0.01
r 28 0.01 0 1.88091 0.01
r 30 0.01 0 1.32667 0.01
r 32 0.01 0 1.88091 0.01
r 34 0.01 0 2.97845 0.01
r 36 0.01 0 3.73884 0.01
r 38 0.01 0 4.47947 0.01
r 40 0.01 0 4.98943 0.01
r 42 0.01 0 5.40392 0.01
r 44 0.01 0 5.8177 0.01
r 46 0.01 0 6.23113 0.01
r 48 0.01 0 6.64405 0.01
r 50 0.01 0 7.05366 0.01
r 52 0.01 0 7.46415 0.01
r 54 0.01 0 7.87256 0.01
r 56 0.01 0 8.27924 0.01
r 58 0.01 0 8.68478 0.01
r 60 0.01 0 9.08744 0.01
r 62 0.01 0 9.49004 0.01
r 64 0.01 0 9.8878 0.01
r 66 0.01 0 10.2846 0.01
r 68 0.01 0 10.6792 0.01
r 70 0.01 0 11.0704 0.01
r 72 0.01 0 11.459 0.01
r 74 0.01 0 11.8457 0.01
r 76 0.01 0 12.2293 0.01
r 78 0.01 0 12.6093 0.01
r 80 0.01 0 12.9863 0.01
r 20 0.01 6 5.20651 0.01
r 22 0.01 6 4.70497 0.01
r 24 0.01 6 4.22678 0.01
r 26 0.01 6 3.91749 0.01
r 28 0.01 6 3.59301 0.01
r 30 0.01 6 3.44383 0.01
r 32 0.01 6 3.58961 0.01
r 34 0.01 6 3.89066 0.01
r 36 0.01 6 4.23208 0.01
r 38 0.01 6 4.69756 0.01
r 40 0.01 6 5.20378 0.01
r 42 0.01 6 5.80807 0.01
r 44 0.01 6 6.33847 0.01
r 46 0.01 6 6.87327 0.01
r 48 0.01 6 7.41123 0.01
r 50 0.01 6 7.94444 0.01
r 52 0.01 6 8.48264 0.01
r 54 0.01 6 9.01614 0.01
r 56 0.01 6 9.5577 0.01
r 58 0.01 6 10.0847 0.01
r 60 0.01 6 10.6221 0.01
r 62 0.01 6 11.1641 0.01
r 64 0.01 6 11.6999 0.01
r 66 0.01 6 12.2356 0.01
r 68 0.01 6 12.7713 0.01
r 70 0.01 6 13.307 0.01
r 72 0.01 6 13.8428 0.01
r 74 0.01 6 14.3785 0.01
r 76 0.01 6 14.9156 0.01
r 78 0.01 6 15.4513 0.01
r 80 0.01 6 15.987 0.01
s 40 2 62
r 20 0.01 0 7.05366 0.01
r 22 0.01 0 6.64405 0.01
r 24 0.01 0 6.23113 0.01
r 26 0.01 0 5.8177 0.01
r 28 0.01 0 5.40392 0.01
r 30 0.01 0 4.98943 0.01
r 32 0.01 0 4.47947 0.01
r 34 0.01 0 3.73884 0.01
r 36 0.01 0 2.97845 0.01
r 38 0.01 0 1.88091 0.01
r 40 0.01 0 1.32667 0.01
r 42 0.01 0 1.88091 0.01
r 44 0.01 0 2.97845 0.01
r 46 0.01 0 3.73884 0.01
r 48 0.01 0 4.47947 0.01
r 50 0.01 0 4.98943 0.01
r 52 0.01 0 5.40392 0.01
r 54 0.01 0 5.8177 0.01
r 56 0.01 0 6.23113 0.01
r 58 0.01 0 6.64405 0.01
r 60 0.01 0 7.05404 0.01
r 62 0.01 0 7.46415 0.01
r 64 0.01 0 7.87256 0.01
r 66 0.01 0 8.2795 0.01
r 68 0.01 0 8.68478 0.01
r 70 0.01 0 9.08744 0.01
r 72 0.01 0 9.49004 0.01
r 74 0.01 0 9.8878 0.01
r 76 0.01 0 10.2846 0.01
r 78 0.01 0 10.6792 0.01
r 80 0.01 0 11.0704 0.01
r 20 0.01 6 7.94518 0.01
r 22 0.01 6 7.40915 0.01
r 24 0.01 6 6.87256 0.01
r 26 0.01 6 6.33729 0.01
r 28 0.01 6 5.80606 0.01
r 30 0.01 6 5.25777 0.01
r 32 0.01 6 4.70546 0.01
r 34 0.01 6 4.23534 0.01
r 36 0.01 6 3.88495 0.01
r 38 0.01 6 3.63688 0.01
r 40 0.01 6 3.44365 0.01
r 42 0.01 6 3.60997 0.01
r 44 0.01 6 3.88342 0.01
r 46 0.01 6 4.23427 0.01
r 48 0.01 6 4.76505 0.01
r 50 0.01 6 5.2582 0.01
r 52 0.01 6 5.80067 0.01
r 54 0.01 6 6.33757 0.01
r 56 0.01 6 6.87911 0.01
r 58 0.01 6 7.41087 0.01
r 60 0.01 6 7.9484 0.01
r 62 0.01 6 8.48034 0.01
r 64 0.01 6 9.01331 0.01
r 66 0.01 6 9.55636 0.01
r 68 0.01 6 10.0904 0.01
r 70 0.01 6 10.6217 0.01
r 72 0.01 6 11.158 0.01
r 74 0.01 6 11.6937 0.01
r 76 0.01 6 12.2295 0.01
r 78 0.01 6 12.7652 0.01
r 80 0.01 6 13.3009 0.01
s 50 2 62
r 20 0.01 0 9.08744 0.01
r 22 0.01 0 8.68478 0.01
r 24 0.01 0 8.27924 0.01
r 26 0.01 0 7.87256 0.01
r 28 0.01 0 7.46415 0.01
r 30 0.01 0 7.05366 0.01
r 32 0.01 0 6.64405 0.01
r 34 0.01 0 6.23113 0.01
r 36 0.01 0 5.8177 0.01
r 38 0.01 0 5.40392 0.01
r 40 0.01 0 4.98943 0.01
r 42 0.01 0 4.47947 0.01
r 44 0.01 0 3.73884 0.01
r 46 0.01 0 2.97845 0.01
r 48 0.01 0 1.88091 0.01
r 50 0.01 0 1.32667 0.01
r 52 0.01 0 1.88091 0.01
r 54 0.01 0 2.97845 0.01
r 56 0.01 0 3.73884 0.01
r 58 0.01 0 4.47947 0.01
r 60 0.01 0 4.98943 0.01
r 62 0.01 0 5.40392 0.01
r 64 0.01 0 5.8177 0.01
r 66 0.01 0 6.23113 0.01
r 68 0.01 0 6.64405 0.01
r 70 0.01 0 7.05404 0.01
r 72 0.01 0 7.46415 0.01
r 74 0.01 0 7.87256 0.01
r 76 0.01 0 8.2795 0.01
r 78 0.01 0 8.68478 0.01
r 80 0.01 0 9.08744 0.01
r 20 0.01 6 10.6237 0.01
r 22 0.01 6 10.0858 0.01
r 24 0.01 6 9.55512 0.01
r 26 0.01 6 9.01951 0.01
r 28 0.01 6 8.48437 0.01
r 30 0.01 6 7.94867 0.01
r 32 0.01 6 7.4095 0.01
r 34 0.01 6 6.87528 0.01
r 36 0.01 6 6.33673 0.01
r 38 0.01 6 5.80943 0.01
r 40 0.01 6 5.25814 0.01
r 42 0.01 6 4.76471 0.01
r 44 0.01 6 4.23314 0.01
r 46 0.01 6 3.86259 0.01
r 48 0.01 6 3.58964 0.01
r 50 0.01 6 3.44388 0.01
r 52 0.01 6 3.60788 0.01
r 54 0.01 6 3.91941 0.01
r 56 0.01 6 4.23433 0.01
r 58 0.01 6 4.76497 0.01
r 60 0.01 6 5.20491 0.01
r 62 0.01 6 5.80178 0.01
r 64 0.01 6 6.3344 0.01
r 66 0.01 6 6.87775 0.01
r 68 0.01 6 7.41183 0.01
r 70 0.01 6 7.94387 0.01
r 72 0.01 6 8.48293 0.01
r 74 0.01 6 9.01907 0.01
r 76 0.01 6 9.55084 0.01
r 78 0.01 6 10.0855 0.01
r 80 0.01 6 10.6221 0.01
s 60 2 62
r 20 0.01 0 11.0704 0.01
r 22 0.01 0 10.6792 0.01
r 24 0.01 0 10.2846 0.01
r 26 0.01 0 9.88782 0.01
r 28 0.01 0 9.49004 0.01
r 30 0.01 0 9.08773 0.01
r 32 0.01 0 8.68478 0.01
r 34 0.01 0 8.2795 0.01
r 36 0.01 0 7.87256 0.01
r 38 0.01 0 7.46415 0.01
r 40 0.01 0 7.05366 0.01
r 42 0.01 0 6.64405 0.01
r 44 0.01 0 6.23113 0.01
r 46 0.01 0 5.8177 0.01
r 48 0.01 0 5.40392 0.01
r 50 0.01 0 4.98943 0.01
r 52 0.01 0 4.47947 0.01
r 54 0.01 0 3.73884 0.01
r 56 0.01 0 2.97845 0.01
r 58 0.01 0 1.88091 0.01
r 60 0.01 0 1.32667 0.01
r 62 0.01 0 1.88091 0.01
r 64 0.01 0 2.97845 0.01
r 66 0.01 0 3.73884 0.01
r 68 0.01 0 4.47947 0.01
r 70 0.01 0 4.98943 0.01
r 72 0.01 0 5.40392 0.01
r 74 0.01 0 5.81772 0.01
r 76 0.01 0 6.23113 0.01
r 78 0.01 0 6.64405 0.01
r 80 0.01 0 7.05366 0.01
r 20 0.01 6 13.3002 0.01
r 22 0.01 6 12.7645 0.01
r 24 0.01 6 12.2288 0.01
r 26 0.01 6 11.6931 0.01
r 28 0.01 6 11.1585 0.01
r 30 0.01 6 10.628 0.01
r 32 0.01 6 10.0898 0.01
r 34 0.01 6 9.55246 0.01
r 36 0.01 6 9.01816 0.01
r 38 0.01 6 8.48791 0.01
r 40 0.01 6 7.94645 0.01
r 42 0.01 6 7.40451 0.01
r 44 0.01 6 6.87379 0.01
r 46 0.01 6 6.3339 0.01
r 48 0.01 6 5.80086 0.01
r 50 0.01 6 5.2048 0.01
r 52 0.01 6 4.70187 0.01
r 54 0.01 6 4.23349 0.01
r 56 0.01 6 3.88908 0.01
r 58 0.01 6 3.60951 0.01
r 60 0.01 6 3.44411 0.01
r 62 0.01 6 3.59236 0.01
r 64 0.01 6 3.83482 0.01
r 66 0.01 6 4.23255 0.01
r 68 0.01 6 4.76336 0.01
r 70 0.01 6 5.20293 0.01
r 72 0.01 6 5.80437 0.01
r 74 0.01 6 6.34059 0.01
r 76 0.01 6 6.87226 0.01
r 78 0.01 6 7.40663 0.01
r 80 0.01 6 7.95094 0.01
s 70 2 62
r 20 0.01 0 12.9867 0.01
r 22 0.01 0 12.6093 0.01
r 24 0.01 0 12.229 0.01
r 26 0.01 0 11.8457 0.01
r 28 0.01 0 11.459 0.01
r 30 0.01 0 11.0704 0.01
r 32 0.01 0 10.6792 0.01
r 34 0.01 0 10.2846 0.01
r 36 0.01 0 9.88782 0.01
r 38 0.01 0 9.49004 0.01
r 40 0.01 0 9.08744 0.01
r 42 0.01 0 8.68478 0.01
r 44 0.01 0 8.27924 0.01
r 46 0.01 0 7.87256 0.01
r 48 0.01 0 7.46415 0.01
r 50 0.01 0 7.05367 0.01
r 52 0.01 0 6.64405 0.01
r 54 0.01 0 6.23113 0.01
r 56 0.01 0 5.8177 0.01
r 58 0.01 0 5.40392 0.01
r 60 0.01 0 4.98943 0.01
r 62 0.01 0 4.47947 0.01
r 64 0.01 0 3.73884 0.01
r 66 0.01 0 2.97845 0.01
r 68 0.01 0 1.88091 0.01
r 70 0.01 0 1.32667 0.01
r 72 0.01 0 1.88091 0.01
r 74 0.01 0 2.97845 0.01
r 76 0.01 0 3.73884 0.01
r 78 0.01 0 4.47947 0.01
r 80 0.01 0 4.98943 0.01
r 20 0.01 6 15.9815 0.01
r 22 0.01 6 15.4432 0.01
r 24 0.01 6 14.9079 0.01
r 26 0.01 6 14.3755 0.01
r 28 0.01 6 13.8396 0.01
r 30 0.01 6 13.3003 0.01
r 32 0.01 6 12.768 0.01
r 34 0.01 6 12.2288 0.01
r 36 0.01 6 11.6928 0.01
r 38 0.01 6 11.1596 0.01
r 40 0.01 6 10.6251 0.01
r 42 0.01 6 10.0857 0.01
r 44 0.01 6 9.55233 0.01
r 46 0.01 6 9.0175 0.01
r 48 0.01 6 8.48035 0.01
r 50 0.01 6 7.94354 0.01
r 52 0.01 6 7.40811 0.01
r 54 0.01 6 6.87913 0.01
r 56 0.01 6 6.34059 0.01
r 58 0.01 6 5.8067 0.01
r 60 0.01 6 5.25891 0.01
r 62 0.01 6 4.7646 0.01
r 64 0.01 6 4.30062 0.01
r 66 0.01 6 3.87901 0.01
r 68 0.01 6 3.58804 0.01
r 70 0.01 6 3.44401 0.01
r 72 0.01 6 3.6027 0.01
r 74 0.01 6 3.8534 0.01
r 76 0.01 6 4.23358 0.01
r 78 0.01 6 4.73834 0.01
r 80 0.01 6 5.20548 0.01
