5
s 30 2 31
r 20 0.01 0 4.60129 0.01
r 22 0.01 0 4.31813 0.01
r 24 0.01 0 3.73884 0.01
r 26 0.01 0 2.97845 0.01
r 28 0.01 0 1.88091 0.01
r 30 0.01 0 1.32667 0.01
r 32 0.01 0 1.88091 0.01
r 34 0.01 0 2.97845 0.01
r 36 0.01 0 3.73884 0.01
r 38 0.01 0 4.31813 0.01
r 40 0.01 0 4.60129 0.01
r 42 0.01 0 4.88564 0.01
r 44 0.01 0 5.1697 0.01
r 46 0.01 0 5.4538 0.01
r 48 0.01 0 5.73729 0.01
r 50 0.01 0 6.02052 0.01
r 52 0.01 0 6.30296 0.01
r 54 0.01 0 6.58537 0.01
r 56 0.01 0 6.86715 0.01
r 58 0.01 0 7.1478 0.01
r 60 0.01 0 7.42899 0.01
r 62 0.01 0 7.70934 0.01
r 64 0.01 0 7.98874 0.01
r 66 0.01 0 8.26943 0.01
r 68 0.01 0 8.54531 0.01
r 70 0.01 0 8.82193 0.01
r 72 0.01 0 9.09794 0.01
r 74 0.01 0 9.37199 0.01
r 76 0.01 0 9.64596 0.01
r 78 0.01 0 9.91672 0.01
r 80 0.01 0 10.1884 0.01
s 40 2 31
r 20 0.01 0 6.02052 0.01
r 22 0.01 0 5.73729 0.01
r 24 0.01 0 5.45377 0.01
r 26 0.01 0 5.1697 0.01
r 28 0.01 0 4.88564 0.01
r 30 0.01 0 4.60129 0.01
r 32 0.01 0 4.31813 0.01
r 34 0.01 0 3.73884 0.01
r 36 0.01 0 2.97845 0.01
r 38 0.01 0 1.88091 0.01
r 40 0.01 0 1.32667 0.01
r 42 0.01 0 1.88091 0.01
r 44 0.01 0 2.97845 0.01
r 46 0.01 0 3.73884 0.01
r 48 0.01 0 4.31813 0.01
r 50 0.01 0 4.60129 0.01
r 52 0.01 0 4.88564 0.01
r 54 0.01 0 5.1697 0.01
r 56 0.01 0 5.4538 0.01
r 58 0.01 0 5.73729 0.01
r 60 0.01 0 6.02052 0.01
r 62 0.01 0 6.30296 0.01
r 64 0.01 0 6.58534 0.01
r 66 0.01 0 6.86715 0.01
r 68 0.01 0 7.1478 0.01
r 70 0.01 0 7.42899 0.01
r 72 0.01 0 7.70932 0.01
r 74 0.01 0 7.98874 0.01
r 76 0.01 0 8.26943 0.01
r 78 0.01 0 8.54531 0.01
r 80 0.01 0 8.82195 0.01
s 50 2 31
r 20 0.01 0 7.42899 0.01
r 22 0.01 0 7.1478 0.01
r 24 0.01 0 6.86715 0.01
r 26 0.01 0 6.58537 0.01
r 28 0.01 0 6.30296 0.01
r 30 0.01 0 6.02044 0.01
r 32 0.01 0 5.73729 0.01
r 34 0.01 0 5.45377 0.01
r 36 0.01 0 5.1697 0.01
r 38 0.01 0 4.88564 0.01
r 40 0.01 0 4.60129 0.01
r 42 0.01 0 4.31813 0.01
r 44 0.01 0 3.73884 0.01
r 46 0.01 0 2.97845 0.01
r 48 0.01 0 1.88091 0.01
r 50 0.01 0 1.32667 0.01
r 52 0.01 0 1.88091 0.01
r 54 0.01 0 2.97845 0.01
r 56 0.01 0 3.73884 0.01
r 58 0.01 0 4.31813 0.01
r 60 0.01 0 4.60129 0.01
r 62 0.01 0 4.88541 0.01
r 64 0.01 0 5.1697 0.01
r 66 0.01 0 5.4536 0.01
r 68 0.01 0 5.73729 0.01
r 70 0.01 0 6.02052 0.01
r 72 0.01 0 6.30296 0.01
r 74 0.01 0 6.58537 0.01
r 76 0.01 0 6.86715 0.01
r 78 0.01 0 7.1478 0.01
r 80 0.01 0 7.42899 0.01
s 60 2 31
r 20 0.01 0 8.82193 0.01
r 22 0.01 0 8.54531 0.01
r 24 0.01 0 8.26939 0.01
r 26 0.01 0 7.98874 0.01
r 28 0.01 0 7.70934 0.01
r 30 0.01 0 7.42899 0.01
r 32 0.01 0 7.1478 0.01
r 34 0.01 0 6.86715 0.01
r 36 0.01 0 6.58534 0.01
r 38 0.01 0 6.30385 0.01
r 40 0.01 0 6.02044 0.01
r 42 0.01 0 5.73729 0.01
r 44 0.01 0 5.45377 0.01
r 46 0.01 0 5.1697 0.01
r 48 0.01 0 4.88541 0.01
r 50 0.01 0 4.60129 0.01
r 52 0.01 0 4.31813 0.01
r 54 0.01 0 3.73884 0.01
r 56 0.01 0 2.97845 0.01
r 58 0.01 0 1.88091 0.01
r 60 0.01 0 1.32667 0.01
r 62 0.01 0 1.88091 0.01
r 64 0.01 0 2.97845 0.01
r 66 0.01 0 3.73884 0.01
r 68 0.01 0 4.31813 0.01
r 70 0.01 0 4.60129 0.01
r 72 0.01 0 4.88564 0.01
r 74 0.01 0 5.1697 0.01
r 76 0.01 0 5.4536 0.01
r 78 0.01 0 5.73729 0.01
r 80 0.01 0 6.02044 0.01
s 70 2 31
r 20 0.01 0 10.1884 0.01
r 22 0.01 0 9.91675 0.01
r 24 0.01 0 9.64702 0.01
r 26 0.01 0 9.37199 0.01
r 28 0.01 0 9.09794 0.01
r 30 0.01 0 8.82193 0.01
r 32 0.01 0 8.54531 0.01
r 34 0.01 0 8.26939 0.01
r 36 0.01 0 7.98874 0.01
r 38 0.01 0 7.70932 0.01
r 40 0.01 0 7.42899 0.01
r 42 0.01 0 7.1478 0.01
r 44 0.01 0 6.86715 0.01
r 46 0.01 0 6.58537 0.01
r 48 0.01 0 6.30296 0.01
r 50 0.01 0 6.02052 0.01
r 52 0.01 0 5.73729 0.01
r 54 0.01 0 5.4536 0.01
r 56 0.01 0 5.1697 0.01
r 58 0.01 0 4.88564 0.01
r 60 0.01 0 4.60055 0.01
r 62 0.01 0 4.31813 0.01
r 64 0.01 0 3.73884 0.01
r 66 0.01 0 2.97845 0.01
r 68 0.01 0 1.88091 0.01
r 70 0.01 0 1.32667 0.01
r 72 0.01 0 1.88091 0.01
r 74 0.01 0 2.97845 0.01
r 76 0.01 0 3.73884 0.01
r 78 0.01 0 4.31813 0.01
r 80 0.01 0 4.60129 0.01
