2
s    30.000     2.000  180
r     2.000     0.010    0     0.000     0.050
r    10.000     0.010    0     0.000     0.050
r    18.000     0.010    0     0.000     0.050
r    26.000     0.010    0     0.000     0.050
r    34.000     0.010    0     0.000     0.050
r    42.000     0.010    0     0.000     0.050
r    50.000     0.010    0     0.000     0.050
r    58.000     0.010    0     0.000     0.050
r    66.000     0.010    0     0.000     0.050
r    74.000     0.010    0     0.000     0.050
r    82.000     0.010    0     0.000     0.050
r    90.000     0.010    0     0.000     0.050
r    98.000     0.010    0     0.000     0.050
r   106.000     0.010    0     0.000     0.050
r   110.000     0.010    0     0.000     0.050
r     2.000     0.010    1     0.000     0.050
r    10.000     0.010    1     0.000     0.050
r    18.000     0.010    1     0.000     0.050
r    26.000     0.010    1     0.000     0.050
r    34.000     0.010    1     0.000     0.050
r    42.000     0.010    1     0.000     0.050
r    50.000     0.010    1     0.000     0.050
r    58.000     0.010    1     0.000     0.050
r    66.000     0.010    1     0.000     0.050
r    74.000     0.010    1     0.000     0.050
r    82.000     0.010    1     0.000     0.050
r    90.000     0.010    1     0.000     0.050
r    98.000     0.010    1     0.000     0.050
r   106.000     0.010    1     0.000     0.050
r   110.000     0.010    1     0.000     0.050
r     2.000     0.010    6     0.000     0.050
r    10.000     0.010    6     0.000     0.050
r    18.000     0.010    6     0.000     0.050
r    26.000     0.010    6     0.000     0.050
r    34.000     0.010    6     0.000     0.050
r    42.000     0.010    6     0.000     0.050
r    50.000     0.010    6     0.000     0.050
r    58.000     0.010    6     0.000     0.050
r    66.000     0.010    6     0.000     0.050
r    74.000     0.010    6     0.000     0.050
r    82.000     0.010    6     0.000     0.050
r    90.000     0.010    6     0.000     0.050
r    98.000     0.010    6     0.000     0.050
r   106.000     0.010    6     0.000     0.050
r   110.000     0.010    6     0.000     0.050
r     2.000     0.010    7     0.000     0.050
r    10.000     0.010    7     0.000     0.050
r    18.000     0.010    7     0.000     0.050
r    26.000     0.010    7     0.000     0.050
r    34.000     0.010    7     0.000     0.050
r    42.000     0.010    7     0.000     0.050
r    50.000     0.010    7     0.000     0.050
r    58.000     0.010    7     0.000     0.050
r    66.000     0.010    7     0.000     0.050
r    74.000     0.010    7     0.000     0.050
r    82.000     0.010    7     0.000     0.050
r    90.000     0.010    7     0.000     0.050
r    98.000     0.010    7     0.000     0.050
r   106.000     0.010    7     0.000     0.050
r   110.000     0.010    7     0.000     0.050
r     2.000     0.010    8     0.000     0.050
r    10.000     0.010    8     0.000     0.050
r    18.000     0.010    8     0.000     0.050
r    26.000     0.010    8     0.000     0.050
r    34.000     0.010    8     0.000     0.050
r    42.000     0.010    8     0.000     0.050
r    50.000     0.010    8     0.000     0.050
r    58.000     0.010    8     0.000     0.050
r    66.000     0.010    8     0.000     0.050
r    74.000     0.010    8     0.000     0.050
r    82.000     0.010    8     0.000     0.050
r    90.000     0.010    8     0.000     0.050
r    98.000     0.010    8     0.000     0.050
r   106.000     0.010    8     0.000     0.050
r   110.000     0.010    8     0.000     0.050
r     2.000     0.010    9     0.000     0.050
r    10.000     0.010    9     0.000     0.050
r    18.000     0.010    9     0.000     0.050
r    26.000     0.010    9     0.000     0.050
r    34.000     0.010    9     0.000     0.050
r    42.000     0.010    9     0.000     0.050
r    50.000     0.010    9     0.000     0.050
r    58.000     0.010    9     0.000     0.050
r    66.000     0.010    9     0.000     0.050
r    74.000     0.010    9     0.000     0.050
r    82.000     0.010    9     0.000     0.050
r    90.000     0.010    9     0.000     0.050
r    98.000     0.010    9     0.000     0.050
r   106.000     0.010    9     0.000     0.050
r   110.000     0.010    9     0.000     0.050
r     2.000     0.010   10     0.000     0.050
r    10.000     0.010   10     0.000     0.050
r    18.000     0.010   10     0.000     0.050
r    26.000     0.010   10     0.000     0.050
r    34.000     0.010   10     0.000     0.050
r    42.000     0.010   10     0.000     0.050
r    50.000     0.010   10     0.000     0.050
r    58.000     0.010   10     0.000     0.050
r    66.000     0.010   10     0.000     0.050
r    74.000     0.010   10     0.000     0.050
r    82.000     0.010   10     0.000     0.050
r    90.000     0.010   10     0.000     0.050
r    98.000     0.010   10     0.000     0.050
r   106.000     0.010   10     0.000     0.050
r   110.000     0.010   10     0.000     0.050
r     2.000     0.010   11     0.000     0.050
r    10.000     0.010   11     0.000     0.050
r    18.000     0.010   11     0.000     0.050
r    26.000     0.010   11     0.000     0.050
r    34.000     0.010   11     0.000     0.050
r    42.000     0.010   11     0.000     0.050
r    50.000     0.010   11     0.000     0.050
r    58.000     0.010   11     0.000     0.050
r    66.000     0.010   11     0.000     0.050
r    74.000     0.010   11     0.000     0.050
r    82.000     0.010   11     0.000     0.050
r    90.000     0.010   11     0.000     0.050
r    98.000     0.010   11     0.000     0.050
r   106.000     0.010   11     0.000     0.050
r   110.000     0.010   11     0.000     0.050
r     2.000     0.010   12     0.000     0.050
r    10.000     0.010   12     0.000     0.050
r    18.000     0.010   12     0.000     0.050
r    26.000     0.010   12     0.000     0.050
r    34.000     0.010   12     0.000     0.050
r    42.000     0.010   12     0.000     0.050
r    50.000     0.010   12     0.000     0.050
r    58.000     0.010   12     0.000     0.050
r    66.000     0.010   12     0.000     0.050
r    74.000     0.010   12     0.000     0.050
r    82.000     0.010   12     0.000     0.050
r    90.000     0.010   12     0.000     0.050
r    98.000     0.010   12     0.000     0.050
r   106.000     0.010   12     0.000     0.050
r   110.000     0.010   12     0.000     0.050
r     2.000     0.010   13     0.000     0.050
r    10.000     0.010   13     0.000     0.050
r    18.000     0.010   13     0.000     0.050
r    26.000     0.010   13     0.000     0.050
r    34.000     0.010   13     0.000     0.050
r    42.000     0.010   13     0.000     0.050
r    50.000     0.010   13     0.000     0.050
r    58.000     0.010   13     0.000     0.050
r    66.000     0.010   13     0.000     0.050
r    74.000     0.010   13     0.000     0.050
r    82.000     0.010   13     0.000     0.050
r    90.000     0.010   13     0.000     0.050
r    98.000     0.010   13     0.000     0.050
r   106.000     0.010   13     0.000     0.050
r   110.000     0.010   13     0.000     0.050
r     2.000     0.010   14     0.000     0.050
r    10.000     0.010   14     0.000     0.050
r    18.000     0.010   14     0.000     0.050
r    26.000     0.010   14     0.000     0.050
r    34.000     0.010   14     0.000     0.050
r    42.000     0.010   14     0.000     0.050
r    50.000     0.010   14     0.000     0.050
r    58.000     0.010   14     0.000     0.050
r    66.000     0.010   14     0.000     0.050
r    74.000     0.010   14     0.000     0.050
r    82.000     0.010   14     0.000     0.050
r    90.000     0.010   14     0.000     0.050
r    98.000     0.010   14     0.000     0.050
r   106.000     0.010   14     0.000     0.050
r   110.000     0.010   14     0.000     0.050
r     2.000     0.010   15     0.000     0.050
r    10.000     0.010   15     0.000     0.050
r    18.000     0.010   15     0.000     0.050
r    26.000     0.010   15     0.000     0.050
r    34.000     0.010   15     0.000     0.050
r    42.000     0.010   15     0.000     0.050
r    50.000     0.010   15     0.000     0.050
r    58.000     0.010   15     0.000     0.050
r    66.000     0.010   15     0.000     0.050
r    74.000     0.010   15     0.000     0.050
r    82.000     0.010   15     0.000     0.050
r    90.000     0.010   15     0.000     0.050
r    98.000     0.010   15     0.000     0.050
r   106.000     0.010   15     0.000     0.050
r   110.000     0.010   15     0.000     0.050
s    50.000     2.000  180
r     2.000     0.010    0     0.000     0.050
r    10.000     0.010    0     0.000     0.050
r    18.000     0.010    0     0.000     0.050
r    26.000     0.010    0     0.000     0.050
r    34.000     0.010    0     0.000     0.050
r    42.000     0.010    0     0.000     0.050
r    50.000     0.010    0     0.000     0.050
r    58.000     0.010    0     0.000     0.050
r    66.000     0.010    0     0.000     0.050
r    74.000     0.010    0     0.000     0.050
r    82.000     0.010    0     0.000     0.050
r    90.000     0.010    0     0.000     0.050
r    98.000     0.010    0     0.000     0.050
r   106.000     0.010    0     0.000     0.050
r   110.000     0.010    0     0.000     0.050
r     2.000     0.010    1     0.000     0.050
r    10.000     0.010    1     0.000     0.050
r    18.000     0.010    1     0.000     0.050
r    26.000     0.010    1     0.000     0.050
r    34.000     0.010    1     0.000     0.050
r    42.000     0.010    1     0.000     0.050
r    50.000     0.010    1     0.000     0.050
r    58.000     0.010    1     0.000     0.050
r    66.000     0.010    1     0.000     0.050
r    74.000     0.010    1     0.000     0.050
r    82.000     0.010    1     0.000     0.050
r    90.000     0.010    1     0.000     0.050
r    98.000     0.010    1     0.000     0.050
r   106.000     0.010    1     0.000     0.050
r   110.000     0.010    1     0.000     0.050
r     2.000     0.010    6     0.000     0.050
r    10.000     0.010    6     0.000     0.050
r    18.000     0.010    6     0.000     0.050
r    26.000     0.010    6     0.000     0.050
r    34.000     0.010    6     0.000     0.050
r    42.000     0.010    6     0.000     0.050
r    50.000     0.010    6     0.000     0.050
r    58.000     0.010    6     0.000     0.050
r    66.000     0.010    6     0.000     0.050
r    74.000     0.010    6     0.000     0.050
r    82.000     0.010    6     0.000     0.050
r    90.000     0.010    6     0.000     0.050
r    98.000     0.010    6     0.000     0.050
r   106.000     0.010    6     0.000     0.050
r   110.000     0.010    6     0.000     0.050
r     2.000     0.010    7     0.000     0.050
r    10.000     0.010    7     0.000     0.050
r    18.000     0.010    7     0.000     0.050
r    26.000     0.010    7     0.000     0.050
r    34.000     0.010    7     0.000     0.050
r    42.000     0.010    7     0.000     0.050
r    50.000     0.010    7     0.000     0.050
r    58.000     0.010    7     0.000     0.050
r    66.000     0.010    7     0.000     0.050
r    74.000     0.010    7     0.000     0.050
r    82.000     0.010    7     0.000     0.050
r    90.000     0.010    7     0.000     0.050
r    98.000     0.010    7     0.000     0.050
r   106.000     0.010    7     0.000     0.050
r   110.000     0.010    7     0.000     0.050
r     2.000     0.010    8     0.000     0.050
r    10.000     0.010    8     0.000     0.050
r    18.000     0.010    8     0.000     0.050
r    26.000     0.010    8     0.000     0.050
r    34.000     0.010    8     0.000     0.050
r    42.000     0.010    8     0.000     0.050
r    50.000     0.010    8     0.000     0.050
r    58.000     0.010    8     0.000     0.050
r    66.000     0.010    8     0.000     0.050
r    74.000     0.010    8     0.000     0.050
r    82.000     0.010    8     0.000     0.050
r    90.000     0.010    8     0.000     0.050
r    98.000     0.010    8     0.000     0.050
r   106.000     0.010    8     0.000     0.050
r   110.000     0.010    8     0.000     0.050
r     2.000     0.010    9     0.000     0.050
r    10.000     0.010    9     0.000     0.050
r    18.000     0.010    9     0.000     0.050
r    26.000     0.010    9     0.000     0.050
r    34.000     0.010    9     0.000     0.050
r    42.000     0.010    9     0.000     0.050
r    50.000     0.010    9     0.000     0.050
r    58.000     0.010    9     0.000     0.050
r    66.000     0.010    9     0.000     0.050
r    74.000     0.010    9     0.000     0.050
r    82.000     0.010    9     0.000     0.050
r    90.000     0.010    9     0.000     0.050
r    98.000     0.010    9     0.000     0.050
r   106.000     0.010    9     0.000     0.050
r   110.000     0.010    9     0.000     0.050
r     2.000     0.010   10     0.000     0.050
r    10.000     0.010   10     0.000     0.050
r    18.000     0.010   10     0.000     0.050
r    26.000     0.010   10     0.000     0.050
r    34.000     0.010   10     0.000     0.050
r    42.000     0.010   10     0.000     0.050
r    50.000     0.010   10     0.000     0.050
r    58.000     0.010   10     0.000     0.050
r    66.000     0.010   10     0.000     0.050
r    74.000     0.010   10     0.000     0.050
r    82.000     0.010   10     0.000     0.050
r    90.000     0.010   10     0.000     0.050
r    98.000     0.010   10     0.000     0.050
r   106.000     0.010   10     0.000     0.050
r   110.000     0.010   10     0.000     0.050
r     2.000     0.010   11     0.000     0.050
r    10.000     0.010   11     0.000     0.050
r    18.000     0.010   11     0.000     0.050
r    26.000     0.010   11     0.000     0.050
r    34.000     0.010   11     0.000     0.050
r    42.000     0.010   11     0.000     0.050
r    50.000     0.010   11     0.000     0.050
r    58.000     0.010   11     0.000     0.050
r    66.000     0.010   11     0.000     0.050
r    74.000     0.010   11     0.000     0.050
r    82.000     0.010   11     0.000     0.050
r    90.000     0.010   11     0.000     0.050
r    98.000     0.010   11     0.000     0.050
r   106.000     0.010   11     0.000     0.050
r   110.000     0.010   11     0.000     0.050
r     2.000     0.010   12     0.000     0.050
r    10.000     0.010   12     0.000     0.050
r    18.000     0.010   12     0.000     0.050
r    26.000     0.010   12     0.000     0.050
r    34.000     0.010   12     0.000     0.050
r    42.000     0.010   12     0.000     0.050
r    50.000     0.010   12     0.000     0.050
r    58.000     0.010   12     0.000     0.050
r    66.000     0.010   12     0.000     0.050
r    74.000     0.010   12     0.000     0.050
r    82.000     0.010   12     0.000     0.050
r    90.000     0.010   12     0.000     0.050
r    98.000     0.010   12     0.000     0.050
r   106.000     0.010   12     0.000     0.050
r   110.000     0.010   12     0.000     0.050
r     2.000     0.010   13     0.000     0.050
r    10.000     0.010   13     0.000     0.050
r    18.000     0.010   13     0.000     0.050
r    26.000     0.010   13     0.000     0.050
r    34.000     0.010   13     0.000     0.050
r    42.000     0.010   13     0.000     0.050
r    50.000     0.010   13     0.000     0.050
r    58.000     0.010   13     0.000     0.050
r    66.000     0.010   13     0.000     0.050
r    74.000     0.010   13     0.000     0.050
r    82.000     0.010   13     0.000     0.050
r    90.000     0.010   13     0.000     0.050
r    98.000     0.010   13     0.000     0.050
r   106.000     0.010   13     0.000     0.050
r   110.000     0.010   13     0.000     0.050
r     2.000     0.010   14     0.000     0.050
r    10.000     0.010   14     0.000     0.050
r    18.000     0.010   14     0.000     0.050
r    26.000     0.010   14     0.000     0.050
r    34.000     0.010   14     0.000     0.050
r    42.000     0.010   14     0.000     0.050
r    50.000     0.010   14     0.000     0.050
r    58.000     0.010   14     0.000     0.050
r    66.000     0.010   14     0.000     0.050
r    74.000     0.010   14     0.000     0.050
r    82.000     0.010   14     0.000     0.050
r    90.000     0.010   14     0.000     0.050
r    98.000     0.010   14     0.000     0.050
r   106.000     0.010   14     0.000     0.050
r   110.000     0.010   14     0.000     0.050
r     2.000     0.010   15     0.000     0.050
r    10.000     0.010   15     0.000     0.050
r    18.000     0.010   15     0.000     0.050
r    26.000     0.010   15     0.000     0.050
r    34.000     0.010   15     0.000     0.050
r    42.000     0.010   15     0.000     0.050
r    50.000     0.010   15     0.000     0.050
r    58.000     0.010   15     0.000     0.050
r    66.000     0.010   15     0.000     0.050
r    74.000     0.010   15     0.000     0.050
r    82.000     0.010   15     0.000     0.050
r    90.000     0.010   15     0.000     0.050
r    98.000     0.010   15     0.000     0.050
r   106.000     0.010   15     0.000     0.050
r   110.000     0.010   15     0.000     0.050
