2
s 30 2 180
r 2 0.01 0 6.08673 0.01
r 10 0.01 0 4.95808 0.01
r 18 0.01 0 4.04252 0.01
r 26 0.01 0 2.97845 0.01
r 34 0.01 0 2.97845 0.01
r 42 0.01 0 4.32726 0.01
r 50 0.01 0 5.39149 0.01
r 58 0.01 0 6.57084 0.01
r 66 0.01 0 7.84892 0.01
r 74 0.01 0 8.92907 0.01
r 82 0.01 0 10.0882 0.01
r 90 0.01 0 11.2069 0.01
r 98 0.01 0 12.1959 0.01
r 106 0.01 0 13.225 0.01
r 110 0.01 0 13.7008 0.01
r 2 0.01 1 6.67304 0.01
r 10 0.01 1 5.65858 0.01
r 18 0.01 1 5.00032 0.01
r 26 0.01 1 4.45266 0.01
r 34 0.01 1 4.51839 0.01
r 42 0.01 1 5.13716 0.01
r 50 0.01 1 5.96071 0.01
r 58 0.01 1 7.02597 0.01
r 66 0.01 1 8.18908 0.01
r 74 0.01 1 9.12767 0.01
r 82 0.01 1 10.1532 0.01
r 90 0.01 1 11.2561 0.01
r 98 0.01 1 12.2282 0.01
r 106 0.01 1 13.2378 0.01
r 110 0.01 1 13.7505 0.01
r 2 0.01 6 9.32894 0.01
r 10 0.01 6 7.96327 0.01
r 18 0.01 6 5.18826 0.01
r 26 0.01 6 3.47263 0.01
r 34 0.01 6 3.28946 0.01
r 42 0.01 6 5.3595 0.01
r 50 0.01 6 7.43822 0.01
r 58 0.01 6 9.55746 0.01
r 66 0.01 6 11.612 0.01
r 74 0.01 6 13.5592 0.01
r 82 0.01 6 15.5017 0.01
r 90 0.01 6 16.9704 0.01
r 98 0.01 6 18.6873 0.01
r 106 0.01 6 20.3768 0.01
r 110 0.01 6 21.2113 0.01
r 2 0.01 7 6.70184 0.01
r 10 0.01 7 5.58145 0.01
r 18 0.01 7 4.70319 0.01
r 26 0.01 7 3.61305 0.01
r 34 0.01 7 3.66899 0.01
r 42 0.01 7 5.00622 0.01
r 50 0.01 7 6.06825 0.01
r 58 0.01 7 7.20434 0.01
r 66 0.01 7 8.48953 0.01
r 74 0.01 7 9.59733 0.01
r 82 0.01 7 10.7357 0.01
r 90 0.01 7 11.8125 0.01
r 98 0.01 7 12.8057 0.01
r 106 0.01 7 13.851 0.01
r 110 0.01 7 14.3262 0.01
r 2 0.01 8 10.0367 0.01
r 10 0.01 8 9.91086 0.01
r 18 0.01 8 6.35829 0.01
r 26 0.01 8 3.9373 0.01
r 34 0.01 8 3.87507 0.01
r 42 0.01 8 5.88019 0.01
r 50 0.01 8 8.03365 0.01
r 58 0.01 8 10.181 0.01
r 66 0.01 8 12.21 0.01
r 74 0.01 8 14.2211 0.01
r 82 0.01 8 16.0654 0.01
r 90 0.01 8 17.4606 0.01
r 98 0.01 8 19.1774 0.01
r 106 0.01 8 20.8687 0.01
r 110 0.01 8 21.6979 0.01
r 2 0.01 9 11.9492 0.01
r 10 0.01 9 10.6337 0.01
r 18 0.01 9 7.78092 0.01
r 26 0.01 9 6.05519 0.01
r 34 0.01 9 5.76324 0.01
r 42 0.01 9 7.82646 0.01
r 50 0.01 9 10.0372 0.01
r 58 0.01 9 12.0557 0.01
r 66 0.01 9 14.0539 0.01
r 74 0.01 9 16.1656 0.01
r 82 0.01 9 18.1776 0.01
r 90 0.01 9 19.4848 0.01
r 98 0.01 9 21.2055 0.01
r 106 0.01 9 22.9014 0.01
r 110 0.01 9 23.7393 0.01
r 2 0.01 10 9.01496 0.01
r 10 0.01 10 7.89395 0.01
r 18 0.01 10 7.01005 0.01
r 26 0.01 10 5.9347 0.01
r 34 0.01 10 5.98167 0.01
r 42 0.01 10 7.31496 0.01
r 50 0.01 10 8.37954 0.01
r 58 0.01 10 9.51556 0.01
r 66 0.01 10 10.8034 0.01
r 74 0.01 10 11.9108 0.01
r 82 0.01 10 13.0415 0.01
r 90 0.01 10 14.1051 0.01
r 98 0.01 10 15.1337 0.01
r 106 0.01 10 16.1478 0.01
r 110 0.01 10 16.6258 0.01
r 2 0.01 11 12.3522 0.01
r 10 0.01 11 12.2254 0.01
r 18 0.01 11 8.67253 0.01
r 26 0.01 11 6.24857 0.01
r 34 0.01 11 6.39118 0.01
r 42 0.01 11 7.97024 0.01
r 50 0.01 11 10.463 0.01
r 58 0.01 11 12.5617 0.01
r 66 0.01 11 14.6807 0.01
r 74 0.01 11 16.6197 0.01
r 82 0.01 11 18.5737 0.01
r 90 0.01 11 19.5841 0.01
r 98 0.01 11 21.2969 0.01
r 106 0.01 11 23.0037 0.01
r 110 0.01 11 23.8348 0.01
r 2 0.01 12 9.807 0.01
r 10 0.01 12 8.14332 0.01
r 18 0.01 12 6.86638 0.01
r 26 0.01 12 5.91972 0.01
r 34 0.01 12 5.94462 0.01
r 42 0.01 12 6.84896 0.01
r 50 0.01 12 8.23491 0.01
r 58 0.01 12 9.97473 0.01
r 66 0.01 12 11.8575 0.01
r 74 0.01 12 13.5826 0.01
r 82 0.01 12 15.3203 0.01
r 90 0.01 12 17.1037 0.01
r 98 0.01 12 18.8927 0.01
r 106 0.01 12 20.6619 0.01
r 110 0.01 12 21.5553 0.01
r 2 0.01 13 10.3169 0.01
r 10 0.01 13 8.64325 0.01
r 18 0.01 13 7.34569 0.01
r 26 0.01 13 6.3837 0.01
r 34 0.01 13 6.40474 0.01
r 42 0.01 13 7.32924 0.01
r 50 0.01 13 8.72683 0.01
r 58 0.01 13 10.4752 0.01
r 66 0.01 13 12.353 0.01
r 74 0.01 13 14.077 0.01
r 82 0.01 13 15.8092 0.01
r 90 0.01 13 17.593 0.01
r 98 0.01 13 19.3799 0.01
r 106 0.01 13 21.1357 0.01
r 110 0.01 13 22.0288 0.01
r 2 0.01 14 9.3682 0.01
r 10 0.01 14 8.24781 0.01
r 18 0.01 14 7.36954 0.01
r 26 0.01 14 6.27767 0.01
r 34 0.01 14 6.33534 0.01
r 42 0.01 14 7.67258 0.01
r 50 0.01 14 8.73461 0.01
r 58 0.01 14 9.8707 0.01
r 66 0.01 14 11.1559 0.01
r 74 0.01 14 12.2637 0.01
r 82 0.01 14 13.4021 0.01
r 90 0.01 14 14.4858 0.01
r 98 0.01 14 15.4708 0.01
r 106 0.01 14 16.5174 0.01
r 110 0.01 14 16.9925 0.01
r 2 0.01 15 12.7031 0.01
r 10 0.01 15 12.5772 0.01
r 18 0.01 15 9.02465 0.01
r 26 0.01 15 6.60344 0.01
r 34 0.01 15 6.52485 0.01
r 42 0.01 15 8.38742 0.01
r 50 0.01 15 10.7 0.01
r 58 0.01 15 12.8473 0.01
r 66 0.01 15 14.8764 0.01
r 74 0.01 15 16.8875 0.01
r 82 0.01 15 18.744 0.01
r 90 0.01 15 19.9637 0.01
r 98 0.01 15 21.674 0.01
r 106 0.01 15 23.3785 0.01
r 110 0.01 15 24.2249 0.01
s 50 2 180
r 2 0.01 0 8.96638 0.01
r 10 0.01 0 7.83777 0.01
r 18 0.01 0 6.92169 0.01
r 26 0.01 0 5.89889 0.01
r 34 0.01 0 4.82073 0.01
r 42 0.01 0 3.87664 0.01
r 50 0.01 0 1.32667 0.01
r 58 0.01 0 3.9547 0.01
r 66 0.01 0 5.22976 0.01
r 74 0.01 0 6.31288 0.01
r 82 0.01 0 7.46953 0.01
r 90 0.01 0 8.66924 0.01
r 98 0.01 0 9.78344 0.01
r 106 0.01 0 10.9748 0.01
r 110 0.01 0 11.5299 0.01
r 2 0.01 1 9.21377 0.01
r 10 0.01 1 8.21463 0.01
r 18 0.01 1 7.34274 0.01
r 26 0.01 1 6.40908 0.01
r 34 0.01 1 5.47636 0.01
r 42 0.01 1 4.89019 0.01
r 50 0.01 1 4.57943 0.01
r 58 0.01 1 4.9531 0.01
r 66 0.01 1 5.92933 0.01
r 74 0.01 1 6.86911 0.01
r 82 0.01 1 7.91084 0.01
r 90 0.01 1 9.03285 0.01
r 98 0.01 1 10.0174 0.01
r 106 0.01 1 11.0617 0.01
r 110 0.01 1 11.5794 0.01
r 2 0.01 6 14.2569 0.01
r 10 0.01 6 12.1049 0.01
r 18 0.01 6 10.1779 0.01
r 26 0.01 6 8.50444 0.01
r 34 0.01 6 6.29398 0.01
r 42 0.01 6 4.45016 0.01
r 50 0.01 6 2.97678 0.01
r 58 0.01 6 4.62039 0.01
r 66 0.01 6 6.57422 0.01
r 74 0.01 6 8.57703 0.01
r 82 0.01 6 10.6477 0.01
r 90 0.01 6 12.5035 0.01
r 98 0.01 6 14.4456 0.01
r 106 0.01 6 16.344 0.01
r 110 0.01 6 17.2686 0.01
r 2 0.01 7 9.70558 0.01
r 10 0.01 7 8.58401 0.01
r 18 0.01 7 7.70419 0.01
r 26 0.01 7 6.62601 0.01
r 34 0.01 7 5.56891 0.01
r 42 0.01 7 4.66502 0.01
r 50 0.01 7 3.52376 0.01
r 58 0.01 7 4.64834 0.01
r 66 0.01 7 5.93756 0.01
r 74 0.01 7 7.04613 0.01
r 82 0.01 7 8.17074 0.01
r 90 0.01 7 9.40691 0.01
r 98 0.01 7 10.5199 0.01
r 106 0.01 7 11.7058 0.01
r 110 0.01 7 12.239 0.01
r 2 0.01 8 14.7901 0.01
r 10 0.01 8 12.724 0.01
r 18 0.01 8 11.2057 0.01
r 26 0.01 8 9.1491 0.01
r 34 0.01 8 8.71883 0.01
r 42 0.01 8 5.09044 0.01
r 50 0.01 8 3.53114 0.01
r 58 0.01 8 5.25103 0.01
r 66 0.01 8 7.54497 0.01
r 74 0.01 8 9.66495 0.01
r 82 0.01 8 11.7276 0.01
r 90 0.01 8 13.7702 0.01
r 98 0.01 8 15.7566 0.01
r 106 0.01 8 17.7296 0.01
r 110 0.01 8 18.6575 0.01
r 2 0.01 9 16.9275 0.01
r 10 0.01 9 14.826 0.01
r 18 0.01 9 12.6969 0.01
r 26 0.01 9 11.1536 0.01
r 34 0.01 9 8.87953 0.01
r 42 0.01 9 6.91319 0.01
r 50 0.01 9 5.64369 0.01
r 58 0.01 9 7.23547 0.01
r 66 0.01 9 9.19646 0.01
r 74 0.01 9 11.2065 0.01
r 82 0.01 9 13.2682 0.01
r 90 0.01 9 15.1276 0.01
r 98 0.01 9 17.1039 0.01
r 106 0.01 9 19.01 0.01
r 110 0.01 9 19.9347 0.01
r 2 0.01 10 12.4599 0.01
r 10 0.01 10 11.3395 0.01
r 18 0.01 10 10.4501 0.01
r 26 0.01 10 9.38558 0.01
r 34 0.01 10 8.32438 0.01
r 42 0.01 10 7.41899 0.01
r 50 0.01 10 6.252 0.01
r 58 0.01 10 7.40356 0.01
r 66 0.01 10 8.69179 0.01
r 74 0.01 10 9.7986 0.01
r 82 0.01 10 10.9246 0.01
r 90 0.01 10 12.1613 0.01
r 98 0.01 10 13.2756 0.01
r 106 0.01 10 14.4617 0.01
r 110 0.01 10 14.9956 0.01
r 2 0.01 11 17.7581 0.01
r 10 0.01 11 15.6283 0.01
r 18 0.01 11 15.0946 0.01
r 26 0.01 11 12.0885 0.01
r 34 0.01 11 11.8907 0.01
r 42 0.01 11 7.50801 0.01
r 50 0.01 11 6.28719 0.01
r 58 0.01 11 7.99642 0.01
r 66 0.01 11 10.3028 0.01
r 74 0.01 11 12.4233 0.01
r 82 0.01 11 14.487 0.01
r 90 0.01 11 16.5333 0.01
r 98 0.01 11 18.5108 0.01
r 106 0.01 11 20.4897 0.01
r 110 0.01 11 21.4176 0.01
r 2 0.01 12 14.1486 0.01
r 10 0.01 12 12.3622 0.01
r 18 0.01 12 10.715 0.01
r 26 0.01 12 9.05379 0.01
r 34 0.01 12 7.47902 0.01
r 42 0.01 12 6.33647 0.01
r 50 0.01 12 5.83533 0.01
r 58 0.01 12 6.41862 0.01
r 66 0.01 12 7.8406 0.01
r 74 0.01 12 9.46184 0.01
r 82 0.01 12 11.2194 0.01
r 90 0.01 12 13.0056 0.01
r 98 0.01 12 14.7939 0.01
r 106 0.01 12 16.5494 0.01
r 110 0.01 12 17.4412 0.01
r 2 0.01 13 14.76 0.01
r 10 0.01 13 12.9829 0.01
r 18 0.01 13 11.3465 0.01
r 26 0.01 13 9.6691 0.01
r 34 0.01 13 8.06784 0.01
r 42 0.01 13 6.91683 0.01
r 50 0.01 13 6.38954 0.01
r 58 0.01 13 7.02292 0.01
r 66 0.01 13 8.44928 0.01
r 74 0.01 13 10.09 0.01
r 82 0.01 13 11.8366 0.01
r 90 0.01 13 13.621 0.01
r 98 0.01 13 15.4089 0.01
r 106 0.01 13 17.1662 0.01
r 110 0.01 13 18.0589 0.01
r 2 0.01 14 12.3719 0.01
r 10 0.01 14 11.2504 0.01
r 18 0.01 14 10.3705 0.01
r 26 0.01 14 9.29237 0.01
r 34 0.01 14 8.23527 0.01
r 42 0.01 14 7.33138 0.01
r 50 0.01 14 6.18419 0.01
r 58 0.01 14 7.3147 0.01
r 66 0.01 14 8.60392 0.01
r 74 0.01 14 9.71249 0.01
r 82 0.01 14 10.8371 0.01
r 90 0.01 14 12.0733 0.01
r 98 0.01 14 13.1863 0.01
r 106 0.01 14 14.3721 0.01
r 110 0.01 14 14.9054 0.01
r 2 0.01 15 17.4565 0.01
r 10 0.01 15 15.3903 0.01
r 18 0.01 15 13.8721 0.01
r 26 0.01 15 11.8155 0.01
r 34 0.01 15 11.3752 0.01
r 42 0.01 15 7.63342 0.01
r 50 0.01 15 6.19754 0.01
r 58 0.01 15 7.90784 0.01
r 66 0.01 15 10.2113 0.01
r 74 0.01 15 12.3313 0.01
r 82 0.01 15 14.394 0.01
r 90 0.01 15 16.4366 0.01
r 98 0.01 15 18.4229 0.01
r 106 0.01 15 20.396 0.01
r 110 0.01 15 21.3239 0.01
