5
s 30 2 17
r 2 0.01 7 7.43517 0.01
r 10 0.01 7 6.19988 0.01
r 18 0.01 7 5.1598 0.01
r 42 0.01 7 5.4772 0.01
r 50 0.01 7 6.69435 0.01
r 58 0.01 7 7.9255 0.01
r 66 0.01 7 8.95124 0.01
r 74 0.01 7 9.88971 0.01
r 82 0.01 7 10.9179 0.01
r 90 0.01 7 11.8582 0.01
r 98 0.01 7 12.8454 0.01
r 106 0.01 7 13.8113 0.01
r 114 0.01 7 14.7459 0.01
r 122 0.01 7 15.7045 0.01
r 130 0.01 7 16.7174 0.01
r 138 0.01 7 17.6793 0.01
r 146 0.01 7 18.6375 0.01
s 50 2 16
r 2 0.01 7 10.2468 0.01
r 10 0.01 7 9.24907 0.01
r 18 0.01 7 8.45218 0.01
r 26 0.01 7 7.30997 0.01
r 34 0.01 7 6.14348 0.01
r 66 0.01 7 6.24416 0.01
r 74 0.01 7 7.52029 0.01
r 82 0.01 7 8.73534 0.01
r 90 0.01 7 9.70493 0.01
r 98 0.01 7 10.7087 0.01
r 106 0.01 7 11.7139 0.01
r 114 0.01 7 12.6775 0.01
r 122 0.01 7 13.6485 0.01
r 130 0.01 7 14.6634 0.01
r 138 0.01 7 15.6252 0.01
r 146 0.01 7 16.5833 0.01
s 70 2 17
r 2 0.01 7 12.6207 0.01
r 10 0.01 7 11.6563 0.01
r 18 0.01 7 10.8867 0.01
r 26 0.01 7 9.92709 0.01
r 34 0.01 7 8.99546 0.01
r 42 0.01 7 8.19852 0.01
r 50 0.01 7 6.86718 0.01
r 58 0.01 7 5.58928 0.01
r 82 0.01 7 5.50104 0.01
r 90 0.01 7 6.68985 0.01
r 98 0.01 7 7.94649 0.01
r 106 0.01 7 9.15821 0.01
r 114 0.01 7 10.1485 0.01
r 122 0.01 7 11.1468 0.01
r 130 0.01 7 12.1987 0.01
r 138 0.01 7 13.1766 0.01
r 146 0.01 7 14.1344 0.01
s 90 2 16
r 2 0.01 7 14.886 0.01
r 10 0.01 7 13.9527 0.01
r 18 0.01 7 13.2261 0.01
r 26 0.01 7 12.2749 0.01
r 34 0.01 7 11.3641 0.01
r 42 0.01 7 10.5761 0.01
r 50 0.01 7 9.60824 0.01
r 58 0.01 7 8.59181 0.01
r 66 0.01 7 7.28597 0.01
r 74 0.01 7 6.008 0.01
r 106 0.01 7 5.92523 0.01
r 114 0.01 7 7.18246 0.01
r 122 0.01 7 8.41732 0.01
r 130 0.01 7 9.65595 0.01
r 138 0.01 7 10.6641 0.01
r 146 0.01 7 11.6582 0.01
s 110 2 17
r 2 0.01 7 17.2457 0.01
r 10 0.01 7 16.3126 0.01
r 18 0.01 7 15.5965 0.01
r 26 0.01 7 14.6692 0.01
r 34 0.01 7 13.7878 0.01
r 42 0.01 7 13.0326 0.01
r 50 0.01 7 12.092 0.01
r 58 0.01 7 11.1399 0.01
r 66 0.01 7 10.072 0.01
r 74 0.01 7 9.08895 0.01
r 82 0.01 7 7.8907 0.01
r 90 0.01 7 6.55672 0.01
r 98 0.01 7 5.27466 0.01
r 122 0.01 7 5.24386 0.01
r 130 0.01 7 6.59349 0.01
r 138 0.01 7 7.88332 0.01
r 146 0.01 7 9.09829 0.01
