17
s   282.729     1.030  106
r    92.765     0.010    0     0.000     0.000
r    98.607     0.010    0     0.000     0.000
r   104.468     0.010    0     0.000     0.000
r   124.837     0.010    0     0.000     0.000
r   231.284     0.010    0     0.000     0.000
r   231.988     0.010    0     0.000     0.000
r   232.698     0.010    0     0.000     0.000
r   233.416     0.010    0     0.000     0.000
r   234.113     0.010    0     0.000     0.000
r   234.809     0.010    0     0.000     0.000
r   235.530     0.010    0     0.000     0.000
r   236.240     0.010    0     0.000     0.000
r   236.964     0.010    0     0.000     0.000
r   237.692     0.010    0     0.000     0.000
r   238.424     0.010    0     0.000     0.000
r   239.190     0.010    0     0.000     0.000
r   239.970     0.010    0     0.000     0.000
r   240.744     0.010    0     0.000     0.000
r   241.508     0.010    0     0.000     0.000
r   242.274     0.010    0     0.000     0.000
r   242.995     0.010    0     0.000     0.000
r   243.718     0.010    0     0.000     0.000
r   244.461     0.010    0     0.000     0.000
r   245.240     0.010    0     0.000     0.000
r   245.976     0.010    0     0.000     0.000
r   246.735     0.010    0     0.000     0.000
r   247.521     0.010    0     0.000     0.000
r   248.298     0.010    0     0.000     0.000
r   249.086     0.010    0     0.000     0.000
r   249.860     0.010    0     0.000     0.000
r   250.632     0.010    0     0.000     0.000
r   251.410     0.010    0     0.000     0.000
r   252.364     0.010    0     0.000     0.000
r   253.174     0.010    0     0.000     0.000
r   253.946     0.010    0     0.000     0.000
r   254.728     0.010    0     0.000     0.000
r   255.499     0.010    0     0.000     0.000
r   256.273     0.010    0     0.000     0.000
r   257.047     0.010    0     0.000     0.000
r   257.843     0.010    0     0.000     0.000
r   258.641     0.010    0     0.000     0.000
r   259.439     0.010    0     0.000     0.000
r   260.230     0.010    0     0.000     0.000
r   261.015     0.010    0     0.000     0.000
r   261.813     0.010    0     0.000     0.000
r   262.625     0.010    0     0.000     0.000
r   263.434     0.010    0     0.000     0.000
r   264.243     0.010    0     0.000     0.000
r   265.054     0.010    0     0.000     0.000
r   265.882     0.010    0     0.000     0.000
r   266.699     0.010    0     0.000     0.000
r   267.511     0.010    0     0.000     0.000
r   268.320     0.010    0     0.000     0.000
r   269.119     0.010    0     0.000     0.000
r   269.918     0.010    0     0.000     0.000
r   270.713     0.010    0     0.000     0.000
r   271.520     0.010    0     0.000     0.000
r   272.324     0.010    0     0.000     0.000
r   273.133     0.010    0     0.000     0.000
r   273.939     0.010    0     0.000     0.000
r   274.748     0.010    0     0.000     0.000
r   275.573     0.010    0     0.000     0.000
r   276.399     0.010    0     0.000     0.000
r   277.207     0.010    0     0.000     0.000
r   289.065     0.010    0     0.000     0.000
r   292.144     0.010    0     0.000     0.000
r   294.032     0.010    0     0.000     0.000
r   295.732     0.010    0     0.000     0.000
r   298.040     0.010    0     0.000     0.000
r   301.085     0.010    0     0.000     0.000
r   304.998     0.010    0     0.000     0.000
r   307.662     0.010    0     0.000     0.000
r   311.105     0.010    0     0.000     0.000
r   313.443     0.010    0     0.000     0.000
r   315.778     0.010    0     0.000     0.000
r   319.277     0.010    0     0.000     0.000
r   322.056     0.010    0     0.000     0.000
r   324.360     0.010    0     0.000     0.000
r   326.853     0.010    0     0.000     0.000
r   329.197     0.010    0     0.000     0.000
r   331.372     0.010    0     0.000     0.000
r   333.369     0.010    0     0.000     0.000
r   336.645     0.010    0     0.000     0.000
r   339.983     0.010    0     0.000     0.000
r   343.001     0.010    0     0.000     0.000
r   347.308     0.010    0     0.000     0.000
r   350.953     0.010    0     0.000     0.000
r   284.890     0.010    0     0.000     0.000
r   285.684     0.010    0     0.000     0.000
r   286.488     0.010    0     0.000     0.000
r   323.604     0.010    1     0.000     0.000
r   326.383     0.010    1     0.000     0.000
r   329.358     0.010    1     0.000     0.000
r   331.372     0.010    1     0.000     0.000
r   333.226     0.010    1     0.000     0.000
r   334.905     0.010    1     0.000     0.000
r   337.288     0.010    1     0.000     0.000
r   339.513     0.010    1     0.000     0.000
r   341.403     0.010    1     0.000     0.000
r   343.329     0.010    1     0.000     0.000
r   345.090     0.010    1     0.000     0.000
r   346.679     0.010    1     0.000     0.000
r   351.272     0.010    1     0.000     0.000
r   357.896     0.010    1     0.000     0.000
r   363.167     0.010    1     0.000     0.000
r   367.176     0.010    1     0.000     0.000
s   276.757     1.560  207
r    89.794     0.010    0     0.000     0.000
r    96.881     0.010    0     0.000     0.000
r   100.777     0.010    0     0.000     0.000
r   103.988     0.010    0     0.000     0.000
r   104.793     0.010    0     0.000     0.000
r   105.574     0.010    0     0.000     0.000
r   106.368     0.010    0     0.000     0.000
r   107.145     0.010    0     0.000     0.000
r   107.923     0.010    0     0.000     0.000
r   108.694     0.010    0     0.000     0.000
r   109.479     0.010    0     0.000     0.000
r   110.265     0.010    0     0.000     0.000
r   140.929     0.010    0     0.000     0.000
r   146.405     0.010    0     0.000     0.000
r   224.808     0.010    0     0.000     0.000
r   225.529     0.010    0     0.000     0.000
r   226.274     0.010    0     0.000     0.000
r   227.006     0.010    0     0.000     0.000
r   227.737     0.010    0     0.000     0.000
r   228.461     0.010    0     0.000     0.000
r   229.179     0.010    0     0.000     0.000
r   229.883     0.010    0     0.000     0.000
r   230.577     0.010    0     0.000     0.000
r   231.284     0.010    0     0.000     0.000
r   231.988     0.010    0     0.000     0.000
r   232.698     0.010    0     0.000     0.000
r   233.416     0.010    0     0.000     0.000
r   234.112     0.010    0     0.000     0.000
r   234.809     0.010    0     0.000     0.000
r   235.530     0.010    0     0.000     0.000
r   236.240     0.010    0     0.000     0.000
r   236.964     0.010    0     0.000     0.000
r   237.692     0.010    0     0.000     0.000
r   238.424     0.010    0     0.000     0.000
r   239.190     0.010    0     0.000     0.000
r   239.970     0.010    0     0.000     0.000
r   240.744     0.010    0     0.000     0.000
r   241.508     0.010    0     0.000     0.000
r   242.274     0.010    0     0.000     0.000
r   242.995     0.010    0     0.000     0.000
r   243.717     0.010    0     0.000     0.000
r   244.461     0.010    0     0.000     0.000
r   245.240     0.010    0     0.000     0.000
r   245.976     0.010    0     0.000     0.000
r   246.735     0.010    0     0.000     0.000
r   247.521     0.010    0     0.000     0.000
r   248.298     0.010    0     0.000     0.000
r   249.085     0.010    0     0.000     0.000
r   249.859     0.010    0     0.000     0.000
r   250.632     0.010    0     0.000     0.000
r   251.410     0.010    0     0.000     0.000
r   252.199     0.010    0     0.000     0.000
r   253.009     0.010    0     0.000     0.000
r   253.795     0.010    0     0.000     0.000
r   254.566     0.010    0     0.000     0.000
r   255.348     0.010    0     0.000     0.000
r   256.122     0.010    0     0.000     0.000
r   256.896     0.010    0     0.000     0.000
r   257.681     0.010    0     0.000     0.000
r   258.479     0.010    0     0.000     0.000
r   259.278     0.010    0     0.000     0.000
r   260.068     0.010    0     0.000     0.000
r   260.864     0.010    0     0.000     0.000
r   261.651     0.010    0     0.000     0.000
r   262.460     0.010    0     0.000     0.000
r   263.272     0.010    0     0.000     0.000
r   264.081     0.010    0     0.000     0.000
r   264.892     0.010    0     0.000     0.000
r   265.713     0.010    0     0.000     0.000
r   266.537     0.010    0     0.000     0.000
r   267.346     0.010    0     0.000     0.000
r   268.158     0.010    0     0.000     0.000
r   268.955     0.010    0     0.000     0.000
r   269.750     0.010    0     0.000     0.000
r   270.559     0.010    0     0.000     0.000
r   271.355     0.010    0     0.000     0.000
r   272.162     0.010    0     0.000     0.000
r   272.971     0.010    0     0.000     0.000
r   281.217     0.010    0     0.000     0.000
r   282.021     0.010    0     0.000     0.000
r   282.811     0.010    0     0.000     0.000
r   283.602     0.010    0     0.000     0.000
r   284.403     0.010    0     0.000     0.000
r   285.205     0.010    0     0.000     0.000
r   286.012     0.010    0     0.000     0.000
r   286.813     0.010    0     0.000     0.000
r   287.625     0.010    0     0.000     0.000
r   288.420     0.010    0     0.000     0.000
r   289.226     0.010    0     0.000     0.000
r   290.040     0.010    0     0.000     0.000
r   290.849     0.010    0     0.000     0.000
r   291.668     0.010    0     0.000     0.000
r   292.469     0.010    0     0.000     0.000
r   293.252     0.010    0     0.000     0.000
r   294.032     0.010    0     0.000     0.000
r   294.812     0.010    0     0.000     0.000
r   295.578     0.010    0     0.000     0.000
r   296.347     0.010    0     0.000     0.000
r   297.117     0.010    0     0.000     0.000
r   297.889     0.010    0     0.000     0.000
r   298.653     0.010    0     0.000     0.000
r   299.421     0.010    0     0.000     0.000
r   300.178     0.010    0     0.000     0.000
r   300.934     0.010    0     0.000     0.000
r   301.702     0.010    0     0.000     0.000
r   302.494     0.010    0     0.000     0.000
r   303.286     0.010    0     0.000     0.000
r   304.060     0.010    0     0.000     0.000
r   304.844     0.010    0     0.000     0.000
r   305.632     0.010    0     0.000     0.000
r   306.419     0.010    0     0.000     0.000
r   307.196     0.010    0     0.000     0.000
r   307.976     0.010    0     0.000     0.000
r   308.759     0.010    0     0.000     0.000
r   309.536     0.010    0     0.000     0.000
r   310.320     0.010    0     0.000     0.000
r   311.105     0.010    0     0.000     0.000
r   311.881     0.010    0     0.000     0.000
r   312.666     0.010    0     0.000     0.000
r   313.443     0.010    0     0.000     0.000
r   314.220     0.010    0     0.000     0.000
r   315.004     0.010    0     0.000     0.000
r   315.778     0.010    0     0.000     0.000
r   316.555     0.010    0     0.000     0.000
r   317.350     0.010    0     0.000     0.000
r   318.159     0.010    0     0.000     0.000
r   318.954     0.010    0     0.000     0.000
r   319.746     0.010    0     0.000     0.000
r   320.523     0.010    0     0.000     0.000
r   321.300     0.010    0     0.000     0.000
r   322.055     0.010    0     0.000     0.000
r   322.835     0.010    0     0.000     0.000
r   323.604     0.010    0     0.000     0.000
r   324.360     0.010    0     0.000     0.000
r   325.126     0.010    0     0.000     0.000
r   325.921     0.010    0     0.000     0.000
r   326.692     0.010    0     0.000     0.000
r   327.476     0.010    0     0.000     0.000
r   328.266     0.010    0     0.000     0.000
r   329.049     0.010    0     0.000     0.000
r   329.820     0.010    0     0.000     0.000
r   330.589     0.010    0     0.000     0.000
r   331.372     0.010    0     0.000     0.000
r   332.297     0.010    0     0.000     0.000
r   333.072     0.010    0     0.000     0.000
r   333.826     0.010    0     0.000     0.000
r   334.590     0.010    0     0.000     0.000
r   335.373     0.010    0     0.000     0.000
r   336.166     0.010    0     0.000     0.000
r   336.970     0.010    0     0.000     0.000
r   337.770     0.010    0     0.000     0.000
r   338.557     0.010    0     0.000     0.000
r   339.352     0.010    0     0.000     0.000
r   340.144     0.010    0     0.000     0.000
r   340.933     0.010    0     0.000     0.000
r   341.718     0.010    0     0.000     0.000
r   342.522     0.010    0     0.000     0.000
r   343.329     0.010    0     0.000     0.000
r   344.133     0.010    0     0.000     0.000
r   344.926     0.010    0     0.000     0.000
r   345.727     0.010    0     0.000     0.000
r   346.515     0.010    0     0.000     0.000
r   347.308     0.010    0     0.000     0.000
r   348.091     0.010    0     0.000     0.000
r   348.890     0.010    0     0.000     0.000
r   349.680     0.010    0     0.000     0.000
r   350.483     0.010    0     0.000     0.000
r   351.272     0.010    0     0.000     0.000
r   279.447     0.010    0     0.000     0.000
r   280.262     0.010    0     0.000     0.000
r   120.697     0.010    1     0.000     0.000
r   126.872     0.010    1     0.000     0.000
r   137.263     0.010    1     0.000     0.000
r   146.717     0.010    1     0.000     0.000
r   153.633     0.010    1     0.000     0.000
r   324.975     0.010    1     0.000     0.000
r   325.760     0.010    1     0.000     0.000
r   326.544     0.010    1     0.000     0.000
r   327.326     0.010    1     0.000     0.000
r   328.107     0.010    1     0.000     0.000
r   328.891     0.010    1     0.000     0.000
r   329.669     0.010    1     0.000     0.000
r   330.435     0.010    1     0.000     0.000
r   331.207     0.010    1     0.000     0.000
r   332.147     0.010    1     0.000     0.000
r   332.922     0.010    1     0.000     0.000
r   333.675     0.010    1     0.000     0.000
r   334.590     0.010    1     0.000     0.000
r   335.534     0.010    1     0.000     0.000
r   336.327     0.010    1     0.000     0.000
r   337.134     0.010    1     0.000     0.000
r   337.931     0.010    1     0.000     0.000
r   338.718     0.010    1     0.000     0.000
r   339.513     0.010    1     0.000     0.000
r   340.305     0.010    1     0.000     0.000
r   341.092     0.010    1     0.000     0.000
r   341.882     0.010    1     0.000     0.000
r   342.686     0.010    1     0.000     0.000
r   343.979     0.010    1     0.000     0.000
r   345.090     0.010    1     0.000     0.000
r   346.515     0.010    1     0.000     0.000
r   347.937     0.010    1     0.000     0.000
r   348.890     0.010    1     0.000     0.000
r   361.732     0.010    1     0.000     0.000
r   365.109     0.010    1     0.000     0.000
r   370.187     0.010    1     0.000     0.000
r   376.219     0.010    1     0.000     0.000
s   270.805     2.080  205
r    90.724     0.010    0     0.000     0.000
r    97.042     0.010    0     0.000     0.000
r   103.522     0.010    0     0.000     0.000
r   109.952     0.010    0     0.000     0.000
r   114.957     0.010    0     0.000     0.000
r   225.973     0.010    0     0.000     0.000
r   226.715     0.010    0     0.000     0.000
r   227.436     0.010    0     0.000     0.000
r   228.167     0.010    0     0.000     0.000
r   228.888     0.010    0     0.000     0.000
r   229.595     0.010    0     0.000     0.000
r   230.300     0.010    0     0.000     0.000
r   230.993     0.010    0     0.000     0.000
r   231.700     0.010    0     0.000     0.000
r   232.407     0.010    0     0.000     0.000
r   233.265     0.010    0     0.000     0.000
r   233.972     0.010    0     0.000     0.000
r   234.669     0.010    0     0.000     0.000
r   235.809     0.010    0     0.000     0.000
r   237.251     0.010    0     0.000     0.000
r   239.039     0.010    0     0.000     0.000
r   240.744     0.010    0     0.000     0.000
r   243.131     0.010    0     0.000     0.000
r   244.461     0.010    0     0.000     0.000
r   245.239     0.010    0     0.000     0.000
r   245.975     0.010    0     0.000     0.000
r   246.734     0.010    0     0.000     0.000
r   247.520     0.010    0     0.000     0.000
r   248.297     0.010    0     0.000     0.000
r   249.236     0.010    0     0.000     0.000
r   250.013     0.010    0     0.000     0.000
r   250.785     0.010    0     0.000     0.000
r   251.574     0.010    0     0.000     0.000
r   252.363     0.010    0     0.000     0.000
r   253.173     0.010    0     0.000     0.000
r   253.945     0.010    0     0.000     0.000
r   254.727     0.010    0     0.000     0.000
r   255.498     0.010    0     0.000     0.000
r   256.273     0.010    0     0.000     0.000
r   257.047     0.010    0     0.000     0.000
r   257.842     0.010    0     0.000     0.000
r   258.640     0.010    0     0.000     0.000
r   259.439     0.010    0     0.000     0.000
r   260.229     0.010    0     0.000     0.000
r   261.014     0.010    0     0.000     0.000
r   261.812     0.010    0     0.000     0.000
r   262.624     0.010    0     0.000     0.000
r   263.433     0.010    0     0.000     0.000
r   264.242     0.010    0     0.000     0.000
r   265.053     0.010    0     0.000     0.000
r   265.881     0.010    0     0.000     0.000
r   274.260     0.010    0     0.000     0.000
r   275.072     0.010    0     0.000     0.000
r   275.901     0.010    0     0.000     0.000
r   276.728     0.010    0     0.000     0.000
r   277.528     0.010    0     0.000     0.000
r   278.323     0.010    0     0.000     0.000
r   279.124     0.010    0     0.000     0.000
r   279.933     0.010    0     0.000     0.000
r   280.738     0.010    0     0.000     0.000
r   281.542     0.010    0     0.000     0.000
r   282.332     0.010    0     0.000     0.000
r   283.126     0.010    0     0.000     0.000
r   283.927     0.010    0     0.000     0.000
r   284.728     0.010    0     0.000     0.000
r   285.530     0.010    0     0.000     0.000
r   286.326     0.010    0     0.000     0.000
r   287.138     0.010    0     0.000     0.000
r   287.939     0.010    0     0.000     0.000
r   288.742     0.010    0     0.000     0.000
r   289.556     0.010    0     0.000     0.000
r   290.365     0.010    0     0.000     0.000
r   291.181     0.010    0     0.000     0.000
r   291.993     0.010    0     0.000     0.000
r   292.784     0.010    0     0.000     0.000
r   293.567     0.010    0     0.000     0.000
r   294.346     0.010    0     0.000     0.000
r   295.113     0.010    0     0.000     0.000
r   295.882     0.010    0     0.000     0.000
r   296.662     0.010    0     0.000     0.000
r   297.431     0.010    0     0.000     0.000
r   298.193     0.010    0     0.000     0.000
r   298.960     0.010    0     0.000     0.000
r   299.728     0.010    0     0.000     0.000
r   300.482     0.010    0     0.000     0.000
r   301.231     0.010    0     0.000     0.000
r   302.020     0.010    0     0.000     0.000
r   302.816     0.010    0     0.000     0.000
r   303.597     0.010    0     0.000     0.000
r   304.371     0.010    0     0.000     0.000
r   305.159     0.010    0     0.000     0.000
r   305.943     0.010    0     0.000     0.000
r   306.731     0.010    0     0.000     0.000
r   307.510     0.010    0     0.000     0.000
r   308.290     0.010    0     0.000     0.000
r   309.073     0.010    0     0.000     0.000
r   309.847     0.010    0     0.000     0.000
r   310.631     0.010    0     0.000     0.000
r   311.416     0.010    0     0.000     0.000
r   312.203     0.010    0     0.000     0.000
r   312.977     0.010    0     0.000     0.000
r   313.754     0.010    0     0.000     0.000
r   314.531     0.010    0     0.000     0.000
r   315.316     0.010    0     0.000     0.000
r   316.089     0.010    0     0.000     0.000
r   316.877     0.010    0     0.000     0.000
r   317.672     0.010    0     0.000     0.000
r   318.481     0.010    0     0.000     0.000
r   319.276     0.010    0     0.000     0.000
r   320.058     0.010    0     0.000     0.000
r   320.834     0.010    0     0.000     0.000
r   321.604     0.010    0     0.000     0.000
r   322.370     0.010    0     0.000     0.000
r   323.149     0.010    0     0.000     0.000
r   323.905     0.010    0     0.000     0.000
r   324.671     0.010    0     0.000     0.000
r   325.448     0.010    0     0.000     0.000
r   326.232     0.010    0     0.000     0.000
r   327.003     0.010    0     0.000     0.000
r   327.798     0.010    0     0.000     0.000
r   328.585     0.010    0     0.000     0.000
r   329.357     0.010    0     0.000     0.000
r   330.123     0.010    0     0.000     0.000
r   330.903     0.010    0     0.000     0.000
r   331.675     0.010    0     0.000     0.000
r   332.450     0.010    0     0.000     0.000
r   333.225     0.010    0     0.000     0.000
r   333.979     0.010    0     0.000     0.000
r   334.740     0.010    0     0.000     0.000
r   335.534     0.010    0     0.000     0.000
r   336.327     0.010    0     0.000     0.000
r   337.134     0.010    0     0.000     0.000
r   337.930     0.010    0     0.000     0.000
r   338.718     0.010    0     0.000     0.000
r   339.513     0.010    0     0.000     0.000
r   340.305     0.010    0     0.000     0.000
r   341.091     0.010    0     0.000     0.000
r   341.882     0.010    0     0.000     0.000
r   342.686     0.010    0     0.000     0.000
r   343.490     0.010    0     0.000     0.000
r   344.294     0.010    0     0.000     0.000
r   345.090     0.010    0     0.000     0.000
r   345.877     0.010    0     0.000     0.000
r   346.678     0.010    0     0.000     0.000
r   347.469     0.010    0     0.000     0.000
r   348.254     0.010    0     0.000     0.000
r   350.322     0.010    0     0.000     0.000
r   352.392     0.010    0     0.000     0.000
r   355.368     0.010    0     0.000     0.000
r   359.503     0.010    0     0.000     0.000
r   363.005     0.010    0     0.000     0.000
r   365.910     0.010    0     0.000     0.000
r   370.810     0.010    0     0.000     0.000
r   121.022     0.010    1     0.000     0.000
r   126.098     0.010    1     0.000     0.000
r   130.213     0.010    1     0.000     0.000
r   136.307     0.010    1     0.000     0.000
r   142.064     0.010    1     0.000     0.000
r   145.918     0.010    1     0.000     0.000
r   149.745     0.010    1     0.000     0.000
r   152.399     0.010    1     0.000     0.000
r   154.694     0.010    1     0.000     0.000
r   306.094     0.010    1     0.000     0.000
r   309.073     0.010    1     0.000     0.000
r   313.131     0.010    1     0.000     0.000
r   316.555     0.010    1     0.000     0.000
r   319.115     0.010    1     0.000     0.000
r   322.055     0.010    1     0.000     0.000
r   324.209     0.010    1     0.000     0.000
r   325.448     0.010    1     0.000     0.000
r   326.232     0.010    1     0.000     0.000
r   327.003     0.010    1     0.000     0.000
r   327.798     0.010    1     0.000     0.000
r   328.585     0.010    1     0.000     0.000
r   329.357     0.010    1     0.000     0.000
r   330.123     0.010    1     0.000     0.000
r   330.903     0.010    1     0.000     0.000
r   331.675     0.010    1     0.000     0.000
r   332.450     0.010    1     0.000     0.000
r   333.225     0.010    1     0.000     0.000
r   333.979     0.010    1     0.000     0.000
r   334.740     0.010    1     0.000     0.000
r   335.534     0.010    1     0.000     0.000
r   336.327     0.010    1     0.000     0.000
r   337.134     0.010    1     0.000     0.000
r   337.930     0.010    1     0.000     0.000
r   338.718     0.010    1     0.000     0.000
r   339.513     0.010    1     0.000     0.000
r   340.305     0.010    1     0.000     0.000
r   341.091     0.010    1     0.000     0.000
r   341.882     0.010    1     0.000     0.000
r   342.686     0.010    1     0.000     0.000
r   343.490     0.010    1     0.000     0.000
r   344.294     0.010    1     0.000     0.000
r   345.090     0.010    1     0.000     0.000
r   345.877     0.010    1     0.000     0.000
r   346.678     0.010    1     0.000     0.000
r   347.469     0.010    1     0.000     0.000
r   348.254     0.010    1     0.000     0.000
r   349.043     0.010    1     0.000     0.000
r   349.841     0.010    1     0.000     0.000
r   350.644     0.010    1     0.000     0.000
r   351.433     0.010    1     0.000     0.000
r   352.228     0.010    1     0.000     0.000
r   356.938     0.010    1     0.000     0.000
s   264.830     2.270  174
r    93.400     0.010    0     0.000     0.000
r    96.251     0.010    0     0.000     0.000
r    99.540     0.010    0     0.000     0.000
r   102.462     0.010    0     0.000     0.000
r   105.892     0.010    0     0.000     0.000
r   109.953     0.010    0     0.000     0.000
r   113.997     0.010    0     0.000     0.000
r   118.293     0.010    0     0.000     0.000
r   128.120     0.010    0     0.000     0.000
r   135.205     0.010    0     0.000     0.000
r   137.901     0.010    0     0.000     0.000
r   141.252     0.010    0     0.000     0.000
r   143.178     0.010    0     0.000     0.000
r   146.082     0.010    0     0.000     0.000
r   225.239     0.010    0     0.000     0.000
r   225.973     0.010    0     0.000     0.000
r   226.715     0.010    0     0.000     0.000
r   227.436     0.010    0     0.000     0.000
r   228.168     0.010    0     0.000     0.000
r   228.889     0.010    0     0.000     0.000
r   229.596     0.010    0     0.000     0.000
r   230.300     0.010    0     0.000     0.000
r   230.993     0.010    0     0.000     0.000
r   231.701     0.010    0     0.000     0.000
r   232.408     0.010    0     0.000     0.000
r   233.126     0.010    0     0.000     0.000
r   233.833     0.010    0     0.000     0.000
r   234.529     0.010    0     0.000     0.000
r   235.239     0.010    0     0.000     0.000
r   235.949     0.010    0     0.000     0.000
r   236.673     0.010    0     0.000     0.000
r   237.391     0.010    0     0.000     0.000
r   238.122     0.010    0     0.000     0.000
r   238.886     0.010    0     0.000     0.000
r   239.658     0.010    0     0.000     0.000
r   240.443     0.010    0     0.000     0.000
r   241.206     0.010    0     0.000     0.000
r   241.970     0.010    0     0.000     0.000
r   242.704     0.010    0     0.000     0.000
r   243.419     0.010    0     0.000     0.000
r   244.163     0.010    0     0.000     0.000
r   244.931     0.010    0     0.000     0.000
r   245.689     0.010    0     0.000     0.000
r   246.431     0.010    0     0.000     0.000
r   247.203     0.010    0     0.000     0.000
r   247.986     0.010    0     0.000     0.000
r   248.771     0.010    0     0.000     0.000
r   249.548     0.010    0     0.000     0.000
r   250.317     0.010    0     0.000     0.000
r   251.103     0.010    0     0.000     0.000
r   251.881     0.010    0     0.000     0.000
r   252.680     0.010    0     0.000     0.000
r   253.480     0.010    0     0.000     0.000
r   254.256     0.010    0     0.000     0.000
r   255.036     0.010    0     0.000     0.000
r   255.810     0.010    0     0.000     0.000
r   256.584     0.010    0     0.000     0.000
r   257.369     0.010    0     0.000     0.000
r   258.167     0.010    0     0.000     0.000
r   258.965     0.010    0     0.000     0.000
r   271.355     0.010    0     0.000     0.000
r   272.811     0.010    0     0.000     0.000
r   273.777     0.010    0     0.000     0.000
r   274.586     0.010    0     0.000     0.000
r   275.412     0.010    0     0.000     0.000
r   276.227     0.010    0     0.000     0.000
r   277.048     0.010    0     0.000     0.000
r   277.840     0.010    0     0.000     0.000
r   278.649     0.010    0     0.000     0.000
r   279.447     0.010    0     0.000     0.000
r   280.262     0.010    0     0.000     0.000
r   281.056     0.010    0     0.000     0.000
r   281.857     0.010    0     0.000     0.000
r   282.647     0.010    0     0.000     0.000
r   283.452     0.010    0     0.000     0.000
r   284.239     0.010    0     0.000     0.000
r   285.044     0.010    0     0.000     0.000
r   285.848     0.010    0     0.000     0.000
r   286.652     0.010    0     0.000     0.000
r   287.464     0.010    0     0.000     0.000
r   288.262     0.010    0     0.000     0.000
r   289.065     0.010    0     0.000     0.000
r   289.879     0.010    0     0.000     0.000
r   290.687     0.010    0     0.000     0.000
r   291.504     0.010    0     0.000     0.000
r   292.308     0.010    0     0.000     0.000
r   293.099     0.010    0     0.000     0.000
r   293.882     0.010    0     0.000     0.000
r   294.648     0.010    0     0.000     0.000
r   295.428     0.010    0     0.000     0.000
r   296.194     0.010    0     0.000     0.000
r   296.963     0.010    0     0.000     0.000
r   297.736     0.010    0     0.000     0.000
r   298.500     0.010    0     0.000     0.000
r   299.268     0.010    0     0.000     0.000
r   300.025     0.010    0     0.000     0.000
r   300.784     0.010    0     0.000     0.000
r   301.544     0.010    0     0.000     0.000
r   302.333     0.010    0     0.000     0.000
r   303.128     0.010    0     0.000     0.000
r   303.909     0.010    0     0.000     0.000
r   304.683     0.010    0     0.000     0.000
r   305.471     0.010    0     0.000     0.000
r   306.258     0.010    0     0.000     0.000
r   307.046     0.010    0     0.000     0.000
r   307.815     0.010    0     0.000     0.000
r   308.598     0.010    0     0.000     0.000
r   309.385     0.010    0     0.000     0.000
r   310.159     0.010    0     0.000     0.000
r   310.944     0.010    0     0.000     0.000
r   311.731     0.010    0     0.000     0.000
r   312.666     0.010    0     0.000     0.000
r   313.443     0.010    0     0.000     0.000
r   314.220     0.010    0     0.000     0.000
r   315.004     0.010    0     0.000     0.000
r   315.778     0.010    0     0.000     0.000
r   316.555     0.010    0     0.000     0.000
r   317.350     0.010    0     0.000     0.000
r   318.159     0.010    0     0.000     0.000
r   318.954     0.010    0     0.000     0.000
r   319.746     0.010    0     0.000     0.000
r   320.523     0.010    0     0.000     0.000
r   321.300     0.010    0     0.000     0.000
r   322.055     0.010    0     0.000     0.000
r   322.835     0.010    0     0.000     0.000
r   323.604     0.010    0     0.000     0.000
r   324.360     0.010    0     0.000     0.000
r   325.126     0.010    0     0.000     0.000
r   325.921     0.010    0     0.000     0.000
r   326.853     0.010    0     0.000     0.000
r   327.638     0.010    0     0.000     0.000
r   328.424     0.010    0     0.000     0.000
r   329.196     0.010    0     0.000     0.000
r   330.435     0.010    0     0.000     0.000
r   332.146     0.010    0     0.000     0.000
r   333.979     0.010    0     0.000     0.000
r   336.002     0.010    0     0.000     0.000
r   337.606     0.010    0     0.000     0.000
r   339.202     0.010    0     0.000     0.000
r   341.403     0.010    0     0.000     0.000
r   343.818     0.010    0     0.000     0.000
r   345.727     0.010    0     0.000     0.000
r   348.890     0.010    0     0.000     0.000
r   350.953     0.010    0     0.000     0.000
r   353.642     0.010    0     0.000     0.000
r   356.938     0.010    0     0.000     0.000
r   361.095     0.010    0     0.000     0.000
r   363.825     0.010    0     0.000     0.000
r   366.540     0.010    0     0.000     0.000
r   372.068     0.010    0     0.000     0.000
r    71.110     0.010    1     0.000     0.000
r    77.296     0.010    1     0.000     0.000
r    85.399     0.010    1     0.000     0.000
r    90.878     0.010    1     0.000     0.000
r    96.416     0.010    1     0.000     0.000
r   118.766     0.010    1     0.000     0.000
r   125.313     0.010    1     0.000     0.000
r   131.169     0.010    1     0.000     0.000
r   137.575     0.010    1     0.000     0.000
r   306.570     0.010    1     0.000     0.000
r   311.417     0.010    1     0.000     0.000
r   315.929     0.010    1     0.000     0.000
r   318.632     0.010    1     0.000     0.000
r   321.905     0.010    1     0.000     0.000
r   325.599     0.010    1     0.000     0.000
r   328.424     0.010    1     0.000     0.000
r   331.207     0.010    1     0.000     0.000
r   333.072     0.010    1     0.000     0.000
r   335.688     0.010    1     0.000     0.000
r   338.557     0.010    1     0.000     0.000
r   342.839     0.010    1     0.000     0.000
r   346.039     0.010    1     0.000     0.000
r   349.680     0.010    1     0.000     0.000
r   353.330     0.010    1     0.000     0.000
s   252.812     3.230  127
r    55.501     0.010    0     0.000     0.000
r    61.468     0.010    0     0.000     0.000
r    70.799     0.010    0     0.000     0.000
r    76.222     0.010    0     0.000     0.000
r    81.790     0.010    0     0.000     0.000
r    87.921     0.010    0     0.000     0.000
r    94.038     0.010    0     0.000     0.000
r   100.153     0.010    0     0.000     0.000
r   105.108     0.010    0     0.000     0.000
r   110.104     0.010    0     0.000     0.000
r   115.280     0.010    0     0.000     0.000
r   120.858     0.010    0     0.000     0.000
r   125.474     0.010    0     0.000     0.000
r   225.530     0.010    0     0.000     0.000
r   227.146     0.010    0     0.000     0.000
r   229.459     0.010    0     0.000     0.000
r   231.424     0.010    0     0.000     0.000
r   233.553     0.010    0     0.000     0.000
r   234.949     0.010    0     0.000     0.000
r   236.383     0.010    0     0.000     0.000
r   238.123     0.010    0     0.000     0.000
r   239.820     0.010    0     0.000     0.000
r   241.669     0.010    0     0.000     0.000
r   242.845     0.010    0     0.000     0.000
r   259.277     0.010    0     0.000     0.000
r   260.068     0.010    0     0.000     0.000
r   260.863     0.010    0     0.000     0.000
r   261.651     0.010    0     0.000     0.000
r   262.460     0.010    0     0.000     0.000
r   263.272     0.010    0     0.000     0.000
r   264.081     0.010    0     0.000     0.000
r   264.892     0.010    0     0.000     0.000
r   265.714     0.010    0     0.000     0.000
r   266.538     0.010    0     0.000     0.000
r   267.347     0.010    0     0.000     0.000
r   268.159     0.010    0     0.000     0.000
r   268.955     0.010    0     0.000     0.000
r   269.750     0.010    0     0.000     0.000
r   270.558     0.010    0     0.000     0.000
r   271.355     0.010    0     0.000     0.000
r   272.162     0.010    0     0.000     0.000
r   272.971     0.010    0     0.000     0.000
r   273.777     0.010    0     0.000     0.000
r   274.586     0.010    0     0.000     0.000
r   275.412     0.010    0     0.000     0.000
r   276.227     0.010    0     0.000     0.000
r   277.048     0.010    0     0.000     0.000
r   277.840     0.010    0     0.000     0.000
r   278.649     0.010    0     0.000     0.000
r   279.447     0.010    0     0.000     0.000
r   280.262     0.010    0     0.000     0.000
r   281.056     0.010    0     0.000     0.000
r   281.857     0.010    0     0.000     0.000
r   282.648     0.010    0     0.000     0.000
r   283.452     0.010    0     0.000     0.000
r   284.240     0.010    0     0.000     0.000
r   285.044     0.010    0     0.000     0.000
r   285.848     0.010    0     0.000     0.000
r   286.652     0.010    0     0.000     0.000
r   287.464     0.010    0     0.000     0.000
r   288.262     0.010    0     0.000     0.000
r   289.065     0.010    0     0.000     0.000
r   289.879     0.010    0     0.000     0.000
r   290.688     0.010    0     0.000     0.000
r   291.669     0.010    0     0.000     0.000
r   292.949     0.010    0     0.000     0.000
r   294.183     0.010    0     0.000     0.000
r   295.428     0.010    0     0.000     0.000
r   296.813     0.010    0     0.000     0.000
r   298.040     0.010    0     0.000     0.000
r   299.728     0.010    0     0.000     0.000
r   300.633     0.010    0     0.000     0.000
r   302.172     0.010    0     0.000     0.000
r   303.598     0.010    0     0.000     0.000
r   304.998     0.010    0     0.000     0.000
r   306.420     0.010    0     0.000     0.000
r   307.815     0.010    0     0.000     0.000
r   309.224     0.010    0     0.000     0.000
r   310.482     0.010    0     0.000     0.000
r   312.043     0.010    0     0.000     0.000
r   313.443     0.010    0     0.000     0.000
r   314.532     0.010    0     0.000     0.000
r   316.241     0.010    0     0.000     0.000
r   317.834     0.010    0     0.000     0.000
r   319.427     0.010    0     0.000     0.000
r   320.523     0.010    0     0.000     0.000
r   322.370     0.010    0     0.000     0.000
r   324.056     0.010    0     0.000     0.000
r   325.287     0.010    0     0.000     0.000
r   327.004     0.010    0     0.000     0.000
r   328.585     0.010    0     0.000     0.000
r   330.124     0.010    0     0.000     0.000
r    69.545     0.010    1     0.000     0.000
r    74.092     0.010    1     0.000     0.000
r    78.224     0.010    1     0.000     0.000
r    83.355     0.010    1     0.000     0.000
r    89.013     0.010    1     0.000     0.000
r    95.453     0.010    1     0.000     0.000
r   104.314     0.010    1     0.000     0.000
r   109.316     0.010    1     0.000     0.000
r   117.027     0.010    1     0.000     0.000
r   124.686     0.010    1     0.000     0.000
r   130.854     0.010    1     0.000     0.000
r   137.740     0.010    1     0.000     0.000
r   142.380     0.010    1     0.000     0.000
r   146.881     0.010    1     0.000     0.000
r   151.156     0.010    1     0.000     0.000
r   310.321     0.010    1     0.000     0.000
r   313.132     0.010    1     0.000     0.000
r   315.316     0.010    1     0.000     0.000
r   317.834     0.010    1     0.000     0.000
r   320.058     0.010    1     0.000     0.000
r   322.056     0.010    1     0.000     0.000
r   324.210     0.010    1     0.000     0.000
r   326.233     0.010    1     0.000     0.000
r   328.108     0.010    1     0.000     0.000
r   331.054     0.010    1     0.000     0.000
r   332.768     0.010    1     0.000     0.000
r   334.905     0.010    1     0.000     0.000
r   336.492     0.010    1     0.000     0.000
r   338.407     0.010    1     0.000     0.000
r   340.145     0.010    1     0.000     0.000
r   341.882     0.010    1     0.000     0.000
r   344.294     0.010    1     0.000     0.000
r   346.203     0.010    1     0.000     0.000
r   347.938     0.010    1     0.000     0.000
r   350.003     0.010    1     0.000     0.000
s   246.787     3.480   89
r   102.917     0.010    0     0.000     0.000
r   106.680     0.010    0     0.000     0.000
r   109.315     0.010    0     0.000     0.000
r   112.440     0.010    0     0.000     0.000
r   116.245     0.010    0     0.000     0.000
r   118.930     0.010    0     0.000     0.000
r   121.345     0.010    0     0.000     0.000
r   124.522     0.010    0     0.000     0.000
r   127.969     0.010    0     0.000     0.000
r   131.018     0.010    0     0.000     0.000
r   134.564     0.010    0     0.000     0.000
r   138.215     0.010    0     0.000     0.000
r   142.866     0.010    0     0.000     0.000
r   150.376     0.010    0     0.000     0.000
r   225.529     0.010    0     0.000     0.000
r   227.006     0.010    0     0.000     0.000
r   228.749     0.010    0     0.000     0.000
r   230.440     0.010    0     0.000     0.000
r   231.851     0.010    0     0.000     0.000
r   233.265     0.010    0     0.000     0.000
r   234.529     0.010    0     0.000     0.000
r   235.379     0.010    0     0.000     0.000
r   236.673     0.010    0     0.000     0.000
r   237.541     0.010    0     0.000     0.000
r   256.122     0.010    0     0.000     0.000
r   256.896     0.010    0     0.000     0.000
r   257.681     0.010    0     0.000     0.000
r   258.479     0.010    0     0.000     0.000
r   259.277     0.010    0     0.000     0.000
r   260.068     0.010    0     0.000     0.000
r   260.863     0.010    0     0.000     0.000
r   261.651     0.010    0     0.000     0.000
r   262.460     0.010    0     0.000     0.000
r   263.272     0.010    0     0.000     0.000
r   264.081     0.010    0     0.000     0.000
r   264.891     0.010    0     0.000     0.000
r   265.713     0.010    0     0.000     0.000
r   266.537     0.010    0     0.000     0.000
r   267.346     0.010    0     0.000     0.000
r   269.275     0.010    0     0.000     0.000
r   271.355     0.010    0     0.000     0.000
r   273.777     0.010    0     0.000     0.000
r   276.226     0.010    0     0.000     0.000
r   278.162     0.010    0     0.000     0.000
r   280.738     0.010    0     0.000     0.000
r   283.602     0.010    0     0.000     0.000
r   285.684     0.010    0     0.000     0.000
r   287.789     0.010    0     0.000     0.000
r   289.717     0.010    0     0.000     0.000
r   292.469     0.010    0     0.000     0.000
r   294.648     0.010    0     0.000     0.000
r   298.040     0.010    0     0.000     0.000
r   300.332     0.010    0     0.000     0.000
r   302.171     0.010    0     0.000     0.000
r   304.844     0.010    0     0.000     0.000
r   307.976     0.010    0     0.000     0.000
r   310.793     0.010    0     0.000     0.000
r   313.292     0.010    0     0.000     0.000
r   316.240     0.010    0     0.000     0.000
r   319.276     0.010    0     0.000     0.000
r   322.671     0.010    0     0.000     0.000
r   325.126     0.010    0     0.000     0.000
r   328.585     0.010    0     0.000     0.000
r   332.604     0.010    0     0.000     0.000
r   336.970     0.010    0     0.000     0.000
r    63.733     0.010    1     0.000     0.000
r    70.798     0.010    1     0.000     0.000
r    76.057     0.010    1     0.000     0.000
r    81.790     0.010    1     0.000     0.000
r    88.071     0.010    1     0.000     0.000
r    93.077     0.010    1     0.000     0.000
r    99.069     0.010    1     0.000     0.000
r   106.368     0.010    1     0.000     0.000
r   112.128     0.010    1     0.000     0.000
r   116.715     0.010    1     0.000     0.000
r   122.472     0.010    1     0.000     0.000
r   128.771     0.010    1     0.000     0.000
r   134.564     0.010    1     0.000     0.000
r   140.615     0.010    1     0.000     0.000
r   316.716     0.010    1     0.000     0.000
r   320.684     0.010    1     0.000     0.000
r   324.975     0.010    1     0.000     0.000
r   328.266     0.010    1     0.000     0.000
r   332.450     0.010    1     0.000     0.000
r   336.492     0.010    1     0.000     0.000
r   340.933     0.010    1     0.000     0.000
r   344.612     0.010    1     0.000     0.000
r   348.091     0.010    1     0.000     0.000
r   350.953     0.010    1     0.000     0.000
s   240.757     3.610  106
r    32.196     0.010    0     0.000     0.000
r    38.357     0.010    0     0.000     0.000
r    45.542     0.010    0     0.000     0.000
r    52.605     0.010    0     0.000     0.000
r    61.021     0.010    0     0.000     0.000
r    68.619     0.010    0     0.000     0.000
r    77.142     0.010    0     0.000     0.000
r    84.762     0.010    0     0.000     0.000
r    91.974     0.010    0     0.000     0.000
r    96.881     0.010    0     0.000     0.000
r   102.462     0.010    0     0.000     0.000
r   110.730     0.010    0     0.000     0.000
r   121.345     0.010    0     0.000     0.000
r   127.969     0.010    0     0.000     0.000
r   133.262     0.010    0     0.000     0.000
r   138.366     0.010    0     0.000     0.000
r   218.903     0.010    0     0.000     0.000
r   220.149     0.010    0     0.000     0.000
r   221.224     0.010    0     0.000     0.000
r   221.928     0.010    0     0.000     0.000
r   222.926     0.010    0     0.000     0.000
r   223.647     0.010    0     0.000     0.000
r   224.367     0.010    0     0.000     0.000
r   225.099     0.010    0     0.000     0.000
r   225.830     0.010    0     0.000     0.000
r   226.565     0.010    0     0.000     0.000
r   227.296     0.010    0     0.000     0.000
r   228.028     0.010    0     0.000     0.000
r   228.168     0.010    0     0.000     0.000
r   228.889     0.010    0     0.000     0.000
r   229.596     0.010    0     0.000     0.000
r   230.300     0.010    0     0.000     0.000
r   230.993     0.010    0     0.000     0.000
r   231.701     0.010    0     0.000     0.000
r   232.408     0.010    0     0.000     0.000
r   233.126     0.010    0     0.000     0.000
r   233.833     0.010    0     0.000     0.000
r   234.529     0.010    0     0.000     0.000
r   247.052     0.010    0     0.000     0.000
r   248.297     0.010    0     0.000     0.000
r   249.547     0.010    0     0.000     0.000
r   250.938     0.010    0     0.000     0.000
r   252.199     0.010    0     0.000     0.000
r   253.009     0.010    0     0.000     0.000
r   253.795     0.010    0     0.000     0.000
r   254.566     0.010    0     0.000     0.000
r   255.348     0.010    0     0.000     0.000
r   256.122     0.010    0     0.000     0.000
r   256.896     0.010    0     0.000     0.000
r   257.680     0.010    0     0.000     0.000
r   258.479     0.010    0     0.000     0.000
r   259.277     0.010    0     0.000     0.000
r   260.068     0.010    0     0.000     0.000
r   260.863     0.010    0     0.000     0.000
r   261.651     0.010    0     0.000     0.000
r   262.460     0.010    0     0.000     0.000
r   263.272     0.010    0     0.000     0.000
r   264.081     0.010    0     0.000     0.000
r   264.891     0.010    0     0.000     0.000
r   265.713     0.010    0     0.000     0.000
r   266.537     0.010    0     0.000     0.000
r   267.346     0.010    0     0.000     0.000
r   268.158     0.010    0     0.000     0.000
r   268.955     0.010    0     0.000     0.000
r   270.558     0.010    0     0.000     0.000
r   272.162     0.010    0     0.000     0.000
r   275.072     0.010    0     0.000     0.000
r   277.528     0.010    0     0.000     0.000
r   279.447     0.010    0     0.000     0.000
r   281.055     0.010    0     0.000     0.000
r   282.812     0.010    0     0.000     0.000
r   284.729     0.010    0     0.000     0.000
r   286.173     0.010    0     0.000     0.000
r   287.625     0.010    0     0.000     0.000
r   289.717     0.010    0     0.000     0.000
r   292.308     0.010    0     0.000     0.000
r   294.648     0.010    0     0.000     0.000
r   297.431     0.010    0     0.000     0.000
r   303.128     0.010    0     0.000     0.000
r   307.815     0.010    0     0.000     0.000
r   312.666     0.010    0     0.000     0.000
r   317.038     0.010    0     0.000     0.000
r   321.300     0.010    0     0.000     0.000
r   324.825     0.010    0     0.000     0.000
r   329.049     0.010    0     0.000     0.000
r   332.768     0.010    0     0.000     0.000
r   335.534     0.010    0     0.000     0.000
r   339.833     0.010    0     0.000     0.000
r   344.294     0.010    0     0.000     0.000
r   348.091     0.010    0     0.000     0.000
r   351.906     0.010    0     0.000     0.000
r    95.939     0.010    1     0.000     0.000
r   103.372     0.010    1     0.000     0.000
r   110.730     0.010    1     0.000     0.000
r   117.658     0.010    1     0.000     0.000
r   124.207     0.010    1     0.000     0.000
r   301.084     0.010    1     0.000     0.000
r   305.632     0.010    1     0.000     0.000
r   308.291     0.010    1     0.000     0.000
r   311.255     0.010    1     0.000     0.000
r   314.220     0.010    1     0.000     0.000
r   317.200     0.010    1     0.000     0.000
r   320.219     0.010    1     0.000     0.000
r   322.520     0.010    1     0.000     0.000
r   325.287     0.010    1     0.000     0.000
r   328.266     0.010    1     0.000     0.000
s   234.665     3.580   78
r    19.441     0.010    0     0.000     0.000
r    29.334     0.010    0     0.000     0.000
r    37.382     0.010    0     0.000     0.000
r    45.857     0.010    0     0.000     0.000
r    57.182     0.010    0     0.000     0.000
r    65.858     0.010    0     0.000     0.000
r    74.543     0.010    0     0.000     0.000
r    82.884     0.010    0     0.000     0.000
r    88.537     0.010    0     0.000     0.000
r    92.915     0.010    0     0.000     0.000
r    96.566     0.010    0     0.000     0.000
r   100.615     0.010    0     0.000     0.000
r   103.372     0.010    0     0.000     0.000
r   106.679     0.010    0     0.000     0.000
r   111.354     0.010    0     0.000     0.000
r   114.309     0.010    0     0.000     0.000
r   117.970     0.010    0     0.000     0.000
r   121.985     0.010    0     0.000     0.000
r   125.162     0.010    0     0.000     0.000
r   128.922     0.010    0     0.000     0.000
r   132.621     0.010    0     0.000     0.000
r   135.842     0.010    0     0.000     0.000
r   139.329     0.010    0     0.000     0.000
r   143.665     0.010    0     0.000     0.000
r   146.566     0.010    0     0.000     0.000
r   243.131     0.010    0     0.000     0.000
r   244.460     0.010    0     0.000     0.000
r   245.825     0.010    0     0.000     0.000
r   247.202     0.010    0     0.000     0.000
r   248.770     0.010    0     0.000     0.000
r   250.316     0.010    0     0.000     0.000
r   252.680     0.010    0     0.000     0.000
r   255.036     0.010    0     0.000     0.000
r   256.584     0.010    0     0.000     0.000
r   257.368     0.010    0     0.000     0.000
r   258.167     0.010    0     0.000     0.000
r   258.965     0.010    0     0.000     0.000
r   259.753     0.010    0     0.000     0.000
r   260.551     0.010    0     0.000     0.000
r   262.624     0.010    0     0.000     0.000
r   264.561     0.010    0     0.000     0.000
r   266.698     0.010    0     0.000     0.000
r   268.319     0.010    0     0.000     0.000
r   270.237     0.010    0     0.000     0.000
r   272.648     0.010    0     0.000     0.000
r   275.411     0.010    0     0.000     0.000
r   278.323     0.010    0     0.000     0.000
r   281.856     0.010    0     0.000     0.000
r   285.369     0.010    0     0.000     0.000
r   288.742     0.010    0     0.000     0.000
r   293.567     0.010    0     0.000     0.000
r   296.812     0.010    0     0.000     0.000
r   300.331     0.010    0     0.000     0.000
r   304.683     0.010    0     0.000     0.000
r   309.073     0.010    0     0.000     0.000
r   312.354     0.010    0     0.000     0.000
r   315.316     0.010    0     0.000     0.000
r   318.481     0.010    0     0.000     0.000
r   321.450     0.010    0     0.000     0.000
r   324.510     0.010    0     0.000     0.000
r   328.107     0.010    0     0.000     0.000
r   332.297     0.010    0     0.000     0.000
r   336.645     0.010    0     0.000     0.000
r   341.718     0.010    0     0.000     0.000
r   347.469     0.010    0     0.000     0.000
r   352.704     0.010    0     0.000     0.000
r   303.909     0.010    1     0.000     0.000
r   305.470     0.010    1     0.000     0.000
r   307.661     0.010    1     0.000     0.000
r   309.697     0.010    1     0.000     0.000
r   312.042     0.010    1     0.000     0.000
r   314.219     0.010    1     0.000     0.000
r   316.877     0.010    1     0.000     0.000
r   319.276     0.010    1     0.000     0.000
r   320.988     0.010    1     0.000     0.000
r   322.985     0.010    1     0.000     0.000
r   325.598     0.010    1     0.000     0.000
r   329.049     0.010    1     0.000     0.000
s   222.699     3.050   72
r    26.017     0.010    0     0.000     0.000
r    35.443     0.010    0     0.000     0.000
r    44.761     0.010    0     0.000     0.000
r    53.369     0.010    0     0.000     0.000
r    62.076     0.010    0     0.000     0.000
r    69.081     0.010    0     0.000     0.000
r    76.526     0.010    0     0.000     0.000
r    82.411     0.010    0     0.000     0.000
r    86.026     0.010    0     0.000     0.000
r    90.563     0.010    0     0.000     0.000
r    94.825     0.010    0     0.000     0.000
r    98.459     0.010    0     0.000     0.000
r   101.994     0.010    0     0.000     0.000
r   104.946     0.010    0     0.000     0.000
r   108.084     0.010    0     0.000     0.000
r   113.050     0.010    0     0.000     0.000
r   118.293     0.010    0     0.000     0.000
r   122.959     0.010    0     0.000     0.000
r   125.948     0.010    0     0.000     0.000
r   128.922     0.010    0     0.000     0.000
r   131.971     0.010    0     0.000     0.000
r   232.698     0.010    0     0.000     0.000
r   235.379     0.010    0     0.000     0.000
r   237.982     0.010    0     0.000     0.000
r   240.744     0.010    0     0.000     0.000
r   242.704     0.010    0     0.000     0.000
r   244.460     0.010    0     0.000     0.000
r   246.583     0.010    0     0.000     0.000
r   249.085     0.010    0     0.000     0.000
r   251.102     0.010    0     0.000     0.000
r   252.845     0.010    0     0.000     0.000
r   254.728     0.010    0     0.000     0.000
r   271.040     0.010    0     0.000     0.000
r   273.616     0.010    0     0.000     0.000
r   275.573     0.010    0     0.000     0.000
r   278.162     0.010    0     0.000     0.000
r   280.891     0.010    0     0.000     0.000
r   282.497     0.010    0     0.000     0.000
r   284.564     0.010    0     0.000     0.000
r   286.488     0.010    0     0.000     0.000
r   287.940     0.010    0     0.000     0.000
r   289.556     0.010    0     0.000     0.000
r   291.829     0.010    0     0.000     0.000
r   295.113     0.010    0     0.000     0.000
r   297.278     0.010    0     0.000     0.000
r   299.575     0.010    0     0.000     0.000
r   301.863     0.010    0     0.000     0.000
r   304.371     0.010    0     0.000     0.000
r   309.073     0.010    0     0.000     0.000
r   312.978     0.010    0     0.000     0.000
r   315.928     0.010    0     0.000     0.000
r   318.632     0.010    0     0.000     0.000
r   327.946     0.010    0     0.000     0.000
r   331.054     0.010    0     0.000     0.000
r   333.675     0.010    0     0.000     0.000
r   336.492     0.010    0     0.000     0.000
r   339.833     0.010    0     0.000     0.000
r   343.654     0.010    0     0.000     0.000
r   227.738     0.010    0     0.000     0.000
r   228.749     0.010    0     0.000     0.000
r   229.596     0.010    0     0.000     0.000
r   230.300     0.010    0     0.000     0.000
r   230.993     0.010    0     0.000     0.000
r   231.700     0.010    0     0.000     0.000
r    57.957     0.010    1     0.000     0.000
r    65.250     0.010    1     0.000     0.000
r    72.358     0.010    1     0.000     0.000
r    78.375     0.010    1     0.000     0.000
r    85.238     0.010    1     0.000     0.000
r    90.259     0.010    1     0.000     0.000
r    98.768     0.010    1     0.000     0.000
r   106.203     0.010    1     0.000     0.000
s   216.692     1.530   51
r   104.152     0.010    0     0.000     0.000
r   109.640     0.010    0     0.000     0.000
r   113.510     0.010    0     0.000     0.000
r   117.027     0.010    0     0.000     0.000
r   122.472     0.010    0     0.000     0.000
r   127.655     0.010    0     0.000     0.000
r   135.366     0.010    0     0.000     0.000
r   140.128     0.010    0     0.000     0.000
r   144.149     0.010    0     0.000     0.000
r   242.273     0.010    0     0.000     0.000
r   242.994     0.010    0     0.000     0.000
r   243.716     0.010    0     0.000     0.000
r   244.460     0.010    0     0.000     0.000
r   245.239     0.010    0     0.000     0.000
r   245.975     0.010    0     0.000     0.000
r   246.734     0.010    0     0.000     0.000
r   247.520     0.010    0     0.000     0.000
r   248.608     0.010    0     0.000     0.000
r   250.316     0.010    0     0.000     0.000
r   252.045     0.010    0     0.000     0.000
r   253.795     0.010    0     0.000     0.000
r   257.680     0.010    0     0.000     0.000
r   259.914     0.010    0     0.000     0.000
r   262.137     0.010    0     0.000     0.000
r   264.733     0.010    0     0.000     0.000
r   267.510     0.010    0     0.000     0.000
r   271.040     0.010    0     0.000     0.000
r   274.747     0.010    0     0.000     0.000
r   277.528     0.010    0     0.000     0.000
r   280.576     0.010    0     0.000     0.000
r   283.126     0.010    0     0.000     0.000
r   285.530     0.010    0     0.000     0.000
r   288.420     0.010    0     0.000     0.000
r   292.469     0.010    0     0.000     0.000
r   297.582     0.010    0     0.000     0.000
r   303.285     0.010    0     0.000     0.000
r   310.159     0.010    0     0.000     0.000
r   224.517     0.010    0     0.000     0.000
r   225.238     0.010    0     0.000     0.000
r   225.972     0.010    0     0.000     0.000
r   280.097     0.010    1     0.000     0.000
r   283.602     0.010    1     0.000     0.000
r   286.652     0.010    1     0.000     0.000
r   290.039     0.010    1     0.000     0.000
r   292.948     0.010    1     0.000     0.000
r   296.498     0.010    1     0.000     0.000
r   299.728     0.010    1     0.000     0.000
r   303.597     0.010    1     0.000     0.000
r   307.814     0.010    1     0.000     0.000
r   312.505     0.010    1     0.000     0.000
r   315.627     0.010    1     0.000     0.000
s   212.751     0.500   96
r    89.794     0.010    0     0.000     0.000
r    94.664     0.010    0     0.000     0.000
r    98.298     0.010    0     0.000     0.000
r   103.068     0.010    0     0.000     0.000
r   109.792     0.010    0     0.000     0.000
r   113.051     0.010    0     0.000     0.000
r   115.765     0.010    0     0.000     0.000
r   119.407     0.010    0     0.000     0.000
r   122.148     0.010    0     0.000     0.000
r   124.687     0.010    0     0.000     0.000
r   127.655     0.010    0     0.000     0.000
r   130.693     0.010    0     0.000     0.000
r   132.458     0.010    0     0.000     0.000
r   134.240     0.010    0     0.000     0.000
r   135.044     0.010    0     0.000     0.000
r   135.843     0.010    0     0.000     0.000
r   136.634     0.010    0     0.000     0.000
r   137.425     0.010    0     0.000     0.000
r   138.528     0.010    0     0.000     0.000
r   139.330     0.010    0     0.000     0.000
r   140.129     0.010    0     0.000     0.000
r   140.930     0.010    0     0.000     0.000
r   141.740     0.010    0     0.000     0.000
r   142.541     0.010    0     0.000     0.000
r   143.340     0.010    0     0.000     0.000
r   144.149     0.010    0     0.000     0.000
r   144.948     0.010    0     0.000     0.000
r   145.758     0.010    0     0.000     0.000
r   146.567     0.010    0     0.000     0.000
r   147.355     0.010    0     0.000     0.000
r   148.154     0.010    0     0.000     0.000
r   148.955     0.010    0     0.000     0.000
r   149.746     0.010    0     0.000     0.000
r   150.537     0.010    0     0.000     0.000
r   151.310     0.010    0     0.000     0.000
r   152.093     0.010    0     0.000     0.000
r   152.872     0.010    0     0.000     0.000
r   153.634     0.010    0     0.000     0.000
r   154.388     0.010    0     0.000     0.000
r   155.156     0.010    0     0.000     0.000
r   155.928     0.010    0     0.000     0.000
r   156.695     0.010    0     0.000     0.000
r   234.112     0.010    0     0.000     0.000
r   237.832     0.010    0     0.000     0.000
r   240.295     0.010    0     0.000     0.000
r   242.994     0.010    0     0.000     0.000
r   249.085     0.010    0     0.000     0.000
r   254.096     0.010    0     0.000     0.000
r   216.995     0.010    0     0.000     0.000
r   217.693     0.010    0     0.000     0.000
r   218.456     0.010    0     0.000     0.000
r   219.185     0.010    0     0.000     0.000
r   219.871     0.010    0     0.000     0.000
r   220.554     0.010    0     0.000     0.000
r   221.223     0.010    0     0.000     0.000
r   221.928     0.010    0     0.000     0.000
r   222.635     0.010    0     0.000     0.000
r   223.356     0.010    0     0.000     0.000
r   224.076     0.010    0     0.000     0.000
r   224.808     0.010    0     0.000     0.000
r   225.529     0.010    0     0.000     0.000
r   226.274     0.010    0     0.000     0.000
r   227.005     0.010    0     0.000     0.000
r   227.737     0.010    0     0.000     0.000
r   228.461     0.010    0     0.000     0.000
r   229.179     0.010    0     0.000     0.000
r   229.883     0.010    0     0.000     0.000
r   230.576     0.010    0     0.000     0.000
r   231.283     0.010    0     0.000     0.000
r   231.988     0.010    0     0.000     0.000
r    35.444     0.010    1     0.000     0.000
r    40.305     0.010    1     0.000     0.000
r    43.973     0.010    1     0.000     0.000
r    47.114     0.010    1     0.000     0.000
r    50.260     0.010    1     0.000     0.000
r    52.605     0.010    1     0.000     0.000
r    55.652     0.010    1     0.000     0.000
r    57.495     0.010    1     0.000     0.000
r    61.172     0.010    1     0.000     0.000
r    65.251     0.010    1     0.000     0.000
r    68.770     0.010    1     0.000     0.000
r    72.512     0.010    1     0.000     0.000
r    75.753     0.010    1     0.000     0.000
r    79.157     0.010    1     0.000     0.000
r    82.411     0.010    1     0.000     0.000
r    84.923     0.010    1     0.000     0.000
r    86.968     0.010    1     0.000     0.000
r    89.013     0.010    1     0.000     0.000
r    90.260     0.010    1     0.000     0.000
r    91.029     0.010    1     0.000     0.000
r    91.821     0.010    1     0.000     0.000
r    92.604     0.010    1     0.000     0.000
r    93.400     0.010    1     0.000     0.000
r    94.188     0.010    1     0.000     0.000
r    94.979     0.010    1     0.000     0.000
r    95.778     0.010    1     0.000     0.000
s   162.784     1.140   87
r   101.232     0.010    0     0.000     0.000
r   103.372     0.010    0     0.000     0.000
r   105.727     0.010    0     0.000     0.000
r   108.543     0.010    0     0.000     0.000
r   111.354     0.010    0     0.000     0.000
r   114.309     0.010    0     0.000     0.000
r   116.876     0.010    0     0.000     0.000
r   120.213     0.010    0     0.000     0.000
r   122.798     0.010    0     0.000     0.000
r   123.583     0.010    0     0.000     0.000
r   124.368     0.010    0     0.000     0.000
r   125.162     0.010    0     0.000     0.000
r   125.947     0.010    0     0.000     0.000
r   126.722     0.010    0     0.000     0.000
r   127.493     0.010    0     0.000     0.000
r   128.281     0.010    0     0.000     0.000
r   129.086     0.010    0     0.000     0.000
r   129.888     0.010    0     0.000     0.000
r   130.693     0.010    0     0.000     0.000
r   131.491     0.010    0     0.000     0.000
r   132.296     0.010    0     0.000     0.000
r   133.101     0.010    0     0.000     0.000
r   133.913     0.010    0     0.000     0.000
r   134.725     0.010    0     0.000     0.000
r   135.530     0.010    0     0.000     0.000
r   136.307     0.010    0     0.000     0.000
r   137.098     0.010    0     0.000     0.000
r   137.900     0.010    0     0.000     0.000
r   138.688     0.010    0     0.000     0.000
r   139.490     0.010    0     0.000     0.000
r   140.291     0.010    0     0.000     0.000
r   141.090     0.010    0     0.000     0.000
r   141.900     0.010    0     0.000     0.000
r   142.701     0.010    0     0.000     0.000
r   143.503     0.010    0     0.000     0.000
r   144.309     0.010    0     0.000     0.000
r   145.111     0.010    0     0.000     0.000
r   145.917     0.010    0     0.000     0.000
r   146.716     0.010    0     0.000     0.000
r   147.679     0.010    0     0.000     0.000
r   148.478     0.010    0     0.000     0.000
r   149.266     0.010    0     0.000     0.000
r   150.059     0.010    0     0.000     0.000
r   150.850     0.010    0     0.000     0.000
r   151.622     0.010    0     0.000     0.000
r   152.397     0.010    0     0.000     0.000
r   153.172     0.010    0     0.000     0.000
r   153.932     0.010    0     0.000     0.000
r   154.687     0.010    0     0.000     0.000
r   155.452     0.010    0     0.000     0.000
r   156.369     0.010    0     0.000     0.000
r   157.127     0.010    0     0.000     0.000
r   215.921     0.010    0     0.000     0.000
r   216.357     0.010    0     0.000     0.000
r   216.976     0.010    0     0.000     0.000
r   217.691     0.010    0     0.000     0.000
r   218.455     0.010    0     0.000     0.000
r   219.185     0.010    0     0.000     0.000
r   220.148     0.010    0     0.000     0.000
r   220.820     0.010    0     0.000     0.000
r   221.500     0.010    0     0.000     0.000
r   222.204     0.010    0     0.000     0.000
r   222.925     0.010    0     0.000     0.000
r   223.646     0.010    0     0.000     0.000
r   224.366     0.010    0     0.000     0.000
r   225.098     0.010    0     0.000     0.000
r   225.829     0.010    0     0.000     0.000
r   226.564     0.010    0     0.000     0.000
r   227.295     0.010    0     0.000     0.000
r   228.027     0.010    0     0.000     0.000
r   228.748     0.010    0     0.000     0.000
r   229.458     0.010    0     0.000     0.000
r   230.159     0.010    0     0.000     0.000
r   230.856     0.010    0     0.000     0.000
r   231.700     0.010    0     0.000     0.000
r   232.407     0.010    0     0.000     0.000
r   233.125     0.010    0     0.000     0.000
r   233.832     0.010    0     0.000     0.000
r   234.948     0.010    0     0.000     0.000
r   236.239     0.010    0     0.000     0.000
r   237.691     0.010    0     0.000     0.000
r   238.885     0.010    0     0.000     0.000
r     4.056     0.010    1     0.000     0.000
r     9.751     0.010    1     0.000     0.000
r    16.248     0.010    1     0.000     0.000
r    23.820     0.010    1     0.000     0.000
r    30.130     0.010    1     0.000     0.000
s   156.702     1.950   43
r   103.523     0.010    0     0.000     0.000
r   106.831     0.010    0     0.000     0.000
r   111.354     0.010    0     0.000     0.000
r   114.309     0.010    0     0.000     0.000
r   118.132     0.010    0     0.000     0.000
r   120.052     0.010    0     0.000     0.000
r   123.422     0.010    0     0.000     0.000
r   124.369     0.010    0     0.000     0.000
r   125.163     0.010    0     0.000     0.000
r   125.948     0.010    0     0.000     0.000
r   126.722     0.010    0     0.000     0.000
r   127.494     0.010    0     0.000     0.000
r   128.282     0.010    0     0.000     0.000
r   129.087     0.010    0     0.000     0.000
r   129.888     0.010    0     0.000     0.000
r   130.693     0.010    0     0.000     0.000
r   132.132     0.010    0     0.000     0.000
r   133.263     0.010    0     0.000     0.000
r   134.078     0.010    0     0.000     0.000
r   134.890     0.010    0     0.000     0.000
r   135.681     0.010    0     0.000     0.000
r   136.472     0.010    0     0.000     0.000
r   137.263     0.010    0     0.000     0.000
r   138.052     0.010    0     0.000     0.000
r   138.853     0.010    0     0.000     0.000
r   141.252     0.010    0     0.000     0.000
r   143.988     0.010    0     0.000     0.000
r   146.244     0.010    0     0.000     0.000
r   148.003     0.010    0     0.000     0.000
r   149.582     0.010    0     0.000     0.000
r   217.999     0.010    0     0.000     0.000
r   219.731     0.010    0     0.000     0.000
r   221.223     0.010    0     0.000     0.000
r   222.774     0.010    0     0.000     0.000
r   224.076     0.010    0     0.000     0.000
r   225.679     0.010    0     0.000     0.000
r   227.737     0.010    0     0.000     0.000
r   229.458     0.010    0     0.000     0.000
r   231.423     0.010    0     0.000     0.000
r   233.692     0.010    0     0.000     0.000
r   235.809     0.010    0     0.000     0.000
r   237.982     0.010    0     0.000     0.000
r   239.969     0.010    0     0.000     0.000
s   150.731     2.860   73
r    13.027     0.010    0     0.000     0.000
r    16.738     0.010    0     0.000     0.000
r    20.377     0.010    0     0.000     0.000
r    24.290     0.010    0     0.000     0.000
r    28.217     0.010    0     0.000     0.000
r    33.643     0.010    0     0.000     0.000
r   104.629     0.010    0     0.000     0.000
r   106.680     0.010    0     0.000     0.000
r   108.544     0.010    0     0.000     0.000
r   110.418     0.010    0     0.000     0.000
r   112.129     0.010    0     0.000     0.000
r   113.833     0.010    0     0.000     0.000
r   115.441     0.010    0     0.000     0.000
r   117.027     0.010    0     0.000     0.000
r   118.443     0.010    0     0.000     0.000
r   119.729     0.010    0     0.000     0.000
r   121.022     0.010    0     0.000     0.000
r   121.832     0.010    0     0.000     0.000
r   122.633     0.010    0     0.000     0.000
r   123.422     0.010    0     0.000     0.000
r   124.207     0.010    0     0.000     0.000
r   124.998     0.010    0     0.000     0.000
r   125.786     0.010    0     0.000     0.000
r   126.560     0.010    0     0.000     0.000
r   127.342     0.010    0     0.000     0.000
r   128.120     0.010    0     0.000     0.000
r   128.921     0.010    0     0.000     0.000
r   129.737     0.010    0     0.000     0.000
r   130.528     0.010    0     0.000     0.000
r   131.330     0.010    0     0.000     0.000
r   132.132     0.010    0     0.000     0.000
r   132.947     0.010    0     0.000     0.000
r   133.752     0.010    0     0.000     0.000
r   134.564     0.010    0     0.000     0.000
r   135.366     0.010    0     0.000     0.000
r   136.157     0.010    0     0.000     0.000
r   136.948     0.010    0     0.000     0.000
r   137.739     0.010    0     0.000     0.000
r   138.527     0.010    0     0.000     0.000
r   139.329     0.010    0     0.000     0.000
r   140.128     0.010    0     0.000     0.000
r   140.930     0.010    0     0.000     0.000
r   142.379     0.010    0     0.000     0.000
r   143.178     0.010    0     0.000     0.000
r   143.987     0.010    0     0.000     0.000
r   218.902     0.010    0     0.000     0.000
r   221.096     0.010    0     0.000     0.000
r   222.925     0.010    0     0.000     0.000
r   225.238     0.010    0     0.000     0.000
r   227.586     0.010    0     0.000     0.000
r   230.575     0.010    0     0.000     0.000
r   234.388     0.010    0     0.000     0.000
r   250.162     0.010    0     0.000     0.000
r   254.878     0.010    0     0.000     0.000
r   154.246     0.010    0     0.000     0.000
r   155.466     0.010    0     0.000     0.000
r   253.173     0.010    1     0.000     0.000
r   255.971     0.010    1     0.000     0.000
r   258.328     0.010    1     0.000     0.000
r   259.753     0.010    1     0.000     0.000
r   261.490     0.010    1     0.000     0.000
r   265.383     0.010    1     0.000     0.000
r   268.637     0.010    1     0.000     0.000
r   270.394     0.010    1     0.000     0.000
r   273.293     0.010    1     0.000     0.000
r   276.226     0.010    1     0.000     0.000
r   278.974     0.010    1     0.000     0.000
r   282.021     0.010    1     0.000     0.000
r   285.530     0.010    1     0.000     0.000
r   288.262     0.010    1     0.000     0.000
r   291.343     0.010    1     0.000     0.000
r   296.194     0.010    1     0.000     0.000
r   303.128     0.010    1     0.000     0.000
s   144.754     2.970   97
r    15.271     0.010    0     0.000     0.000
r    18.656     0.010    0     0.000     0.000
r    23.343     0.010    0     0.000     0.000
r    27.117     0.010    0     0.000     0.000
r    31.237     0.010    0     0.000     0.000
r    33.807     0.010    0     0.000     0.000
r    36.906     0.010    0     0.000     0.000
r    56.107     0.010    0     0.000     0.000
r    59.482     0.010    0     0.000     0.000
r    63.286     0.010    0     0.000     0.000
r    66.167     0.010    0     0.000     0.000
r    68.770     0.010    0     0.000     0.000
r    72.043     0.010    0     0.000     0.000
r    75.143     0.010    0     0.000     0.000
r    78.848     0.010    0     0.000     0.000
r    81.940     0.010    0     0.000     0.000
r    84.286     0.010    0     0.000     0.000
r   101.843     0.010    0     0.000     0.000
r   102.613     0.010    0     0.000     0.000
r   103.372     0.010    0     0.000     0.000
r   104.152     0.010    0     0.000     0.000
r   104.946     0.010    0     0.000     0.000
r   105.727     0.010    0     0.000     0.000
r   106.518     0.010    0     0.000     0.000
r   107.295     0.010    0     0.000     0.000
r   108.084     0.010    0     0.000     0.000
r   108.855     0.010    0     0.000     0.000
r   109.640     0.010    0     0.000     0.000
r   110.418     0.010    0     0.000     0.000
r   111.192     0.010    0     0.000     0.000
r   111.978     0.010    0     0.000     0.000
r   112.749     0.010    0     0.000     0.000
r   113.510     0.010    0     0.000     0.000
r   114.309     0.010    0     0.000     0.000
r   115.118     0.010    0     0.000     0.000
r   115.925     0.010    0     0.000     0.000
r   116.715     0.010    0     0.000     0.000
r   117.497     0.010    0     0.000     0.000
r   118.293     0.010    0     0.000     0.000
r   119.081     0.010    0     0.000     0.000
r   119.890     0.010    0     0.000     0.000
r   120.697     0.010    0     0.000     0.000
r   121.509     0.010    0     0.000     0.000
r   122.311     0.010    0     0.000     0.000
r   123.110     0.010    0     0.000     0.000
r   123.895     0.010    0     0.000     0.000
r   124.686     0.010    0     0.000     0.000
r   125.474     0.010    0     0.000     0.000
r   126.249     0.010    0     0.000     0.000
r   127.031     0.010    0     0.000     0.000
r   127.805     0.010    0     0.000     0.000
r   128.607     0.010    0     0.000     0.000
r   129.412     0.010    0     0.000     0.000
r   130.214     0.010    0     0.000     0.000
r   131.018     0.010    0     0.000     0.000
r   131.806     0.010    0     0.000     0.000
r   132.622     0.010    0     0.000     0.000
r   133.426     0.010    0     0.000     0.000
r   134.239     0.010    0     0.000     0.000
r   135.043     0.010    0     0.000     0.000
r   135.842     0.010    0     0.000     0.000
r   154.545     0.010    0     0.000     0.000
r   155.314     0.010    0     0.000     0.000
r   156.087     0.010    0     0.000     0.000
r   157.004     0.010    0     0.000     0.000
r   157.751     0.010    0     0.000     0.000
r   158.628     0.010    0     0.000     0.000
r   159.583     0.010    0     0.000     0.000
r   268.158     0.010    0     0.000     0.000
r   274.911     0.010    0     0.000     0.000
r   280.098     0.010    0     0.000     0.000
r   288.262     0.010    0     0.000     0.000
r   294.497     0.010    0     0.000     0.000
r    50.575     0.010    1     0.000     0.000
r    52.906     0.010    1     0.000     0.000
r    55.652     0.010    1     0.000     0.000
r    58.718     0.010    1     0.000     0.000
r    61.619     0.010    1     0.000     0.000
r    64.636     0.010    1     0.000     0.000
r    68.461     0.010    1     0.000     0.000
r    71.893     0.010    1     0.000     0.000
r    74.393     0.010    1     0.000     0.000
r    76.677     0.010    1     0.000     0.000
r    79.318     0.010    1     0.000     0.000
r    81.478     0.010    1     0.000     0.000
r    83.984     0.010    1     0.000     0.000
r    85.865     0.010    1     0.000     0.000
r   242.119     0.010    1     0.000     0.000
r   245.239     0.010    1     0.000     0.000
r   248.458     0.010    1     0.000     0.000
r   251.574     0.010    1     0.000     0.000
r   255.187     0.010    1     0.000     0.000
r   258.479     0.010    1     0.000     0.000
r   263.272     0.010    1     0.000     0.000
r   268.158     0.010    1     0.000     0.000
r   271.683     0.010    1     0.000     0.000
r   276.226     0.010    1     0.000     0.000
s   138.753     3.070  145
r    11.208     0.010    0     0.000     0.000
r    14.945     0.010    0     0.000     0.000
r    19.129     0.010    0     0.000     0.000
r    22.251     0.010    0     0.000     0.000
r    26.328     0.010    0     0.000     0.000
r    29.019     0.010    0     0.000     0.000
r    32.844     0.010    0     0.000     0.000
r    35.766     0.010    0     0.000     0.000
r    38.192     0.010    0     0.000     0.000
r    41.287     0.010    0     0.000     0.000
r    44.449     0.010    0     0.000     0.000
r    47.114     0.010    0     0.000     0.000
r    49.471     0.010    0     0.000     0.000
r    52.906     0.010    0     0.000     0.000
r    57.495     0.010    0     0.000     0.000
r    60.717     0.010    0     0.000     0.000
r    63.440     0.010    0     0.000     0.000
r    66.009     0.010    0     0.000     0.000
r    69.082     0.010    0     0.000     0.000
r    71.110     0.010    0     0.000     0.000
r    73.769     0.010    0     0.000     0.000
r    76.830     0.010    0     0.000     0.000
r    79.932     0.010    0     0.000     0.000
r    84.135     0.010    0     0.000     0.000
r    87.756     0.010    0     0.000     0.000
r    91.029     0.010    0     0.000     0.000
r    94.826     0.010    0     0.000     0.000
r    95.617     0.010    0     0.000     0.000
r    96.416     0.010    0     0.000     0.000
r    97.204     0.010    0     0.000     0.000
r    97.989     0.010    0     0.000     0.000
r    98.768     0.010    0     0.000     0.000
r    99.540     0.010    0     0.000     0.000
r   100.314     0.010    0     0.000     0.000
r   101.081     0.010    0     0.000     0.000
r   101.843     0.010    0     0.000     0.000
r   102.613     0.010    0     0.000     0.000
r   103.372     0.010    0     0.000     0.000
r   104.153     0.010    0     0.000     0.000
r   104.947     0.010    0     0.000     0.000
r   105.727     0.010    0     0.000     0.000
r   106.518     0.010    0     0.000     0.000
r   107.296     0.010    0     0.000     0.000
r   108.084     0.010    0     0.000     0.000
r   108.856     0.010    0     0.000     0.000
r   109.641     0.010    0     0.000     0.000
r   110.418     0.010    0     0.000     0.000
r   111.193     0.010    0     0.000     0.000
r   111.978     0.010    0     0.000     0.000
r   112.749     0.010    0     0.000     0.000
r   113.510     0.010    0     0.000     0.000
r   114.309     0.010    0     0.000     0.000
r   115.119     0.010    0     0.000     0.000
r   115.925     0.010    0     0.000     0.000
r   116.715     0.010    0     0.000     0.000
r   117.497     0.010    0     0.000     0.000
r   118.293     0.010    0     0.000     0.000
r   119.081     0.010    0     0.000     0.000
r   119.890     0.010    0     0.000     0.000
r   120.697     0.010    0     0.000     0.000
r   121.509     0.010    0     0.000     0.000
r   122.311     0.010    0     0.000     0.000
r   123.110     0.010    0     0.000     0.000
r   123.895     0.010    0     0.000     0.000
r   124.686     0.010    0     0.000     0.000
r   125.474     0.010    0     0.000     0.000
r   126.248     0.010    0     0.000     0.000
r   127.030     0.010    0     0.000     0.000
r   127.804     0.010    0     0.000     0.000
r   128.606     0.010    0     0.000     0.000
r   129.411     0.010    0     0.000     0.000
r   130.528     0.010    0     0.000     0.000
r   144.785     0.010    0     0.000     0.000
r   145.595     0.010    0     0.000     0.000
r   146.404     0.010    0     0.000     0.000
r   147.203     0.010    0     0.000     0.000
r   148.002     0.010    0     0.000     0.000
r   148.793     0.010    0     0.000     0.000
r   149.581     0.010    0     0.000     0.000
r   150.375     0.010    0     0.000     0.000
r   151.155     0.010    0     0.000     0.000
r   151.931     0.010    0     0.000     0.000
r   152.717     0.010    0     0.000     0.000
r   153.479     0.010    0     0.000     0.000
r   154.244     0.010    0     0.000     0.000
r   155.002     0.010    0     0.000     0.000
r   155.767     0.010    0     0.000     0.000
r   156.545     0.010    0     0.000     0.000
r   157.300     0.010    0     0.000     0.000
r   158.039     0.010    0     0.000     0.000
r   158.897     0.010    0     0.000     0.000
r   159.684     0.010    0     0.000     0.000
r   160.533     0.010    0     0.000     0.000
r   218.455     0.010    0     0.000     0.000
r   220.820     0.010    0     0.000     0.000
r   223.064     0.010    0     0.000     0.000
r   224.807     0.010    0     0.000     0.000
r   227.005     0.010    0     0.000     0.000
r   229.027     0.010    0     0.000     0.000
r   231.987     0.010    0     0.000     0.000
r   235.098     0.010    0     0.000     0.000
r   238.885     0.010    0     0.000     0.000
r   258.965     0.010    0     0.000     0.000
r   263.745     0.010    0     0.000     0.000
r   270.712     0.010    0     0.000     0.000
r   276.226     0.010    0     0.000     0.000
r   280.891     0.010    0     0.000     0.000
r   286.488     0.010    0     0.000     0.000
r   293.718     0.010    0     0.000     0.000
r   298.357     0.010    0     0.000     0.000
r   302.816     0.010    0     0.000     0.000
r     3.393     0.010    1     0.000     0.000
r     6.340     0.010    1     0.000     0.000
r     9.429     0.010    1     0.000     0.000
r    12.378     0.010    1     0.000     0.000
r    14.783     0.010    1     0.000     0.000
r    17.235     0.010    1     0.000     0.000
r    20.216     0.010    1     0.000     0.000
r    23.193     0.010    1     0.000     0.000
r    26.794     0.010    1     0.000     0.000
r    31.075     0.010    1     0.000     0.000
r    34.943     0.010    1     0.000     0.000
r    39.170     0.010    1     0.000     0.000
r    51.357     0.010    1     0.000     0.000
r    54.734     0.010    1     0.000     0.000
r    57.344     0.010    1     0.000     0.000
r    60.257     0.010    1     0.000     0.000
r    63.734     0.010    1     0.000     0.000
r    66.621     0.010    1     0.000     0.000
r    69.394     0.010    1     0.000     0.000
r    72.207     0.010    1     0.000     0.000
r    76.372     0.010    1     0.000     0.000
r    80.703     0.010    1     0.000     0.000
r   234.808     0.010    1     0.000     0.000
r   241.507     0.010    1     0.000     0.000
r   246.269     0.010    1     0.000     0.000
r   250.470     0.010    1     0.000     0.000
r   255.186     0.010    1     0.000     0.000
r   258.640     0.010    1     0.000     0.000
r   264.561     0.010    1     0.000     0.000
r   268.473     0.010    1     0.000     0.000
r   272.810     0.010    1     0.000     0.000
r   277.679     0.010    1     0.000     0.000
r   281.217     0.010    1     0.000     0.000
r   284.890     0.010    1     0.000     0.000
s   132.785     2.760  115
r    66.782     0.010    0     0.000     0.000
r    69.545     0.010    0     0.000     0.000
r    72.043     0.010    0     0.000     0.000
r    74.992     0.010    0     0.000     0.000
r    78.074     0.010    0     0.000     0.000
r    81.166     0.010    0     0.000     0.000
r    85.074     0.010    0     0.000     0.000
r    87.757     0.010    0     0.000     0.000
r    90.410     0.010    0     0.000     0.000
r    92.916     0.010    0     0.000     0.000
r    95.140     0.010    0     0.000     0.000
r    98.459     0.010    0     0.000     0.000
r   102.298     0.010    0     0.000     0.000
r   106.367     0.010    0     0.000     0.000
r   109.791     0.010    0     0.000     0.000
r   112.749     0.010    0     0.000     0.000
r   115.118     0.010    0     0.000     0.000
r   115.925     0.010    0     0.000     0.000
r   116.715     0.010    0     0.000     0.000
r   117.497     0.010    0     0.000     0.000
r   118.293     0.010    0     0.000     0.000
r   119.081     0.010    0     0.000     0.000
r   119.890     0.010    0     0.000     0.000
r   120.697     0.010    0     0.000     0.000
r   121.509     0.010    0     0.000     0.000
r   122.311     0.010    0     0.000     0.000
r   123.271     0.010    0     0.000     0.000
r   124.046     0.010    0     0.000     0.000
r   124.837     0.010    0     0.000     0.000
r   125.635     0.010    0     0.000     0.000
r   126.410     0.010    0     0.000     0.000
r   139.492     0.010    0     0.000     0.000
r   140.294     0.010    0     0.000     0.000
r   141.092     0.010    0     0.000     0.000
r   141.901     0.010    0     0.000     0.000
r   142.703     0.010    0     0.000     0.000
r   143.505     0.010    0     0.000     0.000
r   144.311     0.010    0     0.000     0.000
r   145.113     0.010    0     0.000     0.000
r   145.919     0.010    0     0.000     0.000
r   146.717     0.010    0     0.000     0.000
r   147.516     0.010    0     0.000     0.000
r   148.318     0.010    0     0.000     0.000
r   149.116     0.010    0     0.000     0.000
r   149.907     0.010    0     0.000     0.000
r   150.691     0.010    0     0.000     0.000
r   151.471     0.010    0     0.000     0.000
r   152.247     0.010    0     0.000     0.000
r   153.023     0.010    0     0.000     0.000
r   153.789     0.010    0     0.000     0.000
r   154.544     0.010    0     0.000     0.000
r   155.312     0.010    0     0.000     0.000
r   156.085     0.010    0     0.000     0.000
r   156.849     0.010    0     0.000     0.000
r   157.598     0.010    0     0.000     0.000
r   158.339     0.010    0     0.000     0.000
r   159.041     0.010    0     0.000     0.000
r   275.902     0.010    0     0.000     0.000
r   279.612     0.010    0     0.000     0.000
r   282.973     0.010    0     0.000     0.000
r   286.814     0.010    0     0.000     0.000
r   290.527     0.010    0     0.000     0.000
r   293.414     0.010    0     0.000     0.000
r   298.194     0.010    0     0.000     0.000
r     4.379     0.010    1     0.000     0.000
r     5.205     0.010    1     0.000     0.000
r     6.029     0.010    1     0.000     0.000
r     6.825     0.010    1     0.000     0.000
r     7.629     0.010    1     0.000     0.000
r     8.441     0.010    1     0.000     0.000
r     9.268     0.010    1     0.000     0.000
r    10.075     0.010    1     0.000     0.000
r    11.044     0.010    1     0.000     0.000
r    12.042     0.010    1     0.000     0.000
r    12.866     0.010    1     0.000     0.000
r    13.656     0.010    1     0.000     0.000
r    14.458     0.010    1     0.000     0.000
r    15.271     0.010    1     0.000     0.000
r    16.087     0.010    1     0.000     0.000
r    16.910     0.010    1     0.000     0.000
r    17.709     0.010    1     0.000     0.000
r    18.502     0.010    1     0.000     0.000
r    19.291     0.010    1     0.000     0.000
r    20.065     0.010    1     0.000     0.000
r    20.843     0.010    1     0.000     0.000
r    21.635     0.010    1     0.000     0.000
r    22.402     0.010    1     0.000     0.000
r    23.193     0.010    1     0.000     0.000
r    23.981     0.010    1     0.000     0.000
r    24.761     0.010    1     0.000     0.000
r    25.543     0.010    1     0.000     0.000
r    26.329     0.010    1     0.000     0.000
r    27.117     0.010    1     0.000     0.000
r    27.906     0.010    1     0.000     0.000
r    51.357     0.010    1     0.000     0.000
r    52.293     0.010    1     0.000     0.000
r    53.219     0.010    1     0.000     0.000
r    53.975     0.010    1     0.000     0.000
r    54.734     0.010    1     0.000     0.000
r    55.501     0.010    1     0.000     0.000
r    56.261     0.010    1     0.000     0.000
r    57.032     0.010    1     0.000     0.000
r    57.807     0.010    1     0.000     0.000
r    58.719     0.010    1     0.000     0.000
r    59.483     0.010    1     0.000     0.000
r    60.257     0.010    1     0.000     0.000
r    61.021     0.010    1     0.000     0.000
r    61.773     0.010    1     0.000     0.000
r    62.532     0.010    1     0.000     0.000
r    63.440     0.010    1     0.000     0.000
r    64.181     0.010    1     0.000     0.000
r    65.251     0.010    1     0.000     0.000
r   261.977     0.010    1     0.000     0.000
r   271.041     0.010    1     0.000     0.000
r   281.056     0.010    1     0.000     0.000
