17
s   282.729     1.030  106
r    92.765     0.010    0    32.163     0.060
r    98.607     0.010    0    31.087     0.060
r   104.468     0.010    0    30.168     0.060
r   124.837     0.010    0    27.557     0.060
r   231.284     0.010    0    12.328     0.060
r   231.988     0.010    0    12.182     0.060
r   232.698     0.010    0    12.074     0.060
r   233.416     0.010    0    11.944     0.060
r   234.113     0.010    0    11.819     0.060
r   234.809     0.010    0    11.691     0.060
r   235.530     0.010    0    11.552     0.060
r   236.240     0.010    0    11.442     0.060
r   236.964     0.010    0    11.314     0.060
r   237.692     0.010    0    11.190     0.060
r   238.424     0.010    0    11.085     0.060
r   239.190     0.010    0    10.970     0.060
r   239.970     0.010    0    10.826     0.060
r   240.744     0.010    0    10.693     0.060
r   241.508     0.010    0    10.571     0.060
r   242.274     0.010    0    10.461     0.060
r   242.995     0.010    0    10.351     0.060
r   243.718     0.010    0    10.235     0.060
r   244.461     0.010    0    10.080     0.060
r   245.240     0.010    0     9.967     0.060
r   245.976     0.010    0     9.831     0.060
r   246.735     0.010    0     9.671     0.060
r   247.521     0.010    0     9.529     0.060
r   248.298     0.010    0     9.346     0.060
r   249.086     0.010    0     9.209     0.060
r   249.860     0.010    0     9.070     0.060
r   250.632     0.010    0     8.926     0.060
r   251.410     0.010    0     8.733     0.060
r   252.364     0.010    0     8.554     0.060
r   253.174     0.010    0     8.355     0.060
r   253.946     0.010    0     8.187     0.060
r   254.728     0.010    0     8.023     0.060
r   255.499     0.010    0     7.851     0.060
r   256.273     0.010    0     7.682     0.060
r   257.047     0.010    0     7.484     0.060
r   257.843     0.010    0     7.286     0.060
r   258.641     0.010    0     7.090     0.060
r   259.439     0.010    0     6.916     0.060
r   260.230     0.010    0     6.740     0.060
r   261.015     0.010    0     6.575     0.060
r   261.813     0.010    0     6.433     0.060
r   262.625     0.010    0     6.272     0.060
r   263.434     0.010    0     6.126     0.060
r   264.243     0.010    0     5.969     0.060
r   265.054     0.010    0     5.807     0.060
r   265.882     0.010    0     5.657     0.060
r   266.699     0.010    0     5.489     0.060
r   267.511     0.010    0     5.291     0.060
r   268.320     0.010    0     5.083     0.060
r   269.119     0.010    0     4.895     0.060
r   269.918     0.010    0     4.713     0.060
r   270.713     0.010    0     4.447     0.060
r   271.520     0.010    0     4.249     0.060
r   272.324     0.010    0     4.031     0.060
r   273.133     0.010    0     3.808     0.060
r   273.939     0.010    0     3.576     0.060
r   274.748     0.010    0     3.347     0.060
r   275.573     0.010    0     3.121     0.060
r   276.399     0.010    0     2.930     0.060
r   277.207     0.010    0     2.760     0.060
r   289.065     0.010    0     2.509     0.060
r   292.144     0.010    0     3.083     0.060
r   294.032     0.010    0     3.460     0.060
r   295.732     0.010    0     3.856     0.060
r   298.040     0.010    0     4.388     0.060
r   301.085     0.010    0     4.979     0.060
r   304.998     0.010    0     5.685     0.060
r   307.662     0.010    0     6.133     0.060
r   311.105     0.010    0     6.729     0.060
r   313.443     0.010    0     7.101     0.060
r   315.778     0.010    0     7.526     0.060
r   319.277     0.010    0     8.135     0.060
r   322.056     0.010    0     8.665     0.060
r   324.360     0.010    0     9.088     0.060
r   326.853     0.010    0     9.552     0.060
r   329.197     0.010    0     9.944     0.060
r   331.372     0.010    0    10.310     0.060
r   333.369     0.010    0    10.683     0.060
r   336.645     0.010    0    11.296     0.060
r   339.983     0.010    0    11.804     0.060
r   343.001     0.010    0    12.192     0.060
r   347.308     0.010    0    12.873     0.060
r   350.953     0.010    0    13.470     0.060
r   284.890     0.010    0     1.578     0.060
r   285.684     0.010    0     1.817     0.060
r   286.488     0.010    0     2.028     0.060
r   323.604     0.010    1    10.183     0.060
r   326.383     0.010    1    10.568     0.060
r   329.358     0.010    1    10.969     0.060
r   331.372     0.010    1    11.225     0.060
r   333.226     0.010    1    11.526     0.060
r   334.905     0.010    1    11.806     0.060
r   337.288     0.010    1    12.186     0.060
r   339.513     0.010    1    12.468     0.060
r   341.403     0.010    1    12.657     0.060
r   343.329     0.010    1    12.870     0.060
r   345.090     0.010    1    13.076     0.060
r   346.679     0.010    1    13.298     0.060
r   351.272     0.010    1    14.016     0.060
r   357.896     0.010    1    15.137     0.060
r   363.167     0.010    1    16.223     0.060
r   367.176     0.010    1    17.108     0.060
s   276.757     1.560  207
r    89.794     0.010    0    31.870     0.060
r    96.881     0.010    0    30.706     0.060
r   100.777     0.010    0    29.872     0.060
r   103.988     0.010    0    29.421     0.060
r   104.793     0.010    0    29.310     0.060
r   105.574     0.010    0    29.201     0.060
r   106.368     0.010    0    29.112     0.060
r   107.145     0.010    0    29.000     0.060
r   107.923     0.010    0    28.907     0.060
r   108.694     0.010    0    28.788     0.060
r   109.479     0.010    0    28.656     0.060
r   110.265     0.010    0    28.596     0.060
r   140.929     0.010    0    24.557     0.060
r   146.405     0.010    0    23.710     0.060
r   224.808     0.010    0    12.137     0.060
r   225.529     0.010    0    12.069     0.060
r   226.274     0.010    0    11.983     0.060
r   227.006     0.010    0    11.910     0.060
r   227.737     0.010    0    11.772     0.060
r   228.461     0.010    0    11.672     0.060
r   229.179     0.010    0    11.588     0.060
r   229.883     0.010    0    11.500     0.060
r   230.577     0.010    0    11.416     0.060
r   231.284     0.010    0    11.281     0.060
r   231.988     0.010    0    11.147     0.060
r   232.698     0.010    0    11.027     0.060
r   233.416     0.010    0    10.910     0.060
r   234.112     0.010    0    10.809     0.060
r   234.809     0.010    0    10.695     0.060
r   235.530     0.010    0    10.534     0.060
r   236.240     0.010    0    10.417     0.060
r   236.964     0.010    0    10.260     0.060
r   237.692     0.010    0    10.104     0.060
r   238.424     0.010    0     9.978     0.060
r   239.190     0.010    0     9.851     0.060
r   239.970     0.010    0     9.759     0.060
r   240.744     0.010    0     9.635     0.060
r   241.508     0.010    0     9.510     0.060
r   242.274     0.010    0     9.385     0.060
r   242.995     0.010    0     9.290     0.060
r   243.717     0.010    0     9.200     0.060
r   244.461     0.010    0     9.059     0.060
r   245.240     0.010    0     8.939     0.060
r   245.976     0.010    0     8.756     0.060
r   246.735     0.010    0     8.636     0.060
r   247.521     0.010    0     8.527     0.060
r   248.298     0.010    0     8.423     0.060
r   249.085     0.010    0     8.254     0.060
r   249.859     0.010    0     8.045     0.060
r   250.632     0.010    0     7.894     0.060
r   251.410     0.010    0     7.722     0.060
r   252.199     0.010    0     7.536     0.060
r   253.009     0.010    0     7.367     0.060
r   253.795     0.010    0     7.203     0.060
r   254.566     0.010    0     7.008     0.060
r   255.348     0.010    0     6.832     0.060
r   256.122     0.010    0     6.661     0.060
r   256.896     0.010    0     6.462     0.060
r   257.681     0.010    0     6.250     0.060
r   258.479     0.010    0     6.039     0.060
r   259.278     0.010    0     5.833     0.060
r   260.068     0.010    0     5.633     0.060
r   260.864     0.010    0     5.461     0.060
r   261.651     0.010    0     5.309     0.060
r   262.460     0.010    0     5.136     0.060
r   263.272     0.010    0     4.981     0.060
r   264.081     0.010    0     4.820     0.060
r   264.892     0.010    0     4.631     0.060
r   265.713     0.010    0     4.465     0.060
r   266.537     0.010    0     4.263     0.060
r   267.346     0.010    0     4.099     0.060
r   268.158     0.010    0     3.853     0.060
r   268.955     0.010    0     3.621     0.060
r   269.750     0.010    0     3.405     0.060
r   270.559     0.010    0     3.179     0.060
r   271.355     0.010    0     2.938     0.060
r   272.162     0.010    0     2.725     0.060
r   272.971     0.010    0     2.440     0.060
r   281.217     0.010    0     2.372     0.060
r   282.021     0.010    0     2.517     0.060
r   282.811     0.010    0     2.642     0.060
r   283.602     0.010    0     2.758     0.060
r   284.403     0.010    0     2.884     0.060
r   285.205     0.010    0     3.015     0.060
r   286.012     0.010    0     3.143     0.060
r   286.813     0.010    0     3.263     0.060
r   287.625     0.010    0     3.378     0.060
r   288.420     0.010    0     3.481     0.060
r   289.226     0.010    0     3.601     0.060
r   290.040     0.010    0     3.736     0.060
r   290.849     0.010    0     3.860     0.060
r   291.668     0.010    0     4.014     0.060
r   292.469     0.010    0     4.135     0.060
r   293.252     0.010    0     4.254     0.060
r   294.032     0.010    0     4.415     0.060
r   294.812     0.010    0     4.627     0.060
r   295.578     0.010    0     4.776     0.060
r   296.347     0.010    0     4.957     0.060
r   297.117     0.010    0     5.108     0.060
r   297.889     0.010    0     5.297     0.060
r   298.653     0.010    0     5.432     0.060
r   299.421     0.010    0     5.585     0.060
r   300.178     0.010    0     5.717     0.060
r   300.934     0.010    0     5.839     0.060
r   301.702     0.010    0     5.956     0.060
r   302.494     0.010    0     6.098     0.060
r   303.286     0.010    0     6.213     0.060
r   304.060     0.010    0     6.367     0.060
r   304.844     0.010    0     6.511     0.060
r   305.632     0.010    0     6.638     0.060
r   306.419     0.010    0     6.775     0.060
r   307.196     0.010    0     6.871     0.060
r   307.976     0.010    0     7.005     0.060
r   308.759     0.010    0     7.155     0.060
r   309.536     0.010    0     7.283     0.060
r   310.320     0.010    0     7.375     0.060
r   311.105     0.010    0     7.526     0.060
r   311.881     0.010    0     7.665     0.060
r   312.666     0.010    0     7.776     0.060
r   313.443     0.010    0     7.905     0.060
r   314.220     0.010    0     8.030     0.060
r   315.004     0.010    0     8.189     0.060
r   315.778     0.010    0     8.330     0.060
r   316.555     0.010    0     8.430     0.060
r   317.350     0.010    0     8.554     0.060
r   318.159     0.010    0     8.691     0.060
r   318.954     0.010    0     8.847     0.060
r   319.746     0.010    0     8.995     0.060
r   320.523     0.010    0     9.160     0.060
r   321.300     0.010    0     9.305     0.060
r   322.055     0.010    0     9.441     0.060
r   322.835     0.010    0     9.573     0.060
r   323.604     0.010    0     9.720     0.060
r   324.360     0.010    0     9.851     0.060
r   325.126     0.010    0     9.994     0.060
r   325.921     0.010    0    10.165     0.060
r   326.692     0.010    0    10.279     0.060
r   327.476     0.010    0    10.427     0.060
r   328.266     0.010    0    10.576     0.060
r   329.049     0.010    0    10.684     0.060
r   329.820     0.010    0    10.820     0.060
r   330.589     0.010    0    10.964     0.060
r   331.372     0.010    0    11.104     0.060
r   332.297     0.010    0    11.260     0.060
r   333.072     0.010    0    11.415     0.060
r   333.826     0.010    0    11.558     0.060
r   334.590     0.010    0    11.698     0.060
r   335.373     0.010    0    11.855     0.060
r   336.166     0.010    0    11.987     0.060
r   336.970     0.010    0    12.119     0.060
r   337.770     0.010    0    12.254     0.060
r   338.557     0.010    0    12.385     0.060
r   339.352     0.010    0    12.507     0.060
r   340.144     0.010    0    12.620     0.060
r   340.933     0.010    0    12.713     0.060
r   341.718     0.010    0    12.808     0.060
r   342.522     0.010    0    12.907     0.060
r   343.329     0.010    0    13.020     0.060
r   344.133     0.010    0    13.117     0.060
r   344.926     0.010    0    13.224     0.060
r   345.727     0.010    0    13.348     0.060
r   346.515     0.010    0    13.451     0.060
r   347.308     0.010    0    13.575     0.060
r   348.091     0.010    0    13.699     0.060
r   348.890     0.010    0    13.826     0.060
r   349.680     0.010    0    13.946     0.060
r   350.483     0.010    0    14.082     0.060
r   351.272     0.010    0    14.221     0.060
r   279.447     0.010    0     2.062     0.060
r   280.262     0.010    0     2.259     0.060
r   120.697     0.010    1    27.611     0.060
r   126.872     0.010    1    26.831     0.060
r   137.263     0.010    1    25.473     0.060
r   146.717     0.010    1    24.137     0.060
r   153.633     0.010    1    22.885     0.060
r   324.975     0.010    1    11.029     0.060
r   325.760     0.010    1    11.113     0.060
r   326.544     0.010    1    11.225     0.060
r   327.326     0.010    1    11.341     0.060
r   328.107     0.010    1    11.454     0.060
r   328.891     0.010    1    11.528     0.060
r   329.669     0.010    1    11.624     0.060
r   330.435     0.010    1    11.764     0.060
r   331.207     0.010    1    11.860     0.060
r   332.147     0.010    1    12.009     0.060
r   332.922     0.010    1    12.142     0.060
r   333.675     0.010    1    12.293     0.060
r   334.590     0.010    1    12.431     0.060
r   335.534     0.010    1    12.609     0.060
r   336.327     0.010    1    12.735     0.060
r   337.134     0.010    1    12.835     0.060
r   337.931     0.010    1    12.977     0.060
r   338.718     0.010    1    13.101     0.060
r   339.513     0.010    1    13.197     0.060
r   340.305     0.010    1    13.277     0.060
r   341.092     0.010    1    13.326     0.060
r   341.882     0.010    1    13.438     0.060
r   342.686     0.010    1    13.538     0.060
r   343.979     0.010    1    13.670     0.060
r   345.090     0.010    1    13.807     0.060
r   346.515     0.010    1    14.000     0.060
r   347.937     0.010    1    14.198     0.060
r   348.890     0.010    1    14.326     0.060
r   361.732     0.010    1    16.521     0.060
r   365.109     0.010    1    17.242     0.060
r   370.187     0.010    1    18.092     0.060
r   376.219     0.010    1    18.795     0.060
s   270.805     2.080  205
r    90.724     0.010    0    31.113     0.060
r    97.042     0.010    0    29.988     0.060
r   103.522     0.010    0    28.793     0.060
r   109.952     0.010    0    27.893     0.060
r   114.957     0.010    0    27.340     0.060
r   225.973     0.010    0    11.238     0.060
r   226.715     0.010    0    11.135     0.060
r   227.436     0.010    0    11.030     0.060
r   228.167     0.010    0    10.936     0.060
r   228.888     0.010    0    10.842     0.060
r   229.595     0.010    0    10.738     0.060
r   230.300     0.010    0    10.637     0.060
r   230.993     0.010    0    10.532     0.060
r   231.700     0.010    0    10.428     0.060
r   232.407     0.010    0    10.314     0.060
r   233.265     0.010    0    10.176     0.060
r   233.972     0.010    0    10.044     0.060
r   234.669     0.010    0     9.924     0.060
r   235.809     0.010    0     9.695     0.060
r   237.251     0.010    0     9.335     0.060
r   239.039     0.010    0     9.031     0.060
r   240.744     0.010    0     8.762     0.060
r   243.131     0.010    0     8.439     0.060
r   244.461     0.010    0     8.240     0.060
r   245.239     0.010    0     8.098     0.060
r   245.975     0.010    0     7.973     0.060
r   246.734     0.010    0     7.846     0.060
r   247.520     0.010    0     7.653     0.060
r   248.297     0.010    0     7.497     0.060
r   249.236     0.010    0     7.307     0.060
r   250.013     0.010    0     7.150     0.060
r   250.785     0.010    0     6.980     0.060
r   251.574     0.010    0     6.797     0.060
r   252.363     0.010    0     6.631     0.060
r   253.173     0.010    0     6.441     0.060
r   253.945     0.010    0     6.247     0.060
r   254.727     0.010    0     6.049     0.060
r   255.498     0.010    0     5.855     0.060
r   256.273     0.010    0     5.683     0.060
r   257.047     0.010    0     5.460     0.060
r   257.842     0.010    0     5.218     0.060
r   258.640     0.010    0     4.990     0.060
r   259.439     0.010    0     4.778     0.060
r   260.229     0.010    0     4.572     0.060
r   261.014     0.010    0     4.393     0.060
r   261.812     0.010    0     4.166     0.060
r   262.624     0.010    0     3.995     0.060
r   263.433     0.010    0     3.763     0.060
r   264.242     0.010    0     3.574     0.060
r   265.053     0.010    0     3.395     0.060
r   265.881     0.010    0     3.184     0.060
r   274.260     0.010    0     2.635     0.060
r   275.072     0.010    0     2.710     0.060
r   275.901     0.010    0     2.798     0.060
r   276.728     0.010    0     2.956     0.060
r   277.528     0.010    0     3.123     0.060
r   278.323     0.010    0     3.273     0.060
r   279.124     0.010    0     3.425     0.060
r   279.933     0.010    0     3.514     0.060
r   280.738     0.010    0     3.624     0.060
r   281.542     0.010    0     3.760     0.060
r   282.332     0.010    0     3.881     0.060
r   283.126     0.010    0     3.987     0.060
r   283.927     0.010    0     4.094     0.060
r   284.728     0.010    0     4.188     0.060
r   285.530     0.010    0     4.307     0.060
r   286.326     0.010    0     4.443     0.060
r   287.138     0.010    0     4.554     0.060
r   287.939     0.010    0     4.675     0.060
r   288.742     0.010    0     4.742     0.060
r   289.556     0.010    0     4.824     0.060
r   290.365     0.010    0     4.927     0.060
r   291.181     0.010    0     5.069     0.060
r   291.993     0.010    0     5.193     0.060
r   292.784     0.010    0     5.327     0.060
r   293.567     0.010    0     5.460     0.060
r   294.346     0.010    0     5.642     0.060
r   295.113     0.010    0     5.789     0.060
r   295.882     0.010    0     5.950     0.060
r   296.662     0.010    0     6.130     0.060
r   297.431     0.010    0     6.280     0.060
r   298.193     0.010    0     6.417     0.060
r   298.960     0.010    0     6.550     0.060
r   299.728     0.010    0     6.702     0.060
r   300.482     0.010    0     6.846     0.060
r   301.231     0.010    0     6.933     0.060
r   302.020     0.010    0     7.059     0.060
r   302.816     0.010    0     7.195     0.060
r   303.597     0.010    0     7.368     0.060
r   304.371     0.010    0     7.498     0.060
r   305.159     0.010    0     7.601     0.060
r   305.943     0.010    0     7.772     0.060
r   306.731     0.010    0     7.844     0.060
r   307.510     0.010    0     7.985     0.060
r   308.290     0.010    0     8.103     0.060
r   309.073     0.010    0     8.245     0.060
r   309.847     0.010    0     8.370     0.060
r   310.631     0.010    0     8.485     0.060
r   311.416     0.010    0     8.617     0.060
r   312.203     0.010    0     8.753     0.060
r   312.977     0.010    0     8.906     0.060
r   313.754     0.010    0     8.972     0.060
r   314.531     0.010    0     9.113     0.060
r   315.316     0.010    0     9.273     0.060
r   316.089     0.010    0     9.376     0.060
r   316.877     0.010    0     9.491     0.060
r   317.672     0.010    0     9.612     0.060
r   318.481     0.010    0     9.784     0.060
r   319.276     0.010    0     9.913     0.060
r   320.058     0.010    0    10.068     0.060
r   320.834     0.010    0    10.214     0.060
r   321.604     0.010    0    10.365     0.060
r   322.370     0.010    0    10.504     0.060
r   323.149     0.010    0    10.620     0.060
r   323.905     0.010    0    10.781     0.060
r   324.671     0.010    0    10.901     0.060
r   325.448     0.010    0    11.065     0.060
r   326.232     0.010    0    11.197     0.060
r   327.003     0.010    0    11.360     0.060
r   327.798     0.010    0    11.481     0.060
r   328.585     0.010    0    11.628     0.060
r   329.357     0.010    0    11.776     0.060
r   330.123     0.010    0    11.896     0.060
r   330.903     0.010    0    12.024     0.060
r   331.675     0.010    0    12.158     0.060
r   332.450     0.010    0    12.316     0.060
r   333.225     0.010    0    12.455     0.060
r   333.979     0.010    0    12.595     0.060
r   334.740     0.010    0    12.738     0.060
r   335.534     0.010    0    12.899     0.060
r   336.327     0.010    0    13.035     0.060
r   337.134     0.010    0    13.176     0.060
r   337.930     0.010    0    13.289     0.060
r   338.718     0.010    0    13.390     0.060
r   339.513     0.010    0    13.501     0.060
r   340.305     0.010    0    13.599     0.060
r   341.091     0.010    0    13.713     0.060
r   341.882     0.010    0    13.824     0.060
r   342.686     0.010    0    13.906     0.060
r   343.490     0.010    0    14.064     0.060
r   344.294     0.010    0    14.164     0.060
r   345.090     0.010    0    14.279     0.060
r   345.877     0.010    0    14.419     0.060
r   346.678     0.010    0    14.531     0.060
r   347.469     0.010    0    14.656     0.060
r   348.254     0.010    0    14.790     0.060
r   350.322     0.010    0    15.149     0.060
r   352.392     0.010    0    15.499     0.060
r   355.368     0.010    0    15.996     0.060
r   359.503     0.010    0    16.824     0.060
r   363.005     0.010    0    17.587     0.060
r   365.910     0.010    0    18.356     0.060
r   370.810     0.010    0    19.095     0.060
r   121.022     0.010    1    26.965     0.060
r   126.098     0.010    1    26.317     0.060
r   130.213     0.010    1    25.743     0.060
r   136.307     0.010    1    25.049     0.060
r   142.064     0.010    1    24.288     0.060
r   145.918     0.010    1    23.696     0.060
r   149.745     0.010    1    23.055     0.060
r   152.399     0.010    1    22.492     0.060
r   154.694     0.010    1    21.965     0.060
r   306.094     0.010    1     9.213     0.060
r   309.073     0.010    1     9.581     0.060
r   313.131     0.010    1    10.077     0.060
r   316.555     0.010    1    10.497     0.060
r   319.115     0.010    1    10.916     0.060
r   322.055     0.010    1    11.366     0.060
r   324.209     0.010    1    11.721     0.060
r   325.448     0.010    1    11.908     0.060
r   326.232     0.010    1    11.995     0.060
r   327.003     0.010    1    12.094     0.060
r   327.798     0.010    1    12.188     0.060
r   328.585     0.010    1    12.315     0.060
r   329.357     0.010    1    12.442     0.060
r   330.123     0.010    1    12.548     0.060
r   330.903     0.010    1    12.663     0.060
r   331.675     0.010    1    12.772     0.060
r   332.450     0.010    1    12.912     0.060
r   333.225     0.010    1    13.021     0.060
r   333.979     0.010    1    13.151     0.060
r   334.740     0.010    1    13.285     0.060
r   335.534     0.010    1    13.413     0.060
r   336.327     0.010    1    13.538     0.060
r   337.134     0.010    1    13.645     0.060
r   337.930     0.010    1    13.772     0.060
r   338.718     0.010    1    13.894     0.060
r   339.513     0.010    1    13.989     0.060
r   340.305     0.010    1    14.092     0.060
r   341.091     0.010    1    14.191     0.060
r   341.882     0.010    1    14.249     0.060
r   342.686     0.010    1    14.351     0.060
r   343.490     0.010    1    14.470     0.060
r   344.294     0.010    1    14.566     0.060
r   345.090     0.010    1    14.654     0.060
r   345.877     0.010    1    14.773     0.060
r   346.678     0.010    1    14.839     0.060
r   347.469     0.010    1    14.966     0.060
r   348.254     0.010    1    15.072     0.060
r   349.043     0.010    1    15.207     0.060
r   349.841     0.010    1    15.315     0.060
r   350.644     0.010    1    15.464     0.060
r   351.433     0.010    1    15.610     0.060
r   352.228     0.010    1    15.734     0.060
r   356.938     0.010    1    16.511     0.060
s   264.830     2.270  174
r    93.400     0.010    0    29.837     0.060
r    96.251     0.010    0    29.233     0.060
r    99.540     0.010    0    28.598     0.060
r   102.462     0.010    0    28.111     0.060
r   105.892     0.010    0    27.608     0.060
r   109.953     0.010    0    27.026     0.060
r   113.997     0.010    0    26.506     0.060
r   118.293     0.010    0    25.991     0.060
r   128.120     0.010    0    24.606     0.060
r   135.205     0.010    0    23.770     0.060
r   137.901     0.010    0    23.493     0.060
r   141.252     0.010    0    22.974     0.060
r   143.178     0.010    0    22.671     0.060
r   146.082     0.010    0    22.215     0.060
r   225.239     0.010    0    10.543     0.060
r   225.973     0.010    0    10.409     0.060
r   226.715     0.010    0    10.255     0.060
r   227.436     0.010    0    10.194     0.060
r   228.168     0.010    0    10.126     0.060
r   228.889     0.010    0     9.997     0.060
r   229.596     0.010    0     9.886     0.060
r   230.300     0.010    0     9.748     0.060
r   230.993     0.010    0     9.653     0.060
r   231.701     0.010    0     9.552     0.060
r   232.408     0.010    0     9.436     0.060
r   233.126     0.010    0     9.332     0.060
r   233.833     0.010    0     9.192     0.060
r   234.529     0.010    0     9.084     0.060
r   235.239     0.010    0     8.968     0.060
r   235.949     0.010    0     8.836     0.060
r   236.673     0.010    0     8.701     0.060
r   237.391     0.010    0     8.519     0.060
r   238.122     0.010    0     8.394     0.060
r   238.886     0.010    0     8.288     0.060
r   239.658     0.010    0     8.164     0.060
r   240.443     0.010    0     8.012     0.060
r   241.206     0.010    0     7.888     0.060
r   241.970     0.010    0     7.760     0.060
r   242.704     0.010    0     7.636     0.060
r   243.419     0.010    0     7.524     0.060
r   244.163     0.010    0     7.407     0.060
r   244.931     0.010    0     7.239     0.060
r   245.689     0.010    0     7.077     0.060
r   246.431     0.010    0     6.895     0.060
r   247.203     0.010    0     6.725     0.060
r   247.986     0.010    0     6.555     0.060
r   248.771     0.010    0     6.358     0.060
r   249.548     0.010    0     6.193     0.060
r   250.317     0.010    0     6.012     0.060
r   251.103     0.010    0     5.788     0.060
r   251.881     0.010    0     5.609     0.060
r   252.680     0.010    0     5.403     0.060
r   253.480     0.010    0     5.187     0.060
r   254.256     0.010    0     4.934     0.060
r   255.036     0.010    0     4.694     0.060
r   255.810     0.010    0     4.450     0.060
r   256.584     0.010    0     4.213     0.060
r   257.369     0.010    0     3.943     0.060
r   258.167     0.010    0     3.659     0.060
r   258.965     0.010    0     3.443     0.060
r   271.355     0.010    0     3.520     0.060
r   272.811     0.010    0     3.737     0.060
r   273.777     0.010    0     3.934     0.060
r   274.586     0.010    0     4.023     0.060
r   275.412     0.010    0     4.093     0.060
r   276.227     0.010    0     4.195     0.060
r   277.048     0.010    0     4.320     0.060
r   277.840     0.010    0     4.419     0.060
r   278.649     0.010    0     4.548     0.060
r   279.447     0.010    0     4.662     0.060
r   280.262     0.010    0     4.771     0.060
r   281.056     0.010    0     4.876     0.060
r   281.857     0.010    0     4.963     0.060
r   282.647     0.010    0     5.061     0.060
r   283.452     0.010    0     5.140     0.060
r   284.239     0.010    0     5.243     0.060
r   285.044     0.010    0     5.343     0.060
r   285.848     0.010    0     5.454     0.060
r   286.652     0.010    0     5.551     0.060
r   287.464     0.010    0     5.645     0.060
r   288.262     0.010    0     5.742     0.060
r   289.065     0.010    0     5.814     0.060
r   289.879     0.010    0     5.941     0.060
r   290.687     0.010    0     6.052     0.060
r   291.504     0.010    0     6.162     0.060
r   292.308     0.010    0     6.289     0.060
r   293.099     0.010    0     6.408     0.060
r   293.882     0.010    0     6.550     0.060
r   294.648     0.010    0     6.703     0.060
r   295.428     0.010    0     6.852     0.060
r   296.194     0.010    0     7.022     0.060
r   296.963     0.010    0     7.179     0.060
r   297.736     0.010    0     7.326     0.060
r   298.500     0.010    0     7.466     0.060
r   299.268     0.010    0     7.598     0.060
r   300.025     0.010    0     7.722     0.060
r   300.784     0.010    0     7.822     0.060
r   301.544     0.010    0     7.921     0.060
r   302.333     0.010    0     8.063     0.060
r   303.128     0.010    0     8.214     0.060
r   303.909     0.010    0     8.362     0.060
r   304.683     0.010    0     8.482     0.060
r   305.471     0.010    0     8.610     0.060
r   306.258     0.010    0     8.766     0.060
r   307.046     0.010    0     8.856     0.060
r   307.815     0.010    0     8.986     0.060
r   308.598     0.010    0     9.150     0.060
r   309.385     0.010    0     9.281     0.060
r   310.159     0.010    0     9.369     0.060
r   310.944     0.010    0     9.512     0.060
r   311.731     0.010    0     9.640     0.060
r   312.666     0.010    0     9.792     0.060
r   313.443     0.010    0     9.916     0.060
r   314.220     0.010    0    10.020     0.060
r   315.004     0.010    0    10.196     0.060
r   315.778     0.010    0    10.316     0.060
r   316.555     0.010    0    10.424     0.060
r   317.350     0.010    0    10.568     0.060
r   318.159     0.010    0    10.712     0.060
r   318.954     0.010    0    10.848     0.060
r   319.746     0.010    0    10.984     0.060
r   320.523     0.010    0    11.118     0.060
r   321.300     0.010    0    11.271     0.060
r   322.055     0.010    0    11.419     0.060
r   322.835     0.010    0    11.551     0.060
r   323.604     0.010    0    11.698     0.060
r   324.360     0.010    0    11.830     0.060
r   325.126     0.010    0    11.979     0.060
r   325.921     0.010    0    12.109     0.060
r   326.853     0.010    0    12.285     0.060
r   327.638     0.010    0    12.435     0.060
r   328.424     0.010    0    12.593     0.060
r   329.196     0.010    0    12.721     0.060
r   330.435     0.010    0    12.904     0.060
r   332.146     0.010    0    13.198     0.060
r   333.979     0.010    0    13.546     0.060
r   336.002     0.010    0    13.904     0.060
r   337.606     0.010    0    14.174     0.060
r   339.202     0.010    0    14.432     0.060
r   341.403     0.010    0    14.714     0.060
r   343.818     0.010    0    15.039     0.060
r   345.727     0.010    0    15.330     0.060
r   348.890     0.010    0    15.825     0.060
r   350.953     0.010    0    16.202     0.060
r   353.642     0.010    0    16.624     0.060
r   356.938     0.010    0    17.184     0.060
r   361.095     0.010    0    18.001     0.060
r   363.825     0.010    0    18.646     0.060
r   366.540     0.010    0    19.438     0.060
r   372.068     0.010    0    20.222     0.060
r    71.110     0.010    1    33.023     0.060
r    77.296     0.010    1    32.265     0.060
r    85.399     0.010    1    31.213     0.060
r    90.878     0.010    1    30.500     0.060
r    96.416     0.010    1    29.623     0.060
r   118.766     0.010    1    26.515     0.060
r   125.313     0.010    1    25.781     0.060
r   131.169     0.010    1    25.057     0.060
r   137.575     0.010    1    24.321     0.060
r   306.570     0.010    1     9.869     0.060
r   311.417     0.010    1    10.572     0.060
r   315.929     0.010    1    11.210     0.060
r   318.632     0.010    1    11.612     0.060
r   321.905     0.010    1    12.086     0.060
r   325.599     0.010    1    12.665     0.060
r   328.424     0.010    1    13.075     0.060
r   331.207     0.010    1    13.489     0.060
r   333.072     0.010    1    13.787     0.060
r   335.688     0.010    1    14.222     0.060
r   338.557     0.010    1    14.657     0.060
r   342.839     0.010    1    15.213     0.060
r   346.039     0.010    1    15.646     0.060
r   349.680     0.010    1    16.160     0.060
r   353.330     0.010    1    16.740     0.060
s   252.812     3.230  127
r    55.501     0.010    0    33.073     0.060
r    61.468     0.010    0    32.325     0.060
r    70.799     0.010    0    31.177     0.060
r    76.222     0.010    0    30.530     0.060
r    81.790     0.010    0    29.837     0.060
r    87.921     0.010    0    28.959     0.060
r    94.038     0.010    0    27.962     0.060
r   100.153     0.010    0    26.973     0.060
r   105.108     0.010    0    26.190     0.060
r   110.104     0.010    0    25.500     0.060
r   115.280     0.010    0    24.876     0.060
r   120.858     0.010    0    24.295     0.060
r   125.474     0.010    0    23.714     0.060
r   225.530     0.010    0     8.660     0.060
r   227.146     0.010    0     8.431     0.060
r   229.459     0.010    0     8.061     0.060
r   231.424     0.010    0     7.726     0.060
r   233.553     0.010    0     7.359     0.060
r   234.949     0.010    0     7.059     0.060
r   236.383     0.010    0     6.788     0.060
r   238.123     0.010    0     6.424     0.060
r   239.820     0.010    0     6.076     0.060
r   241.669     0.010    0     5.683     0.060
r   242.845     0.010    0     5.419     0.060
r   259.277     0.010    0     3.996     0.060
r   260.068     0.010    0     4.119     0.060
r   260.863     0.010    0     4.243     0.060
r   261.651     0.010    0     4.352     0.060
r   262.460     0.010    0     4.494     0.060
r   263.272     0.010    0     4.638     0.060
r   264.081     0.010    0     4.781     0.060
r   264.892     0.010    0     4.928     0.060
r   265.714     0.010    0     5.081     0.060
r   266.538     0.010    0     5.236     0.060
r   267.347     0.010    0     5.368     0.060
r   268.159     0.010    0     5.517     0.060
r   268.955     0.010    0     5.661     0.060
r   269.750     0.010    0     5.773     0.060
r   270.558     0.010    0     5.882     0.060
r   271.355     0.010    0     5.958     0.060
r   272.162     0.010    0     6.018     0.060
r   272.971     0.010    0     6.093     0.060
r   273.777     0.010    0     6.178     0.060
r   274.586     0.010    0     6.222     0.060
r   275.412     0.010    0     6.281     0.060
r   276.227     0.010    0     6.366     0.060
r   277.048     0.010    0     6.441     0.060
r   277.840     0.010    0     6.543     0.060
r   278.649     0.010    0     6.668     0.060
r   279.447     0.010    0     6.744     0.060
r   280.262     0.010    0     6.817     0.060
r   281.056     0.010    0     6.918     0.060
r   281.857     0.010    0     6.990     0.060
r   282.648     0.010    0     7.040     0.060
r   283.452     0.010    0     7.141     0.060
r   284.240     0.010    0     7.209     0.060
r   285.044     0.010    0     7.282     0.060
r   285.848     0.010    0     7.390     0.060
r   286.652     0.010    0     7.466     0.060
r   287.464     0.010    0     7.559     0.060
r   288.262     0.010    0     7.638     0.060
r   289.065     0.010    0     7.723     0.060
r   289.879     0.010    0     7.825     0.060
r   290.688     0.010    0     7.933     0.060
r   291.669     0.010    0     8.048     0.060
r   292.949     0.010    0     8.230     0.060
r   294.183     0.010    0     8.448     0.060
r   295.428     0.010    0     8.689     0.060
r   296.813     0.010    0     8.973     0.060
r   298.040     0.010    0     9.187     0.060
r   299.728     0.010    0     9.471     0.060
r   300.633     0.010    0     9.597     0.060
r   302.172     0.010    0     9.856     0.060
r   303.598     0.010    0    10.112     0.060
r   304.998     0.010    0    10.327     0.060
r   306.420     0.010    0    10.571     0.060
r   307.815     0.010    0    10.770     0.060
r   309.224     0.010    0    11.012     0.060
r   310.482     0.010    0    11.207     0.060
r   312.043     0.010    0    11.444     0.060
r   313.443     0.010    0    11.679     0.060
r   314.532     0.010    0    11.854     0.060
r   316.241     0.010    0    12.134     0.060
r   317.834     0.010    0    12.398     0.060
r   319.427     0.010    0    12.683     0.060
r   320.523     0.010    0    12.896     0.060
r   322.370     0.010    0    13.263     0.060
r   324.056     0.010    0    13.546     0.060
r   325.287     0.010    0    13.768     0.060
r   327.004     0.010    0    14.078     0.060
r   328.585     0.010    0    14.382     0.060
r   330.124     0.010    0    14.679     0.060
r    69.545     0.010    1    31.674     0.060
r    74.092     0.010    1    31.106     0.060
r    78.224     0.010    1    30.562     0.060
r    83.355     0.010    1    29.862     0.060
r    89.013     0.010    1    29.076     0.060
r    95.453     0.010    1    28.192     0.060
r   104.314     0.010    1    26.923     0.060
r   109.316     0.010    1    26.361     0.060
r   117.027     0.010    1    25.447     0.060
r   124.686     0.010    1    24.540     0.060
r   130.854     0.010    1    23.669     0.060
r   137.740     0.010    1    22.928     0.060
r   142.380     0.010    1    22.340     0.060
r   146.881     0.010    1    21.731     0.060
r   151.156     0.010    1    20.968     0.060
r   310.321     0.010    1    11.926     0.060
r   313.132     0.010    1    12.320     0.060
r   315.316     0.010    1    12.608     0.060
r   317.834     0.010    1    12.982     0.060
r   320.058     0.010    1    13.305     0.060
r   322.056     0.010    1    13.611     0.060
r   324.210     0.010    1    13.928     0.060
r   326.233     0.010    1    14.270     0.060
r   328.108     0.010    1    14.606     0.060
r   331.054     0.010    1    15.068     0.060
r   332.768     0.010    1    15.339     0.060
r   334.905     0.010    1    15.689     0.060
r   336.492     0.010    1    15.959     0.060
r   338.407     0.010    1    16.269     0.060
r   340.145     0.010    1    16.518     0.060
r   341.882     0.010    1    16.703     0.060
r   344.294     0.010    1    16.950     0.060
r   346.203     0.010    1    17.219     0.060
r   347.938     0.010    1    17.488     0.060
r   350.003     0.010    1    17.819     0.060
s   246.787     3.480   89
r   102.917     0.010    0    25.649     0.060
r   106.680     0.010    0    25.151     0.060
r   109.315     0.010    0    24.789     0.060
r   112.440     0.010    0    24.361     0.060
r   116.245     0.010    0    23.823     0.060
r   118.930     0.010    0    23.457     0.060
r   121.345     0.010    0    23.187     0.060
r   124.522     0.010    0    22.798     0.060
r   127.969     0.010    0    22.362     0.060
r   131.018     0.010    0    22.012     0.060
r   134.564     0.010    0    21.554     0.060
r   138.215     0.010    0    21.062     0.060
r   142.866     0.010    0    20.445     0.060
r   150.376     0.010    0    19.255     0.060
r   225.529     0.010    0     7.634     0.060
r   227.006     0.010    0     7.384     0.060
r   228.749     0.010    0     7.115     0.060
r   230.440     0.010    0     6.812     0.060
r   231.851     0.010    0     6.545     0.060
r   233.265     0.010    0     6.246     0.060
r   234.529     0.010    0     5.978     0.060
r   235.379     0.010    0     5.779     0.060
r   236.673     0.010    0     5.471     0.060
r   237.541     0.010    0     5.243     0.060
r   256.122     0.010    0     4.999     0.060
r   256.896     0.010    0     5.104     0.060
r   257.681     0.010    0     5.222     0.060
r   258.479     0.010    0     5.304     0.060
r   259.277     0.010    0     5.384     0.060
r   260.068     0.010    0     5.487     0.060
r   260.863     0.010    0     5.567     0.060
r   261.651     0.010    0     5.665     0.060
r   262.460     0.010    0     5.780     0.060
r   263.272     0.010    0     5.895     0.060
r   264.081     0.010    0     6.025     0.060
r   264.891     0.010    0     6.180     0.060
r   265.713     0.010    0     6.328     0.060
r   266.537     0.010    0     6.468     0.060
r   267.346     0.010    0     6.617     0.060
r   269.275     0.010    0     6.833     0.060
r   271.355     0.010    0     7.068     0.060
r   273.777     0.010    0     7.294     0.060
r   276.226     0.010    0     7.503     0.060
r   278.162     0.010    0     7.688     0.060
r   280.738     0.010    0     7.927     0.060
r   283.602     0.010    0     8.249     0.060
r   285.684     0.010    0     8.428     0.060
r   287.789     0.010    0     8.631     0.060
r   289.717     0.010    0     8.835     0.060
r   292.469     0.010    0     9.199     0.060
r   294.648     0.010    0     9.593     0.060
r   298.040     0.010    0    10.215     0.060
r   300.332     0.010    0    10.639     0.060
r   302.171     0.010    0    10.965     0.060
r   304.844     0.010    0    11.426     0.060
r   307.976     0.010    0    11.936     0.060
r   310.793     0.010    0    12.389     0.060
r   313.292     0.010    0    12.769     0.060
r   316.240     0.010    0    13.250     0.060
r   319.276     0.010    0    13.833     0.060
r   322.671     0.010    0    14.462     0.060
r   325.126     0.010    0    14.854     0.060
r   328.585     0.010    0    15.423     0.060
r   332.604     0.010    0    16.050     0.060
r   336.970     0.010    0    16.830     0.060
r    63.733     0.010    1    31.962     0.060
r    70.798     0.010    1    31.053     0.060
r    76.057     0.010    1    30.335     0.060
r    81.790     0.010    1    29.531     0.060
r    88.071     0.010    1    28.631     0.060
r    93.077     0.010    1    27.819     0.060
r    99.069     0.010    1    26.908     0.060
r   106.368     0.010    1    25.896     0.060
r   112.128     0.010    1    25.214     0.060
r   116.715     0.010    1    24.776     0.060
r   122.472     0.010    1    24.231     0.060
r   128.771     0.010    1    23.480     0.060
r   134.564     0.010    1    23.006     0.060
r   140.615     0.010    1    22.413     0.060
r   316.716     0.010    1    13.782     0.060
r   320.684     0.010    1    14.322     0.060
r   324.975     0.010    1    14.995     0.060
r   328.266     0.010    1    15.528     0.060
r   332.450     0.010    1    16.197     0.060
r   336.492     0.010    1    16.871     0.060
r   340.933     0.010    1    17.530     0.060
r   344.612     0.010    1    18.046     0.060
r   348.091     0.010    1    18.580     0.060
r   350.953     0.010    1    19.035     0.060
s   240.757     3.610  106
r    32.196     0.010    0    34.464     0.060
r    38.357     0.010    0    33.539     0.060
r    45.542     0.010    0    32.435     0.060
r    52.605     0.010    0    31.644     0.060
r    61.021     0.010    0    30.695     0.060
r    68.619     0.010    0    29.716     0.060
r    77.142     0.010    0    28.684     0.060
r    84.762     0.010    0    27.653     0.060
r    91.974     0.010    0    26.574     0.060
r    96.881     0.010    0    25.701     0.060
r   102.462     0.010    0    24.646     0.060
r   110.730     0.010    0    23.536     0.060
r   121.345     0.010    0    22.222     0.060
r   127.969     0.010    0    21.265     0.060
r   133.262     0.010    0    20.558     0.060
r   138.366     0.010    0    19.944     0.060
r   218.903     0.010    0     6.878     0.060
r   220.149     0.010    0     6.924     0.060
r   221.224     0.010    0     6.932     0.060
r   221.928     0.010    0     6.948     0.060
r   222.926     0.010    0     6.892     0.060
r   223.647     0.010    0     6.843     0.060
r   224.367     0.010    0     6.768     0.060
r   225.099     0.010    0     6.679     0.060
r   225.830     0.010    0     6.558     0.060
r   226.565     0.010    0     6.464     0.060
r   227.296     0.010    0     6.370     0.060
r   228.028     0.010    0     6.245     0.060
r   228.168     0.010    0     5.915     0.060
r   228.889     0.010    0     5.798     0.060
r   229.596     0.010    0     5.670     0.060
r   230.300     0.010    0     5.503     0.060
r   230.993     0.010    0     5.350     0.060
r   231.701     0.010    0     5.179     0.060
r   232.408     0.010    0     5.030     0.060
r   233.126     0.010    0     4.866     0.060
r   233.833     0.010    0     4.665     0.060
r   234.529     0.010    0     4.486     0.060
r   247.052     0.010    0     4.574     0.060
r   248.297     0.010    0     4.854     0.060
r   249.547     0.010    0     5.154     0.060
r   250.938     0.010    0     5.442     0.060
r   252.199     0.010    0     5.653     0.060
r   253.009     0.010    0     5.785     0.060
r   253.795     0.010    0     5.896     0.060
r   254.566     0.010    0     6.004     0.060
r   255.348     0.010    0     6.104     0.060
r   256.122     0.010    0     6.198     0.060
r   256.896     0.010    0     6.267     0.060
r   257.680     0.010    0     6.349     0.060
r   258.479     0.010    0     6.415     0.060
r   259.277     0.010    0     6.494     0.060
r   260.068     0.010    0     6.573     0.060
r   260.863     0.010    0     6.657     0.060
r   261.651     0.010    0     6.755     0.060
r   262.460     0.010    0     6.836     0.060
r   263.272     0.010    0     6.926     0.060
r   264.081     0.010    0     7.042     0.060
r   264.891     0.010    0     7.146     0.060
r   265.713     0.010    0     7.277     0.060
r   266.537     0.010    0     7.400     0.060
r   267.346     0.010    0     7.476     0.060
r   268.158     0.010    0     7.576     0.060
r   268.955     0.010    0     7.677     0.060
r   270.558     0.010    0     7.905     0.060
r   272.162     0.010    0     8.037     0.060
r   275.072     0.010    0     8.362     0.060
r   277.528     0.010    0     8.599     0.060
r   279.447     0.010    0     8.779     0.060
r   281.055     0.010    0     8.901     0.060
r   282.812     0.010    0     9.080     0.060
r   284.729     0.010    0     9.273     0.060
r   286.173     0.010    0     9.401     0.060
r   287.625     0.010    0     9.562     0.060
r   289.717     0.010    0     9.730     0.060
r   292.308     0.010    0    10.064     0.060
r   294.648     0.010    0    10.457     0.060
r   297.431     0.010    0    11.045     0.060
r   303.128     0.010    0    11.980     0.060
r   307.815     0.010    0    12.727     0.060
r   312.666     0.010    0    13.436     0.060
r   317.038     0.010    0    14.107     0.060
r   321.300     0.010    0    14.909     0.060
r   324.825     0.010    0    15.522     0.060
r   329.049     0.010    0    16.276     0.060
r   332.768     0.010    0    16.920     0.060
r   335.534     0.010    0    17.460     0.060
r   339.833     0.010    0    18.128     0.060
r   344.294     0.010    0    18.754     0.060
r   348.091     0.010    0    19.325     0.060
r   351.906     0.010    0    19.876     0.060
r    95.939     0.010    1    26.486     0.060
r   103.372     0.010    1    25.350     0.060
r   110.730     0.010    1    24.452     0.060
r   117.658     0.010    1    23.784     0.060
r   124.207     0.010    1    23.122     0.060
r   301.084     0.010    1    12.301     0.060
r   305.632     0.010    1    12.933     0.060
r   308.291     0.010    1    13.249     0.060
r   311.255     0.010    1    13.666     0.060
r   314.220     0.010    1    14.121     0.060
r   317.200     0.010    1    14.545     0.060
r   320.219     0.010    1    15.085     0.060
r   322.520     0.010    1    15.486     0.060
r   325.287     0.010    1    15.923     0.060
r   328.266     0.010    1    16.379     0.060
s   234.665     3.580   78
r    19.441     0.010    0    35.758     0.060
r    29.334     0.010    0    34.258     0.060
r    37.382     0.010    0    32.887     0.060
r    45.857     0.010    0    31.662     0.060
r    57.182     0.010    0    30.312     0.060
r    65.858     0.010    0    29.311     0.060
r    74.543     0.010    0    28.260     0.060
r    82.884     0.010    0    27.282     0.060
r    88.537     0.010    0    26.475     0.060
r    92.915     0.010    0    25.720     0.060
r    96.566     0.010    0    24.994     0.060
r   100.615     0.010    0    24.166     0.060
r   103.372     0.010    0    23.692     0.060
r   106.679     0.010    0    23.172     0.060
r   111.354     0.010    0    22.555     0.060
r   114.309     0.010    0    22.252     0.060
r   117.970     0.010    0    21.814     0.060
r   121.985     0.010    0    21.292     0.060
r   125.162     0.010    0    20.838     0.060
r   128.922     0.010    0    20.261     0.060
r   132.621     0.010    0    19.699     0.060
r   135.842     0.010    0    19.348     0.060
r   139.329     0.010    0    18.866     0.060
r   143.665     0.010    0    18.219     0.060
r   146.566     0.010    0    17.714     0.060
r   243.131     0.010    0     5.151     0.060
r   244.460     0.010    0     5.422     0.060
r   245.825     0.010    0     5.763     0.060
r   247.202     0.010    0     6.067     0.060
r   248.770     0.010    0     6.342     0.060
r   250.316     0.010    0     6.600     0.060
r   252.680     0.010    0     6.929     0.060
r   255.036     0.010    0     7.237     0.060
r   256.584     0.010    0     7.375     0.060
r   257.368     0.010    0     7.452     0.060
r   258.167     0.010    0     7.505     0.060
r   258.965     0.010    0     7.581     0.060
r   259.753     0.010    0     7.653     0.060
r   260.551     0.010    0     7.720     0.060
r   262.624     0.010    0     7.992     0.060
r   264.561     0.010    0     8.257     0.060
r   266.698     0.010    0     8.573     0.060
r   268.319     0.010    0     8.786     0.060
r   270.237     0.010    0     8.983     0.060
r   272.648     0.010    0     9.232     0.060
r   275.411     0.010    0     9.462     0.060
r   278.323     0.010    0     9.692     0.060
r   281.856     0.010    0    10.050     0.060
r   285.369     0.010    0    10.384     0.060
r   288.742     0.010    0    10.711     0.060
r   293.567     0.010    0    11.402     0.060
r   296.812     0.010    0    12.054     0.060
r   300.331     0.010    0    12.625     0.060
r   304.683     0.010    0    13.358     0.060
r   309.073     0.010    0    14.018     0.060
r   312.354     0.010    0    14.527     0.060
r   315.316     0.010    0    14.994     0.060
r   318.481     0.010    0    15.515     0.060
r   321.450     0.010    0    16.084     0.060
r   324.510     0.010    0    16.678     0.060
r   328.107     0.010    0    17.266     0.060
r   332.297     0.010    0    17.919     0.060
r   336.645     0.010    0    18.749     0.060
r   341.718     0.010    0    19.452     0.060
r   347.469     0.010    0    20.286     0.060
r   352.704     0.010    0    21.042     0.060
r   303.909     0.010    1    13.632     0.060
r   305.470     0.010    1    13.841     0.060
r   307.661     0.010    1    14.110     0.060
r   309.697     0.010    1    14.399     0.060
r   312.042     0.010    1    14.737     0.060
r   314.219     0.010    1    15.055     0.060
r   316.877     0.010    1    15.426     0.060
r   319.276     0.010    1    15.847     0.060
r   320.988     0.010    1    16.137     0.060
r   322.985     0.010    1    16.494     0.060
r   325.598     0.010    1    16.939     0.060
r   329.049     0.010    1    17.464     0.060
s   222.699     3.050   72
r    26.017     0.010    0    32.547     0.060
r    35.443     0.010    0    31.140     0.060
r    44.761     0.010    0    29.696     0.060
r    53.369     0.010    0    28.653     0.060
r    62.076     0.010    0    27.643     0.060
r    69.081     0.010    0    26.788     0.060
r    76.526     0.010    0    25.773     0.060
r    82.411     0.010    0    24.938     0.060
r    86.026     0.010    0    24.486     0.060
r    90.563     0.010    0    23.828     0.060
r    94.825     0.010    0    23.155     0.060
r    98.459     0.010    0    22.419     0.060
r   101.994     0.010    0    21.686     0.060
r   104.946     0.010    0    21.310     0.060
r   108.084     0.010    0    20.839     0.060
r   113.050     0.010    0    20.259     0.060
r   118.293     0.010    0    19.597     0.060
r   122.959     0.010    0    18.879     0.060
r   125.948     0.010    0    18.398     0.060
r   128.922     0.010    0    17.963     0.060
r   131.971     0.010    0    17.509     0.060
r   232.698     0.010    0     5.582     0.060
r   235.379     0.010    0     6.248     0.060
r   237.982     0.010    0     6.746     0.060
r   240.744     0.010    0     7.227     0.060
r   242.704     0.010    0     7.515     0.060
r   244.460     0.010    0     7.827     0.060
r   246.583     0.010    0     8.169     0.060
r   249.085     0.010    0     8.519     0.060
r   251.102     0.010    0     8.736     0.060
r   252.845     0.010    0     8.974     0.060
r   254.728     0.010    0     9.147     0.060
r   271.040     0.010    0    10.630     0.060
r   273.616     0.010    0    10.817     0.060
r   275.573     0.010    0    10.914     0.060
r   278.162     0.010    0    11.269     0.060
r   280.891     0.010    0    11.585     0.060
r   282.497     0.010    0    11.718     0.060
r   284.564     0.010    0    11.926     0.060
r   286.488     0.010    0    12.108     0.060
r   287.940     0.010    0    12.242     0.060
r   289.556     0.010    0    12.452     0.060
r   291.829     0.010    0    12.743     0.060
r   295.113     0.010    0    13.319     0.060
r   297.278     0.010    0    13.753     0.060
r   299.575     0.010    0    14.185     0.060
r   301.863     0.010    0    14.572     0.060
r   304.371     0.010    0    14.996     0.060
r   309.073     0.010    0    15.700     0.060
r   312.978     0.010    0    16.338     0.060
r   315.928     0.010    0    16.805     0.060
r   318.632     0.010    0    17.256     0.060
r   327.946     0.010    0    18.776     0.060
r   331.054     0.010    0    19.379     0.060
r   333.675     0.010    0    19.838     0.060
r   336.492     0.010    0    20.371     0.060
r   339.833     0.010    0    20.857     0.060
r   343.654     0.010    0    21.333     0.060
r   227.738     0.010    0     3.887     0.060
r   228.749     0.010    0     4.316     0.060
r   229.596     0.010    0     4.652     0.060
r   230.300     0.010    0     4.857     0.060
r   230.993     0.010    0     5.071     0.060
r   231.700     0.010    0     5.276     0.060
r    57.957     0.010    1    28.376     0.060
r    65.250     0.010    1    27.518     0.060
r    72.358     0.010    1    26.656     0.060
r    78.375     0.010    1    25.975     0.060
r    85.238     0.010    1    25.032     0.060
r    90.259     0.010    1    24.379     0.060
r    98.768     0.010    1    23.326     0.060
r   106.203     0.010    1    22.418     0.060
s   216.692     1.530   51
r   104.152     0.010    0    20.465     0.060
r   109.640     0.010    0    19.671     0.060
r   113.510     0.010    0    19.247     0.060
r   117.027     0.010    0    18.859     0.060
r   122.472     0.010    0    18.093     0.060
r   127.655     0.010    0    17.278     0.060
r   135.366     0.010    0    16.265     0.060
r   140.128     0.010    0    15.611     0.060
r   144.149     0.010    0    15.021     0.060
r   242.273     0.010    0     8.526     0.060
r   242.994     0.010    0     8.620     0.060
r   243.716     0.010    0     8.720     0.060
r   244.460     0.010    0     8.820     0.060
r   245.239     0.010    0     8.928     0.060
r   245.975     0.010    0     9.023     0.060
r   246.734     0.010    0     9.133     0.060
r   247.520     0.010    0     9.256     0.060
r   248.608     0.010    0     9.415     0.060
r   250.316     0.010    0     9.610     0.060
r   252.045     0.010    0     9.817     0.060
r   253.795     0.010    0     9.971     0.060
r   257.680     0.010    0    10.306     0.060
r   259.914     0.010    0    10.462     0.060
r   262.137     0.010    0    10.647     0.060
r   264.733     0.010    0    10.930     0.060
r   267.510     0.010    0    11.256     0.060
r   271.040     0.010    0    11.639     0.060
r   274.747     0.010    0    12.004     0.060
r   277.528     0.010    0    12.302     0.060
r   280.576     0.010    0    12.509     0.060
r   283.126     0.010    0    12.746     0.060
r   285.530     0.010    0    12.956     0.060
r   288.420     0.010    0    13.274     0.060
r   292.469     0.010    0    13.814     0.060
r   297.582     0.010    0    14.727     0.060
r   303.285     0.010    0    15.694     0.060
r   310.159     0.010    0    16.785     0.060
r   224.517     0.010    0     4.254     0.060
r   225.238     0.010    0     4.495     0.060
r   225.972     0.010    0     4.769     0.060
r   280.097     0.010    1    13.747     0.060
r   283.602     0.010    1    13.992     0.060
r   286.652     0.010    1    14.188     0.060
r   290.039     0.010    1    14.442     0.060
r   292.948     0.010    1    14.759     0.060
r   296.498     0.010    1    15.267     0.060
r   299.728     0.010    1    15.725     0.060
r   303.597     0.010    1    16.278     0.060
r   307.814     0.010    1    16.864     0.060
r   312.505     0.010    1    17.538     0.060
r   315.627     0.010    1    18.005     0.060
s   212.751     0.500   96
r    89.794     0.010    0    22.310     0.060
r    94.664     0.010    0    21.574     0.060
r    98.298     0.010    0    20.879     0.060
r   103.068     0.010    0    20.163     0.060
r   109.792     0.010    0    19.288     0.060
r   113.051     0.010    0    18.826     0.060
r   115.765     0.010    0    18.449     0.060
r   119.407     0.010    0    17.931     0.060
r   122.148     0.010    0    17.558     0.060
r   124.687     0.010    0    17.192     0.060
r   127.655     0.010    0    16.790     0.060
r   130.693     0.010    0    16.373     0.060
r   132.458     0.010    0    16.164     0.060
r   134.240     0.010    0    15.960     0.060
r   135.044     0.010    0    15.847     0.060
r   135.843     0.010    0    15.752     0.060
r   136.634     0.010    0    15.674     0.060
r   137.425     0.010    0    15.575     0.060
r   138.528     0.010    0    15.407     0.060
r   139.330     0.010    0    15.288     0.060
r   140.129     0.010    0    15.184     0.060
r   140.930     0.010    0    15.069     0.060
r   141.740     0.010    0    14.953     0.060
r   142.541     0.010    0    14.785     0.060
r   143.340     0.010    0    14.668     0.060
r   144.149     0.010    0    14.541     0.060
r   144.948     0.010    0    14.417     0.060
r   145.758     0.010    0    14.261     0.060
r   146.567     0.010    0    14.129     0.060
r   147.355     0.010    0    14.005     0.060
r   148.154     0.010    0    13.841     0.060
r   148.955     0.010    0    13.741     0.060
r   149.746     0.010    0    13.613     0.060
r   150.537     0.010    0    13.473     0.060
r   151.310     0.010    0    13.260     0.060
r   152.093     0.010    0    13.122     0.060
r   152.872     0.010    0    12.944     0.060
r   153.634     0.010    0    12.730     0.060
r   154.388     0.010    0    12.505     0.060
r   155.156     0.010    0    12.314     0.060
r   155.928     0.010    0    12.105     0.060
r   156.695     0.010    0    11.935     0.060
r   234.112     0.010    0     7.993     0.060
r   237.832     0.010    0     8.525     0.060
r   240.295     0.010    0     8.864     0.060
r   242.994     0.010    0     9.177     0.060
r   249.085     0.010    0     9.956     0.060
r   254.096     0.010    0    10.608     0.060
r   216.995     0.010    0     2.295     0.060
r   217.693     0.010    0     2.500     0.060
r   218.456     0.010    0     2.774     0.060
r   219.185     0.010    0     3.034     0.060
r   219.871     0.010    0     3.259     0.060
r   220.554     0.010    0     3.498     0.060
r   221.223     0.010    0     3.774     0.060
r   221.928     0.010    0     4.002     0.060
r   222.635     0.010    0     4.331     0.060
r   223.356     0.010    0     4.585     0.060
r   224.076     0.010    0     4.872     0.060
r   224.808     0.010    0     5.144     0.060
r   225.529     0.010    0     5.413     0.060
r   226.274     0.010    0     5.644     0.060
r   227.005     0.010    0     5.852     0.060
r   227.737     0.010    0     6.008     0.060
r   228.461     0.010    0     6.159     0.060
r   229.179     0.010    0     6.304     0.060
r   229.883     0.010    0     6.419     0.060
r   230.576     0.010    0     6.548     0.060
r   231.283     0.010    0     6.689     0.060
r   231.988     0.010    0     6.800     0.060
r    35.444     0.010    1    29.613     0.060
r    40.305     0.010    1    28.933     0.060
r    43.973     0.010    1    28.360     0.060
r    47.114     0.010    1    27.972     0.060
r    50.260     0.010    1    27.642     0.060
r    52.605     0.010    1    27.412     0.060
r    55.652     0.010    1    27.076     0.060
r    57.495     0.010    1    26.834     0.060
r    61.172     0.010    1    26.470     0.060
r    65.251     0.010    1    25.983     0.060
r    68.770     0.010    1    25.603     0.060
r    72.512     0.010    1    25.187     0.060
r    75.753     0.010    1    24.793     0.060
r    79.157     0.010    1    24.356     0.060
r    82.411     0.010    1    23.970     0.060
r    84.923     0.010    1    23.688     0.060
r    86.968     0.010    1    23.441     0.060
r    89.013     0.010    1    23.178     0.060
r    90.260     0.010    1    23.031     0.060
r    91.029     0.010    1    22.944     0.060
r    91.821     0.010    1    22.860     0.060
r    92.604     0.010    1    22.783     0.060
r    93.400     0.010    1    22.713     0.060
r    94.188     0.010    1    22.636     0.060
r    94.979     0.010    1    22.514     0.060
r    95.778     0.010    1    22.481     0.060
s   162.784     1.140   87
r   101.232     0.010    0    13.052     0.060
r   103.372     0.010    0    12.762     0.060
r   105.727     0.010    0    12.411     0.060
r   108.543     0.010    0    11.984     0.060
r   111.354     0.010    0    11.599     0.060
r   114.309     0.010    0    11.251     0.060
r   116.876     0.010    0    10.939     0.060
r   120.213     0.010    0    10.482     0.060
r   122.798     0.010    0    10.225     0.060
r   123.583     0.010    0    10.088     0.060
r   124.368     0.010    0     9.953     0.060
r   125.162     0.010    0     9.816     0.060
r   125.947     0.010    0     9.700     0.060
r   126.722     0.010    0     9.571     0.060
r   127.493     0.010    0     9.452     0.060
r   128.281     0.010    0     9.336     0.060
r   129.086     0.010    0     9.229     0.060
r   129.888     0.010    0     9.128     0.060
r   130.693     0.010    0     9.009     0.060
r   131.491     0.010    0     8.893     0.060
r   132.296     0.010    0     8.778     0.060
r   133.101     0.010    0     8.683     0.060
r   133.913     0.010    0     8.573     0.060
r   134.725     0.010    0     8.478     0.060
r   135.530     0.010    0     8.374     0.060
r   136.307     0.010    0     8.272     0.060
r   137.098     0.010    0     8.155     0.060
r   137.900     0.010    0     8.043     0.060
r   138.688     0.010    0     7.915     0.060
r   139.490     0.010    0     7.779     0.060
r   140.291     0.010    0     7.647     0.060
r   141.090     0.010    0     7.519     0.060
r   141.900     0.010    0     7.354     0.060
r   142.701     0.010    0     7.206     0.060
r   143.503     0.010    0     7.049     0.060
r   144.309     0.010    0     6.910     0.060
r   145.111     0.010    0     6.728     0.060
r   145.917     0.010    0     6.580     0.060
r   146.716     0.010    0     6.396     0.060
r   147.679     0.010    0     6.206     0.060
r   148.478     0.010    0     6.022     0.060
r   149.266     0.010    0     5.784     0.060
r   150.059     0.010    0     5.548     0.060
r   150.850     0.010    0     5.274     0.060
r   151.622     0.010    0     4.977     0.060
r   152.397     0.010    0     4.746     0.060
r   153.172     0.010    0     4.474     0.060
r   153.932     0.010    0     4.173     0.060
r   154.687     0.010    0     3.927     0.060
r   155.452     0.010    0     3.669     0.060
r   156.369     0.010    0     3.316     0.060
r   157.127     0.010    0     3.067     0.060
r   215.921     0.010    0    11.155     0.060
r   216.357     0.010    0    11.260     0.060
r   216.976     0.010    0    11.410     0.060
r   217.691     0.010    0    11.589     0.060
r   218.455     0.010    0    11.783     0.060
r   219.185     0.010    0    11.971     0.060
r   220.148     0.010    0    12.236     0.060
r   220.820     0.010    0    12.433     0.060
r   221.500     0.010    0    12.633     0.060
r   222.204     0.010    0    12.865     0.060
r   222.925     0.010    0    13.176     0.060
r   223.646     0.010    0    13.405     0.060
r   224.366     0.010    0    13.643     0.060
r   225.098     0.010    0    13.814     0.060
r   225.829     0.010    0    14.000     0.060
r   226.564     0.010    0    14.186     0.060
r   227.295     0.010    0    14.372     0.060
r   228.027     0.010    0    14.516     0.060
r   228.748     0.010    0    14.654     0.060
r   229.458     0.010    0    14.796     0.060
r   230.159     0.010    0    14.920     0.060
r   230.856     0.010    0    15.071     0.060
r   231.700     0.010    0    15.169     0.060
r   232.407     0.010    0    15.339     0.060
r   233.125     0.010    0    15.442     0.060
r   233.832     0.010    0    15.596     0.060
r   234.948     0.010    0    15.766     0.060
r   236.239     0.010    0    15.968     0.060
r   237.691     0.010    0    16.177     0.060
r   238.885     0.010    0    16.349     0.060
r     4.056     0.010    1    27.176     0.060
r     9.751     0.010    1    26.464     0.060
r    16.248     0.010    1    25.636     0.060
r    23.820     0.010    1    24.626     0.060
r    30.130     0.010    1    23.735     0.060
s   156.702     1.950   43
r   103.523     0.010    0    11.719     0.060
r   106.831     0.010    0    11.237     0.060
r   111.354     0.010    0    10.588     0.060
r   114.309     0.010    0    10.278     0.060
r   118.132     0.010    0     9.675     0.060
r   120.052     0.010    0     9.452     0.060
r   123.422     0.010    0     9.065     0.060
r   124.369     0.010    0     8.920     0.060
r   125.163     0.010    0     8.777     0.060
r   125.948     0.010    0     8.652     0.060
r   126.722     0.010    0     8.520     0.060
r   127.494     0.010    0     8.400     0.060
r   128.282     0.010    0     8.281     0.060
r   129.087     0.010    0     8.186     0.060
r   129.888     0.010    0     8.054     0.060
r   130.693     0.010    0     7.923     0.060
r   132.132     0.010    0     7.722     0.060
r   133.263     0.010    0     7.545     0.060
r   134.078     0.010    0     7.457     0.060
r   134.890     0.010    0     7.358     0.060
r   135.681     0.010    0     7.256     0.060
r   136.472     0.010    0     7.137     0.060
r   137.263     0.010    0     7.034     0.060
r   138.052     0.010    0     6.902     0.060
r   138.853     0.010    0     6.767     0.060
r   141.252     0.010    0     6.249     0.060
r   143.988     0.010    0     5.681     0.060
r   146.244     0.010    0     5.189     0.060
r   148.003     0.010    0     4.642     0.060
r   149.582     0.010    0     4.255     0.060
r   217.999     0.010    0    12.624     0.060
r   219.731     0.010    0    13.076     0.060
r   221.223     0.010    0    13.483     0.060
r   222.774     0.010    0    14.000     0.060
r   224.076     0.010    0    14.463     0.060
r   225.679     0.010    0    14.890     0.060
r   227.737     0.010    0    15.351     0.060
r   229.458     0.010    0    15.714     0.060
r   231.423     0.010    0    16.081     0.060
r   233.692     0.010    0    16.530     0.060
r   235.809     0.010    0    16.939     0.060
r   237.982     0.010    0    17.235     0.060
r   239.969     0.010    0    17.496     0.060
s   150.731     2.860   73
r    13.027     0.010    0    23.757     0.060
r    16.738     0.010    0    23.211     0.060
r    20.377     0.010    0    22.697     0.060
r    24.290     0.010    0    22.117     0.060
r    28.217     0.010    0    21.535     0.060
r    33.643     0.010    0    20.768     0.060
r   104.629     0.010    0    10.426     0.060
r   106.680     0.010    0    10.137     0.060
r   108.544     0.010    0     9.856     0.060
r   110.418     0.010    0     9.588     0.060
r   112.129     0.010    0     9.372     0.060
r   113.833     0.010    0     9.165     0.060
r   115.441     0.010    0     8.980     0.060
r   117.027     0.010    0     8.749     0.060
r   118.443     0.010    0     8.502     0.060
r   119.729     0.010    0     8.334     0.060
r   121.022     0.010    0     8.205     0.060
r   121.832     0.010    0     8.131     0.060
r   122.633     0.010    0     8.040     0.060
r   123.422     0.010    0     7.916     0.060
r   124.207     0.010    0     7.779     0.060
r   124.998     0.010    0     7.652     0.060
r   125.786     0.010    0     7.520     0.060
r   126.560     0.010    0     7.387     0.060
r   127.342     0.010    0     7.257     0.060
r   128.120     0.010    0     7.116     0.060
r   128.921     0.010    0     6.992     0.060
r   129.737     0.010    0     6.841     0.060
r   130.528     0.010    0     6.749     0.060
r   131.330     0.010    0     6.628     0.060
r   132.132     0.010    0     6.504     0.060
r   132.947     0.010    0     6.389     0.060
r   133.752     0.010    0     6.258     0.060
r   134.564     0.010    0     6.154     0.060
r   135.366     0.010    0     6.056     0.060
r   136.157     0.010    0     5.953     0.060
r   136.948     0.010    0     5.811     0.060
r   137.739     0.010    0     5.652     0.060
r   138.527     0.010    0     5.474     0.060
r   139.329     0.010    0     5.322     0.060
r   140.128     0.010    0     5.165     0.060
r   140.930     0.010    0     5.015     0.060
r   142.379     0.010    0     4.709     0.060
r   143.178     0.010    0     4.514     0.060
r   143.987     0.010    0     4.276     0.060
r   218.902     0.010    0    13.627     0.060
r   221.096     0.010    0    14.210     0.060
r   222.925     0.010    0    14.879     0.060
r   225.238     0.010    0    15.609     0.060
r   227.586     0.010    0    16.150     0.060
r   230.575     0.010    0    16.716     0.060
r   234.388     0.010    0    17.343     0.060
r   250.162     0.010    0    19.736     0.060
r   254.878     0.010    0    20.204     0.060
r   154.246     0.010    0     3.027     0.060
r   155.466     0.010    0     3.393     0.060
r   253.173     0.010    1    21.574     0.060
r   255.971     0.010    1    21.726     0.060
r   258.328     0.010    1    21.835     0.060
r   259.753     0.010    1    21.817     0.060
r   261.490     0.010    1    21.788     0.060
r   265.383     0.010    1    22.133     0.060
r   268.637     0.010    1    22.396     0.060
r   270.394     0.010    1    22.473     0.060
r   273.293     0.010    1    22.592     0.060
r   276.226     0.010    1    22.735     0.060
r   278.974     0.010    1    22.882     0.060
r   282.021     0.010    1    23.081     0.060
r   285.530     0.010    1    23.413     0.060
r   288.262     0.010    1    23.663     0.060
r   291.343     0.010    1    23.972     0.060
r   296.194     0.010    1    24.698     0.060
r   303.128     0.010    1    25.693     0.060
s   144.754     2.970   97
r    15.271     0.010    0    22.558     0.060
r    18.656     0.010    0    22.101     0.060
r    23.343     0.010    0    21.383     0.060
r    27.117     0.010    0    20.788     0.060
r    31.237     0.010    0    20.170     0.060
r    33.807     0.010    0    19.771     0.060
r    36.906     0.010    0    19.288     0.060
r    56.107     0.010    0    16.748     0.060
r    59.482     0.010    0    16.312     0.060
r    63.286     0.010    0    15.824     0.060
r    66.167     0.010    0    15.476     0.060
r    68.770     0.010    0    15.143     0.060
r    72.043     0.010    0    14.678     0.060
r    75.143     0.010    0    14.252     0.060
r    78.848     0.010    0    13.727     0.060
r    81.940     0.010    0    13.269     0.060
r    84.286     0.010    0    12.935     0.060
r   101.843     0.010    0     9.960     0.060
r   102.613     0.010    0     9.846     0.060
r   103.372     0.010    0     9.732     0.060
r   104.152     0.010    0     9.622     0.060
r   104.946     0.010    0     9.486     0.060
r   105.727     0.010    0     9.388     0.060
r   106.518     0.010    0     9.267     0.060
r   107.295     0.010    0     9.131     0.060
r   108.084     0.010    0     9.024     0.060
r   108.855     0.010    0     8.910     0.060
r   109.640     0.010    0     8.783     0.060
r   110.418     0.010    0     8.683     0.060
r   111.192     0.010    0     8.563     0.060
r   111.978     0.010    0     8.499     0.060
r   112.749     0.010    0     8.397     0.060
r   113.510     0.010    0     8.325     0.060
r   114.309     0.010    0     8.244     0.060
r   115.118     0.010    0     8.123     0.060
r   115.925     0.010    0     7.992     0.060
r   116.715     0.010    0     7.889     0.060
r   117.497     0.010    0     7.761     0.060
r   118.293     0.010    0     7.605     0.060
r   119.081     0.010    0     7.474     0.060
r   119.890     0.010    0     7.393     0.060
r   120.697     0.010    0     7.317     0.060
r   121.509     0.010    0     7.233     0.060
r   122.311     0.010    0     7.149     0.060
r   123.110     0.010    0     7.033     0.060
r   123.895     0.010    0     6.905     0.060
r   124.686     0.010    0     6.745     0.060
r   125.474     0.010    0     6.599     0.060
r   126.249     0.010    0     6.457     0.060
r   127.031     0.010    0     6.299     0.060
r   127.805     0.010    0     6.189     0.060
r   128.607     0.010    0     6.047     0.060
r   129.412     0.010    0     5.929     0.060
r   130.214     0.010    0     5.808     0.060
r   131.018     0.010    0     5.685     0.060
r   131.806     0.010    0     5.552     0.060
r   132.622     0.010    0     5.425     0.060
r   133.426     0.010    0     5.299     0.060
r   134.239     0.010    0     5.130     0.060
r   135.043     0.010    0     4.979     0.060
r   135.842     0.010    0     4.847     0.060
r   154.545     0.010    0     4.748     0.060
r   155.314     0.010    0     4.801     0.060
r   156.087     0.010    0     4.848     0.060
r   157.004     0.010    0     4.974     0.060
r   157.751     0.010    0     5.070     0.060
r   158.628     0.010    0     5.166     0.060
r   159.583     0.010    0     5.312     0.060
r   268.158     0.010    0    22.574     0.060
r   274.911     0.010    0    23.255     0.060
r   280.098     0.010    0    23.643     0.060
r   288.262     0.010    0    24.395     0.060
r   294.497     0.010    0    25.169     0.060
r    50.575     0.010    1    18.066     0.060
r    52.906     0.010    1    17.836     0.060
r    55.652     0.010    1    17.550     0.060
r    58.718     0.010    1    17.311     0.060
r    61.619     0.010    1    16.999     0.060
r    64.636     0.010    1    16.723     0.060
r    68.461     0.010    1    16.345     0.060
r    71.893     0.010    1    15.987     0.060
r    74.393     0.010    1    15.742     0.060
r    76.677     0.010    1    15.516     0.060
r    79.318     0.010    1    15.282     0.060
r    81.478     0.010    1    15.064     0.060
r    83.984     0.010    1    14.835     0.060
r    85.865     0.010    1    14.648     0.060
r   242.119     0.010    1    21.565     0.060
r   245.239     0.010    1    21.831     0.060
r   248.458     0.010    1    22.104     0.060
r   251.574     0.010    1    22.357     0.060
r   255.187     0.010    1    22.558     0.060
r   258.479     0.010    1    22.661     0.060
r   263.272     0.010    1    22.942     0.060
r   268.158     0.010    1    23.228     0.060
r   271.683     0.010    1    23.376     0.060
r   276.226     0.010    1    23.600     0.060
s   138.753     3.070  145
r    11.208     0.010    0    22.165     0.060
r    14.945     0.010    0    21.624     0.060
r    19.129     0.010    0    21.021     0.060
r    22.251     0.010    0    20.574     0.060
r    26.328     0.010    0    19.975     0.060
r    29.019     0.010    0    19.609     0.060
r    32.844     0.010    0    19.032     0.060
r    35.766     0.010    0    18.561     0.060
r    38.192     0.010    0    18.181     0.060
r    41.287     0.010    0    17.731     0.060
r    44.449     0.010    0    17.286     0.060
r    47.114     0.010    0    16.924     0.060
r    49.471     0.010    0    16.640     0.060
r    52.906     0.010    0    16.191     0.060
r    57.495     0.010    0    15.633     0.060
r    60.717     0.010    0    15.238     0.060
r    63.440     0.010    0    14.872     0.060
r    66.009     0.010    0    14.560     0.060
r    69.082     0.010    0    14.155     0.060
r    71.110     0.010    0    13.893     0.060
r    73.769     0.010    0    13.524     0.060
r    76.830     0.010    0    13.094     0.060
r    79.932     0.010    0    12.661     0.060
r    84.135     0.010    0    12.018     0.060
r    87.756     0.010    0    11.431     0.060
r    91.029     0.010    0    10.953     0.060
r    94.826     0.010    0    10.483     0.060
r    95.617     0.010    0    10.279     0.060
r    96.416     0.010    0    10.098     0.060
r    97.204     0.010    0     9.921     0.060
r    97.989     0.010    0     9.745     0.060
r    98.768     0.010    0     9.566     0.060
r    99.540     0.010    0     9.385     0.060
r   100.314     0.010    0     9.265     0.060
r   101.081     0.010    0     9.146     0.060
r   101.843     0.010    0     9.016     0.060
r   102.613     0.010    0     8.891     0.060
r   103.372     0.010    0     8.775     0.060
r   104.153     0.010    0     8.675     0.060
r   104.947     0.010    0     8.556     0.060
r   105.727     0.010    0     8.440     0.060
r   106.518     0.010    0     8.333     0.060
r   107.296     0.010    0     8.209     0.060
r   108.084     0.010    0     8.054     0.060
r   108.856     0.010    0     7.977     0.060
r   109.641     0.010    0     7.821     0.060
r   110.418     0.010    0     7.717     0.060
r   111.193     0.010    0     7.626     0.060
r   111.978     0.010    0     7.529     0.060
r   112.749     0.010    0     7.420     0.060
r   113.510     0.010    0     7.359     0.060
r   114.309     0.010    0     7.263     0.060
r   115.119     0.010    0     7.145     0.060
r   115.925     0.010    0     7.013     0.060
r   116.715     0.010    0     6.885     0.060
r   117.497     0.010    0     6.749     0.060
r   118.293     0.010    0     6.590     0.060
r   119.081     0.010    0     6.460     0.060
r   119.890     0.010    0     6.364     0.060
r   120.697     0.010    0     6.278     0.060
r   121.509     0.010    0     6.187     0.060
r   122.311     0.010    0     6.098     0.060
r   123.110     0.010    0     5.975     0.060
r   123.895     0.010    0     5.832     0.060
r   124.686     0.010    0     5.700     0.060
r   125.474     0.010    0     5.544     0.060
r   126.248     0.010    0     5.405     0.060
r   127.030     0.010    0     5.253     0.060
r   127.804     0.010    0     5.101     0.060
r   128.606     0.010    0     4.969     0.060
r   129.411     0.010    0     4.826     0.060
r   130.528     0.010    0     4.558     0.060
r   144.785     0.010    0     4.260     0.060
r   145.595     0.010    0     4.453     0.060
r   146.404     0.010    0     4.628     0.060
r   147.203     0.010    0     4.786     0.060
r   148.002     0.010    0     4.938     0.060
r   148.793     0.010    0     5.097     0.060
r   149.581     0.010    0     5.248     0.060
r   150.375     0.010    0     5.379     0.060
r   151.155     0.010    0     5.515     0.060
r   151.931     0.010    0     5.640     0.060
r   152.717     0.010    0     5.739     0.060
r   153.479     0.010    0     5.857     0.060
r   154.244     0.010    0     5.932     0.060
r   155.002     0.010    0     5.943     0.060
r   155.767     0.010    0     5.966     0.060
r   156.545     0.010    0     6.083     0.060
r   157.300     0.010    0     6.186     0.060
r   158.039     0.010    0     6.264     0.060
r   158.897     0.010    0     6.353     0.060
r   159.684     0.010    0     6.451     0.060
r   160.533     0.010    0     6.510     0.060
r   218.455     0.010    0    15.369     0.060
r   220.820     0.010    0    16.034     0.060
r   223.064     0.010    0    16.698     0.060
r   224.807     0.010    0    17.237     0.060
r   227.005     0.010    0    17.803     0.060
r   229.027     0.010    0    18.212     0.060
r   231.987     0.010    0    18.743     0.060
r   235.098     0.010    0    19.260     0.060
r   238.885     0.010    0    19.792     0.060
r   258.965     0.010    0    22.267     0.060
r   263.745     0.010    0    22.733     0.060
r   270.712     0.010    0    23.722     0.060
r   276.226     0.010    0    24.093     0.060
r   280.891     0.010    0    24.468     0.060
r   286.488     0.010    0    24.950     0.060
r   293.718     0.010    0    25.824     0.060
r   298.357     0.010    0    26.583     0.060
r   302.816     0.010    0    27.208     0.060
r     3.393     0.010    1    23.336     0.060
r     6.340     0.010    1    22.972     0.060
r     9.429     0.010    1    22.588     0.060
r    12.378     0.010    1    22.235     0.060
r    14.783     0.010    1    21.950     0.060
r    17.235     0.010    1    21.624     0.060
r    20.216     0.010    1    21.262     0.060
r    23.193     0.010    1    20.928     0.060
r    26.794     0.010    1    20.426     0.060
r    31.075     0.010    1    19.848     0.060
r    34.943     0.010    1    19.356     0.060
r    39.170     0.010    1    18.749     0.060
r    51.357     0.010    1    17.211     0.060
r    54.734     0.010    1    16.789     0.060
r    57.344     0.010    1    16.511     0.060
r    60.257     0.010    1    16.194     0.060
r    63.734     0.010    1    15.891     0.060
r    66.621     0.010    1    15.621     0.060
r    69.394     0.010    1    15.404     0.060
r    72.207     0.010    1    15.099     0.060
r    76.372     0.010    1    14.674     0.060
r    80.703     0.010    1    14.312     0.060
r   234.808     0.010    1    21.609     0.060
r   241.507     0.010    1    22.168     0.060
r   246.269     0.010    1    22.522     0.060
r   250.470     0.010    1    22.826     0.060
r   255.186     0.010    1    23.056     0.060
r   258.640     0.010    1    23.253     0.060
r   264.561     0.010    1    23.652     0.060
r   268.473     0.010    1    23.934     0.060
r   272.810     0.010    1    24.227     0.060
r   277.679     0.010    1    24.494     0.060
r   281.217     0.010    1    24.705     0.060
r   284.890     0.010    1    24.967     0.060
s   132.785     2.760  115
r    66.782     0.010    0    13.637     0.060
r    69.545     0.010    0    13.263     0.060
r    72.043     0.010    0    12.905     0.060
r    74.992     0.010    0    12.500     0.060
r    78.074     0.010    0    12.066     0.060
r    81.166     0.010    0    11.608     0.060
r    85.074     0.010    0    11.047     0.060
r    87.757     0.010    0    10.628     0.060
r    90.410     0.010    0    10.243     0.060
r    92.916     0.010    0     9.886     0.060
r    95.140     0.010    0     9.478     0.060
r    98.459     0.010    0     8.695     0.060
r   102.298     0.010    0     8.046     0.060
r   106.367     0.010    0     7.404     0.060
r   109.791     0.010    0     6.903     0.060
r   112.749     0.010    0     6.488     0.060
r   115.118     0.010    0     6.212     0.060
r   115.925     0.010    0     6.076     0.060
r   116.715     0.010    0     5.952     0.060
r   117.497     0.010    0     5.799     0.060
r   118.293     0.010    0     5.665     0.060
r   119.081     0.010    0     5.505     0.060
r   119.890     0.010    0     5.397     0.060
r   120.697     0.010    0     5.301     0.060
r   121.509     0.010    0     5.202     0.060
r   122.311     0.010    0     5.103     0.060
r   123.271     0.010    0     4.940     0.060
r   124.046     0.010    0     4.740     0.060
r   124.837     0.010    0     4.548     0.060
r   125.635     0.010    0     4.335     0.060
r   126.410     0.010    0     4.119     0.060
r   139.492     0.010    0     4.466     0.060
r   140.294     0.010    0     4.696     0.060
r   141.092     0.010    0     4.851     0.060
r   141.901     0.010    0     5.030     0.060
r   142.703     0.010    0     5.213     0.060
r   143.505     0.010    0     5.369     0.060
r   144.311     0.010    0     5.490     0.060
r   145.113     0.010    0     5.638     0.060
r   145.919     0.010    0     5.771     0.060
r   146.717     0.010    0     5.913     0.060
r   147.516     0.010    0     6.041     0.060
r   148.318     0.010    0     6.173     0.060
r   149.116     0.010    0     6.309     0.060
r   149.907     0.010    0     6.431     0.060
r   150.691     0.010    0     6.557     0.060
r   151.471     0.010    0     6.663     0.060
r   152.247     0.010    0     6.746     0.060
r   153.023     0.010    0     6.817     0.060
r   153.789     0.010    0     6.938     0.060
r   154.544     0.010    0     6.978     0.060
r   155.312     0.010    0     6.955     0.060
r   156.085     0.010    0     7.037     0.060
r   156.849     0.010    0     7.141     0.060
r   157.598     0.010    0     7.212     0.060
r   158.339     0.010    0     7.275     0.060
r   159.041     0.010    0     7.347     0.060
r   275.902     0.010    0    24.740     0.060
r   279.612     0.010    0    25.064     0.060
r   282.973     0.010    0    25.432     0.060
r   286.814     0.010    0    25.766     0.060
r   290.527     0.010    0    26.310     0.060
r   293.414     0.010    0    26.780     0.060
r   298.194     0.010    0    27.583     0.060
r     4.379     0.010    1    22.390     0.060
r     5.205     0.010    1    22.328     0.060
r     6.029     0.010    1    22.225     0.060
r     6.825     0.010    1    22.137     0.060
r     7.629     0.010    1    22.041     0.060
r     8.441     0.010    1    21.931     0.060
r     9.268     0.010    1    21.822     0.060
r    10.075     0.010    1    21.720     0.060
r    11.044     0.010    1    21.568     0.060
r    12.042     0.010    1    21.466     0.060
r    12.866     0.010    1    21.362     0.060
r    13.656     0.010    1    21.256     0.060
r    14.458     0.010    1    21.159     0.060
r    15.271     0.010    1    21.066     0.060
r    16.087     0.010    1    20.970     0.060
r    16.910     0.010    1    20.880     0.060
r    17.709     0.010    1    20.758     0.060
r    18.502     0.010    1    20.662     0.060
r    19.291     0.010    1    20.558     0.060
r    20.065     0.010    1    20.447     0.060
r    20.843     0.010    1    20.339     0.060
r    21.635     0.010    1    20.224     0.060
r    22.402     0.010    1    20.115     0.060
r    23.193     0.010    1    20.005     0.060
r    23.981     0.010    1    19.892     0.060
r    24.761     0.010    1    19.789     0.060
r    25.543     0.010    1    19.679     0.060
r    26.329     0.010    1    19.579     0.060
r    27.117     0.010    1    19.481     0.060
r    27.906     0.010    1    19.394     0.060
r    51.357     0.010    1    16.354     0.060
r    52.293     0.010    1    16.235     0.060
r    53.219     0.010    1    16.137     0.060
r    53.975     0.010    1    16.067     0.060
r    54.734     0.010    1    16.001     0.060
r    55.501     0.010    1    15.935     0.060
r    56.261     0.010    1    15.852     0.060
r    57.032     0.010    1    15.765     0.060
r    57.807     0.010    1    15.691     0.060
r    58.719     0.010    1    15.597     0.060
r    59.483     0.010    1    15.520     0.060
r    60.257     0.010    1    15.476     0.060
r    61.021     0.010    1    15.386     0.060
r    61.773     0.010    1    15.315     0.060
r    62.532     0.010    1    15.265     0.060
r    63.440     0.010    1    15.178     0.060
r    64.181     0.010    1    15.135     0.060
r    65.251     0.010    1    15.016     0.060
r   261.977     0.010    1    24.408     0.060
r   271.041     0.010    1    25.062     0.060
r   281.056     0.010    1    25.720     0.060
