5
s 30 2 15
r 52 0.01 6 7.27101 0.01
r 54 0.01 6 7.71866 0.01
r 56 0.01 6 8.12563 0.01
r 58 0.01 6 8.53339 0.01
r 60 0.01 6 8.9088 0.01
r 62 0.01 6 9.31904 0.01
r 64 0.01 6 9.78563 0.01
r 66 0.01 6 10.2524 0.01
r 68 0.01 6 10.6478 0.01
r 70 0.01 6 11.0217 0.01
r 72 0.01 6 11.4223 0.01
r 74 0.01 6 11.8374 0.01
r 76 0.01 6 12.1978 0.01
r 78 0.01 6 12.5938 0.01
r 80 0.01 6 12.9965 0.01
s 40 2 10
r 62 0.01 6 7.40929 0.01
r 64 0.01 6 7.89494 0.01
r 66 0.01 6 8.39161 0.01
r 68 0.01 6 8.79436 0.01
r 70 0.01 6 9.17681 0.01
r 72 0.01 6 9.58844 0.01
r 74 0.01 6 10.0217 0.01
r 76 0.01 6 10.4284 0.01
r 78 0.01 6 10.8621 0.01
r 80 0.01 6 11.2865 0.01
s 50 2 10
r 20 0.01 6 8.7365 0.01
r 22 0.01 6 8.34005 0.01
r 24 0.01 6 7.96839 0.01
r 26 0.01 6 7.64284 0.01
r 28 0.01 6 7.26817 0.01
r 72 0.01 6 7.51274 0.01
r 74 0.01 6 7.95929 0.01
r 76 0.01 6 8.38487 0.01
r 78 0.01 6 8.8328 0.01
r 80 0.01 6 9.27746 0.01
s 60 2 10
r 20 0.01 6 10.7484 0.01
r 22 0.01 6 10.3606 0.01
r 24 0.01 6 9.9994 0.01
r 26 0.01 6 9.68224 0.01
r 28 0.01 6 9.32082 0.01
r 30 0.01 6 8.90641 0.01
r 32 0.01 6 8.50981 0.01
r 34 0.01 6 8.12018 0.01
r 36 0.01 6 7.74879 0.01
r 38 0.01 6 7.38082 0.01
s 70 2 15
r 20 0.01 6 12.7951 0.01
r 22 0.01 6 12.4247 0.01
r 24 0.01 6 12.078 0.01
r 26 0.01 6 11.7717 0.01
r 28 0.01 6 11.4249 0.01
r 30 0.01 6 11.0183 0.01
r 32 0.01 6 10.634 0.01
r 34 0.01 6 10.2609 0.01
r 36 0.01 6 9.90515 0.01
r 38 0.01 6 9.55623 0.01
r 40 0.01 6 9.18787 0.01
r 42 0.01 6 8.7362 0.01
r 44 0.01 6 8.27558 0.01
r 46 0.01 6 7.87245 0.01
r 48 0.01 6 7.48605 0.01
