5
s 30 2 15
r 52 0.01 6 7.66377 0.01
r 54 0.01 6 8.15449 0.01
r 56 0.01 6 8.61455 0.01
r 58 0.01 6 9.07081 0.01
r 60 0.01 6 9.49942 0.01
r 62 0.01 6 9.95688 0.01
r 64 0.01 6 10.4575 0.01
r 66 0.01 6 10.9685 0.01
r 68 0.01 6 11.4501 0.01
r 70 0.01 6 11.8836 0.01
r 72 0.01 6 12.3152 0.01
r 74 0.01 6 12.7059 0.01
r 76 0.01 6 13.0683 0.01
r 78 0.01 6 13.4579 0.01
r 80 0.01 6 13.8535 0.01
s 40 2 10
r 62 0.01 6 7.79893 0.01
r 64 0.01 6 8.30994 0.01
r 66 0.01 6 8.83224 0.01
r 68 0.01 6 9.33165 0.01
r 70 0.01 6 9.77652 0.01
r 72 0.01 6 10.2359 0.01
r 74 0.01 6 10.7087 0.01
r 76 0.01 6 11.1607 0.01
r 78 0.01 6 11.6189 0.01
r 80 0.01 6 12.0407 0.01
s 50 2 10
r 20 0.01 6 9.32871 0.01
r 22 0.01 6 8.89288 0.01
r 24 0.01 6 8.47931 0.01
r 26 0.01 6 8.10486 0.01
r 28 0.01 6 7.66423 0.01
r 72 0.01 6 7.91287 0.01
r 74 0.01 6 8.39172 0.01
r 76 0.01 6 8.8635 0.01
r 78 0.01 6 9.33339 0.01
r 80 0.01 6 9.80901 0.01
s 60 2 10
r 20 0.01 6 11.5778 0.01
r 22 0.01 6 11.1552 0.01
r 24 0.01 6 10.7527 0.01
r 26 0.01 6 10.3849 0.01
r 28 0.01 6 9.95997 0.01
r 30 0.01 6 9.49472 0.01
r 32 0.01 6 9.05273 0.01
r 34 0.01 6 8.60737 0.01
r 36 0.01 6 8.19227 0.01
r 38 0.01 6 7.77767 0.01
s 70 2 15
r 20 0.01 6 13.7536 0.01
r 22 0.01 6 13.3755 0.01
r 24 0.01 6 13.0155 0.01
r 26 0.01 6 12.6909 0.01
r 28 0.01 6 12.3295 0.01
r 30 0.01 6 11.8759 0.01
r 32 0.01 6 11.4485 0.01
r 34 0.01 6 11.0196 0.01
r 36 0.01 6 10.6141 0.01
r 38 0.01 6 10.2123 0.01
r 40 0.01 6 9.7749 0.01
r 42 0.01 6 9.2661 0.01
r 44 0.01 6 8.75933 0.01
r 46 0.01 6 8.31971 0.01
r 48 0.01 6 7.88646 0.01
