5
s 30 2 15
r 52 0.01 6 7.65977 0.01
r 54 0.01 6 8.15915 0.01
r 56 0.01 6 8.61561 0.01
r 58 0.01 6 9.0795 0.01
r 60 0.01 6 9.51157 0.01
r 62 0.01 6 9.96865 0.01
r 64 0.01 6 10.4741 0.01
r 66 0.01 6 10.9406 0.01
r 68 0.01 6 11.4546 0.01
r 70 0.01 6 11.8991 0.01
r 72 0.01 6 12.2972 0.01
r 74 0.01 6 12.6929 0.01
r 76 0.01 6 13.0822 0.01
r 78 0.01 6 13.4811 0.01
r 80 0.01 6 13.8785 0.01
s 40 2 10
r 62 0.01 6 7.80431 0.01
r 64 0.01 6 8.31195 0.01
r 66 0.01 6 8.79281 0.01
r 68 0.01 6 9.32326 0.01
r 70 0.01 6 9.76367 0.01
r 72 0.01 6 10.2331 0.01
r 74 0.01 6 10.7203 0.01
r 76 0.01 6 11.1995 0.01
r 78 0.01 6 11.6201 0.01
r 80 0.01 6 12.0327 0.01
s 50 2 10
r 20 0.01 6 9.31655 0.01
r 22 0.01 6 8.92522 0.01
r 24 0.01 6 8.469 0.01
r 26 0.01 6 8.11686 0.01
r 28 0.01 6 7.65327 0.01
r 72 0.01 6 7.89515 0.01
r 74 0.01 6 8.37801 0.01
r 76 0.01 6 8.86245 0.01
r 78 0.01 6 9.33303 0.01
r 80 0.01 6 9.81633 0.01
s 60 2 10
r 20 0.01 6 11.5836 0.01
r 22 0.01 6 11.1672 0.01
r 24 0.01 6 10.7669 0.01
r 26 0.01 6 10.414 0.01
r 28 0.01 6 9.93922 0.01
r 30 0.01 6 9.48608 0.01
r 32 0.01 6 9.0605 0.01
r 34 0.01 6 8.5792 0.01
r 36 0.01 6 8.20517 0.01
r 38 0.01 6 7.83564 0.01
s 70 2 15
r 20 0.01 6 13.7792 0.01
r 22 0.01 6 13.3957 0.01
r 24 0.01 6 13.0239 0.01
r 26 0.01 6 12.6889 0.01
r 28 0.01 6 12.3172 0.01
r 30 0.01 6 11.8911 0.01
r 32 0.01 6 11.4933 0.01
r 34 0.01 6 11.027 0.01
r 36 0.01 6 10.6302 0.01
r 38 0.01 6 10.2607 0.01
r 40 0.01 6 9.78035 0.01
r 42 0.01 6 9.27775 0.01
r 44 0.01 6 8.79162 0.01
r 46 0.01 6 8.31118 0.01
r 48 0.01 6 7.89216 0.01
