5
s 30 2 124
r 20 0.01 0 3.71366 0.01
r 22 0.01 0 3.43079 0.01
r 24 0.01 0 3.16983 0.01
r 26 0.01 0 2.97995 0.01
r 28 0.01 0 1.88186 0.01
r 30 0.01 0 1.32733 0.01
r 32 0.01 0 1.88187 0.01
r 34 0.01 0 2.97999 0.01
r 36 0.01 0 3.27258 0.01
r 38 0.01 0 3.59715 0.01
r 40 0.01 0 3.96045 0.01
r 42 0.01 0 4.30611 0.01
r 44 0.01 0 4.59205 0.01
r 46 0.01 0 4.79987 0.01
r 48 0.01 0 5.06132 0.01
r 50 0.01 0 5.36974 0.01
r 52 0.01 0 5.67254 0.01
r 54 0.01 0 5.97401 0.01
r 56 0.01 0 6.23893 0.01
r 58 0.01 0 6.47963 0.01
r 60 0.01 0 6.72498 0.01
r 62 0.01 0 7.01107 0.01
r 64 0.01 0 7.37972 0.01
r 66 0.01 0 7.70895 0.01
r 68 0.01 0 7.92416 0.01
r 70 0.01 0 8.16596 0.01
r 72 0.01 0 8.42814 0.01
r 74 0.01 0 8.67745 0.01
r 76 0.01 0 8.91173 0.01
r 78 0.01 0 9.21167 0.01
r 80 0.01 0 9.44139 0.01
r 20 0.01 1 4.57307 0.01
r 22 0.01 1 4.43146 0.01
r 24 0.01 1 4.31631 0.01
r 26 0.01 1 4.28338 0.01
r 28 0.01 1 4.30196 0.01
r 30 0.01 1 4.27301 0.01
r 32 0.01 1 4.26898 0.01
r 34 0.01 1 4.33773 0.01
r 36 0.01 1 4.41609 0.01
r 38 0.01 1 4.55452 0.01
r 40 0.01 1 4.72847 0.01
r 42 0.01 1 4.91734 0.01
r 44 0.01 1 5.07847 0.01
r 46 0.01 1 5.22119 0.01
r 48 0.01 1 5.41897 0.01
r 50 0.01 1 5.66829 0.01
r 52 0.01 1 5.95127 0.01
r 54 0.01 1 6.21762 0.01
r 56 0.01 1 6.45204 0.01
r 58 0.01 1 6.6867 0.01
r 60 0.01 1 6.94495 0.01
r 62 0.01 1 7.20169 0.01
r 64 0.01 1 7.54621 0.01
r 66 0.01 1 7.83805 0.01
r 68 0.01 1 8.01338 0.01
r 70 0.01 1 8.2216 0.01
r 72 0.01 1 8.45948 0.01
r 74 0.01 1 8.74386 0.01
r 76 0.01 1 9.01279 0.01
r 78 0.01 1 9.28048 0.01
r 80 0.01 1 9.49028 0.01
r 20 0.01 7 4.33277 0.01
r 22 0.01 7 4.05369 0.01
r 24 0.01 7 3.78089 0.01
r 26 0.01 7 3.57218 0.01
r 28 0.01 7 3.40687 0.01
r 30 0.01 7 3.11062 0.01
r 32 0.01 7 3.33878 0.01
r 34 0.01 7 3.63167 0.01
r 36 0.01 7 3.92691 0.01
r 38 0.01 7 4.28173 0.01
r 40 0.01 7 4.64154 0.01
r 42 0.01 7 4.97929 0.01
r 44 0.01 7 5.20561 0.01
r 46 0.01 7 5.41549 0.01
r 48 0.01 7 5.713 0.01
r 50 0.01 7 6.01119 0.01
r 52 0.01 7 6.336 0.01
r 54 0.01 7 6.58715 0.01
r 56 0.01 7 6.85362 0.01
r 58 0.01 7 7.09319 0.01
r 60 0.01 7 7.35045 0.01
r 62 0.01 7 7.69069 0.01
r 64 0.01 7 8.04974 0.01
r 66 0.01 7 8.32397 0.01
r 68 0.01 7 8.53355 0.01
r 70 0.01 7 8.77925 0.01
r 72 0.01 7 9.06466 0.01
r 74 0.01 7 9.28679 0.01
r 76 0.01 7 9.54805 0.01
r 78 0.01 7 9.85293 0.01
r 80 0.01 7 10.0397 0.01
r 20 0.01 8 5.75769 0.01
r 22 0.01 8 5.20367 0.01
r 24 0.01 8 4.73208 0.01
r 26 0.01 8 3.90615 0.01
r 28 0.01 8 3.47679 0.01
r 30 0.01 8 3.11758 0.01
r 32 0.01 8 3.477 0.01
r 34 0.01 8 3.79128 0.01
r 36 0.01 8 4.26998 0.01
r 38 0.01 8 4.78863 0.01
r 40 0.01 8 5.33863 0.01
r 42 0.01 8 5.86484 0.01
r 44 0.01 8 6.35575 0.01
r 46 0.01 8 6.76651 0.01
r 48 0.01 8 7.19087 0.01
r 50 0.01 8 7.68128 0.01
r 52 0.01 8 8.19208 0.01
r 54 0.01 8 8.69177 0.01
r 56 0.01 8 9.17504 0.01
r 58 0.01 8 9.65101 0.01
r 60 0.01 8 10.1238 0.01
r 62 0.01 8 10.5564 0.01
r 64 0.01 8 11.0172 0.01
r 66 0.01 8 11.5111 0.01
r 68 0.01 8 11.9381 0.01
r 70 0.01 8 12.3269 0.01
r 72 0.01 8 12.7362 0.01
r 74 0.01 8 13.1927 0.01
r 76 0.01 8 13.5798 0.01
r 78 0.01 8 14.0005 0.01
r 80 0.01 8 14.4247 0.01
s 40 2 124
r 20 0.01 0 5.18742 0.01
r 22 0.01 0 4.92209 0.01
r 24 0.01 0 4.66831 0.01
r 26 0.01 0 4.47708 0.01
r 28 0.01 0 4.27991 0.01
r 30 0.01 0 3.96638 0.01
r 32 0.01 0 3.65808 0.01
r 34 0.01 0 3.3653 0.01
r 36 0.01 0 2.98237 0.01
r 38 0.01 0 1.88343 0.01
r 40 0.01 0 1.32847 0.01
r 42 0.01 0 1.88343 0.01
r 44 0.01 0 2.98235 0.01
r 46 0.01 0 3.51112 0.01
r 48 0.01 0 3.79146 0.01
r 50 0.01 0 4.12799 0.01
r 52 0.01 0 4.45632 0.01
r 54 0.01 0 4.77953 0.01
r 56 0.01 0 5.05893 0.01
r 58 0.01 0 5.30889 0.01
r 60 0.01 0 5.56167 0.01
r 62 0.01 0 5.85157 0.01
r 64 0.01 0 6.2244 0.01
r 66 0.01 0 6.56967 0.01
r 68 0.01 0 6.79052 0.01
r 70 0.01 0 7.02446 0.01
r 72 0.01 0 7.29398 0.01
r 74 0.01 0 7.59203 0.01
r 76 0.01 0 7.85338 0.01
r 78 0.01 0 8.18904 0.01
r 80 0.01 0 8.43925 0.01
r 20 0.01 1 5.5011 0.01
r 22 0.01 1 5.30355 0.01
r 24 0.01 1 5.12502 0.01
r 26 0.01 1 5.01483 0.01
r 28 0.01 1 4.9132 0.01
r 30 0.01 1 4.72603 0.01
r 32 0.01 1 4.5715 0.01
r 34 0.01 1 4.46629 0.01
r 36 0.01 1 4.40267 0.01
r 38 0.01 1 4.39488 0.01
r 40 0.01 1 4.42584 0.01
r 42 0.01 1 4.47998 0.01
r 44 0.01 1 4.48688 0.01
r 46 0.01 1 4.53116 0.01
r 48 0.01 1 4.66897 0.01
r 50 0.01 1 4.84842 0.01
r 52 0.01 1 5.05414 0.01
r 54 0.01 1 5.27105 0.01
r 56 0.01 1 5.48635 0.01
r 58 0.01 1 5.70408 0.01
r 60 0.01 1 5.92341 0.01
r 62 0.01 1 6.16931 0.01
r 64 0.01 1 6.48456 0.01
r 66 0.01 1 6.83881 0.01
r 68 0.01 1 7.02096 0.01
r 70 0.01 1 7.21821 0.01
r 72 0.01 1 7.46761 0.01
r 74 0.01 1 7.74188 0.01
r 76 0.01 1 7.97671 0.01
r 78 0.01 1 8.28888 0.01
r 80 0.01 1 8.49262 0.01
r 20 0.01 7 5.92857 0.01
r 22 0.01 7 5.66332 0.01
r 24 0.01 7 5.40646 0.01
r 26 0.01 7 5.20994 0.01
r 28 0.01 7 5.04207 0.01
r 30 0.01 7 4.75524 0.01
r 32 0.01 7 4.42978 0.01
r 34 0.01 7 4.14132 0.01
r 36 0.01 7 3.86029 0.01
r 38 0.01 7 3.63086 0.01
r 40 0.01 7 3.4078 0.01
r 42 0.01 7 3.63365 0.01
r 44 0.01 7 4.00809 0.01
r 46 0.01 7 4.23474 0.01
r 48 0.01 7 4.55985 0.01
r 50 0.01 7 4.89367 0.01
r 52 0.01 7 5.22862 0.01
r 54 0.01 7 5.51729 0.01
r 56 0.01 7 5.79472 0.01
r 58 0.01 7 6.02343 0.01
r 60 0.01 7 6.28935 0.01
r 62 0.01 7 6.656 0.01
r 64 0.01 7 6.99265 0.01
r 66 0.01 7 7.28477 0.01
r 68 0.01 7 7.50119 0.01
r 70 0.01 7 7.74636 0.01
r 72 0.01 7 8.05446 0.01
r 74 0.01 7 8.31807 0.01
r 76 0.01 7 8.61295 0.01
r 78 0.01 7 8.94311 0.01
r 80 0.01 7 9.13272 0.01
r 20 0.01 8 7.6953 0.01
r 22 0.01 8 7.2562 0.01
r 24 0.01 8 6.85238 0.01
r 26 0.01 8 6.48772 0.01
r 28 0.01 8 5.97967 0.01
r 30 0.01 8 5.46133 0.01
r 32 0.01 8 4.95952 0.01
r 34 0.01 8 4.48408 0.01
r 36 0.01 8 4.14488 0.01
r 38 0.01 8 3.75139 0.01
r 40 0.01 8 3.4095 0.01
r 42 0.01 8 3.75288 0.01
r 44 0.01 8 4.25753 0.01
r 46 0.01 8 4.66978 0.01
r 48 0.01 8 5.41927 0.01
r 50 0.01 8 5.6391 0.01
r 52 0.01 8 6.18117 0.01
r 54 0.01 8 6.71961 0.01
r 56 0.01 8 7.21982 0.01
r 58 0.01 8 7.71879 0.01
r 60 0.01 8 8.21369 0.01
r 62 0.01 8 8.65469 0.01
r 64 0.01 8 9.11497 0.01
r 66 0.01 8 9.5938 0.01
r 68 0.01 8 10.0523 0.01
r 70 0.01 8 10.4373 0.01
r 72 0.01 8 10.8512 0.01
r 74 0.01 8 11.3069 0.01
r 76 0.01 8 11.7577 0.01
r 78 0.01 8 12.2204 0.01
r 80 0.01 8 12.6991 0.01
s 50 2 124
r 20 0.01 0 6.49493 0.01
r 22 0.01 0 6.24543 0.01
r 24 0.01 0 6.00543 0.01
r 26 0.01 0 5.82597 0.01
r 28 0.01 0 5.65328 0.01
r 30 0.01 0 5.36952 0.01
r 32 0.01 0 5.0938 0.01
r 34 0.01 0 4.83441 0.01
r 36 0.01 0 4.58884 0.01
r 38 0.01 0 4.37307 0.01
r 40 0.01 0 4.14592 0.01
r 42 0.01 0 3.82624 0.01
r 44 0.01 0 3.46799 0.01
r 46 0.01 0 2.97901 0.01
r 48 0.01 0 1.88125 0.01
r 50 0.01 0 1.3269 0.01
r 52 0.01 0 1.88124 0.01
r 54 0.01 0 2.97897 0.01
r 56 0.01 0 3.66288 0.01
r 58 0.01 0 3.92683 0.01
r 60 0.01 0 4.18854 0.01
r 62 0.01 0 4.48606 0.01
r 64 0.01 0 4.87134 0.01
r 66 0.01 0 5.22575 0.01
r 68 0.01 0 5.45103 0.01
r 70 0.01 0 5.69355 0.01
r 72 0.01 0 5.96827 0.01
r 74 0.01 0 6.2791 0.01
r 76 0.01 0 6.54484 0.01
r 78 0.01 0 6.88813 0.01
r 80 0.01 0 7.14782 0.01
r 20 0.01 1 6.64083 0.01
r 22 0.01 1 6.43843 0.01
r 24 0.01 1 6.24772 0.01
r 26 0.01 1 6.05325 0.01
r 28 0.01 1 5.9089 0.01
r 30 0.01 1 5.68176 0.01
r 32 0.01 1 5.45595 0.01
r 34 0.01 1 5.24225 0.01
r 36 0.01 1 5.07203 0.01
r 38 0.01 1 4.95516 0.01
r 40 0.01 1 4.85697 0.01
r 42 0.01 1 4.73306 0.01
r 44 0.01 1 4.56348 0.01
r 46 0.01 1 4.43849 0.01
r 48 0.01 1 4.41926 0.01
r 50 0.01 1 4.42623 0.01
r 52 0.01 1 4.50108 0.01
r 54 0.01 1 4.58282 0.01
r 56 0.01 1 4.68684 0.01
r 58 0.01 1 4.78887 0.01
r 60 0.01 1 4.93411 0.01
r 62 0.01 1 5.14094 0.01
r 64 0.01 1 5.41851 0.01
r 66 0.01 1 5.68316 0.01
r 68 0.01 1 5.88033 0.01
r 70 0.01 1 6.08274 0.01
r 72 0.01 1 6.31245 0.01
r 74 0.01 1 6.56659 0.01
r 76 0.01 1 6.82008 0.01
r 78 0.01 1 7.0996 0.01
r 80 0.01 1 7.32579 0.01
r 20 0.01 7 7.19688 0.01
r 22 0.01 7 6.95506 0.01
r 24 0.01 7 6.70045 0.01
r 26 0.01 7 6.51622 0.01
r 28 0.01 7 6.36223 0.01
r 30 0.01 7 6.10532 0.01
r 32 0.01 7 5.79986 0.01
r 34 0.01 7 5.54786 0.01
r 36 0.01 7 5.29102 0.01
r 38 0.01 7 5.08382 0.01
r 40 0.01 7 4.86924 0.01
r 42 0.01 7 4.61611 0.01
r 44 0.01 7 4.25439 0.01
r 46 0.01 7 3.9104 0.01
r 48 0.01 7 3.68053 0.01
r 50 0.01 7 3.45385 0.01
r 52 0.01 7 3.67099 0.01
r 54 0.01 7 4.09794 0.01
r 56 0.01 7 4.38631 0.01
r 58 0.01 7 4.62447 0.01
r 60 0.01 7 4.89682 0.01
r 62 0.01 7 5.23433 0.01
r 64 0.01 7 5.61945 0.01
r 66 0.01 7 5.91865 0.01
r 68 0.01 7 6.14281 0.01
r 70 0.01 7 6.39756 0.01
r 72 0.01 7 6.69204 0.01
r 74 0.01 7 6.98287 0.01
r 76 0.01 7 7.27904 0.01
r 78 0.01 7 7.61294 0.01
r 80 0.01 7 7.81971 0.01
r 20 0.01 8 9.8796 0.01
r 22 0.01 8 9.46831 0.01
r 24 0.01 8 9.07024 0.01
r 26 0.01 8 8.72294 0.01
r 28 0.01 8 8.28126 0.01
r 30 0.01 8 7.80868 0.01
r 32 0.01 8 7.36 0.01
r 34 0.01 8 6.91154 0.01
r 36 0.01 8 6.49455 0.01
r 38 0.01 8 6.09569 0.01
r 40 0.01 8 5.776 0.01
r 42 0.01 8 5.11335 0.01
r 44 0.01 8 4.64527 0.01
r 46 0.01 8 4.24379 0.01
r 48 0.01 8 3.78766 0.01
r 50 0.01 8 3.46068 0.01
r 52 0.01 8 3.78859 0.01
r 54 0.01 8 4.31985 0.01
r 56 0.01 8 5.03218 0.01
r 58 0.01 8 5.52199 0.01
r 60 0.01 8 6.39669 0.01
r 62 0.01 8 6.50813 0.01
r 64 0.01 8 6.96734 0.01
r 66 0.01 8 7.44966 0.01
r 68 0.01 8 7.90758 0.01
r 70 0.01 8 8.29184 0.01
r 72 0.01 8 8.71125 0.01
r 74 0.01 8 9.18068 0.01
r 76 0.01 8 9.62166 0.01
r 78 0.01 8 10.0759 0.01
r 80 0.01 8 10.5711 0.01
s 60 2 124
r 20 0.01 0 7.82115 0.01
r 22 0.01 0 7.57367 0.01
r 24 0.01 0 7.33996 0.01
r 26 0.01 0 7.16628 0.01
r 28 0.01 0 6.99735 0.01
r 30 0.01 0 6.72185 0.01
r 32 0.01 0 6.45528 0.01
r 34 0.01 0 6.21423 0.01
r 36 0.01 0 5.98153 0.01
r 38 0.01 0 5.78067 0.01
r 40 0.01 0 5.57015 0.01
r 42 0.01 0 5.27973 0.01
r 44 0.01 0 4.93379 0.01
r 46 0.01 0 4.65023 0.01
r 48 0.01 0 4.42339 0.01
r 50 0.01 0 4.19817 0.01
r 52 0.01 0 3.93641 0.01
r 54 0.01 0 3.64786 0.01
r 56 0.01 0 2.97972 0.01
r 58 0.01 0 1.88172 0.01
r 60 0.01 0 1.32725 0.01
r 62 0.01 0 1.88174 0.01
r 64 0.01 0 2.97977 0.01
r 66 0.01 0 3.75855 0.01
r 68 0.01 0 4.08709 0.01
r 70 0.01 0 4.33322 0.01
r 72 0.01 0 4.61603 0.01
r 74 0.01 0 4.93257 0.01
r 76 0.01 0 5.20602 0.01
r 78 0.01 0 5.5605 0.01
r 80 0.01 0 5.83415 0.01
r 20 0.01 1 7.95319 0.01
r 22 0.01 1 7.73232 0.01
r 24 0.01 1 7.53981 0.01
r 26 0.01 1 7.39104 0.01
r 28 0.01 1 7.16798 0.01
r 30 0.01 1 6.92496 0.01
r 32 0.01 1 6.67159 0.01
r 34 0.01 1 6.43568 0.01
r 36 0.01 1 6.21353 0.01
r 38 0.01 1 6.06529 0.01
r 40 0.01 1 5.89813 0.01
r 42 0.01 1 5.68803 0.01
r 44 0.01 1 5.41069 0.01
r 46 0.01 1 5.19569 0.01
r 48 0.01 1 5.05549 0.01
r 50 0.01 1 4.94123 0.01
r 52 0.01 1 4.84637 0.01
r 54 0.01 1 4.73599 0.01
r 56 0.01 1 4.66335 0.01
r 58 0.01 1 4.58821 0.01
r 60 0.01 1 4.56888 0.01
r 62 0.01 1 4.65557 0.01
r 64 0.01 1 4.78206 0.01
r 66 0.01 1 4.88013 0.01
r 68 0.01 1 4.96406 0.01
r 70 0.01 1 5.08846 0.01
r 72 0.01 1 5.269 0.01
r 74 0.01 1 5.48018 0.01
r 76 0.01 1 5.68073 0.01
r 78 0.01 1 5.93488 0.01
r 80 0.01 1 6.14383 0.01
r 20 0.01 7 8.53176 0.01
r 22 0.01 7 8.27688 0.01
r 24 0.01 7 8.04002 0.01
r 26 0.01 7 7.85847 0.01
r 28 0.01 7 7.70671 0.01
r 30 0.01 7 7.4537 0.01
r 32 0.01 7 7.16531 0.01
r 34 0.01 7 6.9226 0.01
r 36 0.01 7 6.67581 0.01
r 38 0.01 7 6.48682 0.01
r 40 0.01 7 6.27951 0.01
r 42 0.01 7 6.04794 0.01
r 44 0.01 7 5.70034 0.01
r 46 0.01 7 5.36587 0.01
r 48 0.01 7 5.1441 0.01
r 50 0.01 7 4.91788 0.01
r 52 0.01 7 4.68884 0.01
r 54 0.01 7 4.40408 0.01
r 56 0.01 7 4.09864 0.01
r 58 0.01 7 3.66424 0.01
r 60 0.01 7 3.48976 0.01
r 62 0.01 7 3.72012 0.01
r 64 0.01 7 4.24642 0.01
r 66 0.01 7 4.56334 0.01
r 68 0.01 7 4.78688 0.01
r 70 0.01 7 5.05061 0.01
r 72 0.01 7 5.36043 0.01
r 74 0.01 7 5.64928 0.01
r 76 0.01 7 5.94879 0.01
r 78 0.01 7 6.30083 0.01
r 80 0.01 7 6.51065 0.01
r 20 0.01 8 12.2881 0.01
r 22 0.01 8 11.8773 0.01
r 24 0.01 8 11.4794 0.01
r 26 0.01 8 11.1341 0.01
r 28 0.01 8 10.7009 0.01
r 30 0.01 8 10.2425 0.01
r 32 0.01 8 9.82865 0.01
r 34 0.01 8 9.40431 0.01
r 36 0.01 8 9.0335 0.01
r 38 0.01 8 8.62116 0.01
r 40 0.01 8 8.23241 0.01
r 42 0.01 8 7.79159 0.01
r 44 0.01 8 7.3539 0.01
r 46 0.01 8 6.97303 0.01
r 48 0.01 8 6.51854 0.01
r 50 0.01 8 6.30209 0.01
r 52 0.01 8 5.40901 0.01
r 54 0.01 8 4.78626 0.01
r 56 0.01 8 4.31037 0.01
r 58 0.01 8 3.74842 0.01
r 60 0.01 8 3.49125 0.01
r 62 0.01 8 3.79995 0.01
r 64 0.01 8 4.39025 0.01
r 66 0.01 8 5.04854 0.01
r 68 0.01 8 5.50592 0.01
r 70 0.01 8 6.19236 0.01
r 72 0.01 8 6.54073 0.01
r 74 0.01 8 7.02412 0.01
r 76 0.01 8 7.48134 0.01
r 78 0.01 8 8.0039 0.01
r 80 0.01 8 11.3209 0.01
s 70 2 124
r 20 0.01 0 9.20358 0.01
r 22 0.01 0 8.9705 0.01
r 24 0.01 0 8.74876 0.01
r 26 0.01 0 8.58209 0.01
r 28 0.01 0 8.42191 0.01
r 30 0.01 0 8.15892 0.01
r 32 0.01 0 7.88974 0.01
r 34 0.01 0 7.64753 0.01
r 36 0.01 0 7.42176 0.01
r 38 0.01 0 7.23348 0.01
r 40 0.01 0 7.0301 0.01
r 42 0.01 0 6.7574 0.01
r 44 0.01 0 6.42085 0.01
r 46 0.01 0 6.14108 0.01
r 48 0.01 0 5.91848 0.01
r 50 0.01 0 5.69927 0.01
r 52 0.01 0 5.45563 0.01
r 54 0.01 0 5.1759 0.01
r 56 0.01 0 4.86058 0.01
r 58 0.01 0 4.57078 0.01
r 60 0.01 0 4.34759 0.01
r 62 0.01 0 4.18117 0.01
r 64 0.01 0 3.77635 0.01
r 66 0.01 0 2.98036 0.01
r 68 0.01 0 1.88212 0.01
r 70 0.01 0 1.32752 0.01
r 72 0.01 0 1.88211 0.01
r 74 0.01 0 2.98033 0.01
r 76 0.01 0 3.76319 0.01
r 78 0.01 0 4.27901 0.01
r 80 0.01 0 4.56834 0.01
r 20 0.01 1 9.29152 0.01
r 22 0.01 1 9.06575 0.01
r 24 0.01 1 8.89776 0.01
r 26 0.01 1 8.69675 0.01
r 28 0.01 1 8.50025 0.01
r 30 0.01 1 8.24593 0.01
r 32 0.01 1 7.99613 0.01
r 34 0.01 1 7.77795 0.01
r 36 0.01 1 7.5577 0.01
r 38 0.01 1 7.38241 0.01
r 40 0.01 1 7.22319 0.01
r 42 0.01 1 6.9866 0.01
r 44 0.01 1 6.67658 0.01
r 46 0.01 1 6.4153 0.01
r 48 0.01 1 6.26079 0.01
r 50 0.01 1 6.09261 0.01
r 52 0.01 1 5.9261 0.01
r 54 0.01 1 5.66965 0.01
r 56 0.01 1 5.43835 0.01
r 58 0.01 1 5.2374 0.01
r 60 0.01 1 5.09294 0.01
r 62 0.01 1 5.0461 0.01
r 64 0.01 1 4.99395 0.01
r 66 0.01 1 4.85426 0.01
r 68 0.01 1 4.77372 0.01
r 70 0.01 1 4.74394 0.01
r 72 0.01 1 4.81208 0.01
r 74 0.01 1 4.89612 0.01
r 76 0.01 1 5.02238 0.01
r 78 0.01 1 5.20956 0.01
r 80 0.01 1 5.31692 0.01
r 20 0.01 7 9.97263 0.01
r 22 0.01 7 9.73768 0.01
r 24 0.01 7 9.50653 0.01
r 26 0.01 7 9.33853 0.01
r 28 0.01 7 9.19496 0.01
r 30 0.01 7 8.9529 0.01
r 32 0.01 7 8.65682 0.01
r 34 0.01 7 8.41344 0.01
r 36 0.01 7 8.17833 0.01
r 38 0.01 7 7.99653 0.01
r 40 0.01 7 7.79672 0.01
r 42 0.01 7 7.57827 0.01
r 44 0.01 7 7.2536 0.01
r 46 0.01 7 6.91719 0.01
r 48 0.01 7 6.70006 0.01
r 50 0.01 7 6.4782 0.01
r 52 0.01 7 6.25929 0.01
r 54 0.01 7 5.98149 0.01
r 56 0.01 7 5.69491 0.01
r 58 0.01 7 5.37393 0.01
r 60 0.01 7 5.11788 0.01
r 62 0.01 7 4.97228 0.01
r 64 0.01 7 4.74869 0.01
r 66 0.01 7 4.41268 0.01
r 68 0.01 7 3.96891 0.01
r 70 0.01 7 3.81377 0.01
r 72 0.01 7 4.00005 0.01
r 74 0.01 7 4.43403 0.01
r 76 0.01 7 4.73902 0.01
r 78 0.01 7 5.1149 0.01
r 80 0.01 7 5.34354 0.01
r 20 0.01 8 14.4969 0.01
r 22 0.01 8 14.1026 0.01
r 24 0.01 8 13.7317 0.01
r 26 0.01 8 13.3892 0.01
r 28 0.01 8 12.9591 0.01
r 30 0.01 8 12.5001 0.01
r 32 0.01 8 12.083 0.01
r 34 0.01 8 11.6642 0.01
r 36 0.01 8 11.2764 0.01
r 38 0.01 8 10.917 0.01
r 40 0.01 8 10.5059 0.01
r 42 0.01 8 10.0688 0.01
r 44 0.01 8 9.63294 0.01
r 46 0.01 8 9.26183 0.01
r 48 0.01 8 8.79725 0.01
r 50 0.01 8 8.29057 0.01
r 52 0.01 8 7.78327 0.01
r 54 0.01 8 7.45912 0.01
r 56 0.01 8 6.88395 0.01
r 58 0.01 8 6.35839 0.01
r 60 0.01 8 6.26409 0.01
r 62 0.01 8 5.34257 0.01
r 64 0.01 8 4.85302 0.01
r 66 0.01 8 4.637 0.01
r 68 0.01 8 4.12675 0.01
r 70 0.01 8 3.81469 0.01
r 72 0.01 8 4.11896 0.01
r 74 0.01 8 4.57454 0.01
r 76 0.01 8 4.98671 0.01
r 78 0.01 8 5.43192 0.01
r 80 0.01 8 5.92091 0.01
