5
s 30 2 124
r 20 0.01 0 3.67459 0.01
r 22 0.01 0 3.39397 0.01
r 24 0.01 0 3.1376 0.01
r 26 0.01 0 2.97845 0.01
r 28 0.01 0 1.88091 0.01
r 30 0.01 0 1.32667 0.01
r 32 0.01 0 1.88091 0.01
r 34 0.01 0 2.97845 0.01
r 36 0.01 0 3.2209 0.01
r 38 0.01 0 3.53071 0.01
r 40 0.01 0 3.87656 0.01
r 42 0.01 0 4.22114 0.01
r 44 0.01 0 4.51888 0.01
r 46 0.01 0 4.73976 0.01
r 48 0.01 0 5.01583 0.01
r 50 0.01 0 5.35826 0.01
r 52 0.01 0 5.69714 0.01
r 54 0.01 0 6.0222 0.01
r 56 0.01 0 6.3062 0.01
r 58 0.01 0 6.55922 0.01
r 60 0.01 0 6.81236 0.01
r 62 0.01 0 7.10631 0.01
r 64 0.01 0 7.48902 0.01
r 66 0.01 0 7.84384 0.01
r 68 0.01 0 8.06952 0.01
r 70 0.01 0 8.31925 0.01
r 72 0.01 0 8.60308 0.01
r 74 0.01 0 8.92027 0.01
r 76 0.01 0 9.19951 0.01
r 78 0.01 0 9.56602 0.01
r 80 0.01 0 9.84543 0.01
r 20 0.01 1 4.7275 0.01
r 22 0.01 1 4.59447 0.01
r 24 0.01 1 4.49235 0.01
r 26 0.01 1 4.46569 0.01
r 28 0.01 1 4.49243 0.01
r 30 0.01 1 4.47961 0.01
r 32 0.01 1 4.47577 0.01
r 34 0.01 1 4.56081 0.01
r 36 0.01 1 4.6285 0.01
r 38 0.01 1 4.76307 0.01
r 40 0.01 1 4.93918 0.01
r 42 0.01 1 5.14074 0.01
r 44 0.01 1 5.31632 0.01
r 46 0.01 1 5.44281 0.01
r 48 0.01 1 5.65375 0.01
r 50 0.01 1 5.913 0.01
r 52 0.01 1 6.17829 0.01
r 54 0.01 1 6.46886 0.01
r 56 0.01 1 6.71416 0.01
r 58 0.01 1 6.93257 0.01
r 60 0.01 1 7.15963 0.01
r 62 0.01 1 7.43135 0.01
r 64 0.01 1 7.76944 0.01
r 66 0.01 1 8.06175 0.01
r 68 0.01 1 8.29538 0.01
r 70 0.01 1 8.54313 0.01
r 72 0.01 1 8.81969 0.01
r 74 0.01 1 9.11136 0.01
r 76 0.01 1 9.38821 0.01
r 78 0.01 1 9.72189 0.01
r 80 0.01 1 9.96396 0.01
r 20 0.01 7 4.2781 0.01
r 22 0.01 7 3.99656 0.01
r 24 0.01 7 3.71938 0.01
r 26 0.01 7 3.52014 0.01
r 28 0.01 7 3.36324 0.01
r 30 0.01 7 3.0706 0.01
r 32 0.01 7 3.28829 0.01
r 34 0.01 7 3.56425 0.01
r 36 0.01 7 3.84918 0.01
r 38 0.01 7 4.19621 0.01
r 40 0.01 7 4.54096 0.01
r 42 0.01 7 4.88973 0.01
r 44 0.01 7 5.13186 0.01
r 46 0.01 7 5.35055 0.01
r 48 0.01 7 5.67462 0.01
r 50 0.01 7 6.02548 0.01
r 52 0.01 7 6.3711 0.01
r 54 0.01 7 6.65882 0.01
r 56 0.01 7 6.93766 0.01
r 58 0.01 7 7.17047 0.01
r 60 0.01 7 7.43806 0.01
r 62 0.01 7 7.74594 0.01
r 64 0.01 7 8.1568 0.01
r 66 0.01 7 8.45927 0.01
r 68 0.01 7 8.67974 0.01
r 70 0.01 7 8.9477 0.01
r 72 0.01 7 9.2507 0.01
r 74 0.01 7 9.54863 0.01
r 76 0.01 7 9.86093 0.01
r 78 0.01 7 10.259 0.01
r 80 0.01 7 10.4394 0.01
r 20 0.01 8 5.81475 0.01
r 22 0.01 8 5.20167 0.01
r 24 0.01 8 4.70753 0.01
r 26 0.01 8 3.84647 0.01
r 28 0.01 8 3.43345 0.01
r 30 0.01 8 3.07897 0.01
r 32 0.01 8 3.41455 0.01
r 34 0.01 8 3.72713 0.01
r 36 0.01 8 4.17331 0.01
r 38 0.01 8 4.66893 0.01
r 40 0.01 8 5.20961 0.01
r 42 0.01 8 5.74818 0.01
r 44 0.01 8 6.31396 0.01
r 46 0.01 8 7.04737 0.01
r 48 0.01 8 7.51223 0.01
r 50 0.01 8 7.71509 0.01
r 52 0.01 8 8.2515 0.01
r 54 0.01 8 8.78937 0.01
r 56 0.01 8 9.27835 0.01
r 58 0.01 8 9.76642 0.01
r 60 0.01 8 10.205 0.01
r 62 0.01 8 10.691 0.01
r 64 0.01 8 11.2161 0.01
r 66 0.01 8 11.7398 0.01
r 68 0.01 8 12.2731 0.01
r 70 0.01 8 12.712 0.01
r 72 0.01 8 13.1782 0.01
r 74 0.01 8 13.6573 0.01
r 76 0.01 8 14.1502 0.01
r 78 0.01 8 14.6359 0.01
r 80 0.01 8 15.1436 0.01
s 40 2 124
r 20 0.01 0 5.13112 0.01
r 22 0.01 0 4.85029 0.01
r 24 0.01 0 4.594 0.01
r 26 0.01 0 4.40341 0.01
r 28 0.01 0 4.20085 0.01
r 30 0.01 0 3.8776 0.01
r 32 0.01 0 3.56891 0.01
r 34 0.01 0 3.28679 0.01
r 36 0.01 0 2.97845 0.01
r 38 0.01 0 1.88091 0.01
r 40 0.01 0 1.32667 0.01
r 42 0.01 0 1.88091 0.01
r 44 0.01 0 2.97845 0.01
r 46 0.01 0 3.43322 0.01
r 48 0.01 0 3.70873 0.01
r 50 0.01 0 4.04944 0.01
r 52 0.01 0 4.39041 0.01
r 54 0.01 0 4.72125 0.01
r 56 0.01 0 5.00529 0.01
r 58 0.01 0 5.26186 0.01
r 60 0.01 0 5.51494 0.01
r 62 0.01 0 5.81069 0.01
r 64 0.01 0 6.19863 0.01
r 66 0.01 0 6.5613 0.01
r 68 0.01 0 6.78944 0.01
r 70 0.01 0 7.03881 0.01
r 72 0.01 0 7.32621 0.01
r 74 0.01 0 7.65055 0.01
r 76 0.01 0 7.93402 0.01
r 78 0.01 0 8.30543 0.01
r 80 0.01 0 8.59418 0.01
r 20 0.01 1 5.6959 0.01
r 22 0.01 1 5.49561 0.01
r 24 0.01 1 5.31726 0.01
r 26 0.01 1 5.21646 0.01
r 28 0.01 1 5.13574 0.01
r 30 0.01 1 4.94005 0.01
r 32 0.01 1 4.77828 0.01
r 34 0.01 1 4.67314 0.01
r 36 0.01 1 4.60143 0.01
r 38 0.01 1 4.59421 0.01
r 40 0.01 1 4.62208 0.01
r 42 0.01 1 4.68962 0.01
r 44 0.01 1 4.70743 0.01
r 46 0.01 1 4.78936 0.01
r 48 0.01 1 4.91237 0.01
r 50 0.01 1 5.09568 0.01
r 52 0.01 1 5.29563 0.01
r 54 0.01 1 5.49777 0.01
r 56 0.01 1 5.69468 0.01
r 58 0.01 1 5.86279 0.01
r 60 0.01 1 6.0587 0.01
r 62 0.01 1 6.31603 0.01
r 64 0.01 1 6.62726 0.01
r 66 0.01 1 6.92805 0.01
r 68 0.01 1 7.13226 0.01
r 70 0.01 1 7.36674 0.01
r 72 0.01 1 7.62949 0.01
r 74 0.01 1 7.91932 0.01
r 76 0.01 1 8.19211 0.01
r 78 0.01 1 8.53387 0.01
r 80 0.01 1 8.76494 0.01
r 20 0.01 7 5.80552 0.01
r 22 0.01 7 5.52649 0.01
r 24 0.01 7 5.25322 0.01
r 26 0.01 7 5.06229 0.01
r 28 0.01 7 4.88882 0.01
r 30 0.01 7 4.598 0.01
r 32 0.01 7 4.25501 0.01
r 34 0.01 7 3.9684 0.01
r 36 0.01 7 3.69718 0.01
r 38 0.01 7 3.48133 0.01
r 40 0.01 7 3.26673 0.01
r 42 0.01 7 3.49163 0.01
r 44 0.01 7 3.84265 0.01
r 46 0.01 7 4.05949 0.01
r 48 0.01 7 4.39168 0.01
r 50 0.01 7 4.74134 0.01
r 52 0.01 7 5.08121 0.01
r 54 0.01 7 5.38195 0.01
r 56 0.01 7 5.66519 0.01
r 58 0.01 7 5.89233 0.01
r 60 0.01 7 6.16667 0.01
r 62 0.01 7 6.50084 0.01
r 64 0.01 7 6.88871 0.01
r 66 0.01 7 7.20252 0.01
r 68 0.01 7 7.42586 0.01
r 70 0.01 7 7.69746 0.01
r 72 0.01 7 8.01929 0.01
r 74 0.01 7 8.31179 0.01
r 76 0.01 7 8.62405 0.01
r 78 0.01 7 9.02682 0.01
r 80 0.01 7 9.21559 0.01
r 20 0.01 8 7.62423 0.01
r 22 0.01 8 7.13761 0.01
r 24 0.01 8 7.14744 0.01
r 26 0.01 8 6.79076 0.01
r 28 0.01 8 5.80772 0.01
r 30 0.01 8 5.27097 0.01
r 32 0.01 8 4.78184 0.01
r 34 0.01 8 4.31465 0.01
r 36 0.01 8 3.97826 0.01
r 38 0.01 8 3.4252 0.01
r 40 0.01 8 3.26843 0.01
r 42 0.01 8 3.60553 0.01
r 44 0.01 8 4.1085 0.01
r 46 0.01 8 4.52025 0.01
r 48 0.01 8 5.24559 0.01
r 50 0.01 8 5.77903 0.01
r 52 0.01 8 6.40794 0.01
r 54 0.01 8 6.96618 0.01
r 56 0.01 8 7.51609 0.01
r 58 0.01 8 7.93976 0.01
r 60 0.01 8 8.58058 0.01
r 62 0.01 8 8.62839 0.01
r 64 0.01 8 8.9764 0.01
r 66 0.01 8 9.51358 0.01
r 68 0.01 8 10.4607 0.01
r 70 0.01 8 10.4855 0.01
r 72 0.01 8 10.9702 0.01
r 74 0.01 8 11.4549 0.01
r 76 0.01 8 11.9565 0.01
r 78 0.01 8 12.4382 0.01
r 80 0.01 8 12.9604 0.01
s 50 2 124
r 20 0.01 0 6.60049 0.01
r 22 0.01 0 6.32355 0.01
r 24 0.01 0 6.06677 0.01
r 26 0.01 0 5.87649 0.01
r 28 0.01 0 5.67711 0.01
r 30 0.01 0 5.35834 0.01
r 32 0.01 0 5.05152 0.01
r 34 0.01 0 4.76898 0.01
r 36 0.01 0 4.51291 0.01
r 38 0.01 0 4.29614 0.01
r 40 0.01 0 4.07502 0.01
r 42 0.01 0 3.77736 0.01
r 44 0.01 0 3.43599 0.01
r 46 0.01 0 2.97845 0.01
r 48 0.01 0 1.88091 0.01
r 50 0.01 0 1.32667 0.01
r 52 0.01 0 1.88091 0.01
r 54 0.01 0 2.97845 0.01
r 56 0.01 0 3.65191 0.01
r 58 0.01 0 3.90966 0.01
r 60 0.01 0 4.16359 0.01
r 62 0.01 0 4.46019 0.01
r 64 0.01 0 4.85304 0.01
r 66 0.01 0 5.22289 0.01
r 68 0.01 0 5.45135 0.01
r 70 0.01 0 5.70131 0.01
r 72 0.01 0 5.98962 0.01
r 74 0.01 0 6.3184 0.01
r 76 0.01 0 6.60595 0.01
r 78 0.01 0 6.98299 0.01
r 80 0.01 0 7.28043 0.01
r 20 0.01 1 6.94604 0.01
r 22 0.01 1 6.72403 0.01
r 24 0.01 1 6.54164 0.01
r 26 0.01 1 6.39175 0.01
r 28 0.01 1 6.18123 0.01
r 30 0.01 1 5.9171 0.01
r 32 0.01 1 5.68244 0.01
r 34 0.01 1 5.48665 0.01
r 36 0.01 1 5.30752 0.01
r 38 0.01 1 5.20461 0.01
r 40 0.01 1 5.1179 0.01
r 42 0.01 1 4.99456 0.01
r 44 0.01 1 4.84658 0.01
r 46 0.01 1 4.74209 0.01
r 48 0.01 1 4.734 0.01
r 50 0.01 1 4.75983 0.01
r 52 0.01 1 4.81844 0.01
r 54 0.01 1 4.88805 0.01
r 56 0.01 1 4.96279 0.01
r 58 0.01 1 5.03985 0.01
r 60 0.01 1 5.1713 0.01
r 62 0.01 1 5.36178 0.01
r 64 0.01 1 5.62778 0.01
r 66 0.01 1 5.88006 0.01
r 68 0.01 1 6.04153 0.01
r 70 0.01 1 6.23651 0.01
r 72 0.01 1 6.4746 0.01
r 74 0.01 1 6.75375 0.01
r 76 0.01 1 7.00115 0.01
r 78 0.01 1 7.31284 0.01
r 80 0.01 1 7.54294 0.01
r 20 0.01 7 7.32237 0.01
r 22 0.01 7 7.04617 0.01
r 24 0.01 7 6.77919 0.01
r 26 0.01 7 6.58291 0.01
r 28 0.01 7 6.41437 0.01
r 30 0.01 7 6.12173 0.01
r 32 0.01 7 5.78842 0.01
r 34 0.01 7 5.50715 0.01
r 36 0.01 7 5.2358 0.01
r 38 0.01 7 5.02061 0.01
r 40 0.01 7 4.80352 0.01
r 42 0.01 7 4.55996 0.01
r 44 0.01 7 4.21143 0.01
r 46 0.01 7 3.88313 0.01
r 48 0.01 7 3.66407 0.01
r 50 0.01 7 3.44319 0.01
r 52 0.01 7 3.66087 0.01
r 54 0.01 7 4.084 0.01
r 56 0.01 7 4.36811 0.01
r 58 0.01 7 4.59545 0.01
r 60 0.01 7 4.87145 0.01
r 62 0.01 7 5.2071 0.01
r 64 0.01 7 5.59551 0.01
r 66 0.01 7 5.91623 0.01
r 68 0.01 7 6.13986 0.01
r 70 0.01 7 6.41909 0.01
r 72 0.01 7 6.72759 0.01
r 74 0.01 7 7.03717 0.01
r 76 0.01 7 7.34861 0.01
r 78 0.01 7 7.74043 0.01
r 80 0.01 7 7.95772 0.01
r 20 0.01 8 10.1649 0.01
r 22 0.01 8 9.68485 0.01
r 24 0.01 8 9.25972 0.01
r 26 0.01 8 9.36928 0.01
r 28 0.01 8 8.35926 0.01
r 30 0.01 8 7.83709 0.01
r 32 0.01 8 7.3452 0.01
r 34 0.01 8 7.33531 0.01
r 36 0.01 8 8.74321 0.01
r 38 0.01 8 6.30459 0.01
r 40 0.01 8 5.55486 0.01
r 42 0.01 8 4.987 0.01
r 44 0.01 8 4.47693 0.01
r 46 0.01 8 4.11308 0.01
r 48 0.01 8 3.5995 0.01
r 50 0.01 8 3.45268 0.01
r 52 0.01 8 3.77601 0.01
r 54 0.01 8 4.27233 0.01
r 56 0.01 8 4.72897 0.01
r 58 0.01 8 6.21885 0.01
r 60 0.01 8 5.97217 0.01
r 62 0.01 8 6.66116 0.01
r 64 0.01 8 7.35758 0.01
r 66 0.01 8 7.56153 0.01
r 68 0.01 8 8.41435 0.01
r 70 0.01 8 8.68591 0.01
r 72 0.01 8 9.04536 0.01
r 74 0.01 8 9.63351 0.01
r 76 0.01 8 9.66061 0.01
r 78 0.01 8 10.1601 0.01
r 80 0.01 8 10.6849 0.01
s 60 2 124
r 20 0.01 0 8.02652 0.01
r 22 0.01 0 7.7536 0.01
r 24 0.01 0 7.49786 0.01
r 26 0.01 0 7.30823 0.01
r 28 0.01 0 7.11323 0.01
r 30 0.01 0 6.79893 0.01
r 32 0.01 0 6.49505 0.01
r 34 0.01 0 6.21654 0.01
r 36 0.01 0 5.96016 0.01
r 38 0.01 0 5.74357 0.01
r 40 0.01 0 5.52355 0.01
r 42 0.01 0 5.23038 0.01
r 44 0.01 0 4.89139 0.01
r 46 0.01 0 4.61454 0.01
r 48 0.01 0 4.3952 0.01
r 50 0.01 0 4.17193 0.01
r 52 0.01 0 3.91414 0.01
r 54 0.01 0 3.62977 0.01
r 56 0.01 0 2.97845 0.01
r 58 0.01 0 1.88091 0.01
r 60 0.01 0 1.32667 0.01
r 62 0.01 0 1.88091 0.01
r 64 0.01 0 2.97845 0.01
r 66 0.01 0 3.7231 0.01
r 68 0.01 0 4.07138 0.01
r 70 0.01 0 4.31707 0.01
r 72 0.01 0 4.60701 0.01
r 74 0.01 0 4.93639 0.01
r 76 0.01 0 5.22637 0.01
r 78 0.01 0 5.6068 0.01
r 80 0.01 0 5.90894 0.01
r 20 0.01 1 8.26373 0.01
r 22 0.01 1 8.03437 0.01
r 24 0.01 1 7.80459 0.01
r 26 0.01 1 7.58409 0.01
r 28 0.01 1 7.48865 0.01
r 30 0.01 1 7.1349 0.01
r 32 0.01 1 6.86547 0.01
r 34 0.01 1 6.65194 0.01
r 36 0.01 1 6.4623 0.01
r 38 0.01 1 6.25882 0.01
r 40 0.01 1 6.07863 0.01
r 42 0.01 1 5.86875 0.01
r 44 0.01 1 5.62222 0.01
r 46 0.01 1 5.41853 0.01
r 48 0.01 1 5.28533 0.01
r 50 0.01 1 5.17146 0.01
r 52 0.01 1 5.07158 0.01
r 54 0.01 1 4.98393 0.01
r 56 0.01 1 4.90769 0.01
r 58 0.01 1 4.83476 0.01
r 60 0.01 1 4.81714 0.01
r 62 0.01 1 4.89654 0.01
r 64 0.01 1 5.01473 0.01
r 66 0.01 1 5.10038 0.01
r 68 0.01 1 5.17782 0.01
r 70 0.01 1 5.30653 0.01
r 72 0.01 1 5.48039 0.01
r 74 0.01 1 5.67913 0.01
r 76 0.01 1 5.90324 0.01
r 78 0.01 1 6.16491 0.01
r 80 0.01 1 6.37399 0.01
r 20 0.01 7 8.72328 0.01
r 22 0.01 7 8.44999 0.01
r 24 0.01 7 8.18113 0.01
r 26 0.01 7 7.98183 0.01
r 28 0.01 7 7.81971 0.01
r 30 0.01 7 7.53464 0.01
r 32 0.01 7 7.20388 0.01
r 34 0.01 7 6.92647 0.01
r 36 0.01 7 6.65239 0.01
r 38 0.01 7 6.43843 0.01
r 40 0.01 7 6.22302 0.01
r 42 0.01 7 5.98697 0.01
r 44 0.01 7 5.64162 0.01
r 46 0.01 7 5.31093 0.01
r 48 0.01 7 5.09415 0.01
r 50 0.01 7 4.87549 0.01
r 52 0.01 7 4.64563 0.01
r 54 0.01 7 4.36156 0.01
r 56 0.01 7 4.05974 0.01
r 58 0.01 7 3.62567 0.01
r 60 0.01 7 3.4518 0.01
r 62 0.01 7 3.67897 0.01
r 64 0.01 7 4.20113 0.01
r 66 0.01 7 4.52374 0.01
r 68 0.01 7 4.74814 0.01
r 70 0.01 7 5.02406 0.01
r 72 0.01 7 5.33869 0.01
r 74 0.01 7 5.64554 0.01
r 76 0.01 7 5.95477 0.01
r 78 0.01 7 6.36883 0.01
r 80 0.01 7 6.57604 0.01
r 20 0.01 8 12.6243 0.01
r 22 0.01 8 12.1566 0.01
r 24 0.01 8 11.6995 0.01
r 26 0.01 8 11.3397 0.01
r 28 0.01 8 10.8348 0.01
r 30 0.01 8 10.317 0.01
r 32 0.01 8 9.83152 0.01
r 34 0.01 8 9.34833 0.01
r 36 0.01 8 8.90352 0.01
r 38 0.01 8 8.46184 0.01
r 40 0.01 8 8.01929 0.01
r 42 0.01 8 7.85307 0.01
r 44 0.01 8 7.61428 0.01
r 46 0.01 8 9.24246 0.01
r 48 0.01 8 8.56365 0.01
r 50 0.01 8 5.65054 0.01
r 52 0.01 8 5.13528 0.01
r 54 0.01 8 4.61491 0.01
r 56 0.01 8 4.32839 0.01
r 58 0.01 8 3.79182 0.01
r 60 0.01 8 3.45339 0.01
r 62 0.01 8 3.72279 0.01
r 64 0.01 8 4.33205 0.01
r 66 0.01 8 4.82235 0.01
r 68 0.01 8 5.46933 0.01
r 70 0.01 8 6.17775 0.01
r 72 0.01 8 6.53128 0.01
r 74 0.01 8 7.06833 0.01
r 76 0.01 8 7.57178 0.01
r 78 0.01 8 8.07808 0.01
r 80 0.01 8 8.58806 0.01
s 70 2 124
r 20 0.01 0 9.50753 0.01
r 22 0.01 0 9.24135 0.01
r 24 0.01 0 8.99171 0.01
r 26 0.01 0 8.80331 0.01
r 28 0.01 0 8.61436 0.01
r 30 0.01 0 8.30622 0.01
r 32 0.01 0 8.00849 0.01
r 34 0.01 0 7.73369 0.01
r 36 0.01 0 7.47999 0.01
r 38 0.01 0 7.26561 0.01
r 40 0.01 0 7.04728 0.01
r 42 0.01 0 6.76088 0.01
r 44 0.01 0 6.42599 0.01
r 46 0.01 0 6.14981 0.01
r 48 0.01 0 5.9312 0.01
r 50 0.01 0 5.70923 0.01
r 52 0.01 0 5.45475 0.01
r 54 0.01 0 5.17244 0.01
r 56 0.01 0 4.84862 0.01
r 58 0.01 0 4.55881 0.01
r 60 0.01 0 4.33224 0.01
r 62 0.01 0 4.16267 0.01
r 64 0.01 0 3.7231 0.01
r 66 0.01 0 2.97845 0.01
r 68 0.01 0 1.88091 0.01
r 70 0.01 0 1.32667 0.01
r 72 0.01 0 1.88091 0.01
r 74 0.01 0 2.97845 0.01
r 76 0.01 0 3.7231 0.01
r 78 0.01 0 4.28738 0.01
r 80 0.01 0 4.59166 0.01
r 20 0.01 1 9.67393 0.01
r 22 0.01 1 9.4285 0.01
r 24 0.01 1 9.23334 0.01
r 26 0.01 1 9.01729 0.01
r 28 0.01 1 8.80966 0.01
r 30 0.01 1 8.52412 0.01
r 32 0.01 1 8.25206 0.01
r 34 0.01 1 8.0167 0.01
r 36 0.01 1 7.84199 0.01
r 38 0.01 1 7.56179 0.01
r 40 0.01 1 7.35753 0.01
r 42 0.01 1 7.13208 0.01
r 44 0.01 1 6.82245 0.01
r 46 0.01 1 6.57373 0.01
r 48 0.01 1 6.413 0.01
r 50 0.01 1 6.26762 0.01
r 52 0.01 1 6.11529 0.01
r 54 0.01 1 5.88035 0.01
r 56 0.01 1 5.65151 0.01
r 58 0.01 1 5.46069 0.01
r 60 0.01 1 5.31115 0.01
r 62 0.01 1 5.26147 0.01
r 64 0.01 1 5.21687 0.01
r 66 0.01 1 5.07482 0.01
r 68 0.01 1 4.99629 0.01
r 70 0.01 1 4.97827 0.01
r 72 0.01 1 5.04093 0.01
r 74 0.01 1 5.15052 0.01
r 76 0.01 1 5.25752 0.01
r 78 0.01 1 5.42835 0.01
r 80 0.01 1 5.52668 0.01
r 20 0.01 7 10.3004 0.01
r 22 0.01 7 10.0349 0.01
r 24 0.01 7 9.78055 0.01
r 26 0.01 7 9.57983 0.01
r 28 0.01 7 9.42056 0.01
r 30 0.01 7 9.14081 0.01
r 32 0.01 7 8.81328 0.01
r 34 0.01 7 8.54048 0.01
r 36 0.01 7 8.27396 0.01
r 38 0.01 7 8.06224 0.01
r 40 0.01 7 7.84682 0.01
r 42 0.01 7 7.62028 0.01
r 44 0.01 7 7.27645 0.01
r 46 0.01 7 6.95045 0.01
r 48 0.01 7 6.73441 0.01
r 50 0.01 7 6.51577 0.01
r 52 0.01 7 6.28485 0.01
r 54 0.01 7 6.0032 0.01
r 56 0.01 7 5.71256 0.01
r 58 0.01 7 5.37963 0.01
r 60 0.01 7 5.13004 0.01
r 62 0.01 7 4.97993 0.01
r 64 0.01 7 4.73797 0.01
r 66 0.01 7 4.39773 0.01
r 68 0.01 7 3.95491 0.01
r 70 0.01 7 3.80618 0.01
r 72 0.01 7 3.99049 0.01
r 74 0.01 7 4.4342 0.01
r 76 0.01 7 4.7418 0.01
r 78 0.01 7 5.13758 0.01
r 80 0.01 7 5.39358 0.01
r 20 0.01 8 15.1783 0.01
r 22 0.01 8 14.7239 0.01
r 24 0.01 8 14.2898 0.01
r 26 0.01 8 13.8886 0.01
r 28 0.01 8 13.4367 0.01
r 30 0.01 8 12.9386 0.01
r 32 0.01 8 12.4637 0.01
r 34 0.01 8 11.9753 0.01
r 36 0.01 8 11.5356 0.01
r 38 0.01 8 11.0991 0.01
r 40 0.01 8 10.657 0.01
r 42 0.01 8 10.1352 0.01
r 44 0.01 8 9.59975 0.01
r 46 0.01 8 9.16874 0.01
r 48 0.01 8 9.12361 0.01
r 50 0.01 8 8.71401 0.01
r 52 0.01 8 8.15617 0.01
r 54 0.01 8 7.62345 0.01
r 56 0.01 8 7.11364 0.01
r 58 0.01 8 7.30201 0.01
r 60 0.01 8 6.54629 0.01
r 62 0.01 8 5.41472 0.01
r 64 0.01 8 4.91317 0.01
r 66 0.01 8 4.66926 0.01
r 68 0.01 8 4.10753 0.01
r 70 0.01 8 3.80711 0.01
r 72 0.01 8 4.10974 0.01
r 74 0.01 8 4.59254 0.01
r 76 0.01 8 5.05122 0.01
r 78 0.01 8 5.5078 0.01
r 80 0.01 8 6.01617 0.01
