63 81 1.5 0.33
0 2 4 6 8 10 12 14 16 18 20 22 24 26 28 30 32 34 36 38 40 42 44 46 48 50 52 54 56 58 60 62 64 66 68 70 72 74 76 78 80 82 84 86 88 90 92 94 96 98 100 102 104 106 108 110 112 114 116 118 120 122 124 
0 0 0 0 0 0 0 0 0 0 0 0 0 0 0 0 0 0 0 0 0 0 0 0 0 0 0 0 0 0 0 0 0 0 0 0 0 0 0 0 0 0 0 0 0 0 0 0 0 0 0 0 0 0 0 0 0 0 0 0 0 0 0 
0 0.2 0.4 0.6 0.8 1 1.2 1.4 1.6 1.8 2 2.2 2.4 2.6 2.8 3 3.2 3.4 3.6 3.8 4 4.2 4.4 4.6 4.8 5 5.2 5.4 5.6 5.8 6 6.2 6.4 6.6 6.8 7 7.2 7.4 7.6 7.8 8 8.2 8.4 8.6 8.8 9 9.2 9.4 9.6 9.8 10 10.2 10.4 10.6 10.8 11 11.2 11.4 11.6 11.8 12 12.2 12.4 12.6 12.8 13 13.2 13.4 13.6 13.8 14 14.2 14.4 14.6 14.8 15 15.2 15.4 15.6 15.8 16 
1.5 1.5 1.5 1.5 1.5 1.5 1.5 1.5 1.5 1.5 2 1.60999 4.61909 4.62484 4.63208 4.64234 4.65234 4.66273 4.67155 4.68111 4.6908 4.69981 4.70768 4.71696 4.7253 4.73403 4.74225 4.74971 4.75871 4.76684 4.77513 4.78319 4.79126 4.79947 4.80842 4.8162 4.82446 4.83288 4.84152 4.85058 4.85899 4.86773 4.8769 4.88606 4.89482 4.90504 4.91465 4.92451 4.93456 4.94419 4.95507 4.96558 4.97621 4.98704 4.9979 5.00893 5.02011 5.0314 5.04279 5.05427 5.06571 5.07747 5.08902 5.10066 5.11239 5.12412 5.13599 5.14768 5.15951 5.17126 5.18282 5.19461 5.20617 5.21807 5.22931 5.24134 5.25271 5.26381 5.2763 5.28775 5.2967 
1.5 1.5 1.5 1.5 1.5 1.5 1.5 1.5 1.5 1.5 2 1.60202 1.64006 4.58787 4.59713 4.60868 4.61981 4.63135 4.6409 4.65128 4.66179 4.67167 4.68108 4.69121 4.70079 4.71068 4.72006 4.72913 4.739 4.7483 4.75793 4.76711 4.77643 4.78575 4.79548 4.80458 4.81402 4.82351 4.83314 4.84302 4.85248 4.86219 4.87213 4.88214 4.89181 4.90248 4.91271 4.92319 4.93365 4.94385 4.95493 4.96567 4.97645 4.98734 4.99832 5.00915 5.02018 5.03107 5.04211 5.05314 5.06392 5.07499 5.08585 5.09647 5.10747 5.1183 5.12906 5.13989 5.15042 5.16119 5.17183 5.18286 5.19331 5.20401 5.21516 5.22631 5.23619 5.24862 5.25728 5.26766 5.28073 
1.5 1.5 1.5 1.5 1.5 1.5 1.5 1.5 1.5 1.5 2 1.59754 1.627 1.66754 4.57378 4.58642 4.60012 4.60962 4.62069 4.63141 4.64235 4.65329 4.66243 4.67273 4.68293 4.69331 4.70376 4.71266 4.72292 4.73249 4.74257 4.75209 4.76174 4.77137 4.78114 4.7906 4.79992 4.80975 4.81939 4.82909 4.83884 4.84885 4.85844 4.86829 4.87807 4.8884 4.89857 4.90889 4.91931 4.92934 4.94037 4.95113 4.96199 4.97293 4.98366 4.99524 5.00657 5.01792 5.02936 5.04049 5.05235 5.06412 5.07578 5.08742 5.09878 5.11079 5.12256 5.13437 5.14609 5.1574 5.16922 5.18102 5.19244 5.20378 5.21525 5.22694 5.23861 5.25129 5.26097 5.27001 5.28647 
1.5 1.5 1.5 1.5 1.5 1.5 1.5 1.5 1.5 1.5 2 1.5841 1.61637 1.65626 4.56802 4.57922 4.59257 4.60341 4.61427 4.62603 4.63613 4.64642 4.65649 4.6669 4.67783 4.68774 4.69789 4.70758 4.71802 4.72832 4.73815 4.74822 4.7581 4.76819 4.77845 4.78832 4.7983 4.80833 4.81848 4.82882 4.8389 4.8495 4.85933 4.86972 4.88001 4.89053 4.90122 4.91163 4.92228 4.9328 4.9439 4.95441 4.96565 4.97675 4.98754 4.99925 5.01019 5.02208 5.03307 5.04466 5.05678 5.06817 5.08054 5.09235 5.10429 5.11612 5.12772 5.14026 5.15176 5.16427 5.17625 5.18794 5.20033 5.21107 5.22429 5.2351 5.24708 5.25984 5.26998 5.28429 5.29574 
1.5 1.5 1.5 1.5 1.5 1.5 1.5 1.5 1.5 1.5 2 1.5733 1.60623 1.65209 4.5586 4.57036 4.58244 4.59517 4.60607 4.61657 4.62692 4.63727 4.6489 4.65908 4.66929 4.67948 4.68999 4.70108 4.71141 4.72119 4.73134 4.7419 4.75287 4.76328 4.77307 4.78373 4.79418 4.80517 4.81569 4.82599 4.83678 4.84788 4.85845 4.8692 4.8798 4.89086 4.90202 4.91295 4.92396 4.93515 4.94649 4.95763 4.96895 4.9803 4.99223 5.0039 5.01531 5.02713 5.03881 5.05121 5.0632 5.07491 5.08705 5.09968 5.11194 5.12414 5.13599 5.14829 5.16129 5.17362 5.18587 5.19786 5.21026 5.22229 5.23485 5.24634 5.25944 5.27115 5.28432 5.29575 5.30762 
1.5 1.5 1.5 1.5 1.5 1.5 1.5 1.5 1.5 1.5 2 1.55813 1.59197 4.53673 4.54951 4.56113 4.57113 4.58162 4.59368 4.60387 4.61614 4.62683 4.63764 4.64816 4.65885 4.67057 4.68171 4.69261 4.70381 4.71441 4.72628 4.73748 4.74877 4.76006 4.77124 4.78319 4.79462 4.80611 4.8177 4.82912 4.8411 4.85277 4.86461 4.87644 4.88838 4.90027 4.91217 4.92419 4.93618 4.94863 4.96053 4.9728 4.9851 4.99742 5.00985 5.02214 5.03472 5.0473 5.05977 5.07235 5.08498 5.09768 5.11045 5.12312 5.13589 5.14859 5.16155 5.17421 5.18704 5.19966 5.21236 5.22484 5.23757 5.24988 5.26205 5.27412 5.28747 5.29829 5.3126 5.32439 5.33656 
1.5 1.5 1.5 1.5 1.5 1.5 1.5 1.5 1.5 1.5 2 1.54171 1.57817 4.51632 4.52903 4.53855 4.5481 4.56209 4.57175 4.58215 4.59434 4.60529 4.61592 4.62842 4.63816 4.65025 4.66188 4.67341 4.68511 4.6972 4.70897 4.72093 4.7329 4.74503 4.75781 4.76996 4.78224 4.79485 4.80728 4.82008 4.83269 4.8453 4.85818 4.87091 4.88416 4.89669 4.90964 4.92268 4.93572 4.94928 4.96184 4.97499 4.98835 5.00157 5.01489 5.02804 5.04151 5.05458 5.0682 5.08172 5.09515 5.10855 5.122 5.13556 5.149 5.16242 5.17592 5.18913 5.20258 5.21596 5.22915 5.24208 5.25501 5.26815 5.28028 5.29321 5.30632 5.31787 5.33185 5.34565 5.35654 
1.5 1.5 1.5 1.5 1.5 1.5 1.5 1.5 1.5 1.5 2 1.52359 1.5571 1.58489 1.61424 4.47407 4.48565 4.49765 4.51235 4.52624 4.53652 4.54836 4.56032 4.57177 4.58471 4.59675 4.60957 4.62281 4.63553 4.64896 4.66193 4.67517 4.68918 4.70192 4.71612 4.72947 4.74333 4.75719 4.77101 4.78518 4.7991 4.81331 4.82742 4.84169 4.85658 4.87017 4.88438 4.89875 4.91307 4.9282 4.94172 4.95602 4.97054 4.98498 4.99928 5.01359 5.02774 5.04245 5.05663 5.07099 5.08515 5.09925 5.11347 5.1277 5.14181 5.1559 5.16985 5.18374 5.19752 5.21129 5.22496 5.23814 5.25114 5.2651 5.27697 5.29046 5.30312 5.3155 5.32871 5.34381 5.3541 
1.5 1.5 1.5 1.5 1.5 1.5 1.5 1.5 1.5 1.5 2 1.50492 1.53852 1.56494 1.59652 1.62831 4.41857 4.43491 4.45292 4.46819 4.47926 4.49247 4.50532 4.51954 4.53234 4.5458 4.55952 4.57507 4.58982 4.60449 4.61935 4.63435 4.64952 4.66542 4.6808 4.69614 4.71201 4.72774 4.74355 4.75949 4.77536 4.79128 4.80717 4.8233 4.84038 4.85504 4.87102 4.88675 4.90291 4.91997 4.93454 4.95032 4.96602 4.98177 4.99732 5.01277 5.02841 5.04372 5.05907 5.07434 5.08939 5.10446 5.11922 5.13414 5.14874 5.16333 5.17775 5.19202 5.20618 5.22021 5.23411 5.24753 5.26065 5.27487 5.28658 5.30048 5.31253 5.32544 5.33806 5.35415 5.36394 
1.5 1.5 1.5 1.5 1.5 1.5 1.5 1.5 1.5 1.5 2 1.48624 1.51964 1.54525 1.57802 1.60858 4.35232 4.37603 4.39435 4.40866 4.42177 4.4365 4.4508 4.46528 4.48064 4.49617 4.51186 4.53039 4.5462 4.564 4.58121 4.5989 4.61669 4.63473 4.65317 4.67138 4.68978 4.70819 4.72664 4.74328 4.76305 4.78122 4.79932 4.81731 4.83721 4.85315 4.87097 4.88884 4.90631 4.92366 4.941 4.9583 4.97529 4.99254 5.00948 5.02602 5.04278 5.05931 5.07546 5.0916 5.10746 5.12326 5.13863 5.15432 5.1691 5.18421 5.19883 5.21333 5.22835 5.24181 5.2557 5.26919 5.28239 5.29639 5.30946 5.32225 5.3348 5.34682 5.36038 5.37605 5.38536 
1.5 1.5 1.5 1.5 1.5 1.5 1.5 1.5 1.5 1.5 2 1.46733 1.50006 1.52862 1.55678 4.27949 4.29695 4.30411 4.3278 4.34112 4.36036 4.37725 4.39449 4.41091 4.42813 4.44614 4.46558 4.4859 4.50577 4.52644 4.54741 4.56851 4.58949 4.61114 4.63191 4.65434 4.67561 4.69765 4.7192 4.7402 4.76173 4.78236 4.80348 4.82387 4.8451 4.86466 4.88476 4.90466 4.92406 4.94562 4.9624 4.98115 4.9995 5.01784 5.03571 5.05362 5.07123 5.08864 5.10548 5.12224 5.13846 5.15459 5.17038 5.186 5.20148 5.21658 5.23151 5.24601 5.26048 5.27483 5.28887 5.30248 5.31584 5.32938 5.34346 5.35577 5.36918 5.38035 5.39523 5.40944 5.41884 
1.5 1.5 1.5 1.5 1.5 1.5 1.5 1.5 1.5 1.5 2 1.44715 1.47919 1.51056 1.53709 4.18027 4.18661 4.20684 4.22281 4.23405 4.26029 4.28115 4.30431 4.32593 4.34656 4.37119 4.39563 4.42344 4.44556 4.47122 4.49752 4.52342 4.5493 4.57524 4.59798 4.62747 4.65297 4.67873 4.70428 4.7267 4.75402 4.77817 4.80237 4.82583 4.85314 4.87202 4.89434 4.9162 4.93743 4.9611 4.9787 4.99869 5.01799 5.03722 5.05581 5.07394 5.09199 5.10951 5.12665 5.14335 5.15985 5.17613 5.19163 5.20708 5.22216 5.23698 5.25153 5.26567 5.27979 5.29383 5.30778 5.32118 5.33422 5.34813 5.36186 5.37425 5.38781 5.39993 5.41294 5.42855 5.43985 
1.5 1.5 1.5 1.5 1.5 1.5 1.5 1.5 1.5 1.5 2 1.42875 1.46031 1.49074 1.5142 4.0722 4.04889 4.10024 4.1364 4.13573 4.16798 4.19309 4.2168 4.2382 4.26354 4.28812 4.31654 4.35176 4.37808 4.4087 4.44128 4.47275 4.50348 4.53453 4.56155 4.59715 4.62791 4.65857 4.68871 4.71511 4.74746 4.7754 4.80307 4.82982 4.86132 4.88199 4.90689 4.93104 4.95416 4.98053 4.99856 5.01954 5.03976 5.05938 5.07839 5.09646 5.11455 5.13183 5.14854 5.16467 5.18076 5.19646 5.21152 5.22648 5.24103 5.25521 5.26924 5.28288 5.29639 5.31009 5.32371 5.3365 5.34928 5.36282 5.37601 5.38852 5.40143 5.4128 5.42748 5.44459 5.45917 
1.5 1.5 1.5 1.5 1.5 1.5 1.5 1.5 1.5 1.5 2 1.41383 1.44456 1.474 1.50006 1.51753 3.98044 3.89808 4.01938 4.02473 4.07112 4.10327 4.13423 4.15975 4.18688 4.21476 4.24279 4.28407 4.31183 4.34587 4.38156 4.41698 4.45402 4.4907 4.52208 4.56274 4.59736 4.63192 4.66569 4.69612 4.73319 4.76539 4.79667 4.82666 4.86145 4.88365 4.91031 4.93599 4.96084 4.98924 5.00719 5.0286 5.04915 5.06884 5.08788 5.10579 5.12334 5.14017 5.15646 5.1722 5.18752 5.20244 5.21685 5.23097 5.24498 5.25852 5.27212 5.28501 5.29789 5.31085 5.32407 5.33614 5.34841 5.36107 5.37383 5.38659 5.39992 5.40941 5.42434 5.43924 5.45701 
1.5 1.5 1.5 1.5 1.5 1.5 1.5 1.5 1.5 1.5 2 1.40187 1.4317 1.4601 1.48681 1.50732 1.53008 1.55774 3.92739 3.89105 3.97146 4.01577 4.0594 4.10194 4.13263 4.16237 4.19496 4.22891 4.25759 4.29351 4.33334 4.37189 4.41044 4.44814 4.48059 4.52593 4.56545 4.60383 4.6404 4.67289 4.71209 4.74604 4.77943 4.81145 4.84906 4.87264 4.90118 4.92838 4.95457 4.98422 5.00257 5.02459 5.04561 5.06533 5.0841 5.10154 5.11877 5.13477 5.15016 5.16501 5.1792 5.19314 5.20631 5.21911 5.23176 5.24406 5.25648 5.26857 5.28082 5.29305 5.30572 5.31776 5.3292 5.34111 5.35271 5.36522 5.37954 5.38985 5.40327 5.41448 5.4372 
1.5 1.5 1.5 1.5 1.5 1.5 1.5 1.5 1.5 1.5 2 1.37554 1.40474 1.43273 1.45904 1.48116 1.50021 1.51596 3.89992 3.89751 3.93806 3.96948 4.00131 4.04538 4.09789 4.1483 4.17957 4.22254 4.25221 4.29354 4.33656 4.37581 4.41434 4.4538 4.4877 4.53227 4.57332 4.61523 4.65433 4.68739 4.72737 4.76234 4.79655 4.82958 4.86659 4.88925 4.91741 4.94443 4.97033 4.99919 5.01676 5.03831 5.05936 5.07869 5.09684 5.11331 5.12973 5.14486 5.15924 5.17302 5.18643 5.19996 5.21278 5.22486 5.23697 5.24828 5.25994 5.27127 5.2831 5.29478 5.30673 5.31917 5.33026 5.34052 5.35294 5.36187 5.37796 5.38669 5.40263 5.41009 5.42817 
1.5 1.5 1.5 1.5 1.5 1.5 1.5 1.5 1.5 1.5 2 1.3953 1.4253 1.45363 1.48098 1.50699 1.52904 3.83582 3.81084 3.87384 3.92539 3.97489 4.00264 4.03696 4.06395 4.1431 4.18618 4.23661 4.27034 4.31751 4.3635 4.41049 4.45469 4.49824 4.53532 4.57708 4.61387 4.64924 4.68798 4.73034 4.77239 4.80451 4.83476 4.86294 4.90006 4.92253 4.95014 4.97429 4.99769 5.02442 5.04158 5.06143 5.0802 5.0976 5.11464 5.13516 5.14699 5.16194 5.17577 5.18906 5.20148 5.21386 5.2257 5.23734 5.24865 5.25894 5.27004 5.28044 5.29119 5.30231 5.31345 5.32522 5.33588 5.34678 5.35725 5.3657 5.37942 5.38493 5.40031 5.41485 5.43051 
1.5 1.5 1.5 1.5 1.5 1.5 1.5 1.5 1.5 1.5 2 1.4016 1.43202 1.46096 1.48472 1.51633 1.54127 3.88856 3.88496 3.94275 3.97392 4.03165 4.06706 4.10415 4.13392 4.19142 4.24727 4.29127 4.32238 4.36484 4.40628 4.44862 4.49426 4.54111 4.57838 4.62561 4.65844 4.69269 4.72288 4.75709 4.7967 4.83262 4.86525 4.89504 4.92496 4.94118 4.96433 4.98978 5.01357 5.03801 5.05249 5.07038 5.08795 5.10374 5.1176 5.13194 5.14497 5.15759 5.17021 5.18263 5.19437 5.20548 5.21642 5.22872 5.23706 5.24722 5.25728 5.26714 5.2772 5.2879 5.29849 5.31027 5.32108 5.33099 5.34209 5.35123 5.3635 5.37485 5.38698 5.40381 5.4187 
1.5 1.5 1.5 1.5 1.5 1.5 1.5 1.5 1.5 1.5 2 1.41293 1.4434 1.47329 1.50138 1.53004 1.5557 3.92728 3.92557 3.96844 4.04277 4.07383 4.13189 4.15937 4.20259 4.26971 4.31344 4.36595 4.40237 4.44644 4.49307 4.52575 4.54977 4.58601 4.61633 4.67069 4.70188 4.7391 4.76498 4.79465 4.83481 4.85789 4.88834 4.91877 4.94883 4.95702 4.97963 5.00043 5.01791 5.03751 5.05443 5.07178 5.08641 5.09938 5.11195 5.12764 5.1367 5.14781 5.15828 5.16832 5.17802 5.18873 5.19971 5.21001 5.21938 5.22909 5.23863 5.24838 5.25825 5.26871 5.27864 5.29104 5.30184 5.31079 5.32251 5.33291 5.34374 5.35812 5.36973 5.382 5.39725 
1.5 1.5 1.5 1.5 1.5 1.5 1.5 1.5 1.5 1.5 2 1.42613 1.45557 1.48633 1.51439 1.54107 1.56794 1.59334 4.06819 4.09044 4.11456 4.18539 4.24129 4.28353 4.32785 4.37837 4.42038 4.46323 4.49899 4.54836 4.58061 4.62252 4.65467 4.69709 4.71013 4.72351 4.74854 4.77549 4.79849 4.82772 4.84388 4.87058 4.88964 4.9178 4.96286 4.95958 4.96933 4.98471 5.00097 5.02303 5.03414 5.04483 5.05901 5.07357 5.08417 5.09612 5.10425 5.11573 5.12694 5.1355 5.14379 5.15247 5.16211 5.17295 5.18235 5.19246 5.20258 5.21115 5.22136 5.2324 5.24212 5.25479 5.26647 5.27391 5.28593 5.297 5.30802 5.32231 5.33416 5.34588 5.36231 
1.5 1.5 1.5 1.5 1.5 1.5 1.5 1.5 1.5 1.5 2 1.42252 1.45423 1.48476 1.51344 1.54331 1.57334 1.59699 1.61513 4.2739 4.27156 4.32725 4.37739 4.41403 4.44206 4.484 4.51867 4.56582 4.59038 4.63055 4.65488 4.67996 4.70592 4.73905 4.77854 4.78684 4.78892 4.81216 4.82645 4.84882 4.8627 4.86923 4.88337 4.88989 4.93219 4.9403 4.95713 4.9694 4.97274 4.98261 5.00545 5.02188 5.02585 5.03445 5.05071 5.0607 5.06906 5.08061 5.09259 5.10147 5.10853 5.11518 5.12462 5.13331 5.14198 5.15122 5.16149 5.17317 5.18351 5.19328 5.20313 5.21488 5.22733 5.23814 5.2496 5.25896 5.27004 5.28226 5.30143 5.31292 5.32362 
1.5 1.5 1.5 1.5 1.5 1.5 1.5 1.5 1.5 1.5 2 1.47483 1.508 1.54048 1.57242 1.60324 1.63406 1.66672 1.69594 1.72784 4.16859 4.16284 4.2382 4.2988 4.39594 4.45145 4.47989 4.50428 4.53512 4.57025 4.61069 4.6385 4.6848 4.71368 4.75101 4.7906 4.81326 4.829 4.82057 4.84685 4.86272 4.85792 4.88309 4.8813 4.91601 4.90048 4.9082 4.92145 4.93518 4.94349 4.94439 4.96302 4.982 4.98713 4.98894 5.00953 5.02162 5.02775 5.04032 5.04916 5.05875 5.06888 5.07829 5.08787 5.09826 5.10958 5.11926 5.13035 5.14318 5.15517 5.16678 5.17832 5.19032 5.1998 5.21273 5.22496 5.23055 5.24797 5.26244 5.28211 5.29484 
1.5 1.5 1.5 1.5 1.5 1.5 1.5 1.5 1.5 1.5 2 1.49455 1.53183 1.56199 1.59634 1.62551 1.65778 1.6879 1.71885 4.15342 4.19773 4.11693 4.17873 4.21564 4.2488 4.36214 4.45391 4.49964 4.51957 4.55228 4.56714 4.59721 4.64149 4.67821 4.74046 4.78074 4.80121 4.84276 4.79694 4.81756 4.84976 4.84683 4.85565 4.87336 4.90539 4.88282 4.87805 4.88842 4.90242 4.91054 4.90989 4.91021 4.92833 4.95149 4.96074 4.9571 4.98223 4.99497 5.00784 5.02269 5.03359 5.04348 5.05327 5.06635 5.07801 5.08961 5.10126 5.1128 5.12388 5.14009 5.15465 5.16747 5.18123 5.19335 5.20771 5.22045 5.22983 5.23878 5.25664 5.28362 5.29072 
1.5 1.5 1.5 1.5 1.5 1.5 1.5 1.5 1.5 1.5 2 1.50874 1.54397 1.57751 1.60959 1.64723 1.67588 1.70248 4.27635 5.0837 4.19671 4.19285 4.24513 4.2816 4.28111 4.35228 4.44118 4.49957 4.52742 4.5706 4.5838 4.62197 4.64528 4.65061 4.68441 4.73428 4.75517 4.83039 4.75707 4.78493 4.79945 4.80413 4.81242 4.8374 4.83747 4.84811 4.84037 4.83374 4.84705 4.87119 4.87335 4.87094 4.8678 4.89111 4.91562 4.92732 4.92897 4.96065 4.97243 4.99064 5.00446 5.02067 5.03614 5.04841 5.05887 5.07027 5.084 5.1001 5.11377 5.12741 5.14733 5.16056 5.17447 5.18795 5.20226 5.21917 5.23003 5.24336 5.25906 5.28832 5.29445 
1.5 1.5 1.5 1.5 1.5 1.5 1.5 1.5 1.5 1.5 2 1.52178 1.55822 1.5933 1.6265 1.66107 1.69545 1.72489 1.7553 3.54979 3.37207 3.49055 3.59679 3.68962 3.79056 3.90839 4.00243 4.09001 4.14487 4.22731 4.31147 4.3903 4.49356 4.56363 4.61021 4.60155 4.65171 4.73727 4.68985 4.71762 4.74021 4.76534 4.77913 4.78475 4.77763 4.78673 4.80088 4.80199 4.78495 4.81016 4.82792 4.83237 4.81837 4.83007 4.85566 4.87187 4.87363 4.91007 4.92112 4.94508 4.96031 4.9766 4.99332 5.01494 5.0279 5.03986 5.05028 5.06604 5.08261 5.09936 5.12234 5.13758 5.15198 5.16527 5.18026 5.19733 5.20831 5.22321 5.23257 5.25944 5.2776 
1.5 1.5 1.5 1.5 1.5 1.5 1.5 1.5 1.5 1.5 2 1.52862 1.562 1.59484 1.62538 1.65685 1.69021 1.7189 1.74932 1.78132 3.38916 3.23925 3.36881 3.42971 3.54368 3.62787 3.71624 3.82426 3.9073 3.98763 4.06731 4.14191 4.25891 4.35971 4.48944 4.43928 4.5028 4.57995 4.5564 4.58815 4.63802 4.66058 4.67137 4.68301 4.69755 4.70217 4.72114 4.73389 4.71989 4.73926 4.75778 4.76942 4.76406 4.78609 4.79862 4.81466 4.81096 4.85692 4.87534 4.89818 4.9168 4.93703 4.95529 4.97652 4.99914 5.0104 5.02484 5.03584 5.05612 5.07649 5.10083 5.11955 5.13616 5.15038 5.16528 5.18251 5.19748 5.2112 5.22621 5.25351 5.27208 
1.5 1.5 1.5 1.5 1.5 1.5 1.5 1.5 1.5 1.5 2 1.50235 1.53613 1.56977 1.60159 1.63388 1.66712 1.6976 1.73024 1.76006 1.79589 3.40735 3.41884 3.42629 3.45506 3.55602 3.67412 3.7539 3.80658 3.89537 3.97301 4.01615 4.14098 4.21 4.3994 4.33364 4.42896 4.42857 4.43379 4.46206 4.49755 4.53302 4.54978 4.57462 4.58782 4.60134 4.61715 4.63002 4.64027 4.66058 4.6777 4.68793 4.70612 4.73635 4.7418 4.75508 4.78445 4.80532 4.84288 4.86356 4.88433 4.90743 4.92757 4.95191 4.97398 4.98837 5.00318 5.01859 5.03918 5.06674 5.08268 5.10451 5.1238 5.14061 5.15723 5.17495 5.18777 5.20085 5.2184 5.24868 5.27215 
1.5 1.5 1.5 1.5 1.5 1.5 1.5 1.5 1.5 1.5 2 1.47887 1.51082 1.5424 1.57318 1.60363 1.63467 1.66425 1.69428 1.72139 1.75503 3.39036 3.58297 3.43903 3.49503 3.50872 3.55284 3.71473 3.78544 3.88193 3.95835 4.04139 4.15836 4.20382 4.2716 4.32481 4.34842 4.35018 4.37558 4.39247 4.43293 4.45881 4.4735 4.50203 4.51581 4.53855 4.55077 4.56327 4.59168 4.60487 4.61491 4.64719 4.67333 4.68922 4.70941 4.72705 4.76167 4.77388 4.81887 4.84401 4.86843 4.89379 4.9188 4.94313 4.96046 4.98046 5.00222 5.02422 5.04794 5.07452 5.09018 5.11201 5.13223 5.15013 5.16529 5.18657 5.20173 5.21064 5.22317 5.25908 5.28704 
1.5 1.5 1.5 1.5 1.5 1.5 1.5 1.5 1.5 1.5 2 1.45516 1.48622 1.51676 1.54731 1.57626 1.60565 1.63464 1.66427 1.6902 1.72242 3.29434 3.28141 3.32454 3.44316 3.42191 3.46854 3.62441 3.68481 3.84246 3.93161 4.04377 4.16731 4.20722 4.20789 4.25212 4.28631 4.31318 4.34377 4.38028 4.40488 4.42698 4.43838 4.45996 4.48078 4.49947 4.51914 4.54126 4.55256 4.56764 4.60282 4.6303 4.65175 4.67716 4.69515 4.72289 4.75309 4.76661 4.80904 4.83823 4.8666 4.89225 4.91413 4.93622 4.96132 4.98842 5.01231 5.03308 5.05949 5.08291 5.10108 5.12429 5.14475 5.16322 5.17885 5.19986 5.21651 5.22868 5.24024 5.26814 5.28872 
1.5 1.5 1.5 1.5 1.5 1.5 1.5 1.5 1.5 1.5 2 1.42526 1.45407 1.48256 1.51 1.53704 1.56367 1.58938 1.6165 1.64092 3.27944 3.20955 3.2106 3.33059 3.43319 3.53053 3.66469 3.79313 3.88771 3.93302 3.97234 4.03898 4.14514 4.35657 4.23906 4.28439 4.3337 4.35783 4.37536 4.39345 4.41214 4.42891 4.44879 4.46793 4.47967 4.50278 4.52143 4.53438 4.55722 4.58749 4.61262 4.64111 4.66434 4.68172 4.70451 4.7407 4.75748 4.79167 4.82179 4.84781 4.876 4.90455 4.93369 4.96149 4.98792 5.0139 5.03785 5.06325 5.08838 5.10919 5.13287 5.15436 5.17376 5.19005 5.20495 5.22617 5.24138 5.25198 5.26867 5.29322 5.31329 
1.5 1.5 1.5 1.5 1.5 1.5 1.5 1.5 1.5 1.5 2 1.37518 1.40492 1.43463 1.46341 1.49078 1.51878 1.54622 1.57439 1.60173 3.73055 3.635 3.72363 3.82691 3.91964 3.98952 4.04716 4.10186 4.1292 4.17916 4.20495 4.25178 4.34882 4.44587 4.32122 4.34715 4.38424 4.41771 4.39789 4.41263 4.42088 4.4379 4.44026 4.45536 4.47515 4.49466 4.5184 4.54224 4.56746 4.59457 4.61597 4.64407 4.66452 4.68947 4.72133 4.74116 4.77485 4.80492 4.83345 4.86255 4.89416 4.92249 4.94915 4.97532 5.00071 5.02726 5.05344 5.08107 5.0995 5.12618 5.14734 5.16805 5.18899 5.20804 5.22434 5.24437 5.25915 5.27133 5.29041 5.31237 5.33676 
1.5 1.5 1.5 1.5 1.5 1.5 1.5 1.5 1.5 1.5 2 1.40509 1.43246 1.46209 1.49122 1.5191 1.54693 1.57429 1.60172 1.62822 1.65695 1.68117 3.93515 4.02717 4.05197 4.08522 4.11006 4.17747 4.23697 4.28405 4.29631 4.33406 4.37499 4.34564 4.33258 4.35653 4.37173 4.40928 4.39155 4.40054 4.41468 4.42766 4.4423 4.46229 4.49372 4.51049 4.53202 4.56607 4.58826 4.61252 4.62958 4.65494 4.68216 4.70634 4.73246 4.76467 4.79347 4.81984 4.84624 4.87158 4.90008 4.92539 4.95049 4.97634 5.0018 5.02603 5.0492 5.07256 5.09671 5.11848 5.14087 5.16015 5.18001 5.19899 5.21644 5.23497 5.25225 5.26802 5.28703 5.30811 5.33082 
1.5 1.5 1.5 1.5 1.5 1.5 1.5 1.5 1.5 1.5 2 1.40326 1.43197 1.4619 1.48912 1.51881 1.54698 1.57436 1.60246 1.62984 1.6592 1.68551 1.71262 1.74057 4.10921 4.12416 4.16653 4.20182 4.30304 4.32147 4.32398 4.33268 4.33233 4.33588 4.33823 4.35404 4.37374 4.41206 4.41373 4.42399 4.44883 4.45904 4.4847 4.50297 4.52999 4.55402 4.57603 4.59536 4.61443 4.64417 4.6642 4.68881 4.71157 4.7403 4.76744 4.7922 4.81739 4.8423 4.8671 4.89295 4.91815 4.94196 4.96551 4.98779 5.01213 5.03223 5.05524 5.07667 5.09742 5.11739 5.13832 5.15886 5.17439 5.1905 5.2052 5.21988 5.23606 5.2569 5.27766 5.29187 5.31603 
1.5 1.5 1.5 1.5 1.5 1.5 1.5 1.5 1.5 1.5 2 1.40942 1.43834 1.46887 1.49933 1.52787 1.55515 1.58256 1.61154 1.63954 1.66933 1.69749 1.72663 4.14979 4.20069 4.19881 4.21904 4.29153 4.28877 4.29492 4.31999 4.33565 4.35701 4.37899 4.3991 4.4289 4.45377 4.48853 4.49108 4.50497 4.52657 4.55133 4.57434 4.59602 4.62164 4.63617 4.65559 4.67738 4.69842 4.72294 4.74123 4.76591 4.7888 4.81185 4.83421 4.85634 4.87886 4.90255 4.92593 4.94882 4.96971 4.99102 5.01255 5.03457 5.056 5.07579 5.09567 5.11518 5.13367 5.15186 5.17107 5.18752 5.2036 5.21948 5.23496 5.24617 5.26119 5.28218 5.29785 5.31317 5.33518 
1.5 1.5 1.5 1.5 1.5 1.5 1.5 1.5 1.5 1.5 2 1.4222 1.44918 1.47848 1.51087 1.53897 1.56656 1.59553 1.62205 1.65031 1.67939 1.70607 4.18524 4.18976 4.22823 4.29178 4.25101 4.29658 4.32111 4.34452 4.40201 4.43477 4.45667 4.47756 4.49621 4.52457 4.54932 4.56387 4.5825 4.60647 4.63243 4.65112 4.66983 4.68893 4.7107 4.72761 4.74621 4.7664 4.78909 4.8116 4.82916 4.84757 4.86584 4.88476 4.90629 4.92334 4.94281 4.96185 4.98043 4.99867 5.01767 5.03647 5.05499 5.07358 5.09208 5.10987 5.12861 5.14645 5.16378 5.18124 5.1989 5.21506 5.23269 5.25268 5.26523 5.27685 5.29548 5.30524 5.31746 5.33215 5.35233 
1.5 1.5 1.5 1.5 1.5 1.5 1.5 1.5 1.5 1.5 2 1.42487 1.45481 1.48853 1.51876 1.54734 1.57709 1.60463 1.63537 1.6638 1.69308 1.72223 4.31702 4.31276 4.3721 4.40564 4.37375 4.42442 4.43493 4.47663 4.50652 4.53049 4.54432 4.56492 4.58731 4.60442 4.6206 4.6459 4.66614 4.6836 4.70581 4.72498 4.74198 4.75871 4.77902 4.79818 4.81986 4.8381 4.8547 4.87255 4.8878 4.90412 4.92058 4.93727 4.95385 4.97032 4.98723 5.00404 5.02014 5.03622 5.05255 5.06911 5.08553 5.10239 5.11872 5.13461 5.1509 5.16668 5.18292 5.1986 5.21437 5.22933 5.24482 5.25907 5.27261 5.28319 5.29962 5.3141 5.33216 5.34118 5.36082 
1.5 1.5 1.5 1.5 1.5 1.5 1.5 1.5 1.5 1.5 2 1.47236 1.50051 1.53266 1.56737 1.59802 1.62842 1.65845 1.68956 1.71983 1.74918 1.77928 1.81579 4.34946 4.43402 4.36172 4.39832 4.43697 4.47475 4.50125 4.53231 4.55329 4.57247 4.59427 4.61516 4.64098 4.6674 4.69006 4.71085 4.73006 4.75113 4.77078 4.79228 4.81406 4.837 4.8515 4.87051 4.88502 4.90128 4.9181 4.93226 4.94754 4.96231 4.97723 4.99181 5.00582 5.01924 5.03283 5.04621 5.05955 5.07287 5.08663 5.10011 5.11399 5.12759 5.14064 5.15416 5.16785 5.18204 5.19619 5.21078 5.22487 5.23858 5.25228 5.26735 5.27557 5.29204 5.30963 5.32716 5.33638 5.3626 
1.5 1.5 1.5 1.5 1.5 1.5 1.5 1.5 1.5 1.5 2 1.50242 1.5344 1.56919 1.60257 1.63469 1.66645 1.69843 1.72995 1.7614 1.79271 1.82428 1.86306 4.39412 4.39344 4.43589 4.46659 4.50136 4.52321 4.55088 4.57816 4.60269 4.62745 4.65264 4.67495 4.70068 4.7229 4.74493 4.76756 4.78897 4.81139 4.83052 4.84807 4.86536 4.8845 4.89859 4.91455 4.93049 4.94447 4.95914 4.97163 4.98467 5.00057 5.00969 5.02196 5.03397 5.04588 5.05765 5.06938 5.08115 5.09303 5.10529 5.11729 5.12988 5.14196 5.15411 5.16647 5.17907 5.19227 5.20531 5.21891 5.23236 5.24583 5.25899 5.27217 5.28271 5.29821 5.31349 5.3293 5.33688 5.36828 
1.5 1.5 1.5 1.5 1.5 1.5 1.5 1.5 1.5 1.5 2 1.54017 1.57438 1.60918 1.64337 1.67662 1.70942 1.74278 1.77632 1.8085 1.84153 1.87425 1.91295 1.94388 1.97264 4.50938 4.5081 4.54723 4.57324 4.59852 4.62034 4.64112 4.66233 4.68416 4.70405 4.72625 4.74691 4.76684 4.78616 4.80376 4.82219 4.83922 4.85583 4.87194 4.88867 4.90159 4.91531 4.92905 4.94489 4.95443 4.96605 4.9781 4.98955 5.001 5.01242 5.02373 5.03482 5.04581 5.05664 5.068 5.07919 5.09053 5.10215 5.114 5.12544 5.13731 5.14907 5.16114 5.17377 5.18599 5.19881 5.21167 5.22483 5.23728 5.24933 5.26178 5.27562 5.29004 5.3044 5.30889 5.33917 
1.5 1.5 1.5 1.5 1.5 1.5 1.5 1.5 1.5 1.5 2 1.57697 1.61217 1.6486 1.68405 1.71857 1.75376 1.78769 1.82188 1.85639 1.89023 1.92414 1.96056 1.99528 2.02776 2.06092 4.5748 4.59753 4.61465 4.63364 4.65311 4.67224 4.6904 4.70839 4.72553 4.74376 4.76093 4.77789 4.79439 4.81298 4.82538 4.84023 4.8549 4.86927 4.8839 4.89646 4.90923 4.92228 4.93414 4.94653 4.95821 4.97028 4.98178 4.99343 5.00492 5.01609 5.02713 5.03812 5.04917 5.06045 5.07166 5.08374 5.09408 5.10549 5.11664 5.12825 5.13947 5.15118 5.16322 5.17486 5.18696 5.19932 5.21112 5.22343 5.23496 5.248 5.25978 5.27615 5.2876 5.29298 5.31759 
1.5 1.5 1.5 1.5 1.5 1.5 1.5 1.5 1.5 1.5 2 1.61341 1.6509 1.68736 1.72374 1.75996 1.79646 1.83161 1.86791 1.90352 1.93845 1.9739 2.00695 2.04458 4.59452 4.60634 4.62215 4.64189 4.65793 4.67458 4.69127 4.70775 4.72407 4.7404 4.75611 4.77253 4.78843 4.80395 4.81905 4.83615 4.84826 4.86252 4.8767 4.89056 4.90462 4.91722 4.92956 4.94259 4.95469 4.96717 4.97886 4.99073 5.00229 5.01389 5.02542 5.0366 5.0478 5.05891 5.07 5.08129 5.09234 5.10335 5.11456 5.12584 5.13708 5.14854 5.15982 5.17133 5.18318 5.19483 5.20679 5.21903 5.23096 5.24286 5.2551 5.2672 5.27942 5.29403 5.30365 5.31374 5.33375 
1.5 1.5 1.5 1.5 1.5 1.5 1.5 1.5 1.5 1.5 2 1.64616 1.68497 1.72279 1.76054 1.79825 1.83581 1.87335 1.91003 1.94777 1.98449 2.02158 2.05542 4.59404 4.61101 4.62811 4.64231 4.65851 4.67284 4.68799 4.70309 4.7183 4.73342 4.74829 4.76319 4.7784 4.79289 4.80743 4.82164 4.83524 4.8495 4.86328 4.87686 4.89019 4.9038 4.91642 4.92916 4.94186 4.95427 4.96712 4.97907 4.99109 5.00285 5.01522 5.02799 5.03882 5.0505 5.06215 5.07377 5.08546 5.09678 5.10821 5.11981 5.13123 5.14277 5.1542 5.16566 5.17709 5.18863 5.20019 5.21183 5.2239 5.23575 5.24662 5.25921 5.27059 5.2823 5.29443 5.30381 5.31644 5.32971 
1.5 1.5 1.5 1.5 1.5 1.5 1.5 1.5 1.5 1.5 2 1.67722 1.71712 1.75679 1.79538 1.8349 1.8738 1.91289 1.95119 1.99041 2.02834 2.06665 2.10368 2.14085 2.18003 4.61431 4.62609 4.63872 4.65152 4.66474 4.67829 4.69176 4.70528 4.71852 4.73181 4.74534 4.75836 4.77159 4.78468 4.79748 4.81087 4.82394 4.83684 4.84963 4.8628 4.87535 4.88807 4.90057 4.91299 4.92619 4.93837 4.95065 4.96345 4.97532 4.98753 4.99988 5.01212 5.02417 5.03627 5.04838 5.06019 5.07201 5.08384 5.09563 5.10744 5.11925 5.13081 5.14241 5.15401 5.16559 5.17703 5.18869 5.2003 5.21132 5.22356 5.23499 5.24584 5.2575 5.26749 5.28075 5.28915 
1.5 1.5 1.5 1.5 1.5 1.5 1.5 1.5 1.5 1.5 2 1.7057 1.74662 1.7877 1.82851 1.86932 1.90933 1.94984 1.99001 2.03013 2.07059 2.1104 2.1499 2.19097 2.23261 2.27188 4.61 4.62009 4.63215 4.64516 4.65689 4.66952 4.68206 4.69443 4.7069 4.7196 4.73194 4.74455 4.75703 4.76921 4.78238 4.79507 4.80771 4.82018 4.83308 4.8456 4.85827 4.8708 4.8835 4.89643 4.90884 4.92133 4.93401 4.94667 4.9591 4.97174 4.98429 4.99672 5.0091 5.02153 5.03373 5.04584 5.058 5.07001 5.082 5.09389 5.10559 5.11736 5.12896 5.14061 5.15198 5.1636 5.17484 5.18645 5.19784 5.20974 5.21941 5.23191 5.24187 5.25589 5.2608 
1.5 1.5 1.5 1.5 1.5 1.5 1.5 1.5 1.5 1.5 2 1.73148 1.77331 1.81573 1.85811 1.8998 1.94135 1.98368 2.0251 2.0663 2.10831 2.14904 2.19072 2.23387 2.27635 2.31789 4.59771 4.60854 4.61987 4.63175 4.64382 4.65593 4.66803 4.6801 4.69176 4.7043 4.71633 4.7286 4.74095 4.7531 4.76603 4.77865 4.79111 4.80375 4.81643 4.82902 4.84181 4.85435 4.86705 4.8801 4.8925 4.90526 4.91803 4.93079 4.94334 4.95604 4.96864 4.98121 4.99362 5.00604 5.0184 5.03083 5.04289 5.05506 5.06706 5.07894 5.09071 5.10252 5.11422 5.12603 5.13733 5.14918 5.16012 5.17231 5.18319 5.19533 5.20477 5.21734 5.22838 5.24213 5.24636 
1.5 1.5 1.5 1.5 1.5 1.5 1.5 1.5 1.5 1.5 2 1.75386 1.79763 1.84052 1.88328 1.92638 1.96944 2.01202 2.05499 2.09724 2.14032 2.1826 2.22509 2.26881 2.30911 2.351 2.3948 4.58691 4.59759 4.60913 4.62114 4.6328 4.64463 4.65639 4.66804 4.68001 4.6919 4.704 4.7161 4.72823 4.7409 4.7533 4.76567 4.77814 4.79076 4.80324 4.81587 4.82844 4.84106 4.85386 4.86633 4.87902 4.89174 4.90439 4.91676 4.92943 4.94202 4.95446 4.96684 4.97923 4.99163 5.00392 5.01604 5.02817 5.04009 5.0521 5.06387 5.07568 5.08751 5.09928 5.11065 5.12241 5.13349 5.14574 5.15652 5.16874 5.17878 5.19047 5.20329 5.21555 5.2204 
1.5 1.5 1.5 1.5 1.5 1.5 1.5 1.5 1.5 1.5 2 1.77362 1.81826 1.86182 1.90547 1.9495 1.99367 2.03731 2.08101 2.12492 2.1684 2.21149 2.25525 2.29734 2.33847 2.38155 2.42762 4.57953 4.58989 4.60044 4.61304 4.62457 4.63615 4.64779 4.6592 4.67097 4.68267 4.69449 4.70654 4.71843 4.73085 4.74304 4.75529 4.76765 4.78002 4.79223 4.80463 4.817 4.82941 4.84205 4.85431 4.86677 4.87922 4.89158 4.90388 4.91618 4.92844 4.94074 4.95299 4.96516 4.97734 4.98944 5.00146 5.0135 5.02542 5.03733 5.04922 5.06099 5.07277 5.08456 5.09602 5.10765 5.11915 5.13125 5.14214 5.15446 5.16547 5.17622 5.19019 5.2015 5.20824 
1.5 1.5 1.5 1.5 1.5 1.5 1.5 1.5 1.5 1.5 2 1.79087 1.83609 1.88081 1.92655 1.97066 2.01555 2.06032 2.10472 2.1492 2.19374 2.23867 2.28313 2.32649 2.36878 4.5691 4.5808 4.59246 4.60407 4.61572 4.62733 4.63877 4.65023 4.66185 4.67334 4.68512 4.69704 4.709 4.72107 4.73295 4.74535 4.75756 4.76975 4.78214 4.79451 4.80665 4.81894 4.83129 4.84347 4.85595 4.86814 4.88043 4.89259 4.90475 4.91684 4.92892 4.94094 4.95299 4.96499 4.97691 4.98892 5.00077 5.01255 5.02443 5.03611 5.04788 5.05964 5.0713 5.08299 5.09466 5.10618 5.11759 5.12919 5.14112 5.15196 5.16412 5.17589 5.18613 5.20011 5.21121 5.21984 
1.5 1.5 1.5 1.5 1.5 1.5 1.5 1.5 1.5 1.5 2 1.8049 1.85057 1.89613 1.9425 1.98726 2.03297 2.07875 2.12366 2.16918 2.21455 2.26014 2.30558 2.35014 2.39438 2.43942 4.56223 4.57415 4.5873 4.59931 4.61084 4.62236 4.63389 4.64548 4.65708 4.66886 4.68057 4.69267 4.70484 4.71669 4.72902 4.74106 4.75327 4.76547 4.77766 4.78964 4.80179 4.81387 4.82596 4.83816 4.85001 4.86195 4.87386 4.88565 4.89748 4.90916 4.92079 4.93245 4.94416 4.95579 4.96742 4.97889 4.99039 5.00191 5.01343 5.02487 5.03642 5.04788 5.05928 5.07076 5.08218 5.09354 5.10508 5.11674 5.12795 5.13953 5.15181 5.16213 5.17477 5.18656 5.19708 
1.5 1.5 1.5 1.5 1.5 1.5 1.5 1.5 1.5 1.5 2 1.81643 1.86231 1.90871 1.95482 2.00163 2.04751 2.09378 2.13985 2.18674 2.23321 2.27921 2.32549 2.3714 2.41844 2.46425 2.51018 2.56085 4.56545 4.57746 4.58899 4.60059 4.61218 4.62371 4.63428 4.64665 4.65819 4.66964 4.68119 4.69294 4.70486 4.71673 4.72858 4.7405 4.75257 4.76431 4.77605 4.78791 4.79958 4.81133 4.82289 4.83449 4.84586 4.85729 4.86877 4.88009 4.89136 4.90256 4.91391 4.92509 4.93628 4.94742 4.9586 4.96971 4.98094 4.99211 5.00331 5.01455 5.02572 5.03702 5.0483 5.05962 5.07111 5.08231 5.09395 5.10503 5.11754 5.12808 5.13941 5.15197 5.16402 
1.5 1.5 1.5 1.5 1.5 1.5 1.5 1.5 1.5 1.5 2 1.82524 1.87162 1.91886 1.96525 2.01225 2.05874 2.10607 2.1533 2.20023 2.2466 2.29379 2.34082 2.38753 2.43551 2.48203 2.5297 2.57817 2.62494 4.56884 4.58043 4.59182 4.60341 4.61488 4.62621 4.6377 4.64899 4.66035 4.67169 4.68294 4.69469 4.7063 4.71798 4.72961 4.74119 4.7526 4.76413 4.77557 4.78691 4.79825 4.80956 4.82073 4.83186 4.84295 4.85399 4.86496 4.87579 4.88675 4.89756 4.90841 4.91918 4.92992 4.94069 4.9515 4.96245 4.97325 4.98419 4.99509 5.00604 5.01703 5.02814 5.03921 5.05055 5.06151 5.07316 5.08403 5.09624 5.10705 5.11758 5.13002 5.14331 
1.5 1.5 1.5 1.5 1.5 1.5 1.5 1.5 1.5 1.5 2 1.83175 1.87856 1.92607 1.97281 2.0199 2.06745 2.1144 2.16172 2.20938 2.25584 2.30322 2.35027 2.39739 2.44453 2.49254 2.5403 2.58697 4.57183 4.58418 4.59577 4.60698 4.61848 4.62978 4.64106 4.6523 4.66354 4.67474 4.68601 4.69741 4.70884 4.72026 4.73164 4.74296 4.75425 4.76549 4.77677 4.78785 4.79902 4.80988 4.8209 4.83178 4.84252 4.85331 4.86395 4.87463 4.88517 4.89575 4.90617 4.91664 4.92715 4.93752 4.94804 4.9585 4.96902 4.97959 4.99013 5.00083 5.01138 5.02211 5.03305 5.04392 5.05505 5.06583 5.07722 5.0879 5.09965 5.11086 5.1209 5.13249 5.14655 
1.5 1.5 1.5 1.5 1.5 1.5 1.5 1.5 1.5 1.5 2 1.83623 1.88337 1.9308 1.97785 2.02529 2.07271 2.11985 2.16739 2.21504 2.26215 2.30948 2.35675 2.40406 2.45143 2.49835 2.54594 2.59247 4.57775 4.58965 4.60122 4.61288 4.62417 4.63526 4.64653 4.65751 4.66849 4.67951 4.69048 4.70178 4.71281 4.7239 4.73501 4.74594 4.75679 4.76774 4.7786 4.78935 4.79998 4.81046 4.82121 4.83168 4.84211 4.85251 4.86277 4.87319 4.88337 4.89362 4.90382 4.91399 4.92421 4.93441 4.94458 4.9548 4.9652 4.97547 4.98581 4.99633 5.00682 5.0173 5.02809 5.03886 5.04981 5.06062 5.07175 5.08256 5.09376 5.10528 5.11531 5.12624 5.14036 
1.5 1.5 1.5 1.5 1.5 1.5 1.5 1.5 1.5 1.5 2 1.83892 1.88641 1.9337 1.98147 2.02854 2.07612 2.12326 2.17092 2.21834 2.26608 2.31322 2.36069 2.4082 2.45619 2.50272 2.54957 2.59587 4.58599 4.59691 4.60805 4.61966 4.63064 4.6415 4.65257 4.66308 4.67379 4.68462 4.69527 4.70623 4.7168 4.72753 4.73814 4.74866 4.75884 4.76953 4.77998 4.79032 4.80056 4.81058 4.82104 4.83115 4.84126 4.85135 4.86143 4.87148 4.88153 4.89157 4.90149 4.9116 4.92159 4.93167 4.94174 4.9519 4.96215 4.97238 4.9827 4.99321 5.00362 5.01421 5.02482 5.03565 5.04656 5.05736 5.06848 5.07936 5.09026 5.10184 5.11232 5.12285 5.13625 
1.5 1.5 1.5 1.5 1.5 1.5 1.5 1.5 1.5 1.5 2 1.8402 1.88789 1.93512 1.98241 2.03019 2.0773 2.12509 2.17257 2.2196 2.26787 2.31508 2.36258 2.41032 2.45755 2.50501 2.55233 2.59887 4.59385 4.60363 4.61433 4.6251 4.63564 4.64626 4.65708 4.66721 4.67764 4.68807 4.6984 4.70907 4.71905 4.7293 4.73954 4.74968 4.75933 4.76979 4.77975 4.78983 4.79981 4.80929 4.8196 4.82953 4.83946 4.84931 4.85927 4.86924 4.87913 4.88913 4.89905 4.90907 4.91912 4.92927 4.93943 4.9496 4.95987 4.97025 4.98074 4.99122 5.00181 5.0124 5.0232 5.03404 5.04498 5.05591 5.06706 5.07807 5.08891 5.10042 5.11148 5.12191 5.13424 
1.5 1.5 1.5 1.5 1.5 1.5 1.5 1.5 1.5 1.5 2 1.84102 1.88857 1.93586 1.98338 2.03106 2.07789 2.12622 2.17243 2.22101 2.26832 2.31588 2.36322 2.41089 2.45836 2.50574 2.55311 2.60002 2.64756 4.59392 4.60446 4.61466 4.62531 4.6357 4.64649 4.65637 4.66665 4.67682 4.68697 4.69746 4.70705 4.71698 4.72692 4.73674 4.74626 4.7565 4.76634 4.7762 4.78606 4.79541 4.80565 4.81549 4.82536 4.83516 4.84509 4.85506 4.86496 4.875 4.88507 4.89528 4.90542 4.91568 4.92598 4.9364 4.94684 4.9574 4.96798 4.97868 4.98948 5.0003 5.01112 5.02211 5.0332 5.04419 5.05539 5.06656 5.07747 5.08895 5.10038 5.11094 5.12227 
1.5 1.5 1.5 1.5 1.5 1.5 1.5 1.5 1.5 1.5 2 1.84124 1.88872 1.93588 1.98336 2.03095 2.07829 2.12589 2.17371 2.22128 2.26797 2.31605 2.36344 2.41114 2.45854 2.50616 2.55354 2.60074 2.64845 2.69593 2.74352 4.59024 4.60049 4.61076 4.62138 4.63097 4.64119 4.65131 4.66141 4.6718 4.68144 4.69137 4.70115 4.71103 4.72033 4.73057 4.74035 4.75014 4.75995 4.76927 4.77961 4.78938 4.79929 4.80923 4.81932 4.82936 4.83943 4.84966 4.85992 4.87014 4.8806 4.89099 4.90153 4.91221 4.92281 4.93355 4.94441 4.9552 4.96621 4.97713 4.98817 4.99929 5.01051 5.02164 5.03287 5.0441 5.05516 5.06659 5.07818 5.08916 5.09979 
1.5 1.5 1.5 1.5 1.5 1.5 1.5 1.5 1.5 1.5 2 1.84103 1.88828 1.93568 1.98319 2.0305 2.07825 2.12541 2.17375 2.22022 2.26866 2.31552 2.36317 2.41082 2.45829 2.50592 2.55339 2.60072 2.64821 2.69584 2.74335 4.58792 4.59812 4.6081 4.61865 4.62825 4.63829 4.64832 4.65843 4.66888 4.67835 4.68827 4.69811 4.70795 4.71716 4.72738 4.73719 4.74702 4.75684 4.76615 4.77655 4.78644 4.79647 4.80663 4.81673 4.82698 4.83718 4.84752 4.858 4.86844 4.87902 4.88964 4.90041 4.91112 4.92196 4.93294 4.94385 4.95489 4.96596 4.97715 4.98825 4.99956 5.01067 5.02201 5.03334 5.04459 5.05574 5.0673 5.07889 5.09016 5.1005 
1.5 1.5 1.5 1.5 1.5 1.5 1.5 1.5 1.5 1.5 2 1.84098 1.88807 1.93557 1.98315 2.0304 2.07835 2.12531 2.17346 2.22061 2.26837 2.31551 2.3632 2.41096 2.45836 2.506 2.55357 2.60095 2.64831 4.58673 4.59644 4.60647 4.61622 4.62638 4.63706 4.64649 4.65663 4.66663 4.67661 4.687 4.6964 4.70625 4.71607 4.72589 4.73528 4.74558 4.75557 4.76546 4.77546 4.78513 4.79569 4.80584 4.81611 4.82642 4.83676 4.84723 4.85774 4.86839 4.87908 4.8898 4.90057 4.91147 4.92241 4.93338 4.94449 4.95553 4.9667 4.9779 4.98913 5.00037 5.01164 5.02293 5.03424 5.04556 5.05689 5.06824 5.07949 5.09105 5.10252 5.11398 5.12434 
1.5 1.5 1.5 1.5 1.5 1.5 1.5 1.5 1.5 1.5 2 1.84087 1.88815 1.93562 1.98315 2.0306 2.07819 2.12588 2.17282 2.22061 2.26833 2.31576 2.36348 2.4111 2.45854 2.50618 2.55366 2.60124 2.64863 4.58067 4.59086 4.60144 4.61119 4.62134 4.63163 4.64162 4.65173 4.66182 4.67198 4.68235 4.69198 4.70194 4.71195 4.72196 4.73156 4.74201 4.75216 4.76231 4.77255 4.78237 4.79312 4.80347 4.81403 4.82451 4.8351 4.84581 4.85655 4.8673 4.87819 4.88909 4.90003 4.91109 4.92208 4.9332 4.94434 4.95551 4.96671 4.97794 4.98919 5.00046 5.01175 5.0231 5.03437 5.04576 5.05706 5.06848 5.0797 5.09113 5.10256 5.11398 5.12473 
1.5 1.5 1.5 1.5 1.5 1.5 1.5 1.5 1.5 1.5 2 1.84077 1.88833 1.93581 1.98334 2.03078 2.07829 2.12601 2.17309 2.22124 2.2687 2.31628 2.36404 2.41156 2.4592 2.50691 2.55451 2.6022 2.64981 2.69795 4.575 4.5857 4.59545 4.60566 4.61629 4.62609 4.63629 4.64647 4.65673 4.66723 4.67705 4.68712 4.69725 4.70748 4.71734 4.72795 4.7383 4.74863 4.75905 4.76926 4.78012 4.79069 4.80135 4.81201 4.82276 4.83361 4.84446 4.85541 4.86636 4.87732 4.88849 4.89957 4.91065 4.92175 4.93297 4.94411 4.95526 4.96644 4.97764 4.98885 5.00008 5.01143 5.02259 5.03398 5.04519 5.05661 5.06774 5.07908 5.09049 5.10179 5.11291 
1.5 1.5 1.5 1.5 1.5 1.5 1.5 1.5 1.5 1.5 2 1.84044 1.88808 1.93554 1.98286 2.03035 2.07766 2.12535 2.17278 2.22031 2.26771 2.31538 2.36275 2.41032 2.45771 2.50525 2.55279 2.60028 2.64771 2.69494 2.74165 4.57042 4.58004 4.59037 4.60116 4.61101 4.62142 4.63171 4.64198 4.65266 4.66274 4.67313 4.68341 4.69389 4.70393 4.71474 4.72531 4.73585 4.74646 4.7568 4.76777 4.77858 4.78935 4.8002 4.81111 4.822 4.83297 4.844 4.85502 4.86602 4.8772 4.88817 4.89924 4.9104 4.92147 4.93254 4.94373 4.95483 4.96594 4.97707 4.98821 4.99942 5.01056 5.02193 5.03302 5.04442 5.05563 5.06674 5.07803 5.08926 5.10082 
1.5 1.5 1.5 1.5 1.5 1.5 1.5 1.5 1.5 1.5 2 1.84174 1.8893 1.93695 1.98452 2.03247 2.08007 2.12781 2.1759 2.22369 2.27157 2.31951 2.36742 2.41556 2.4636 2.51149 2.55968 2.60772 2.65577 2.70438 2.75314 2.80256 4.55413 4.56448 4.57438 4.58515 4.59547 4.60588 4.61639 4.62704 4.63756 4.64822 4.65896 4.66967 4.68033 4.69152 4.70256 4.71367 4.72485 4.73605 4.74754 4.75895 4.77043 4.78198 4.79351 4.80512 4.8168 4.82846 4.8402 4.85182 4.86353 4.87513 4.88681 4.8984 4.91008 4.92157 4.93316 4.94466 4.95616 4.96768 4.97911 4.99054 5.00209 5.01346 5.02495 5.03614 5.04794 5.05874 5.07023 5.08159 5.09293 
