5
s 30 2 31
r 20 0.01 8 5.72948 0.01
r 22 0.01 8 5.18652 0.01
r 24 0.01 8 4.76146 0.01
r 26 0.01 8 3.86668 0.01
r 28 0.01 8 3.42632 0.01
r 30 0.01 8 3.07029 0.01
r 32 0.01 8 3.42985 0.01
r 34 0.01 8 3.76906 0.01
r 36 0.01 8 4.23523 0.01
r 38 0.01 8 4.72171 0.01
r 40 0.01 8 5.26123 0.01
r 42 0.01 8 5.77261 0.01
r 44 0.01 8 6.26828 0.01
r 46 0.01 8 6.69223 0.01
r 48 0.01 8 7.07992 0.01
r 50 0.01 8 7.57819 0.01
r 52 0.01 8 8.18917 0.01
r 54 0.01 8 8.72464 0.01
r 56 0.01 8 9.19685 0.01
r 58 0.01 8 9.67034 0.01
r 60 0.01 8 10.1264 0.01
r 62 0.01 8 10.5173 0.01
r 64 0.01 8 10.9474 0.01
r 66 0.01 8 11.4098 0.01
r 68 0.01 8 11.828 0.01
r 70 0.01 8 12.233 0.01
r 72 0.01 8 12.6663 0.01
r 74 0.01 8 13.1179 0.01
r 76 0.01 8 13.5324 0.01
r 78 0.01 8 13.9726 0.01
r 80 0.01 8 14.4249 0.01
s 40 2 31
r 20 0.01 8 7.5679 0.01
r 22 0.01 8 7.12436 0.01
r 24 0.01 8 6.69105 0.01
r 26 0.01 8 6.7308 0.01
r 28 0.01 8 5.80403 0.01
r 30 0.01 8 5.26079 0.01
r 32 0.01 8 4.74359 0.01
r 34 0.01 8 4.26984 0.01
r 36 0.01 8 3.93567 0.01
r 38 0.01 8 3.57541 0.01
r 40 0.01 8 3.22521 0.01
r 42 0.01 8 3.5638 0.01
r 44 0.01 8 4.04093 0.01
r 46 0.01 8 4.70111 0.01
r 48 0.01 8 5.18103 0.01
r 50 0.01 8 5.61535 0.01
r 52 0.01 8 6.3553 0.01
r 54 0.01 8 7.03339 0.01
r 56 0.01 8 7.08149 0.01
r 58 0.01 8 7.59375 0.01
r 60 0.01 8 8.05865 0.01
r 62 0.01 8 8.45878 0.01
r 64 0.01 8 8.90476 0.01
r 66 0.01 8 9.37936 0.01
r 68 0.01 8 9.78711 0.01
r 70 0.01 8 10.1902 0.01
r 72 0.01 8 10.6207 0.01
r 74 0.01 8 11.0872 0.01
r 76 0.01 8 11.5144 0.01
r 78 0.01 8 11.9584 0.01
r 80 0.01 8 12.3889 0.01
s 50 2 31
r 20 0.01 8 9.96071 0.01
r 22 0.01 8 9.54426 0.01
r 24 0.01 8 9.12501 0.01
r 26 0.01 8 8.74053 0.01
r 28 0.01 8 8.25782 0.01
r 30 0.01 8 7.67441 0.01
r 32 0.01 8 7.1696 0.01
r 34 0.01 8 6.86894 0.01
r 36 0.01 8 6.84789 0.01
r 38 0.01 8 6.17489 0.01
r 40 0.01 8 5.38766 0.01
r 42 0.01 8 4.80239 0.01
r 44 0.01 8 4.33464 0.01
r 46 0.01 8 4.04801 0.01
r 48 0.01 8 3.6477 0.01
r 50 0.01 8 3.32242 0.01
r 52 0.01 8 3.6505 0.01
r 54 0.01 8 4.18537 0.01
r 56 0.01 8 4.78693 0.01
r 58 0.01 8 5.30919 0.01
r 60 0.01 8 6.08236 0.01
r 62 0.01 8 6.6866 0.01
r 64 0.01 8 6.88947 0.01
r 66 0.01 8 7.38342 0.01
r 68 0.01 8 7.79394 0.01
r 70 0.01 8 8.20126 0.01
r 72 0.01 8 8.63173 0.01
r 74 0.01 8 9.09611 0.01
r 76 0.01 8 9.53094 0.01
r 78 0.01 8 9.98482 0.01
r 80 0.01 8 10.4436 0.01
s 60 2 31
r 20 0.01 8 12.2563 0.01
r 22 0.01 8 11.871 0.01
r 24 0.01 8 11.4644 0.01
r 26 0.01 8 11.1052 0.01
r 28 0.01 8 10.6831 0.01
r 30 0.01 8 10.2179 0.01
r 32 0.01 8 9.77337 0.01
r 34 0.01 8 9.34695 0.01
r 36 0.01 8 8.94355 0.01
r 38 0.01 8 8.53948 0.01
r 40 0.01 8 8.16744 0.01
r 42 0.01 8 7.74532 0.01
r 44 0.01 8 7.33485 0.01
r 46 0.01 8 7.02033 0.01
r 48 0.01 8 6.59457 0.01
r 50 0.01 8 6.35139 0.01
r 52 0.01 8 5.52488 0.01
r 54 0.01 8 4.7905 0.01
r 56 0.01 8 4.27449 0.01
r 58 0.01 8 3.73819 0.01
r 60 0.01 8 3.45373 0.01
r 62 0.01 8 3.72256 0.01
r 64 0.01 8 4.38508 0.01
r 66 0.01 8 4.8616 0.01
r 68 0.01 8 6.0052 0.01
r 70 0.01 8 6.03277 0.01
r 72 0.01 8 6.5386 0.01
r 74 0.01 8 7.07912 0.01
r 76 0.01 8 7.52209 0.01
r 78 0.01 8 8.01942 0.01
r 80 0.01 8 8.28088 0.01
s 70 2 31
r 20 0.01 8 14.4243 0.01
r 22 0.01 8 14.0407 0.01
r 24 0.01 8 13.6682 0.01
r 26 0.01 8 13.3102 0.01
r 28 0.01 8 12.8909 0.01
r 30 0.01 8 12.4248 0.01
r 32 0.01 8 11.9816 0.01
r 34 0.01 8 11.5606 0.01
r 36 0.01 8 11.1553 0.01
r 38 0.01 8 10.7632 0.01
r 40 0.01 8 10.4006 0.01
r 42 0.01 8 9.97204 0.01
r 44 0.01 8 9.56158 0.01
r 46 0.01 8 9.24797 0.01
r 48 0.01 8 8.82633 0.01
r 50 0.01 8 8.37408 0.01
r 52 0.01 8 7.89293 0.01
r 54 0.01 8 7.3745 0.01
r 56 0.01 8 6.78827 0.01
r 58 0.01 8 7.03313 0.01
r 60 0.01 8 6.39658 0.01
r 62 0.01 8 5.35608 0.01
r 64 0.01 8 4.84922 0.01
r 66 0.01 8 4.47478 0.01
r 68 0.01 8 4.08445 0.01
r 70 0.01 8 3.77196 0.01
r 72 0.01 8 4.0745 0.01
r 74 0.01 8 4.53645 0.01
r 76 0.01 8 5.18161 0.01
r 78 0.01 8 5.6481 0.01
r 80 0.01 8 5.83427 0.01
