5
s 30 2 31
r 20 0.01 8 5.16667 0.01
r 22 0.01 8 5.22311 0.01
r 24 0.01 8 4.76116 0.01
r 26 0.01 8 3.93783 0.01
r 28 0.01 8 3.55057 0.01
r 30 0.01 8 3.1794 0.01
r 32 0.01 8 3.52361 0.01
r 34 0.01 8 3.84769 0.01
r 36 0.01 8 4.26961 0.01
r 38 0.01 8 4.74976 0.01
r 40 0.01 8 5.26971 0.01
r 42 0.01 8 5.79012 0.01
r 44 0.01 8 6.30673 0.01
r 46 0.01 8 6.73999 0.01
r 48 0.01 8 7.17826 0.01
r 50 0.01 8 7.68181 0.01
r 52 0.01 8 8.18401 0.01
r 54 0.01 8 8.67538 0.01
r 56 0.01 8 9.1366 0.01
r 58 0.01 8 9.5927 0.01
r 60 0.01 8 10.0201 0.01
r 62 0.01 8 10.4644 0.01
r 64 0.01 8 10.9451 0.01
r 66 0.01 8 11.4154 0.01
r 68 0.01 8 11.8547 0.01
r 70 0.01 8 12.2711 0.01
r 72 0.01 8 12.6944 0.01
r 74 0.01 8 13.1247 0.01
r 76 0.01 8 13.5463 0.01
r 78 0.01 8 13.9705 0.01
r 80 0.01 8 14.3852 0.01
s 40 2 31
r 20 0.01 8 7.59268 0.01
r 22 0.01 8 7.13222 0.01
r 24 0.01 8 6.70137 0.01
r 26 0.01 8 6.82151 0.01
r 28 0.01 8 5.84047 0.01
r 30 0.01 8 5.32634 0.01
r 32 0.01 8 4.85232 0.01
r 34 0.01 8 4.38457 0.01
r 36 0.01 8 4.04639 0.01
r 38 0.01 8 3.69834 0.01
r 40 0.01 8 3.35824 0.01
r 42 0.01 8 3.70153 0.01
r 44 0.01 8 4.17558 0.01
r 46 0.01 8 4.5801 0.01
r 48 0.01 8 5.37832 0.01
r 50 0.01 8 5.85398 0.01
r 52 0.01 8 6.4571 0.01
r 54 0.01 8 6.51576 0.01
r 56 0.01 8 6.99371 0.01
r 58 0.01 8 7.46575 0.01
r 60 0.01 8 7.90051 0.01
r 62 0.01 8 8.36529 0.01
r 64 0.01 8 8.87449 0.01
r 66 0.01 8 9.35038 0.01
r 68 0.01 8 9.83636 0.01
r 70 0.01 8 10.2617 0.01
r 72 0.01 8 10.7096 0.01
r 74 0.01 8 11.1626 0.01
r 76 0.01 8 11.6125 0.01
r 78 0.01 8 12.0587 0.01
r 80 0.01 8 12.4902 0.01
s 50 2 31
r 20 0.01 8 9.97713 0.01
r 22 0.01 8 9.53769 0.01
r 24 0.01 8 9.11562 0.01
r 26 0.01 8 8.76402 0.01
r 28 0.01 8 8.28951 0.01
r 30 0.01 8 7.79344 0.01
r 32 0.01 8 7.33037 0.01
r 34 0.01 8 6.85579 0.01
r 36 0.01 8 6.44031 0.01
r 38 0.01 8 6.51847 0.01
r 40 0.01 8 5.56933 0.01
r 42 0.01 8 5.03733 0.01
r 44 0.01 8 4.54523 0.01
r 46 0.01 8 4.19109 0.01
r 48 0.01 8 3.67938 0.01
r 50 0.01 8 3.52874 0.01
r 52 0.01 8 3.85708 0.01
r 54 0.01 8 4.32166 0.01
r 56 0.01 8 4.76353 0.01
r 58 0.01 8 5.24392 0.01
r 60 0.01 8 7.08131 0.01
r 62 0.01 8 6.61878 0.01
r 64 0.01 8 6.63912 0.01
r 66 0.01 8 7.13211 0.01
r 68 0.01 8 7.65146 0.01
r 70 0.01 8 8.08618 0.01
r 72 0.01 8 8.55264 0.01
r 74 0.01 8 9.03272 0.01
r 76 0.01 8 9.50645 0.01
r 78 0.01 8 9.94951 0.01
r 80 0.01 8 10.416 0.01
s 60 2 31
r 20 0.01 8 12.2034 0.01
r 22 0.01 8 11.8001 0.01
r 24 0.01 8 11.3966 0.01
r 26 0.01 8 11.0325 0.01
r 28 0.01 8 10.6029 0.01
r 30 0.01 8 10.1308 0.01
r 32 0.01 8 9.6927 0.01
r 34 0.01 8 9.23778 0.01
r 36 0.01 8 8.84114 0.01
r 38 0.01 8 8.38875 0.01
r 40 0.01 8 7.95744 0.01
r 42 0.01 8 7.45928 0.01
r 44 0.01 8 6.96572 0.01
r 46 0.01 8 9.16836 0.01
r 48 0.01 8 8.51806 0.01
r 50 0.01 8 5.65375 0.01
r 52 0.01 8 5.16471 0.01
r 54 0.01 8 4.67922 0.01
r 56 0.01 8 4.1986 0.01
r 58 0.01 8 3.86259 0.01
r 60 0.01 8 3.52931 0.01
r 62 0.01 8 3.78589 0.01
r 64 0.01 8 4.38202 0.01
r 66 0.01 8 4.84703 0.01
r 68 0.01 8 5.49553 0.01
r 70 0.01 8 6.02919 0.01
r 72 0.01 8 6.52781 0.01
r 74 0.01 8 7.04147 0.01
r 76 0.01 8 7.56336 0.01
r 78 0.01 8 8.00965 0.01
r 80 0.01 8 8.17943 0.01
s 70 2 31
r 20 0.01 8 14.4247 0.01
r 22 0.01 8 14.0385 0.01
r 24 0.01 8 13.6687 0.01
r 26 0.01 8 13.3263 0.01
r 28 0.01 8 12.9332 0.01
r 30 0.01 8 12.4876 0.01
r 32 0.01 8 12.0739 0.01
r 34 0.01 8 11.6574 0.01
r 36 0.01 8 11.2555 0.01
r 38 0.01 8 10.838 0.01
r 40 0.01 8 10.4251 0.01
r 42 0.01 8 9.95525 0.01
r 44 0.01 8 9.47807 0.01
r 46 0.01 8 9.05118 0.01
r 48 0.01 8 8.62199 0.01
r 50 0.01 8 8.18897 0.01
r 52 0.01 8 7.72222 0.01
r 54 0.01 8 7.25486 0.01
r 56 0.01 8 7.07698 0.01
r 58 0.01 8 6.66056 0.01
r 60 0.01 8 7.17646 0.01
r 62 0.01 8 5.39158 0.01
r 64 0.01 8 4.9225 0.01
r 66 0.01 8 4.48908 0.01
r 68 0.01 8 4.0213 0.01
r 70 0.01 8 3.84823 0.01
r 72 0.01 8 4.13949 0.01
r 74 0.01 8 4.58909 0.01
r 76 0.01 8 5.03709 0.01
r 78 0.01 8 5.4701 0.01
r 80 0.01 8 5.95931 0.01
