63 81 1.5 0.33
0 2 4 6 8 10 12 14 16 18 20 22 24 26 28 30 32 34 36 38 40 42 44 46 48 50 52 54 56 58 60 62 64 66 68 70 72 74 76 78 80 82 84 86 88 90 92 94 96 98 100 102 104 106 108 110 112 114 116 118 120 122 124 
0 0 0 0 0 0 0 0 0 0 0 0 0 0 0 0 0 0 0 0 0 0 0 0 0 0 0 0 0 0 0 0 0 0 0 0 0 0 0 0 0 0 0 0 0 0 0 0 0 0 0 0 0 0 0 0 0 0 0 0 0 0 0 
0 0.2 0.4 0.6 0.8 1 1.2 1.4 1.6 1.8 2 2.2 2.4 2.6 2.8 3 3.2 3.4 3.6 3.8 4 4.2 4.4 4.6 4.8 5 5.2 5.4 5.6 5.8 6 6.2 6.4 6.6 6.8 7 7.2 7.4 7.6 7.8 8 8.2 8.4 8.6 8.8 9 9.2 9.4 9.6 9.8 10 10.2 10.4 10.6 10.8 11 11.2 11.4 11.6 11.8 12 12.2 12.4 12.6 12.8 13 13.2 13.4 13.6 13.8 14 14.2 14.4 14.6 14.8 15 15.2 15.4 15.6 15.8 16 
1.5 1.5 1.5 1.5 1.5 1.5 1.5 1.5 1.5 1.5 2 1.78372 4.13394 4.14544 4.15774 4.16882 4.17973 4.19103 4.20108 4.21166 4.22214 4.23213 4.24164 4.25162 4.26119 4.2705 4.2796 4.28792 4.29719 4.30573 4.31407 4.32219 4.33016 4.33795 4.34679 4.3531 4.36046 4.36772 4.37486 4.38303 4.3887 4.39571 4.40246 4.4093 4.41492 4.42282 4.42978 4.43661 4.44356 4.44938 4.4576 4.46499 4.47229 4.47977 4.48741 4.49506 4.50311 4.51113 4.51942 4.52779 4.53625 4.54514 4.55392 4.56296 4.57216 4.5815 4.59117 4.60075 4.61061 4.62047 4.63031 4.64072 4.6509 4.6616 4.67154 4.68261 4.69286 4.70326 4.71489 4.72502 4.73307 
1.5 1.5 1.5 1.5 1.5 1.5 1.5 1.5 1.5 1.5 2 1.76382 1.81765 4.14641 4.15778 4.16866 4.1794 4.19046 4.20023 4.21058 4.22072 4.23039 4.23945 4.24913 4.25825 4.26717 4.27587 4.28374 4.29274 4.30095 4.309 4.31677 4.32446 4.33201 4.34061 4.34672 4.35397 4.36112 4.36821 4.37635 4.38208 4.38915 4.39593 4.40289 4.40877 4.41684 4.42402 4.43109 4.4383 4.44447 4.4529 4.46051 4.46809 4.47588 4.48377 4.49162 4.49984 4.50797 4.51642 4.52489 4.53332 4.54222 4.55094 4.55901 4.569 4.57816 4.58752 4.59694 4.6058 4.61613 4.62579 4.63603 4.64585 4.65565 4.66643 4.67709 4.68649 4.69834 4.70757 4.71742 4.72906 
1.5 1.5 1.5 1.5 1.5 1.5 1.5 1.5 1.5 1.5 2 1.75164 1.78061 1.83224 4.15072 4.16175 4.17333 4.18363 4.19334 4.20364 4.21378 4.22393 4.23245 4.24201 4.25113 4.25998 4.26889 4.2762 4.28511 4.29322 4.30118 4.30805 4.31656 4.32407 4.33167 4.33872 4.34488 4.35314 4.36031 4.36742 4.37444 4.38234 4.38863 4.39572 4.40236 4.41004 4.41745 4.42476 4.4322 4.43895 4.44729 4.45517 4.46295 4.471 4.47839 4.48735 4.4959 4.50442 4.51307 4.521 4.53053 4.53972 4.54873 4.55791 4.5664 4.57644 4.58603 4.59561 4.6052 4.61401 4.62433 4.63457 4.64453 4.65456 4.66381 4.6748 4.68537 4.69642 4.7053 4.71275 4.72686 
1.5 1.5 1.5 1.5 1.5 1.5 1.5 1.5 1.5 1.5 2 1.718 1.75548 1.80571 4.15241 4.16293 4.17409 4.18498 4.19447 4.20532 4.21476 4.22436 4.23338 4.243 4.25242 4.26089 4.26951 4.27711 4.28609 4.29443 4.30225 4.31021 4.31803 4.32572 4.3334 4.34082 4.34831 4.35582 4.36332 4.37068 4.37824 4.38639 4.3932 4.40073 4.40764 4.4159 4.42402 4.43141 4.43926 4.4464 4.45514 4.46252 4.47141 4.47972 4.48729 4.49662 4.50453 4.51404 4.52183 4.53074 4.54056 4.54891 4.55895 4.56818 4.57756 4.5868 4.59549 4.60603 4.61469 4.62539 4.63504 4.64409 4.65551 4.66388 4.67631 4.68536 4.69511 4.70692 4.71453 4.72882 4.7375 
1.5 1.5 1.5 1.5 1.5 1.5 1.5 1.5 1.5 1.5 2 1.69103 1.7281 1.7915 4.1551 4.16503 4.1765 4.18813 4.19746 4.20798 4.21704 4.22663 4.23685 4.24634 4.25486 4.26316 4.27183 4.28044 4.28936 4.29671 4.30449 4.31259 4.32058 4.3284 4.33708 4.34383 4.35151 4.35896 4.36666 4.37579 4.38263 4.39109 4.39789 4.40573 4.41346 4.42244 4.43092 4.43836 4.44656 4.455 4.46426 4.47223 4.48086 4.48956 4.49934 4.5082 4.51665 4.52578 4.53479 4.54484 4.55403 4.56272 4.57208 4.5823 4.59186 4.60133 4.6103 4.62002 4.63073 4.64051 4.65032 4.65946 4.66986 4.68104 4.69202 4.70144 4.71213 4.72114 4.73388 4.74401 4.75409 
1.5 1.5 1.5 1.5 1.5 1.5 1.5 1.5 1.5 1.5 2 1.65425 1.69349 4.1546 4.16491 4.1762 4.18743 4.198 4.20814 4.21762 4.2281 4.23774 4.24715 4.25661 4.26568 4.27488 4.28382 4.2923 4.30108 4.30951 4.31792 4.3264 4.3348 4.34319 4.35245 4.35982 4.36812 4.37653 4.38488 4.39419 4.40192 4.4106 4.41916 4.4279 4.43585 4.44544 4.4545 4.46346 4.47248 4.4812 4.49084 4.50031 4.50961 4.51901 4.5285 4.53782 4.54753 4.55711 4.56664 4.57632 4.5859 4.59572 4.60535 4.61519 4.62492 4.63469 4.64483 4.65468 4.66478 4.67456 4.68454 4.69489 4.70542 4.71577 4.72631 4.73627 4.7479 4.75666 4.76849 4.77837 4.78905 
1.5 1.5 1.5 1.5 1.5 1.5 1.5 1.5 1.5 1.5 2 1.6156 1.65976 4.15203 4.16269 4.17338 4.18456 4.19689 4.20587 4.21529 4.22575 4.23552 4.24486 4.25589 4.26407 4.27358 4.28285 4.29127 4.30104 4.31009 4.31887 4.32787 4.33689 4.346 4.35498 4.36416 4.37315 4.38252 4.39172 4.40061 4.41044 4.41988 4.42945 4.43893 4.44817 4.45825 4.46817 4.47801 4.48781 4.49747 4.50767 4.51781 4.52783 4.53782 4.54791 4.5578 4.56801 4.57737 4.588 4.59816 4.60812 4.61832 4.62826 4.63834 4.64856 4.65865 4.66899 4.67834 4.68945 4.69974 4.71002 4.72064 4.73119 4.74213 4.75265 4.76322 4.77456 4.78419 4.79548 4.80704 4.81767 
1.5 1.5 1.5 1.5 1.5 1.5 1.5 1.5 1.5 1.5 2 1.57503 1.61199 1.63555 1.66472 4.14056 4.15153 4.1634 4.17573 4.18555 4.19527 4.20553 4.21563 4.22559 4.23618 4.24598 4.25595 4.2655 4.27586 4.28553 4.29542 4.30531 4.31491 4.32534 4.33514 4.34555 4.3557 4.36604 4.37637 4.38618 4.3972 4.40782 4.41844 4.42907 4.43948 4.45039 4.46124 4.47209 4.48282 4.49353 4.5044 4.51475 4.52612 4.53686 4.54759 4.55811 4.56815 4.57956 4.59005 4.60068 4.61115 4.62113 4.6322 4.64279 4.65332 4.66393 4.67461 4.68522 4.69592 4.7065 4.71729 4.72835 4.73897 4.75066 4.76089 4.77248 4.78332 4.79425 4.8048 4.81751 4.82909 
1.5 1.5 1.5 1.5 1.5 1.5 1.5 1.5 1.5 1.5 2 1.5355 1.57069 1.59247 1.62587 1.66393 4.12144 4.13604 4.15143 4.16409 4.17306 4.18422 4.19511 4.20715 4.21784 4.22865 4.23985 4.25118 4.26282 4.27341 4.28468 4.29584 4.30721 4.31788 4.32942 4.34145 4.35296 4.36461 4.37625 4.38715 4.39961 4.41142 4.42328 4.43507 4.44693 4.4586 4.47054 4.48159 4.49414 4.50588 4.51745 4.52923 4.54023 4.55233 4.56363 4.57487 4.58632 4.59689 4.60858 4.61964 4.63065 4.64186 4.65273 4.66376 4.67468 4.6856 4.69652 4.70758 4.71852 4.7295 4.74065 4.75206 4.76294 4.77488 4.78374 4.7975 4.80784 4.81991 4.82996 4.84369 4.85614 
1.5 1.5 1.5 1.5 1.5 1.5 1.5 1.5 1.5 1.5 2 1.49738 1.53095 1.55249 1.5886 1.62164 4.09202 4.11269 4.12664 4.14417 4.1548 4.16751 4.18023 4.19257 4.20599 4.21886 4.23204 4.24632 4.25927 4.27256 4.28597 4.29928 4.31274 4.32617 4.33908 4.35315 4.36653 4.37999 4.39345 4.40659 4.41978 4.43287 4.4461 4.45894 4.47244 4.4848 4.49764 4.51049 4.52297 4.53458 4.54778 4.5602 4.57238 4.58412 4.59606 4.60845 4.62045 4.63226 4.64375 4.65531 4.66679 4.67839 4.68976 4.70036 4.71252 4.72394 4.73512 4.74643 4.75708 4.76905 4.78042 4.79211 4.80339 4.81537 4.82692 4.8385 4.84943 4.86132 4.87269 4.88532 4.89769 
1.5 1.5 1.5 1.5 1.5 1.5 1.5 1.5 1.5 1.5 2 1.46128 1.49315 1.52026 1.54825 4.06491 4.07601 4.08741 4.10608 4.12206 4.1402 4.15554 4.17083 4.18539 4.20069 4.21641 4.2327 4.24975 4.26588 4.28234 4.29856 4.31467 4.33059 4.34603 4.36197 4.37796 4.39399 4.40924 4.42474 4.43996 4.45483 4.47029 4.48443 4.49959 4.51361 4.52827 4.54239 4.5563 4.56987 4.58394 4.59667 4.60994 4.62279 4.63579 4.64841 4.66091 4.67349 4.68587 4.69783 4.70978 4.72158 4.73352 4.74534 4.75715 4.76883 4.78038 4.79188 4.80341 4.81495 4.82637 4.83786 4.84977 4.86152 4.87305 4.88549 4.89639 4.90795 4.91926 4.93171 4.94308 4.95448 
1.5 1.5 1.5 1.5 1.5 1.5 1.5 1.5 1.5 1.5 2 1.42609 1.45646 1.48859 1.51414 4.0225 4.00316 4.05096 4.08415 4.10338 4.1183 4.13526 4.15331 4.17015 4.18858 4.20669 4.22651 4.25005 4.26765 4.28718 4.30661 4.32586 4.34497 4.36422 4.38212 4.40183 4.42013 4.43851 4.45633 4.47336 4.49078 4.50732 4.52395 4.53977 4.55709 4.57097 4.58591 4.60048 4.61463 4.62917 4.64215 4.65569 4.66874 4.68186 4.69472 4.70719 4.71992 4.73227 4.7444 4.75643 4.76857 4.78075 4.79257 4.80456 4.81636 4.8281 4.8398 4.85153 4.86334 4.87502 4.88662 4.89881 4.9107 4.92304 4.93559 4.94706 4.95834 4.97148 4.98236 4.99447 5.00286 
1.5 1.5 1.5 1.5 1.5 1.5 1.5 1.5 1.5 1.5 2 1.39442 1.42341 1.45413 1.47526 3.93727 3.91149 3.92755 3.97626 4.03795 4.07091 4.09308 4.1169 4.139 4.16332 4.18586 4.2109 4.24483 4.26603 4.29221 4.31653 4.33983 4.36299 4.38609 4.40702 4.43067 4.45226 4.47364 4.494 4.5134 4.53312 4.55145 4.56969 4.58705 4.60598 4.62038 4.63614 4.65137 4.66588 4.68101 4.694 4.7076 4.72087 4.7338 4.74667 4.7589 4.77165 4.78408 4.79606 4.80797 4.82015 4.83228 4.84429 4.85638 4.86828 4.88015 4.89198 4.9038 4.91566 4.92746 4.93913 4.9513 4.96365 4.97608 4.98878 5.00085 5.01171 5.02488 5.03681 5.04953 5.05696 
1.5 1.5 1.5 1.5 1.5 1.5 1.5 1.5 1.5 1.5 2 1.36766 1.39537 1.42406 1.44841 1.46171 3.84084 3.73245 3.79823 3.90618 3.98301 4.01936 4.05399 4.08156 4.11136 4.14313 4.17529 4.22272 4.24611 4.2813 4.31471 4.34484 4.37426 4.40246 4.42723 4.45483 4.48003 4.50462 4.52721 4.54908 4.57135 4.59155 4.61117 4.6299 4.6498 4.66502 4.68141 4.69706 4.71224 4.72791 4.74043 4.75376 4.76679 4.7795 4.79196 4.80377 4.81592 4.82773 4.8393 4.85081 4.86243 4.8741 4.88576 4.89758 4.90943 4.92131 4.93324 4.94511 4.95719 4.96916 4.9811 4.99325 5.00613 5.01869 5.03165 5.04428 5.0554 5.06823 5.08238 5.09557 5.102 
1.5 1.5 1.5 1.5 1.5 1.5 1.5 1.5 1.5 1.5 2 1.34338 1.36922 1.39542 1.41942 1.43529 1.45526 1.4777 3.78453 3.77475 3.89986 3.96073 4.00734 4.045 4.08122 4.11434 4.15186 4.19522 4.22999 4.27103 4.3048 4.33791 4.372 4.40509 4.43558 4.46952 4.49726 4.52417 4.54964 4.57322 4.59807 4.62006 4.6411 4.66087 4.68212 4.69721 4.71419 4.73022 4.74576 4.76162 4.77417 4.78746 4.80045 4.81275 4.82478 4.83608 4.84809 4.85956 4.87082 4.88215 4.89348 4.90487 4.91621 4.92759 4.93927 4.95103 4.96291 4.97484 4.98696 4.99926 5.01152 5.02387 5.03676 5.04955 5.06234 5.07562 5.08762 5.10068 5.11573 5.12927 5.13695 
1.5 1.5 1.5 1.5 1.5 1.5 1.5 1.5 1.5 1.5 2 1.31532 1.34059 1.36679 1.39044 1.40871 1.42784 1.44181 3.70406 3.72491 3.77156 3.82076 3.893 3.96033 4.00779 4.05455 4.09401 4.14719 4.18575 4.24569 4.30175 4.33626 4.38042 4.42355 4.45866 4.49752 4.53506 4.57066 4.59987 4.6261 4.65335 4.67697 4.7004 4.72239 4.74553 4.76062 4.77774 4.79378 4.80912 4.82462 4.83651 4.84935 4.86222 4.87407 4.88556 4.89612 4.90771 4.91855 4.92897 4.93971 4.95044 4.96175 4.97289 4.98363 4.99521 5.00685 5.01853 5.03047 5.04282 5.0556 5.06858 5.08173 5.09474 5.1066 5.12217 5.13367 5.14838 5.15984 5.17738 5.19311 5.20105 
1.5 1.5 1.5 1.5 1.5 1.5 1.5 1.5 1.5 1.5 2 1.32446 1.35047 1.3764 1.40106 1.42613 1.44735 3.57488 3.53793 3.61622 3.71931 3.77283 3.80336 3.85928 3.92152 4.00051 4.04574 4.1168 4.15881 4.22983 4.29822 4.33655 4.39094 4.44277 4.48686 4.53764 4.57846 4.61616 4.65915 4.6957 4.72107 4.7465 4.77173 4.79458 4.81948 4.83466 4.85282 4.86932 4.88406 4.89801 4.90955 4.92135 4.93313 4.94418 4.95484 4.96744 4.97635 4.98702 4.99754 5.00845 5.01931 5.03078 5.04205 5.05364 5.06534 5.07736 5.08954 5.10199 5.11461 5.12791 5.14148 5.15505 5.16893 5.18198 5.19584 5.20841 5.22249 5.234 5.24834 5.2661 5.27896 
1.5 1.5 1.5 1.5 1.5 1.5 1.5 1.5 1.5 1.5 2 1.32071 1.34645 1.37202 1.39361 1.42286 1.44521 3.55973 3.55363 3.62988 3.6994 3.75709 3.81184 3.87396 3.94803 3.9847 4.04542 4.11024 4.15726 4.23319 4.28867 4.33755 4.39666 4.45418 4.50205 4.55334 4.59973 4.63908 4.66918 4.7145 4.75841 4.7825 4.80974 4.83428 4.86509 4.87548 4.89204 4.91043 4.92785 4.94488 4.95764 4.96979 4.98205 4.99354 5.00361 5.0147 5.02649 5.0381 5.04921 5.06055 5.072 5.08386 5.09604 5.10887 5.12073 5.13355 5.14591 5.15884 5.17194 5.18549 5.19919 5.21285 5.22773 5.24118 5.25413 5.26746 5.28056 5.29598 5.30973 5.32763 5.33801 
1.5 1.5 1.5 1.5 1.5 1.5 1.5 1.5 1.5 1.5 2 1.3218 1.34738 1.37311 1.39777 1.42368 1.44754 3.56465 3.53439 3.61793 3.69516 3.75267 3.83256 3.91532 3.96487 4.042 4.10805 4.17664 4.21192 4.26081 4.3095 4.36471 4.41555 4.47084 4.52389 4.57748 4.61616 4.66613 4.69334 4.72158 4.76594 4.78981 4.82738 4.85621 4.88287 4.89991 4.91862 4.93376 4.94943 4.96954 4.98336 5.00024 5.01622 5.02909 5.04093 5.05511 5.06502 5.07761 5.09004 5.10309 5.11611 5.12953 5.14277 5.15627 5.17 5.1841 5.19762 5.21166 5.22596 5.24051 5.25496 5.26929 5.28423 5.29867 5.3139 5.32741 5.34022 5.35661 5.37168 5.38817 5.39795 
1.5 1.5 1.5 1.5 1.5 1.5 1.5 1.5 1.5 1.5 2 1.32562 1.35107 1.37698 1.4016 1.4263 1.45077 1.47365 3.68533 3.6407 3.75154 3.85341 3.92531 3.97269 4.04416 4.11235 4.17055 4.23593 4.27057 4.36279 4.39468 4.44487 4.48699 4.52449 4.55695 4.59964 4.63175 4.67925 4.71095 4.73006 4.76012 4.77953 4.8089 4.83872 4.88185 4.89035 4.90766 4.93307 4.94243 4.96145 4.98177 4.99498 5.00978 5.02831 5.04562 5.06269 5.07392 5.089 5.10675 5.12214 5.13771 5.15193 5.16775 5.18569 5.20133 5.2155 5.23245 5.24821 5.26427 5.28007 5.29376 5.30966 5.32512 5.34128 5.35475 5.37001 5.38458 5.40199 5.41229 5.42877 5.43827 
1.5 1.5 1.5 1.5 1.5 1.5 1.5 1.5 1.5 1.5 2 1.3257 1.3516 1.37718 1.40213 1.42715 1.45237 1.47485 1.49606 3.74451 3.71501 3.85086 3.93744 4.01913 4.0974 4.16337 4.22184 4.27728 4.32184 4.40948 4.43919 4.4927 4.56763 4.5755 4.63075 4.63356 4.64584 4.69695 4.72979 4.73815 4.74635 4.7701 4.7951 4.81637 4.84593 4.89461 4.88403 4.90842 4.92336 4.93911 4.96436 4.98358 4.99728 5.01605 5.03499 5.05313 5.07485 5.09347 5.10939 5.12735 5.14524 5.16107 5.1811 5.19734 5.21689 5.23309 5.25031 5.26759 5.28488 5.30242 5.31978 5.33763 5.35482 5.36962 5.3864 5.40016 5.41765 5.43259 5.44688 5.46532 5.47607 
1.5 1.5 1.5 1.5 1.5 1.5 1.5 1.5 1.5 1.5 2 1.33767 1.36375 1.38971 1.41471 1.44005 1.46507 1.48947 1.51308 1.53753 3.68389 3.65274 3.7585 3.87767 4.00064 4.09964 4.17537 4.25111 4.27485 4.33768 4.41264 4.45734 4.53834 4.57645 4.63614 4.66128 4.67722 4.68953 4.71068 4.7564 4.74454 4.75365 4.77326 4.79417 4.80884 4.8618 4.84695 4.87054 4.88521 4.90012 4.9231 4.94789 4.96465 4.98119 5.0041 5.02266 5.04567 5.06953 5.09216 5.11341 5.13412 5.15654 5.17687 5.19789 5.21821 5.23962 5.26077 5.2818 5.3025 5.32276 5.34229 5.36195 5.38375 5.40204 5.42078 5.43801 5.45681 5.4744 5.48953 5.50522 5.51572 
1.5 1.5 1.5 1.5 1.5 1.5 1.5 1.5 1.5 1.5 2 1.34123 1.36877 1.3937 1.41987 1.44407 1.46953 1.49342 1.51765 3.59625 3.56839 3.67428 3.72017 3.77414 3.87857 3.95796 4.04961 4.16774 4.21068 4.29693 4.36582 4.43313 4.50314 4.55417 4.62566 4.63472 4.66429 4.69835 4.70794 4.74828 4.75591 4.7563 4.77266 4.78984 4.8138 4.85131 4.83971 4.85301 4.8735 4.89176 4.91044 4.93169 4.9565 4.97459 4.99398 5.01946 5.04088 5.06851 5.09432 5.12217 5.146 5.16795 5.19552 5.21763 5.24201 5.26663 5.29109 5.31489 5.33801 5.36068 5.38271 5.40967 5.42637 5.44524 5.46406 5.48266 5.50397 5.51892 5.53434 5.55433 5.5699 
1.5 1.5 1.5 1.5 1.5 1.5 1.5 1.5 1.5 1.5 2 1.34268 1.36929 1.39553 1.42081 1.44725 1.47174 1.49395 3.50381 3.39757 3.51927 3.62434 3.68179 3.78295 3.85625 3.93817 4.02257 4.13044 4.19025 4.25861 4.33692 4.39602 4.46173 4.51571 4.56428 4.61688 4.64853 4.68208 4.7319 4.76214 4.75915 4.75107 4.76364 4.79108 4.83065 4.82288 4.83211 4.84848 4.85687 4.8772 4.90032 4.91722 4.94031 4.96655 4.98602 5.01302 5.03274 5.06441 5.09294 5.12254 5.15693 5.17955 5.20748 5.23665 5.26275 5.2927 5.3181 5.34473 5.37016 5.39497 5.41923 5.44276 5.46608 5.4881 5.50738 5.52687 5.54792 5.56466 5.5786 5.60086 5.61834 
1.5 1.5 1.5 1.5 1.5 1.5 1.5 1.5 1.5 1.5 2 1.34262 1.36921 1.39542 1.42052 1.44583 1.47128 1.49455 1.51888 3.50893 3.39291 3.55519 3.65595 3.75277 3.84753 3.93541 4.00511 4.07515 4.12897 4.18717 4.27206 4.3423 4.41651 4.48134 4.56706 4.54412 4.60211 4.61508 4.65314 4.72246 4.70868 4.70941 4.73319 4.77083 4.75509 4.77023 4.78103 4.80049 4.81537 4.83192 4.85564 4.8775 4.9034 4.92038 4.9472 4.9793 5.00683 5.03545 5.06167 5.0934 5.13549 5.15878 5.18759 5.21946 5.24865 5.27892 5.30914 5.3378 5.36511 5.39189 5.41754 5.44158 5.46556 5.49527 5.51187 5.53321 5.55493 5.5712 5.58408 5.60814 5.62489 
1.5 1.5 1.5 1.5 1.5 1.5 1.5 1.5 1.5 1.5 2 1.34506 1.37132 1.39762 1.42211 1.44711 1.47274 1.49603 1.52129 1.54563 3.4645 3.40143 3.52092 3.57354 3.64201 3.72566 3.8306 3.9366 4.00991 4.08389 4.14588 4.21953 4.30532 4.37597 4.5064 4.50164 4.5257 4.54475 4.59383 4.64805 4.63836 4.68261 4.70161 4.70601 4.70293 4.72835 4.74025 4.75503 4.78355 4.79619 4.82392 4.84469 4.86658 4.89823 4.91894 4.94409 4.98985 5.01724 5.04129 5.07248 5.11311 5.13995 5.17133 5.20313 5.23373 5.26541 5.2971 5.3263 5.35444 5.38163 5.40791 5.4328 5.4575 5.48212 5.50566 5.52628 5.55033 5.56533 5.58193 5.60326 5.61597 
1.5 1.5 1.5 1.5 1.5 1.5 1.5 1.5 1.5 1.5 2 1.33226 1.35789 1.38352 1.40829 1.43266 1.45734 1.48059 1.50475 1.52652 1.55297 3.51911 3.53804 3.6596 3.70868 3.80889 3.85318 3.93576 3.99668 4.06861 4.16363 4.21834 4.30142 4.37907 4.53388 4.47112 4.48626 4.55552 4.60138 4.5778 4.59634 4.61222 4.62138 4.6577 4.65906 4.68113 4.6925 4.71686 4.74319 4.75633 4.78498 4.80474 4.8301 4.87116 4.88523 4.92203 4.95961 4.98679 5.02204 5.05475 5.08049 5.1146 5.14806 5.17925 5.21114 5.2431 5.27512 5.30497 5.33481 5.36339 5.39058 5.41657 5.44237 5.46662 5.49113 5.51247 5.53869 5.56357 5.57642 5.59922 5.61137 
1.5 1.5 1.5 1.5 1.5 1.5 1.5 1.5 1.5 1.5 2 1.32423 1.34962 1.37473 1.39919 1.42309 1.44751 1.47083 1.49426 1.51671 1.54145 3.43552 3.42697 3.48553 3.5762 3.67326 3.81847 3.88258 3.95764 4.01521 4.09671 4.21851 4.3107 4.40001 4.45043 4.48658 4.54602 4.53183 4.52671 4.53728 4.56442 4.58944 4.60228 4.63126 4.64137 4.66365 4.68064 4.70712 4.72837 4.74686 4.77481 4.80048 4.82925 4.8653 4.89555 4.92417 4.95138 4.99017 5.02326 5.05028 5.07774 5.11043 5.14435 5.17462 5.20728 5.23758 5.26907 5.29902 5.32799 5.35624 5.38373 5.4099 5.43539 5.46038 5.48179 5.50478 5.53106 5.5519 5.569 5.58989 5.60886 
1.5 1.5 1.5 1.5 1.5 1.5 1.5 1.5 1.5 1.5 2 1.31798 1.34315 1.36795 1.39222 1.41635 1.44013 1.46361 1.48735 1.50941 1.53376 3.3972 3.41011 3.44566 3.54844 3.61381 3.74944 3.83678 3.91816 4.01436 4.1 4.19882 4.28902 4.33975 4.39767 4.45194 4.481 4.4902 4.49986 4.51421 4.54602 4.57736 4.59163 4.6166 4.62605 4.65784 4.68594 4.70478 4.72706 4.75009 4.77654 4.80626 4.84629 4.87244 4.89669 4.92823 4.95915 4.98779 5.01935 5.04494 5.07524 5.10585 5.1369 5.16661 5.19814 5.22815 5.25861 5.28778 5.31615 5.3439 5.37102 5.39619 5.42106 5.44646 5.46796 5.4909 5.51653 5.53803 5.55337 5.57364 5.59317 
1.5 1.5 1.5 1.5 1.5 1.5 1.5 1.5 1.5 1.5 2 1.31046 1.33465 1.35845 1.38196 1.40497 1.42762 1.45037 1.47222 1.49519 3.33355 3.148 3.3336 3.44681 3.55942 3.65519 3.76026 3.84168 3.91244 3.96836 4.01116 4.07516 4.18913 4.25959 4.30619 4.40298 4.44875 4.50227 4.50612 4.50682 4.54362 4.58343 4.61139 4.64048 4.66492 4.68855 4.71388 4.73529 4.75553 4.78992 4.82137 4.84986 4.87103 4.89536 4.9218 4.94876 4.97134 5.0015 5.02777 5.05527 5.08505 5.11045 5.1384 5.169 5.19899 5.22902 5.25841 5.28697 5.31458 5.34189 5.36814 5.39189 5.41562 5.44134 5.46434 5.48823 5.51087 5.52875 5.54393 5.5647 5.58526 
1.5 1.5 1.5 1.5 1.5 1.5 1.5 1.5 1.5 1.5 2 1.29378 1.31875 1.34449 1.36892 1.39294 1.41754 1.44103 1.46457 1.48736 3.37833 3.21287 3.41286 3.54049 3.61195 3.67418 3.74247 3.81141 3.88168 3.94318 3.98893 4.06027 4.14491 4.2283 4.26281 4.34569 4.39827 4.46621 4.51585 4.50023 4.56514 4.59581 4.61702 4.64314 4.67272 4.69908 4.72886 4.75911 4.78101 4.81135 4.82752 4.84751 4.87207 4.89542 4.91851 4.94136 4.96841 4.99288 5.01971 5.04572 5.06954 5.09575 5.12475 5.15415 5.18256 5.21127 5.23912 5.26805 5.29246 5.32059 5.34313 5.36639 5.39039 5.41568 5.43779 5.45999 5.47932 5.49633 5.51449 5.53332 5.55243 
1.5 1.5 1.5 1.5 1.5 1.5 1.5 1.5 1.5 1.5 2 1.32136 1.34487 1.37007 1.39671 1.42089 1.44534 1.46826 1.49222 1.51609 1.54123 1.56412 3.56347 3.57123 3.63302 3.71283 3.78542 3.85924 3.91591 3.98618 4.01417 4.05971 4.12396 4.18924 4.22685 4.31402 4.38724 4.42827 4.48966 4.48126 4.51998 4.56953 4.58459 4.61107 4.65052 4.67673 4.70245 4.72744 4.74503 4.76888 4.78832 4.81108 4.83234 4.85238 4.87801 4.90257 4.92591 4.95144 4.97387 4.99677 5.02226 5.04933 5.07606 5.103 5.12957 5.15592 5.18184 5.20748 5.23272 5.25759 5.28179 5.30497 5.32777 5.35136 5.37262 5.3925 5.41284 5.43111 5.44621 5.46413 5.48155 
1.5 1.5 1.5 1.5 1.5 1.5 1.5 1.5 1.5 1.5 2 1.33328 1.35868 1.38627 1.41046 1.43603 1.46069 1.48475 1.51042 1.53447 1.56093 1.58512 1.60785 1.63232 3.6856 3.69544 3.76909 3.84531 3.9256 3.99589 4.02733 4.08275 4.14583 4.20264 4.25132 4.30517 4.34453 4.40339 4.44084 4.4466 4.48802 4.5352 4.55061 4.5722 4.60171 4.62149 4.64621 4.66909 4.6961 4.71834 4.7399 4.76058 4.78125 4.8042 4.82834 4.85147 4.87414 4.89683 4.92075 4.94579 4.97091 4.99495 5.01998 5.04582 5.07211 5.09604 5.12054 5.14462 5.16889 5.19277 5.21622 5.24171 5.26012 5.28207 5.30234 5.32117 5.33994 5.35683 5.37709 5.39397 5.41723 
1.5 1.5 1.5 1.5 1.5 1.5 1.5 1.5 1.5 1.5 2 1.35072 1.37638 1.4044 1.43132 1.45708 1.48261 1.50735 1.53292 1.55836 1.58528 1.61017 1.63462 3.69094 3.65586 3.73709 3.83348 3.92548 3.99848 4.05919 4.12119 4.15368 4.18753 4.22162 4.256 4.30975 4.35883 4.39426 4.41021 4.43711 4.4797 4.50372 4.5187 4.54327 4.57525 4.59706 4.62081 4.645 4.66992 4.69638 4.71948 4.7424 4.77071 4.79036 4.81272 4.83636 4.86069 4.88509 4.90934 4.93378 4.9565 4.97983 5.00303 5.02722 5.05057 5.07419 5.09733 5.12023 5.14324 5.16603 5.18862 5.20998 5.23154 5.25371 5.27309 5.29088 5.30851 5.32678 5.34687 5.36368 5.38585 
1.5 1.5 1.5 1.5 1.5 1.5 1.5 1.5 1.5 1.5 2 1.37419 1.39905 1.42612 1.45629 1.48334 1.50877 1.53543 1.56121 1.58748 1.61455 1.63968 3.71556 3.53408 3.77036 3.8696 3.91984 3.97244 3.99836 4.02802 4.08811 4.123 4.14379 4.18531 4.23208 4.27528 4.30357 4.33174 4.36999 4.40135 4.42887 4.45248 4.48095 4.50964 4.5416 4.56504 4.59226 4.62069 4.64802 4.67575 4.69642 4.72053 4.74733 4.7727 4.79666 4.81877 4.84259 4.8658 4.88899 4.91175 4.93485 4.95793 4.9823 5.004 5.02621 5.04929 5.07226 5.09463 5.11695 5.13868 5.16015 5.18035 5.20065 5.22189 5.23915 5.25818 5.27799 5.29237 5.30959 5.32561 5.34651 
1.5 1.5 1.5 1.5 1.5 1.5 1.5 1.5 1.5 1.5 2 1.3921 1.41969 1.45115 1.47934 1.50659 1.5339 1.5603 1.58754 1.61393 1.64021 1.66769 3.7206 3.68596 3.77495 3.81043 3.85838 3.90226 3.94649 3.99076 4.04654 4.08211 4.10184 4.13849 4.17354 4.21566 4.25605 4.29205 4.32157 4.34644 4.37953 4.41009 4.44019 4.47072 4.50597 4.52969 4.55705 4.58366 4.60852 4.63788 4.66038 4.68667 4.7128 4.7352 4.75885 4.78262 4.80622 4.82943 4.85269 4.87543 4.89841 4.92098 4.94284 4.96498 4.9869 5.00876 5.03023 5.05119 5.07185 5.09217 5.11194 5.13082 5.14955 5.16804 5.18696 5.20474 5.22142 5.235 5.25115 5.26751 5.28308 
1.5 1.5 1.5 1.5 1.5 1.5 1.5 1.5 1.5 1.5 2 1.43636 1.46284 1.49286 1.52556 1.55449 1.58314 1.61102 1.63954 1.66824 1.69549 1.72312 1.7563 3.78972 3.82449 3.85414 3.89812 3.93408 3.97873 4.01953 4.05738 4.07662 4.10413 4.13702 4.16691 4.20036 4.22847 4.25695 4.28657 4.31343 4.34523 4.37336 4.40182 4.42949 4.46029 4.48247 4.50615 4.53521 4.56119 4.59085 4.61163 4.63551 4.6591 4.68262 4.70612 4.72938 4.75203 4.77471 4.79703 4.81887 4.84042 4.86207 4.88329 4.90477 4.9258 4.94651 4.96689 4.98675 5.0064 5.02591 5.04503 5.06353 5.08126 5.09899 5.1189 5.13382 5.15005 5.16489 5.18187 5.19897 5.21255 
1.5 1.5 1.5 1.5 1.5 1.5 1.5 1.5 1.5 1.5 2 1.47201 1.50209 1.53555 1.56728 1.59773 1.62786 1.65771 1.68784 1.71818 1.74716 1.7774 1.81506 3.83698 3.84531 3.90162 3.93511 3.97803 4.00802 4.03409 4.06193 4.08541 4.11011 4.13594 4.16071 4.19346 4.22124 4.24836 4.27478 4.29889 4.32763 4.35337 4.37912 4.405 4.43476 4.45613 4.48085 4.50537 4.52921 4.55592 4.57602 4.59924 4.62313 4.64477 4.6672 4.68916 4.71105 4.73249 4.75401 4.77489 4.79584 4.81666 4.8369 4.85757 4.87767 4.89749 4.91697 4.9373 4.95499 4.9735 4.99169 5.00923 5.02649 5.04399 5.06212 5.07767 5.09204 5.10722 5.12394 5.13813 5.15401 
1.5 1.5 1.5 1.5 1.5 1.5 1.5 1.5 1.5 1.5 2 1.51377 1.5465 1.58038 1.61291 1.64505 1.67724 1.70864 1.7405 1.77236 1.80358 1.83486 1.87241 1.90298 1.93072 3.94952 3.97908 3.99917 4.01782 4.04011 4.06304 4.08504 4.10661 4.12909 4.14867 4.17419 4.19753 4.22043 4.24348 4.26477 4.29033 4.31326 4.33641 4.35947 4.38558 4.4053 4.42804 4.45069 4.4733 4.49791 4.51713 4.53901 4.56066 4.58179 4.60302 4.62391 4.64471 4.66525 4.68558 4.70583 4.72571 4.74546 4.76482 4.7844 4.80346 4.82239 4.84079 4.85887 4.87694 4.89445 4.91175 4.92832 4.94493 4.96164 4.9781 4.99425 5.00745 5.02317 5.03964 5.05179 5.06813 
1.5 1.5 1.5 1.5 1.5 1.5 1.5 1.5 1.5 1.5 2 1.55483 1.58912 1.62385 1.6587 1.69188 1.72567 1.7585 1.79212 1.82495 1.85823 1.89117 1.92518 1.95959 1.99111 2.0226 3.99057 4.01108 4.03022 4.04952 4.06923 4.08841 4.10784 4.12772 4.14542 4.16775 4.18794 4.20859 4.2292 4.24896 4.27086 4.29161 4.31261 4.33356 4.35706 4.37545 4.3962 4.41693 4.43743 4.45995 4.47803 4.49813 4.51824 4.53796 4.55773 4.57692 4.59622 4.61526 4.63432 4.65312 4.67179 4.69056 4.70838 4.72667 4.74464 4.76241 4.77954 4.79659 4.81372 4.83033 4.84684 4.86274 4.87823 4.89457 4.90968 4.9251 4.93705 4.95456 4.97056 4.98164 4.99853 
1.5 1.5 1.5 1.5 1.5 1.5 1.5 1.5 1.5 1.5 2 1.59534 1.63162 1.66729 1.70301 1.73833 1.77333 1.80814 1.84335 1.87736 1.91237 1.94758 1.97762 2.01548 4.01713 4.03332 4.05012 4.06662 4.0825 4.09925 4.11632 4.13342 4.15076 4.16815 4.18415 4.20377 4.22185 4.24003 4.25834 4.27632 4.2953 4.31386 4.33248 4.35108 4.37169 4.3885 4.40716 4.42571 4.44421 4.464 4.48059 4.49877 4.517 4.53484 4.55287 4.57039 4.58806 4.60557 4.62308 4.64044 4.65751 4.67461 4.6915 4.7085 4.72534 4.74199 4.75817 4.77434 4.79065 4.80661 4.82256 4.8379 4.85325 4.86845 4.88354 4.89758 4.91083 4.92812 4.94303 4.95538 4.97159 
1.5 1.5 1.5 1.5 1.5 1.5 1.5 1.5 1.5 1.5 2 1.63304 1.67107 1.70851 1.74546 1.78291 1.81993 1.85605 1.89378 1.92973 1.96552 2.00225 2.03442 4.05331 4.06522 4.07835 4.09213 4.10776 4.12167 4.13646 4.15167 4.16699 4.18242 4.19766 4.21213 4.22887 4.24471 4.26082 4.27694 4.2923 4.3094 4.32581 4.34219 4.35856 4.37626 4.39159 4.40814 4.4246 4.44123 4.45865 4.47386 4.49005 4.50652 4.52276 4.53882 4.55518 4.57126 4.58725 4.60323 4.61919 4.63479 4.65061 4.66632 4.68187 4.69745 4.7128 4.728 4.74315 4.75845 4.77353 4.78865 4.80335 4.81811 4.83173 4.84658 4.85955 4.87328 4.88916 4.90293 4.91596 4.93162 
1.5 1.5 1.5 1.5 1.5 1.5 1.5 1.5 1.5 1.5 2 1.66899 1.70859 1.74739 1.78588 1.82503 1.86356 1.9017 1.94035 1.97946 2.01598 2.05397 2.08995 2.12558 2.16797 4.08561 4.09533 4.10988 4.1223 4.13555 4.14918 4.16305 4.17686 4.19046 4.20373 4.21816 4.23199 4.24619 4.26032 4.27423 4.28893 4.3034 4.31784 4.33221 4.34738 4.36131 4.37593 4.39044 4.40529 4.42048 4.43436 4.44882 4.46309 4.47813 4.49283 4.50737 4.52193 4.53642 4.55091 4.56542 4.57967 4.59405 4.60839 4.62262 4.63693 4.65109 4.66515 4.67922 4.69339 4.70742 4.7215 4.73519 4.74898 4.76186 4.77555 4.78848 4.80154 4.81647 4.82968 4.84247 4.85676 
1.5 1.5 1.5 1.5 1.5 1.5 1.5 1.5 1.5 1.5 2 1.70131 1.7423 1.78298 1.82317 1.86379 1.90409 1.94437 1.98394 2.02421 2.06417 2.10361 2.14261 2.18274 2.22615 2.26461 4.10474 4.11767 4.1294 4.1426 4.15406 4.16668 4.17929 4.19173 4.20409 4.21696 4.22946 4.24225 4.25492 4.26782 4.28057 4.29351 4.30641 4.31925 4.33247 4.34525 4.35831 4.37122 4.38436 4.39768 4.41042 4.42344 4.43673 4.44985 4.46299 4.4761 4.48921 4.50231 4.51539 4.52853 4.54156 4.55472 4.56772 4.58073 4.59374 4.60672 4.61963 4.63267 4.6457 4.65872 4.67171 4.68459 4.69709 4.70979 4.72203 4.73511 4.74665 4.76138 4.77306 4.78602 4.79852 
1.5 1.5 1.5 1.5 1.5 1.5 1.5 1.5 1.5 1.5 2 1.73046 1.77258 1.81471 1.85647 1.89871 1.94059 1.98163 2.024 2.06485 2.1067 2.14801 2.18906 2.23158 2.27644 2.31734 4.12112 4.13299 4.14426 4.15566 4.16754 4.17919 4.19092 4.20255 4.2145 4.22574 4.23725 4.24891 4.26051 4.27241 4.28379 4.29549 4.30714 4.31879 4.33028 4.34217 4.35389 4.36547 4.37723 4.38895 4.40069 4.41246 4.42441 4.43623 4.44809 4.45994 4.47181 4.48368 4.4955 4.50738 4.51932 4.53139 4.54325 4.55515 4.56698 4.57888 4.59077 4.60281 4.6148 4.62686 4.6388 4.65096 4.66239 4.67474 4.68594 4.69873 4.70927 4.72287 4.73384 4.74683 4.75712 
1.5 1.5 1.5 1.5 1.5 1.5 1.5 1.5 1.5 1.5 2 1.75518 1.79875 1.84188 1.88485 1.92815 1.97106 2.01418 2.0571 2.0998 2.14222 2.18461 2.22728 2.271 2.3121 2.35507 2.39838 4.13156 4.1431 4.15391 4.16531 4.17634 4.18741 4.19847 4.20957 4.22033 4.23124 4.24224 4.25302 4.26421 4.27466 4.28543 4.29616 4.3069 4.31722 4.32829 4.33893 4.34952 4.36015 4.3705 4.38143 4.39214 4.4029 4.41356 4.42429 4.43492 4.44563 4.45634 4.46704 4.4778 4.48868 4.49962 4.51042 4.52129 4.53208 4.54301 4.55398 4.56506 4.57614 4.58732 4.59838 4.60976 4.62058 4.63236 4.64294 4.65528 4.66566 4.67732 4.68926 4.70137 4.71038 
1.5 1.5 1.5 1.5 1.5 1.5 1.5 1.5 1.5 1.5 2 1.77647 1.82097 1.86488 1.90889 1.95303 1.99684 2.04136 2.08462 2.12962 2.1723 2.21592 2.25965 2.30161 2.34326 2.38725 2.43326 4.13885 4.15014 4.16205 4.17186 4.18253 4.19318 4.20393 4.21478 4.22494 4.23546 4.2459 4.25613 4.26684 4.27655 4.28663 4.29666 4.30672 4.31611 4.32651 4.33631 4.34611 4.35585 4.3651 4.37535 4.38515 4.39495 4.40453 4.41421 4.42388 4.43359 4.44334 4.45309 4.46288 4.47285 4.48274 4.49265 4.50265 4.5126 4.52276 4.53298 4.54323 4.55358 4.56403 4.57439 4.58506 4.59557 4.6068 4.61694 4.62874 4.6393 4.6493 4.66211 4.67334 4.68173 
1.5 1.5 1.5 1.5 1.5 1.5 1.5 1.5 1.5 1.5 2 1.7945 1.8399 1.88477 1.93087 1.97481 2.0198 2.06484 2.10994 2.1542 2.19943 2.24428 2.28878 2.33249 2.37468 4.14471 4.15624 4.1664 4.17741 4.18791 4.19875 4.20928 4.21973 4.23026 4.241 4.25081 4.26098 4.2709 4.28087 4.29127 4.30047 4.31008 4.31964 4.32921 4.33798 4.34784 4.35703 4.36623 4.37526 4.3837 4.3934 4.40248 4.41142 4.42029 4.42922 4.43806 4.44699 4.45597 4.46497 4.474 4.4832 4.49229 4.50147 4.51077 4.52006 4.52956 4.53914 4.54872 4.55844 4.56827 4.57805 4.58814 4.59838 4.60905 4.61893 4.63007 4.64082 4.64983 4.66251 4.67345 4.68163 
1.5 1.5 1.5 1.5 1.5 1.5 1.5 1.5 1.5 1.5 2 1.8083 1.85427 1.90014 1.94674 1.99161 2.03733 2.08297 2.12881 2.17422 2.22012 2.26575 2.3112 2.35613 2.40025 2.44524 4.14471 4.15497 4.16548 4.17592 4.18648 4.19694 4.20728 4.21763 4.22832 4.23797 4.24807 4.25787 4.26769 4.27792 4.28678 4.29612 4.3054 4.31463 4.32306 4.33258 4.34141 4.35024 4.35888 4.36678 4.37612 4.3847 4.39314 4.40154 4.40999 4.41834 4.42675 4.4352 4.4437 4.45221 4.46084 4.46941 4.47809 4.48688 4.49574 4.50475 4.51387 4.523 4.53225 4.54167 4.55111 4.56089 4.57092 4.58109 4.5911 4.60146 4.61243 4.62134 4.63281 4.64408 4.65262 
1.5 1.5 1.5 1.5 1.5 1.5 1.5 1.5 1.5 1.5 2 1.81922 1.86554 1.91218 1.95836 2.0048 2.05128 2.09805 2.14407 2.1907 2.23689 2.28308 2.32963 2.37597 2.42291 2.46859 2.5145 2.56464 4.13789 4.14852 4.15924 4.16985 4.18025 4.19056 4.20154 4.21086 4.22089 4.23069 4.24043 4.25063 4.2593 4.26856 4.27772 4.2868 4.29514 4.30449 4.31317 4.32181 4.33029 4.3379 4.34704 4.35531 4.36349 4.37164 4.37981 4.38794 4.39607 4.40423 4.41244 4.42068 4.42897 4.43725 4.44567 4.45417 4.46279 4.4715 4.48037 4.48926 4.49826 4.50747 4.51677 4.52642 4.5364 4.5462 4.55647 4.56623 4.57739 4.58654 4.59683 4.60832 4.61783 
1.5 1.5 1.5 1.5 1.5 1.5 1.5 1.5 1.5 1.5 2 1.82744 1.87422 1.92114 1.96765 2.01464 2.0617 2.10862 2.15557 2.20224 2.24919 2.29635 2.34324 2.38997 2.43767 2.48403 2.5313 2.57911 2.62469 4.13052 4.14131 4.15194 4.16236 4.17262 4.18337 4.19295 4.20295 4.21278 4.22259 4.23285 4.24164 4.25096 4.26015 4.26918 4.27752 4.28687 4.29555 4.30415 4.31264 4.32026 4.32934 4.33758 4.34574 4.35388 4.362 4.37011 4.37819 4.38628 4.39441 4.40255 4.41072 4.41892 4.42725 4.43565 4.44421 4.45281 4.46158 4.47041 4.47932 4.48841 4.49767 4.50725 4.51718 4.52683 4.53717 4.54672 4.55775 4.56735 4.57688 4.58798 4.59888 
1.5 1.5 1.5 1.5 1.5 1.5 1.5 1.5 1.5 1.5 2 1.83319 1.88029 1.92737 1.97414 2.02152 2.06888 2.11597 2.16364 2.2109 2.25771 2.30526 2.35202 2.39924 2.446 2.49391 2.5418 2.58757 4.12402 4.13461 4.1453 4.15604 4.16653 4.17681 4.18759 4.19722 4.20721 4.2171 4.22694 4.23723 4.24604 4.25542 4.26467 4.27376 4.28224 4.29167 4.30049 4.30918 4.31779 4.32556 4.33471 4.34305 4.35134 4.3596 4.36782 4.37608 4.38427 4.39247 4.40069 4.40892 4.41716 4.42547 4.43386 4.44233 4.45094 4.45957 4.46835 4.47723 4.48618 4.49525 4.50455 4.51416 4.52408 4.53374 4.54406 4.55368 4.56437 4.57454 4.58365 4.59405 4.60614 
1.5 1.5 1.5 1.5 1.5 1.5 1.5 1.5 1.5 1.5 2 1.83688 1.88402 1.93125 1.97832 2.02578 2.07313 2.12054 2.1678 2.21546 2.26254 2.30999 2.35713 2.40448 2.45144 2.49844 2.54598 2.59176 4.11536 4.12601 4.13667 4.14714 4.15761 4.16792 4.17868 4.18838 4.19842 4.2084 4.21829 4.22845 4.23758 4.2471 4.25651 4.26576 4.27444 4.28405 4.29307 4.30196 4.31079 4.31884 4.32818 4.33677 4.34534 4.35387 4.36233 4.37086 4.37932 4.38778 4.39624 4.40473 4.41323 4.4218 4.43043 4.43912 4.44793 4.45678 4.46576 4.47485 4.48402 4.49327 4.50276 4.51254 4.52252 4.53241 4.5427 4.55264 4.563 4.57369 4.58289 4.5928 4.60547 
1.5 1.5 1.5 1.5 1.5 1.5 1.5 1.5 1.5 1.5 2 1.83896 1.88621 1.93339 1.98124 2.02848 2.07566 2.12297 2.16996 2.21762 2.26533 2.3125 2.36007 2.40743 2.45498 2.50172 2.54842 2.59434 4.10646 4.11707 4.12752 4.13755 4.14795 4.15829 4.1688 4.17877 4.18887 4.19896 4.20894 4.21935 4.22854 4.23821 4.24781 4.25727 4.26617 4.27601 4.28527 4.29443 4.30357 4.31201 4.3216 4.33054 4.33945 4.34834 4.35718 4.36607 4.37491 4.38373 4.39257 4.40142 4.41031 4.41926 4.42825 4.43731 4.44646 4.45566 4.46497 4.47441 4.48392 4.49349 4.50325 4.5133 4.52345 4.53361 4.54402 4.55426 4.56457 4.57553 4.58527 4.59505 4.6075 
1.5 1.5 1.5 1.5 1.5 1.5 1.5 1.5 1.5 1.5 2 1.83968 1.88701 1.9343 1.98159 2.02911 2.07639 2.12338 2.17109 2.21897 2.26627 2.31344 2.3609 2.40836 2.45546 2.50297 2.54984 2.59628 4.09691 4.10725 4.11764 4.1276 4.13797 4.14834 4.15907 4.16888 4.17907 4.18925 4.19935 4.2095 4.21926 4.22913 4.23893 4.24864 4.25781 4.26789 4.27745 4.28694 4.29642 4.30532 4.31521 4.32455 4.33388 4.34319 4.35247 4.36179 4.37108 4.38037 4.38967 4.39899 4.40836 4.41777 4.42724 4.43676 4.44635 4.45601 4.46575 4.47561 4.48554 4.49551 4.50562 4.51596 4.5264 4.53683 4.54744 4.55799 4.56844 4.57949 4.58994 4.59987 4.61164 
1.5 1.5 1.5 1.5 1.5 1.5 1.5 1.5 1.5 1.5 2 1.84008 1.88727 1.93458 1.98195 2.02928 2.0765 2.12421 2.17126 2.21903 2.26628 2.31336 2.36095 2.40844 2.4556 2.50297 2.55003 2.59681 2.64444 4.08478 4.0954 4.10565 4.11619 4.12672 4.13753 4.14749 4.15781 4.1681 4.17832 4.18847 4.1985 4.20851 4.21852 4.22852 4.23808 4.24843 4.25835 4.26823 4.27811 4.28752 4.29775 4.30752 4.31729 4.32706 4.33683 4.34664 4.35644 4.36626 4.3761 4.38596 4.39587 4.40582 4.41583 4.42587 4.43597 4.44612 4.45635 4.46666 4.47704 4.48745 4.49793 4.50861 4.51934 4.53006 4.54093 4.55176 4.56243 4.57359 4.58462 4.59494 4.60596 
1.5 1.5 1.5 1.5 1.5 1.5 1.5 1.5 1.5 1.5 2 1.8398 1.88713 1.93426 1.98148 2.02873 2.07605 2.12378 2.17148 2.21726 2.2646 2.31282 2.35941 2.4069 2.45411 2.50135 2.54837 2.59515 2.64216 2.68849 2.73525 4.07338 4.08384 4.09432 4.1051 4.11517 4.12558 4.13599 4.14636 4.15702 4.16704 4.17734 4.18758 4.19783 4.2077 4.21828 4.22851 4.23873 4.24896 4.25884 4.26941 4.27964 4.28989 4.30015 4.31044 4.32074 4.33107 4.34142 4.3518 4.36221 4.37267 4.38317 4.39372 4.40429 4.41492 4.42558 4.43629 4.44705 4.45788 4.46873 4.4796 4.49061 4.50164 4.51264 4.52378 4.53487 4.5458 4.55711 4.56853 4.57933 4.58989 
1.5 1.5 1.5 1.5 1.5 1.5 1.5 1.5 1.5 1.5 2 1.83949 1.88677 1.93414 1.9811 2.02846 2.07566 2.12322 2.17079 2.21721 2.2644 2.31254 2.3593 2.40668 2.45391 2.50107 2.54821 2.59514 2.64216 2.68877 2.73516 4.06597 4.07641 4.08688 4.09766 4.10779 4.11826 4.12874 4.1392 4.14994 4.16011 4.17056 4.18103 4.19151 4.20165 4.21244 4.22291 4.23343 4.24396 4.25424 4.2651 4.27572 4.28639 4.29709 4.30784 4.31861 4.3294 4.34023 4.3511 4.36201 4.37295 4.38395 4.39498 4.40604 4.41713 4.42826 4.43942 4.45062 4.46185 4.47311 4.48436 4.49569 4.50696 4.51827 4.52965 4.54099 4.55218 4.56371 4.57531 4.58665 4.59711 
1.5 1.5 1.5 1.5 1.5 1.5 1.5 1.5 1.5 1.5 2 1.8395 1.88681 1.93392 1.98122 2.02858 2.0761 2.1234 2.17031 2.21807 2.26561 2.31251 2.36006 2.40752 2.45462 2.50218 2.54938 2.59657 2.64369 4.0611 4.07176 4.08255 4.0931 4.10364 4.11447 4.12468 4.13522 4.14574 4.15628 4.16703 4.17741 4.188 4.1986 4.20924 4.21962 4.2306 4.24134 4.25214 4.26298 4.27367 4.28482 4.29581 4.30686 4.31796 4.32912 4.3403 4.35153 4.3628 4.37411 4.38547 4.39687 4.40831 4.41977 4.43126 4.44277 4.45431 4.46584 4.4774 4.48898 4.50056 4.51211 4.52368 4.53518 4.54672 4.55827 4.56984 4.58122 4.5929 4.60457 4.61625 4.6269 
1.5 1.5 1.5 1.5 1.5 1.5 1.5 1.5 1.5 1.5 2 1.83951 1.88696 1.93412 1.98143 2.02876 2.07601 2.12355 2.17049 2.21845 2.26592 2.31314 2.36034 2.40782 2.45513 2.50258 2.54979 2.59705 2.64429 4.05592 4.06674 4.07761 4.08827 4.09882 4.10911 4.11992 4.1305 4.14108 4.1517 4.16247 4.17301 4.18373 4.19447 4.20527 4.21591 4.22704 4.23801 4.24905 4.26014 4.27114 4.28252 4.29382 4.30518 4.3166 4.32808 4.33959 4.35116 4.36278 4.37444 4.38614 4.39788 4.40966 4.42145 4.43326 4.44507 4.4569 4.46871 4.48053 4.49233 4.50414 4.51591 4.52766 4.53931 4.55104 4.56269 4.57444 4.58597 4.59775 4.60948 4.62128 4.63238 
1.5 1.5 1.5 1.5 1.5 1.5 1.5 1.5 1.5 1.5 2 1.83963 1.88694 1.9343 1.98166 2.0289 2.07633 2.12361 2.17124 2.21823 2.26595 2.31323 2.36053 2.40804 2.45553 2.5029 2.55017 2.59741 2.64478 2.69217 4.05202 4.06283 4.07362 4.08419 4.09498 4.10534 4.11593 4.12653 4.13716 4.14792 4.1585 4.16925 4.18007 4.19099 4.20179 4.21305 4.2242 4.23541 4.2467 4.25795 4.26949 4.28101 4.2926 4.30425 4.31598 4.32775 4.33959 4.35149 4.36343 4.3754 4.38743 4.39948 4.41153 4.42359 4.43563 4.4477 4.45972 4.47175 4.48376 4.49575 4.50773 4.51963 4.53143 4.54334 4.55508 4.56701 4.5787 4.59053 4.60236 4.61424 4.62602 
1.5 1.5 1.5 1.5 1.5 1.5 1.5 1.5 1.5 1.5 2 1.84033 1.88777 1.93527 1.98278 2.03021 2.07774 2.12522 2.17292 2.22038 2.26823 2.31575 2.36337 2.4111 2.45882 2.50636 2.5541 2.60183 2.64947 2.69791 2.74647 4.04969 4.06049 4.07109 4.0819 4.0923 4.10291 4.11353 4.1242 4.135 4.14566 4.15649 4.16744 4.17844 4.18933 4.20066 4.21188 4.22319 4.23459 4.24598 4.25767 4.26934 4.28109 4.29291 4.30479 4.31675 4.32876 4.34084 4.35296 4.36512 4.37733 4.38951 4.40168 4.41391 4.42611 4.43833 4.45051 4.46268 4.47484 4.48698 4.49911 4.51109 4.52303 4.53517 4.54687 4.55897 4.57085 4.58266 4.59462 4.60661 4.61897 
1.5 1.5 1.5 1.5 1.5 1.5 1.5 1.5 1.5 1.5 2 1.84183 1.88921 1.93678 1.98447 2.03213 2.07972 2.12735 2.1751 2.22305 2.2705 2.31851 2.36621 2.41402 2.46199 2.50964 2.55758 2.60533 2.65319 2.70147 2.7499 2.79822 4.04768 4.05818 4.0685 4.07917 4.08971 4.10029 4.11096 4.12173 4.13251 4.14342 4.15443 4.16556 4.1766 4.18814 4.19959 4.21116 4.22284 4.23458 4.24651 4.25848 4.27054 4.28266 4.29484 4.30713 4.31944 4.33178 4.34414 4.35651 4.36886 4.38118 4.39353 4.40584 4.41814 4.43038 4.44262 4.45478 4.46691 4.47899 4.49104 4.50295 4.51498 4.52675 4.53866 4.55035 4.56254 4.57371 4.5856 4.59739 4.60921 
