5
s 30 2 124
r 20 0.01 0 3.5881 0.01
r 22 0.01 0 3.30323 0.01
r 24 0.01 0 3.03121 0.01
r 26 0.01 0 2.69498 0.01
r 28 0.01 0 1.87222 0.01
r 30 0.01 0 1.32065 0.01
r 32 0.01 0 1.87223 0.01
r 34 0.01 0 2.7041 0.01
r 36 0.01 0 3.13423 0.01
r 38 0.01 0 3.47868 0.01
r 40 0.01 0 3.8456 0.01
r 42 0.01 0 4.19645 0.01
r 44 0.01 0 4.51826 0.01
r 46 0.01 0 4.77637 0.01
r 48 0.01 0 5.06233 0.01
r 50 0.01 0 5.37695 0.01
r 52 0.01 0 5.68011 0.01
r 54 0.01 0 5.96852 0.01
r 56 0.01 0 6.22969 0.01
r 58 0.01 0 6.47868 0.01
r 60 0.01 0 6.72604 0.01
r 62 0.01 0 6.99303 0.01
r 64 0.01 0 7.29963 0.01
r 66 0.01 0 7.59723 0.01
r 68 0.01 0 7.8331 0.01
r 70 0.01 0 8.07635 0.01
r 72 0.01 0 8.33291 0.01
r 74 0.01 0 8.59836 0.01
r 76 0.01 0 8.8359 0.01
r 78 0.01 0 9.11553 0.01
r 80 0.01 0 9.35059 0.01
r 20 0.01 6 4.4315 0.01
r 22 0.01 6 3.92484 0.01
r 24 0.01 6 3.44464 0.01
r 26 0.01 6 2.99719 0.01
r 28 0.01 6 2.62319 0.01
r 30 0.01 6 2.44776 0.01
r 32 0.01 6 2.66105 0.01
r 34 0.01 6 2.94476 0.01
r 36 0.01 6 3.49537 0.01
r 38 0.01 6 4.05237 0.01
r 40 0.01 6 4.64164 0.01
r 42 0.01 6 5.18952 0.01
r 44 0.01 6 5.70292 0.01
r 46 0.01 6 6.20923 0.01
r 48 0.01 6 6.70144 0.01
r 50 0.01 6 7.18777 0.01
r 52 0.01 6 7.65048 0.01
r 54 0.01 6 8.11829 0.01
r 56 0.01 6 8.56688 0.01
r 58 0.01 6 9.02787 0.01
r 60 0.01 6 9.48569 0.01
r 62 0.01 6 9.92623 0.01
r 64 0.01 6 10.348 0.01
r 66 0.01 6 10.778 0.01
r 68 0.01 6 11.2135 0.01
r 70 0.01 6 11.6823 0.01
r 72 0.01 6 12.1156 0.01
r 74 0.01 6 12.5676 0.01
r 76 0.01 6 12.9988 0.01
r 78 0.01 6 13.4308 0.01
r 80 0.01 6 13.8337 0.01
r 20 0.01 7 4.30429 0.01
r 22 0.01 7 4.02373 0.01
r 24 0.01 7 3.74745 0.01
r 26 0.01 7 3.52968 0.01
r 28 0.01 7 3.19545 0.01
r 30 0.01 7 3.00347 0.01
r 32 0.01 7 3.15399 0.01
r 34 0.01 7 3.54765 0.01
r 36 0.01 7 3.89107 0.01
r 38 0.01 7 4.21718 0.01
r 40 0.01 7 4.59475 0.01
r 42 0.01 7 4.93763 0.01
r 44 0.01 7 5.24027 0.01
r 46 0.01 7 5.48331 0.01
r 48 0.01 7 5.75397 0.01
r 50 0.01 7 6.06577 0.01
r 52 0.01 7 6.36341 0.01
r 54 0.01 7 6.68141 0.01
r 56 0.01 7 6.93874 0.01
r 58 0.01 7 7.1741 0.01
r 60 0.01 7 7.43066 0.01
r 62 0.01 7 7.6722 0.01
r 64 0.01 7 7.99667 0.01
r 66 0.01 7 8.28853 0.01
r 68 0.01 7 8.52099 0.01
r 70 0.01 7 8.77234 0.01
r 72 0.01 7 9.00812 0.01
r 74 0.01 7 9.29059 0.01
r 76 0.01 7 9.52451 0.01
r 78 0.01 7 9.79982 0.01
r 80 0.01 7 10.0262 0.01
r 20 0.01 8 5.12702 0.01
r 22 0.01 8 5.43464 0.01
r 24 0.01 8 4.21672 0.01
r 26 0.01 8 3.76135 0.01
r 28 0.01 8 3.31547 0.01
r 30 0.01 8 3.01311 0.01
r 32 0.01 8 3.17187 0.01
r 34 0.01 8 3.7405 0.01
r 36 0.01 8 4.21335 0.01
r 38 0.01 8 4.75438 0.01
r 40 0.01 8 5.31552 0.01
r 42 0.01 8 5.85382 0.01
r 44 0.01 8 6.35806 0.01
r 46 0.01 8 6.84583 0.01
r 48 0.01 8 7.32659 0.01
r 50 0.01 8 7.80912 0.01
r 52 0.01 8 8.27225 0.01
r 54 0.01 8 8.73392 0.01
r 56 0.01 8 9.18797 0.01
r 58 0.01 8 9.6591 0.01
r 60 0.01 8 10.1016 0.01
r 62 0.01 8 10.5332 0.01
r 64 0.01 8 10.9532 0.01
r 66 0.01 8 11.3847 0.01
r 68 0.01 8 11.8137 0.01
r 70 0.01 8 12.2827 0.01
r 72 0.01 8 12.7236 0.01
r 74 0.01 8 13.1634 0.01
r 76 0.01 8 13.5898 0.01
r 78 0.01 8 14.0054 0.01
r 80 0.01 8 14.4186 0.01
s 40 2 124
r 20 0.01 0 5.15874 0.01
r 22 0.01 0 4.88863 0.01
r 24 0.01 0 4.62887 0.01
r 26 0.01 0 4.4108 0.01
r 28 0.01 0 4.17424 0.01
r 30 0.01 0 3.8484 0.01
r 32 0.01 0 3.5195 0.01
r 34 0.01 0 3.19424 0.01
r 36 0.01 0 2.71852 0.01
r 38 0.01 0 1.87309 0.01
r 40 0.01 0 1.32123 0.01
r 42 0.01 0 1.8731 0.01
r 44 0.01 0 2.72004 0.01
r 46 0.01 0 3.32494 0.01
r 48 0.01 0 3.63074 0.01
r 50 0.01 0 3.99033 0.01
r 52 0.01 0 4.33151 0.01
r 54 0.01 0 4.66258 0.01
r 56 0.01 0 4.95714 0.01
r 58 0.01 0 5.23343 0.01
r 60 0.01 0 5.49987 0.01
r 62 0.01 0 5.78296 0.01
r 64 0.01 0 6.11196 0.01
r 66 0.01 0 6.4274 0.01
r 68 0.01 0 6.67686 0.01
r 70 0.01 0 6.92837 0.01
r 72 0.01 0 7.20076 0.01
r 74 0.01 0 7.48602 0.01
r 76 0.01 0 7.74002 0.01
r 78 0.01 0 8.03991 0.01
r 80 0.01 0 8.29591 0.01
r 20 0.01 6 7.03161 0.01
r 22 0.01 6 6.58289 0.01
r 24 0.01 6 6.1438 0.01
r 26 0.01 6 5.69501 0.01
r 28 0.01 6 5.1844 0.01
r 30 0.01 6 4.63723 0.01
r 32 0.01 6 4.07489 0.01
r 34 0.01 6 3.52709 0.01
r 36 0.01 6 3.02793 0.01
r 38 0.01 6 2.69905 0.01
r 40 0.01 6 2.58018 0.01
r 42 0.01 6 2.76985 0.01
r 44 0.01 6 3.16847 0.01
r 46 0.01 6 3.6225 0.01
r 48 0.01 6 4.1586 0.01
r 50 0.01 6 4.71929 0.01
r 52 0.01 6 5.30382 0.01
r 54 0.01 6 5.86092 0.01
r 56 0.01 6 6.3622 0.01
r 58 0.01 6 6.86694 0.01
r 60 0.01 6 7.34253 0.01
r 62 0.01 6 7.79001 0.01
r 64 0.01 6 8.22635 0.01
r 66 0.01 6 8.66928 0.01
r 68 0.01 6 9.10731 0.01
r 70 0.01 6 9.58346 0.01
r 72 0.01 6 10.0326 0.01
r 74 0.01 6 10.489 0.01
r 76 0.01 6 10.9361 0.01
r 78 0.01 6 11.3807 0.01
r 80 0.01 6 11.8238 0.01
r 20 0.01 7 5.92793 0.01
r 22 0.01 7 5.66411 0.01
r 24 0.01 7 5.39525 0.01
r 26 0.01 7 5.17957 0.01
r 28 0.01 7 4.96931 0.01
r 30 0.01 7 4.6396 0.01
r 32 0.01 7 4.32814 0.01
r 34 0.01 7 4.01965 0.01
r 36 0.01 7 3.71133 0.01
r 38 0.01 7 3.32373 0.01
r 40 0.01 7 3.19673 0.01
r 42 0.01 7 3.40216 0.01
r 44 0.01 7 3.83846 0.01
r 46 0.01 7 4.10943 0.01
r 48 0.01 7 4.43808 0.01
r 50 0.01 7 4.7779 0.01
r 52 0.01 7 5.09932 0.01
r 54 0.01 7 5.40747 0.01
r 56 0.01 7 5.71074 0.01
r 58 0.01 7 5.99034 0.01
r 60 0.01 7 6.24975 0.01
r 62 0.01 7 6.52787 0.01
r 64 0.01 7 6.86428 0.01
r 66 0.01 7 7.17575 0.01
r 68 0.01 7 7.42524 0.01
r 70 0.01 7 7.67093 0.01
r 72 0.01 7 7.93897 0.01
r 74 0.01 7 8.24371 0.01
r 76 0.01 7 8.49093 0.01
r 78 0.01 7 8.77267 0.01
r 80 0.01 7 9.02991 0.01
r 20 0.01 8 7.73009 0.01
r 22 0.01 8 7.28724 0.01
r 24 0.01 8 6.86126 0.01
r 26 0.01 8 6.40086 0.01
r 28 0.01 8 5.91991 0.01
r 30 0.01 8 5.38358 0.01
r 32 0.01 8 4.84387 0.01
r 34 0.01 8 4.36839 0.01
r 36 0.01 8 3.90873 0.01
r 38 0.01 8 3.45885 0.01
r 40 0.01 8 3.19871 0.01
r 42 0.01 8 3.46876 0.01
r 44 0.01 8 4.01779 0.01
r 46 0.01 8 4.52827 0.01
r 48 0.01 8 5.3479 0.01
r 50 0.01 8 5.57319 0.01
r 52 0.01 8 6.10369 0.01
r 54 0.01 8 6.59716 0.01
r 56 0.01 8 7.09094 0.01
r 58 0.01 8 7.58597 0.01
r 60 0.01 8 8.06139 0.01
r 62 0.01 8 8.49465 0.01
r 64 0.01 8 8.93148 0.01
r 66 0.01 8 9.37748 0.01
r 68 0.01 8 9.81175 0.01
r 70 0.01 8 10.2839 0.01
r 72 0.01 8 10.736 0.01
r 74 0.01 8 11.1845 0.01
r 76 0.01 8 11.6313 0.01
r 78 0.01 8 12.0745 0.01
r 80 0.01 8 12.5134 0.01
s 50 2 124
r 20 0.01 0 6.53575 0.01
r 22 0.01 0 6.28947 0.01
r 24 0.01 0 6.05328 0.01
r 26 0.01 0 5.85866 0.01
r 28 0.01 0 5.65897 0.01
r 30 0.01 0 5.37689 0.01
r 32 0.01 0 5.08532 0.01
r 34 0.01 0 4.79999 0.01
r 36 0.01 0 4.52684 0.01
r 38 0.01 0 4.27117 0.01
r 40 0.01 0 4.00793 0.01
r 42 0.01 0 3.6683 0.01
r 44 0.01 0 3.30527 0.01
r 46 0.01 0 2.73049 0.01
r 48 0.01 0 1.8737 0.01
r 50 0.01 0 1.32163 0.01
r 52 0.01 0 1.8737 0.01
r 54 0.01 0 2.73415 0.01
r 56 0.01 0 3.48537 0.01
r 58 0.01 0 3.79747 0.01
r 60 0.01 0 4.08807 0.01
r 62 0.01 0 4.39917 0.01
r 64 0.01 0 4.77137 0.01
r 66 0.01 0 5.12906 0.01
r 68 0.01 0 5.40889 0.01
r 70 0.01 0 5.68316 0.01
r 72 0.01 0 5.97569 0.01
r 74 0.01 0 6.28539 0.01
r 76 0.01 0 6.56071 0.01
r 78 0.01 0 6.8819 0.01
r 80 0.01 0 7.15943 0.01
r 20 0.01 6 9.28442 0.01
r 22 0.01 6 8.86632 0.01
r 24 0.01 6 8.46806 0.01
r 26 0.01 6 8.07101 0.01
r 28 0.01 6 7.64739 0.01
r 30 0.01 6 7.18686 0.01
r 32 0.01 6 6.71759 0.01
r 34 0.01 6 6.23835 0.01
r 36 0.01 6 5.77173 0.01
r 38 0.01 6 5.3032 0.01
r 40 0.01 6 4.73496 0.01
r 42 0.01 6 4.1493 0.01
r 44 0.01 6 3.61019 0.01
r 46 0.01 6 3.11329 0.01
r 48 0.01 6 2.88607 0.01
r 50 0.01 6 2.70728 0.01
r 52 0.01 6 2.88474 0.01
r 54 0.01 6 3.29686 0.01
r 56 0.01 6 3.70956 0.01
r 58 0.01 6 4.22055 0.01
r 60 0.01 6 4.79709 0.01
r 62 0.01 6 5.3238 0.01
r 64 0.01 6 5.89689 0.01
r 66 0.01 6 6.48661 0.01
r 68 0.01 6 6.97395 0.01
r 70 0.01 6 7.46347 0.01
r 72 0.01 6 7.93388 0.01
r 74 0.01 6 8.39508 0.01
r 76 0.01 6 8.85428 0.01
r 78 0.01 6 9.30915 0.01
r 80 0.01 6 9.76934 0.01
r 20 0.01 7 7.33081 0.01
r 22 0.01 7 7.08702 0.01
r 24 0.01 7 6.84253 0.01
r 26 0.01 7 6.64828 0.01
r 28 0.01 7 6.45663 0.01
r 30 0.01 7 6.1925 0.01
r 32 0.01 7 5.89302 0.01
r 34 0.01 7 5.62161 0.01
r 36 0.01 7 5.35363 0.01
r 38 0.01 7 5.11398 0.01
r 40 0.01 7 4.84798 0.01
r 42 0.01 7 4.52325 0.01
r 44 0.01 7 4.18391 0.01
r 46 0.01 7 3.87808 0.01
r 48 0.01 7 3.48317 0.01
r 50 0.01 7 3.36337 0.01
r 52 0.01 7 3.56554 0.01
r 54 0.01 7 4.01708 0.01
r 56 0.01 7 4.33633 0.01
r 58 0.01 7 4.63804 0.01
r 60 0.01 7 4.90988 0.01
r 62 0.01 7 5.23047 0.01
r 64 0.01 7 5.60339 0.01
r 66 0.01 7 5.97698 0.01
r 68 0.01 7 6.22161 0.01
r 70 0.01 7 6.48048 0.01
r 72 0.01 7 6.79279 0.01
r 74 0.01 7 7.09658 0.01
r 76 0.01 7 7.36373 0.01
r 78 0.01 7 7.70038 0.01
r 80 0.01 7 7.95543 0.01
r 20 0.01 8 10.0178 0.01
r 22 0.01 8 9.59962 0.01
r 24 0.01 8 9.20035 0.01
r 26 0.01 8 8.80183 0.01
r 28 0.01 8 8.38395 0.01
r 30 0.01 8 7.92475 0.01
r 32 0.01 8 7.46231 0.01
r 34 0.01 8 6.99169 0.01
r 36 0.01 8 6.53329 0.01
r 38 0.01 8 6.09464 0.01
r 40 0.01 8 5.57042 0.01
r 42 0.01 8 5.03605 0.01
r 44 0.01 8 4.62122 0.01
r 46 0.01 8 4.11559 0.01
r 48 0.01 8 3.65277 0.01
r 50 0.01 8 3.37349 0.01
r 52 0.01 8 3.65594 0.01
r 54 0.01 8 4.15219 0.01
r 56 0.01 8 4.67026 0.01
r 58 0.01 8 5.19979 0.01
r 60 0.01 8 5.75641 0.01
r 62 0.01 8 6.30402 0.01
r 64 0.01 8 6.86864 0.01
r 66 0.01 8 7.30656 0.01
r 68 0.01 8 7.76806 0.01
r 70 0.01 8 8.24565 0.01
r 72 0.01 8 8.72109 0.01
r 74 0.01 8 9.17884 0.01
r 76 0.01 8 9.6348 0.01
r 78 0.01 8 10.0908 0.01
r 80 0.01 8 10.5557 0.01
s 60 2 124
r 20 0.01 0 7.79875 0.01
r 22 0.01 0 7.56455 0.01
r 24 0.01 0 7.3408 0.01
r 26 0.01 0 7.15699 0.01
r 28 0.01 0 6.97588 0.01
r 30 0.01 0 6.72155 0.01
r 32 0.01 0 6.45141 0.01
r 34 0.01 0 6.20189 0.01
r 36 0.01 0 5.96066 0.01
r 38 0.01 0 5.73618 0.01
r 40 0.01 0 5.50722 0.01
r 42 0.01 0 5.21898 0.01
r 44 0.01 0 4.89546 0.01
r 46 0.01 0 4.61108 0.01
r 48 0.01 0 4.35655 0.01
r 50 0.01 0 4.09787 0.01
r 52 0.01 0 3.79074 0.01
r 54 0.01 0 3.46751 0.01
r 56 0.01 0 2.73118 0.01
r 58 0.01 0 1.87345 0.01
r 60 0.01 0 1.32147 0.01
r 62 0.01 0 1.87345 0.01
r 64 0.01 0 2.72799 0.01
r 66 0.01 0 3.46276 0.01
r 68 0.01 0 3.92549 0.01
r 70 0.01 0 4.2189 0.01
r 72 0.01 0 4.5406 0.01
r 74 0.01 0 4.88419 0.01
r 76 0.01 0 5.1842 0.01
r 78 0.01 0 5.53722 0.01
r 80 0.01 0 5.85794 0.01
r 20 0.01 6 11.4974 0.01
r 22 0.01 6 11.0962 0.01
r 24 0.01 6 10.704 0.01
r 26 0.01 6 10.3199 0.01
r 28 0.01 6 9.91969 0.01
r 30 0.01 6 9.48618 0.01
r 32 0.01 6 9.03941 0.01
r 34 0.01 6 8.59891 0.01
r 36 0.01 6 8.17198 0.01
r 38 0.01 6 7.76394 0.01
r 40 0.01 6 7.35673 0.01
r 42 0.01 6 6.93604 0.01
r 44 0.01 6 6.46514 0.01
r 46 0.01 6 5.87881 0.01
r 48 0.01 6 5.35105 0.01
r 50 0.01 6 4.769 0.01
r 52 0.01 6 4.20709 0.01
r 54 0.01 6 3.65917 0.01
r 56 0.01 6 3.22223 0.01
r 58 0.01 6 2.85629 0.01
r 60 0.01 6 2.69641 0.01
r 62 0.01 6 2.88831 0.01
r 64 0.01 6 3.30711 0.01
r 66 0.01 6 3.75609 0.01
r 68 0.01 6 4.2581 0.01
r 70 0.01 6 4.73219 0.01
r 72 0.01 6 5.2527 0.01
r 74 0.01 6 5.79604 0.01
r 76 0.01 6 6.32512 0.01
r 78 0.01 6 6.84649 0.01
r 80 0.01 6 7.37635 0.01
r 20 0.01 7 8.63972 0.01
r 22 0.01 7 8.40618 0.01
r 24 0.01 7 8.17623 0.01
r 26 0.01 7 7.98156 0.01
r 28 0.01 7 7.82043 0.01
r 30 0.01 7 7.58362 0.01
r 32 0.01 7 7.2992 0.01
r 34 0.01 7 7.04948 0.01
r 36 0.01 7 6.80606 0.01
r 38 0.01 7 6.59157 0.01
r 40 0.01 7 6.36562 0.01
r 42 0.01 7 6.07318 0.01
r 44 0.01 7 5.77165 0.01
r 46 0.01 7 5.485 0.01
r 48 0.01 7 5.24473 0.01
r 50 0.01 7 4.99333 0.01
r 52 0.01 7 4.70424 0.01
r 54 0.01 7 4.39427 0.01
r 56 0.01 7 4.022 0.01
r 58 0.01 7 3.57885 0.01
r 60 0.01 7 3.41748 0.01
r 62 0.01 7 3.62025 0.01
r 64 0.01 7 4.17195 0.01
r 66 0.01 7 4.48976 0.01
r 68 0.01 7 4.81093 0.01
r 70 0.01 7 5.10249 0.01
r 72 0.01 7 5.4288 0.01
r 74 0.01 7 5.7701 0.01
r 76 0.01 7 6.07212 0.01
r 78 0.01 7 6.43611 0.01
r 80 0.01 7 6.72261 0.01
r 20 0.01 8 12.3062 0.01
r 22 0.01 8 11.9071 0.01
r 24 0.01 8 11.526 0.01
r 26 0.01 8 11.129 0.01
r 28 0.01 8 10.7287 0.01
r 30 0.01 8 10.2994 0.01
r 32 0.01 8 9.8558 0.01
r 34 0.01 8 9.42183 0.01
r 36 0.01 8 8.99373 0.01
r 38 0.01 8 8.58252 0.01
r 40 0.01 8 8.17383 0.01
r 42 0.01 8 7.75244 0.01
r 44 0.01 8 7.32749 0.01
r 46 0.01 8 6.88912 0.01
r 48 0.01 8 6.54676 0.01
r 50 0.01 8 5.98829 0.01
r 52 0.01 8 5.43483 0.01
r 54 0.01 8 4.71251 0.01
r 56 0.01 8 4.16137 0.01
r 58 0.01 8 3.67732 0.01
r 60 0.01 8 3.41969 0.01
r 62 0.01 8 3.70074 0.01
r 64 0.01 8 4.18909 0.01
r 66 0.01 8 4.7151 0.01
r 68 0.01 8 5.25902 0.01
r 70 0.01 8 5.7476 0.01
r 72 0.01 8 6.28629 0.01
r 74 0.01 8 6.82142 0.01
r 76 0.01 8 7.36084 0.01
r 78 0.01 8 7.88095 0.01
r 80 0.01 8 8.37082 0.01
s 70 2 124
r 20 0.01 0 9.08428 0.01
r 22 0.01 0 8.86036 0.01
r 24 0.01 0 8.6483 0.01
r 26 0.01 0 8.47317 0.01
r 28 0.01 0 8.30721 0.01
r 30 0.01 0 8.07224 0.01
r 32 0.01 0 7.81847 0.01
r 34 0.01 0 7.5801 0.01
r 36 0.01 0 7.35281 0.01
r 38 0.01 0 7.14509 0.01
r 40 0.01 0 6.93751 0.01
r 42 0.01 0 6.686 0.01
r 44 0.01 0 6.40707 0.01
r 46 0.01 0 6.14689 0.01
r 48 0.01 0 5.92282 0.01
r 50 0.01 0 5.69243 0.01
r 52 0.01 0 5.42721 0.01
r 54 0.01 0 5.13612 0.01
r 56 0.01 0 4.8123 0.01
r 58 0.01 0 4.49823 0.01
r 60 0.01 0 4.23312 0.01
r 62 0.01 0 3.97829 0.01
r 64 0.01 0 3.47869 0.01
r 66 0.01 0 2.73726 0.01
r 68 0.01 0 1.87402 0.01
r 70 0.01 0 1.32187 0.01
r 72 0.01 0 1.87405 0.01
r 74 0.01 0 2.74521 0.01
r 76 0.01 0 3.50162 0.01
r 78 0.01 0 4.03901 0.01
r 80 0.01 0 4.3965 0.01
r 20 0.01 6 13.6161 0.01
r 22 0.01 6 13.2266 0.01
r 24 0.01 6 12.87 0.01
r 26 0.01 6 12.5038 0.01
r 28 0.01 6 12.1128 0.01
r 30 0.01 6 11.6885 0.01
r 32 0.01 6 11.2511 0.01
r 34 0.01 6 10.8215 0.01
r 36 0.01 6 10.4059 0.01
r 38 0.01 6 10.0095 0.01
r 40 0.01 6 9.60812 0.01
r 42 0.01 6 9.18801 0.01
r 44 0.01 6 8.77215 0.01
r 46 0.01 6 8.36371 0.01
r 48 0.01 6 7.92781 0.01
r 50 0.01 6 7.46169 0.01
r 52 0.01 6 6.94375 0.01
r 54 0.01 6 6.3772 0.01
r 56 0.01 6 5.78047 0.01
r 58 0.01 6 5.24823 0.01
r 60 0.01 6 4.72663 0.01
r 62 0.01 6 4.23404 0.01
r 64 0.01 6 3.74771 0.01
r 66 0.01 6 3.36295 0.01
r 68 0.01 6 3.13592 0.01
r 70 0.01 6 2.923 0.01
r 72 0.01 6 3.08324 0.01
r 74 0.01 6 3.42839 0.01
r 76 0.01 6 3.83661 0.01
r 78 0.01 6 4.29744 0.01
r 80 0.01 6 4.82598 0.01
r 20 0.01 7 9.9495 0.01
r 22 0.01 7 9.72396 0.01
r 24 0.01 7 9.50995 0.01
r 26 0.01 7 9.326 0.01
r 28 0.01 7 9.17359 0.01
r 30 0.01 7 8.96028 0.01
r 32 0.01 7 8.69887 0.01
r 34 0.01 7 8.46311 0.01
r 36 0.01 7 8.22428 0.01
r 38 0.01 7 8.01381 0.01
r 40 0.01 7 7.82015 0.01
r 42 0.01 7 7.58176 0.01
r 44 0.01 7 7.3238 0.01
r 46 0.01 7 7.04102 0.01
r 48 0.01 7 6.81057 0.01
r 50 0.01 7 6.60764 0.01
r 52 0.01 7 6.36402 0.01
r 54 0.01 7 6.05663 0.01
r 56 0.01 7 5.7544 0.01
r 58 0.01 7 5.42921 0.01
r 60 0.01 7 5.17136 0.01
r 62 0.01 7 4.94653 0.01
r 64 0.01 7 4.59012 0.01
r 66 0.01 7 4.23471 0.01
r 68 0.01 7 3.80577 0.01
r 70 0.01 7 3.67014 0.01
r 72 0.01 7 3.83785 0.01
r 74 0.01 7 4.3088 0.01
r 76 0.01 7 4.62234 0.01
r 78 0.01 7 4.97729 0.01
r 80 0.01 7 5.33651 0.01
r 20 0.01 8 14.4708 0.01
r 22 0.01 8 14.087 0.01
r 24 0.01 8 13.7123 0.01
r 26 0.01 8 13.3586 0.01
r 28 0.01 8 12.9629 0.01
r 30 0.01 8 12.543 0.01
r 32 0.01 8 12.1008 0.01
r 34 0.01 8 11.6725 0.01
r 36 0.01 8 11.2584 0.01
r 38 0.01 8 10.8667 0.01
r 40 0.01 8 10.4726 0.01
r 42 0.01 8 10.0512 0.01
r 44 0.01 8 9.634 0.01
r 46 0.01 8 9.22805 0.01
r 48 0.01 8 8.80656 0.01
r 50 0.01 8 8.3772 0.01
r 52 0.01 8 7.91726 0.01
r 54 0.01 8 7.45671 0.01
r 56 0.01 8 6.93755 0.01
r 58 0.01 8 6.38986 0.01
r 60 0.01 8 5.82383 0.01
r 62 0.01 8 5.3795 0.01
r 64 0.01 8 4.79181 0.01
r 66 0.01 8 4.34925 0.01
r 68 0.01 8 3.92494 0.01
r 70 0.01 8 3.67109 0.01
r 72 0.01 8 3.91076 0.01
r 74 0.01 8 4.25922 0.01
r 76 0.01 8 4.8511 0.01
r 78 0.01 8 5.58776 0.01
r 80 0.01 8 6.10953 0.01
