5
s 30 2 124
r 20 0.01 0 3.68734 0.01
r 22 0.01 0 3.40933 0.01
r 24 0.01 0 3.15386 0.01
r 26 0.01 0 2.97967 0.01
r 28 0.01 0 1.88169 0.01
r 30 0.01 0 1.32722 0.01
r 32 0.01 0 1.8817 0.01
r 34 0.01 0 2.9797 0.01
r 36 0.01 0 3.2529 0.01
r 38 0.01 0 3.56941 0.01
r 40 0.01 0 3.92029 0.01
r 42 0.01 0 4.26223 0.01
r 44 0.01 0 4.55446 0.01
r 46 0.01 0 4.77146 0.01
r 48 0.01 0 5.04505 0.01
r 50 0.01 0 5.36763 0.01
r 52 0.01 0 5.68213 0.01
r 54 0.01 0 5.98196 0.01
r 56 0.01 0 6.24556 0.01
r 58 0.01 0 6.47567 0.01
r 60 0.01 0 6.71397 0.01
r 62 0.01 0 6.98801 0.01
r 64 0.01 0 7.32894 0.01
r 66 0.01 0 7.63846 0.01
r 68 0.01 0 7.84242 0.01
r 70 0.01 0 8.07445 0.01
r 72 0.01 0 8.3274 0.01
r 74 0.01 0 8.59788 0.01
r 76 0.01 0 8.84462 0.01
r 78 0.01 0 9.15548 0.01
r 80 0.01 0 9.38862 0.01
r 20 0.01 6 4.55253 0.01
r 22 0.01 6 4.11978 0.01
r 24 0.01 6 3.71168 0.01
r 26 0.01 6 3.35821 0.01
r 28 0.01 6 2.83693 0.01
r 30 0.01 6 2.6556 0.01
r 32 0.01 6 2.78558 0.01
r 34 0.01 6 3.18338 0.01
r 36 0.01 6 3.62792 0.01
r 38 0.01 6 4.08153 0.01
r 40 0.01 6 4.57972 0.01
r 42 0.01 6 5.07034 0.01
r 44 0.01 6 5.55491 0.01
r 46 0.01 6 5.93768 0.01
r 48 0.01 6 6.33384 0.01
r 50 0.01 6 6.79598 0.01
r 52 0.01 6 7.25294 0.01
r 54 0.01 6 7.70088 0.01
r 56 0.01 6 8.11036 0.01
r 58 0.01 6 8.5189 0.01
r 60 0.01 6 8.88987 0.01
r 62 0.01 6 9.29468 0.01
r 64 0.01 6 9.74811 0.01
r 66 0.01 6 10.1962 0.01
r 68 0.01 6 10.5772 0.01
r 70 0.01 6 10.9401 0.01
r 72 0.01 6 11.3284 0.01
r 74 0.01 6 11.7376 0.01
r 76 0.01 6 12.1169 0.01
r 78 0.01 6 12.5335 0.01
r 80 0.01 6 12.9555 0.01
r 20 0.01 7 4.00601 0.01
r 22 0.01 7 3.72403 0.01
r 24 0.01 7 3.45465 0.01
r 26 0.01 7 3.25287 0.01
r 28 0.01 7 3.09064 0.01
r 30 0.01 7 2.80506 0.01
r 32 0.01 7 3.02795 0.01
r 34 0.01 7 3.31518 0.01
r 36 0.01 7 3.60495 0.01
r 38 0.01 7 3.94882 0.01
r 40 0.01 7 4.30097 0.01
r 42 0.01 7 4.62747 0.01
r 44 0.01 7 4.87745 0.01
r 46 0.01 7 5.08892 0.01
r 48 0.01 7 5.39944 0.01
r 50 0.01 7 5.72406 0.01
r 52 0.01 7 6.04351 0.01
r 54 0.01 7 6.3107 0.01
r 56 0.01 7 6.57165 0.01
r 58 0.01 7 6.78156 0.01
r 60 0.01 7 7.03286 0.01
r 62 0.01 7 7.34164 0.01
r 64 0.01 7 7.6608 0.01
r 66 0.01 7 7.94871 0.01
r 68 0.01 7 8.15012 0.01
r 70 0.01 7 8.3886 0.01
r 72 0.01 7 8.67059 0.01
r 74 0.01 7 8.91506 0.01
r 76 0.01 7 9.19383 0.01
r 78 0.01 7 9.49387 0.01
r 80 0.01 7 9.68128 0.01
r 20 0.01 8 4.59229 0.01
r 22 0.01 8 4.67603 0.01
r 24 0.01 8 4.18673 0.01
r 26 0.01 8 3.47556 0.01
r 28 0.01 8 3.12207 0.01
r 30 0.01 8 2.81269 0.01
r 32 0.01 8 3.11375 0.01
r 34 0.01 8 3.39014 0.01
r 36 0.01 8 3.82088 0.01
r 38 0.01 8 4.27252 0.01
r 40 0.01 8 4.76417 0.01
r 42 0.01 8 5.2551 0.01
r 44 0.01 8 5.73154 0.01
r 46 0.01 8 6.13723 0.01
r 48 0.01 8 6.50964 0.01
r 50 0.01 8 6.97143 0.01
r 52 0.01 8 7.4228 0.01
r 54 0.01 8 7.87352 0.01
r 56 0.01 8 8.28354 0.01
r 58 0.01 8 8.69042 0.01
r 60 0.01 8 9.06033 0.01
r 62 0.01 8 9.46418 0.01
r 64 0.01 8 9.92183 0.01
r 66 0.01 8 10.3829 0.01
r 68 0.01 8 10.7484 0.01
r 70 0.01 8 11.1102 0.01
r 72 0.01 8 11.4969 0.01
r 74 0.01 8 11.9076 0.01
r 76 0.01 8 12.2834 0.01
r 78 0.01 8 12.702 0.01
r 80 0.01 8 13.119 0.01
s 40 2 124
r 20 0.01 0 5.14676 0.01
r 22 0.01 0 4.87628 0.01
r 24 0.01 0 4.62326 0.01
r 26 0.01 0 4.43412 0.01
r 28 0.01 0 4.23966 0.01
r 30 0.01 0 3.92116 0.01
r 32 0.01 0 3.60932 0.01
r 34 0.01 0 3.32122 0.01
r 36 0.01 0 2.98009 0.01
r 38 0.01 0 1.88195 0.01
r 40 0.01 0 1.3274 0.01
r 42 0.01 0 1.88195 0.01
r 44 0.01 0 2.98008 0.01
r 46 0.01 0 3.46139 0.01
r 48 0.01 0 3.73943 0.01
r 50 0.01 0 4.07929 0.01
r 52 0.01 0 4.41441 0.01
r 54 0.01 0 4.73294 0.01
r 56 0.01 0 5.01096 0.01
r 58 0.01 0 5.25525 0.01
r 60 0.01 0 5.50591 0.01
r 62 0.01 0 5.78895 0.01
r 64 0.01 0 6.14682 0.01
r 66 0.01 0 6.47329 0.01
r 68 0.01 0 6.6851 0.01
r 70 0.01 0 6.92176 0.01
r 72 0.01 0 7.18987 0.01
r 74 0.01 0 7.4745 0.01
r 76 0.01 0 7.72895 0.01
r 78 0.01 0 8.0621 0.01
r 80 0.01 0 8.30583 0.01
r 20 0.01 6 6.61817 0.01
r 22 0.01 6 6.19823 0.01
r 24 0.01 6 5.80904 0.01
r 26 0.01 6 5.63467 0.01
r 28 0.01 6 5.06467 0.01
r 30 0.01 6 4.58035 0.01
r 32 0.01 6 4.1284 0.01
r 34 0.01 6 3.68329 0.01
r 36 0.01 6 3.27968 0.01
r 38 0.01 6 2.91592 0.01
r 40 0.01 6 2.80035 0.01
r 42 0.01 6 3.01348 0.01
r 44 0.01 6 3.58974 0.01
r 46 0.01 6 4.01434 0.01
r 48 0.01 6 4.38096 0.01
r 50 0.01 6 4.79668 0.01
r 52 0.01 6 5.20465 0.01
r 54 0.01 6 5.67691 0.01
r 56 0.01 6 6.11527 0.01
r 58 0.01 6 6.54338 0.01
r 60 0.01 6 6.93017 0.01
r 62 0.01 6 7.35205 0.01
r 64 0.01 6 7.82454 0.01
r 66 0.01 6 8.29371 0.01
r 68 0.01 6 8.69506 0.01
r 70 0.01 6 9.06623 0.01
r 72 0.01 6 9.46665 0.01
r 74 0.01 6 9.88937 0.01
r 76 0.01 6 10.2876 0.01
r 78 0.01 6 10.7165 0.01
r 80 0.01 6 11.1421 0.01
r 20 0.01 7 5.49929 0.01
r 22 0.01 7 5.2284 0.01
r 24 0.01 7 4.97025 0.01
r 26 0.01 7 4.77316 0.01
r 28 0.01 7 4.60888 0.01
r 30 0.01 7 4.32273 0.01
r 32 0.01 7 3.99367 0.01
r 34 0.01 7 3.70233 0.01
r 36 0.01 7 3.42182 0.01
r 38 0.01 7 3.19688 0.01
r 40 0.01 7 2.97836 0.01
r 42 0.01 7 3.1935 0.01
r 44 0.01 7 3.55996 0.01
r 46 0.01 7 3.7824 0.01
r 48 0.01 7 4.11198 0.01
r 50 0.01 7 4.45107 0.01
r 52 0.01 7 4.78852 0.01
r 54 0.01 7 5.07633 0.01
r 56 0.01 7 5.34797 0.01
r 58 0.01 7 5.57032 0.01
r 60 0.01 7 5.83374 0.01
r 62 0.01 7 6.18458 0.01
r 64 0.01 7 6.51476 0.01
r 66 0.01 7 6.78888 0.01
r 68 0.01 7 6.99822 0.01
r 70 0.01 7 7.24762 0.01
r 72 0.01 7 7.55336 0.01
r 74 0.01 7 7.80277 0.01
r 76 0.01 7 8.06404 0.01
r 78 0.01 7 8.38684 0.01
r 80 0.01 7 8.60228 0.01
r 20 0.01 8 6.828 0.01
r 22 0.01 8 6.4 0.01
r 24 0.01 8 6.01947 0.01
r 26 0.01 8 5.87704 0.01
r 28 0.01 8 5.26841 0.01
r 30 0.01 8 4.78664 0.01
r 32 0.01 8 4.33552 0.01
r 34 0.01 8 3.91376 0.01
r 36 0.01 8 3.63857 0.01
r 38 0.01 8 3.30663 0.01
r 40 0.01 8 2.98006 0.01
r 42 0.01 8 3.27556 0.01
r 44 0.01 8 3.79747 0.01
r 46 0.01 8 4.36408 0.01
r 48 0.01 8 4.84678 0.01
r 50 0.01 8 5.34074 0.01
r 52 0.01 8 5.42883 0.01
r 54 0.01 8 5.90163 0.01
r 56 0.01 8 6.33136 0.01
r 58 0.01 8 6.75434 0.01
r 60 0.01 8 7.13921 0.01
r 62 0.01 8 7.55935 0.01
r 64 0.01 8 8.04628 0.01
r 66 0.01 8 8.53227 0.01
r 68 0.01 8 8.90599 0.01
r 70 0.01 8 9.27425 0.01
r 72 0.01 8 9.67366 0.01
r 74 0.01 8 10.1061 0.01
r 76 0.01 8 10.494 0.01
r 78 0.01 8 10.9282 0.01
r 80 0.01 8 11.3523 0.01
s 50 2 124
r 20 0.01 0 6.51965 0.01
r 22 0.01 0 6.26225 0.01
r 24 0.01 0 6.02123 0.01
r 26 0.01 0 5.84104 0.01
r 28 0.01 0 5.66233 0.01
r 30 0.01 0 5.3661 0.01
r 32 0.01 0 5.07163 0.01
r 34 0.01 0 4.79981 0.01
r 36 0.01 0 4.54221 0.01
r 38 0.01 0 4.32345 0.01
r 40 0.01 0 4.10071 0.01
r 42 0.01 0 3.80247 0.01
r 44 0.01 0 3.45748 0.01
r 46 0.01 0 2.97958 0.01
r 48 0.01 0 1.88163 0.01
r 50 0.01 0 1.32717 0.01
r 52 0.01 0 1.88162 0.01
r 54 0.01 0 2.97957 0.01
r 56 0.01 0 3.66826 0.01
r 58 0.01 0 3.92763 0.01
r 60 0.01 0 4.18405 0.01
r 62 0.01 0 4.48021 0.01
r 64 0.01 0 4.86261 0.01
r 66 0.01 0 5.21127 0.01
r 68 0.01 0 5.43728 0.01
r 70 0.01 0 5.67997 0.01
r 72 0.01 0 5.95833 0.01
r 74 0.01 0 6.2575 0.01
r 76 0.01 0 6.52618 0.01
r 78 0.01 0 6.8685 0.01
r 80 0.01 0 7.12978 0.01
r 20 0.01 6 8.73366 0.01
r 22 0.01 6 8.33194 0.01
r 24 0.01 6 7.95777 0.01
r 26 0.01 6 7.62795 0.01
r 28 0.01 6 7.24308 0.01
r 30 0.01 6 6.79254 0.01
r 32 0.01 6 6.36176 0.01
r 34 0.01 6 5.93386 0.01
r 36 0.01 6 5.53702 0.01
r 38 0.01 6 5.30877 0.01
r 40 0.01 6 4.8179 0.01
r 42 0.01 6 4.26656 0.01
r 44 0.01 6 3.77576 0.01
r 46 0.01 6 3.37805 0.01
r 48 0.01 6 3.0308 0.01
r 50 0.01 6 2.92782 0.01
r 52 0.01 6 3.12591 0.01
r 54 0.01 6 3.66555 0.01
r 56 0.01 6 4.0356 0.01
r 58 0.01 6 4.49565 0.01
r 60 0.01 6 4.8356 0.01
r 62 0.01 6 5.26662 0.01
r 64 0.01 6 5.76137 0.01
r 66 0.01 6 6.25947 0.01
r 68 0.01 6 6.68553 0.01
r 70 0.01 6 7.07229 0.01
r 72 0.01 6 7.48857 0.01
r 74 0.01 6 7.92894 0.01
r 76 0.01 6 8.34521 0.01
r 78 0.01 6 8.79055 0.01
r 80 0.01 6 9.23251 0.01
r 20 0.01 7 6.8861 0.01
r 22 0.01 7 6.63001 0.01
r 24 0.01 7 6.38064 0.01
r 26 0.01 7 6.19444 0.01
r 28 0.01 7 6.04222 0.01
r 30 0.01 7 5.7815 0.01
r 32 0.01 7 5.45061 0.01
r 34 0.01 7 5.18896 0.01
r 36 0.01 7 4.9179 0.01
r 38 0.01 7 4.70336 0.01
r 40 0.01 7 4.4846 0.01
r 42 0.01 7 4.25165 0.01
r 44 0.01 7 3.90399 0.01
r 46 0.01 7 3.5751 0.01
r 48 0.01 7 3.34611 0.01
r 50 0.01 7 3.12233 0.01
r 52 0.01 7 3.32985 0.01
r 54 0.01 7 3.76218 0.01
r 56 0.01 7 4.0499 0.01
r 58 0.01 7 4.28036 0.01
r 60 0.01 7 4.55189 0.01
r 62 0.01 7 4.88771 0.01
r 64 0.01 7 5.2657 0.01
r 66 0.01 7 5.56375 0.01
r 68 0.01 7 5.78169 0.01
r 70 0.01 7 6.04153 0.01
r 72 0.01 7 6.33527 0.01
r 74 0.01 7 6.62495 0.01
r 76 0.01 7 6.89346 0.01
r 78 0.01 7 7.2502 0.01
r 80 0.01 7 7.45819 0.01
r 20 0.01 8 8.97433 0.01
r 22 0.01 8 8.56377 0.01
r 24 0.01 8 8.19372 0.01
r 26 0.01 8 7.86088 0.01
r 28 0.01 8 7.46751 0.01
r 30 0.01 8 7.01914 0.01
r 32 0.01 8 6.59141 0.01
r 34 0.01 8 6.178 0.01
r 36 0.01 8 5.77829 0.01
r 38 0.01 8 5.76969 0.01
r 40 0.01 8 5.0429 0.01
r 42 0.01 8 4.50046 0.01
r 44 0.01 8 4.07289 0.01
r 46 0.01 8 3.78451 0.01
r 48 0.01 8 3.42786 0.01
r 50 0.01 8 3.13078 0.01
r 52 0.01 8 3.46033 0.01
r 54 0.01 8 3.89317 0.01
r 56 0.01 8 4.27029 0.01
r 58 0.01 8 4.7597 0.01
r 60 0.01 8 6.40518 0.01
r 62 0.01 8 5.51927 0.01
r 64 0.01 8 6.00617 0.01
r 66 0.01 8 6.54491 0.01
r 68 0.01 8 6.93365 0.01
r 70 0.01 8 7.3194 0.01
r 72 0.01 8 7.73375 0.01
r 74 0.01 8 8.18165 0.01
r 76 0.01 8 8.58887 0.01
r 78 0.01 8 9.03071 0.01
r 80 0.01 8 9.47034 0.01
s 60 2 124
r 20 0.01 0 7.80246 0.01
r 22 0.01 0 7.55857 0.01
r 24 0.01 0 7.32509 0.01
r 26 0.01 0 7.15284 0.01
r 28 0.01 0 6.98682 0.01
r 30 0.01 0 6.7027 0.01
r 32 0.01 0 6.42643 0.01
r 34 0.01 0 6.17206 0.01
r 36 0.01 0 5.92873 0.01
r 38 0.01 0 5.72357 0.01
r 40 0.01 0 5.51354 0.01
r 42 0.01 0 5.23633 0.01
r 44 0.01 0 4.91017 0.01
r 46 0.01 0 4.63432 0.01
r 48 0.01 0 4.41535 0.01
r 50 0.01 0 4.19326 0.01
r 52 0.01 0 3.93739 0.01
r 54 0.01 0 3.65242 0.01
r 56 0.01 0 2.98008 0.01
r 58 0.01 0 1.88195 0.01
r 60 0.01 0 1.3274 0.01
r 62 0.01 0 1.88196 0.01
r 64 0.01 0 2.9801 0.01
r 66 0.01 0 3.75778 0.01
r 68 0.01 0 4.08971 0.01
r 70 0.01 0 4.33935 0.01
r 72 0.01 0 4.62533 0.01
r 74 0.01 0 4.94385 0.01
r 76 0.01 0 5.21967 0.01
r 78 0.01 0 5.58313 0.01
r 80 0.01 0 5.86254 0.01
r 20 0.01 6 10.7396 0.01
r 22 0.01 6 10.3508 0.01
r 24 0.01 6 9.98805 0.01
r 26 0.01 6 9.66967 0.01
r 28 0.01 6 9.30726 0.01
r 30 0.01 6 8.87918 0.01
r 32 0.01 6 8.46836 0.01
r 34 0.01 6 8.06646 0.01
r 36 0.01 6 7.6892 0.01
r 38 0.01 6 7.31767 0.01
r 40 0.01 6 6.94221 0.01
r 42 0.01 6 6.48536 0.01
r 44 0.01 6 6.01746 0.01
r 46 0.01 6 5.61899 0.01
r 48 0.01 6 5.35645 0.01
r 50 0.01 6 4.86102 0.01
r 52 0.01 6 4.42863 0.01
r 54 0.01 6 4.03237 0.01
r 56 0.01 6 3.47323 0.01
r 58 0.01 6 3.08405 0.01
r 60 0.01 6 2.93587 0.01
r 62 0.01 6 3.15799 0.01
r 64 0.01 6 3.6107 0.01
r 66 0.01 6 4.14409 0.01
r 68 0.01 6 4.73873 0.01
r 70 0.01 6 5.0789 0.01
r 72 0.01 6 5.71172 0.01
r 74 0.01 6 6.09506 0.01
r 76 0.01 6 6.29915 0.01
r 78 0.01 6 6.75603 0.01
r 80 0.01 6 7.22355 0.01
r 20 0.01 7 8.14167 0.01
r 22 0.01 7 7.89555 0.01
r 24 0.01 7 7.65514 0.01
r 26 0.01 7 7.47846 0.01
r 28 0.01 7 7.33219 0.01
r 30 0.01 7 7.08176 0.01
r 32 0.01 7 6.77065 0.01
r 34 0.01 7 6.51828 0.01
r 36 0.01 7 6.27368 0.01
r 38 0.01 7 6.07131 0.01
r 40 0.01 7 5.85896 0.01
r 42 0.01 7 5.63311 0.01
r 44 0.01 7 5.30715 0.01
r 46 0.01 7 4.98996 0.01
r 48 0.01 7 4.77478 0.01
r 50 0.01 7 4.55544 0.01
r 52 0.01 7 4.32642 0.01
r 54 0.01 7 4.04341 0.01
r 56 0.01 7 3.75123 0.01
r 58 0.01 7 3.29713 0.01
r 60 0.01 7 3.1374 0.01
r 62 0.01 7 3.36181 0.01
r 64 0.01 7 3.88953 0.01
r 66 0.01 7 4.20709 0.01
r 68 0.01 7 4.43016 0.01
r 70 0.01 7 4.69974 0.01
r 72 0.01 7 5.02186 0.01
r 74 0.01 7 5.30259 0.01
r 76 0.01 7 5.60468 0.01
r 78 0.01 7 6.02687 0.01
r 80 0.01 7 6.18318 0.01
r 20 0.01 8 10.9744 0.01
r 22 0.01 8 10.5896 0.01
r 24 0.01 8 10.2248 0.01
r 26 0.01 8 9.90968 0.01
r 28 0.01 8 9.55355 0.01
r 30 0.01 8 9.11002 0.01
r 32 0.01 8 8.71248 0.01
r 34 0.01 8 8.31455 0.01
r 36 0.01 8 7.93756 0.01
r 38 0.01 8 7.61014 0.01
r 40 0.01 8 7.20004 0.01
r 42 0.01 8 6.7324 0.01
r 44 0.01 8 6.26665 0.01
r 46 0.01 8 5.88058 0.01
r 48 0.01 8 5.47633 0.01
r 50 0.01 8 5.08975 0.01
r 52 0.01 8 4.6466 0.01
r 54 0.01 8 4.27139 0.01
r 56 0.01 8 3.76204 0.01
r 58 0.01 8 3.46895 0.01
r 60 0.01 8 3.1387 0.01
r 62 0.01 8 3.39616 0.01
r 64 0.01 8 3.97359 0.01
r 66 0.01 8 4.45146 0.01
r 68 0.01 8 5.01778 0.01
r 70 0.01 8 5.36032 0.01
r 72 0.01 8 5.95046 0.01
r 74 0.01 8 6.44279 0.01
r 76 0.01 8 6.5424 0.01
r 78 0.01 8 7.00415 0.01
r 80 0.01 8 7.46918 0.01
s 70 2 124
r 20 0.01 0 9.1014 0.01
r 22 0.01 0 8.8654 0.01
r 24 0.01 0 8.64643 0.01
r 26 0.01 0 8.48389 0.01
r 28 0.01 0 8.33122 0.01
r 30 0.01 0 8.06283 0.01
r 32 0.01 0 7.79398 0.01
r 34 0.01 0 7.5511 0.01
r 36 0.01 0 7.32112 0.01
r 38 0.01 0 7.12902 0.01
r 40 0.01 0 6.92896 0.01
r 42 0.01 0 6.67445 0.01
r 44 0.01 0 6.36826 0.01
r 46 0.01 0 6.10594 0.01
r 48 0.01 0 5.899 0.01
r 50 0.01 0 5.68814 0.01
r 52 0.01 0 5.45015 0.01
r 54 0.01 0 5.1783 0.01
r 56 0.01 0 4.86907 0.01
r 58 0.01 0 4.57956 0.01
r 60 0.01 0 4.35463 0.01
r 62 0.01 0 4.18694 0.01
r 64 0.01 0 3.76424 0.01
r 66 0.01 0 2.98035 0.01
r 68 0.01 0 1.88212 0.01
r 70 0.01 0 1.32752 0.01
r 72 0.01 0 1.88211 0.01
r 74 0.01 0 2.98033 0.01
r 76 0.01 0 3.75701 0.01
r 78 0.01 0 4.29182 0.01
r 80 0.01 0 4.58451 0.01
r 20 0.01 6 12.7153 0.01
r 22 0.01 6 12.3443 0.01
r 24 0.01 6 11.9949 0.01
r 26 0.01 6 11.6892 0.01
r 28 0.01 6 11.3406 0.01
r 30 0.01 6 10.9313 0.01
r 32 0.01 6 10.5356 0.01
r 34 0.01 6 10.1516 0.01
r 36 0.01 6 9.78969 0.01
r 38 0.01 6 9.43622 0.01
r 40 0.01 6 9.0786 0.01
r 42 0.01 6 8.64991 0.01
r 44 0.01 6 8.2131 0.01
r 46 0.01 6 7.82889 0.01
r 48 0.01 6 7.45845 0.01
r 50 0.01 6 7.08224 0.01
r 52 0.01 6 6.66513 0.01
r 54 0.01 6 6.23945 0.01
r 56 0.01 6 5.96918 0.01
r 58 0.01 6 5.4554 0.01
r 60 0.01 6 5.16547 0.01
r 62 0.01 6 4.73827 0.01
r 64 0.01 6 4.14116 0.01
r 66 0.01 6 3.67796 0.01
r 68 0.01 6 3.3449 0.01
r 70 0.01 6 3.20024 0.01
r 72 0.01 6 3.37638 0.01
r 74 0.01 6 3.912 0.01
r 76 0.01 6 4.2435 0.01
r 78 0.01 6 4.69857 0.01
r 80 0.01 6 5.141 0.01
r 20 0.01 7 9.48194 0.01
r 22 0.01 7 9.24588 0.01
r 24 0.01 7 9.01751 0.01
r 26 0.01 7 8.85132 0.01
r 28 0.01 7 8.72224 0.01
r 30 0.01 7 8.4873 0.01
r 32 0.01 7 8.18212 0.01
r 34 0.01 7 7.94165 0.01
r 36 0.01 7 7.70446 0.01
r 38 0.01 7 7.51917 0.01
r 40 0.01 7 7.31693 0.01
r 42 0.01 7 7.11457 0.01
r 44 0.01 7 6.80802 0.01
r 46 0.01 7 6.5081 0.01
r 48 0.01 7 6.29665 0.01
r 50 0.01 7 6.0923 0.01
r 52 0.01 7 5.87454 0.01
r 54 0.01 7 5.60988 0.01
r 56 0.01 7 5.33544 0.01
r 58 0.01 7 5.01258 0.01
r 60 0.01 7 4.75522 0.01
r 62 0.01 7 4.60654 0.01
r 64 0.01 7 4.38397 0.01
r 66 0.01 7 4.04545 0.01
r 68 0.01 7 3.58632 0.01
r 70 0.01 7 3.44732 0.01
r 72 0.01 7 3.62289 0.01
r 74 0.01 7 4.06744 0.01
r 76 0.01 7 4.37471 0.01
r 78 0.01 7 4.75804 0.01
r 80 0.01 7 4.99204 0.01
r 20 0.01 8 13.0031 0.01
r 22 0.01 8 12.632 0.01
r 24 0.01 8 12.2848 0.01
r 26 0.01 8 11.9744 0.01
r 28 0.01 8 11.646 0.01
r 30 0.01 8 11.2335 0.01
r 32 0.01 8 10.8385 0.01
r 34 0.01 8 10.4505 0.01
r 36 0.01 8 10.1094 0.01
r 38 0.01 8 9.72685 0.01
r 40 0.01 8 9.37737 0.01
r 42 0.01 8 8.93788 0.01
r 44 0.01 8 8.49994 0.01
r 46 0.01 8 8.12352 0.01
r 48 0.01 8 7.76528 0.01
r 50 0.01 8 7.37251 0.01
r 52 0.01 8 6.9565 0.01
r 54 0.01 8 6.53443 0.01
r 56 0.01 8 6.43616 0.01
r 58 0.01 8 5.95573 0.01
r 60 0.01 8 5.59414 0.01
r 62 0.01 8 4.91913 0.01
r 64 0.01 8 4.45059 0.01
r 66 0.01 8 4.1078 0.01
r 68 0.01 8 3.72616 0.01
r 70 0.01 8 3.44811 0.01
r 72 0.01 8 3.74915 0.01
r 74 0.01 8 4.16911 0.01
r 76 0.01 8 4.56737 0.01
r 78 0.01 8 4.99986 0.01
r 80 0.01 8 5.44496 0.01
