5
s 30 2 31
r 20 0.01 6 5.21639 0.01
r 22 0.01 6 4.7368 0.01
r 24 0.01 6 4.2863 0.01
r 26 0.01 6 3.90406 0.01
r 28 0.01 6 3.67945 0.01
r 30 0.01 6 3.52542 0.01
r 32 0.01 6 3.6926 0.01
r 34 0.01 6 3.90323 0.01
r 36 0.01 6 4.28715 0.01
r 38 0.01 6 4.73708 0.01
r 40 0.01 6 5.21582 0.01
r 42 0.01 6 5.69592 0.01
r 44 0.01 6 6.17553 0.01
r 46 0.01 6 6.65356 0.01
r 48 0.01 6 7.13014 0.01
r 50 0.01 6 7.60491 0.01
r 52 0.01 6 8.07691 0.01
r 54 0.01 6 8.54672 0.01
r 56 0.01 6 9.01274 0.01
r 58 0.01 6 9.47553 0.01
r 60 0.01 6 9.93098 0.01
r 62 0.01 6 10.3855 0.01
r 64 0.01 6 10.8364 0.01
r 66 0.01 6 11.2822 0.01
r 68 0.01 6 11.7227 0.01
r 70 0.01 6 12.1592 0.01
r 72 0.01 6 12.5815 0.01
r 74 0.01 6 13.0162 0.01
r 76 0.01 6 13.4227 0.01
r 78 0.01 6 13.8343 0.01
r 80 0.01 6 14.2405 0.01
s 40 2 31
r 20 0.01 6 7.60491 0.01
r 22 0.01 6 7.13014 0.01
r 24 0.01 6 6.65356 0.01
r 26 0.01 6 6.17553 0.01
r 28 0.01 6 5.69592 0.01
r 30 0.01 6 5.21639 0.01
r 32 0.01 6 4.73632 0.01
r 34 0.01 6 4.28725 0.01
r 36 0.01 6 3.90384 0.01
r 38 0.01 6 3.67966 0.01
r 40 0.01 6 3.52497 0.01
r 42 0.01 6 3.69107 0.01
r 44 0.01 6 3.90341 0.01
r 46 0.01 6 4.28678 0.01
r 48 0.01 6 4.73692 0.01
r 50 0.01 6 5.21582 0.01
r 52 0.01 6 5.69592 0.01
r 54 0.01 6 6.17553 0.01
r 56 0.01 6 6.65356 0.01
r 58 0.01 6 7.13014 0.01
r 60 0.01 6 7.60491 0.01
r 62 0.01 6 8.07691 0.01
r 64 0.01 6 8.54672 0.01
r 66 0.01 6 9.01272 0.01
r 68 0.01 6 9.47553 0.01
r 70 0.01 6 9.93098 0.01
r 72 0.01 6 10.3855 0.01
r 74 0.01 6 10.8364 0.01
r 76 0.01 6 11.2822 0.01
r 78 0.01 6 11.7227 0.01
r 80 0.01 6 12.1592 0.01
s 50 2 31
r 20 0.01 6 9.93098 0.01
r 22 0.01 6 9.47553 0.01
r 24 0.01 6 9.01274 0.01
r 26 0.01 6 8.54672 0.01
r 28 0.01 6 8.07691 0.01
r 30 0.01 6 7.60491 0.01
r 32 0.01 6 7.13014 0.01
r 34 0.01 6 6.65356 0.01
r 36 0.01 6 6.17553 0.01
r 38 0.01 6 5.69592 0.01
r 40 0.01 6 5.21639 0.01
r 42 0.01 6 4.73693 0.01
r 44 0.01 6 4.28809 0.01
r 46 0.01 6 3.90387 0.01
r 48 0.01 6 3.67861 0.01
r 50 0.01 6 3.52548 0.01
r 52 0.01 6 3.69258 0.01
r 54 0.01 6 3.90418 0.01
r 56 0.01 6 4.2859 0.01
r 58 0.01 6 4.73684 0.01
r 60 0.01 6 5.21582 0.01
r 62 0.01 6 5.69592 0.01
r 64 0.01 6 6.17553 0.01
r 66 0.01 6 6.65356 0.01
r 68 0.01 6 7.13014 0.01
r 70 0.01 6 7.60491 0.01
r 72 0.01 6 8.07691 0.01
r 74 0.01 6 8.54672 0.01
r 76 0.01 6 9.01274 0.01
r 78 0.01 6 9.47553 0.01
r 80 0.01 6 9.93098 0.01
s 60 2 31
r 20 0.01 6 12.1592 0.01
r 22 0.01 6 11.7227 0.01
r 24 0.01 6 11.2822 0.01
r 26 0.01 6 10.8364 0.01
r 28 0.01 6 10.3855 0.01
r 30 0.01 6 9.93098 0.01
r 32 0.01 6 9.47553 0.01
r 34 0.01 6 9.01272 0.01
r 36 0.01 6 8.54672 0.01
r 38 0.01 6 8.07691 0.01
r 40 0.01 6 7.60491 0.01
r 42 0.01 6 7.13014 0.01
r 44 0.01 6 6.65356 0.01
r 46 0.01 6 6.17553 0.01
r 48 0.01 6 5.69592 0.01
r 50 0.01 6 5.21639 0.01
r 52 0.01 6 4.73695 0.01
r 54 0.01 6 4.2864 0.01
r 56 0.01 6 3.90316 0.01
r 58 0.01 6 3.68005 0.01
r 60 0.01 6 3.52527 0.01
r 62 0.01 6 3.67985 0.01
r 64 0.01 6 3.90359 0.01
r 66 0.01 6 4.28586 0.01
r 68 0.01 6 4.73697 0.01
r 70 0.01 6 5.21582 0.01
r 72 0.01 6 5.69592 0.01
r 74 0.01 6 6.17541 0.01
r 76 0.01 6 6.65356 0.01
r 78 0.01 6 7.13014 0.01
r 80 0.01 6 7.60491 0.01
s 70 2 31
r 20 0.01 6 14.2405 0.01
r 22 0.01 6 13.8343 0.01
r 24 0.01 6 13.4227 0.01
r 26 0.01 6 13.0162 0.01
r 28 0.01 6 12.5814 0.01
r 30 0.01 6 12.1592 0.01
r 32 0.01 6 11.7227 0.01
r 34 0.01 6 11.2822 0.01
r 36 0.01 6 10.8364 0.01
r 38 0.01 6 10.3855 0.01
r 40 0.01 6 9.93098 0.01
r 42 0.01 6 9.47553 0.01
r 44 0.01 6 9.01274 0.01
r 46 0.01 6 8.54672 0.01
r 48 0.01 6 8.07691 0.01
r 50 0.01 6 7.60491 0.01
r 52 0.01 6 7.13014 0.01
r 54 0.01 6 6.65356 0.01
r 56 0.01 6 6.17553 0.01
r 58 0.01 6 5.69592 0.01
r 60 0.01 6 5.21639 0.01
r 62 0.01 6 4.73686 0.01
r 64 0.01 6 4.28478 0.01
r 66 0.01 6 3.90412 0.01
r 68 0.01 6 3.67878 0.01
r 70 0.01 6 3.52517 0.01
r 72 0.01 6 3.67982 0.01
r 74 0.01 6 3.9042 0.01
r 76 0.01 6 4.28565 0.01
r 78 0.01 6 4.73691 0.01
r 80 0.01 6 5.21582 0.01
