63 81 1.5 0.33
0 2 4 6 8 10 12 14 16 18 20 22 24 26 28 30 32 34 36 38 40 42 44 46 48 50 52 54 56 58 60 62 64 66 68 70 72 74 76 78 80 82 84 86 88 90 92 94 96 98 100 102 104 106 108 110 112 114 116 118 120 122 124 
0 0 0 0 0 0 0 0 0 0 0 0 0 0 0 0 0 0 0 0 0 0 0 0 0 0 0 0 0 0 0 0 0 0 0 0 0 0 0 0 0 0 0 0 0 0 0 0 0 0 0 0 0 0 0 0 0 0 0 0 0 0 0 
0 0.2 0.4 0.6 0.8 1 1.2 1.4 1.6 1.8 2 2.2 2.4 2.6 2.8 3 3.2 3.4 3.6 3.8 4 4.2 4.4 4.6 4.8 5 5.2 5.4 5.6 5.8 6 6.2 6.4 6.6 6.8 7 7.2 7.4 7.6 7.8 8 8.2 8.4 8.6 8.8 9 9.2 9.4 9.6 9.8 10 10.2 10.4 10.6 10.8 11 11.2 11.4 11.6 11.8 12 12.2 12.4 12.6 12.8 13 13.2 13.4 13.6 13.8 14 14.2 14.4 14.6 14.8 15 15.2 15.4 15.6 15.8 16 
1.5 1.5 1.5 1.5 1.5 1.5 1.5 1.5 1.5 1.5 1.51587 2.31658 2.88201 2.89306 2.90453 2.91591 2.92739 2.93911 2.94994 2.9611 2.97216 2.98288 2.99316 3.00401 3.01443 3.02474 3.03496 3.04463 3.055 3.06503 3.07475 3.08449 3.09414 3.10369 3.11387 3.12253 3.13203 3.14133 3.15065 3.16057 3.16892 3.1782 3.18726 3.19635 3.20464 3.21436 3.2234 3.23243 3.24149 3.24977 3.25942 3.26852 3.27751 3.28661 3.29572 3.30483 3.31406 3.32319 3.33252 3.34175 3.35107 3.36052 3.36994 3.37947 3.3891 3.39872 3.40865 3.41847 3.42838 3.43829 3.44829 3.45877 3.46915 3.47972 3.49018 3.50064 3.5116 3.52216 3.53243 3.54266 3.55373 
1.5 1.5 1.5 1.5 1.5 1.5 1.5 1.5 1.5 1.5 1.51613 2.31728 2.39971 2.88254 2.89405 2.90553 2.91702 2.92873 2.93968 2.95095 2.96201 2.97285 2.98322 2.99409 3.00462 3.01495 3.02529 3.03498 3.04546 3.0555 3.06534 3.0752 3.08486 3.09453 3.10482 3.11359 3.12309 3.1325 3.14192 3.15195 3.16048 3.16995 3.179 3.18828 3.19687 3.20666 3.21598 3.2252 3.23443 3.24309 3.25293 3.2623 3.27156 3.28094 3.29033 3.29962 3.30913 3.31853 3.32804 3.33746 3.34686 3.35659 3.366 3.37511 3.38534 3.39496 3.40488 3.41459 3.4239 3.4344 3.4443 3.45478 3.46506 3.47475 3.48599 3.49635 3.50723 3.51766 3.52739 3.5392 3.54933 
1.5 1.5 1.5 1.5 1.5 1.5 1.5 1.5 1.5 1.5 1.51636 2.31785 2.40032 2.48255 2.88317 2.89474 2.90656 2.91808 2.92903 2.94042 2.9516 2.96254 2.97296 2.98395 2.99449 3.00504 3.01536 3.0253 3.0359 3.04606 3.05601 3.06531 3.07585 3.08573 3.09547 3.1052 3.11405 3.12443 3.13405 3.14342 3.15301 3.16293 3.17203 3.1814 3.19043 3.20017 3.20968 3.21899 3.22831 3.23729 3.24707 3.25654 3.26588 3.27534 3.28437 3.29418 3.30388 3.31336 3.32295 3.33202 3.34214 3.35195 3.36164 3.37144 3.38063 3.39115 3.40135 3.41135 3.42154 3.43093 3.44182 3.45249 3.46315 3.47382 3.48329 3.49522 3.50619 3.51673 3.52769 3.53688 3.54888 
1.5 1.5 1.5 1.5 1.5 1.5 1.5 1.5 1.5 1.5 1.51666 2.31834 2.40094 2.48334 2.88525 2.89671 2.90824 2.92018 2.93137 2.943 2.9541 2.96518 2.97583 2.98695 2.9977 3.0083 3.01899 3.02905 3.03977 3.05002 3.06024 3.07043 3.08054 3.09043 3.10029 3.11024 3.12006 3.12978 3.13951 3.1489 3.15868 3.16859 3.17779 3.18735 3.19636 3.20629 3.21592 3.22528 3.23478 3.24362 3.25369 3.26267 3.27275 3.28239 3.29128 3.30157 3.31069 3.32099 3.33001 3.33978 3.35029 3.35964 3.37025 3.38032 3.3904 3.40048 3.40994 3.42104 3.4305 3.44169 3.45216 3.46192 3.47377 3.48333 3.49547 3.5063 3.51597 3.52821 3.53775 3.55072 3.56145 
1.5 1.5 1.5 1.5 1.5 1.5 1.5 1.5 1.5 1.5 1.51688 2.31906 2.40155 2.48408 2.88706 2.89866 2.91042 2.92238 2.9336 2.94547 2.9567 2.96793 2.97913 2.99037 3.00108 3.01182 3.02274 3.03333 3.04428 3.0545 3.06495 3.07537 3.08556 3.09569 3.10659 3.1161 3.12624 3.13592 3.14587 3.15659 3.16581 3.17604 3.18517 3.19483 3.20446 3.21462 3.22455 3.23362 3.2432 3.25296 3.26305 3.2724 3.2821 3.29181 3.30239 3.3121 3.32148 3.33141 3.34134 3.35212 3.36215 3.37176 3.38179 3.39278 3.40313 3.41347 3.4233 3.43375 3.44512 3.45567 3.46631 3.47645 3.48738 3.49933 3.51056 3.52147 3.53172 3.54244 3.55537 3.56694 3.5774 
1.5 1.5 1.5 1.5 1.5 1.5 1.5 1.5 1.5 1.5 1.51719 2.3199 2.40249 2.88986 2.90174 2.91373 2.92563 2.93774 2.94932 2.96113 2.97271 2.9842 2.99559 3.00699 3.01828 3.02946 3.04055 3.05154 3.06262 3.07353 3.08429 3.09496 3.10575 3.11633 3.12734 3.13727 3.14775 3.15812 3.16849 3.17939 3.18893 3.19931 3.20937 3.21954 3.2292 3.23966 3.24984 3.25991 3.26987 3.27954 3.29 3.30019 3.31025 3.32042 3.3306 3.34056 3.35095 3.36113 3.37141 3.38178 3.39206 3.40266 3.41294 3.42353 3.43402 3.44461 3.45542 3.46612 3.47712 3.48781 3.49871 3.50992 3.52091 3.53242 3.54362 3.55491 3.56633 3.57743 3.58941 3.60055 3.61149 
1.5 1.5 1.5 1.5 1.5 1.5 1.5 1.5 1.5 1.5 1.51752 2.32062 2.40332 2.89208 2.90413 2.9164 2.92846 2.94068 2.95255 2.9645 2.97645 2.98821 2.99989 3.01191 3.02331 3.03485 3.04632 3.05759 3.06913 3.08058 3.09162 3.10286 3.11391 3.12494 3.13597 3.14688 3.1577 3.16861 3.17941 3.1901 3.2007 3.21149 3.22197 3.23253 3.24281 3.25356 3.26413 3.27458 3.28502 3.29517 3.30591 3.31646 3.32679 3.33733 3.34787 3.35818 3.36883 3.3788 3.38998 3.4006 3.41123 3.42208 3.4327 3.44353 3.45447 3.46541 3.47656 3.48685 3.49885 3.50999 3.52124 3.53271 3.54417 3.55574 3.56742 3.57898 3.59064 3.60223 3.61439 3.62574 3.63696 
1.5 1.5 1.5 1.5 1.5 1.5 1.5 1.5 1.5 1.5 1.51772 2.32126 2.40397 2.48705 2.5702 2.8939 2.90628 2.91855 2.93068 2.94303 2.95509 2.96723 2.97928 2.99133 3.00347 3.01532 3.02725 3.03902 3.05092 3.06285 3.07445 3.08616 3.09785 3.10946 3.12105 3.13241 3.14387 3.15522 3.16656 3.17789 3.189 3.20032 3.21131 3.2225 3.23328 3.24463 3.2557 3.26664 3.27757 3.28819 3.29951 3.31011 3.32144 3.33234 3.34334 3.35421 3.36477 3.3764 3.38747 3.39854 3.40962 3.42025 3.43207 3.44324 3.45452 3.4659 3.47748 3.48897 3.50046 3.51194 3.52354 3.53546 3.54717 3.559 3.57085 3.58254 3.59458 3.60664 3.61883 3.63026 3.64223 
1.5 1.5 1.5 1.5 1.5 1.5 1.5 1.5 1.5 1.5 1.51794 2.32168 2.40459 2.4877 2.57103 2.65447 2.89606 2.90862 2.92114 2.93365 2.94612 2.95866 2.97107 2.98369 2.99612 3.00856 3.02089 3.03328 3.04578 3.05806 3.07023 3.08253 3.09481 3.10697 3.11913 3.13114 3.14325 3.15526 3.16724 3.17911 3.19095 3.20288 3.2147 3.2264 3.23799 3.24975 3.26151 3.27294 3.28467 3.29607 3.30778 3.31948 3.33063 3.34252 3.35397 3.3655 3.37716 3.38825 3.40021 3.41171 3.42334 3.43506 3.44666 3.45836 3.46997 3.48177 3.49369 3.50551 3.51733 3.52914 3.54107 3.55334 3.5654 3.57738 3.58869 3.60163 3.61382 3.62647 3.63827 3.65016 3.6628 
1.5 1.5 1.5 1.5 1.5 1.5 1.5 1.5 1.5 1.5 1.51795 2.32156 2.40478 2.48786 2.57133 2.65515 2.89753 2.91055 2.92321 2.93608 2.94896 2.96193 2.975 2.98789 3.00099 3.01384 3.02679 3.03994 3.05275 3.06579 3.07865 3.09153 3.10449 3.11724 3.13018 3.14295 3.15572 3.16848 3.18111 3.19394 3.20639 3.21894 3.23159 3.24399 3.25649 3.26886 3.28131 3.29364 3.30594 3.31802 3.3305 3.34276 3.3549 3.36691 3.37891 3.39132 3.40351 3.41579 3.42774 3.43988 3.45204 3.46429 3.47642 3.48809 3.50079 3.51303 3.52517 3.53752 3.5493 3.56212 3.57448 3.5869 3.59931 3.61185 3.62431 3.63664 3.64907 3.66204 3.67433 3.68657 3.69961 
1.5 1.5 1.5 1.5 1.5 1.5 1.5 1.5 1.5 1.5 1.5178 2.32118 2.40417 2.48764 2.57115 2.89677 2.91003 2.92288 2.93634 2.94949 2.96288 2.97635 2.99007 3.00345 3.01706 3.03075 3.04443 3.0581 3.07182 3.08569 3.09923 3.11294 3.12669 3.14048 3.15409 3.16775 3.18136 3.19502 3.2086 3.22215 3.23557 3.24903 3.26244 3.27583 3.28917 3.30243 3.31569 3.32891 3.3421 3.35538 3.36824 3.38138 3.39439 3.40748 3.42044 3.43329 3.44623 3.45915 3.47194 3.48473 3.49762 3.5104 3.52306 3.53592 3.54858 3.56124 3.57389 3.58676 3.59954 3.61221 3.62489 3.63765 3.6503 3.66325 3.6761 3.68888 3.70169 3.71484 3.72762 3.74002 3.75336 
1.5 1.5 1.5 1.5 1.5 1.5 1.5 1.5 1.5 1.5 1.51733 2.32045 2.40355 2.48722 2.57117 2.89676 2.91055 2.92355 2.93761 2.95107 2.96473 2.97875 2.99318 3.00699 3.02135 3.03558 3.04983 3.06469 3.07878 3.09321 3.10778 3.12217 3.13683 3.15136 3.16565 3.18061 3.19513 3.20973 3.22428 3.23844 3.25328 3.2677 3.28212 3.29647 3.31123 3.32509 3.33935 3.35357 3.36764 3.38208 3.39572 3.40973 3.42359 3.43732 3.45113 3.46481 3.47858 3.49212 3.50564 3.51915 3.53266 3.54615 3.55952 3.57289 3.58616 3.59943 3.61271 3.626 3.6393 3.65249 3.66571 3.679 3.69209 3.70531 3.71882 3.7316 3.74512 3.75892 3.77124 3.78494 3.79798 
1.5 1.5 1.5 1.5 1.5 1.5 1.5 1.5 1.5 1.5 1.5159 2.31754 2.40055 2.48435 2.56813 2.89105 2.90549 2.91917 2.93419 2.94866 2.96338 2.97843 2.99404 3.00854 3.02369 3.03895 3.05408 3.07008 3.08471 3.10013 3.11563 3.13102 3.14658 3.16221 3.17718 3.19342 3.209 3.22466 3.24026 3.25537 3.27144 3.28689 3.30253 3.31789 3.33406 3.34872 3.36408 3.3794 3.39444 3.41014 3.42456 3.43951 3.45434 3.46912 3.48387 3.49839 3.513 3.52748 3.54182 3.55615 3.57036 3.58458 3.59868 3.61287 3.62697 3.64086 3.65475 3.66865 3.68247 3.69629 3.71003 3.72378 3.73753 3.75127 3.76503 3.77845 3.79216 3.80613 3.8191 3.83312 3.84676 
1.5 1.5 1.5 1.5 1.5 1.5 1.5 1.5 1.5 1.5 1.51446 2.31429 2.39712 2.48092 2.56453 2.64879 2.88556 2.8992 2.915 2.93002 2.94536 2.96151 2.97835 2.99392 3.01004 3.02645 3.04289 3.06058 3.07615 3.09295 3.10973 3.1264 3.14311 3.15983 3.17564 3.19329 3.21011 3.22687 3.24355 3.25963 3.27714 3.29373 3.31038 3.32697 3.34443 3.3601 3.37643 3.39282 3.40905 3.4261 3.44129 3.4573 3.47327 3.4891 3.50479 3.52034 3.53577 3.55117 3.56645 3.58171 3.59673 3.61176 3.62668 3.64159 3.6564 3.67091 3.68542 3.69995 3.71449 3.72884 3.74321 3.75751 3.77162 3.7859 3.80027 3.8145 3.82862 3.84275 3.85662 3.87082 3.88482 
1.5 1.5 1.5 1.5 1.5 1.5 1.5 1.5 1.5 1.5 1.51258 2.30996 2.39254 2.47636 2.55971 2.64366 2.72799 2.81243 2.88226 2.89749 2.91332 2.93001 2.94801 2.9645 2.98184 2.99952 3.01716 3.03615 3.05248 3.07036 3.08848 3.10668 3.12484 3.14308 3.16027 3.17951 3.19761 3.21561 3.2335 3.25043 3.26945 3.28734 3.30526 3.32309 3.342 3.35844 3.37596 3.39342 3.41081 3.42918 3.44516 3.46223 3.47924 3.49601 3.51273 3.52909 3.54566 3.56198 3.57807 3.59415 3.60999 3.62585 3.64159 3.65721 3.67274 3.68817 3.70341 3.71866 3.73383 3.74882 3.76393 3.77888 3.79364 3.80848 3.8231 3.83772 3.85259 3.86726 3.88194 3.89651 3.91155 
1.5 1.5 1.5 1.5 1.5 1.5 1.5 1.5 1.5 1.5 1.51077 2.30632 2.38857 2.4723 2.55556 2.63919 2.72317 2.80743 2.87366 2.88949 2.90591 2.92308 2.94199 2.95904 2.97717 2.99596 3.01474 3.03536 3.05325 3.07235 3.09149 3.11111 3.13064 3.15019 3.16842 3.18971 3.20949 3.22931 3.24893 3.26747 3.28807 3.30728 3.32644 3.34567 3.36652 3.38378 3.40262 3.4214 3.43992 3.45969 3.47653 3.49473 3.51289 3.53069 3.54843 3.56591 3.58339 3.60072 3.61791 3.63489 3.65173 3.6687 3.68543 3.70175 3.71819 3.73444 3.75049 3.76666 3.78265 3.79847 3.81431 3.82989 3.84531 3.86064 3.8766 3.89128 3.90691 3.92254 3.93746 3.95304 3.96826 
1.5 1.5 1.5 1.5 1.5 1.5 1.5 1.5 1.5 1.5 1.5082 2.30068 2.38278 2.46656 2.54971 2.63334 2.7177 2.8582 2.87634 2.89116 2.90996 2.92846 2.94845 2.96612 2.98509 3.00502 3.025 3.04699 3.06558 3.0865 3.10763 3.12799 3.14885 3.17014 3.18966 3.21261 3.23385 3.25509 3.27633 3.29609 3.31894 3.33993 3.36126 3.38197 3.40428 3.42249 3.44291 3.4632 3.48328 3.50478 3.52277 3.54221 3.56159 3.58069 3.59954 3.61903 3.63681 3.65525 3.67355 3.69151 3.70943 3.7274 3.74492 3.76246 3.77968 3.79704 3.8141 3.8311 3.84787 3.8646 3.88127 3.89771 3.91399 3.92987 3.9461 3.96186 3.97827 3.99481 4.0101 4.02602 4.04254 
1.5 1.5 1.5 1.5 1.5 1.5 1.5 1.5 1.5 1.5 1.50569 2.29502 2.3766 2.46026 2.54228 2.62637 2.71057 2.84462 2.86346 2.87968 2.89681 2.91715 2.93883 2.95807 2.97878 2.99965 3.02076 3.04439 3.06409 3.08598 3.10826 3.13151 3.15305 3.17556 3.19622 3.22134 3.24418 3.26698 3.28967 3.31072 3.33538 3.35802 3.38058 3.40321 3.42755 3.44831 3.46954 3.49072 3.51212 3.5354 3.55437 3.57529 3.59601 3.61637 3.63623 3.65612 3.67585 3.69547 3.71486 3.73382 3.75276 3.77162 3.79013 3.80951 3.82687 3.84504 3.86289 3.88059 3.8982 3.91569 3.93328 3.95017 3.96707 3.9837 4.00054 4.01707 4.03409 4.05099 4.06707 4.08576 4.1013 
1.5 1.5 1.5 1.5 1.5 1.5 1.5 1.5 1.5 1.5 1.50333 2.28959 2.37096 2.45417 2.53679 2.61979 2.70354 2.83174 2.85143 2.8676 2.8844 2.90597 2.9281 2.94755 2.96885 2.99115 3.01383 3.03914 3.06018 3.08379 3.10725 3.13247 3.15559 3.17951 3.20132 3.22818 3.25269 3.27704 3.30156 3.32386 3.35029 3.37438 3.39864 3.42279 3.44941 3.47026 3.49429 3.51826 3.54029 3.56489 3.58463 3.60669 3.62845 3.65023 3.67177 3.69446 3.71373 3.73439 3.75476 3.77486 3.7948 3.81468 3.83406 3.85349 3.87275 3.89179 3.91066 3.92938 3.94782 3.96614 3.98457 4.00211 4.01997 4.03767 4.05649 4.07225 4.09001 4.10729 4.12443 4.14404 4.16005 
1.5 1.5 1.5 1.5 1.5 1.5 1.5 1.5 1.5 1.5 1.50109 2.28429 2.36502 2.44808 2.53045 2.61189 2.69492 2.77902 2.82659 2.84342 2.86076 2.88324 2.90522 2.92515 2.94608 2.96932 2.99379 3.01997 3.04227 3.06725 3.09251 3.1183 3.14285 3.16918 3.19509 3.22058 3.24656 3.27231 3.29951 3.32185 3.35017 3.37444 3.4035 3.42712 3.45582 3.47766 3.50126 3.52938 3.55315 3.57906 3.6008 3.62433 3.64557 3.66815 3.69045 3.71439 3.73478 3.75678 3.78012 3.8012 3.82209 3.84139 3.86191 3.88375 3.90428 3.92227 3.94392 3.96358 3.98282 4.00187 4.01918 4.03779 4.05605 4.07586 4.09176 4.11181 4.13002 4.14738 4.16326 4.18096 4.19846 
1.5 1.5 1.5 1.5 1.5 1.5 1.5 1.5 1.5 1.5 1.49884 2.27933 2.35987 2.44261 2.5248 2.6074 2.69039 2.77252 2.85888 2.81973 2.83948 2.85961 2.88102 2.90092 2.92534 2.9485 2.9737 2.99791 3.02366 3.04913 3.07563 3.10152 3.12791 3.15465 3.17898 3.20904 3.23639 3.26392 3.2915 3.31646 3.3466 3.37196 3.40144 3.43046 3.45898 3.48443 3.50757 3.53714 3.56366 3.59225 3.61374 3.63829 3.66276 3.68677 3.71004 3.7328 3.75525 3.77752 3.79975 3.82172 3.84326 3.86258 3.88521 3.90425 3.92648 3.94519 3.96521 3.98501 4.00478 4.0243 4.04397 4.06282 4.08138 4.09984 4.11867 4.13683 4.15598 4.17381 4.19262 4.21125 4.22985 
1.5 1.5 1.5 1.5 1.5 1.5 1.5 1.5 1.5 1.5 1.49734 2.2759 2.35645 2.43898 2.51949 2.60187 2.68603 2.7677 2.85375 2.93834 2.81811 2.84096 2.86463 2.88478 2.90681 2.93049 2.95485 2.98369 3.00646 3.03232 3.05876 3.08539 3.11267 3.14011 3.16539 3.19664 3.22502 3.2542 3.28255 3.31074 3.33878 3.36717 3.39788 3.42654 3.45581 3.47944 3.50705 3.53431 3.56156 3.59348 3.61619 3.64178 3.66453 3.68957 3.71688 3.74122 3.76465 3.78595 3.80854 3.83316 3.85615 3.8791 3.90107 3.92302 3.94259 3.96389 3.98511 4.0063 4.02714 4.04776 4.0683 4.08766 4.11004 4.12886 4.1488 4.16792 4.18755 4.20659 4.22591 4.2415 4.2605 
1.5 1.5 1.5 1.5 1.5 1.5 1.5 1.5 1.5 1.5 1.49603 2.27333 2.35318 2.43601 2.51633 2.60007 2.68279 2.76415 2.85114 2.80891 2.8267 2.84656 2.87016 2.8917 2.91598 2.93978 2.96438 2.99215 3.01507 3.04077 3.06813 3.09562 3.12351 3.15182 3.18045 3.20951 3.23891 3.26815 3.29777 3.32392 3.35668 3.38587 3.41592 3.44573 3.47929 3.50328 3.53141 3.56054 3.58957 3.62001 3.6423 3.66942 3.69552 3.72143 3.74702 3.77234 3.79728 3.82183 3.84598 3.8693 3.89226 3.91626 3.94213 3.96268 3.98519 4.00738 4.02931 4.05099 4.07252 4.09373 4.11473 4.13755 4.15492 4.17459 4.19468 4.21425 4.23398 4.25257 4.27316 4.29264 4.31276 
1.5 1.5 1.5 1.5 1.5 1.5 1.5 1.5 1.5 1.5 1.49551 2.27191 2.35207 2.43437 2.51612 2.59664 2.6807 2.76262 2.79885 2.81675 2.83459 2.85531 2.87914 2.90025 2.9237 2.94801 2.97252 3.00075 3.02419 3.05107 3.07839 3.10655 3.13496 3.16374 3.18942 3.22298 3.25276 3.28286 3.31306 3.34461 3.37395 3.40389 3.43444 3.46501 3.50063 3.52486 3.5554 3.58494 3.61262 3.64421 3.66811 3.6959 3.72388 3.75046 3.77675 3.80243 3.82858 3.85384 3.87891 3.90339 3.92748 3.95131 3.97585 3.99959 4.02263 4.04816 4.0682 4.09051 4.11257 4.13441 4.15616 4.17696 4.19792 4.21752 4.23825 4.25807 4.27835 4.29779 4.31921 4.33893 4.35953 
1.5 1.5 1.5 1.5 1.5 1.5 1.5 1.5 1.5 1.5 1.49536 2.27129 2.35157 2.43386 2.51555 2.59777 2.68029 2.76198 2.84762 2.79965 2.8208 2.84204 2.86565 2.88636 2.90938 2.93325 2.95799 2.98625 3.00952 3.0367 3.06407 3.09216 3.1206 3.14937 3.17853 3.20879 3.23895 3.26902 3.29959 3.32665 3.3606 3.3914 3.42186 3.45286 3.48955 3.51295 3.54308 3.57205 3.60061 3.63346 3.65778 3.68558 3.7137 3.74104 3.76813 3.7951 3.82102 3.84653 3.87231 3.8974 3.92215 3.94684 3.97177 3.99607 4.01961 4.04304 4.0662 4.089 4.11155 4.13387 4.15586 4.17714 4.19826 4.2216 4.23934 4.25998 4.28005 4.30025 4.32131 4.34169 4.36215 
1.5 1.5 1.5 1.5 1.5 1.5 1.5 1.5 1.5 1.5 1.49579 2.27212 2.35235 2.43456 2.51616 2.59819 2.68063 2.76201 2.84723 2.93218 2.81067 2.8307 2.85341 2.87455 2.89747 2.92121 2.94565 2.97361 2.99672 3.02317 3.05065 3.0784 3.10667 3.13546 3.16093 3.19437 3.22448 3.25411 3.28479 3.31656 3.34604 3.37701 3.40838 3.43847 3.47296 3.498 3.52812 3.55678 3.58595 3.61898 3.64329 3.67216 3.69991 3.7273 3.75457 3.7821 3.81182 3.83485 3.86294 3.88555 3.91059 3.93634 3.96147 3.98575 4.00969 4.03314 4.05621 4.07923 4.10178 4.12438 4.14656 4.16781 4.18908 4.20949 4.23036 4.25088 4.27131 4.29138 4.31252 4.33305 4.35375 
1.5 1.5 1.5 1.5 1.5 1.5 1.5 1.5 1.5 1.5 1.49693 2.27495 2.35537 2.43757 2.5192 2.6013 2.68388 2.76544 2.85047 2.93477 3.02068 2.82293 2.84346 2.86513 2.88795 2.91131 2.93535 2.96266 2.9857 3.01174 3.0385 3.06582 3.09363 3.12218 3.1505 3.18035 3.21019 3.23951 3.26947 3.30043 3.32945 3.35954 3.39017 3.42006 3.45421 3.47966 3.50907 3.53767 3.56686 3.59938 3.6241 3.65256 3.68042 3.70797 3.73534 3.76221 3.78967 3.81601 3.84099 3.86694 3.89272 3.9181 3.94328 3.96806 3.99185 4.01545 4.0391 4.06215 4.0853 4.10783 4.13032 4.1515 4.17325 4.19405 4.21478 4.23551 4.25584 4.28053 4.29795 4.31804 4.33811 
1.5 1.5 1.5 1.5 1.5 1.5 1.5 1.5 1.5 1.5 1.49858 2.27865 2.35929 2.44166 2.52358 2.60586 2.68839 2.77023 2.85528 2.93961 3.02542 2.83087 2.85037 2.87097 2.89359 2.91661 2.94022 2.96697 2.98953 3.01507 3.04126 3.06816 3.0954 3.123 3.14763 3.17972 3.20818 3.23702 3.26666 3.29256 3.32523 3.35488 3.38495 3.41495 3.44787 3.47256 3.50217 3.53144 3.56002 3.59261 3.6172 3.64517 3.67358 3.70074 3.72786 3.75496 3.78199 3.80854 3.83456 3.86045 3.88605 3.91117 3.9362 3.96121 3.98495 4.00839 4.03217 4.05544 4.07833 4.10073 4.12305 4.14442 4.16588 4.1864 4.20721 4.22804 4.24796 4.26872 4.2898 4.30948 4.32988 
1.5 1.5 1.5 1.5 1.5 1.5 1.5 1.5 1.5 1.5 1.5006 2.28335 2.3642 2.44667 2.52878 2.61136 2.69421 2.77636 2.86148 2.94615 3.03203 2.83978 2.85916 2.88038 2.90221 2.9241 2.94705 2.97268 2.9943 3.01916 3.04435 3.07033 3.09656 3.12333 3.14725 3.1783 3.20609 3.23416 3.26267 3.28794 3.32014 3.34898 3.37831 3.40687 3.43941 3.46398 3.49278 3.522 3.55005 3.58259 3.60633 3.63422 3.6616 3.68886 3.71612 3.74326 3.76968 3.79664 3.82243 3.84777 3.87313 3.89829 3.92311 3.94806 3.97154 3.99501 4.01848 4.04175 4.06442 4.08659 4.10879 4.12985 4.15105 4.17148 4.19212 4.21273 4.23258 4.25316 4.27387 4.29328 4.31344 
1.5 1.5 1.5 1.5 1.5 1.5 1.5 1.5 1.5 1.5 1.50314 2.28862 2.36982 2.45283 2.53516 2.61795 2.7011 2.78359 2.86888 2.95387 2.84384 2.86221 2.8834 2.90275 2.92329 2.94448 2.96643 2.99129 3.01251 3.0365 3.06086 3.08589 3.11129 3.1374 3.16057 3.19039 3.21767 3.24503 3.27231 3.29697 3.32804 3.35623 3.38477 3.41224 3.44442 3.46871 3.49687 3.52503 3.55246 3.58475 3.60784 3.63575 3.66279 3.68998 3.71681 3.74315 3.76947 3.79565 3.82097 3.84622 3.87143 3.89649 3.92113 3.94541 3.96858 3.99194 4.0153 4.03816 4.06072 4.08257 4.10455 4.12556 4.14648 4.16675 4.18728 4.20732 4.22745 4.24755 4.26787 4.28705 4.30686 
1.5 1.5 1.5 1.5 1.5 1.5 1.5 1.5 1.5 1.5 1.5056 2.29443 2.37587 2.45917 2.54173 2.62479 2.70811 2.79091 2.87622 2.96126 2.85618 2.87458 2.89486 2.91318 2.93287 2.95349 2.97474 2.99864 3.01896 3.04201 3.06547 3.08962 3.11403 3.1386 3.16093 3.18978 3.21588 3.2418 3.26799 3.29167 3.3218 3.34908 3.37569 3.40257 3.43333 3.45701 3.48444 3.51139 3.53872 3.56972 3.59277 3.61916 3.64551 3.6717 3.69772 3.72359 3.74913 3.77454 3.79958 3.82426 3.84894 3.87327 3.89714 3.92082 3.94388 3.96704 3.98988 4.0144 4.03427 4.05818 4.07735 4.09802 4.11877 4.13862 4.15865 4.17847 4.19831 4.21736 4.23757 4.25596 4.27602 
1.5 1.5 1.5 1.5 1.5 1.5 1.5 1.5 1.5 1.5 1.50848 2.30087 2.38276 2.46624 2.54921 2.63258 2.7163 2.79932 2.88477 2.96988 3.05556 3.14267 2.88177 2.89965 2.91844 2.9379 2.95837 2.98071 3.00036 3.02237 3.04479 3.06742 3.09045 3.11408 3.1353 3.1621 3.18648 3.21116 3.23612 3.25897 3.2872 3.31217 3.33795 3.36372 3.393 3.41592 3.43987 3.46759 3.49362 3.52213 3.54425 3.56963 3.59498 3.62008 3.64505 3.66966 3.69411 3.72009 3.74245 3.76618 3.7898 3.81301 3.83597 3.85893 3.88127 3.90351 3.92533 3.94685 3.96839 3.9894 4.01044 4.03034 4.05044 4.07018 4.08965 4.10898 4.12849 4.14772 4.1666 4.18555 4.20478 
1.5 1.5 1.5 1.5 1.5 1.5 1.5 1.5 1.5 1.5 1.51137 2.30721 2.38969 2.47339 2.55618 2.64024 2.72419 2.80778 2.89322 2.97841 3.06415 3.15093 3.23926 3.32727 2.90365 2.92133 2.94122 2.96282 2.98187 3.00262 3.0239 3.0452 3.06691 3.08903 3.10904 3.13443 3.15751 3.18119 3.20486 3.22629 3.25233 3.27637 3.30067 3.32516 3.35245 3.37388 3.39798 3.42227 3.44732 3.47326 3.49466 3.51873 3.54257 3.56645 3.59019 3.61367 3.63671 3.65985 3.68286 3.70568 3.72824 3.7505 3.77283 3.79486 3.81786 3.83768 3.85898 3.87988 3.90078 3.92118 3.94149 3.96278 3.9803 3.99938 4.01809 4.03696 4.05601 4.07459 4.09291 4.1118 4.13016 
1.5 1.5 1.5 1.5 1.5 1.5 1.5 1.5 1.5 1.5 1.51409 2.3134 2.3963 2.48009 2.5637 2.64761 2.73194 2.81571 2.90136 2.98682 3.0726 3.15936 3.24747 2.90891 2.92593 2.9444 2.96298 2.98336 3.0019 3.02181 3.04195 3.06211 3.08291 3.10412 3.12354 3.14761 3.16959 3.19167 3.21372 3.234 3.25885 3.28187 3.30487 3.32777 3.35319 3.37362 3.39643 3.41957 3.4427 3.46801 3.4885 3.51141 3.53533 3.55695 3.57929 3.6016 3.62389 3.64617 3.66822 3.69126 3.71176 3.73326 3.75445 3.77564 3.79642 3.81719 3.83775 3.85811 3.87827 3.89802 3.91779 3.93679 3.95558 3.9743 3.99267 4.01107 4.02984 4.04793 4.06558 4.08484 4.10275 
1.5 1.5 1.5 1.5 1.5 1.5 1.5 1.5 1.5 1.5 1.51655 2.31912 2.4022 2.48638 2.57026 2.65445 2.73896 2.82311 2.90895 2.99448 3.08056 3.1674 2.91622 2.93219 2.94964 2.96741 2.985 3.00374 3.02171 3.04063 3.05967 3.07903 3.09908 3.11911 3.13748 3.15956 3.18008 3.20101 3.22194 3.24156 3.26473 3.28601 3.30733 3.32863 3.35231 3.37206 3.39365 3.41552 3.43717 3.46112 3.4806 3.50219 3.52367 3.54532 3.56755 3.58798 3.60929 3.63038 3.65146 3.67223 3.69307 3.71361 3.73524 3.75448 3.7745 3.79452 3.81433 3.83394 3.85354 3.87275 3.89187 3.9104 3.92851 3.94852 3.96506 3.98277 4.00112 4.01892 4.03563 4.05462 4.07238 
1.5 1.5 1.5 1.5 1.5 1.5 1.5 1.5 1.5 1.5 1.51868 2.32407 2.40758 2.4919 2.57614 2.66066 2.7454 2.82992 2.91581 3.00158 3.08777 3.1748 2.92636 2.94214 2.95843 2.9752 2.99208 3.0099 3.02676 3.04506 3.06338 3.0819 3.10032 3.11906 3.13658 3.15738 3.17674 3.19627 3.21576 3.23372 3.255 3.27498 3.29496 3.31512 3.33712 3.35572 3.37586 3.39627 3.41647 3.43848 3.45715 3.47752 3.4978 3.51804 3.53819 3.55831 3.57842 3.59833 3.61843 3.63833 3.6581 3.67768 3.69735 3.71682 3.73598 3.75523 3.77428 3.79303 3.81177 3.83041 3.84887 3.86672 3.88438 3.90218 3.91966 3.93686 3.95457 3.97158 3.98831 4.00627 4.02388 
1.5 1.5 1.5 1.5 1.5 1.5 1.5 1.5 1.5 1.5 1.52072 2.32874 2.41245 2.49695 2.58136 2.66607 2.75108 2.83578 2.92172 3.00752 3.09374 3.18048 3.26831 2.93651 2.95212 2.96813 2.98445 3.0016 3.01792 3.03519 3.05216 3.06943 3.08701 3.10456 3.12116 3.1401 3.15801 3.17613 3.19436 3.21157 3.2313 3.24981 3.26852 3.28722 3.30734 3.3248 3.34273 3.36256 3.38154 3.40192 3.41947 3.43842 3.45758 3.47662 3.49556 3.51448 3.53331 3.55233 3.57125 3.58996 3.60865 3.62735 3.64585 3.66444 3.68263 3.70101 3.7192 3.73728 3.75515 3.77303 3.79071 3.80778 3.82467 3.84189 3.85868 3.8753 3.89243 3.90872 3.92513 3.94221 3.95964 
1.5 1.5 1.5 1.5 1.5 1.5 1.5 1.5 1.5 1.5 1.52219 2.3322 2.41609 2.50068 2.58517 2.67007 2.75517 2.84007 2.92601 3.01183 3.09804 3.18468 3.27216 2.94167 2.95678 2.97258 2.98807 3.00408 3.01974 3.03581 3.05198 3.06824 3.0846 3.10097 3.11674 3.13442 3.15129 3.16836 3.18542 3.20168 3.21994 3.2372 3.25465 3.2721 3.29077 3.30731 3.32496 3.3427 3.36045 3.3794 3.39613 3.41397 3.43197 3.44974 3.46768 3.4854 3.50322 3.52105 3.53897 3.5568 3.5746 3.59222 3.60984 3.62755 3.64495 3.66235 3.67976 3.69753 3.71406 3.73116 3.74816 3.76476 3.78095 3.79747 3.81367 3.82975 3.84649 3.86204 3.87792 3.89472 3.91131 
1.5 1.5 1.5 1.5 1.5 1.5 1.5 1.5 1.5 1.5 1.5234 2.33479 2.4188 2.5035 2.58809 2.6731 2.75821 2.84322 2.92915 3.01496 3.10107 3.1877 3.27486 3.36181 3.44955 2.94803 2.96275 2.97828 2.99299 3.00812 3.02335 3.03858 3.0541 3.06963 3.08466 3.10099 3.11671 3.13263 3.14866 3.16388 3.1808 3.19702 3.21334 3.22976 3.24689 3.26271 3.27924 3.29575 3.31243 3.32991 3.34583 3.36256 3.37929 3.39601 3.41285 3.42957 3.4463 3.46313 3.47996 3.49668 3.51341 3.53004 3.54667 3.56339 3.57991 3.59642 3.61294 3.62936 3.64557 3.66189 3.6781 3.69381 3.70962 3.72535 3.74104 3.75662 3.77259 3.78745 3.80304 3.81923 3.83472 
1.5 1.5 1.5 1.5 1.5 1.5 1.5 1.5 1.5 1.5 1.52414 2.33645 2.42056 2.50517 2.58997 2.67467 2.75968 2.84478 2.93038 3.01607 3.10195 3.18823 3.27492 3.3616 3.44861 3.53612 2.94822 2.96271 2.97671 2.99121 3.0057 3.02019 3.03488 3.04957 3.06397 3.07936 3.09425 3.10934 3.12443 3.1396 3.15482 3.17012 3.18551 3.20091 3.21701 3.23192 3.24743 3.26303 3.27874 3.29496 3.31007 3.32578 3.34151 3.35732 3.37315 3.38887 3.4047 3.42063 3.43646 3.45229 3.46812 3.48402 3.49978 3.51551 3.53124 3.54697 3.5627 3.57833 3.59385 3.60948 3.6249 3.64002 3.65504 3.67027 3.68518 3.70027 3.71562 3.72989 3.74512 3.76057 3.77537 
1.5 1.5 1.5 1.5 1.5 1.5 1.5 1.5 1.5 1.5 1.52422 2.33663 2.42073 2.50523 2.58972 2.6745 2.7594 2.8444 2.9297 3.0153 3.10099 3.18698 3.27316 3.35954 2.94263 2.95631 2.96998 2.98396 2.99763 3.0115 3.02537 3.03944 3.05341 3.06757 3.08134 3.0959 3.11027 3.12453 3.1389 3.15335 3.16785 3.18242 3.197 3.21158 3.22666 3.24096 3.25576 3.27054 3.28535 3.30065 3.31506 3.33007 3.34499 3.3601 3.37503 3.38995 3.40508 3.42021 3.43534 3.45037 3.46541 3.48065 3.49568 3.51072 3.52565 3.54068 3.55572 3.57066 3.58559 3.60042 3.61525 3.62997 3.64419 3.65892 3.67332 3.68783 3.70269 3.71665 3.73092 3.74622 3.76035 
1.5 1.5 1.5 1.5 1.5 1.5 1.5 1.5 1.5 1.5 1.52391 2.33591 2.41991 2.50422 2.58862 2.67331 2.758 2.84279 2.92799 3.0133 3.0987 3.18438 3.27035 2.93743 2.95069 2.96385 2.9772 2.99065 3.00391 3.01727 3.03072 3.04407 3.05762 3.07107 3.08452 3.09827 3.11182 3.12557 3.13922 3.15279 3.16684 3.1807 3.19457 3.20844 3.22261 3.23639 3.25048 3.26456 3.27856 3.29305 3.30685 3.32116 3.33528 3.34959 3.36377 3.37813 3.39245 3.40678 3.42121 3.43555 3.44989 3.46423 3.47856 3.4929 3.50724 3.52158 3.53591 3.55026 3.56449 3.57873 3.59296 3.60698 3.62101 3.63514 3.64925 3.66307 3.67741 3.69119 3.70468 3.71955 3.73313 
1.5 1.5 1.5 1.5 1.5 1.5 1.5 1.5 1.5 1.5 1.52341 2.33451 2.41841 2.50242 2.58672 2.67111 2.75571 2.84031 2.92509 3.01031 3.0953 3.18058 3.26595 3.35152 3.43726 2.93144 2.94438 2.95721 2.97007 2.98301 2.99596 3.0089 3.02184 3.03478 3.04782 3.06085 3.07389 3.08704 3.10019 3.11314 3.12639 3.13965 3.15291 3.16617 3.17953 3.19282 3.2061 3.21948 3.23297 3.24646 3.25996 3.27347 3.28684 3.30049 3.3141 3.32762 3.34135 3.35497 3.3686 3.38233 3.39597 3.40971 3.42334 3.43708 3.45082 3.46456 3.47819 3.49183 3.50557 3.51921 3.53284 3.54637 3.55999 3.57352 3.58714 3.60057 3.6142 3.62769 3.64096 3.65514 3.66837 
1.5 1.5 1.5 1.5 1.5 1.5 1.5 1.5 1.5 1.5 1.52253 2.33231 2.41601 2.49991 2.58391 2.66811 2.75242 2.83682 2.92131 3.0059 3.0908 3.17569 3.26066 3.34583 3.43111 3.51632 2.92319 2.93562 2.94817 2.96082 2.97326 2.9858 2.99833 3.01087 3.02351 3.03603 3.04857 3.06121 3.07385 3.08641 3.09915 3.1118 3.12456 3.13723 3.14998 3.16277 3.17565 3.18843 3.20132 3.2142 3.22711 3.24011 3.25302 3.26602 3.27894 3.29196 3.30498 3.3181 3.33113 3.34426 3.35729 3.37053 3.38366 3.39679 3.40993 3.42317 3.4363 3.44954 3.46268 3.47581 3.48895 3.50217 3.5152 3.52833 3.54154 3.55447 3.5677 3.58101 3.59387 3.60714 3.6204 
1.5 1.5 1.5 1.5 1.5 1.5 1.5 1.5 1.5 1.5 1.52141 2.32961 2.4132 2.49681 2.58051 2.66442 2.74843 2.83253 2.91681 3.0011 3.08539 3.16988 3.25446 3.33914 3.42402 3.50867 2.91383 2.92595 2.9382 2.95045 2.96259 2.97483 2.98696 2.9991 3.01132 3.02346 3.0357 3.04784 3.06009 3.07235 3.08459 3.09684 3.1091 3.12147 3.13362 3.14601 3.15838 3.17077 3.18315 3.19554 3.20804 3.22044 3.23295 3.24545 3.25787 3.27048 3.283 3.29552 3.30815 3.32077 3.3334 3.34603 3.35876 3.3714 3.38413 3.39687 3.4095 3.42223 3.43507 3.4478 3.46054 3.47326 3.48599 3.49871 3.51163 3.52417 3.53708 3.5501 3.56254 3.57533 3.58841 
1.5 1.5 1.5 1.5 1.5 1.5 1.5 1.5 1.5 1.5 1.52 2.3265 2.40971 2.49311 2.57662 2.66013 2.74383 2.82773 2.91151 2.99539 3.07948 3.16348 3.24767 3.33186 3.41625 3.50042 3.58473 2.90301 2.91506 2.92701 2.93895 2.95089 2.96274 2.97468 2.98663 2.99836 3.0102 3.02215 3.034 3.04595 3.0577 3.06966 3.08152 3.09349 3.10515 3.11733 3.12931 3.14119 3.15328 3.16506 3.17726 3.18936 3.20136 3.21337 3.22548 3.23769 3.24981 3.26192 3.27405 3.28627 3.29849 3.31062 3.32295 3.33518 3.34751 3.35984 3.37207 3.3844 3.39683 3.40916 3.42159 3.43402 3.44644 3.45886 3.47138 3.48381 3.49622 3.50895 3.52138 3.53368 3.54655 
1.5 1.5 1.5 1.5 1.5 1.5 1.5 1.5 1.5 1.5 1.5185 2.32301 2.40601 2.48912 2.57232 2.65552 2.73891 2.82241 2.90581 2.98951 3.07299 3.15668 3.24028 3.32407 3.40795 3.49172 3.57545 2.89234 2.90429 2.91606 2.92771 2.93936 2.95101 2.96267 2.97443 2.98587 2.99742 3.00907 3.02063 3.03239 3.04375 3.05531 3.06697 3.07854 3.0899 3.10179 3.11337 3.12505 3.13674 3.14812 3.16002 3.17172 3.18342 3.19512 3.20683 3.21864 3.23045 3.24227 3.25398 3.2658 3.27772 3.28955 3.30147 3.3134 3.32542 3.33735 3.34937 3.3613 3.37343 3.38545 3.39748 3.4097 3.42192 3.43404 3.44626 3.45838 3.47049 3.48302 3.49543 3.50725 3.5199 
1.5 1.5 1.5 1.5 1.5 1.5 1.5 1.5 1.5 1.5 1.51691 2.31941 2.40211 2.48481 2.56781 2.6506 2.7337 2.8168 2.8998 2.98311 3.0664 3.14949 3.23268 3.31608 3.39946 2.88314 2.8948 2.90626 2.91793 2.9295 2.94097 2.95253 2.964 2.97536 2.98703 2.99818 3.00954 3.0209 3.03227 3.04384 3.0549 3.06617 3.07754 3.08891 3.09988 3.11157 3.12285 3.13423 3.14562 3.1567 3.1683 3.1797 3.19109 3.20249 3.214 3.2254 3.23691 3.24842 3.25983 3.27135 3.28297 3.29458 3.3062 3.31782 3.32944 3.34117 3.35279 3.36451 3.37633 3.38806 3.39988 3.4119 3.42381 3.43573 3.44764 3.45956 3.47147 3.4838 3.4961 3.50752 3.52006 
1.5 1.5 1.5 1.5 1.5 1.5 1.5 1.5 1.5 1.5 1.51542 2.3156 2.3979 2.4804 2.5631 2.6456 2.7283 2.81111 2.89391 2.97671 3.0595 3.1424 3.22509 3.30808 3.39097 3.47375 2.87184 2.88311 2.89479 2.90617 2.91745 2.92883 2.9401 2.95137 2.96285 2.97381 2.98509 2.99616 3.00733 3.01881 3.02968 3.04075 3.05183 3.06301 3.07378 3.08517 3.09635 3.10744 3.11853 3.12941 3.14081 3.1519 3.1631 3.17419 3.18539 3.19659 3.2079 3.2191 3.23031 3.24162 3.25293 3.26424 3.27556 3.28697 3.29838 3.3098 3.32122 3.33273 3.34425 3.35577 3.36738 3.3791 3.39081 3.40252 3.41433 3.42605 3.43775 3.44988 3.46187 3.4732 3.48532 
1.5 1.5 1.5 1.5 1.5 1.5 1.5 1.5 1.5 1.5 1.5137 2.3117 2.3938 2.4759 2.5582 2.6405 2.72281 2.80541 2.88781 2.97021 3.0527 3.1352 3.2175 3.3001 3.3826 3.46489 3.54737 3.62965 2.85975 2.87104 2.88232 2.89351 2.90469 2.91587 2.92706 2.93814 2.94912 2.9602 2.97118 2.98257 2.99325 3.00413 3.01511 3.02599 3.03667 3.04786 3.05885 3.06974 3.08062 3.09131 3.1026 3.1135 3.12449 3.13538 3.14638 3.15738 3.16848 3.17948 3.19048 3.20158 3.21269 3.22369 3.2349 3.24601 3.25722 3.26843 3.27964 3.29095 3.30226 3.31367 3.32508 3.33649 3.3481 3.35971 3.37121 3.38282 3.39433 3.40624 3.41804 3.42927 3.44107 
1.5 1.5 1.5 1.5 1.5 1.5 1.5 1.5 1.5 1.5 1.512 2.3078 2.38971 2.47151 2.5535 2.6355 2.71749 2.79969 2.8817 2.9638 3.0459 3.128 3.21 3.29221 3.37431 3.4563 3.5383 3.62009 3.70218 2.84868 2.85987 2.87096 2.88216 2.89315 2.90455 2.91523 2.92623 2.93712 2.9481 2.9593 2.96988 2.98067 2.99146 3.00235 3.01283 3.02392 3.03471 3.0455 3.05619 3.06668 3.07777 3.08857 3.09936 3.11015 3.12094 3.13184 3.14263 3.15353 3.16433 3.17523 3.18613 3.19703 3.20803 3.21893 3.23003 3.24104 3.25204 3.26314 3.27435 3.28556 3.29676 3.30807 3.31947 3.33087 3.34228 3.35368 3.36509 3.37679 3.38839 3.39951 3.41101 
1.5 1.5 1.5 1.5 1.5 1.5 1.5 1.5 1.5 1.5 1.51029 2.304 2.38571 2.46721 2.54891 2.6306 2.71229 2.79419 2.87579 2.9578 3.03951 3.1212 3.20281 3.28461 3.36631 3.44791 3.5296 3.61111 2.8398 2.8509 2.8621 2.87311 2.88421 2.89521 2.90641 2.9171 2.928 2.9388 2.9497 2.96079 2.97129 2.98208 2.99277 3.00347 3.01386 3.02485 3.03555 3.04614 3.05673 3.06712 3.07801 3.0887 3.09929 3.10999 3.12058 3.13127 3.14186 3.15256 3.16325 3.17394 3.18474 3.19543 3.20623 3.21703 3.22793 3.23872 3.24972 3.26062 3.27162 3.28262 3.29372 3.30482 3.31602 3.32732 3.33863 3.34993 3.36123 3.37273 3.38403 3.39514 3.40643 
1.5 1.5 1.5 1.5 1.5 1.5 1.5 1.5 1.5 1.5 1.5088 2.3003 2.3818 2.463 2.5444 2.6259 2.7073 2.7888 2.87029 2.95179 3.0332 3.1146 3.1959 3.2774 3.35881 3.44001 3.52131 3.60242 2.83062 2.84173 2.85283 2.86383 2.87484 2.88574 2.89695 2.90755 2.91835 2.92926 2.93996 2.95077 2.96146 2.97216 2.98276 2.99345 3.00375 3.01465 3.02514 3.03574 3.04633 3.05652 3.06731 3.07791 3.0884 3.09889 3.10948 3.11997 3.13046 3.14106 3.15165 3.16214 3.17283 3.18342 3.19402 3.20471 3.2154 3.2261 3.23689 3.24778 3.25858 3.26948 3.28047 3.29147 3.30247 3.31366 3.32486 3.33606 3.34726 3.35856 3.36965 3.38076 3.39195 
1.5 1.5 1.5 1.5 1.5 1.5 1.5 1.5 1.5 1.5 1.5073 2.2968 2.378 2.459 2.5402 2.6214 2.70251 2.78381 2.8648 2.94599 3.02729 3.1084 3.1894 3.2705 3.3516 3.43261 3.51351 3.59442 2.82203 2.83314 2.84414 2.85515 2.86615 2.87706 2.88797 2.89877 2.90958 2.92038 2.93109 2.94209 2.9524 2.963 2.9736 2.9842 2.9945 3.0053 3.0158 3.0263 3.03679 3.04689 3.05758 3.06807 3.07847 3.08896 3.09945 3.10984 3.12024 3.13073 3.14122 3.15161 3.1621 3.17259 3.18318 3.19377 3.20426 3.21495 3.22554 3.23633 3.24703 3.25782 3.26861 3.27951 3.2905 3.3015 3.31259 3.32369 3.33478 3.34588 3.35688 3.36807 3.37916 
1.5 1.5 1.5 1.5 1.5 1.5 1.5 1.5 1.5 1.5 1.50591 2.2935 2.3745 2.4553 2.5363 2.6171 2.698 2.779 2.8599 2.94079 3.02179 3.1026 3.1833 3.2642 3.345 3.42561 3.50631 3.58682 2.81402 2.82503 2.83604 2.84705 2.85795 2.86886 2.88007 2.89058 2.90128 2.91209 2.9228 2.93341 2.94401 2.95461 2.96522 2.97572 2.98602 2.99672 3.00722 3.01762 3.02812 3.03822 3.04891 3.05931 3.06961 3.08 3.09039 3.10079 3.11108 3.12147 3.13186 3.14225 3.15264 3.16303 3.17352 3.18401 3.1944 3.20499 3.21558 3.22617 3.23676 3.24745 3.25815 3.26904 3.27993 3.29082 3.30182 3.31281 3.32381 3.3349 3.3458 3.35689 3.36798 
1.5 1.5 1.5 1.5 1.5 1.5 1.5 1.5 1.5 1.5 1.50461 2.2905 2.3713 2.4519 2.5326 2.6132 2.6939 2.7746 2.8553 2.936 3.0166 3.0972 3.1777 3.2582 3.3388 3.41921 3.49951 3.57981 3.66012 2.80592 2.81693 2.82784 2.83884 2.84965 2.86086 2.87136 2.88207 2.89288 2.90348 2.91419 2.9248 2.9354 2.94591 2.95641 2.96672 2.97742 2.98782 2.99832 3.00872 3.01872 3.02942 3.03982 3.05011 3.06051 3.07081 3.0811 3.09139 3.10179 3.11208 3.12237 3.13276 3.14316 3.15355 3.16394 3.17443 3.18492 3.19541 3.206 3.21649 3.22718 3.23777 3.24866 3.25946 3.27035 3.28124 3.29214 3.30313 3.31402 3.32482 3.33591 3.3471 
1.5 1.5 1.5 1.5 1.5 1.5 1.5 1.5 1.5 1.5 1.50339 2.2878 2.3683 2.4488 2.5293 2.6097 2.6902 2.7707 2.8511 2.9316 3.0119 3.09229 3.17259 3.2529 3.3332 3.4133 3.4935 3.57351 3.65361 3.73351 3.81343 2.79792 2.80883 2.81973 2.83084 2.84134 2.85205 2.86285 2.87356 2.88446 2.89477 2.90538 2.91598 2.92649 2.93669 2.94739 2.9579 2.9683 2.9787 2.9888 2.9994 3.0098 3.0201 3.0305 3.0408 3.05109 3.06139 3.07179 3.08208 3.09238 3.10277 3.11306 3.12346 3.13385 3.14424 3.15473 3.16523 3.17572 3.18631 3.1969 3.20749 3.21829 3.22908 3.23988 3.25077 3.26166 3.27256 3.28345 3.29415 3.30524 3.31653 
1.5 1.5 1.5 1.5 1.5 1.5 1.5 1.5 1.5 1.5 1.50239 2.2854 2.3658 2.446 2.5263 2.6066 2.6869 2.76721 2.84741 2.92771 3.0079 3.08799 3.16809 3.24819 3.3282 3.4082 3.4882 3.568 3.64781 3.72751 3.80711 2.79211 2.80302 2.81382 2.82492 2.83543 2.84623 2.85693 2.86764 2.87854 2.88885 2.89945 2.90995 2.92046 2.93066 2.94136 2.95187 2.96227 2.97267 2.98277 2.99337 3.00377 3.01408 3.02438 3.03468 3.04507 3.05537 3.06567 3.07597 3.08627 3.09666 3.10696 3.11736 3.12775 3.13815 3.14854 3.15904 3.16953 3.18003 3.19062 3.20121 3.21191 3.22271 3.2335 3.2443 3.25519 3.26609 3.27688 3.28758 3.29857 3.30977 
1.5 1.5 1.5 1.5 1.5 1.5 1.5 1.5 1.5 1.5 1.5015 2.2833 2.3635 2.4436 2.5238 2.6039 2.684 2.7642 2.8442 2.9242 3.0043 3.0843 3.1641 3.244 3.3238 3.4036 3.4834 3.5629 3.6425 2.7881 2.799 2.81001 2.82081 2.83171 2.84271 2.85321 2.86401 2.87472 2.88532 2.89622 2.90652 2.91712 2.92763 2.93813 2.94833 2.95903 2.96944 2.97984 2.99024 3.00034 3.01095 3.02125 3.03155 3.04195 3.05225 3.06255 3.07285 3.08315 3.09345 3.10375 3.11405 3.12445 3.13475 3.14515 3.15555 3.16604 3.17644 3.18694 3.19744 3.20793 3.21853 3.22923 3.24003 3.25082 3.26152 3.27242 3.28322 3.29401 3.30471 3.31561 3.3266 
1.5 1.5 1.5 1.5 1.5 1.5 1.5 1.5 1.5 1.5 1.50081 2.2818 2.3619 2.4419 2.522 2.60189 2.68189 2.76199 2.84189 2.9218 3.00171 3.08151 3.16121 3.24101 3.3207 3.4003 3.4799 3.5592 3.6387 2.78429 2.7952 2.8061 2.8169 2.8278 2.8385 2.8493 2.86 2.8707 2.8814 2.8923 2.9026 2.9132 2.9237 2.9342 2.94441 2.95511 2.96551 2.97591 2.98631 2.99632 3.00702 3.01732 3.02762 3.03793 3.04823 3.05853 3.06883 3.07913 3.08953 3.09984 3.11024 3.12054 3.13094 3.14134 3.15174 3.16224 3.17264 3.18314 3.19364 3.20424 3.21484 3.22554 3.23624 3.24704 3.25774 3.26864 3.27944 3.29014 3.30094 3.31174 3.32264 
1.5 1.5 1.5 1.5 1.5 1.5 1.5 1.5 1.5 1.5 1.5003 2.2805 2.3604 2.4404 2.5203 2.6002 2.68009 2.76009 2.83989 2.9196 2.9994 3.07911 3.15871 3.23841 3.318 3.3975 3.477 3.5562 3.63549 3.71479 2.78049 2.79139 2.80219 2.81299 2.82409 2.83459 2.84529 2.85589 2.86659 2.87739 2.88778 2.89828 2.90878 2.91928 2.92949 2.94019 2.95059 2.96099 2.97139 2.98149 2.99209 3.0025 3.0128 3.0232 3.0336 3.04391 3.05431 3.06471 3.07512 3.08552 3.09592 3.10623 3.11663 3.12713 3.13754 3.14804 3.15844 3.16894 3.17955 3.19005 3.20065 3.21125 3.22206 3.23276 3.24356 3.25436 3.26516 3.27586 3.28677 3.29757 3.30827 
1.5 1.5 1.5 1.5 1.5 1.5 1.5 1.5 1.5 1.5 1.4998 2.2793 2.3592 2.439 2.5188 2.5987 2.6785 2.7584 2.838 2.9178 2.9975 3.0771 3.1566 3.2362 3.3157 3.3951 3.4745 3.5536 3.63279 3.71189 3.79099 2.77719 2.78799 2.79879 2.80979 2.82028 2.83098 2.84168 2.85228 2.86308 2.87337 2.88387 2.89437 2.90487 2.91517 2.92577 2.93617 2.94667 2.95707 2.96717 2.97777 2.98818 2.99858 3.00898 3.01938 3.02979 3.04019 3.0505 3.0609 3.0714 3.08181 3.09221 3.10262 3.11312 3.12363 3.13403 3.14464 3.15514 3.16575 3.17635 3.18686 3.19756 3.20837 3.21907 3.22998 3.24078 3.25158 3.26239 3.27309 3.2838 3.2941 
1.5 1.5 1.5 1.5 1.5 1.5 1.5 1.5 1.5 1.5 1.4992 2.2782 2.358 2.4377 2.5175 2.5973 2.677 2.7567 2.8363 2.916 2.9955 3.0751 3.1546 3.234 3.3133 3.3927 3.4717 3.5509 3.6301 3.7089 3.7879 3.8667 2.7736 2.7844 2.79519 2.80589 2.81649 2.82719 2.83779 2.84859 2.85889 2.86939 2.87999 2.89048 2.90068 2.91138 2.92178 2.93228 2.94268 2.95288 2.96349 2.97389 2.98439 2.99479 3.00519 3.01559 3.0261 3.0365 3.047 3.05741 3.06791 3.07842 3.08892 3.09942 3.11003 3.12053 3.13114 3.14164 3.15235 3.16296 3.17356 3.18426 3.19507 3.20577 3.21668 3.22738 3.23808 3.24889 3.26009 3.2709 3.2804 
