5
s 30 2 31
r 20 0.01 0 5.1168 0.01
r 22 0.01 0 4.44129 0.01
r 24 0.01 0 3.69562 0.01
r 26 0.01 0 2.97736 0.01
r 28 0.01 0 1.88023 0.01
r 30 0.01 0 1.32619 0.01
r 32 0.01 0 1.88024 0.01
r 34 0.01 0 2.97739 0.01
r 36 0.01 0 3.70406 0.01
r 38 0.01 0 4.49893 0.01
r 40 0.01 0 5.21346 0.01
r 42 0.01 0 5.92914 0.01
r 44 0.01 0 6.64014 0.01
r 46 0.01 0 7.3418 0.01
r 48 0.01 0 8.04023 0.01
r 50 0.01 0 8.74336 0.01
r 52 0.01 0 9.45354 0.01
r 54 0.01 0 10.1548 0.01
r 56 0.01 0 10.8051 0.01
r 58 0.01 0 11.4545 0.01
r 60 0.01 0 12.0916 0.01
r 62 0.01 0 12.7066 0.01
r 64 0.01 0 13.282 0.01
r 66 0.01 0 13.8402 0.01
r 68 0.01 0 14.3862 0.01
r 70 0.01 0 14.9516 0.01
r 72 0.01 0 15.5165 0.01
r 74 0.01 0 16.0502 0.01
r 76 0.01 0 16.5794 0.01
r 78 0.01 0 17.1162 0.01
r 80 0.01 0 17.6254 0.01
s 40 2 31
r 20 0.01 0 8.63141 0.01
r 22 0.01 0 7.96594 0.01
r 24 0.01 0 7.30715 0.01
r 26 0.01 0 6.62124 0.01
r 28 0.01 0 5.9191 0.01
r 30 0.01 0 5.22137 0.01
r 32 0.01 0 4.51155 0.01
r 34 0.01 0 3.71877 0.01
r 36 0.01 0 2.97855 0.01
r 38 0.01 0 1.88098 0.01
r 40 0.01 0 1.32672 0.01
r 42 0.01 0 1.88099 0.01
r 44 0.01 0 2.97858 0.01
r 46 0.01 0 3.72626 0.01
r 48 0.01 0 4.52834 0.01
r 50 0.01 0 5.26607 0.01
r 52 0.01 0 5.97726 0.01
r 54 0.01 0 6.67945 0.01
r 56 0.01 0 7.37472 0.01
r 58 0.01 0 8.0503 0.01
r 60 0.01 0 8.71025 0.01
r 62 0.01 0 9.3681 0.01
r 64 0.01 0 10.0388 0.01
r 66 0.01 0 10.7114 0.01
r 68 0.01 0 11.3767 0.01
r 70 0.01 0 12.0145 0.01
r 72 0.01 0 12.6352 0.01
r 74 0.01 0 13.2627 0.01
r 76 0.01 0 13.8889 0.01
r 78 0.01 0 14.5185 0.01
r 80 0.01 0 15.0472 0.01
s 50 2 31
r 20 0.01 0 12.0269 0.01
r 22 0.01 0 11.4012 0.01
r 24 0.01 0 10.7773 0.01
r 26 0.01 0 10.1326 0.01
r 28 0.01 0 9.44639 0.01
r 30 0.01 0 8.75501 0.01
r 32 0.01 0 8.06019 0.01
r 34 0.01 0 7.36393 0.01
r 36 0.01 0 6.66757 0.01
r 38 0.01 0 5.97364 0.01
r 40 0.01 0 5.26936 0.01
r 42 0.01 0 4.53142 0.01
r 44 0.01 0 3.72847 0.01
r 46 0.01 0 2.97887 0.01
r 48 0.01 0 1.88118 0.01
r 50 0.01 0 1.32685 0.01
r 52 0.01 0 1.88118 0.01
r 54 0.01 0 2.97886 0.01
r 56 0.01 0 3.72585 0.01
r 58 0.01 0 4.52581 0.01
r 60 0.01 0 5.25225 0.01
r 62 0.01 0 5.9201 0.01
r 64 0.01 0 6.58982 0.01
r 66 0.01 0 7.26117 0.01
r 68 0.01 0 7.9282 0.01
r 70 0.01 0 8.56493 0.01
r 72 0.01 0 9.18588 0.01
r 74 0.01 0 9.81191 0.01
r 76 0.01 0 10.4409 0.01
r 78 0.01 0 11.0653 0.01
r 80 0.01 0 11.6844 0.01
s 60 2 31
r 20 0.01 0 14.9896 0.01
r 22 0.01 0 14.426 0.01
r 24 0.01 0 13.8641 0.01
r 26 0.01 0 13.2988 0.01
r 28 0.01 0 12.7028 0.01
r 30 0.01 0 12.1035 0.01
r 32 0.01 0 11.4691 0.01
r 34 0.01 0 10.7735 0.01
r 36 0.01 0 10.0787 0.01
r 38 0.01 0 9.38268 0.01
r 40 0.01 0 8.68265 0.01
r 42 0.01 0 7.97436 0.01
r 44 0.01 0 7.27371 0.01
r 46 0.01 0 6.58803 0.01
r 48 0.01 0 5.92155 0.01
r 50 0.01 0 5.24849 0.01
r 52 0.01 0 4.51585 0.01
r 54 0.01 0 3.71473 0.01
r 56 0.01 0 2.9779 0.01
r 58 0.01 0 1.88056 0.01
r 60 0.01 0 1.32642 0.01
r 62 0.01 0 1.88055 0.01
r 64 0.01 0 2.97787 0.01
r 66 0.01 0 3.70275 0.01
r 68 0.01 0 4.49025 0.01
r 70 0.01 0 5.20529 0.01
r 72 0.01 0 5.85195 0.01
r 74 0.01 0 6.47813 0.01
r 76 0.01 0 7.10568 0.01
r 78 0.01 0 7.73196 0.01
r 80 0.01 0 8.34819 0.01
s 70 2 31
r 20 0.01 0 17.6305 0.01
r 22 0.01 0 17.1004 0.01
r 24 0.01 0 16.5765 0.01
r 26 0.01 0 16.0481 0.01
r 28 0.01 0 15.5091 0.01
r 30 0.01 0 14.9669 0.01
r 32 0.01 0 14.4249 0.01
r 34 0.01 0 13.8672 0.01
r 36 0.01 0 13.2862 0.01
r 38 0.01 0 12.6706 0.01
r 40 0.01 0 11.9708 0.01
r 42 0.01 0 11.2629 0.01
r 44 0.01 0 10.5631 0.01
r 46 0.01 0 9.87689 0.01
r 48 0.01 0 9.21007 0.01
r 50 0.01 0 8.54392 0.01
r 52 0.01 0 7.86312 0.01
r 54 0.01 0 7.18211 0.01
r 56 0.01 0 6.50749 0.01
r 58 0.01 0 5.85774 0.01
r 60 0.01 0 5.20018 0.01
r 62 0.01 0 4.47526 0.01
r 64 0.01 0 3.6891 0.01
r 66 0.01 0 2.97659 0.01
r 68 0.01 0 1.87974 0.01
r 70 0.01 0 1.32584 0.01
r 72 0.01 0 1.87973 0.01
r 74 0.01 0 2.97656 0.01
r 76 0.01 0 3.67819 0.01
r 78 0.01 0 4.45519 0.01
r 80 0.01 0 5.16709 0.01
