5
s 30 2 31
r 20 0.01 0 5.11889 0.01
r 22 0.01 0 4.44201 0.01
r 24 0.01 0 3.69336 0.01
r 26 0.01 0 2.97734 0.01
r 28 0.01 0 1.88022 0.01
r 30 0.01 0 1.32618 0.01
r 32 0.01 0 1.88023 0.01
r 34 0.01 0 2.97737 0.01
r 36 0.01 0 3.70533 0.01
r 38 0.01 0 4.49924 0.01
r 40 0.01 0 5.21622 0.01
r 42 0.01 0 5.93145 0.01
r 44 0.01 0 6.64501 0.01
r 46 0.01 0 7.34805 0.01
r 48 0.01 0 8.04729 0.01
r 50 0.01 0 8.75163 0.01
r 52 0.01 0 9.4627 0.01
r 54 0.01 0 10.1651 0.01
r 56 0.01 0 10.8437 0.01
r 58 0.01 0 11.4925 0.01
r 60 0.01 0 12.1502 0.01
r 62 0.01 0 12.7859 0.01
r 64 0.01 0 13.374 0.01
r 66 0.01 0 13.9373 0.01
r 68 0.01 0 14.4852 0.01
r 70 0.01 0 15.0601 0.01
r 72 0.01 0 15.6168 0.01
r 74 0.01 0 16.1523 0.01
r 76 0.01 0 16.6785 0.01
r 78 0.01 0 17.2121 0.01
r 80 0.01 0 17.7203 0.01
s 40 2 31
r 20 0.01 0 8.64206 0.01
r 22 0.01 0 7.97467 0.01
r 24 0.01 0 7.31461 0.01
r 26 0.01 0 6.62564 0.01
r 28 0.01 0 5.92182 0.01
r 30 0.01 0 5.2231 0.01
r 32 0.01 0 4.51267 0.01
r 34 0.01 0 3.71846 0.01
r 36 0.01 0 2.9785 0.01
r 38 0.01 0 1.88095 0.01
r 40 0.01 0 1.32669 0.01
r 42 0.01 0 1.88095 0.01
r 44 0.01 0 2.97852 0.01
r 46 0.01 0 3.72586 0.01
r 48 0.01 0 4.52826 0.01
r 50 0.01 0 5.26987 0.01
r 52 0.01 0 5.97975 0.01
r 54 0.01 0 6.68203 0.01
r 56 0.01 0 7.37698 0.01
r 58 0.01 0 8.0547 0.01
r 60 0.01 0 8.71357 0.01
r 62 0.01 0 9.37467 0.01
r 64 0.01 0 10.046 0.01
r 66 0.01 0 10.718 0.01
r 68 0.01 0 11.3826 0.01
r 70 0.01 0 12.0211 0.01
r 72 0.01 0 12.641 0.01
r 74 0.01 0 13.2672 0.01
r 76 0.01 0 13.8952 0.01
r 78 0.01 0 14.5219 0.01
r 80 0.01 0 15.11 0.01
s 50 2 31
r 20 0.01 0 12.0796 0.01
r 22 0.01 0 11.4433 0.01
r 24 0.01 0 10.8203 0.01
r 26 0.01 0 10.1532 0.01
r 28 0.01 0 9.45582 0.01
r 30 0.01 0 8.76244 0.01
r 32 0.01 0 8.06612 0.01
r 34 0.01 0 7.36856 0.01
r 36 0.01 0 6.67196 0.01
r 38 0.01 0 5.97584 0.01
r 40 0.01 0 5.27017 0.01
r 42 0.01 0 4.53357 0.01
r 44 0.01 0 3.72858 0.01
r 46 0.01 0 2.97884 0.01
r 48 0.01 0 1.88116 0.01
r 50 0.01 0 1.32684 0.01
r 52 0.01 0 1.88116 0.01
r 54 0.01 0 2.97883 0.01
r 56 0.01 0 3.72507 0.01
r 58 0.01 0 4.52476 0.01
r 60 0.01 0 5.25261 0.01
r 62 0.01 0 5.92181 0.01
r 64 0.01 0 6.59157 0.01
r 66 0.01 0 7.26279 0.01
r 68 0.01 0 7.92976 0.01
r 70 0.01 0 8.5683 0.01
r 72 0.01 0 9.18828 0.01
r 74 0.01 0 9.81419 0.01
r 76 0.01 0 10.4441 0.01
r 78 0.01 0 11.068 0.01
r 80 0.01 0 11.6857 0.01
s 60 2 31
r 20 0.01 0 15.1065 0.01
r 22 0.01 0 14.5331 0.01
r 24 0.01 0 13.9652 0.01
r 26 0.01 0 13.386 0.01
r 28 0.01 0 12.7775 0.01
r 30 0.01 0 12.1747 0.01
r 32 0.01 0 11.4785 0.01
r 34 0.01 0 10.782 0.01
r 36 0.01 0 10.0848 0.01
r 38 0.01 0 9.38886 0.01
r 40 0.01 0 8.68837 0.01
r 42 0.01 0 7.97898 0.01
r 44 0.01 0 7.27623 0.01
r 46 0.01 0 6.59038 0.01
r 48 0.01 0 5.92208 0.01
r 50 0.01 0 5.24892 0.01
r 52 0.01 0 4.51365 0.01
r 54 0.01 0 3.71569 0.01
r 56 0.01 0 2.97789 0.01
r 58 0.01 0 1.88056 0.01
r 60 0.01 0 1.32641 0.01
r 62 0.01 0 1.88054 0.01
r 64 0.01 0 2.97786 0.01
r 66 0.01 0 3.70268 0.01
r 68 0.01 0 4.49026 0.01
r 70 0.01 0 5.20538 0.01
r 72 0.01 0 5.85226 0.01
r 74 0.01 0 6.47796 0.01
r 76 0.01 0 7.10755 0.01
r 78 0.01 0 7.73289 0.01
r 80 0.01 0 8.34939 0.01
s 70 2 31
r 20 0.01 0 17.7325 0.01
r 22 0.01 0 17.2015 0.01
r 24 0.01 0 16.6786 0.01
r 26 0.01 0 16.1534 0.01
r 28 0.01 0 15.612 0.01
r 30 0.01 0 15.0772 0.01
r 32 0.01 0 14.5094 0.01
r 34 0.01 0 13.9398 0.01
r 36 0.01 0 13.3429 0.01
r 38 0.01 0 12.6771 0.01
r 40 0.01 0 11.9767 0.01
r 42 0.01 0 11.2676 0.01
r 44 0.01 0 10.5663 0.01
r 46 0.01 0 9.88061 0.01
r 48 0.01 0 9.21253 0.01
r 50 0.01 0 8.54555 0.01
r 52 0.01 0 7.86496 0.01
r 54 0.01 0 7.18277 0.01
r 56 0.01 0 6.50896 0.01
r 58 0.01 0 5.85871 0.01
r 60 0.01 0 5.2004 0.01
r 62 0.01 0 4.47516 0.01
r 64 0.01 0 3.68828 0.01
r 66 0.01 0 2.97658 0.01
r 68 0.01 0 1.87973 0.01
r 70 0.01 0 1.32584 0.01
r 72 0.01 0 1.87972 0.01
r 74 0.01 0 2.97655 0.01
r 76 0.01 0 3.67816 0.01
r 78 0.01 0 4.45515 0.01
r 80 0.01 0 5.16684 0.01
