5
s 30 2 31
r 20 0.01 0 4.2279 0.01
r 22 0.01 0 3.82124 0.01
r 24 0.01 0 3.45073 0.01
r 26 0.01 0 2.97845 0.01
r 28 0.01 0 1.88091 0.01
r 30 0.01 0 1.32667 0.01
r 32 0.01 0 1.88091 0.01
r 34 0.01 0 2.97845 0.01
r 36 0.01 0 3.49681 0.01
r 38 0.01 0 3.91796 0.01
r 40 0.01 0 4.38584 0.01
r 42 0.01 0 4.85244 0.01
r 44 0.01 0 5.30792 0.01
r 46 0.01 0 5.66939 0.01
r 48 0.01 0 6.04608 0.01
r 50 0.01 0 6.5013 0.01
r 52 0.01 0 6.95804 0.01
r 54 0.01 0 7.41087 0.01
r 56 0.01 0 7.81897 0.01
r 58 0.01 0 8.21828 0.01
r 60 0.01 0 8.58574 0.01
r 62 0.01 0 8.98588 0.01
r 64 0.01 0 9.45665 0.01
r 66 0.01 0 9.91609 0.01
r 68 0.01 0 10.3013 0.01
r 70 0.01 0 10.659 0.01
r 72 0.01 0 11.0466 0.01
r 74 0.01 0 11.4677 0.01
r 76 0.01 0 11.854 0.01
r 78 0.01 0 12.2842 0.01
r 80 0.01 0 12.7005 0.01
s 40 2 31
r 20 0.01 0 6.3121 0.01
r 22 0.01 0 5.90664 0.01
r 24 0.01 0 5.537 0.01
r 26 0.01 0 5.21705 0.01
r 28 0.01 0 4.84453 0.01
r 30 0.01 0 4.38286 0.01
r 32 0.01 0 3.9628 0.01
r 34 0.01 0 3.55353 0.01
r 36 0.01 0 2.97845 0.01
r 38 0.01 0 1.88091 0.01
r 40 0.01 0 1.32667 0.01
r 42 0.01 0 1.88091 0.01
r 44 0.01 0 2.97845 0.01
r 46 0.01 0 3.7231 0.01
r 48 0.01 0 4.10049 0.01
r 50 0.01 0 4.55921 0.01
r 52 0.01 0 5.02222 0.01
r 54 0.01 0 5.48266 0.01
r 56 0.01 0 5.89648 0.01
r 58 0.01 0 6.30351 0.01
r 60 0.01 0 6.67634 0.01
r 62 0.01 0 7.08081 0.01
r 64 0.01 0 7.56129 0.01
r 66 0.01 0 8.03223 0.01
r 68 0.01 0 8.43613 0.01
r 70 0.01 0 8.80034 0.01
r 72 0.01 0 9.19643 0.01
r 74 0.01 0 9.62855 0.01
r 76 0.01 0 10.0305 0.01
r 78 0.01 0 10.4661 0.01
r 80 0.01 0 10.9081 0.01
s 50 2 31
r 20 0.01 0 8.39341 0.01
r 22 0.01 0 7.99717 0.01
r 24 0.01 0 7.62808 0.01
r 26 0.01 0 7.31225 0.01
r 28 0.01 0 6.94888 0.01
r 30 0.01 0 6.49768 0.01
r 32 0.01 0 6.08237 0.01
r 34 0.01 0 5.67485 0.01
r 36 0.01 0 5.30248 0.01
r 38 0.01 0 4.94919 0.01
r 40 0.01 0 4.58656 0.01
r 42 0.01 0 4.13055 0.01
r 44 0.01 0 3.66842 0.01
r 46 0.01 0 2.97845 0.01
r 48 0.01 0 1.88091 0.01
r 50 0.01 0 1.32667 0.01
r 52 0.01 0 1.88091 0.01
r 54 0.01 0 2.97845 0.01
r 56 0.01 0 3.7231 0.01
r 58 0.01 0 4.30439 0.01
r 60 0.01 0 4.67925 0.01
r 62 0.01 0 5.08749 0.01
r 64 0.01 0 5.56991 0.01
r 66 0.01 0 6.05327 0.01
r 68 0.01 0 6.47478 0.01
r 70 0.01 0 6.84204 0.01
r 72 0.01 0 7.24452 0.01
r 74 0.01 0 7.68549 0.01
r 76 0.01 0 8.10025 0.01
r 78 0.01 0 8.54345 0.01
r 80 0.01 0 9.00416 0.01
s 60 2 31
r 20 0.01 0 10.4121 0.01
r 22 0.01 0 10.0274 0.01
r 24 0.01 0 9.66643 0.01
r 26 0.01 0 9.35664 0.01
r 28 0.01 0 9.00484 0.01
r 30 0.01 0 8.56958 0.01
r 32 0.01 0 8.16286 0.01
r 34 0.01 0 7.76307 0.01
r 36 0.01 0 7.39334 0.01
r 38 0.01 0 7.04271 0.01
r 40 0.01 0 6.68555 0.01
r 42 0.01 0 6.2406 0.01
r 44 0.01 0 5.78614 0.01
r 46 0.01 0 5.409 0.01
r 48 0.01 0 5.05356 0.01
r 50 0.01 0 4.6882 0.01
r 52 0.01 0 4.27781 0.01
r 54 0.01 0 3.7231 0.01
r 56 0.01 0 2.97845 0.01
r 58 0.01 0 1.88091 0.01
r 60 0.01 0 1.32667 0.01
r 62 0.01 0 1.88091 0.01
r 64 0.01 0 2.97845 0.01
r 66 0.01 0 3.7231 0.01
r 68 0.01 0 4.5288 0.01
r 70 0.01 0 4.8377 0.01
r 72 0.01 0 5.24006 0.01
r 74 0.01 0 5.68745 0.01
r 76 0.01 0 6.10672 0.01
r 78 0.01 0 6.55457 0.01
r 80 0.01 0 7.02795 0.01
s 70 2 31
r 20 0.01 0 12.4159 0.01
r 22 0.01 0 12.0478 0.01
r 24 0.01 0 11.6999 0.01
r 26 0.01 0 11.3983 0.01
r 28 0.01 0 11.0623 0.01
r 30 0.01 0 10.6464 0.01
r 32 0.01 0 10.25 0.01
r 34 0.01 0 9.86208 0.01
r 36 0.01 0 9.50234 0.01
r 38 0.01 0 9.15886 0.01
r 40 0.01 0 8.80994 0.01
r 42 0.01 0 8.37855 0.01
r 44 0.01 0 7.93512 0.01
r 46 0.01 0 7.56238 0.01
r 48 0.01 0 7.20919 0.01
r 50 0.01 0 6.84922 0.01
r 52 0.01 0 6.44647 0.01
r 54 0.01 0 6.03716 0.01
r 56 0.01 0 5.58549 0.01
r 58 0.01 0 5.19134 0.01
r 60 0.01 0 4.85891 0.01
r 62 0.01 0 4.5288 0.01
r 64 0.01 0 3.7231 0.01
r 66 0.01 0 2.97845 0.01
r 68 0.01 0 1.88091 0.01
r 70 0.01 0 1.32667 0.01
r 72 0.01 0 1.88091 0.01
r 74 0.01 0 2.97845 0.01
r 76 0.01 0 3.7231 0.01
r 78 0.01 0 4.5288 0.01
r 80 0.01 0 5.03801 0.01
