5
s 30 2 7
r 50 0.01 0 8.82127 0.05
r 52 0.01 0 9.42875 0.05
r 64 0.01 0 13.13541 0.05
r 66 0.01 0 13.76973 0.05
r 68 0.01 0 14.37087 0.05
r 74 0.01 0 16.00714 0.05
r 78 0.01 0 17.12545 0.05
s 40 2 4
r 20 0.01 0 8.64161 0.05
r 22 0.01 0 7.96384 0.05
r 26 0.01 0 6.73994 0.05
r 80 0.01 0 14.99440 0.05
s 50 2 5
r 20 0.01 0 11.84523 0.05
r 22 0.01 0 11.33882 0.05
r 24 0.01 0 10.71863 0.05
r 26 0.01 0 10.03672 0.05
r 28 0.01 0 9.41022 0.05
s 60 2 1
r 20 0.01 0 14.60395 0.05
s 70 2 1
r 22 0.01 0 17.33408 0.05
