5
s 30 2 31
r 20 0.01 0 4.15146 0.01
r 22 0.01 0 3.75927 0.01
r 24 0.01 0 3.40274 0.01
r 26 0.01 0 2.97734 0.01
r 28 0.01 0 1.88022 0.01
r 30 0.01 0 1.32618 0.01
r 32 0.01 0 1.88023 0.01
r 34 0.01 0 2.97737 0.01
r 36 0.01 0 3.46665 0.01
r 38 0.01 0 3.88246 0.01
r 40 0.01 0 4.3442 0.01
r 42 0.01 0 4.80604 0.01
r 44 0.01 0 5.25372 0.01
r 46 0.01 0 5.60954 0.01
r 48 0.01 0 5.98218 0.01
r 50 0.01 0 6.42531 0.01
r 52 0.01 0 6.85805 0.01
r 54 0.01 0 7.28073 0.01
r 56 0.01 0 7.65575 0.01
r 58 0.01 0 8.0092 0.01
r 60 0.01 0 8.33515 0.01
r 62 0.01 0 8.67993 0.01
r 64 0.01 0 9.07389 0.01
r 66 0.01 0 9.45458 0.01
r 68 0.01 0 9.74269 0.01
r 70 0.01 0 10.0358 0.01
r 72 0.01 0 10.3454 0.01
r 74 0.01 0 10.6812 0.01
r 76 0.01 0 10.9893 0.01
r 78 0.01 0 11.3506 0.01
r 80 0.01 0 11.6836 0.01
s 40 2 31
r 20 0.01 0 6.19239 0.01
r 22 0.01 0 5.80637 0.01
r 24 0.01 0 5.4493 0.01
r 26 0.01 0 5.14379 0.01
r 28 0.01 0 4.79118 0.01
r 30 0.01 0 4.34622 0.01
r 32 0.01 0 3.93625 0.01
r 34 0.01 0 3.5361 0.01
r 36 0.01 0 2.97849 0.01
r 38 0.01 0 1.88094 0.01
r 40 0.01 0 1.32669 0.01
r 42 0.01 0 1.88095 0.01
r 44 0.01 0 2.97852 0.01
r 46 0.01 0 3.72472 0.01
r 48 0.01 0 4.09323 0.01
r 50 0.01 0 4.54756 0.01
r 52 0.01 0 5.002 0.01
r 54 0.01 0 5.45102 0.01
r 56 0.01 0 5.8521 0.01
r 58 0.01 0 6.23975 0.01
r 60 0.01 0 6.5929 0.01
r 62 0.01 0 6.97517 0.01
r 64 0.01 0 7.42145 0.01
r 66 0.01 0 7.84398 0.01
r 68 0.01 0 8.17635 0.01
r 70 0.01 0 8.49846 0.01
r 72 0.01 0 8.83877 0.01
r 74 0.01 0 9.20519 0.01
r 76 0.01 0 9.53594 0.01
r 78 0.01 0 9.91773 0.01
r 80 0.01 0 10.2817 0.01
s 50 2 31
r 20 0.01 0 8.17342 0.01
r 22 0.01 0 7.81092 0.01
r 24 0.01 0 7.47101 0.01
r 26 0.01 0 7.17749 0.01
r 28 0.01 0 6.84766 0.01
r 30 0.01 0 6.42699 0.01
r 32 0.01 0 6.03075 0.01
r 34 0.01 0 5.63849 0.01
r 36 0.01 0 5.27613 0.01
r 38 0.01 0 4.92991 0.01
r 40 0.01 0 4.57609 0.01
r 42 0.01 0 4.12632 0.01
r 44 0.01 0 3.66841 0.01
r 46 0.01 0 2.97885 0.01
r 48 0.01 0 1.88116 0.01
r 50 0.01 0 1.32684 0.01
r 52 0.01 0 1.88116 0.01
r 54 0.01 0 2.97884 0.01
r 56 0.01 0 3.72504 0.01
r 58 0.01 0 4.2832 0.01
r 60 0.01 0 4.64771 0.01
r 62 0.01 0 5.04374 0.01
r 64 0.01 0 5.51448 0.01
r 66 0.01 0 5.97156 0.01
r 68 0.01 0 6.35204 0.01
r 70 0.01 0 6.69775 0.01
r 72 0.01 0 7.07348 0.01
r 74 0.01 0 7.48069 0.01
r 76 0.01 0 7.85576 0.01
r 78 0.01 0 8.26631 0.01
r 80 0.01 0 8.67457 0.01
s 60 2 31
r 20 0.01 0 9.89111 0.01
r 22 0.01 0 9.56243 0.01
r 24 0.01 0 9.25176 0.01
r 26 0.01 0 8.98759 0.01
r 28 0.01 0 8.70173 0.01
r 30 0.01 0 8.32312 0.01
r 32 0.01 0 7.9673 0.01
r 34 0.01 0 7.61331 0.01
r 36 0.01 0 7.26876 0.01
r 38 0.01 0 6.94175 0.01
r 40 0.01 0 6.60253 0.01
r 42 0.01 0 6.18206 0.01
r 44 0.01 0 5.7408 0.01
r 46 0.01 0 5.36789 0.01
r 48 0.01 0 5.01546 0.01
r 50 0.01 0 4.65509 0.01
r 52 0.01 0 4.24982 0.01
r 54 0.01 0 3.71593 0.01
r 56 0.01 0 2.97789 0.01
r 58 0.01 0 1.88055 0.01
r 60 0.01 0 1.32641 0.01
r 62 0.01 0 1.88054 0.01
r 64 0.01 0 2.97785 0.01
r 66 0.01 0 3.70362 0.01
r 68 0.01 0 4.39563 0.01
r 70 0.01 0 4.745 0.01
r 72 0.01 0 5.12696 0.01
r 74 0.01 0 5.55075 0.01
r 76 0.01 0 5.94301 0.01
r 78 0.01 0 6.36926 0.01
r 80 0.01 0 6.81028 0.01
s 70 2 31
r 20 0.01 0 11.4572 0.01
r 22 0.01 0 11.1507 0.01
r 24 0.01 0 10.8634 0.01
r 26 0.01 0 10.6183 0.01
r 28 0.01 0 10.361 0.01
r 30 0.01 0 10.0269 0.01
r 32 0.01 0 9.70331 0.01
r 34 0.01 0 9.39205 0.01
r 36 0.01 0 9.09081 0.01
r 38 0.01 0 8.80458 0.01
r 40 0.01 0 8.50824 0.01
r 42 0.01 0 8.13699 0.01
r 44 0.01 0 7.73684 0.01
r 46 0.01 0 7.38704 0.01
r 48 0.01 0 7.04866 0.01
r 50 0.01 0 6.70318 0.01
r 52 0.01 0 6.3157 0.01
r 54 0.01 0 5.91835 0.01
r 56 0.01 0 5.47544 0.01
r 58 0.01 0 5.08789 0.01
r 60 0.01 0 4.76284 0.01
r 62 0.01 0 4.47517 0.01
r 64 0.01 0 3.68904 0.01
r 66 0.01 0 2.97658 0.01
r 68 0.01 0 1.87974 0.01
r 70 0.01 0 1.32584 0.01
r 72 0.01 0 1.87973 0.01
r 74 0.01 0 2.97656 0.01
r 76 0.01 0 3.67854 0.01
r 78 0.01 0 4.45515 0.01
r 80 0.01 0 4.90764 0.01
