5
s 30 2 124
r 20 0.01 0 3.70121 0.01
r 22 0.01 0 3.42146 0.01
r 24 0.01 0 3.16408 0.01
r 26 0.01 0 2.98005 0.01
r 28 0.01 0 1.88193 0.01
r 30 0.01 0 1.32739 0.01
r 32 0.01 0 1.88195 0.01
r 34 0.01 0 2.9801 0.01
r 36 0.01 0 3.27359 0.01
r 38 0.01 0 3.5977 0.01
r 40 0.01 0 3.96062 0.01
r 42 0.01 0 4.30917 0.01
r 44 0.01 0 4.59854 0.01
r 46 0.01 0 4.80975 0.01
r 48 0.01 0 5.07586 0.01
r 50 0.01 0 5.38479 0.01
r 52 0.01 0 5.69353 0.01
r 54 0.01 0 5.99092 0.01
r 56 0.01 0 6.25461 0.01
r 58 0.01 0 6.48598 0.01
r 60 0.01 0 6.7269 0.01
r 62 0.01 0 7.006 0.01
r 64 0.01 0 7.36073 0.01
r 66 0.01 0 7.68594 0.01
r 68 0.01 0 7.89999 0.01
r 70 0.01 0 8.149 0.01
r 72 0.01 0 8.39309 0.01
r 74 0.01 0 8.64823 0.01
r 76 0.01 0 8.88543 0.01
r 78 0.01 0 9.18703 0.01
r 80 0.01 0 9.40913 0.01
r 20 0.01 6 5.05477 0.01
r 22 0.01 6 4.43272 0.01
r 24 0.01 6 3.84809 0.01
r 26 0.01 6 3.31815 0.01
r 28 0.01 6 2.85655 0.01
r 30 0.01 6 2.66061 0.01
r 32 0.01 6 2.83175 0.01
r 34 0.01 6 3.2429 0.01
r 36 0.01 6 3.88608 0.01
r 38 0.01 6 4.53869 0.01
r 40 0.01 6 5.20717 0.01
r 42 0.01 6 5.89463 0.01
r 44 0.01 6 6.56269 0.01
r 46 0.01 6 7.20967 0.01
r 48 0.01 6 7.79103 0.01
r 50 0.01 6 8.37903 0.01
r 52 0.01 6 8.96776 0.01
r 54 0.01 6 9.55181 0.01
r 56 0.01 6 10.1366 0.01
r 58 0.01 6 10.7155 0.01
r 60 0.01 6 11.3013 0.01
r 62 0.01 6 11.8663 0.01
r 64 0.01 6 12.4469 0.01
r 66 0.01 6 13.0283 0.01
r 68 0.01 6 13.606 0.01
r 70 0.01 6 14.1845 0.01
r 72 0.01 6 14.7544 0.01
r 74 0.01 6 15.3154 0.01
r 76 0.01 6 15.8104 0.01
r 78 0.01 6 16.3082 0.01
r 80 0.01 6 16.8085 0.01
r 20 0.01 7 4.5861 0.01
r 22 0.01 7 4.30295 0.01
r 24 0.01 7 4.03119 0.01
r 26 0.01 7 3.82899 0.01
r 28 0.01 7 3.66856 0.01
r 30 0.01 7 3.37251 0.01
r 32 0.01 7 3.60641 0.01
r 34 0.01 7 3.89425 0.01
r 36 0.01 7 4.1894 0.01
r 38 0.01 7 4.5441 0.01
r 40 0.01 7 4.90559 0.01
r 42 0.01 7 5.24334 0.01
r 44 0.01 7 5.47641 0.01
r 46 0.01 7 5.68327 0.01
r 48 0.01 7 5.99718 0.01
r 50 0.01 7 6.30706 0.01
r 52 0.01 7 6.61698 0.01
r 54 0.01 7 6.87209 0.01
r 56 0.01 7 7.13231 0.01
r 58 0.01 7 7.35627 0.01
r 60 0.01 7 7.59527 0.01
r 62 0.01 7 7.94517 0.01
r 64 0.01 7 8.29077 0.01
r 66 0.01 7 8.56389 0.01
r 68 0.01 7 8.76686 0.01
r 70 0.01 7 9.0206 0.01
r 72 0.01 7 9.29082 0.01
r 74 0.01 7 9.51767 0.01
r 76 0.01 7 9.79466 0.01
r 78 0.01 7 10.085 0.01
r 80 0.01 7 10.2592 0.01
r 20 0.01 8 6.85531 0.01
r 22 0.01 8 6.17917 0.01
r 24 0.01 8 4.78965 0.01
r 26 0.01 8 4.29441 0.01
r 28 0.01 8 3.74622 0.01
r 30 0.01 8 3.38236 0.01
r 32 0.01 8 3.74937 0.01
r 34 0.01 8 4.18574 0.01
r 36 0.01 8 4.75478 0.01
r 38 0.01 8 5.41471 0.01
r 40 0.01 8 6.0814 0.01
r 42 0.01 8 6.7615 0.01
r 44 0.01 8 7.39686 0.01
r 46 0.01 8 8.0508 0.01
r 48 0.01 8 8.61582 0.01
r 50 0.01 8 9.20266 0.01
r 52 0.01 8 9.77959 0.01
r 54 0.01 8 10.3583 0.01
r 56 0.01 8 10.9358 0.01
r 58 0.01 8 11.5121 0.01
r 60 0.01 8 12.1014 0.01
r 62 0.01 8 12.669 0.01
r 64 0.01 8 13.2396 0.01
r 66 0.01 8 13.8205 0.01
r 68 0.01 8 14.3974 0.01
r 70 0.01 8 14.9767 0.01
r 72 0.01 8 15.5437 0.01
r 74 0.01 8 16.0852 0.01
r 76 0.01 8 16.5856 0.01
r 78 0.01 8 17.0821 0.01
r 80 0.01 8 17.5786 0.01
s 40 2 124
r 20 0.01 0 5.18787 0.01
r 22 0.01 0 4.92375 0.01
r 24 0.01 0 4.66585 0.01
r 26 0.01 0 4.4761 0.01
r 28 0.01 0 4.28111 0.01
r 30 0.01 0 3.96453 0.01
r 32 0.01 0 3.6541 0.01
r 34 0.01 0 3.36256 0.01
r 36 0.01 0 2.98213 0.01
r 38 0.01 0 1.88327 0.01
r 40 0.01 0 1.32835 0.01
r 42 0.01 0 1.88327 0.01
r 44 0.01 0 2.98212 0.01
r 46 0.01 0 3.50655 0.01
r 48 0.01 0 3.78684 0.01
r 50 0.01 0 4.1243 0.01
r 52 0.01 0 4.45564 0.01
r 54 0.01 0 4.77624 0.01
r 56 0.01 0 5.05505 0.01
r 58 0.01 0 5.2997 0.01
r 60 0.01 0 5.55121 0.01
r 62 0.01 0 5.84134 0.01
r 64 0.01 0 6.20903 0.01
r 66 0.01 0 6.54912 0.01
r 68 0.01 0 6.77101 0.01
r 70 0.01 0 7.01239 0.01
r 72 0.01 0 7.28679 0.01
r 74 0.01 0 7.58095 0.01
r 76 0.01 0 7.83873 0.01
r 78 0.01 0 8.17129 0.01
r 80 0.01 0 8.40611 0.01
r 20 0.01 6 8.28174 0.01
r 22 0.01 6 7.68069 0.01
r 24 0.01 6 7.10612 0.01
r 26 0.01 6 6.53279 0.01
r 28 0.01 6 5.88319 0.01
r 30 0.01 6 5.23537 0.01
r 32 0.01 6 4.5853 0.01
r 34 0.01 6 3.94592 0.01
r 36 0.01 6 3.35242 0.01
r 38 0.01 6 2.98092 0.01
r 40 0.01 6 2.83168 0.01
r 42 0.01 6 3.04806 0.01
r 44 0.01 6 3.52878 0.01
r 46 0.01 6 4.05622 0.01
r 48 0.01 6 4.67978 0.01
r 50 0.01 6 5.29585 0.01
r 52 0.01 6 5.9459 0.01
r 54 0.01 6 6.58989 0.01
r 56 0.01 6 7.22562 0.01
r 58 0.01 6 7.85153 0.01
r 60 0.01 6 8.47093 0.01
r 62 0.01 6 9.05872 0.01
r 64 0.01 6 9.66754 0.01
r 66 0.01 6 10.2868 0.01
r 68 0.01 6 10.89 0.01
r 70 0.01 6 11.4993 0.01
r 72 0.01 6 12.0838 0.01
r 74 0.01 6 12.668 0.01
r 76 0.01 6 13.2438 0.01
r 78 0.01 6 13.8083 0.01
r 80 0.01 6 14.3622 0.01
r 20 0.01 7 6.17508 0.01
r 22 0.01 7 5.9091 0.01
r 24 0.01 7 5.65453 0.01
r 26 0.01 7 5.45309 0.01
r 28 0.01 7 5.29041 0.01
r 30 0.01 7 5.00238 0.01
r 32 0.01 7 4.67327 0.01
r 34 0.01 7 4.38507 0.01
r 36 0.01 7 4.10376 0.01
r 38 0.01 7 3.87369 0.01
r 40 0.01 7 3.65034 0.01
r 42 0.01 7 3.8849 0.01
r 44 0.01 7 4.24685 0.01
r 46 0.01 7 4.47535 0.01
r 48 0.01 7 4.80225 0.01
r 50 0.01 7 5.14182 0.01
r 52 0.01 7 5.47771 0.01
r 54 0.01 7 5.76225 0.01
r 56 0.01 7 6.03604 0.01
r 58 0.01 7 6.26151 0.01
r 60 0.01 7 6.52693 0.01
r 62 0.01 7 6.89602 0.01
r 64 0.01 7 7.22328 0.01
r 66 0.01 7 7.51315 0.01
r 68 0.01 7 7.72885 0.01
r 70 0.01 7 7.9924 0.01
r 72 0.01 7 8.29358 0.01
r 74 0.01 7 8.55594 0.01
r 76 0.01 7 8.83407 0.01
r 78 0.01 7 9.14887 0.01
r 80 0.01 7 9.34098 0.01
r 20 0.01 8 9.23377 0.01
r 22 0.01 8 8.63577 0.01
r 24 0.01 8 8.0661 0.01
r 26 0.01 8 7.52823 0.01
r 28 0.01 8 6.87218 0.01
r 30 0.01 8 6.24208 0.01
r 32 0.01 8 5.65609 0.01
r 34 0.01 8 5.01847 0.01
r 36 0.01 8 4.49501 0.01
r 38 0.01 8 3.9564 0.01
r 40 0.01 8 3.65242 0.01
r 42 0.01 8 3.97407 0.01
r 44 0.01 8 4.47521 0.01
r 46 0.01 8 5.21082 0.01
r 48 0.01 8 6.20111 0.01
r 50 0.01 8 6.97889 0.01
r 52 0.01 8 6.9979 0.01
r 54 0.01 8 7.62031 0.01
r 56 0.01 8 8.24996 0.01
r 58 0.01 8 8.85987 0.01
r 60 0.01 8 9.46704 0.01
r 62 0.01 8 10.0632 0.01
r 64 0.01 8 10.6667 0.01
r 66 0.01 8 11.2773 0.01
r 68 0.01 8 11.8824 0.01
r 70 0.01 8 12.476 0.01
r 72 0.01 8 13.0595 0.01
r 74 0.01 8 13.6414 0.01
r 76 0.01 8 14.2106 0.01
r 78 0.01 8 14.7715 0.01
r 80 0.01 8 15.3166 0.01
s 50 2 124
r 20 0.01 0 6.51759 0.01
r 22 0.01 0 6.26479 0.01
r 24 0.01 0 6.02608 0.01
r 26 0.01 0 5.8471 0.01
r 28 0.01 0 5.67493 0.01
r 30 0.01 0 5.38334 0.01
r 32 0.01 0 5.10487 0.01
r 34 0.01 0 4.83924 0.01
r 36 0.01 0 4.59109 0.01
r 38 0.01 0 4.37077 0.01
r 40 0.01 0 4.14295 0.01
r 42 0.01 0 3.83004 0.01
r 44 0.01 0 3.47407 0.01
r 46 0.01 0 2.97953 0.01
r 48 0.01 0 1.88158 0.01
r 50 0.01 0 1.32713 0.01
r 52 0.01 0 1.88157 0.01
r 54 0.01 0 2.97948 0.01
r 56 0.01 0 3.66578 0.01
r 58 0.01 0 3.92504 0.01
r 60 0.01 0 4.18104 0.01
r 62 0.01 0 4.4782 0.01
r 64 0.01 0 4.86378 0.01
r 66 0.01 0 5.22232 0.01
r 68 0.01 0 5.44929 0.01
r 70 0.01 0 5.69864 0.01
r 72 0.01 0 5.97817 0.01
r 74 0.01 0 6.29138 0.01
r 76 0.01 0 6.55735 0.01
r 78 0.01 0 6.90584 0.01
r 80 0.01 0 7.1678 0.01
r 20 0.01 6 11.1813 0.01
r 22 0.01 6 10.6231 0.01
r 24 0.01 6 10.0827 0.01
r 26 0.01 6 9.54703 0.01
r 28 0.01 6 8.96834 0.01
r 30 0.01 6 8.38088 0.01
r 32 0.01 6 7.79789 0.01
r 34 0.01 6 7.20067 0.01
r 36 0.01 6 6.59969 0.01
r 38 0.01 6 5.96757 0.01
r 40 0.01 6 5.2775 0.01
r 42 0.01 6 4.60242 0.01
r 44 0.01 6 3.97689 0.01
r 46 0.01 6 3.40568 0.01
r 48 0.01 6 3.14477 0.01
r 50 0.01 6 2.92761 0.01
r 52 0.01 6 3.1239 0.01
r 54 0.01 6 3.57057 0.01
r 56 0.01 6 4.08762 0.01
r 58 0.01 6 4.68497 0.01
r 60 0.01 6 5.37141 0.01
r 62 0.01 6 5.93374 0.01
r 64 0.01 6 6.5592 0.01
r 66 0.01 6 7.2 0.01
r 68 0.01 6 7.83447 0.01
r 70 0.01 6 8.44819 0.01
r 72 0.01 6 9.07568 0.01
r 74 0.01 6 9.68831 0.01
r 76 0.01 6 10.2838 0.01
r 78 0.01 6 10.8782 0.01
r 80 0.01 6 11.4594 0.01
r 20 0.01 7 7.56404 0.01
r 22 0.01 7 7.30766 0.01
r 24 0.01 7 7.05856 0.01
r 26 0.01 7 6.87854 0.01
r 28 0.01 7 6.72566 0.01
r 30 0.01 7 6.46077 0.01
r 32 0.01 7 6.15343 0.01
r 34 0.01 7 5.89147 0.01
r 36 0.01 7 5.6378 0.01
r 38 0.01 7 5.42581 0.01
r 40 0.01 7 5.21109 0.01
r 42 0.01 7 4.95945 0.01
r 44 0.01 7 4.59837 0.01
r 46 0.01 7 4.25762 0.01
r 48 0.01 7 4.02785 0.01
r 50 0.01 7 3.79981 0.01
r 52 0.01 7 4.02597 0.01
r 54 0.01 7 4.44165 0.01
r 56 0.01 7 4.7259 0.01
r 58 0.01 7 4.95703 0.01
r 60 0.01 7 5.23272 0.01
r 62 0.01 7 5.56829 0.01
r 64 0.01 7 5.95399 0.01
r 66 0.01 7 6.26145 0.01
r 68 0.01 7 6.4842 0.01
r 70 0.01 7 6.74797 0.01
r 72 0.01 7 7.04373 0.01
r 74 0.01 7 7.33452 0.01
r 76 0.01 7 7.63219 0.01
r 78 0.01 7 7.96199 0.01
r 80 0.01 7 8.17825 0.01
r 20 0.01 8 12.1725 0.01
r 22 0.01 8 11.6141 0.01
r 24 0.01 8 11.0782 0.01
r 26 0.01 8 10.552 0.01
r 28 0.01 8 9.98103 0.01
r 30 0.01 8 9.39392 0.01
r 32 0.01 8 8.8255 0.01
r 34 0.01 8 8.24707 0.01
r 36 0.01 8 7.64697 0.01
r 38 0.01 8 7.03777 0.01
r 40 0.01 8 6.34298 0.01
r 42 0.01 8 5.77403 0.01
r 44 0.01 8 5.14871 0.01
r 46 0.01 8 4.62443 0.01
r 48 0.01 8 4.14368 0.01
r 50 0.01 8 3.81024 0.01
r 52 0.01 8 4.14028 0.01
r 54 0.01 8 4.67144 0.01
r 56 0.01 8 5.25513 0.01
r 58 0.01 8 5.85276 0.01
r 60 0.01 8 6.46643 0.01
r 62 0.01 8 8.92625 0.01
r 64 0.01 8 7.67716 0.01
r 66 0.01 8 8.31586 0.01
r 68 0.01 8 8.96942 0.01
r 70 0.01 8 9.5612 0.01
r 72 0.01 8 10.1785 0.01
r 74 0.01 8 10.7771 0.01
r 76 0.01 8 11.3799 0.01
r 78 0.01 8 11.9551 0.01
r 80 0.01 8 12.543 0.01
s 60 2 124
r 20 0.01 0 7.81229 0.01
r 22 0.01 0 7.56744 0.01
r 24 0.01 0 7.33388 0.01
r 26 0.01 0 7.16337 0.01
r 28 0.01 0 6.99756 0.01
r 30 0.01 0 6.72044 0.01
r 32 0.01 0 6.45101 0.01
r 34 0.01 0 6.20778 0.01
r 36 0.01 0 5.97343 0.01
r 38 0.01 0 5.77218 0.01
r 40 0.01 0 5.55974 0.01
r 42 0.01 0 5.27077 0.01
r 44 0.01 0 4.92773 0.01
r 46 0.01 0 4.64395 0.01
r 48 0.01 0 4.41692 0.01
r 50 0.01 0 4.1903 0.01
r 52 0.01 0 3.93242 0.01
r 54 0.01 0 3.64682 0.01
r 56 0.01 0 2.97969 0.01
r 58 0.01 0 1.8817 0.01
r 60 0.01 0 1.32723 0.01
r 62 0.01 0 1.88171 0.01
r 64 0.01 0 2.97972 0.01
r 66 0.01 0 3.75294 0.01
r 68 0.01 0 4.0885 0.01
r 70 0.01 0 4.33916 0.01
r 72 0.01 0 4.62564 0.01
r 74 0.01 0 4.94476 0.01
r 76 0.01 0 5.22189 0.01
r 78 0.01 0 5.58348 0.01
r 80 0.01 0 5.86136 0.01
r 20 0.01 6 13.9892 0.01
r 22 0.01 6 13.4463 0.01
r 24 0.01 6 12.9224 0.01
r 26 0.01 6 12.4107 0.01
r 28 0.01 6 11.8548 0.01
r 30 0.01 6 11.2985 0.01
r 32 0.01 6 10.7579 0.01
r 34 0.01 6 10.2195 0.01
r 36 0.01 6 9.66322 0.01
r 38 0.01 6 9.09029 0.01
r 40 0.01 6 8.4468 0.01
r 42 0.01 6 7.81529 0.01
r 44 0.01 6 7.18033 0.01
r 46 0.01 6 6.57996 0.01
r 48 0.01 6 5.95021 0.01
r 50 0.01 6 5.31266 0.01
r 52 0.01 6 4.66874 0.01
r 54 0.01 6 4.03401 0.01
r 56 0.01 6 3.52861 0.01
r 58 0.01 6 3.2376 0.01
r 60 0.01 6 2.93133 0.01
r 62 0.01 6 3.15534 0.01
r 64 0.01 6 3.66538 0.01
r 66 0.01 6 4.18709 0.01
r 68 0.01 6 4.83187 0.01
r 70 0.01 6 5.41817 0.01
r 72 0.01 6 6.0197 0.01
r 74 0.01 6 6.61952 0.01
r 76 0.01 6 7.24692 0.01
r 78 0.01 6 7.8515 0.01
r 80 0.01 6 8.46059 0.01
r 20 0.01 7 8.83324 0.01
r 22 0.01 7 8.59056 0.01
r 24 0.01 7 8.34744 0.01
r 26 0.01 7 8.17567 0.01
r 28 0.01 7 8.02812 0.01
r 30 0.01 7 7.7767 0.01
r 32 0.01 7 7.48376 0.01
r 34 0.01 7 7.24078 0.01
r 36 0.01 7 6.99266 0.01
r 38 0.01 7 6.79545 0.01
r 40 0.01 7 6.59347 0.01
r 42 0.01 7 6.35422 0.01
r 44 0.01 7 6.01583 0.01
r 46 0.01 7 5.68587 0.01
r 48 0.01 7 5.46146 0.01
r 50 0.01 7 5.23777 0.01
r 52 0.01 7 5.00468 0.01
r 54 0.01 7 4.72625 0.01
r 56 0.01 7 4.426 0.01
r 58 0.01 7 3.99677 0.01
r 60 0.01 7 3.81422 0.01
r 62 0.01 7 4.04565 0.01
r 64 0.01 7 4.5693 0.01
r 66 0.01 7 4.89495 0.01
r 68 0.01 7 5.11361 0.01
r 70 0.01 7 5.38453 0.01
r 72 0.01 7 5.69984 0.01
r 74 0.01 7 5.9885 0.01
r 76 0.01 7 6.29463 0.01
r 78 0.01 7 6.70944 0.01
r 80 0.01 7 6.86886 0.01
r 20 0.01 8 15.0186 0.01
r 22 0.01 8 14.4752 0.01
r 24 0.01 8 13.9543 0.01
r 26 0.01 8 13.4474 0.01
r 28 0.01 8 12.8967 0.01
r 30 0.01 8 12.3372 0.01
r 32 0.01 8 11.799 0.01
r 34 0.01 8 11.2541 0.01
r 36 0.01 8 10.7143 0.01
r 38 0.01 8 10.1532 0.01
r 40 0.01 8 9.51294 0.01
r 42 0.01 8 8.87431 0.01
r 44 0.01 8 8.25691 0.01
r 46 0.01 8 7.66139 0.01
r 48 0.01 8 7.01786 0.01
r 50 0.01 8 6.41695 0.01
r 52 0.01 8 5.76773 0.01
r 54 0.01 8 5.20041 0.01
r 56 0.01 8 4.67441 0.01
r 58 0.01 8 4.14419 0.01
r 60 0.01 8 3.82915 0.01
r 62 0.01 8 4.15482 0.01
r 64 0.01 8 4.63933 0.01
r 66 0.01 8 5.34383 0.01
r 68 0.01 8 6.12558 0.01
r 70 0.01 8 6.72242 0.01
r 72 0.01 8 7.53195 0.01
r 74 0.01 8 8.17088 0.01
r 76 0.01 8 8.74642 0.01
r 78 0.01 8 9.01414 0.01
r 80 0.01 8 9.60665 0.01
s 70 2 124
r 20 0.01 0 9.14855 0.01
r 22 0.01 0 8.91743 0.01
r 24 0.01 0 8.69927 0.01
r 26 0.01 0 8.5417 0.01
r 28 0.01 0 8.39469 0.01
r 30 0.01 0 8.13894 0.01
r 32 0.01 0 7.86913 0.01
r 34 0.01 0 7.63124 0.01
r 36 0.01 0 7.40866 0.01
r 38 0.01 0 7.22063 0.01
r 40 0.01 0 7.02115 0.01
r 42 0.01 0 6.75347 0.01
r 44 0.01 0 6.42611 0.01
r 46 0.01 0 6.14714 0.01
r 48 0.01 0 5.92621 0.01
r 50 0.01 0 5.70751 0.01
r 52 0.01 0 5.46425 0.01
r 54 0.01 0 5.18567 0.01
r 56 0.01 0 4.86891 0.01
r 58 0.01 0 4.57891 0.01
r 60 0.01 0 4.35454 0.01
r 62 0.01 0 4.18641 0.01
r 64 0.01 0 3.76214 0.01
r 66 0.01 0 2.98026 0.01
r 68 0.01 0 1.88207 0.01
r 70 0.01 0 1.32748 0.01
r 72 0.01 0 1.88206 0.01
r 74 0.01 0 2.98023 0.01
r 76 0.01 0 3.75484 0.01
r 78 0.01 0 4.28712 0.01
r 80 0.01 0 4.57561 0.01
r 20 0.01 6 16.794 0.01
r 22 0.01 6 16.2746 0.01
r 24 0.01 6 15.7725 0.01
r 26 0.01 6 15.2787 0.01
r 28 0.01 6 14.7457 0.01
r 30 0.01 6 14.2031 0.01
r 32 0.01 6 13.6796 0.01
r 34 0.01 6 13.1529 0.01
r 36 0.01 6 12.6304 0.01
r 38 0.01 6 12.0815 0.01
r 40 0.01 6 11.4915 0.01
r 42 0.01 6 10.8772 0.01
r 44 0.01 6 10.2613 0.01
r 46 0.01 6 9.66525 0.01
r 48 0.01 6 9.06583 0.01
r 50 0.01 6 8.45436 0.01
r 52 0.01 6 7.84079 0.01
r 54 0.01 6 7.21019 0.01
r 56 0.01 6 6.60224 0.01
r 58 0.01 6 6.03536 0.01
r 60 0.01 6 5.41209 0.01
r 62 0.01 6 4.78853 0.01
r 64 0.01 6 4.18292 0.01
r 66 0.01 6 3.6924 0.01
r 68 0.01 6 3.34476 0.01
r 70 0.01 6 3.19973 0.01
r 72 0.01 6 3.37284 0.01
r 74 0.01 6 3.77796 0.01
r 76 0.01 6 4.26626 0.01
r 78 0.01 6 4.76469 0.01
r 80 0.01 6 5.3814 0.01
r 20 0.01 7 10.3243 0.01
r 22 0.01 7 10.0928 0.01
r 24 0.01 7 9.86563 0.01
r 26 0.01 7 9.70184 0.01
r 28 0.01 7 9.5812 0.01
r 30 0.01 7 9.34221 0.01
r 32 0.01 7 9.05625 0.01
r 34 0.01 7 8.83217 0.01
r 36 0.01 7 8.59409 0.01
r 38 0.01 7 8.40924 0.01
r 40 0.01 7 8.21214 0.01
r 42 0.01 7 7.99793 0.01
r 44 0.01 7 7.67269 0.01
r 46 0.01 7 7.34943 0.01
r 48 0.01 7 7.13279 0.01
r 50 0.01 7 6.91286 0.01
r 52 0.01 7 6.68904 0.01
r 54 0.01 7 6.41707 0.01
r 56 0.01 7 6.13361 0.01
r 58 0.01 7 5.81265 0.01
r 60 0.01 7 5.55365 0.01
r 62 0.01 7 5.40683 0.01
r 64 0.01 7 5.18244 0.01
r 66 0.01 7 4.84318 0.01
r 68 0.01 7 4.40343 0.01
r 70 0.01 7 4.24307 0.01
r 72 0.01 7 4.43345 0.01
r 74 0.01 7 4.86271 0.01
r 76 0.01 7 5.16896 0.01
r 78 0.01 7 5.55004 0.01
r 80 0.01 7 5.78046 0.01
r 20 0.01 8 17.9617 0.01
r 22 0.01 8 17.468 0.01
r 24 0.01 8 16.9836 0.01
r 26 0.01 8 16.4915 0.01
r 28 0.01 8 15.9862 0.01
r 30 0.01 8 15.4402 0.01
r 32 0.01 8 14.9159 0.01
r 34 0.01 8 14.3957 0.01
r 36 0.01 8 13.8838 0.01
r 38 0.01 8 13.3396 0.01
r 40 0.01 8 12.77 0.01
r 42 0.01 8 12.1677 0.01
r 44 0.01 8 11.5499 0.01
r 46 0.01 8 10.9666 0.01
r 48 0.01 8 10.3555 0.01
r 50 0.01 8 9.75412 0.01
r 52 0.01 8 9.14509 0.01
r 54 0.01 8 9.04253 0.01
r 56 0.01 8 8.39636 0.01
r 58 0.01 8 8.04069 0.01
r 60 0.01 8 6.68231 0.01
r 62 0.01 8 6.07735 0.01
r 64 0.01 8 5.51809 0.01
r 66 0.01 8 5.06173 0.01
r 68 0.01 8 4.5563 0.01
r 70 0.01 8 4.24426 0.01
r 72 0.01 8 4.52063 0.01
r 74 0.01 8 4.90289 0.01
r 76 0.01 8 5.62347 0.01
r 78 0.01 8 6.18343 0.01
r 80 0.01 8 6.78571 0.01
