5
s 30 2 124
r 20 0.01 0 3.70121 0.01
r 22 0.01 0 3.42146 0.01
r 24 0.01 0 3.16408 0.01
r 26 0.01 0 2.98005 0.01
r 28 0.01 0 1.88193 0.01
r 30 0.01 0 1.32739 0.01
r 32 0.01 0 1.88195 0.01
r 34 0.01 0 2.9801 0.01
r 36 0.01 0 3.27359 0.01
r 38 0.01 0 3.5977 0.01
r 40 0.01 0 3.96062 0.01
r 42 0.01 0 4.30917 0.01
r 44 0.01 0 4.59854 0.01
r 46 0.01 0 4.80975 0.01
r 48 0.01 0 5.07586 0.01
r 50 0.01 0 5.38479 0.01
r 52 0.01 0 5.69353 0.01
r 54 0.01 0 5.99092 0.01
r 56 0.01 0 6.25461 0.01
r 58 0.01 0 6.48598 0.01
r 60 0.01 0 6.7269 0.01
r 62 0.01 0 7.006 0.01
r 64 0.01 0 7.36073 0.01
r 66 0.01 0 7.68594 0.01
r 68 0.01 0 7.89999 0.01
r 70 0.01 0 8.149 0.01
r 72 0.01 0 8.39309 0.01
r 74 0.01 0 8.64823 0.01
r 76 0.01 0 8.88543 0.01
r 78 0.01 0 9.18703 0.01
r 80 0.01 0 9.40913 0.01
r 20 0.01 6 4.527 0.01
r 22 0.01 6 4.11491 0.01
r 24 0.01 6 3.70302 0.01
r 26 0.01 6 3.35871 0.01
r 28 0.01 6 2.86508 0.01
r 30 0.01 6 2.66 0.01
r 32 0.01 6 2.79281 0.01
r 34 0.01 6 3.18918 0.01
r 36 0.01 6 3.63385 0.01
r 38 0.01 6 4.08939 0.01
r 40 0.01 6 4.59144 0.01
r 42 0.01 6 5.07941 0.01
r 44 0.01 6 5.54343 0.01
r 46 0.01 6 5.91266 0.01
r 48 0.01 6 6.29262 0.01
r 50 0.01 6 6.72093 0.01
r 52 0.01 6 7.14289 0.01
r 54 0.01 6 7.57091 0.01
r 56 0.01 6 7.96456 0.01
r 58 0.01 6 8.35727 0.01
r 60 0.01 6 8.71568 0.01
r 62 0.01 6 9.11158 0.01
r 64 0.01 6 9.56413 0.01
r 66 0.01 6 10.0154 0.01
r 68 0.01 6 10.393 0.01
r 70 0.01 6 10.7502 0.01
r 72 0.01 6 11.1321 0.01
r 74 0.01 6 11.5016 0.01
r 76 0.01 6 11.8409 0.01
r 78 0.01 6 12.2244 0.01
r 80 0.01 6 12.6072 0.01
r 20 0.01 7 4.16796 0.01
r 22 0.01 7 3.88446 0.01
r 24 0.01 7 3.61319 0.01
r 26 0.01 7 3.41036 0.01
r 28 0.01 7 3.24994 0.01
r 30 0.01 7 2.95676 0.01
r 32 0.01 7 3.18385 0.01
r 34 0.01 7 3.47712 0.01
r 36 0.01 7 3.77419 0.01
r 38 0.01 7 4.12879 0.01
r 40 0.01 7 4.48962 0.01
r 42 0.01 7 4.8264 0.01
r 44 0.01 7 5.06042 0.01
r 46 0.01 7 5.26641 0.01
r 48 0.01 7 5.57364 0.01
r 50 0.01 7 5.88327 0.01
r 52 0.01 7 6.18568 0.01
r 54 0.01 7 6.46216 0.01
r 56 0.01 7 6.72295 0.01
r 58 0.01 7 6.93907 0.01
r 60 0.01 7 7.19283 0.01
r 62 0.01 7 7.52754 0.01
r 64 0.01 7 7.87345 0.01
r 66 0.01 7 8.142 0.01
r 68 0.01 7 8.35754 0.01
r 70 0.01 7 8.60393 0.01
r 72 0.01 7 8.87289 0.01
r 74 0.01 7 9.09813 0.01
r 76 0.01 7 9.35796 0.01
r 78 0.01 7 9.66292 0.01
r 80 0.01 7 9.84329 0.01
r 20 0.01 8 4.72373 0.01
r 22 0.01 8 4.85808 0.01
r 24 0.01 8 4.36681 0.01
r 26 0.01 8 3.62114 0.01
r 28 0.01 8 3.33253 0.01
r 30 0.01 8 2.96443 0.01
r 32 0.01 8 3.26978 0.01
r 34 0.01 8 3.58676 0.01
r 36 0.01 8 3.97872 0.01
r 38 0.01 8 4.43477 0.01
r 40 0.01 8 4.93207 0.01
r 42 0.01 8 5.41485 0.01
r 44 0.01 8 5.90605 0.01
r 46 0.01 8 6.2642 0.01
r 48 0.01 8 6.61816 0.01
r 50 0.01 8 7.04708 0.01
r 52 0.01 8 7.46936 0.01
r 54 0.01 8 7.89638 0.01
r 56 0.01 8 8.28863 0.01
r 58 0.01 8 8.68516 0.01
r 60 0.01 8 9.03939 0.01
r 62 0.01 8 9.43439 0.01
r 64 0.01 8 9.88761 0.01
r 66 0.01 8 10.3575 0.01
r 68 0.01 8 10.7149 0.01
r 70 0.01 8 11.0715 0.01
r 72 0.01 8 11.4502 0.01
r 74 0.01 8 11.8217 0.01
r 76 0.01 8 12.1655 0.01
r 78 0.01 8 12.5488 0.01
r 80 0.01 8 12.9312 0.01
s 40 2 124
r 20 0.01 0 5.18787 0.01
r 22 0.01 0 4.92375 0.01
r 24 0.01 0 4.66585 0.01
r 26 0.01 0 4.4761 0.01
r 28 0.01 0 4.28111 0.01
r 30 0.01 0 3.96453 0.01
r 32 0.01 0 3.6541 0.01
r 34 0.01 0 3.36256 0.01
r 36 0.01 0 2.98213 0.01
r 38 0.01 0 1.88327 0.01
r 40 0.01 0 1.32835 0.01
r 42 0.01 0 1.88327 0.01
r 44 0.01 0 2.98212 0.01
r 46 0.01 0 3.50655 0.01
r 48 0.01 0 3.78684 0.01
r 50 0.01 0 4.1243 0.01
r 52 0.01 0 4.45564 0.01
r 54 0.01 0 4.77624 0.01
r 56 0.01 0 5.05505 0.01
r 58 0.01 0 5.2997 0.01
r 60 0.01 0 5.55121 0.01
r 62 0.01 0 5.84134 0.01
r 64 0.01 0 6.20903 0.01
r 66 0.01 0 6.54912 0.01
r 68 0.01 0 6.77101 0.01
r 70 0.01 0 7.01239 0.01
r 72 0.01 0 7.28679 0.01
r 74 0.01 0 7.58095 0.01
r 76 0.01 0 7.83873 0.01
r 78 0.01 0 8.17129 0.01
r 80 0.01 0 8.40611 0.01
r 20 0.01 6 6.56815 0.01
r 22 0.01 6 6.16194 0.01
r 24 0.01 6 5.78371 0.01
r 26 0.01 6 5.45329 0.01
r 28 0.01 6 5.06689 0.01
r 30 0.01 6 4.60001 0.01
r 32 0.01 6 4.15518 0.01
r 34 0.01 6 3.71287 0.01
r 36 0.01 6 3.30899 0.01
r 38 0.01 6 2.94502 0.01
r 40 0.01 6 2.83111 0.01
r 42 0.01 6 3.04651 0.01
r 44 0.01 6 3.61753 0.01
r 46 0.01 6 4.04491 0.01
r 48 0.01 6 4.41114 0.01
r 50 0.01 6 4.74695 0.01
r 52 0.01 6 5.20777 0.01
r 54 0.01 6 5.67279 0.01
r 56 0.01 6 6.08943 0.01
r 58 0.01 6 6.50436 0.01
r 60 0.01 6 6.87839 0.01
r 62 0.01 6 7.29376 0.01
r 64 0.01 6 7.76377 0.01
r 66 0.01 6 8.23303 0.01
r 68 0.01 6 8.62884 0.01
r 70 0.01 6 8.99699 0.01
r 72 0.01 6 9.3931 0.01
r 74 0.01 6 9.81123 0.01
r 76 0.01 6 10.1991 0.01
r 78 0.01 6 10.6184 0.01
r 80 0.01 6 11.0398 0.01
r 20 0.01 7 5.70019 0.01
r 22 0.01 7 5.43421 0.01
r 24 0.01 7 5.17654 0.01
r 26 0.01 7 4.97777 0.01
r 28 0.01 7 4.81527 0.01
r 30 0.01 7 4.528 0.01
r 32 0.01 7 4.19888 0.01
r 34 0.01 7 3.91004 0.01
r 36 0.01 7 3.62848 0.01
r 38 0.01 7 3.39854 0.01
r 40 0.01 7 3.17474 0.01
r 42 0.01 7 3.39704 0.01
r 44 0.01 7 3.77287 0.01
r 46 0.01 7 3.99764 0.01
r 48 0.01 7 4.32414 0.01
r 50 0.01 7 4.66399 0.01
r 52 0.01 7 4.99838 0.01
r 54 0.01 7 5.28635 0.01
r 56 0.01 7 5.56015 0.01
r 58 0.01 7 5.78501 0.01
r 60 0.01 7 6.05004 0.01
r 62 0.01 7 6.39711 0.01
r 64 0.01 7 6.74639 0.01
r 66 0.01 7 7.03717 0.01
r 68 0.01 7 7.25411 0.01
r 70 0.01 7 7.51376 0.01
r 72 0.01 7 7.81585 0.01
r 74 0.01 7 8.07845 0.01
r 76 0.01 7 8.33945 0.01
r 78 0.01 7 8.65963 0.01
r 80 0.01 7 8.86444 0.01
r 20 0.01 8 6.96148 0.01
r 22 0.01 8 6.56181 0.01
r 24 0.01 8 6.17309 0.01
r 26 0.01 8 5.8418 0.01
r 28 0.01 8 5.45165 0.01
r 30 0.01 8 4.99561 0.01
r 32 0.01 8 4.55071 0.01
r 34 0.01 8 4.13019 0.01
r 36 0.01 8 3.8026 0.01
r 38 0.01 8 3.48125 0.01
r 40 0.01 8 3.17637 0.01
r 42 0.01 8 3.51816 0.01
r 44 0.01 8 3.99763 0.01
r 46 0.01 8 4.61255 0.01
r 48 0.01 8 5.04689 0.01
r 50 0.01 8 5.14384 0.01
r 52 0.01 8 5.60555 0.01
r 54 0.01 8 6.06511 0.01
r 56 0.01 8 6.48413 0.01
r 58 0.01 8 6.89082 0.01
r 60 0.01 8 7.26464 0.01
r 62 0.01 8 7.68081 0.01
r 64 0.01 8 8.15193 0.01
r 66 0.01 8 8.64566 0.01
r 68 0.01 8 9.01344 0.01
r 70 0.01 8 9.37863 0.01
r 72 0.01 8 9.77232 0.01
r 74 0.01 8 10.1918 0.01
r 76 0.01 8 10.5761 0.01
r 78 0.01 8 10.9937 0.01
r 80 0.01 8 11.4247 0.01
s 50 2 124
r 20 0.01 0 6.51759 0.01
r 22 0.01 0 6.26479 0.01
r 24 0.01 0 6.02608 0.01
r 26 0.01 0 5.8471 0.01
r 28 0.01 0 5.67493 0.01
r 30 0.01 0 5.38334 0.01
r 32 0.01 0 5.10487 0.01
r 34 0.01 0 4.83924 0.01
r 36 0.01 0 4.59109 0.01
r 38 0.01 0 4.37077 0.01
r 40 0.01 0 4.14295 0.01
r 42 0.01 0 3.83004 0.01
r 44 0.01 0 3.47407 0.01
r 46 0.01 0 2.97953 0.01
r 48 0.01 0 1.88158 0.01
r 50 0.01 0 1.32713 0.01
r 52 0.01 0 1.88157 0.01
r 54 0.01 0 2.97948 0.01
r 56 0.01 0 3.66578 0.01
r 58 0.01 0 3.92504 0.01
r 60 0.01 0 4.18104 0.01
r 62 0.01 0 4.4782 0.01
r 64 0.01 0 4.86378 0.01
r 66 0.01 0 5.22232 0.01
r 68 0.01 0 5.44929 0.01
r 70 0.01 0 5.69864 0.01
r 72 0.01 0 5.97817 0.01
r 74 0.01 0 6.29138 0.01
r 76 0.01 0 6.55735 0.01
r 78 0.01 0 6.90584 0.01
r 80 0.01 0 7.1678 0.01
r 20 0.01 6 8.53963 0.01
r 22 0.01 6 8.15915 0.01
r 24 0.01 6 7.80453 0.01
r 26 0.01 6 7.49277 0.01
r 28 0.01 6 7.13771 0.01
r 30 0.01 6 6.72076 0.01
r 32 0.01 6 6.31698 0.01
r 34 0.01 6 5.91883 0.01
r 36 0.01 6 5.5393 0.01
r 38 0.01 6 5.16353 0.01
r 40 0.01 6 4.7703 0.01
r 42 0.01 6 4.27285 0.01
r 44 0.01 6 3.77882 0.01
r 46 0.01 6 3.37971 0.01
r 48 0.01 6 3.02916 0.01
r 50 0.01 6 2.92701 0.01
r 52 0.01 6 3.12373 0.01
r 54 0.01 6 3.66149 0.01
r 56 0.01 6 4.02446 0.01
r 58 0.01 6 4.47366 0.01
r 60 0.01 6 4.79375 0.01
r 62 0.01 6 5.21246 0.01
r 64 0.01 6 5.70061 0.01
r 66 0.01 6 6.19221 0.01
r 68 0.01 6 6.61043 0.01
r 70 0.01 6 6.98726 0.01
r 72 0.01 6 7.39732 0.01
r 74 0.01 6 7.83099 0.01
r 76 0.01 6 8.23938 0.01
r 78 0.01 6 8.67274 0.01
r 80 0.01 6 9.10429 0.01
r 20 0.01 7 7.05393 0.01
r 22 0.01 7 6.80457 0.01
r 24 0.01 7 6.55162 0.01
r 26 0.01 7 6.36757 0.01
r 28 0.01 7 6.21466 0.01
r 30 0.01 7 5.94983 0.01
r 32 0.01 7 5.64358 0.01
r 34 0.01 7 5.38692 0.01
r 36 0.01 7 5.12784 0.01
r 38 0.01 7 4.9161 0.01
r 40 0.01 7 4.69801 0.01
r 42 0.01 7 4.44573 0.01
r 44 0.01 7 4.10534 0.01
r 46 0.01 7 3.74748 0.01
r 48 0.01 7 3.51761 0.01
r 50 0.01 7 3.29023 0.01
r 52 0.01 7 3.50287 0.01
r 54 0.01 7 3.92952 0.01
r 56 0.01 7 4.2128 0.01
r 58 0.01 7 4.44446 0.01
r 60 0.01 7 4.72014 0.01
r 62 0.01 7 5.05592 0.01
r 64 0.01 7 5.44215 0.01
r 66 0.01 7 5.74979 0.01
r 68 0.01 7 5.97238 0.01
r 70 0.01 7 6.23487 0.01
r 72 0.01 7 6.53126 0.01
r 74 0.01 7 6.8215 0.01
r 76 0.01 7 7.12016 0.01
r 78 0.01 7 7.44989 0.01
r 80 0.01 7 7.66633 0.01
r 20 0.01 8 8.95083 0.01
r 22 0.01 8 8.57297 0.01
r 24 0.01 8 8.21501 0.01
r 26 0.01 8 7.90348 0.01
r 28 0.01 8 7.56355 0.01
r 30 0.01 8 7.1373 0.01
r 32 0.01 8 6.73055 0.01
r 34 0.01 8 6.33583 0.01
r 36 0.01 8 5.95806 0.01
r 38 0.01 8 5.5907 0.01
r 40 0.01 8 5.18564 0.01
r 42 0.01 8 4.70577 0.01
r 44 0.01 8 4.23636 0.01
r 46 0.01 8 3.92543 0.01
r 48 0.01 8 3.59663 0.01
r 50 0.01 8 3.2985 0.01
r 52 0.01 8 3.62025 0.01
r 54 0.01 8 4.06106 0.01
r 56 0.01 8 4.43109 0.01
r 58 0.01 8 4.89293 0.01
r 60 0.01 8 5.81827 0.01
r 62 0.01 8 5.64061 0.01
r 64 0.01 8 6.14527 0.01
r 66 0.01 8 6.65844 0.01
r 68 0.01 8 7.03228 0.01
r 70 0.01 8 7.40865 0.01
r 72 0.01 8 7.81972 0.01
r 74 0.01 8 8.26459 0.01
r 76 0.01 8 8.6565 0.01
r 78 0.01 8 9.09742 0.01
r 80 0.01 8 9.52324 0.01
s 60 2 124
r 20 0.01 0 7.81229 0.01
r 22 0.01 0 7.56744 0.01
r 24 0.01 0 7.33388 0.01
r 26 0.01 0 7.16337 0.01
r 28 0.01 0 6.99756 0.01
r 30 0.01 0 6.72044 0.01
r 32 0.01 0 6.45101 0.01
r 34 0.01 0 6.20778 0.01
r 36 0.01 0 5.97343 0.01
r 38 0.01 0 5.77218 0.01
r 40 0.01 0 5.55974 0.01
r 42 0.01 0 5.27077 0.01
r 44 0.01 0 4.92773 0.01
r 46 0.01 0 4.64395 0.01
r 48 0.01 0 4.41692 0.01
r 50 0.01 0 4.1903 0.01
r 52 0.01 0 3.93242 0.01
r 54 0.01 0 3.64682 0.01
r 56 0.01 0 2.97969 0.01
r 58 0.01 0 1.8817 0.01
r 60 0.01 0 1.32723 0.01
r 62 0.01 0 1.88171 0.01
r 64 0.01 0 2.97972 0.01
r 66 0.01 0 3.75294 0.01
r 68 0.01 0 4.0885 0.01
r 70 0.01 0 4.33916 0.01
r 72 0.01 0 4.62564 0.01
r 74 0.01 0 4.94476 0.01
r 76 0.01 0 5.22189 0.01
r 78 0.01 0 5.58348 0.01
r 80 0.01 0 5.86136 0.01
r 20 0.01 6 10.4684 0.01
r 22 0.01 6 10.101 0.01
r 24 0.01 6 9.75315 0.01
r 26 0.01 6 9.45208 0.01
r 28 0.01 6 9.11035 0.01
r 30 0.01 6 8.71212 0.01
r 32 0.01 6 8.33185 0.01
r 34 0.01 6 7.96439 0.01
r 36 0.01 6 7.60971 0.01
r 38 0.01 6 7.25942 0.01
r 40 0.01 6 6.88967 0.01
r 42 0.01 6 6.42966 0.01
r 44 0.01 6 5.96033 0.01
r 46 0.01 6 5.56229 0.01
r 48 0.01 6 5.30969 0.01
r 50 0.01 6 4.81873 0.01
r 52 0.01 6 4.39618 0.01
r 54 0.01 6 4.01551 0.01
r 56 0.01 6 3.46314 0.01
r 58 0.01 6 3.07877 0.01
r 60 0.01 6 2.93079 0.01
r 62 0.01 6 3.15191 0.01
r 64 0.01 6 3.60719 0.01
r 66 0.01 6 4.31606 0.01
r 68 0.01 6 4.70371 0.01
r 70 0.01 6 5.06379 0.01
r 72 0.01 6 5.65695 0.01
r 74 0.01 6 6.02869 0.01
r 76 0.01 6 6.225 0.01
r 78 0.01 6 6.67284 0.01
r 80 0.01 6 7.12497 0.01
r 20 0.01 7 8.32466 0.01
r 22 0.01 7 8.07872 0.01
r 24 0.01 7 7.84862 0.01
r 26 0.01 7 7.66328 0.01
r 28 0.01 7 7.51472 0.01
r 30 0.01 7 7.26481 0.01
r 32 0.01 7 6.97181 0.01
r 34 0.01 7 6.72863 0.01
r 36 0.01 7 6.48067 0.01
r 38 0.01 7 6.28614 0.01
r 40 0.01 7 6.08045 0.01
r 42 0.01 7 5.84357 0.01
r 44 0.01 7 5.50334 0.01
r 46 0.01 7 5.17356 0.01
r 48 0.01 7 4.95003 0.01
r 50 0.01 7 4.72454 0.01
r 52 0.01 7 4.49281 0.01
r 54 0.01 7 4.21192 0.01
r 56 0.01 7 3.91478 0.01
r 58 0.01 7 3.46878 0.01
r 60 0.01 7 3.30185 0.01
r 62 0.01 7 3.52888 0.01
r 64 0.01 7 4.05635 0.01
r 66 0.01 7 4.37608 0.01
r 68 0.01 7 4.60079 0.01
r 70 0.01 7 4.87147 0.01
r 72 0.01 7 5.1818 0.01
r 74 0.01 7 5.47562 0.01
r 76 0.01 7 5.77679 0.01
r 78 0.01 7 6.19598 0.01
r 80 0.01 7 6.35262 0.01
r 20 0.01 8 10.8898 0.01
r 22 0.01 8 10.5165 0.01
r 24 0.01 8 10.1741 0.01
r 26 0.01 8 9.87141 0.01
r 28 0.01 8 9.53982 0.01
r 30 0.01 8 9.14253 0.01
r 32 0.01 8 8.76227 0.01
r 34 0.01 8 8.38448 0.01
r 36 0.01 8 8.03967 0.01
r 38 0.01 8 7.68341 0.01
r 40 0.01 8 7.33097 0.01
r 42 0.01 8 6.85377 0.01
r 44 0.01 8 6.38162 0.01
r 46 0.01 8 5.98793 0.01
r 48 0.01 8 5.60331 0.01
r 50 0.01 8 5.22867 0.01
r 52 0.01 8 4.8014 0.01
r 54 0.01 8 4.41025 0.01
r 56 0.01 8 3.9358 0.01
r 58 0.01 8 3.63851 0.01
r 60 0.01 8 3.30315 0.01
r 62 0.01 8 3.6329 0.01
r 64 0.01 8 4.1202 0.01
r 66 0.01 8 4.75975 0.01
r 68 0.01 8 5.58386 0.01
r 70 0.01 8 5.62757 0.01
r 72 0.01 8 6.10638 0.01
r 74 0.01 8 6.55267 0.01
r 76 0.01 8 6.64999 0.01
r 78 0.01 8 7.10214 0.01
r 80 0.01 8 7.55459 0.01
s 70 2 124
r 20 0.01 0 9.14855 0.01
r 22 0.01 0 8.91743 0.01
r 24 0.01 0 8.69927 0.01
r 26 0.01 0 8.5417 0.01
r 28 0.01 0 8.39469 0.01
r 30 0.01 0 8.13894 0.01
r 32 0.01 0 7.86913 0.01
r 34 0.01 0 7.63124 0.01
r 36 0.01 0 7.40866 0.01
r 38 0.01 0 7.22063 0.01
r 40 0.01 0 7.02115 0.01
r 42 0.01 0 6.75347 0.01
r 44 0.01 0 6.42611 0.01
r 46 0.01 0 6.14714 0.01
r 48 0.01 0 5.92621 0.01
r 50 0.01 0 5.70751 0.01
r 52 0.01 0 5.46425 0.01
r 54 0.01 0 5.18567 0.01
r 56 0.01 0 4.86891 0.01
r 58 0.01 0 4.57891 0.01
r 60 0.01 0 4.35454 0.01
r 62 0.01 0 4.18641 0.01
r 64 0.01 0 3.76214 0.01
r 66 0.01 0 2.98026 0.01
r 68 0.01 0 1.88207 0.01
r 70 0.01 0 1.32748 0.01
r 72 0.01 0 1.88206 0.01
r 74 0.01 0 2.98023 0.01
r 76 0.01 0 3.75484 0.01
r 78 0.01 0 4.28712 0.01
r 80 0.01 0 4.57561 0.01
r 20 0.01 6 12.4053 0.01
r 22 0.01 6 12.0573 0.01
r 24 0.01 6 11.7352 0.01
r 26 0.01 6 11.4495 0.01
r 28 0.01 6 11.1303 0.01
r 30 0.01 6 10.7473 0.01
r 32 0.01 6 10.3784 0.01
r 34 0.01 6 10.0216 0.01
r 36 0.01 6 9.68824 0.01
r 38 0.01 6 9.35897 0.01
r 40 0.01 6 9.00983 0.01
r 42 0.01 6 8.57919 0.01
r 44 0.01 6 8.12877 0.01
r 46 0.01 6 7.74145 0.01
r 48 0.01 6 7.36963 0.01
r 50 0.01 6 6.99843 0.01
r 52 0.01 6 6.58933 0.01
r 54 0.01 6 6.17136 0.01
r 56 0.01 6 5.91027 0.01
r 58 0.01 6 5.40775 0.01
r 60 0.01 6 5.11981 0.01
r 62 0.01 6 4.77465 0.01
r 64 0.01 6 4.13145 0.01
r 66 0.01 6 3.67578 0.01
r 68 0.01 6 3.34472 0.01
r 70 0.01 6 3.19919 0.01
r 72 0.01 6 3.37408 0.01
r 74 0.01 6 3.89701 0.01
r 76 0.01 6 4.26433 0.01
r 78 0.01 6 4.6932 0.01
r 80 0.01 6 5.10104 0.01
r 20 0.01 7 9.71827 0.01
r 22 0.01 7 9.48681 0.01
r 24 0.01 7 9.25962 0.01
r 26 0.01 7 9.09583 0.01
r 28 0.01 7 8.9737 0.01
r 30 0.01 7 8.74547 0.01
r 32 0.01 7 8.45958 0.01
r 34 0.01 7 8.22552 0.01
r 36 0.01 7 7.98776 0.01
r 38 0.01 7 7.80292 0.01
r 40 0.01 7 7.6058 0.01
r 42 0.01 7 7.39136 0.01
r 44 0.01 7 7.07346 0.01
r 46 0.01 7 6.74217 0.01
r 48 0.01 7 6.52429 0.01
r 50 0.01 7 6.30686 0.01
r 52 0.01 7 6.08261 0.01
r 54 0.01 7 5.81288 0.01
r 56 0.01 7 5.52727 0.01
r 58 0.01 7 5.20442 0.01
r 60 0.01 7 4.94798 0.01
r 62 0.01 7 4.80075 0.01
r 64 0.01 7 4.5747 0.01
r 66 0.01 7 4.23558 0.01
r 68 0.01 7 3.78235 0.01
r 70 0.01 7 3.63711 0.01
r 72 0.01 7 3.81705 0.01
r 74 0.01 7 4.25597 0.01
r 76 0.01 7 4.56221 0.01
r 78 0.01 7 4.94295 0.01
r 80 0.01 7 5.17358 0.01
r 20 0.01 8 12.8803 0.01
r 22 0.01 8 12.5359 0.01
r 24 0.01 8 12.2131 0.01
r 26 0.01 8 11.9342 0.01
r 28 0.01 8 11.6222 0.01
r 30 0.01 8 11.2629 0.01
r 32 0.01 8 10.8837 0.01
r 34 0.01 8 10.5293 0.01
r 36 0.01 8 10.1913 0.01
r 38 0.01 8 9.86548 0.01
r 40 0.01 8 9.51847 0.01
r 42 0.01 8 9.07214 0.01
r 44 0.01 8 8.62845 0.01
r 46 0.01 8 8.25818 0.01
r 48 0.01 8 7.87977 0.01
r 50 0.01 8 7.50742 0.01
r 52 0.01 8 7.09219 0.01
r 54 0.01 8 6.67865 0.01
r 56 0.01 8 6.58113 0.01
r 58 0.01 8 6.23847 0.01
r 60 0.01 8 5.9439 0.01
r 62 0.01 8 6.32424 0.01
r 64 0.01 8 4.64337 0.01
r 66 0.01 8 4.43705 0.01
r 68 0.01 8 3.93194 0.01
r 70 0.01 8 3.63796 0.01
r 72 0.01 8 3.93812 0.01
r 74 0.01 8 4.35917 0.01
r 76 0.01 8 4.73501 0.01
r 78 0.01 8 5.16408 0.01
r 80 0.01 8 5.60613 0.01
