5
s 30 2 124
r 20 0.01 0 3.70121 0.01
r 22 0.01 0 3.42146 0.01
r 24 0.01 0 3.16408 0.01
r 26 0.01 0 2.98005 0.01
r 28 0.01 0 1.88193 0.01
r 30 0.01 0 1.32739 0.01
r 32 0.01 0 1.88195 0.01
r 34 0.01 0 2.9801 0.01
r 36 0.01 0 3.27359 0.01
r 38 0.01 0 3.5977 0.01
r 40 0.01 0 3.96062 0.01
r 42 0.01 0 4.30917 0.01
r 44 0.01 0 4.59854 0.01
r 46 0.01 0 4.80975 0.01
r 48 0.01 0 5.07586 0.01
r 50 0.01 0 5.38479 0.01
r 52 0.01 0 5.69353 0.01
r 54 0.01 0 5.99092 0.01
r 56 0.01 0 6.25461 0.01
r 58 0.01 0 6.48598 0.01
r 60 0.01 0 6.7269 0.01
r 62 0.01 0 7.006 0.01
r 64 0.01 0 7.36073 0.01
r 66 0.01 0 7.68594 0.01
r 68 0.01 0 7.89999 0.01
r 70 0.01 0 8.149 0.01
r 72 0.01 0 8.39309 0.01
r 74 0.01 0 8.64823 0.01
r 76 0.01 0 8.88543 0.01
r 78 0.01 0 9.18703 0.01
r 80 0.01 0 9.40913 0.01
r 20 0.01 6 4.54283 0.01
r 22 0.01 6 4.20666 0.01
r 24 0.01 6 3.78879 0.01
r 26 0.01 6 3.39525 0.01
r 28 0.01 6 2.84062 0.01
r 30 0.01 6 2.66013 0.01
r 32 0.01 6 2.80496 0.01
r 34 0.01 6 3.20634 0.01
r 36 0.01 6 3.68592 0.01
r 38 0.01 6 4.16984 0.01
r 40 0.01 6 4.69966 0.01
r 42 0.01 6 5.22612 0.01
r 44 0.01 6 5.7607 0.01
r 46 0.01 6 6.17623 0.01
r 48 0.01 6 6.60359 0.01
r 50 0.01 6 7.10632 0.01
r 52 0.01 6 7.60677 0.01
r 54 0.01 6 8.10392 0.01
r 56 0.01 6 8.57822 0.01
r 58 0.01 6 9.0422 0.01
r 60 0.01 6 9.47686 0.01
r 62 0.01 6 9.93509 0.01
r 64 0.01 6 10.4418 0.01
r 66 0.01 6 10.9632 0.01
r 68 0.01 6 11.4489 0.01
r 70 0.01 6 11.8843 0.01
r 72 0.01 6 12.2952 0.01
r 74 0.01 6 12.6936 0.01
r 76 0.01 6 13.0773 0.01
r 78 0.01 6 13.4885 0.01
r 80 0.01 6 13.9002 0.01
r 20 0.01 7 4.36608 0.01
r 22 0.01 7 4.08254 0.01
r 24 0.01 7 3.8112 0.01
r 26 0.01 7 3.60831 0.01
r 28 0.01 7 3.44732 0.01
r 30 0.01 7 3.15248 0.01
r 32 0.01 7 3.387 0.01
r 34 0.01 7 3.67486 0.01
r 36 0.01 7 3.97052 0.01
r 38 0.01 7 4.32483 0.01
r 40 0.01 7 4.68637 0.01
r 42 0.01 7 5.02404 0.01
r 44 0.01 7 5.25733 0.01
r 46 0.01 7 5.4631 0.01
r 48 0.01 7 5.77341 0.01
r 50 0.01 7 6.0834 0.01
r 52 0.01 7 6.40096 0.01
r 54 0.01 7 6.64355 0.01
r 56 0.01 7 6.90426 0.01
r 58 0.01 7 7.13528 0.01
r 60 0.01 7 7.37452 0.01
r 62 0.01 7 7.72517 0.01
r 64 0.01 7 8.07112 0.01
r 66 0.01 7 8.34472 0.01
r 68 0.01 7 8.55384 0.01
r 70 0.01 7 8.80089 0.01
r 72 0.01 7 9.07119 0.01
r 74 0.01 7 9.2981 0.01
r 76 0.01 7 9.57004 0.01
r 78 0.01 7 9.86533 0.01
r 80 0.01 7 10.0407 0.01
r 20 0.01 8 5.16377 0.01
r 22 0.01 8 5.27011 0.01
r 24 0.01 8 4.79639 0.01
r 26 0.01 8 3.89852 0.01
r 28 0.01 8 3.51959 0.01
r 30 0.01 8 3.16257 0.01
r 32 0.01 8 3.47539 0.01
r 34 0.01 8 3.82261 0.01
r 36 0.01 8 4.24896 0.01
r 38 0.01 8 4.72749 0.01
r 40 0.01 8 5.25717 0.01
r 42 0.01 8 5.78579 0.01
r 44 0.01 8 6.30273 0.01
r 46 0.01 8 6.72299 0.01
r 48 0.01 8 7.15254 0.01
r 50 0.01 8 7.6582 0.01
r 52 0.01 8 8.16411 0.01
r 54 0.01 8 8.67 0.01
r 56 0.01 8 9.12913 0.01
r 58 0.01 8 9.59055 0.01
r 60 0.01 8 10.0138 0.01
r 62 0.01 8 10.4719 0.01
r 64 0.01 8 11.0025 0.01
r 66 0.01 8 11.4988 0.01
r 68 0.01 8 11.9996 0.01
r 70 0.01 8 12.4221 0.01
r 72 0.01 8 12.8319 0.01
r 74 0.01 8 13.2216 0.01
r 76 0.01 8 13.6013 0.01
r 78 0.01 8 14.0135 0.01
r 80 0.01 8 14.4272 0.01
s 40 2 124
r 20 0.01 0 5.18787 0.01
r 22 0.01 0 4.92375 0.01
r 24 0.01 0 4.66585 0.01
r 26 0.01 0 4.4761 0.01
r 28 0.01 0 4.28111 0.01
r 30 0.01 0 3.96453 0.01
r 32 0.01 0 3.6541 0.01
r 34 0.01 0 3.36256 0.01
r 36 0.01 0 2.98213 0.01
r 38 0.01 0 1.88327 0.01
r 40 0.01 0 1.32835 0.01
r 42 0.01 0 1.88327 0.01
r 44 0.01 0 2.98212 0.01
r 46 0.01 0 3.50655 0.01
r 48 0.01 0 3.78684 0.01
r 50 0.01 0 4.1243 0.01
r 52 0.01 0 4.45564 0.01
r 54 0.01 0 4.77624 0.01
r 56 0.01 0 5.05505 0.01
r 58 0.01 0 5.2997 0.01
r 60 0.01 0 5.55121 0.01
r 62 0.01 0 5.84134 0.01
r 64 0.01 0 6.20903 0.01
r 66 0.01 0 6.54912 0.01
r 68 0.01 0 6.77101 0.01
r 70 0.01 0 7.01239 0.01
r 72 0.01 0 7.28679 0.01
r 74 0.01 0 7.58095 0.01
r 76 0.01 0 7.83873 0.01
r 78 0.01 0 8.17129 0.01
r 80 0.01 0 8.40611 0.01
r 20 0.01 6 6.94785 0.01
r 22 0.01 6 6.48667 0.01
r 24 0.01 6 6.05624 0.01
r 26 0.01 6 5.9452 0.01
r 28 0.01 6 5.22345 0.01
r 30 0.01 6 4.70436 0.01
r 32 0.01 6 4.22742 0.01
r 34 0.01 6 3.75613 0.01
r 36 0.01 6 3.32269 0.01
r 38 0.01 6 2.95232 0.01
r 40 0.01 6 2.83118 0.01
r 42 0.01 6 3.04588 0.01
r 44 0.01 6 3.69349 0.01
r 46 0.01 6 4.10396 0.01
r 48 0.01 6 4.45676 0.01
r 50 0.01 6 4.92635 0.01
r 52 0.01 6 5.37714 0.01
r 54 0.01 6 5.89196 0.01
r 56 0.01 6 6.37864 0.01
r 58 0.01 6 6.85479 0.01
r 60 0.01 6 7.29497 0.01
r 62 0.01 6 7.76351 0.01
r 64 0.01 6 8.28132 0.01
r 66 0.01 6 8.80886 0.01
r 68 0.01 6 9.30381 0.01
r 70 0.01 6 9.7398 0.01
r 72 0.01 6 10.1977 0.01
r 74 0.01 6 10.6841 0.01
r 76 0.01 6 11.1525 0.01
r 78 0.01 6 11.6317 0.01
r 80 0.01 6 12.0474 0.01
r 20 0.01 7 5.95862 0.01
r 22 0.01 7 5.69265 0.01
r 24 0.01 7 5.4381 0.01
r 26 0.01 7 5.23665 0.01
r 28 0.01 7 5.07379 0.01
r 30 0.01 7 4.78598 0.01
r 32 0.01 7 4.45681 0.01
r 34 0.01 7 4.16843 0.01
r 36 0.01 7 3.88729 0.01
r 38 0.01 7 3.65722 0.01
r 40 0.01 7 3.43321 0.01
r 42 0.01 7 3.66236 0.01
r 44 0.01 7 4.03011 0.01
r 46 0.01 7 4.25816 0.01
r 48 0.01 7 4.58522 0.01
r 50 0.01 7 4.92461 0.01
r 52 0.01 7 5.26046 0.01
r 54 0.01 7 5.54538 0.01
r 56 0.01 7 5.81917 0.01
r 58 0.01 7 6.0448 0.01
r 60 0.01 7 6.30983 0.01
r 62 0.01 7 6.6768 0.01
r 64 0.01 7 7.00654 0.01
r 66 0.01 7 7.29617 0.01
r 68 0.01 7 7.51304 0.01
r 70 0.01 7 7.7752 0.01
r 72 0.01 7 8.07636 0.01
r 74 0.01 7 8.33892 0.01
r 76 0.01 7 8.61725 0.01
r 78 0.01 7 8.92093 0.01
r 80 0.01 7 9.12433 0.01
r 20 0.01 8 7.61873 0.01
r 22 0.01 8 7.16972 0.01
r 24 0.01 8 6.72859 0.01
r 26 0.01 8 6.85759 0.01
r 28 0.01 8 5.88393 0.01
r 30 0.01 8 5.37289 0.01
r 32 0.01 8 4.89739 0.01
r 34 0.01 8 4.44398 0.01
r 36 0.01 8 4.11877 0.01
r 38 0.01 8 3.75172 0.01
r 40 0.01 8 3.4359 0.01
r 42 0.01 8 3.77853 0.01
r 44 0.01 8 4.2669 0.01
r 46 0.01 8 4.65731 0.01
r 48 0.01 8 5.46632 0.01
r 50 0.01 8 6.00699 0.01
r 52 0.01 8 6.58437 0.01
r 54 0.01 8 6.5936 0.01
r 56 0.01 8 7.07869 0.01
r 58 0.01 8 7.54777 0.01
r 60 0.01 8 7.97588 0.01
r 62 0.01 8 8.44065 0.01
r 64 0.01 8 8.98977 0.01
r 66 0.01 8 9.48247 0.01
r 68 0.01 8 9.99476 0.01
r 70 0.01 8 10.4208 0.01
r 72 0.01 8 10.8849 0.01
r 74 0.01 8 11.3904 0.01
r 76 0.01 8 11.8452 0.01
r 78 0.01 8 12.2807 0.01
r 80 0.01 8 12.7162 0.01
s 50 2 124
r 20 0.01 0 6.51759 0.01
r 22 0.01 0 6.26479 0.01
r 24 0.01 0 6.02608 0.01
r 26 0.01 0 5.8471 0.01
r 28 0.01 0 5.67493 0.01
r 30 0.01 0 5.38334 0.01
r 32 0.01 0 5.10487 0.01
r 34 0.01 0 4.83924 0.01
r 36 0.01 0 4.59109 0.01
r 38 0.01 0 4.37077 0.01
r 40 0.01 0 4.14295 0.01
r 42 0.01 0 3.83004 0.01
r 44 0.01 0 3.47407 0.01
r 46 0.01 0 2.97953 0.01
r 48 0.01 0 1.88158 0.01
r 50 0.01 0 1.32713 0.01
r 52 0.01 0 1.88157 0.01
r 54 0.01 0 2.97948 0.01
r 56 0.01 0 3.66578 0.01
r 58 0.01 0 3.92504 0.01
r 60 0.01 0 4.18104 0.01
r 62 0.01 0 4.4782 0.01
r 64 0.01 0 4.86378 0.01
r 66 0.01 0 5.22232 0.01
r 68 0.01 0 5.44929 0.01
r 70 0.01 0 5.69864 0.01
r 72 0.01 0 5.97817 0.01
r 74 0.01 0 6.29138 0.01
r 76 0.01 0 6.55735 0.01
r 78 0.01 0 6.90584 0.01
r 80 0.01 0 7.1678 0.01
r 20 0.01 6 9.2747 0.01
r 22 0.01 6 8.83367 0.01
r 24 0.01 6 8.41718 0.01
r 26 0.01 6 8.04408 0.01
r 28 0.01 6 7.60473 0.01
r 30 0.01 6 7.10557 0.01
r 32 0.01 6 6.63939 0.01
r 34 0.01 6 6.18589 0.01
r 36 0.01 6 5.8821 0.01
r 38 0.01 6 5.46626 0.01
r 40 0.01 6 4.95068 0.01
r 42 0.01 6 4.3553 0.01
r 44 0.01 6 3.8309 0.01
r 46 0.01 6 3.40104 0.01
r 48 0.01 6 3.04848 0.01
r 50 0.01 6 2.92716 0.01
r 52 0.01 6 3.1248 0.01
r 54 0.01 6 3.56489 0.01
r 56 0.01 6 4.09436 0.01
r 58 0.01 6 4.58633 0.01
r 60 0.01 6 4.971 0.01
r 62 0.01 6 5.43928 0.01
r 64 0.01 6 5.95804 0.01
r 66 0.01 6 6.4966 0.01
r 68 0.01 6 7.06531 0.01
r 70 0.01 6 7.44052 0.01
r 72 0.01 6 7.90142 0.01
r 74 0.01 6 8.38632 0.01
r 76 0.01 6 8.86534 0.01
r 78 0.01 6 9.34638 0.01
r 80 0.01 6 9.84722 0.01
r 20 0.01 7 7.29054 0.01
r 22 0.01 7 7.02048 0.01
r 24 0.01 7 6.77877 0.01
r 26 0.01 7 6.59715 0.01
r 28 0.01 7 6.44462 0.01
r 30 0.01 7 6.17883 0.01
r 32 0.01 7 5.87236 0.01
r 34 0.01 7 5.61053 0.01
r 36 0.01 7 5.35678 0.01
r 38 0.01 7 5.14489 0.01
r 40 0.01 7 4.92724 0.01
r 42 0.01 7 4.67451 0.01
r 44 0.01 7 4.33458 0.01
r 46 0.01 7 3.97652 0.01
r 48 0.01 7 3.74673 0.01
r 50 0.01 7 3.51836 0.01
r 52 0.01 7 3.73935 0.01
r 54 0.01 7 4.15988 0.01
r 56 0.01 7 4.44377 0.01
r 58 0.01 7 4.67452 0.01
r 60 0.01 7 4.95079 0.01
r 62 0.01 7 5.28645 0.01
r 64 0.01 7 5.67232 0.01
r 66 0.01 7 5.9796 0.01
r 68 0.01 7 6.20281 0.01
r 70 0.01 7 6.46585 0.01
r 72 0.01 7 6.76183 0.01
r 74 0.01 7 7.0524 0.01
r 76 0.01 7 7.35046 0.01
r 78 0.01 7 7.69111 0.01
r 80 0.01 7 7.89655 0.01
r 20 0.01 8 9.93651 0.01
r 22 0.01 8 9.50995 0.01
r 24 0.01 8 9.08576 0.01
r 26 0.01 8 8.74373 0.01
r 28 0.01 8 8.27691 0.01
r 30 0.01 8 7.78156 0.01
r 32 0.01 8 7.3184 0.01
r 34 0.01 8 6.85074 0.01
r 36 0.01 8 6.43277 0.01
r 38 0.01 8 6.52688 0.01
r 40 0.01 8 5.58144 0.01
r 42 0.01 8 5.04618 0.01
r 44 0.01 8 4.54703 0.01
r 46 0.01 8 4.22846 0.01
r 48 0.01 8 3.88304 0.01
r 50 0.01 8 3.52869 0.01
r 52 0.01 8 3.85329 0.01
r 54 0.01 8 4.33674 0.01
r 56 0.01 8 4.77838 0.01
r 58 0.01 8 5.31092 0.01
r 60 0.01 8 7.11536 0.01
r 62 0.01 8 6.7812 0.01
r 64 0.01 8 6.67562 0.01
r 66 0.01 8 7.19178 0.01
r 68 0.01 8 8.20756 0.01
r 70 0.01 8 8.58641 0.01
r 72 0.01 8 8.60306 0.01
r 74 0.01 8 9.11233 0.01
r 76 0.01 8 9.58125 0.01
r 78 0.01 8 10.0398 0.01
r 80 0.01 8 10.5417 0.01
s 60 2 124
r 20 0.01 0 7.81229 0.01
r 22 0.01 0 7.56744 0.01
r 24 0.01 0 7.33388 0.01
r 26 0.01 0 7.16337 0.01
r 28 0.01 0 6.99756 0.01
r 30 0.01 0 6.72044 0.01
r 32 0.01 0 6.45101 0.01
r 34 0.01 0 6.20778 0.01
r 36 0.01 0 5.97343 0.01
r 38 0.01 0 5.77218 0.01
r 40 0.01 0 5.55974 0.01
r 42 0.01 0 5.27077 0.01
r 44 0.01 0 4.92773 0.01
r 46 0.01 0 4.64395 0.01
r 48 0.01 0 4.41692 0.01
r 50 0.01 0 4.1903 0.01
r 52 0.01 0 3.93242 0.01
r 54 0.01 0 3.64682 0.01
r 56 0.01 0 2.97969 0.01
r 58 0.01 0 1.8817 0.01
r 60 0.01 0 1.32723 0.01
r 62 0.01 0 1.88171 0.01
r 64 0.01 0 2.97972 0.01
r 66 0.01 0 3.75294 0.01
r 68 0.01 0 4.0885 0.01
r 70 0.01 0 4.33916 0.01
r 72 0.01 0 4.62564 0.01
r 74 0.01 0 4.94476 0.01
r 76 0.01 0 5.22189 0.01
r 78 0.01 0 5.58348 0.01
r 80 0.01 0 5.86136 0.01
r 20 0.01 6 11.5468 0.01
r 22 0.01 6 11.1261 0.01
r 24 0.01 6 10.7244 0.01
r 26 0.01 6 10.3623 0.01
r 28 0.01 6 9.94147 0.01
r 30 0.01 6 9.46406 0.01
r 32 0.01 6 9.01172 0.01
r 34 0.01 6 8.5629 0.01
r 36 0.01 6 8.14451 0.01
r 38 0.01 6 7.73155 0.01
r 40 0.01 6 7.30764 0.01
r 42 0.01 6 6.96198 0.01
r 44 0.01 6 6.46687 0.01
r 46 0.01 6 6.05483 0.01
r 48 0.01 6 5.50547 0.01
r 50 0.01 6 5.00607 0.01
r 52 0.01 6 4.52197 0.01
r 54 0.01 6 4.0619 0.01
r 56 0.01 6 3.4767 0.01
r 58 0.01 6 3.09519 0.01
r 60 0.01 6 2.93092 0.01
r 62 0.01 6 3.15409 0.01
r 64 0.01 6 3.61796 0.01
r 66 0.01 6 4.17205 0.01
r 68 0.01 6 4.74191 0.01
r 70 0.01 6 5.19944 0.01
r 72 0.01 6 5.75426 0.01
r 74 0.01 6 6.21902 0.01
r 76 0.01 6 6.77196 0.01
r 78 0.01 6 7.196 0.01
r 80 0.01 6 7.58022 0.01
r 20 0.01 7 8.55179 0.01
r 22 0.01 7 8.30968 0.01
r 24 0.01 7 8.0665 0.01
r 26 0.01 7 7.8946 0.01
r 28 0.01 7 7.74672 0.01
r 30 0.01 7 7.49584 0.01
r 32 0.01 7 7.20284 0.01
r 34 0.01 7 6.9597 0.01
r 36 0.01 7 6.71172 0.01
r 38 0.01 7 6.51161 0.01
r 40 0.01 7 6.31188 0.01
r 42 0.01 7 6.07792 0.01
r 44 0.01 7 5.73813 0.01
r 46 0.01 7 5.40553 0.01
r 48 0.01 7 5.18207 0.01
r 50 0.01 7 4.95607 0.01
r 52 0.01 7 4.72823 0.01
r 54 0.01 7 4.44391 0.01
r 56 0.01 7 4.14323 0.01
r 58 0.01 7 3.70607 0.01
r 60 0.01 7 3.53321 0.01
r 62 0.01 7 3.76353 0.01
r 64 0.01 7 4.28819 0.01
r 66 0.01 7 4.60815 0.01
r 68 0.01 7 4.83283 0.01
r 70 0.01 7 5.10551 0.01
r 72 0.01 7 5.4136 0.01
r 74 0.01 7 5.70879 0.01
r 76 0.01 7 6.01008 0.01
r 78 0.01 7 6.41755 0.01
r 80 0.01 7 6.58988 0.01
r 20 0.01 8 12.251 0.01
r 22 0.01 8 11.801 0.01
r 24 0.01 8 11.4286 0.01
r 26 0.01 8 11.0627 0.01
r 28 0.01 8 10.6177 0.01
r 30 0.01 8 10.1431 0.01
r 32 0.01 8 9.69097 0.01
r 34 0.01 8 9.24238 0.01
r 36 0.01 8 8.84318 0.01
r 38 0.01 8 8.41071 0.01
r 40 0.01 8 7.98709 0.01
r 42 0.01 8 7.47731 0.01
r 44 0.01 8 6.96576 0.01
r 46 0.01 8 9.49772 0.01
r 48 0.01 8 7.63277 0.01
r 50 0.01 8 5.67888 0.01
r 52 0.01 8 5.17438 0.01
r 54 0.01 8 4.68997 0.01
r 56 0.01 8 4.24933 0.01
r 58 0.01 8 3.87164 0.01
r 60 0.01 8 3.53533 0.01
r 62 0.01 8 3.86888 0.01
r 64 0.01 8 4.42142 0.01
r 66 0.01 8 4.91678 0.01
r 68 0.01 8 6.07522 0.01
r 70 0.01 8 5.94149 0.01
r 72 0.01 8 6.542 0.01
r 74 0.01 8 7.12311 0.01
r 76 0.01 8 7.58559 0.01
r 78 0.01 8 8.02213 0.01
r 80 0.01 8 8.64348 0.01
s 70 2 124
r 20 0.01 0 9.14855 0.01
r 22 0.01 0 8.91743 0.01
r 24 0.01 0 8.69927 0.01
r 26 0.01 0 8.5417 0.01
r 28 0.01 0 8.39469 0.01
r 30 0.01 0 8.13894 0.01
r 32 0.01 0 7.86913 0.01
r 34 0.01 0 7.63124 0.01
r 36 0.01 0 7.40866 0.01
r 38 0.01 0 7.22063 0.01
r 40 0.01 0 7.02115 0.01
r 42 0.01 0 6.75347 0.01
r 44 0.01 0 6.42611 0.01
r 46 0.01 0 6.14714 0.01
r 48 0.01 0 5.92621 0.01
r 50 0.01 0 5.70751 0.01
r 52 0.01 0 5.46425 0.01
r 54 0.01 0 5.18567 0.01
r 56 0.01 0 4.86891 0.01
r 58 0.01 0 4.57891 0.01
r 60 0.01 0 4.35454 0.01
r 62 0.01 0 4.18641 0.01
r 64 0.01 0 3.76214 0.01
r 66 0.01 0 2.98026 0.01
r 68 0.01 0 1.88207 0.01
r 70 0.01 0 1.32748 0.01
r 72 0.01 0 1.88206 0.01
r 74 0.01 0 2.98023 0.01
r 76 0.01 0 3.75484 0.01
r 78 0.01 0 4.28712 0.01
r 80 0.01 0 4.57561 0.01
r 20 0.01 6 13.7611 0.01
r 22 0.01 6 13.3813 0.01
r 24 0.01 6 13.0201 0.01
r 26 0.01 6 12.6898 0.01
r 28 0.01 6 12.3395 0.01
r 30 0.01 6 11.8706 0.01
r 32 0.01 6 11.4276 0.01
r 34 0.01 6 10.9843 0.01
r 36 0.01 6 10.5741 0.01
r 38 0.01 6 10.1652 0.01
r 40 0.01 6 9.74617 0.01
r 42 0.01 6 9.23891 0.01
r 44 0.01 6 8.73704 0.01
r 46 0.01 6 8.3685 0.01
r 48 0.01 6 7.97326 0.01
r 50 0.01 6 7.53924 0.01
r 52 0.01 6 7.09356 0.01
r 54 0.01 6 6.61679 0.01
r 56 0.01 6 6.11146 0.01
r 58 0.01 6 5.6167 0.01
r 60 0.01 6 5.32665 0.01
r 62 0.01 6 4.67671 0.01
r 64 0.01 6 4.17522 0.01
r 66 0.01 6 3.67588 0.01
r 68 0.01 6 3.34223 0.01
r 70 0.01 6 3.19933 0.01
r 72 0.01 6 3.37029 0.01
r 74 0.01 6 3.75845 0.01
r 76 0.01 6 4.29036 0.01
r 78 0.01 6 4.73205 0.01
r 80 0.01 6 5.23616 0.01
r 20 0.01 7 9.95269 0.01
r 22 0.01 7 9.72122 0.01
r 24 0.01 7 9.49403 0.01
r 26 0.01 7 9.33019 0.01
r 28 0.01 7 9.209 0.01
r 30 0.01 7 8.98154 0.01
r 32 0.01 7 8.69382 0.01
r 34 0.01 7 8.45067 0.01
r 36 0.01 7 8.22249 0.01
r 38 0.01 7 8.03767 0.01
r 40 0.01 7 7.84049 0.01
r 42 0.01 7 7.62639 0.01
r 44 0.01 7 7.30185 0.01
r 46 0.01 7 6.97684 0.01
r 48 0.01 7 6.76117 0.01
r 50 0.01 7 6.54106 0.01
r 52 0.01 7 6.31748 0.01
r 54 0.01 7 6.04545 0.01
r 56 0.01 7 5.76214 0.01
r 58 0.01 7 5.44097 0.01
r 60 0.01 7 5.18245 0.01
r 62 0.01 7 5.03522 0.01
r 64 0.01 7 4.80645 0.01
r 66 0.01 7 4.46747 0.01
r 68 0.01 7 4.02229 0.01
r 70 0.01 7 3.8714 0.01
r 72 0.01 7 4.05243 0.01
r 74 0.01 7 4.49056 0.01
r 76 0.01 7 4.79682 0.01
r 78 0.01 7 5.17783 0.01
r 80 0.01 7 5.4082 0.01
r 20 0.01 8 14.4953 0.01
r 22 0.01 8 14.1177 0.01
r 24 0.01 8 13.753 0.01
r 26 0.01 8 13.429 0.01
r 28 0.01 8 13.0662 0.01
r 30 0.01 8 12.6537 0.01
r 32 0.01 8 12.2509 0.01
r 34 0.01 8 11.7661 0.01
r 36 0.01 8 11.3682 0.01
r 38 0.01 8 10.9442 0.01
r 40 0.01 8 10.5207 0.01
r 42 0.01 8 10.0211 0.01
r 44 0.01 8 9.51962 0.01
r 46 0.01 8 9.08736 0.01
r 48 0.01 8 8.65568 0.01
r 50 0.01 8 8.22217 0.01
r 52 0.01 8 7.75245 0.01
r 54 0.01 8 7.57886 0.01
r 56 0.01 8 7.06724 0.01
r 58 0.01 8 7.12069 0.01
r 60 0.01 8 7.25208 0.01
r 62 0.01 8 5.45508 0.01
r 64 0.01 8 4.95749 0.01
r 66 0.01 8 4.57621 0.01
r 68 0.01 8 4.11966 0.01
r 70 0.01 8 3.87247 0.01
r 72 0.01 8 4.17627 0.01
r 74 0.01 8 4.65198 0.01
r 76 0.01 8 5.06395 0.01
r 78 0.01 8 5.49857 0.01
r 80 0.01 8 6.01141 0.01
