5
s 30 2 124
r 20 0.01 0 3.70121 0.01
r 22 0.01 0 3.42146 0.01
r 24 0.01 0 3.16408 0.01
r 26 0.01 0 2.98005 0.01
r 28 0.01 0 1.88193 0.01
r 30 0.01 0 1.32739 0.01
r 32 0.01 0 1.88195 0.01
r 34 0.01 0 2.9801 0.01
r 36 0.01 0 3.27359 0.01
r 38 0.01 0 3.5977 0.01
r 40 0.01 0 3.96062 0.01
r 42 0.01 0 4.30917 0.01
r 44 0.01 0 4.59854 0.01
r 46 0.01 0 4.80975 0.01
r 48 0.01 0 5.07586 0.01
r 50 0.01 0 5.38479 0.01
r 52 0.01 0 5.69353 0.01
r 54 0.01 0 5.99092 0.01
r 56 0.01 0 6.25461 0.01
r 58 0.01 0 6.48598 0.01
r 60 0.01 0 6.7269 0.01
r 62 0.01 0 7.006 0.01
r 64 0.01 0 7.36073 0.01
r 66 0.01 0 7.68594 0.01
r 68 0.01 0 7.89999 0.01
r 70 0.01 0 8.149 0.01
r 72 0.01 0 8.39309 0.01
r 74 0.01 0 8.64823 0.01
r 76 0.01 0 8.88543 0.01
r 78 0.01 0 9.18703 0.01
r 80 0.01 0 9.40913 0.01
r 20 0.01 6 4.70892 0.01
r 22 0.01 6 4.24429 0.01
r 24 0.01 6 3.82853 0.01
r 26 0.01 6 3.41213 0.01
r 28 0.01 6 2.84063 0.01
r 30 0.01 6 2.66021 0.01
r 32 0.01 6 2.79799 0.01
r 34 0.01 6 3.21629 0.01
r 36 0.01 6 3.73373 0.01
r 38 0.01 6 4.25513 0.01
r 40 0.01 6 4.81782 0.01
r 42 0.01 6 5.3747 0.01
r 44 0.01 6 5.90274 0.01
r 46 0.01 6 6.36296 0.01
r 48 0.01 6 6.79738 0.01
r 50 0.01 6 7.28118 0.01
r 52 0.01 6 7.76017 0.01
r 54 0.01 6 8.23829 0.01
r 56 0.01 6 8.69808 0.01
r 58 0.01 6 9.15268 0.01
r 60 0.01 6 9.57986 0.01
r 62 0.01 6 10.0323 0.01
r 64 0.01 6 10.5255 0.01
r 66 0.01 6 11.0228 0.01
r 68 0.01 6 11.4785 0.01
r 70 0.01 6 11.9042 0.01
r 72 0.01 6 12.3429 0.01
r 74 0.01 6 12.7645 0.01
r 76 0.01 6 13.1584 0.01
r 78 0.01 6 13.578 0.01
r 80 0.01 6 13.9946 0.01
r 20 0.01 7 4.30634 0.01
r 22 0.01 7 4.02279 0.01
r 24 0.01 7 3.75134 0.01
r 26 0.01 7 3.54853 0.01
r 28 0.01 7 3.38832 0.01
r 30 0.01 7 3.09429 0.01
r 32 0.01 7 3.32144 0.01
r 34 0.01 7 3.61501 0.01
r 36 0.01 7 3.9115 0.01
r 38 0.01 7 4.26559 0.01
r 40 0.01 7 4.62708 0.01
r 42 0.01 7 4.9643 0.01
r 44 0.01 7 5.19825 0.01
r 46 0.01 7 5.40386 0.01
r 48 0.01 7 5.71225 0.01
r 50 0.01 7 6.02193 0.01
r 52 0.01 7 6.33872 0.01
r 54 0.01 7 6.58543 0.01
r 56 0.01 7 6.84615 0.01
r 58 0.01 7 7.07591 0.01
r 60 0.01 7 7.316 0.01
r 62 0.01 7 7.66536 0.01
r 64 0.01 7 8.01132 0.01
r 66 0.01 7 8.27751 0.01
r 68 0.01 7 8.49483 0.01
r 70 0.01 7 8.74134 0.01
r 72 0.01 7 9.01118 0.01
r 74 0.01 7 9.23544 0.01
r 76 0.01 7 9.50086 0.01
r 78 0.01 7 9.80553 0.01
r 80 0.01 7 9.98158 0.01
r 20 0.01 8 5.15129 0.01
r 22 0.01 8 5.25058 0.01
r 24 0.01 8 4.75482 0.01
r 26 0.01 8 3.88044 0.01
r 28 0.01 8 3.45946 0.01
r 30 0.01 8 3.10249 0.01
r 32 0.01 8 3.47427 0.01
r 34 0.01 8 3.75534 0.01
r 36 0.01 8 4.23993 0.01
r 38 0.01 8 4.76379 0.01
r 40 0.01 8 5.33142 0.01
r 42 0.01 8 5.87858 0.01
r 44 0.01 8 6.40696 0.01
r 46 0.01 8 6.84867 0.01
r 48 0.01 8 7.28018 0.01
r 50 0.01 8 7.76402 0.01
r 52 0.01 8 8.23866 0.01
r 54 0.01 8 8.72148 0.01
r 56 0.01 8 9.17753 0.01
r 58 0.01 8 9.63466 0.01
r 60 0.01 8 10.0545 0.01
r 62 0.01 8 10.5051 0.01
r 64 0.01 8 11.0026 0.01
r 66 0.01 8 11.4944 0.01
r 68 0.01 8 11.9533 0.01
r 70 0.01 8 12.3769 0.01
r 72 0.01 8 12.8161 0.01
r 74 0.01 8 13.2326 0.01
r 76 0.01 8 13.6242 0.01
r 78 0.01 8 14.0457 0.01
r 80 0.01 8 14.4616 0.01
s 40 2 124
r 20 0.01 0 5.18787 0.01
r 22 0.01 0 4.92375 0.01
r 24 0.01 0 4.66585 0.01
r 26 0.01 0 4.4761 0.01
r 28 0.01 0 4.28111 0.01
r 30 0.01 0 3.96453 0.01
r 32 0.01 0 3.6541 0.01
r 34 0.01 0 3.36256 0.01
r 36 0.01 0 2.98213 0.01
r 38 0.01 0 1.88327 0.01
r 40 0.01 0 1.32835 0.01
r 42 0.01 0 1.88327 0.01
r 44 0.01 0 2.98212 0.01
r 46 0.01 0 3.50655 0.01
r 48 0.01 0 3.78684 0.01
r 50 0.01 0 4.1243 0.01
r 52 0.01 0 4.45564 0.01
r 54 0.01 0 4.77624 0.01
r 56 0.01 0 5.05505 0.01
r 58 0.01 0 5.2997 0.01
r 60 0.01 0 5.55121 0.01
r 62 0.01 0 5.84134 0.01
r 64 0.01 0 6.20903 0.01
r 66 0.01 0 6.54912 0.01
r 68 0.01 0 6.77101 0.01
r 70 0.01 0 7.01239 0.01
r 72 0.01 0 7.28679 0.01
r 74 0.01 0 7.58095 0.01
r 76 0.01 0 7.83873 0.01
r 78 0.01 0 8.17129 0.01
r 80 0.01 0 8.40611 0.01
r 20 0.01 6 7.14662 0.01
r 22 0.01 6 6.6794 0.01
r 24 0.01 6 6.23855 0.01
r 26 0.01 6 5.8403 0.01
r 28 0.01 6 5.36644 0.01
r 30 0.01 6 4.82926 0.01
r 32 0.01 6 4.32151 0.01
r 34 0.01 6 3.8087 0.01
r 36 0.01 6 3.34589 0.01
r 38 0.01 6 2.95658 0.01
r 40 0.01 6 2.8313 0.01
r 42 0.01 6 3.04775 0.01
r 44 0.01 6 3.51738 0.01
r 46 0.01 6 3.99321 0.01
r 48 0.01 6 4.44907 0.01
r 50 0.01 6 4.96941 0.01
r 52 0.01 6 5.49002 0.01
r 54 0.01 6 6.00837 0.01
r 56 0.01 6 6.5021 0.01
r 58 0.01 6 6.98234 0.01
r 60 0.01 6 7.43376 0.01
r 62 0.01 6 7.90408 0.01
r 64 0.01 6 8.41882 0.01
r 66 0.01 6 8.93634 0.01
r 68 0.01 6 9.41767 0.01
r 70 0.01 6 9.85607 0.01
r 72 0.01 6 10.309 0.01
r 74 0.01 6 10.7768 0.01
r 76 0.01 6 11.2303 0.01
r 78 0.01 6 11.6942 0.01
r 80 0.01 6 12.1483 0.01
r 20 0.01 7 5.85703 0.01
r 22 0.01 7 5.59105 0.01
r 24 0.01 7 5.33347 0.01
r 26 0.01 7 5.13475 0.01
r 28 0.01 7 4.97215 0.01
r 30 0.01 7 4.6847 0.01
r 32 0.01 7 4.35557 0.01
r 34 0.01 7 4.06688 0.01
r 36 0.01 7 3.78546 0.01
r 38 0.01 7 3.55548 0.01
r 40 0.01 7 3.33186 0.01
r 42 0.01 7 3.55853 0.01
r 44 0.01 7 3.93047 0.01
r 46 0.01 7 4.15547 0.01
r 48 0.01 7 4.48258 0.01
r 50 0.01 7 4.82185 0.01
r 52 0.01 7 5.15616 0.01
r 54 0.01 7 5.44381 0.01
r 56 0.01 7 5.71761 0.01
r 58 0.01 7 5.94239 0.01
r 60 0.01 7 6.20774 0.01
r 62 0.01 7 6.57023 0.01
r 64 0.01 7 6.90389 0.01
r 66 0.01 7 7.19463 0.01
r 68 0.01 7 7.41037 0.01
r 70 0.01 7 7.67273 0.01
r 72 0.01 7 7.97365 0.01
r 74 0.01 7 8.2366 0.01
r 76 0.01 7 8.49762 0.01
r 78 0.01 7 8.81772 0.01
r 80 0.01 7 9.02186 0.01
r 20 0.01 8 7.71384 0.01
r 22 0.01 8 7.25547 0.01
r 24 0.01 8 6.80695 0.01
r 26 0.01 8 6.41947 0.01
r 28 0.01 8 5.93673 0.01
r 30 0.01 8 5.41103 0.01
r 32 0.01 8 4.90687 0.01
r 34 0.01 8 4.42287 0.01
r 36 0.01 8 4.06991 0.01
r 38 0.01 8 3.63108 0.01
r 40 0.01 8 3.33359 0.01
r 42 0.01 8 3.67777 0.01
r 44 0.01 8 4.19784 0.01
r 46 0.01 8 4.61174 0.01
r 48 0.01 8 5.38022 0.01
r 50 0.01 8 5.56581 0.01
r 52 0.01 8 6.08657 0.01
r 54 0.01 8 6.61626 0.01
r 56 0.01 8 7.09127 0.01
r 58 0.01 8 7.57038 0.01
r 60 0.01 8 8.00721 0.01
r 62 0.01 8 8.47726 0.01
r 64 0.01 8 9.00931 0.01
r 66 0.01 8 9.50547 0.01
r 68 0.01 8 9.99219 0.01
r 70 0.01 8 10.4225 0.01
r 72 0.01 8 10.8741 0.01
r 74 0.01 8 11.3482 0.01
r 76 0.01 8 11.7934 0.01
r 78 0.01 8 12.2506 0.01
r 80 0.01 8 12.7004 0.01
s 50 2 124
r 20 0.01 0 6.51759 0.01
r 22 0.01 0 6.26479 0.01
r 24 0.01 0 6.02608 0.01
r 26 0.01 0 5.8471 0.01
r 28 0.01 0 5.67493 0.01
r 30 0.01 0 5.38334 0.01
r 32 0.01 0 5.10487 0.01
r 34 0.01 0 4.83924 0.01
r 36 0.01 0 4.59109 0.01
r 38 0.01 0 4.37077 0.01
r 40 0.01 0 4.14295 0.01
r 42 0.01 0 3.83004 0.01
r 44 0.01 0 3.47407 0.01
r 46 0.01 0 2.97953 0.01
r 48 0.01 0 1.88158 0.01
r 50 0.01 0 1.32713 0.01
r 52 0.01 0 1.88157 0.01
r 54 0.01 0 2.97948 0.01
r 56 0.01 0 3.66578 0.01
r 58 0.01 0 3.92504 0.01
r 60 0.01 0 4.18104 0.01
r 62 0.01 0 4.4782 0.01
r 64 0.01 0 4.86378 0.01
r 66 0.01 0 5.22232 0.01
r 68 0.01 0 5.44929 0.01
r 70 0.01 0 5.69864 0.01
r 72 0.01 0 5.97817 0.01
r 74 0.01 0 6.29138 0.01
r 76 0.01 0 6.55735 0.01
r 78 0.01 0 6.90584 0.01
r 80 0.01 0 7.1678 0.01
r 20 0.01 6 9.4208 0.01
r 22 0.01 6 8.98174 0.01
r 24 0.01 6 8.56861 0.01
r 26 0.01 6 8.19204 0.01
r 28 0.01 6 7.75862 0.01
r 30 0.01 6 7.28067 0.01
r 32 0.01 6 6.82663 0.01
r 34 0.01 6 6.35896 0.01
r 36 0.01 6 5.91461 0.01
r 38 0.01 6 5.46107 0.01
r 40 0.01 6 4.97677 0.01
r 42 0.01 6 4.41069 0.01
r 44 0.01 6 3.86189 0.01
r 46 0.01 6 3.40224 0.01
r 48 0.01 6 3.04462 0.01
r 50 0.01 6 2.92721 0.01
r 52 0.01 6 3.12485 0.01
r 54 0.01 6 3.56653 0.01
r 56 0.01 6 4.10643 0.01
r 58 0.01 6 4.60101 0.01
r 60 0.01 6 5.00719 0.01
r 62 0.01 6 5.4909 0.01
r 64 0.01 6 6.02051 0.01
r 66 0.01 6 6.56417 0.01
r 68 0.01 6 7.07242 0.01
r 70 0.01 6 7.52191 0.01
r 72 0.01 6 7.98999 0.01
r 74 0.01 6 8.47423 0.01
r 76 0.01 6 8.95265 0.01
r 78 0.01 6 9.43065 0.01
r 80 0.01 6 9.91142 0.01
r 20 0.01 7 7.22227 0.01
r 22 0.01 7 6.96263 0.01
r 24 0.01 7 6.72018 0.01
r 26 0.01 7 6.53625 0.01
r 28 0.01 7 6.384 0.01
r 30 0.01 7 6.11998 0.01
r 32 0.01 7 5.81183 0.01
r 34 0.01 7 5.55004 0.01
r 36 0.01 7 5.29621 0.01
r 38 0.01 7 5.0844 0.01
r 40 0.01 7 4.86648 0.01
r 42 0.01 7 4.61649 0.01
r 44 0.01 7 4.27378 0.01
r 46 0.01 7 3.9159 0.01
r 48 0.01 7 3.68607 0.01
r 50 0.01 7 3.45847 0.01
r 52 0.01 7 3.6761 0.01
r 54 0.01 7 4.09863 0.01
r 56 0.01 7 4.38228 0.01
r 58 0.01 7 4.61319 0.01
r 60 0.01 7 4.88942 0.01
r 62 0.01 7 5.22514 0.01
r 64 0.01 7 5.61116 0.01
r 66 0.01 7 5.9183 0.01
r 68 0.01 7 6.14154 0.01
r 70 0.01 7 6.40437 0.01
r 72 0.01 7 6.7005 0.01
r 74 0.01 7 6.99094 0.01
r 76 0.01 7 7.28925 0.01
r 78 0.01 7 7.61794 0.01
r 80 0.01 7 7.83537 0.01
r 20 0.01 8 10.022 0.01
r 22 0.01 8 9.59253 0.01
r 24 0.01 8 9.1709 0.01
r 26 0.01 8 8.79843 0.01
r 28 0.01 8 8.34833 0.01
r 30 0.01 8 7.87484 0.01
r 32 0.01 8 7.41993 0.01
r 34 0.01 8 6.96272 0.01
r 36 0.01 8 6.5175 0.01
r 38 0.01 8 6.07842 0.01
r 40 0.01 8 5.61055 0.01
r 42 0.01 8 5.05401 0.01
r 44 0.01 8 4.54931 0.01
r 46 0.01 8 4.14439 0.01
r 48 0.01 8 3.63194 0.01
r 50 0.01 8 3.4674 0.01
r 52 0.01 8 3.7922 0.01
r 54 0.01 8 4.28791 0.01
r 56 0.01 8 4.73615 0.01
r 58 0.01 8 5.21578 0.01
r 60 0.01 8 7.06257 0.01
r 62 0.01 8 6.12388 0.01
r 64 0.01 8 6.65979 0.01
r 66 0.01 8 7.18807 0.01
r 68 0.01 8 7.71093 0.01
r 70 0.01 8 8.15398 0.01
r 72 0.01 8 8.62479 0.01
r 74 0.01 8 9.11061 0.01
r 76 0.01 8 9.58499 0.01
r 78 0.01 8 10.0436 0.01
r 80 0.01 8 10.5271 0.01
s 60 2 124
r 20 0.01 0 7.81229 0.01
r 22 0.01 0 7.56744 0.01
r 24 0.01 0 7.33388 0.01
r 26 0.01 0 7.16337 0.01
r 28 0.01 0 6.99756 0.01
r 30 0.01 0 6.72044 0.01
r 32 0.01 0 6.45101 0.01
r 34 0.01 0 6.20778 0.01
r 36 0.01 0 5.97343 0.01
r 38 0.01 0 5.77218 0.01
r 40 0.01 0 5.55974 0.01
r 42 0.01 0 5.27077 0.01
r 44 0.01 0 4.92773 0.01
r 46 0.01 0 4.64395 0.01
r 48 0.01 0 4.41692 0.01
r 50 0.01 0 4.1903 0.01
r 52 0.01 0 3.93242 0.01
r 54 0.01 0 3.64682 0.01
r 56 0.01 0 2.97969 0.01
r 58 0.01 0 1.8817 0.01
r 60 0.01 0 1.32723 0.01
r 62 0.01 0 1.88171 0.01
r 64 0.01 0 2.97972 0.01
r 66 0.01 0 3.75294 0.01
r 68 0.01 0 4.0885 0.01
r 70 0.01 0 4.33916 0.01
r 72 0.01 0 4.62564 0.01
r 74 0.01 0 4.94476 0.01
r 76 0.01 0 5.22189 0.01
r 78 0.01 0 5.58348 0.01
r 80 0.01 0 5.86136 0.01
r 20 0.01 6 11.6421 0.01
r 22 0.01 6 11.2156 0.01
r 24 0.01 6 10.812 0.01
r 26 0.01 6 10.4475 0.01
r 28 0.01 6 10.0309 0.01
r 30 0.01 6 9.57709 0.01
r 32 0.01 6 9.14688 0.01
r 34 0.01 6 8.72314 0.01
r 36 0.01 6 8.30749 0.01
r 38 0.01 6 7.88262 0.01
r 40 0.01 6 7.42957 0.01
r 42 0.01 6 6.90456 0.01
r 44 0.01 6 6.37742 0.01
r 46 0.01 6 6.05553 0.01
r 48 0.01 6 5.52493 0.01
r 50 0.01 6 5.03961 0.01
r 52 0.01 6 4.53763 0.01
r 54 0.01 6 4.06859 0.01
r 56 0.01 6 3.47912 0.01
r 58 0.01 6 3.08169 0.01
r 60 0.01 6 2.93097 0.01
r 62 0.01 6 3.15189 0.01
r 64 0.01 6 3.61515 0.01
r 66 0.01 6 4.16919 0.01
r 68 0.01 6 4.76473 0.01
r 70 0.01 6 5.26025 0.01
r 72 0.01 6 5.8079 0.01
r 74 0.01 6 6.2725 0.01
r 76 0.01 6 6.7745 0.01
r 78 0.01 6 7.11052 0.01
r 80 0.01 6 7.6183 0.01
r 20 0.01 7 8.50557 0.01
r 22 0.01 7 8.24771 0.01
r 24 0.01 7 8.00449 0.01
r 26 0.01 7 7.83242 0.01
r 28 0.01 7 7.68384 0.01
r 30 0.01 7 7.43389 0.01
r 32 0.01 7 7.14086 0.01
r 34 0.01 7 6.8977 0.01
r 36 0.01 7 6.64971 0.01
r 38 0.01 7 6.45684 0.01
r 40 0.01 7 6.24952 0.01
r 42 0.01 7 6.01512 0.01
r 44 0.01 7 5.67617 0.01
r 46 0.01 7 5.34297 0.01
r 48 0.01 7 5.11947 0.01
r 50 0.01 7 4.89367 0.01
r 52 0.01 7 4.66014 0.01
r 54 0.01 7 4.38132 0.01
r 56 0.01 7 4.0803 0.01
r 58 0.01 7 3.64451 0.01
r 60 0.01 7 3.471 0.01
r 62 0.01 7 3.70043 0.01
r 64 0.01 7 4.22584 0.01
r 66 0.01 7 4.54556 0.01
r 68 0.01 7 4.77027 0.01
r 70 0.01 7 5.04284 0.01
r 72 0.01 7 5.35321 0.01
r 74 0.01 7 5.64553 0.01
r 76 0.01 7 5.94684 0.01
r 78 0.01 7 6.34765 0.01
r 80 0.01 7 6.52198 0.01
r 20 0.01 8 12.2589 0.01
r 22 0.01 8 11.8343 0.01
r 24 0.01 8 11.4274 0.01
r 26 0.01 8 11.059 0.01
r 28 0.01 8 10.6401 0.01
r 30 0.01 8 10.184 0.01
r 32 0.01 8 9.77312 0.01
r 34 0.01 8 9.34588 0.01
r 36 0.01 8 8.94574 0.01
r 38 0.01 8 8.49931 0.01
r 40 0.01 8 8.05933 0.01
r 42 0.01 8 7.53637 0.01
r 44 0.01 8 7.00533 0.01
r 46 0.01 8 6.54578 0.01
r 48 0.01 8 6.09282 0.01
r 50 0.01 8 5.65281 0.01
r 52 0.01 8 5.15752 0.01
r 54 0.01 8 4.68628 0.01
r 56 0.01 8 4.2177 0.01
r 58 0.01 8 3.81203 0.01
r 60 0.01 8 3.47259 0.01
r 62 0.01 8 3.79273 0.01
r 64 0.01 8 4.37089 0.01
r 66 0.01 8 4.86758 0.01
r 68 0.01 8 5.50469 0.01
r 70 0.01 8 6.05512 0.01
r 72 0.01 8 6.59717 0.01
r 74 0.01 8 7.08729 0.01
r 76 0.01 8 7.62717 0.01
r 78 0.01 8 7.742 0.01
r 80 0.01 8 8.25587 0.01
s 70 2 124
r 20 0.01 0 9.14855 0.01
r 22 0.01 0 8.91743 0.01
r 24 0.01 0 8.69927 0.01
r 26 0.01 0 8.5417 0.01
r 28 0.01 0 8.39469 0.01
r 30 0.01 0 8.13894 0.01
r 32 0.01 0 7.86913 0.01
r 34 0.01 0 7.63124 0.01
r 36 0.01 0 7.40866 0.01
r 38 0.01 0 7.22063 0.01
r 40 0.01 0 7.02115 0.01
r 42 0.01 0 6.75347 0.01
r 44 0.01 0 6.42611 0.01
r 46 0.01 0 6.14714 0.01
r 48 0.01 0 5.92621 0.01
r 50 0.01 0 5.70751 0.01
r 52 0.01 0 5.46425 0.01
r 54 0.01 0 5.18567 0.01
r 56 0.01 0 4.86891 0.01
r 58 0.01 0 4.57891 0.01
r 60 0.01 0 4.35454 0.01
r 62 0.01 0 4.18641 0.01
r 64 0.01 0 3.76214 0.01
r 66 0.01 0 2.98026 0.01
r 68 0.01 0 1.88207 0.01
r 70 0.01 0 1.32748 0.01
r 72 0.01 0 1.88206 0.01
r 74 0.01 0 2.98023 0.01
r 76 0.01 0 3.75484 0.01
r 78 0.01 0 4.28712 0.01
r 80 0.01 0 4.57561 0.01
r 20 0.01 6 13.8554 0.01
r 22 0.01 6 13.4552 0.01
r 24 0.01 6 13.0779 0.01
r 26 0.01 6 12.7321 0.01
r 28 0.01 6 12.34 0.01
r 30 0.01 6 11.8992 0.01
r 32 0.01 6 11.4837 0.01
r 34 0.01 6 11.0704 0.01
r 36 0.01 6 10.6783 0.01
r 38 0.01 6 10.2816 0.01
r 40 0.01 6 9.8597 0.01
r 42 0.01 6 9.36141 0.01
r 44 0.01 6 8.85469 0.01
r 46 0.01 6 8.41084 0.01
r 48 0.01 6 7.96575 0.01
r 50 0.01 6 7.52036 0.01
r 52 0.01 6 7.04323 0.01
r 54 0.01 6 6.55617 0.01
r 56 0.01 6 6.17818 0.01
r 58 0.01 6 5.68072 0.01
r 60 0.01 6 5.23581 0.01
r 62 0.01 6 4.69479 0.01
r 64 0.01 6 4.17248 0.01
r 66 0.01 6 3.67768 0.01
r 68 0.01 6 3.34946 0.01
r 70 0.01 6 3.19937 0.01
r 72 0.01 6 3.37359 0.01
r 74 0.01 6 3.75954 0.01
r 76 0.01 6 4.29999 0.01
r 78 0.01 6 4.73138 0.01
r 80 0.01 6 5.25062 0.01
r 20 0.01 7 9.91818 0.01
r 22 0.01 7 9.68672 0.01
r 24 0.01 7 9.45954 0.01
r 26 0.01 7 9.29574 0.01
r 28 0.01 7 9.1739 0.01
r 30 0.01 7 8.94606 0.01
r 32 0.01 7 8.65857 0.01
r 34 0.01 7 8.42585 0.01
r 36 0.01 7 8.18779 0.01
r 38 0.01 7 8.00295 0.01
r 40 0.01 7 7.80582 0.01
r 42 0.01 7 7.59149 0.01
r 44 0.01 7 7.27495 0.01
r 46 0.01 7 6.94225 0.01
r 48 0.01 7 6.72365 0.01
r 50 0.01 7 6.50642 0.01
r 52 0.01 7 6.2827 0.01
r 54 0.01 7 6.01282 0.01
r 56 0.01 7 5.72807 0.01
r 58 0.01 7 5.4044 0.01
r 60 0.01 7 5.14745 0.01
r 62 0.01 7 5.00068 0.01
r 64 0.01 7 4.77503 0.01
r 66 0.01 7 4.43587 0.01
r 68 0.01 7 3.98809 0.01
r 70 0.01 7 3.837 0.01
r 72 0.01 7 4.02086 0.01
r 74 0.01 7 4.45616 0.01
r 76 0.01 7 4.7624 0.01
r 78 0.01 7 5.14321 0.01
r 80 0.01 7 5.37382 0.01
r 20 0.01 8 14.558 0.01
r 22 0.01 8 14.1665 0.01
r 24 0.01 8 13.7895 0.01
r 26 0.01 8 13.4482 0.01
r 28 0.01 8 13.0809 0.01
r 30 0.01 8 12.623 0.01
r 32 0.01 8 12.2236 0.01
r 34 0.01 8 11.8107 0.01
r 36 0.01 8 11.4133 0.01
r 38 0.01 8 11.0103 0.01
r 40 0.01 8 10.5899 0.01
r 42 0.01 8 10.1091 0.01
r 44 0.01 8 9.59842 0.01
r 46 0.01 8 9.15395 0.01
r 48 0.01 8 8.71677 0.01
r 50 0.01 8 8.27131 0.01
r 52 0.01 8 7.79424 0.01
r 54 0.01 8 7.31852 0.01
r 56 0.01 8 7.11128 0.01
r 58 0.01 8 6.6293 0.01
r 60 0.01 8 7.51771 0.01
r 62 0.01 8 5.43899 0.01
r 64 0.01 8 4.93961 0.01
r 66 0.01 8 4.50917 0.01
r 68 0.01 8 4.01242 0.01
r 70 0.01 8 3.83797 0.01
r 72 0.01 8 4.14165 0.01
r 74 0.01 8 4.62965 0.01
r 76 0.01 8 5.06554 0.01
r 78 0.01 8 5.50595 0.01
r 80 0.01 8 5.99784 0.01
