5
s 30 2 124
r 20 0.01 0 3.70121 0.01
r 22 0.01 0 3.42146 0.01
r 24 0.01 0 3.16408 0.01
r 26 0.01 0 2.98005 0.01
r 28 0.01 0 1.88193 0.01
r 30 0.01 0 1.32739 0.01
r 32 0.01 0 1.88195 0.01
r 34 0.01 0 2.9801 0.01
r 36 0.01 0 3.27359 0.01
r 38 0.01 0 3.5977 0.01
r 40 0.01 0 3.96062 0.01
r 42 0.01 0 4.30917 0.01
r 44 0.01 0 4.59854 0.01
r 46 0.01 0 4.80975 0.01
r 48 0.01 0 5.07586 0.01
r 50 0.01 0 5.38479 0.01
r 52 0.01 0 5.69353 0.01
r 54 0.01 0 5.99092 0.01
r 56 0.01 0 6.25461 0.01
r 58 0.01 0 6.48598 0.01
r 60 0.01 0 6.7269 0.01
r 62 0.01 0 7.006 0.01
r 64 0.01 0 7.36073 0.01
r 66 0.01 0 7.68594 0.01
r 68 0.01 0 7.89999 0.01
r 70 0.01 0 8.149 0.01
r 72 0.01 0 8.39309 0.01
r 74 0.01 0 8.64823 0.01
r 76 0.01 0 8.88543 0.01
r 78 0.01 0 9.18703 0.01
r 80 0.01 0 9.40913 0.01
r 20 0.01 6 4.54283 0.01
r 22 0.01 6 4.20666 0.01
r 24 0.01 6 3.78879 0.01
r 26 0.01 6 3.39525 0.01
r 28 0.01 6 2.84062 0.01
r 30 0.01 6 2.66013 0.01
r 32 0.01 6 2.80496 0.01
r 34 0.01 6 3.20634 0.01
r 36 0.01 6 3.68592 0.01
r 38 0.01 6 4.16984 0.01
r 40 0.01 6 4.69966 0.01
r 42 0.01 6 5.22612 0.01
r 44 0.01 6 5.7607 0.01
r 46 0.01 6 6.17623 0.01
r 48 0.01 6 6.60359 0.01
r 50 0.01 6 7.10632 0.01
r 52 0.01 6 7.60677 0.01
r 54 0.01 6 8.10392 0.01
r 56 0.01 6 8.57822 0.01
r 58 0.01 6 9.0422 0.01
r 60 0.01 6 9.47686 0.01
r 62 0.01 6 9.93509 0.01
r 64 0.01 6 10.4418 0.01
r 66 0.01 6 10.9632 0.01
r 68 0.01 6 11.4489 0.01
r 70 0.01 6 11.8843 0.01
r 72 0.01 6 12.2952 0.01
r 74 0.01 6 12.6936 0.01
r 76 0.01 6 13.0773 0.01
r 78 0.01 6 13.4885 0.01
r 80 0.01 6 13.9002 0.01
r 20 0.01 7 4.35571 0.01
r 22 0.01 7 4.07218 0.01
r 24 0.01 7 3.80078 0.01
r 26 0.01 7 3.5979 0.01
r 28 0.01 7 3.43765 0.01
r 30 0.01 7 3.14474 0.01
r 32 0.01 7 3.37122 0.01
r 34 0.01 7 3.66488 0.01
r 36 0.01 7 3.96155 0.01
r 38 0.01 7 4.31612 0.01
r 40 0.01 7 4.67696 0.01
r 42 0.01 7 5.01423 0.01
r 44 0.01 7 5.24823 0.01
r 46 0.01 7 5.45373 0.01
r 48 0.01 7 5.76217 0.01
r 50 0.01 7 6.07181 0.01
r 52 0.01 7 6.37344 0.01
r 54 0.01 7 6.6361 0.01
r 56 0.01 7 6.89681 0.01
r 58 0.01 7 7.12607 0.01
r 60 0.01 7 7.3797 0.01
r 62 0.01 7 7.7154 0.01
r 64 0.01 7 8.06099 0.01
r 66 0.01 7 8.33066 0.01
r 68 0.01 7 8.54489 0.01
r 70 0.01 7 8.79131 0.01
r 72 0.01 7 9.06094 0.01
r 74 0.01 7 9.28545 0.01
r 76 0.01 7 9.549 0.01
r 78 0.01 7 9.8552 0.01
r 80 0.01 7 10.0308 0.01
r 20 0.01 8 5.12982 0.01
r 22 0.01 8 5.19499 0.01
r 24 0.01 8 4.72432 0.01
r 26 0.01 8 3.90065 0.01
r 28 0.01 8 3.50816 0.01
r 30 0.01 8 3.15197 0.01
r 32 0.01 8 3.49385 0.01
r 34 0.01 8 3.851 0.01
r 36 0.01 8 4.24042 0.01
r 38 0.01 8 4.72909 0.01
r 40 0.01 8 5.25582 0.01
r 42 0.01 8 5.78479 0.01
r 44 0.01 8 6.30268 0.01
r 46 0.01 8 6.72193 0.01
r 48 0.01 8 7.15042 0.01
r 50 0.01 8 7.65562 0.01
r 52 0.01 8 8.16087 0.01
r 54 0.01 8 8.66671 0.01
r 56 0.01 8 9.12835 0.01
r 58 0.01 8 9.58957 0.01
r 60 0.01 8 10.0134 0.01
r 62 0.01 8 10.4701 0.01
r 64 0.01 8 10.9847 0.01
r 66 0.01 8 11.4971 0.01
r 68 0.01 8 11.994 0.01
r 70 0.01 8 12.4207 0.01
r 72 0.01 8 12.8171 0.01
r 74 0.01 8 13.2158 0.01
r 76 0.01 8 13.5973 0.01
r 78 0.01 8 14.0182 0.01
r 80 0.01 8 14.4235 0.01
s 40 2 124
r 20 0.01 0 5.18787 0.01
r 22 0.01 0 4.92375 0.01
r 24 0.01 0 4.66585 0.01
r 26 0.01 0 4.4761 0.01
r 28 0.01 0 4.28111 0.01
r 30 0.01 0 3.96453 0.01
r 32 0.01 0 3.6541 0.01
r 34 0.01 0 3.36256 0.01
r 36 0.01 0 2.98213 0.01
r 38 0.01 0 1.88327 0.01
r 40 0.01 0 1.32835 0.01
r 42 0.01 0 1.88327 0.01
r 44 0.01 0 2.98212 0.01
r 46 0.01 0 3.50655 0.01
r 48 0.01 0 3.78684 0.01
r 50 0.01 0 4.1243 0.01
r 52 0.01 0 4.45564 0.01
r 54 0.01 0 4.77624 0.01
r 56 0.01 0 5.05505 0.01
r 58 0.01 0 5.2997 0.01
r 60 0.01 0 5.55121 0.01
r 62 0.01 0 5.84134 0.01
r 64 0.01 0 6.20903 0.01
r 66 0.01 0 6.54912 0.01
r 68 0.01 0 6.77101 0.01
r 70 0.01 0 7.01239 0.01
r 72 0.01 0 7.28679 0.01
r 74 0.01 0 7.58095 0.01
r 76 0.01 0 7.83873 0.01
r 78 0.01 0 8.17129 0.01
r 80 0.01 0 8.40611 0.01
r 20 0.01 6 6.94785 0.01
r 22 0.01 6 6.48667 0.01
r 24 0.01 6 6.05624 0.01
r 26 0.01 6 5.9452 0.01
r 28 0.01 6 5.22345 0.01
r 30 0.01 6 4.70436 0.01
r 32 0.01 6 4.22742 0.01
r 34 0.01 6 3.75613 0.01
r 36 0.01 6 3.32269 0.01
r 38 0.01 6 2.95232 0.01
r 40 0.01 6 2.83118 0.01
r 42 0.01 6 3.04588 0.01
r 44 0.01 6 3.69349 0.01
r 46 0.01 6 4.10396 0.01
r 48 0.01 6 4.45676 0.01
r 50 0.01 6 4.92635 0.01
r 52 0.01 6 5.37714 0.01
r 54 0.01 6 5.89196 0.01
r 56 0.01 6 6.37864 0.01
r 58 0.01 6 6.85479 0.01
r 60 0.01 6 7.29497 0.01
r 62 0.01 6 7.76351 0.01
r 64 0.01 6 8.28132 0.01
r 66 0.01 6 8.80886 0.01
r 68 0.01 6 9.30381 0.01
r 70 0.01 6 9.7398 0.01
r 72 0.01 6 10.1977 0.01
r 74 0.01 6 10.6841 0.01
r 76 0.01 6 11.1525 0.01
r 78 0.01 6 11.6317 0.01
r 80 0.01 6 12.0474 0.01
r 20 0.01 7 5.96779 0.01
r 22 0.01 7 5.70181 0.01
r 24 0.01 7 5.44412 0.01
r 26 0.01 7 5.24529 0.01
r 28 0.01 7 5.08313 0.01
r 30 0.01 7 4.79562 0.01
r 32 0.01 7 4.46409 0.01
r 34 0.01 7 4.17791 0.01
r 36 0.01 7 3.89612 0.01
r 38 0.01 7 3.66618 0.01
r 40 0.01 7 3.44262 0.01
r 42 0.01 7 3.66816 0.01
r 44 0.01 7 4.04049 0.01
r 46 0.01 7 4.26546 0.01
r 48 0.01 7 4.59263 0.01
r 50 0.01 7 4.93183 0.01
r 52 0.01 7 5.26619 0.01
r 54 0.01 7 5.55396 0.01
r 56 0.01 7 5.82776 0.01
r 58 0.01 7 6.05258 0.01
r 60 0.01 7 6.31779 0.01
r 62 0.01 7 6.65812 0.01
r 64 0.01 7 7.01398 0.01
r 66 0.01 7 7.30479 0.01
r 68 0.01 7 7.52197 0.01
r 70 0.01 7 7.78275 0.01
r 72 0.01 7 8.08366 0.01
r 74 0.01 7 8.34622 0.01
r 76 0.01 7 8.60737 0.01
r 78 0.01 7 8.92748 0.01
r 80 0.01 7 9.13203 0.01
r 20 0.01 8 7.64274 0.01
r 22 0.01 8 7.18557 0.01
r 24 0.01 8 6.7817 0.01
r 26 0.01 8 6.87438 0.01
r 28 0.01 8 5.90608 0.01
r 30 0.01 8 5.39109 0.01
r 32 0.01 8 4.91764 0.01
r 34 0.01 8 4.46116 0.01
r 36 0.01 8 4.13304 0.01
r 38 0.01 8 3.78722 0.01
r 40 0.01 8 3.44392 0.01
r 42 0.01 8 3.78695 0.01
r 44 0.01 8 4.27696 0.01
r 46 0.01 8 4.66731 0.01
r 48 0.01 8 5.39995 0.01
r 50 0.01 8 5.96908 0.01
r 52 0.01 8 6.53314 0.01
r 54 0.01 8 6.59909 0.01
r 56 0.01 8 7.07523 0.01
r 58 0.01 8 7.54909 0.01
r 60 0.01 8 7.97777 0.01
r 62 0.01 8 8.44602 0.01
r 64 0.01 8 8.99388 0.01
r 66 0.01 8 9.48548 0.01
r 68 0.01 8 9.99787 0.01
r 70 0.01 8 10.4238 0.01
r 72 0.01 8 10.8874 0.01
r 74 0.01 8 11.3914 0.01
r 76 0.01 8 11.8414 0.01
r 78 0.01 8 12.2842 0.01
r 80 0.01 8 12.7048 0.01
s 50 2 124
r 20 0.01 0 6.51759 0.01
r 22 0.01 0 6.26479 0.01
r 24 0.01 0 6.02608 0.01
r 26 0.01 0 5.8471 0.01
r 28 0.01 0 5.67493 0.01
r 30 0.01 0 5.38334 0.01
r 32 0.01 0 5.10487 0.01
r 34 0.01 0 4.83924 0.01
r 36 0.01 0 4.59109 0.01
r 38 0.01 0 4.37077 0.01
r 40 0.01 0 4.14295 0.01
r 42 0.01 0 3.83004 0.01
r 44 0.01 0 3.47407 0.01
r 46 0.01 0 2.97953 0.01
r 48 0.01 0 1.88158 0.01
r 50 0.01 0 1.32713 0.01
r 52 0.01 0 1.88157 0.01
r 54 0.01 0 2.97948 0.01
r 56 0.01 0 3.66578 0.01
r 58 0.01 0 3.92504 0.01
r 60 0.01 0 4.18104 0.01
r 62 0.01 0 4.4782 0.01
r 64 0.01 0 4.86378 0.01
r 66 0.01 0 5.22232 0.01
r 68 0.01 0 5.44929 0.01
r 70 0.01 0 5.69864 0.01
r 72 0.01 0 5.97817 0.01
r 74 0.01 0 6.29138 0.01
r 76 0.01 0 6.55735 0.01
r 78 0.01 0 6.90584 0.01
r 80 0.01 0 7.1678 0.01
r 20 0.01 6 9.2747 0.01
r 22 0.01 6 8.83367 0.01
r 24 0.01 6 8.41718 0.01
r 26 0.01 6 8.04408 0.01
r 28 0.01 6 7.60473 0.01
r 30 0.01 6 7.10557 0.01
r 32 0.01 6 6.63939 0.01
r 34 0.01 6 6.18589 0.01
r 36 0.01 6 5.8821 0.01
r 38 0.01 6 5.46626 0.01
r 40 0.01 6 4.95068 0.01
r 42 0.01 6 4.3553 0.01
r 44 0.01 6 3.8309 0.01
r 46 0.01 6 3.40104 0.01
r 48 0.01 6 3.04848 0.01
r 50 0.01 6 2.92716 0.01
r 52 0.01 6 3.1248 0.01
r 54 0.01 6 3.56489 0.01
r 56 0.01 6 4.09436 0.01
r 58 0.01 6 4.58633 0.01
r 60 0.01 6 4.971 0.01
r 62 0.01 6 5.43928 0.01
r 64 0.01 6 5.95804 0.01
r 66 0.01 6 6.4966 0.01
r 68 0.01 6 7.06531 0.01
r 70 0.01 6 7.44052 0.01
r 72 0.01 6 7.90142 0.01
r 74 0.01 6 8.38632 0.01
r 76 0.01 6 8.86534 0.01
r 78 0.01 6 9.34638 0.01
r 80 0.01 6 9.84722 0.01
r 20 0.01 7 7.26193 0.01
r 22 0.01 7 7.01278 0.01
r 24 0.01 7 6.75964 0.01
r 26 0.01 7 6.57563 0.01
r 28 0.01 7 6.42259 0.01
r 30 0.01 7 6.15784 0.01
r 32 0.01 7 5.85156 0.01
r 34 0.01 7 5.59503 0.01
r 36 0.01 7 5.33582 0.01
r 38 0.01 7 5.12408 0.01
r 40 0.01 7 4.90604 0.01
r 42 0.01 7 4.65389 0.01
r 44 0.01 7 4.3134 0.01
r 46 0.01 7 3.95548 0.01
r 48 0.01 7 3.72562 0.01
r 50 0.01 7 3.49872 0.01
r 52 0.01 7 3.714 0.01
r 54 0.01 7 4.13774 0.01
r 56 0.01 7 4.42119 0.01
r 58 0.01 7 4.65222 0.01
r 60 0.01 7 4.92843 0.01
r 62 0.01 7 5.26417 0.01
r 64 0.01 7 5.65033 0.01
r 66 0.01 7 5.95736 0.01
r 68 0.01 7 6.18062 0.01
r 70 0.01 7 6.44327 0.01
r 72 0.01 7 6.73953 0.01
r 74 0.01 7 7.02984 0.01
r 76 0.01 7 7.32836 0.01
r 78 0.01 7 7.65708 0.01
r 80 0.01 7 7.87452 0.01
r 20 0.01 8 9.9388 0.01
r 22 0.01 8 9.47986 0.01
r 24 0.01 8 9.07719 0.01
r 26 0.01 8 8.72736 0.01
r 28 0.01 8 8.25922 0.01
r 30 0.01 8 7.76582 0.01
r 32 0.01 8 7.30218 0.01
r 34 0.01 8 6.83872 0.01
r 36 0.01 8 6.41845 0.01
r 38 0.01 8 6.50229 0.01
r 40 0.01 8 5.56919 0.01
r 42 0.01 8 5.01941 0.01
r 44 0.01 8 4.53162 0.01
r 46 0.01 8 4.17377 0.01
r 48 0.01 8 3.85023 0.01
r 50 0.01 8 3.50665 0.01
r 52 0.01 8 3.83027 0.01
r 54 0.01 8 4.30085 0.01
r 56 0.01 8 4.74021 0.01
r 58 0.01 8 5.24909 0.01
r 60 0.01 8 7.05881 0.01
r 62 0.01 8 6.59557 0.01
r 64 0.01 8 6.6511 0.01
r 66 0.01 8 7.15312 0.01
r 68 0.01 8 8.09406 0.01
r 70 0.01 8 8.48794 0.01
r 72 0.01 8 8.57771 0.01
r 74 0.01 8 9.10216 0.01
r 76 0.01 8 9.53259 0.01
r 78 0.01 8 10.0002 0.01
r 80 0.01 8 10.5103 0.01
s 60 2 124
r 20 0.01 0 7.81229 0.01
r 22 0.01 0 7.56744 0.01
r 24 0.01 0 7.33388 0.01
r 26 0.01 0 7.16337 0.01
r 28 0.01 0 6.99756 0.01
r 30 0.01 0 6.72044 0.01
r 32 0.01 0 6.45101 0.01
r 34 0.01 0 6.20778 0.01
r 36 0.01 0 5.97343 0.01
r 38 0.01 0 5.77218 0.01
r 40 0.01 0 5.55974 0.01
r 42 0.01 0 5.27077 0.01
r 44 0.01 0 4.92773 0.01
r 46 0.01 0 4.64395 0.01
r 48 0.01 0 4.41692 0.01
r 50 0.01 0 4.1903 0.01
r 52 0.01 0 3.93242 0.01
r 54 0.01 0 3.64682 0.01
r 56 0.01 0 2.97969 0.01
r 58 0.01 0 1.8817 0.01
r 60 0.01 0 1.32723 0.01
r 62 0.01 0 1.88171 0.01
r 64 0.01 0 2.97972 0.01
r 66 0.01 0 3.75294 0.01
r 68 0.01 0 4.0885 0.01
r 70 0.01 0 4.33916 0.01
r 72 0.01 0 4.62564 0.01
r 74 0.01 0 4.94476 0.01
r 76 0.01 0 5.22189 0.01
r 78 0.01 0 5.58348 0.01
r 80 0.01 0 5.86136 0.01
r 20 0.01 6 11.5468 0.01
r 22 0.01 6 11.1261 0.01
r 24 0.01 6 10.7244 0.01
r 26 0.01 6 10.3623 0.01
r 28 0.01 6 9.94147 0.01
r 30 0.01 6 9.46406 0.01
r 32 0.01 6 9.01172 0.01
r 34 0.01 6 8.5629 0.01
r 36 0.01 6 8.14451 0.01
r 38 0.01 6 7.73155 0.01
r 40 0.01 6 7.30764 0.01
r 42 0.01 6 6.96198 0.01
r 44 0.01 6 6.46687 0.01
r 46 0.01 6 6.05483 0.01
r 48 0.01 6 5.50547 0.01
r 50 0.01 6 5.00607 0.01
r 52 0.01 6 4.52197 0.01
r 54 0.01 6 4.0619 0.01
r 56 0.01 6 3.4767 0.01
r 58 0.01 6 3.09519 0.01
r 60 0.01 6 2.93092 0.01
r 62 0.01 6 3.15409 0.01
r 64 0.01 6 3.61796 0.01
r 66 0.01 6 4.17205 0.01
r 68 0.01 6 4.74191 0.01
r 70 0.01 6 5.19944 0.01
r 72 0.01 6 5.75426 0.01
r 74 0.01 6 6.21902 0.01
r 76 0.01 6 6.77196 0.01
r 78 0.01 6 7.196 0.01
r 80 0.01 6 7.58022 0.01
r 20 0.01 7 8.53887 0.01
r 22 0.01 7 8.2829 0.01
r 24 0.01 7 8.03966 0.01
r 26 0.01 7 7.86751 0.01
r 28 0.01 7 7.719 0.01
r 30 0.01 7 7.46909 0.01
r 32 0.01 7 7.17607 0.01
r 34 0.01 7 6.93289 0.01
r 36 0.01 7 6.68488 0.01
r 38 0.01 7 6.49119 0.01
r 40 0.01 7 6.28454 0.01
r 42 0.01 7 6.04923 0.01
r 44 0.01 7 5.70869 0.01
r 46 0.01 7 5.37762 0.01
r 48 0.01 7 5.1544 0.01
r 50 0.01 7 4.92921 0.01
r 52 0.01 7 4.69958 0.01
r 54 0.01 7 4.41628 0.01
r 56 0.01 7 4.11583 0.01
r 58 0.01 7 3.68006 0.01
r 60 0.01 7 3.50607 0.01
r 62 0.01 7 3.73444 0.01
r 64 0.01 7 4.26068 0.01
r 66 0.01 7 4.58047 0.01
r 68 0.01 7 4.80518 0.01
r 70 0.01 7 5.07752 0.01
r 72 0.01 7 5.3865 0.01
r 74 0.01 7 5.6802 0.01
r 76 0.01 7 5.98142 0.01
r 78 0.01 7 6.36947 0.01
r 80 0.01 7 6.55688 0.01
r 20 0.01 8 12.2035 0.01
r 22 0.01 8 11.7747 0.01
r 24 0.01 8 11.3801 0.01
r 26 0.01 8 11.0218 0.01
r 28 0.01 8 10.5888 0.01
r 30 0.01 8 10.1126 0.01
r 32 0.01 8 9.66391 0.01
r 34 0.01 8 9.21715 0.01
r 36 0.01 8 8.81616 0.01
r 38 0.01 8 8.38393 0.01
r 40 0.01 8 7.96015 0.01
r 42 0.01 8 7.45083 0.01
r 44 0.01 8 6.93767 0.01
r 46 0.01 8 9.12817 0.01
r 48 0.01 8 8.52064 0.01
r 50 0.01 8 5.64625 0.01
r 52 0.01 8 5.15199 0.01
r 54 0.01 8 4.66171 0.01
r 56 0.01 8 4.2035 0.01
r 58 0.01 8 3.84494 0.01
r 60 0.01 8 3.50752 0.01
r 62 0.01 8 3.74814 0.01
r 64 0.01 8 4.3863 0.01
r 66 0.01 8 4.86514 0.01
r 68 0.01 8 5.52886 0.01
r 70 0.01 8 5.93646 0.01
r 72 0.01 8 6.52355 0.01
r 74 0.01 8 7.04143 0.01
r 76 0.01 8 7.54788 0.01
r 78 0.01 8 8.02589 0.01
r 80 0.01 8 8.57372 0.01
s 70 2 124
r 20 0.01 0 9.14855 0.01
r 22 0.01 0 8.91743 0.01
r 24 0.01 0 8.69927 0.01
r 26 0.01 0 8.5417 0.01
r 28 0.01 0 8.39469 0.01
r 30 0.01 0 8.13894 0.01
r 32 0.01 0 7.86913 0.01
r 34 0.01 0 7.63124 0.01
r 36 0.01 0 7.40866 0.01
r 38 0.01 0 7.22063 0.01
r 40 0.01 0 7.02115 0.01
r 42 0.01 0 6.75347 0.01
r 44 0.01 0 6.42611 0.01
r 46 0.01 0 6.14714 0.01
r 48 0.01 0 5.92621 0.01
r 50 0.01 0 5.70751 0.01
r 52 0.01 0 5.46425 0.01
r 54 0.01 0 5.18567 0.01
r 56 0.01 0 4.86891 0.01
r 58 0.01 0 4.57891 0.01
r 60 0.01 0 4.35454 0.01
r 62 0.01 0 4.18641 0.01
r 64 0.01 0 3.76214 0.01
r 66 0.01 0 2.98026 0.01
r 68 0.01 0 1.88207 0.01
r 70 0.01 0 1.32748 0.01
r 72 0.01 0 1.88206 0.01
r 74 0.01 0 2.98023 0.01
r 76 0.01 0 3.75484 0.01
r 78 0.01 0 4.28712 0.01
r 80 0.01 0 4.57561 0.01
r 20 0.01 6 13.7611 0.01
r 22 0.01 6 13.3813 0.01
r 24 0.01 6 13.0201 0.01
r 26 0.01 6 12.6898 0.01
r 28 0.01 6 12.3395 0.01
r 30 0.01 6 11.8706 0.01
r 32 0.01 6 11.4276 0.01
r 34 0.01 6 10.9843 0.01
r 36 0.01 6 10.5741 0.01
r 38 0.01 6 10.1652 0.01
r 40 0.01 6 9.74617 0.01
r 42 0.01 6 9.23891 0.01
r 44 0.01 6 8.73704 0.01
r 46 0.01 6 8.3685 0.01
r 48 0.01 6 7.97326 0.01
r 50 0.01 6 7.53924 0.01
r 52 0.01 6 7.09356 0.01
r 54 0.01 6 6.61679 0.01
r 56 0.01 6 6.11146 0.01
r 58 0.01 6 5.6167 0.01
r 60 0.01 6 5.32665 0.01
r 62 0.01 6 4.67671 0.01
r 64 0.01 6 4.17522 0.01
r 66 0.01 6 3.67588 0.01
r 68 0.01 6 3.34223 0.01
r 70 0.01 6 3.19933 0.01
r 72 0.01 6 3.37029 0.01
r 74 0.01 6 3.75845 0.01
r 76 0.01 6 4.29036 0.01
r 78 0.01 6 4.73205 0.01
r 80 0.01 6 5.23616 0.01
r 20 0.01 7 9.9241 0.01
r 22 0.01 7 9.69264 0.01
r 24 0.01 7 9.46546 0.01
r 26 0.01 7 9.30166 0.01
r 28 0.01 7 9.17958 0.01
r 30 0.01 7 8.95142 0.01
r 32 0.01 7 8.66549 0.01
r 34 0.01 7 8.43143 0.01
r 36 0.01 7 8.19361 0.01
r 38 0.01 7 8.00877 0.01
r 40 0.01 7 7.81165 0.01
r 42 0.01 7 7.59724 0.01
r 44 0.01 7 7.27957 0.01
r 46 0.01 7 6.94802 0.01
r 48 0.01 7 6.73015 0.01
r 50 0.01 7 6.5127 0.01
r 52 0.01 7 6.28847 0.01
r 54 0.01 7 6.01872 0.01
r 56 0.01 7 5.73314 0.01
r 58 0.01 7 5.41027 0.01
r 60 0.01 7 5.15382 0.01
r 62 0.01 7 5.00658 0.01
r 64 0.01 7 4.77731 0.01
r 66 0.01 7 4.44149 0.01
r 68 0.01 7 3.99297 0.01
r 70 0.01 7 3.84295 0.01
r 72 0.01 7 4.02514 0.01
r 74 0.01 7 4.46188 0.01
r 76 0.01 7 4.76811 0.01
r 78 0.01 7 5.14887 0.01
r 80 0.01 7 5.37949 0.01
r 20 0.01 8 14.4625 0.01
r 22 0.01 8 14.0856 0.01
r 24 0.01 8 13.726 0.01
r 26 0.01 8 13.3955 0.01
r 28 0.01 8 13.0273 0.01
r 30 0.01 8 12.6169 0.01
r 32 0.01 8 12.207 0.01
r 34 0.01 8 11.7294 0.01
r 36 0.01 8 11.3219 0.01
r 38 0.01 8 10.9056 0.01
r 40 0.01 8 10.4865 0.01
r 42 0.01 8 9.98824 0.01
r 44 0.01 8 9.47158 0.01
r 46 0.01 8 9.05257 0.01
r 48 0.01 8 8.62298 0.01
r 50 0.01 8 8.19178 0.01
r 52 0.01 8 7.71253 0.01
r 54 0.01 8 7.58967 0.01
r 56 0.01 8 7.0532 0.01
r 58 0.01 8 6.57447 0.01
r 60 0.01 8 7.31727 0.01
r 62 0.01 8 5.41615 0.01
r 64 0.01 8 4.92966 0.01
r 66 0.01 8 4.54701 0.01
r 68 0.01 8 4.14703 0.01
r 70 0.01 8 3.84381 0.01
r 72 0.01 8 4.14631 0.01
r 74 0.01 8 4.6219 0.01
r 76 0.01 8 5.02297 0.01
r 78 0.01 8 5.47096 0.01
r 80 0.01 8 6.00105 0.01
