1
s    50.000     2.000   14
r    50.000     0.010    0     0.000     0.000
r    58.000     0.010    0     0.000     0.000
r    62.000     0.010    0     0.000     0.000
r    66.000     0.010    0     0.000     0.000
r    70.000     0.010    0     0.000     0.000
r    74.000     0.010    0     0.000     0.000
r    78.000     0.010    0     0.000     0.000
r    50.000     0.010    6     0.000     0.000
r    58.000     0.010    6     0.000     0.000
r    62.000     0.010    6     0.000     0.000
r    66.000     0.010    6     0.000     0.000
r    70.000     0.010    6     0.000     0.000
r    74.000     0.010    6     0.000     0.000
r    78.000     0.010    6     0.000     0.000
