5
s    30.000     2.000   17
r     2.000     0.010   10     0.000     0.050
r    10.000     0.010   10     0.000     0.050
r    18.000     0.010   10     0.000     0.050
r    42.000     0.010   10     0.000     0.050
r    50.000     0.010   10     0.000     0.050
r    58.000     0.010   10     0.000     0.050
r    66.000     0.010   10     0.000     0.050
r    74.000     0.010   10     0.000     0.050
r    82.000     0.010   10     0.000     0.050
r    90.000     0.010   10     0.000     0.050
r    98.000     0.010   10     0.000     0.050
r   106.000     0.010   10     0.000     0.050
r   114.000     0.010   10     0.000     0.050
r   122.000     0.010   10     0.000     0.050
r   130.000     0.010   10     0.000     0.050
r   138.000     0.010   10     0.000     0.050
r   146.000     0.010   10     0.000     0.050
s    50.000     2.000   16
r     2.000     0.010   10     0.000     0.050
r    10.000     0.010   10     0.000     0.050
r    18.000     0.010   10     0.000     0.050
r    26.000     0.010   10     0.000     0.050
r    34.000     0.010   10     0.000     0.050
r    66.000     0.010   10     0.000     0.050
r    74.000     0.010   10     0.000     0.050
r    82.000     0.010   10     0.000     0.050
r    90.000     0.010   10     0.000     0.050
r    98.000     0.010   10     0.000     0.050
r   106.000     0.010   10     0.000     0.050
r   114.000     0.010   10     0.000     0.050
r   122.000     0.010   10     0.000     0.050
r   130.000     0.010   10     0.000     0.050
r   138.000     0.010   10     0.000     0.050
r   146.000     0.010   10     0.000     0.050
s    70.000     2.000   17
r     2.000     0.010   10     0.000     0.050
r    10.000     0.010   10     0.000     0.050
r    18.000     0.010   10     0.000     0.050
r    26.000     0.010   10     0.000     0.050
r    34.000     0.010   10     0.000     0.050
r    42.000     0.010   10     0.000     0.050
r    50.000     0.010   10     0.000     0.050
r    58.000     0.010   10     0.000     0.050
r    82.000     0.010   10     0.000     0.050
r    90.000     0.010   10     0.000     0.050
r    98.000     0.010   10     0.000     0.050
r   106.000     0.010   10     0.000     0.050
r   114.000     0.010   10     0.000     0.050
r   122.000     0.010   10     0.000     0.050
r   130.000     0.010   10     0.000     0.050
r   138.000     0.010   10     0.000     0.050
r   146.000     0.010   10     0.000     0.050
s    90.000     2.000   16
r     2.000     0.010   10     0.000     0.050
r    10.000     0.010   10     0.000     0.050
r    18.000     0.010   10     0.000     0.050
r    26.000     0.010   10     0.000     0.050
r    34.000     0.010   10     0.000     0.050
r    42.000     0.010   10     0.000     0.050
r    50.000     0.010   10     0.000     0.050
r    58.000     0.010   10     0.000     0.050
r    66.000     0.010   10     0.000     0.050
r    74.000     0.010   10     0.000     0.050
r   106.000     0.010   10     0.000     0.050
r   114.000     0.010   10     0.000     0.050
r   122.000     0.010   10     0.000     0.050
r   130.000     0.010   10     0.000     0.050
r   138.000     0.010   10     0.000     0.050
r   146.000     0.010   10     0.000     0.050
s   110.000     2.000   17
r     2.000     0.010   10     0.000     0.050
r    10.000     0.010   10     0.000     0.050
r    18.000     0.010   10     0.000     0.050
r    26.000     0.010   10     0.000     0.050
r    34.000     0.010   10     0.000     0.050
r    42.000     0.010   10     0.000     0.050
r    50.000     0.010   10     0.000     0.050
r    58.000     0.010   10     0.000     0.050
r    66.000     0.010   10     0.000     0.050
r    74.000     0.010   10     0.000     0.050
r    82.000     0.010   10     0.000     0.050
r    90.000     0.010   10     0.000     0.050
r    98.000     0.010   10     0.000     0.050
r   122.000     0.010   10     0.000     0.050
r   130.000     0.010   10     0.000     0.050
r   138.000     0.010   10     0.000     0.050
r   146.000     0.010   10     0.000     0.050
