5
s 30 2 34
r 2 0.01 7 7.43586 0.01
r 10 0.01 7 6.20047 0.01
r 18 0.01 7 5.16014 0.01
r 42 0.01 7 5.4841 0.01
r 50 0.01 7 6.69899 0.01
r 58 0.01 7 7.93164 0.01
r 66 0.01 7 8.9535 0.01
r 74 0.01 7 9.90249 0.01
r 82 0.01 7 10.9201 0.01
r 90 0.01 7 11.8327 0.01
r 98 0.01 7 12.8453 0.01
r 106 0.01 7 13.8112 0.01
r 114 0.01 7 14.7494 0.01
r 122 0.01 7 15.7056 0.01
r 130 0.01 7 16.7103 0.01
r 138 0.01 7 17.672 0.01
r 146 0.01 7 18.6301 0.01
r 2 0.01 10 9.99127 0.01
r 10 0.01 10 8.7558 0.01
r 18 0.01 10 7.71957 0.01
r 42 0.01 10 8.03425 0.01
r 50 0.01 10 9.25184 0.01
r 58 0.01 10 10.4878 0.01
r 66 0.01 10 11.5047 0.01
r 74 0.01 10 12.4725 0.01
r 82 0.01 10 13.4712 0.01
r 90 0.01 10 14.4225 0.01
r 98 0.01 10 15.4062 0.01
r 106 0.01 10 16.3719 0.01
r 114 0.01 10 17.3011 0.01
r 122 0.01 10 18.2578 0.01
r 130 0.01 10 19.276 0.01
r 138 0.01 10 20.2375 0.01
r 146 0.01 10 21.1956 0.01
s 50 2 32
r 2 0.01 7 10.2474 0.01
r 10 0.01 7 9.24991 0.01
r 18 0.01 7 8.45354 0.01
r 26 0.01 7 7.31067 0.01
r 34 0.01 7 6.14555 0.01
r 66 0.01 7 6.24479 0.01
r 74 0.01 7 7.51886 0.01
r 82 0.01 7 8.73442 0.01
r 90 0.01 7 9.7047 0.01
r 98 0.01 7 10.7082 0.01
r 106 0.01 7 11.7134 0.01
r 114 0.01 7 12.677 0.01
r 122 0.01 7 13.6479 0.01
r 130 0.01 7 14.6632 0.01
r 138 0.01 7 15.625 0.01
r 146 0.01 7 16.5831 0.01
r 2 0.01 10 13.2686 0.01
r 10 0.01 10 12.2711 0.01
r 18 0.01 10 11.4746 0.01
r 26 0.01 10 10.3319 0.01
r 34 0.01 10 9.16655 0.01
r 66 0.01 10 9.26454 0.01
r 74 0.01 10 10.5396 0.01
r 82 0.01 10 11.7503 0.01
r 90 0.01 10 12.725 0.01
r 98 0.01 10 13.7292 0.01
r 106 0.01 10 14.7343 0.01
r 114 0.01 10 15.6979 0.01
r 122 0.01 10 16.6688 0.01
r 130 0.01 10 17.6808 0.01
r 138 0.01 10 18.6423 0.01
r 146 0.01 10 19.6003 0.01
s 70 2 34
r 2 0.01 7 12.6227 0.01
r 10 0.01 7 11.6583 0.01
r 18 0.01 7 10.8888 0.01
r 26 0.01 7 9.92917 0.01
r 34 0.01 7 8.99759 0.01
r 42 0.01 7 8.16936 0.01
r 50 0.01 7 6.86939 0.01
r 58 0.01 7 5.59128 0.01
r 82 0.01 7 5.5025 0.01
r 90 0.01 7 6.69165 0.01
r 98 0.01 7 7.95093 0.01
r 106 0.01 7 9.15985 0.01
r 114 0.01 7 10.1501 0.01
r 122 0.01 7 11.1485 0.01
r 130 0.01 7 12.1981 0.01
r 138 0.01 7 13.1783 0.01
r 146 0.01 7 14.1362 0.01
r 2 0.01 10 15.4411 0.01
r 10 0.01 10 14.4767 0.01
r 18 0.01 10 13.7071 0.01
r 26 0.01 10 12.7475 0.01
r 34 0.01 10 11.8159 0.01
r 42 0.01 10 10.9875 0.01
r 50 0.01 10 9.68769 0.01
r 58 0.01 10 8.40965 0.01
r 82 0.01 10 8.32063 0.01
r 90 0.01 10 9.508 0.01
r 98 0.01 10 10.7693 0.01
r 106 0.01 10 11.9782 0.01
r 114 0.01 10 12.9684 0.01
r 122 0.01 10 13.9668 0.01
r 130 0.01 10 15.0164 0.01
r 138 0.01 10 15.9967 0.01
r 146 0.01 10 16.9546 0.01
s 90 2 32
r 2 0.01 7 14.8838 0.01
r 10 0.01 7 13.9504 0.01
r 18 0.01 7 13.2239 0.01
r 26 0.01 7 12.2727 0.01
r 34 0.01 7 11.3731 0.01
r 42 0.01 7 10.5738 0.01
r 50 0.01 7 9.606 0.01
r 58 0.01 7 8.59059 0.01
r 66 0.01 7 7.2837 0.01
r 74 0.01 7 6.00552 0.01
r 106 0.01 7 5.92108 0.01
r 114 0.01 7 7.18001 0.01
r 122 0.01 7 8.43762 0.01
r 130 0.01 7 9.65448 0.01
r 138 0.01 7 10.6626 0.01
r 146 0.01 7 11.6533 0.01
r 2 0.01 10 17.4619 0.01
r 10 0.01 10 16.5286 0.01
r 18 0.01 10 15.802 0.01
r 26 0.01 10 14.8509 0.01
r 34 0.01 10 13.9513 0.01
r 42 0.01 10 13.152 0.01
r 50 0.01 10 12.1842 0.01
r 58 0.01 10 11.1688 0.01
r 66 0.01 10 9.86186 0.01
r 74 0.01 10 8.58369 0.01
r 106 0.01 10 8.49907 0.01
r 114 0.01 10 9.75818 0.01
r 122 0.01 10 11.0158 0.01
r 130 0.01 10 12.2326 0.01
r 138 0.01 10 13.2408 0.01
r 146 0.01 10 14.235 0.01
s 110 2 34
r 2 0.01 7 17.2465 0.01
r 10 0.01 7 16.3134 0.01
r 18 0.01 7 15.5974 0.01
r 26 0.01 7 14.67 0.01
r 34 0.01 7 13.7887 0.01
r 42 0.01 7 13.0336 0.01
r 50 0.01 7 12.093 0.01
r 58 0.01 7 11.1409 0.01
r 66 0.01 7 10.073 0.01
r 74 0.01 7 9.08919 0.01
r 82 0.01 7 7.87648 0.01
r 90 0.01 7 6.56492 0.01
r 98 0.01 7 5.27553 0.01
r 122 0.01 7 5.244 0.01
r 130 0.01 7 6.59207 0.01
r 138 0.01 7 7.88373 0.01
r 146 0.01 7 9.09621 0.01
r 2 0.01 10 19.7717 0.01
r 10 0.01 10 18.8386 0.01
r 18 0.01 10 18.1226 0.01
r 26 0.01 10 17.1952 0.01
r 34 0.01 10 16.3138 0.01
r 42 0.01 10 15.5587 0.01
r 50 0.01 10 14.6181 0.01
r 58 0.01 10 13.6661 0.01
r 66 0.01 10 12.5982 0.01
r 74 0.01 10 11.6144 0.01
r 82 0.01 10 10.4016 0.01
r 90 0.01 10 9.09005 0.01
r 98 0.01 10 7.80069 0.01
r 122 0.01 10 7.76915 0.01
r 130 0.01 10 9.1172 0.01
r 138 0.01 10 10.4089 0.01
r 146 0.01 10 11.6214 0.01
