5
s 30 2 17
r 2 0.01 7 7.43528 0.01
r 10 0.01 7 6.2 0.01
r 18 0.01 7 5.15991 0.01
r 42 0.01 7 5.47625 0.01
r 50 0.01 7 6.69306 0.01
r 58 0.01 7 7.92799 0.01
r 66 0.01 7 8.94396 0.01
r 74 0.01 7 9.8967 0.01
r 82 0.01 7 10.9102 0.01
r 90 0.01 7 11.8679 0.01
r 98 0.01 7 12.8437 0.01
r 106 0.01 7 13.8097 0.01
r 114 0.01 7 14.7432 0.01
r 122 0.01 7 15.7027 0.01
r 130 0.01 7 16.7174 0.01
r 138 0.01 7 17.6793 0.01
r 146 0.01 7 18.6374 0.01
s 50 2 16
r 2 0.01 7 10.2472 0.01
r 10 0.01 7 9.24947 0.01
r 18 0.01 7 8.45262 0.01
r 26 0.01 7 7.31037 0.01
r 34 0.01 7 6.14398 0.01
r 66 0.01 7 6.24343 0.01
r 74 0.01 7 7.51901 0.01
r 82 0.01 7 8.73613 0.01
r 90 0.01 7 9.70523 0.01
r 98 0.01 7 10.7083 0.01
r 106 0.01 7 11.7135 0.01
r 114 0.01 7 12.6771 0.01
r 122 0.01 7 13.648 0.01
r 130 0.01 7 14.6637 0.01
r 138 0.01 7 15.6255 0.01
r 146 0.01 7 16.5836 0.01
s 70 2 17
r 2 0.01 7 12.621 0.01
r 10 0.01 7 11.6565 0.01
r 18 0.01 7 10.8869 0.01
r 26 0.01 7 9.92729 0.01
r 34 0.01 7 8.99569 0.01
r 42 0.01 7 8.19895 0.01
r 50 0.01 7 6.86733 0.01
r 58 0.01 7 5.58954 0.01
r 82 0.01 7 5.50344 0.01
r 90 0.01 7 6.68775 0.01
r 98 0.01 7 7.95132 0.01
r 106 0.01 7 9.15799 0.01
r 114 0.01 7 10.1482 0.01
r 122 0.01 7 11.1466 0.01
r 130 0.01 7 12.1993 0.01
r 138 0.01 7 13.1769 0.01
r 146 0.01 7 14.1346 0.01
s 90 2 16
r 2 0.01 7 14.886 0.01
r 10 0.01 7 13.9527 0.01
r 18 0.01 7 13.2261 0.01
r 26 0.01 7 12.275 0.01
r 34 0.01 7 11.3641 0.01
r 42 0.01 7 10.576 0.01
r 50 0.01 7 9.60821 0.01
r 58 0.01 7 8.59178 0.01
r 66 0.01 7 7.28588 0.01
r 74 0.01 7 6.00803 0.01
r 106 0.01 7 5.92474 0.01
r 114 0.01 7 7.18213 0.01
r 122 0.01 7 8.41786 0.01
r 130 0.01 7 9.65611 0.01
r 138 0.01 7 10.6642 0.01
r 146 0.01 7 11.6584 0.01
s 110 2 17
r 2 0.01 7 17.2473 0.01
r 10 0.01 7 16.3141 0.01
r 18 0.01 7 15.5982 0.01
r 26 0.01 7 14.6708 0.01
r 34 0.01 7 13.7893 0.01
r 42 0.01 7 13.0341 0.01
r 50 0.01 7 12.0935 0.01
r 58 0.01 7 11.1415 0.01
r 66 0.01 7 10.0734 0.01
r 74 0.01 7 9.09056 0.01
r 82 0.01 7 7.89102 0.01
r 90 0.01 7 6.54529 0.01
r 98 0.01 7 5.27625 0.01
r 122 0.01 7 5.2454 0.01
r 130 0.01 7 6.58349 0.01
r 138 0.01 7 7.88493 0.01
r 146 0.01 7 9.09982 0.01
