5
s 30 2 34
r 2 0.01 7 7.44281 0.01
r 10 0.01 7 6.20738 0.01
r 18 0.01 7 5.1708 0.01
r 42 0.01 7 5.49063 0.01
r 50 0.01 7 6.70589 0.01
r 58 0.01 7 7.94126 0.01
r 66 0.01 7 8.96652 0.01
r 74 0.01 7 9.92445 0.01
r 82 0.01 7 10.9331 0.01
r 90 0.01 7 11.8746 0.01
r 98 0.01 7 12.8533 0.01
r 106 0.01 7 13.8193 0.01
r 114 0.01 7 14.7576 0.01
r 122 0.01 7 15.7138 0.01
r 130 0.01 7 16.7189 0.01
r 138 0.01 7 17.6805 0.01
r 146 0.01 7 18.6386 0.01
r 2 0.01 10 10.0127 0.01
r 10 0.01 10 8.77625 0.01
r 18 0.01 10 7.73915 0.01
r 42 0.01 10 8.06372 0.01
r 50 0.01 10 9.27396 0.01
r 58 0.01 10 10.5113 0.01
r 66 0.01 10 11.529 0.01
r 74 0.01 10 12.5035 0.01
r 82 0.01 10 13.4956 0.01
r 90 0.01 10 14.4462 0.01
r 98 0.01 10 15.4217 0.01
r 106 0.01 10 16.3875 0.01
r 114 0.01 10 17.3009 0.01
r 122 0.01 10 18.2578 0.01
r 130 0.01 10 19.2941 0.01
r 138 0.01 10 20.2558 0.01
r 146 0.01 10 21.2139 0.01
s 50 2 32
r 2 0.01 7 10.2497 0.01
r 10 0.01 7 9.25221 0.01
r 18 0.01 7 8.45594 0.01
r 26 0.01 7 7.31306 0.01
r 34 0.01 7 6.14819 0.01
r 66 0.01 7 6.24216 0.01
r 74 0.01 7 7.52359 0.01
r 82 0.01 7 8.73068 0.01
r 90 0.01 7 9.705 0.01
r 98 0.01 7 10.7093 0.01
r 106 0.01 7 11.7144 0.01
r 114 0.01 7 12.6779 0.01
r 122 0.01 7 13.6488 0.01
r 130 0.01 7 14.6655 0.01
r 138 0.01 7 15.6273 0.01
r 146 0.01 7 16.5854 0.01
r 2 0.01 10 13.2753 0.01
r 10 0.01 10 12.2775 0.01
r 18 0.01 10 11.4862 0.01
r 26 0.01 10 10.3386 0.01
r 34 0.01 10 9.17265 0.01
r 66 0.01 10 9.27295 0.01
r 74 0.01 10 10.5356 0.01
r 82 0.01 10 11.7557 0.01
r 90 0.01 10 12.7299 0.01
r 98 0.01 10 13.7336 0.01
r 106 0.01 10 14.7387 0.01
r 114 0.01 10 15.702 0.01
r 122 0.01 10 16.673 0.01
r 130 0.01 10 17.6878 0.01
r 138 0.01 10 18.6496 0.01
r 146 0.01 10 19.6078 0.01
s 70 2 34
r 2 0.01 7 12.6223 0.01
r 10 0.01 7 11.6578 0.01
r 18 0.01 7 10.8881 0.01
r 26 0.01 7 9.92845 0.01
r 34 0.01 7 8.99683 0.01
r 42 0.01 7 8.20039 0.01
r 50 0.01 7 6.86824 0.01
r 58 0.01 7 5.59083 0.01
r 82 0.01 7 5.49981 0.01
r 90 0.01 7 6.68612 0.01
r 98 0.01 7 7.95252 0.01
r 106 0.01 7 9.15892 0.01
r 114 0.01 7 10.1491 0.01
r 122 0.01 7 11.1475 0.01
r 130 0.01 7 12.2005 0.01
r 138 0.01 7 13.1784 0.01
r 146 0.01 7 14.136 0.01
r 2 0.01 10 15.4403 0.01
r 10 0.01 10 14.4757 0.01
r 18 0.01 10 13.7059 0.01
r 26 0.01 10 12.7462 0.01
r 34 0.01 10 11.8146 0.01
r 42 0.01 10 11.0183 0.01
r 50 0.01 10 9.68582 0.01
r 58 0.01 10 8.40883 0.01
r 82 0.01 10 8.31623 0.01
r 90 0.01 10 9.49563 0.01
r 98 0.01 10 10.7702 0.01
r 106 0.01 10 11.9745 0.01
r 114 0.01 10 12.9622 0.01
r 122 0.01 10 13.9607 0.01
r 130 0.01 10 15.0176 0.01
r 138 0.01 10 15.996 0.01
r 146 0.01 10 16.9541 0.01
s 90 2 32
r 2 0.01 7 14.8851 0.01
r 10 0.01 7 13.9482 0.01
r 18 0.01 7 13.2252 0.01
r 26 0.01 7 12.2741 0.01
r 34 0.01 7 11.3745 0.01
r 42 0.01 7 10.5752 0.01
r 50 0.01 7 9.60735 0.01
r 58 0.01 7 8.59787 0.01
r 66 0.01 7 7.2851 0.01
r 74 0.01 7 6.00732 0.01
r 106 0.01 7 5.93097 0.01
r 114 0.01 7 7.17887 0.01
r 122 0.01 7 8.41737 0.01
r 130 0.01 7 9.65498 0.01
r 138 0.01 7 10.6631 0.01
r 146 0.01 7 11.6573 0.01
r 2 0.01 10 17.466 0.01
r 10 0.01 10 16.5289 0.01
r 18 0.01 10 15.8064 0.01
r 26 0.01 10 14.8439 0.01
r 34 0.01 10 13.9556 0.01
r 42 0.01 10 13.1553 0.01
r 50 0.01 10 12.1895 0.01
r 58 0.01 10 11.1778 0.01
r 66 0.01 10 9.8663 0.01
r 74 0.01 10 8.58775 0.01
r 106 0.01 10 8.51065 0.01
r 114 0.01 10 9.73026 0.01
r 122 0.01 10 10.9969 0.01
r 130 0.01 10 12.2353 0.01
r 138 0.01 10 13.2434 0.01
r 146 0.01 10 14.2376 0.01
s 110 2 34
r 2 0.01 7 17.247 0.01
r 10 0.01 7 16.3102 0.01
r 18 0.01 7 15.598 0.01
r 26 0.01 7 14.6706 0.01
r 34 0.01 7 13.7889 0.01
r 42 0.01 7 13.0336 0.01
r 50 0.01 7 12.093 0.01
r 58 0.01 7 11.141 0.01
r 66 0.01 7 10.0721 0.01
r 74 0.01 7 9.0903 0.01
r 82 0.01 7 7.89039 0.01
r 90 0.01 7 6.53845 0.01
r 98 0.01 7 5.27509 0.01
r 122 0.01 7 5.24568 0.01
r 130 0.01 7 6.58171 0.01
r 138 0.01 7 7.88456 0.01
r 146 0.01 7 9.09862 0.01
r 2 0.01 10 19.7734 0.01
r 10 0.01 10 18.8366 0.01
r 18 0.01 10 18.1246 0.01
r 26 0.01 10 17.1972 0.01
r 34 0.01 10 16.315 0.01
r 42 0.01 10 15.5648 0.01
r 50 0.01 10 14.621 0.01
r 58 0.01 10 13.669 0.01
r 66 0.01 10 12.5978 0.01
r 74 0.01 10 11.6168 0.01
r 82 0.01 10 10.4161 0.01
r 90 0.01 10 9.06519 0.01
r 98 0.01 10 7.80129 0.01
r 122 0.01 10 7.77125 0.01
r 130 0.01 10 9.10774 0.01
r 138 0.01 10 10.4111 0.01
r 146 0.01 10 11.6249 0.01
