63 81 1.5 0.33
0 2 4 6 8 10 12 14 16 18 20 22 24 26 28 30 32 34 36 38 40 42 44 46 48 50 52 54 56 58 60 62 64 66 68 70 72 74 76 78 80 82 84 86 88 90 92 94 96 98 100 102 104 106 108 110 112 114 116 118 120 122 124 
0 0 0 0 0 0 0 0 0 0 0 0 0 0 0 0 0 0 0 0 0 0 0 0 0 0 0 0 0 0 0 0 0 0 0 0 0 0 0 0 0 0 0 0 0 0 0 0 0 0 0 0 0 0 0 0 0 0 0 0 0 0 0 
0 0.2 0.4 0.6 0.8 1 1.2 1.4 1.6 1.8 2 2.2 2.4 2.6 2.8 3 3.2 3.4 3.6 3.8 4 4.2 4.4 4.6 4.8 5 5.2 5.4 5.6 5.8 6 6.2 6.4 6.6 6.8 7 7.2 7.4 7.6 7.8 8 8.2 8.4 8.6 8.8 9 9.2 9.4 9.6 9.8 10 10.2 10.4 10.6 10.8 11 11.2 11.4 11.6 11.8 12 12.2 12.4 12.6 12.8 13 13.2 13.4 13.6 13.8 14 14.2 14.4 14.6 14.8 15 15.2 15.4 15.6 15.8 16 
1.5 1.5 1.5 1.5 1.5 1.5 1.5 1.5 1.5 1.5 1.5 1.06449 1.09363 1.1226 1.15179 1.18074 1.20983 1.23932 1.26819 1.29716 1.32582 1.35479 1.38396 1.4128 1.44118 2.81949 2.8297 2.8397 2.8494 2.85922 2.86866 2.87854 2.88836 2.89813 2.90794 2.91758 2.92744 2.93725 2.94703 2.95684 2.96651 2.97655 2.98624 2.99606 3.00592 3.01561 3.02559 3.03536 3.04519 3.05507 3.06474 3.07469 3.08441 3.09419 3.10399 3.11363 3.1235 3.13317 3.14293 3.15262 3.16221 3.172 3.18164 3.19132 3.20102 3.21067 3.22049 3.23018 3.23997 3.24971 3.25948 3.26931 3.2791 3.28889 3.29867 3.3084 3.31849 3.3283 3.33837 3.34829 3.35837 
1.5 1.5 1.5 1.5 1.5 1.5 1.5 1.5 1.5 1.5 1.5 1.06799 1.0969 1.12705 1.15593 1.18504 1.21434 1.24353 1.27308 1.3026 1.33123 1.36057 1.38983 1.41911 1.44789 2.82523 2.83526 2.84518 2.85511 2.8651 2.87469 2.88467 2.8945 2.90436 2.91436 2.92409 2.93409 2.94396 2.95388 2.96391 2.97371 2.98387 2.99366 3.00363 3.01375 3.02353 3.03363 3.04352 3.05348 3.06356 3.07331 3.08333 3.09312 3.10296 3.11288 3.12251 3.13234 3.14197 3.15167 3.16129 3.17072 3.18033 3.18974 3.19899 3.20862 3.21794 3.22738 3.23677 3.24592 3.25553 3.26487 3.27438 3.2838 3.29288 3.30286 3.31195 3.32163 3.33238 3.34043 3.35027 3.35999 
1.5 1.5 1.5 1.5 1.5 1.5 1.5 1.5 1.5 1.5 1.5 1.07185 1.10227 1.13163 1.16128 1.19096 1.2199 1.2495 1.27944 1.30897 1.33801 1.36719 1.39724 1.42691 1.45568 2.83102 2.83903 2.85039 2.8605 2.87077 2.88025 2.88962 2.90023 2.91017 2.91977 2.93002 2.93962 2.95012 2.96013 2.96981 2.98007 2.98978 3.00019 3.0102 3.01984 3.03015 3.04028 3.05018 3.06013 3.06972 3.07991 3.08993 3.0997 3.10951 3.11906 3.12899 3.13882 3.14845 3.15812 3.16745 3.17717 3.18681 3.19622 3.20572 3.21483 3.22451 3.23401 3.24343 3.25289 3.26185 3.27158 3.28116 3.29054 3.30022 3.30915 3.31884 3.32868 3.33893 3.34786 3.35636 3.36703 
1.5 1.5 1.5 1.5 1.5 1.5 1.5 1.5 1.5 1.5 1.5 1.07807 1.10774 1.13766 1.1668 1.19716 1.22687 1.25693 1.2869 1.31606 1.34619 1.37608 1.40608 1.43602 1.464 2.84048 2.85009 2.85986 2.87012 2.87951 2.89008 2.90017 2.91034 2.92019 2.92975 2.94009 2.95016 2.96016 2.97017 2.9798 2.99003 2.99956 3.00993 3.01982 3.02921 3.03946 3.04883 3.05909 3.06882 3.07804 3.08816 3.09747 3.10754 3.11714 3.1263 3.13627 3.14547 3.15544 3.16449 3.17403 3.1839 3.19306 3.20291 3.21238 3.22183 3.23124 3.24033 3.25018 3.25923 3.26909 3.27851 3.28763 3.29762 3.30677 3.3168 3.32632 3.33523 3.34557 3.35435 3.36528 3.37449 
1.5 1.5 1.5 1.5 1.5 1.5 1.5 1.5 1.5 1.5 1.5 1.08397 1.11401 1.1435 1.17396 1.2043 1.23472 1.26434 1.29477 1.32467 1.35558 1.38579 1.41483 1.44535 1.47562 2.852 2.86206 2.86994 2.88084 2.89155 2.902 2.91213 2.92146 2.93162 2.94272 2.95224 2.96233 2.97177 2.98179 2.99278 3.00221 3.01177 3.02146 3.0313 3.04165 3.05122 3.06061 3.0702 3.07971 3.08974 3.09917 3.1084 3.11779 3.12718 3.13717 3.14642 3.1555 3.16486 3.17426 3.1841 3.19337 3.20248 3.21183 3.22164 3.23108 3.24046 3.24965 3.25906 3.26891 3.27836 3.28779 3.29716 3.30662 3.31676 3.32627 3.3362 3.3451 3.3544 3.36521 3.37454 3.3837 
1.5 1.5 1.5 1.5 1.5 1.5 1.5 1.5 1.5 1.5 1.5 1.0936 1.12458 1.15504 1.18595 1.21686 1.24753 1.279 1.30974 1.34051 1.37114 1.40232 1.43269 1.4641 1.49503 2.87122 2.88174 2.89197 2.9019 2.91287 2.9221 2.9323 2.94257 2.95261 2.96314 2.97252 2.98257 2.99255 3.00244 3.01273 3.02199 3.03195 3.04153 3.05115 3.06071 3.07017 3.07978 3.08913 3.09843 3.10768 3.11688 3.12624 3.13534 3.14449 3.15365 3.16258 3.1718 3.18084 3.18993 3.19899 3.208 3.21723 3.22627 3.23547 3.24463 3.25381 3.26312 3.27226 3.28156 3.2908 3.30006 3.30959 3.31906 3.32859 3.33792 3.34794 3.35699 3.36558 3.37623 3.38572 3.39461 
1.5 1.5 1.5 1.5 1.5 1.5 1.5 1.5 1.5 1.5 1.5 1.10393 1.13447 1.16641 1.19803 1.22934 1.26101 1.29181 1.3236 1.35598 1.38711 1.41866 1.45062 1.48146 1.51452 2.89306 2.90389 2.91405 2.92402 2.93376 2.94415 2.9544 2.96463 2.97482 2.98447 2.99461 3.00448 3.01443 3.02418 3.03366 3.04348 3.05315 3.06261 3.07192 3.0813 3.09049 3.09981 3.10891 3.1179 3.1268 3.13577 3.14477 3.15355 3.16235 3.17117 3.17979 3.18866 3.19692 3.20609 3.21483 3.2235 3.23238 3.24112 3.24996 3.25892 3.26781 3.27685 3.28547 3.29474 3.30383 3.31286 3.3222 3.3316 3.34088 3.35021 3.36014 3.36923 3.37741 3.38754 3.39746 3.40621 
1.5 1.5 1.5 1.5 1.5 1.5 1.5 1.5 1.5 1.5 1.5 1.11616 1.14824 1.1802 1.21196 1.2445 1.27673 1.30937 1.3415 1.37387 1.40669 1.43908 1.47198 1.50459 1.53703 2.92129 2.9319 2.94258 2.95231 2.96175 2.97212 2.98219 2.99133 3.00238 3.01179 3.02182 3.03141 3.0411 3.05054 3.05953 3.0692 3.07852 3.08761 3.09664 3.10541 3.11445 3.12337 3.13207 3.14068 3.14905 3.15779 3.16602 3.1747 3.18309 3.19147 3.1997 3.20778 3.21643 3.22474 3.23301 3.24126 3.24934 3.25799 3.26641 3.27491 3.28344 3.29211 3.30063 3.30924 3.31791 3.32665 3.33573 3.3449 3.35395 3.36305 3.37269 3.38196 3.38994 3.39938 3.40892 3.41807 
1.5 1.5 1.5 1.5 1.5 1.5 1.5 1.5 1.5 1.5 1.5 1.13085 1.16358 1.19655 1.22915 1.26275 1.29597 1.32933 1.3626 1.39602 1.42958 1.46308 1.49687 1.52998 1.56394 2.95796 2.96817 2.97941 2.98697 2.99797 3.00817 3.01806 3.02812 3.03715 3.04709 3.05679 3.06592 3.0752 3.08411 3.09253 3.10166 3.11032 3.11888 3.12717 3.13499 3.14362 3.15183 3.1595 3.16785 3.1752 3.18356 3.19146 3.19889 3.20692 3.21456 3.22223 3.23006 3.23745 3.24541 3.25305 3.26074 3.26856 3.27634 3.28415 3.29211 3.30007 3.30821 3.31635 3.32443 3.33268 3.341 3.34971 3.35865 3.36738 3.37575 3.38549 3.39487 3.40301 3.41172 3.42076 3.43023 
1.5 1.5 1.5 1.5 1.5 1.5 1.5 1.5 1.5 1.5 1.5 1.14714 1.18082 1.21467 1.24892 1.28324 1.31746 1.35152 1.38618 1.4207 1.45554 1.49049 1.52506 1.56047 1.59461 3.00478 3.014 3.02366 3.03489 3.04379 3.05382 3.06341 3.07302 3.08259 3.09166 3.10059 3.10897 3.1174 3.1256 3.13464 3.14134 3.1489 3.15643 3.16367 3.17011 3.17792 3.18493 3.19194 3.19877 3.20506 3.21235 3.21913 3.22583 3.23222 3.2389 3.24609 3.25295 3.25977 3.26661 3.27347 3.28042 3.28746 3.29457 3.30141 3.3091 3.3165 3.32403 3.3317 3.33899 3.34722 3.35518 3.36356 3.37219 3.38079 3.38965 3.39816 3.40731 3.41598 3.42478 3.43282 3.44267 
1.5 1.5 1.5 1.5 1.5 1.5 1.5 1.5 1.5 1.5 1.5 1.16475 1.19948 1.23414 1.26921 1.30473 1.33991 1.37568 1.41179 1.44723 1.48319 1.51927 1.55458 1.59175 1.62917 3.06167 3.06954 3.08016 3.0892 3.09787 3.10689 3.11592 3.12479 3.1335 3.1425 3.14956 3.15734 3.16421 3.17109 3.17822 3.18437 3.19122 3.19705 3.20342 3.20867 3.21521 3.22104 3.22676 3.23242 3.23687 3.24375 3.24945 3.25498 3.26062 3.26631 3.27199 3.27777 3.28358 3.28936 3.2953 3.30133 3.30747 3.31374 3.32008 3.32653 3.33318 3.34 3.34709 3.35425 3.36152 3.36899 3.37699 3.38518 3.39349 3.40223 3.41021 3.41913 3.42877 3.4374 3.44446 3.45427 
1.5 1.5 1.5 1.5 1.5 1.5 1.5 1.5 1.5 1.5 1.5 1.18403 1.21984 1.25541 1.29166 1.328 1.36512 1.4013 1.43913 1.47658 1.51402 1.55114 1.58834 1.62649 1.6653 3.13355 3.14089 3.14995 3.15847 3.16746 3.17521 3.18359 3.19189 3.19993 3.20954 3.2145 3.22025 3.22599 3.23136 3.23852 3.24112 3.24555 3.24991 3.25392 3.25599 3.26153 3.26523 3.26899 3.27264 3.27436 3.28004 3.28394 3.28769 3.29158 3.29566 3.29981 3.3041 3.30842 3.31288 3.31758 3.32248 3.32752 3.3327 3.33802 3.34351 3.34928 3.3553 3.36165 3.36821 3.37489 3.38181 3.38942 3.3972 3.40516 3.41362 3.42135 3.42996 3.43988 3.44877 3.4556 3.46386 
1.5 1.5 1.5 1.5 1.5 1.5 1.5 1.5 1.5 1.5 1.5 1.20463 1.24163 1.27884 1.31682 1.35413 1.39267 1.43129 1.46983 1.50834 1.54802 1.58744 1.6261 1.66678 1.70453 3.21306 3.22311 3.22747 3.2349 3.24275 3.24957 3.25696 3.26399 3.27113 3.28001 3.28299 3.28687 3.29045 3.29385 3.2996 3.29949 3.30182 3.30403 3.30595 3.30519 3.30926 3.31082 3.31252 3.31405 3.31309 3.31749 3.31947 3.32151 3.32355 3.32593 3.3284 3.33109 3.33394 3.33694 3.34027 3.3439 3.3477 3.35178 3.35604 3.36053 3.36536 3.37054 3.37606 3.3819 3.38795 3.39417 3.40136 3.40867 3.41619 3.42421 3.43191 3.44017 3.44929 3.45856 3.46529 3.47096 
1.5 1.5 1.5 1.5 1.5 1.5 1.5 1.5 1.5 1.5 1.5 1.22322 1.26141 1.29983 1.33871 1.37811 1.41792 1.45823 1.49825 1.53889 1.57994 1.62079 1.66143 1.70391 1.7462 3.30014 3.31924 3.31198 3.31789 3.32465 3.3304 3.33649 3.34216 3.34767 3.35589 3.35657 3.35826 3.35917 3.36032 3.36437 3.36133 3.3613 3.36117 3.36076 3.35685 3.35937 3.3586 3.35793 3.35734 3.35351 3.35644 3.35636 3.35634 3.35654 3.35699 3.35765 3.35854 3.35971 3.36113 3.36297 3.3652 3.36767 3.37046 3.37353 3.37701 3.38083 3.38504 3.38963 3.39468 3.40006 3.40563 3.41236 3.41919 3.42635 3.43379 3.44125 3.44909 3.45767 3.46736 3.47421 3.47897 
1.5 1.5 1.5 1.5 1.5 1.5 1.5 1.5 1.5 1.5 1.5 1.23768 1.27655 1.31559 1.35506 1.39588 1.43617 1.4767 1.518 1.55886 1.6006 1.64209 1.68329 1.7257 1.7645 3.39761 3.45196 3.40308 3.40885 3.41378 3.41801 3.42229 3.42602 3.42961 3.43648 3.43434 3.43304 3.43013 3.42876 3.43096 3.42446 3.42165 3.41899 3.41594 3.40887 3.40948 3.40625 3.40319 3.40039 3.39355 3.39511 3.39297 3.39095 3.38922 3.38784 3.38672 3.38595 3.38548 3.38533 3.38569 3.38654 3.38763 3.38909 3.39089 3.39322 3.39585 3.39894 3.40252 3.40664 3.41123 3.41611 3.42223 3.42853 3.43535 3.44179 3.44875 3.45636 3.46571 3.47492 3.48229 3.48744 
1.5 1.5 1.5 1.5 1.5 1.5 1.5 1.5 1.5 1.5 1.5 1.26154 1.29965 1.33755 1.37748 1.41879 1.45977 1.50041 1.54221 1.58332 1.62613 1.66866 1.71106 1.75537 1.80371 3.49688 3.60897 3.49984 3.50302 3.50501 3.50762 3.50985 3.51118 3.51193 3.5173 3.512 3.50767 3.49984 3.49532 3.49572 3.48565 3.48004 3.47454 3.46922 3.45874 3.45783 3.45215 3.4468 3.44199 3.43236 3.43256 3.42845 3.42471 3.42122 3.41804 3.41519 3.41284 3.4108 3.40908 3.40793 3.40735 3.40713 3.4073 3.4078 3.40897 3.41046 3.41247 3.41507 3.41828 3.42206 3.42617 3.43169 3.43755 3.44391 3.44952 3.45615 3.4639 3.47304 3.48151 3.48903 3.494 
1.5 1.5 1.5 1.5 1.5 1.5 1.5 1.5 1.5 1.5 1.5 1.2706 1.31423 1.35968 1.40545 1.45137 1.49745 1.54491 1.59238 1.64483 1.6903 1.74014 1.79226 1.84327 1.92412 3.58327 3.72036 3.58711 3.58732 3.5875 3.58797 3.58836 3.58785 3.58701 3.59121 3.58273 3.57574 3.56465 3.55751 3.55585 3.5424 3.53445 3.52663 3.51862 3.50521 3.50284 3.49513 3.48765 3.48082 3.46872 3.46768 3.46178 3.45644 3.4513 3.44651 3.44142 3.43839 3.43497 3.43197 3.42946 3.42752 3.42611 3.42515 3.42458 3.42466 3.42528 3.4263 3.42817 3.43044 3.43352 3.43684 3.44176 3.44715 3.45298 3.4579 3.46484 3.47268 3.47816 3.48789 3.49514 3.49855 
1.5 1.5 1.5 1.5 1.5 1.5 1.5 1.5 1.5 1.5 1.5 1.26074 1.30122 1.34349 1.38629 1.42786 1.47113 1.51439 1.55823 1.60216 1.64752 1.69388 1.74199 1.7894 1.8435 3.652 3.789 3.65506 3.65433 3.65418 3.65369 3.65238 3.65091 3.64908 3.65285 3.64271 3.63419 3.62115 3.61212 3.60925 3.59362 3.58375 3.57384 3.56403 3.55399 3.54446 3.53495 3.52545 3.51684 3.50239 3.49999 3.49234 3.48542 3.47912 3.47239 3.46639 3.46128 3.45665 3.4524 3.44864 3.44558 3.44317 3.44112 3.43779 3.43895 3.43889 3.4392 3.44035 3.44217 3.44474 3.44724 3.45176 3.45645 3.46212 3.46705 3.47399 3.47969 3.48762 3.49482 3.49779 3.50256 
1.5 1.5 1.5 1.5 1.5 1.5 1.5 1.5 1.5 1.5 1.5 1.25857 1.29901 1.34045 1.38193 1.42421 1.46661 1.50981 1.55282 1.59661 1.6409 1.68568 1.7314 1.77649 1.82133 3.69618 3.83532 3.7095 3.69806 3.69914 3.69858 3.69707 3.69496 3.69282 3.69658 3.68579 3.67685 3.66338 3.65338 3.65024 3.63352 3.62281 3.61193 3.6012 3.58408 3.57965 3.56887 3.55813 3.54818 3.53235 3.52893 3.52009 3.51183 3.50401 3.49642 3.48823 3.48301 3.47713 3.47172 3.46698 3.46299 3.45968 3.45659 3.45427 3.45281 3.45194 3.45114 3.45148 3.45272 3.45468 3.45685 3.46083 3.46495 3.46984 3.47254 3.48155 3.48547 3.49368 3.50335 3.50589 3.51199 
1.5 1.5 1.5 1.5 1.5 1.5 1.5 1.5 1.5 1.5 1.5 1.25084 1.2905 1.32954 1.37021 1.41133 1.45235 1.49402 1.53565 1.57748 1.62016 1.66327 1.70455 1.748 1.78857 3.72144 3.73485 3.74197 3.72974 3.72824 3.71728 3.71853 3.71711 3.72593 3.72487 3.71146 3.70437 3.69534 3.68918 3.68145 3.66539 3.66235 3.64627 3.63281 3.6155 3.61073 3.60594 3.58912 3.57778 3.56115 3.55709 3.54678 3.53817 3.52933 3.52091 3.51177 3.50559 3.49863 3.49086 3.48491 3.4794 3.47674 3.47256 3.46778 3.4647 3.46496 3.46148 3.46099 3.46141 3.46273 3.46658 3.46992 3.47376 3.47573 3.48291 3.48682 3.49376 3.50188 3.51096 3.51612 3.51805 
1.5 1.5 1.5 1.5 1.5 1.5 1.5 1.5 1.5 1.5 1.5 1.23636 1.27497 1.31405 1.35371 1.39423 1.4345 1.4748 1.5164 1.55471 1.59725 1.63806 1.68132 1.72458 1.76614 3.70595 3.68554 3.70774 3.716 3.74988 3.71774 3.71773 3.71751 3.71819 3.72514 3.71685 3.71187 3.70554 3.69847 3.69556 3.68041 3.67836 3.66117 3.6534 3.6349 3.63163 3.62564 3.60929 3.59812 3.58631 3.57624 3.56545 3.55614 3.54608 3.53714 3.52785 3.51964 3.51216 3.50508 3.49832 3.49235 3.48935 3.48298 3.48114 3.47609 3.47573 3.47389 3.47317 3.47325 3.47387 3.47533 3.4785 3.48227 3.4857 3.49021 3.49641 3.50122 3.51117 3.51651 3.52084 3.52346 
1.5 1.5 1.5 1.5 1.5 1.5 1.5 1.5 1.5 1.5 1.5 1.2476 1.28852 1.32985 1.37164 1.41459 1.45673 1.4996 1.54344 1.58866 1.63372 1.67732 1.72171 1.7659 1.81718 3.66323 3.60952 3.66808 3.64566 3.68839 3.71859 3.69942 3.69788 3.70105 3.71035 3.70566 3.70442 3.70581 3.70208 3.69768 3.68682 3.67792 3.67213 3.66347 3.64681 3.64257 3.63282 3.62208 3.61221 3.60215 3.59288 3.5831 3.57355 3.56445 3.55503 3.54627 3.53812 3.53119 3.52352 3.51637 3.51 3.50469 3.49982 3.49558 3.4928 3.48996 3.48723 3.4854 3.48449 3.48399 3.48441 3.48713 3.48676 3.48915 3.49384 3.50005 3.50291 3.51063 3.51725 3.52122 3.52487 
1.5 1.5 1.5 1.5 1.5 1.5 1.5 1.5 1.5 1.5 1.5 1.23763 1.27627 1.31707 1.35707 1.39817 1.43954 1.48056 1.52284 1.56466 1.60781 1.6514 1.69644 1.74101 1.78889 3.61146 3.56449 3.61634 3.61148 3.63622 3.66999 3.69978 3.6745 3.6782 3.68948 3.68771 3.68864 3.68939 3.68764 3.69113 3.6814 3.6754 3.66737 3.66067 3.64835 3.64497 3.63652 3.62768 3.61875 3.60409 3.60023 3.59117 3.58231 3.57337 3.56471 3.55638 3.54827 3.54067 3.53312 3.52638 3.52009 3.51471 3.50758 3.50437 3.50053 3.49749 3.4945 3.49254 3.49131 3.4905 3.4907 3.49004 3.49599 3.4984 3.50279 3.50783 3.5114 3.51801 3.52252 3.52296 3.52891 
1.5 1.5 1.5 1.5 1.5 1.5 1.5 1.5 1.5 1.5 1.5 1.23501 1.27411 1.31427 1.35456 1.39467 1.43581 1.47737 1.5184 1.56059 1.60292 1.64543 1.68953 1.73267 1.77922 3.56996 3.51329 3.58164 3.56839 3.59077 3.61728 3.67288 3.65727 3.65167 3.66397 3.66602 3.66973 3.67341 3.67426 3.67945 3.67361 3.67026 3.664 3.65869 3.64871 3.64621 3.63894 3.63139 3.62354 3.61001 3.60649 3.59791 3.58951 3.58105 3.57274 3.56478 3.55662 3.54908 3.5414 3.53456 3.52824 3.5227 3.5171 3.51222 3.50809 3.50296 3.50143 3.49906 3.49749 3.49629 3.49608 3.49818 3.5006 3.5027 3.50737 3.5123 3.51437 3.52014 3.52608 3.52521 3.53189 
1.5 1.5 1.5 1.5 1.5 1.5 1.5 1.5 1.5 1.5 1.5 1.23651 1.27593 1.31627 1.35703 1.39751 1.43871 1.48025 1.52214 1.56476 1.60734 1.65013 1.69353 1.73715 1.78386 3.53552 3.45037 3.55043 3.5322 3.55692 3.5848 3.62635 3.6462 3.62747 3.63974 3.64504 3.65092 3.65754 3.6609 3.66897 3.66418 3.6627 3.65913 3.65421 3.64649 3.6447 3.6388 3.63256 3.62564 3.61327 3.61041 3.60261 3.59474 3.58675 3.57883 3.57113 3.56333 3.5559 3.54824 3.54136 3.53491 3.52908 3.52336 3.51864 3.51335 3.50941 3.50571 3.50303 3.501 3.49934 3.49873 3.50049 3.50282 3.50097 3.50851 3.51258 3.51502 3.52234 3.52717 3.52632 3.5351 
1.5 1.5 1.5 1.5 1.5 1.5 1.5 1.5 1.5 1.5 1.5 1.23566 1.27417 1.31253 1.35233 1.39338 1.4336 1.47452 1.51501 1.55501 1.59752 1.64034 1.68233 1.72632 1.77216 3.52727 3.44043 3.54167 3.52135 3.54919 3.5748 3.61049 3.64382 3.62 3.63399 3.6385 3.64484 3.65194 3.65589 3.6635 3.6607 3.65991 3.65695 3.65243 3.64527 3.64397 3.63844 3.63254 3.62614 3.61414 3.6115 3.60405 3.59627 3.58846 3.58062 3.57297 3.56549 3.5577 3.55038 3.54305 3.53663 3.53069 3.52505 3.51986 3.51477 3.51056 3.50682 3.50409 3.50196 3.50008 3.49947 3.50126 3.50367 3.50495 3.50901 3.51227 3.51622 3.52239 3.52811 3.52679 3.53696 
1.5 1.5 1.5 1.5 1.5 1.5 1.5 1.5 1.5 1.5 1.5 1.23613 1.27559 1.31592 1.35658 1.39736 1.43825 1.47969 1.5216 1.56401 1.60651 1.64878 1.69279 1.73548 1.78094 3.53524 3.44495 3.5419 3.52666 3.55335 3.57918 3.62101 3.64203 3.62301 3.63527 3.64071 3.64647 3.65333 3.65707 3.66423 3.66075 3.65947 3.656 3.65126 3.64349 3.64192 3.63607 3.62981 3.62296 3.61072 3.608 3.60006 3.59226 3.58426 3.57656 3.56881 3.56099 3.55353 3.54591 3.53913 3.53291 3.52721 3.52182 3.51678 3.51202 3.50804 3.50471 3.50243 3.50042 3.49904 3.49864 3.50068 3.50356 3.50497 3.50901 3.51346 3.51722 3.52058 3.52899 3.52844 3.53715 
1.5 1.5 1.5 1.5 1.5 1.5 1.5 1.5 1.5 1.5 1.5 1.23603 1.27522 1.31524 1.35544 1.39599 1.4368 1.47848 1.51978 1.56155 1.60418 1.64687 1.69138 1.73489 1.77956 3.56897 3.50572 3.56714 3.56064 3.58102 3.60897 3.66369 3.64981 3.64435 3.65688 3.65847 3.66216 3.66587 3.66768 3.6744 3.66758 3.66458 3.65867 3.65329 3.64341 3.64107 3.6339 3.62661 3.61887 3.60532 3.60212 3.59347 3.58516 3.57684 3.5687 3.56069 3.55269 3.54509 3.53755 3.53098 3.52496 3.51964 3.51464 3.50963 3.50573 3.50239 3.49964 3.49752 3.49634 3.49554 3.4956 3.49831 3.50144 3.50333 3.50803 3.51402 3.51641 3.52041 3.52906 3.52865 3.53555 
1.5 1.5 1.5 1.5 1.5 1.5 1.5 1.5 1.5 1.5 1.5 1.23824 1.2776 1.31789 1.35845 1.39925 1.44029 1.48207 1.52378 1.56557 1.60863 1.65237 1.69775 1.74253 1.78843 3.61176 3.5662 3.60942 3.60424 3.61649 3.66269 3.6901 3.6653 3.66894 3.67989 3.6782 3.67894 3.67928 3.67834 3.68247 3.67302 3.66716 3.65958 3.65298 3.64079 3.63768 3.62936 3.62088 3.61208 3.59743 3.594 3.585 3.57615 3.5677 3.55932 3.55118 3.54316 3.53558 3.52815 3.52175 3.51594 3.51087 3.50604 3.50124 3.49771 3.49479 3.49234 3.49063 3.48983 3.48945 3.48995 3.49296 3.49645 3.49868 3.50352 3.51002 3.513 3.51787 3.52639 3.5267 3.53293 
1.5 1.5 1.5 1.5 1.5 1.5 1.5 1.5 1.5 1.5 1.5 1.24593 1.28702 1.32873 1.37035 1.41279 1.45553 1.49789 1.54182 1.58677 1.63131 1.67474 1.71872 1.76356 1.81172 3.65325 3.61447 3.67316 3.63328 3.67831 3.70995 3.68995 3.68787 3.69048 3.69927 3.6944 3.69188 3.68914 3.68452 3.68646 3.67348 3.66499 3.65689 3.64845 3.63421 3.63049 3.62111 3.61173 3.60208 3.58656 3.58292 3.57366 3.56453 3.55587 3.54741 3.53928 3.53125 3.52377 3.51641 3.51025 3.50469 3.4997 3.49511 3.49107 3.48749 3.48481 3.48271 3.48139 3.48106 3.48122 3.48236 3.48566 3.48949 3.49225 3.49698 3.50357 3.50763 3.51359 3.5232 3.52478 3.53182 
1.5 1.5 1.5 1.5 1.5 1.5 1.5 1.5 1.5 1.5 1.5 1.23562 1.27409 1.31321 1.35337 1.39371 1.43454 1.47515 1.51634 1.557 1.59902 1.64279 1.68514 1.72959 1.77521 3.6859 3.68199 3.68966 3.69726 3.723 3.70367 3.70354 3.70337 3.70441 3.71137 3.70336 3.69784 3.69148 3.68478 3.68341 3.66771 3.65881 3.64932 3.63953 3.62362 3.61936 3.60917 3.59906 3.58887 3.5728 3.56902 3.55972 3.55058 3.54173 3.5333 3.52539 3.51763 3.51057 3.50334 3.49755 3.49195 3.48718 3.48323 3.47953 3.47613 3.47386 3.47221 3.46902 3.47154 3.47004 3.47388 3.4775 3.48161 3.48502 3.48984 3.49625 3.50092 3.5084 3.51866 3.52233 3.52847 
1.5 1.5 1.5 1.5 1.5 1.5 1.5 1.5 1.5 1.5 1.5 1.24759 1.28725 1.32682 1.36728 1.40799 1.44897 1.49045 1.53232 1.57389 1.61607 1.65866 1.70026 1.74343 1.78572 3.70243 3.73381 3.72895 3.71771 3.70517 3.70558 3.70616 3.70464 3.70413 3.70937 3.69938 3.69169 3.68236 3.67315 3.67033 3.65408 3.64419 3.63373 3.62322 3.60621 3.60172 3.5969 3.58081 3.57013 3.5539 3.5504 3.54119 3.5322 3.52368 3.51558 3.50808 3.50085 3.49255 3.4876 3.48198 3.47729 3.47315 3.46964 3.46646 3.46364 3.46203 3.46087 3.46073 3.46131 3.46251 3.46456 3.46844 3.47291 3.4769 3.48179 3.48835 3.49284 3.50144 3.51157 3.51515 3.52239 
1.5 1.5 1.5 1.5 1.5 1.5 1.5 1.5 1.5 1.5 1.5 1.25538 1.29588 1.33721 1.37917 1.42089 1.46312 1.50615 1.54907 1.59295 1.63698 1.68148 1.72707 1.77253 1.81791 3.70301 3.83479 3.71177 3.69761 3.69891 3.69807 3.69623 3.69386 3.69173 3.69552 3.68404 3.67453 3.66085 3.65121 3.64774 3.63076 3.62022 3.60943 3.5987 3.58137 3.57686 3.56619 3.55592 3.54553 3.53001 3.52691 3.51826 3.50975 3.50209 3.49466 3.4876 3.48105 3.47504 3.46969 3.46492 3.46103 3.4578 3.45478 3.45249 3.44887 3.44989 3.44951 3.44986 3.45132 3.45321 3.45587 3.45769 3.46488 3.46933 3.47538 3.48164 3.48606 3.49276 3.5058 3.50816 3.51609 
1.5 1.5 1.5 1.5 1.5 1.5 1.5 1.5 1.5 1.5 1.5 1.25911 1.29974 1.34172 1.3839 1.42657 1.46935 1.51285 1.55622 1.60084 1.64582 1.69173 1.73956 1.78762 1.84009 3.66634 3.80038 3.66528 3.66222 3.66238 3.66109 3.65933 3.65732 3.65525 3.65886 3.64775 3.6385 3.62497 3.61582 3.61247 3.59625 3.58616 3.57622 3.56599 3.54959 3.54579 3.5361 3.52667 3.51754 3.50326 3.50071 3.49295 3.48482 3.47909 3.4725 3.46679 3.46137 3.45645 3.45208 3.44681 3.44515 3.44253 3.44063 3.43922 3.43809 3.43804 3.4383 3.43925 3.4411 3.44359 3.44627 3.45084 3.4558 3.46065 3.46636 3.47345 3.47899 3.48546 3.49548 3.49848 3.50469 
1.5 1.5 1.5 1.5 1.5 1.5 1.5 1.5 1.5 1.5 1.5 1.27194 1.31532 1.3608 1.40616 1.45175 1.49746 1.54434 1.59144 1.63929 1.68935 1.7385 1.79019 1.84153 1.90289 3.60464 3.7406 3.60468 3.60315 3.60378 3.6032 3.60314 3.60207 3.60091 3.60495 3.59558 3.58789 3.57598 3.56847 3.56626 3.55211 3.54374 3.53522 3.52685 3.51265 3.50992 3.50181 3.49392 3.48635 3.47377 3.47245 3.46607 3.4603 3.45471 3.44879 3.44479 3.44046 3.43658 3.43323 3.43036 3.4281 3.42631 3.42343 3.42458 3.42404 3.42449 3.42535 3.42693 3.42927 3.43215 3.43556 3.4405 3.44598 3.44903 3.45677 3.46417 3.47085 3.47871 3.48712 3.49275 3.4992 
1.5 1.5 1.5 1.5 1.5 1.5 1.5 1.5 1.5 1.5 1.5 1.26661 1.30549 1.34373 1.38405 1.42545 1.467 1.50816 1.55043 1.59258 1.63524 1.6777 1.72025 1.76605 1.80978 3.52361 3.63294 3.52237 3.52524 3.5273 3.52911 3.53097 3.53177 3.53238 3.5375 3.53102 3.52592 3.51731 3.51237 3.51201 3.50082 3.49466 3.48833 3.48211 3.47052 3.4691 3.46273 3.45672 3.45091 3.44045 3.44024 3.43546 3.43087 3.42681 3.42301 3.41976 3.4167 3.41405 3.41193 3.41028 3.40925 3.40859 3.40827 3.40858 3.4093 3.41064 3.41234 3.41465 3.41771 3.42128 3.42535 3.4308 3.43647 3.44251 3.44833 3.45565 3.46284 3.47111 3.4806 3.48638 3.49401 
1.5 1.5 1.5 1.5 1.5 1.5 1.5 1.5 1.5 1.5 1.5 1.24918 1.28848 1.32825 1.36839 1.40936 1.45059 1.49183 1.53384 1.57565 1.61787 1.66049 1.70185 1.74526 1.78436 3.42675 3.4801 3.43012 3.43543 3.43966 3.44389 3.44777 3.45093 3.45383 3.46042 3.45752 3.45574 3.45191 3.44977 3.45149 3.44381 3.44031 3.43666 3.43293 3.42464 3.42474 3.42432 3.41671 3.41289 3.40504 3.40598 3.40296 3.40006 3.39759 3.39541 3.39361 3.39205 3.39075 3.38999 3.38972 3.38999 3.39052 3.3914 3.39284 3.39473 3.39706 3.39973 3.4029 3.40681 3.41108 3.41583 3.42176 3.4278 3.43433 3.44069 3.44786 3.45527 3.46392 3.47343 3.4793 3.48662 
1.5 1.5 1.5 1.5 1.5 1.5 1.5 1.5 1.5 1.5 1.5 1.24211 1.28122 1.32116 1.36124 1.4019 1.44306 1.48464 1.52631 1.5685 1.61068 1.65331 1.69585 1.73924 1.78282 3.33189 3.35146 3.34231 3.34799 3.35414 3.36009 3.36577 3.37092 3.37582 3.38364 3.38376 3.38484 3.38489 3.38526 3.38879 3.38461 3.38376 3.38274 3.38143 3.37641 3.37823 3.37656 3.37488 3.37333 3.36824 3.37054 3.3695 3.36778 3.36774 3.36739 3.36719 3.36718 3.36759 3.36814 3.36917 3.3707 3.37241 3.3746 3.37713 3.38 3.38334 3.38703 3.38989 3.39585 3.40083 3.40615 3.41259 3.41913 3.42609 3.43313 3.44065 3.44815 3.45692 3.46604 3.47193 3.47788 
1.5 1.5 1.5 1.5 1.5 1.5 1.5 1.5 1.5 1.5 1.5 1.23045 1.26899 1.30778 1.34713 1.38734 1.42758 1.468 1.50898 1.54968 1.59116 1.63294 1.67459 1.71704 1.75869 3.24593 3.25594 3.25981 3.2665 3.27403 3.28127 3.28831 3.2949 3.30133 3.30998 3.31255 3.31594 3.31873 3.32147 3.32666 3.32554 3.32708 3.32845 3.32956 3.3276 3.33105 3.33169 3.33229 3.33265 3.33065 3.33439 3.33537 3.3364 3.33741 3.33885 3.34046 3.34216 3.34407 3.34628 3.34869 3.35151 3.35451 3.35787 3.36146 3.36529 3.36953 3.37415 3.3791 3.3845 3.39009 3.39589 3.4027 3.4097 3.41704 3.42444 3.43204 3.44022 3.44915 3.45769 3.46422 3.46977 
1.5 1.5 1.5 1.5 1.5 1.5 1.5 1.5 1.5 1.5 1.5 1.21625 1.25388 1.29201 1.33062 1.36926 1.40823 1.44732 1.48694 1.52703 1.56717 1.60757 1.64788 1.6885 1.73055 3.16682 3.17439 3.18289 3.19107 3.19963 3.20781 3.21592 3.22371 3.23136 3.24062 3.24537 3.25074 3.25581 3.26057 3.26567 3.26903 3.27279 3.27639 3.27969 3.28065 3.28563 3.28845 3.2912 3.29396 3.29445 3.29948 3.30236 3.3051 3.30792 3.31109 3.31427 3.31755 3.32095 3.32453 3.3283 3.33236 3.3358 3.34098 3.34559 3.35033 3.35543 3.36088 3.36665 3.37269 3.37886 3.38523 3.39252 3.39987 3.40757 3.41531 3.42286 3.43163 3.44137 3.44911 3.45632 3.46331 
1.5 1.5 1.5 1.5 1.5 1.5 1.5 1.5 1.5 1.5 1.5 1.20386 1.24113 1.27825 1.31564 1.35377 1.39217 1.43055 1.46939 1.50835 1.54771 1.5871 1.62542 1.66576 1.70653 3.09743 3.10548 3.11604 3.12505 3.13418 3.14324 3.15211 3.1608 3.16938 3.17921 3.18556 3.19251 3.19928 3.2057 3.21203 3.2177 3.2233 3.22875 3.23392 3.23735 3.24366 3.24829 3.25296 3.25754 3.26042 3.26656 3.27099 3.27542 3.27984 3.28445 3.28907 3.29377 3.29851 3.30335 3.30833 3.3135 3.31875 3.32421 3.32975 3.33543 3.34136 3.34758 3.35406 3.36068 3.36744 3.37434 3.38193 3.38976 3.39773 3.40584 3.41365 3.4226 3.43223 3.43981 3.44778 3.45569 
1.5 1.5 1.5 1.5 1.5 1.5 1.5 1.5 1.5 1.5 1.5 1.19097 1.22747 1.26429 1.30132 1.3382 1.37588 1.41352 1.45148 1.48971 1.52775 1.56643 1.60438 1.64368 1.68395 3.03995 3.04921 3.06029 3.06969 3.07955 3.08897 3.09841 3.10774 3.11698 3.12704 3.13471 3.14284 3.1508 3.15847 3.16718 3.17314 3.18015 3.18703 3.19365 3.19904 3.20637 3.21253 3.21863 3.22465 3.22938 3.23646 3.24222 3.24801 3.25376 3.2591 3.26541 3.27128 3.27716 3.28307 3.28907 3.29517 3.30136 3.30768 3.31407 3.32063 3.32729 3.3342 3.34127 3.34842 3.35571 3.36311 3.37109 3.37929 3.38748 3.39601 3.40421 3.41349 3.42222 3.43016 3.43881 3.44706 
1.5 1.5 1.5 1.5 1.5 1.5 1.5 1.5 1.5 1.5 1.5 1.17788 1.21357 1.24949 1.2859 1.32218 1.35864 1.39546 1.43235 1.46977 1.50684 1.5441 1.58165 1.61972 1.65867 2.99262 3.00279 3.01373 3.0234 3.03381 3.04337 3.05322 3.06296 3.07264 3.08289 3.09147 3.10043 3.10927 3.11787 3.1272 3.13455 3.14264 3.15062 3.15839 3.16531 3.1735 3.18087 3.18817 3.19537 3.20164 3.20948 3.21635 3.22294 3.23012 3.23694 3.24377 3.25061 3.25743 3.26424 3.2711 3.27798 3.28493 3.29197 3.29905 3.30627 3.31358 3.32103 3.32857 3.33616 3.34388 3.35168 3.35997 3.36849 3.37684 3.38573 3.39439 3.4037 3.41188 3.42018 3.42938 3.43775 
1.5 1.5 1.5 1.5 1.5 1.5 1.5 1.5 1.5 1.5 1.5 1.16534 1.20016 1.23527 1.27051 1.30628 1.3419 1.37758 1.41369 1.44965 1.48605 1.52232 1.55914 1.59591 1.63367 2.95467 2.96526 2.97587 2.98574 2.99484 3.00618 3.01628 3.02632 3.03631 3.04669 3.05592 3.06548 3.07494 3.0842 3.09401 3.1024 3.11127 3.12003 3.12862 3.13666 3.14544 3.15366 3.1618 3.16982 3.1772 3.18558 3.19327 3.201 3.20865 3.21622 3.22378 3.23133 3.23886 3.24636 3.2539 3.26144 3.26901 3.27664 3.28433 3.29215 3.3 3.30794 3.31591 3.32396 3.33213 3.34037 3.34897 3.35779 3.3664 3.37557 3.38475 3.39386 3.40183 3.41099 3.42047 3.42908 
1.5 1.5 1.5 1.5 1.5 1.5 1.5 1.5 1.5 1.5 1.5 1.15295 1.18699 1.22123 1.25587 1.29082 1.32519 1.36043 1.39539 1.43077 1.46593 1.50132 1.53718 1.57291 1.60953 2.92619 2.93678 2.94697 2.95707 2.96771 2.97762 2.98779 2.99794 3.00803 3.01745 3.02797 3.0378 3.04754 3.05716 3.06718 3.07607 3.0854 3.09462 3.10371 3.11247 3.12161 3.13037 3.13905 3.14761 3.1557 3.16446 3.17275 3.18105 3.18927 3.1974 3.20551 3.2136 3.22169 3.22976 3.23785 3.24595 3.25407 3.26221 3.27043 3.27876 3.2871 3.29548 3.30384 3.31233 3.3209 3.32952 3.33843 3.34751 3.35642 3.36578 3.37532 3.38418 3.39201 3.40225 3.41168 3.42056 
1.5 1.5 1.5 1.5 1.5 1.5 1.5 1.5 1.5 1.5 1.5 1.1408 1.17414 1.20789 1.2418 1.27598 1.30939 1.34372 1.37823 1.41236 1.44663 1.4809 1.51533 1.55047 1.58547 2.90406 2.9144 2.92439 2.93464 2.94522 2.95517 2.96535 2.97553 2.98565 2.99604 3.00573 3.01567 3.02556 3.03535 3.04535 3.05466 3.06423 3.07369 3.08307 3.0922 3.10157 3.11068 3.11971 3.12865 3.13723 3.14629 3.15503 3.16375 3.17241 3.18101 3.18954 3.19807 3.20661 3.21514 3.22367 3.23222 3.24076 3.24934 3.25797 3.26666 3.27537 3.28409 3.29276 3.30156 3.31041 3.31931 3.32844 3.33766 3.34685 3.35623 3.36596 3.37477 3.38271 3.39339 3.40274 3.41182 
1.5 1.5 1.5 1.5 1.5 1.5 1.5 1.5 1.5 1.5 1.5 1.12887 1.16154 1.19464 1.22778 1.26052 1.29338 1.32705 1.3604 1.39361 1.42715 1.46072 1.49421 1.52818 1.56195 2.88647 2.89641 2.90629 2.9166 2.92598 2.93697 2.94711 2.95726 2.96736 2.97765 2.98746 2.99744 3.00739 3.01727 3.0273 3.03687 3.04659 3.05623 3.06581 3.07522 3.08477 3.09414 3.10346 3.1127 3.12168 3.131 3.14011 3.1492 3.15818 3.16714 3.17606 3.18497 3.19387 3.20277 3.21164 3.22053 3.2294 3.23829 3.24721 3.25614 3.26509 3.27404 3.28293 3.29192 3.30094 3.30998 3.31925 3.32851 3.33791 3.34721 3.35693 3.36584 3.37421 3.3846 3.39396 3.40319 
1.5 1.5 1.5 1.5 1.5 1.5 1.5 1.5 1.5 1.5 1.5 1.11751 1.14952 1.18165 1.21396 1.24606 1.27855 1.31125 1.34363 1.37637 1.40874 1.44145 1.47435 1.50716 1.53997 2.87348 2.88309 2.89293 2.90322 2.9136 2.92335 2.93338 2.94343 2.95343 2.9636 2.97338 2.98328 2.99317 3.00302 3.01296 3.02259 3.03235 3.04205 3.05171 3.06126 3.07093 3.08047 3.08998 3.09944 3.10871 3.11824 3.12763 3.13696 3.14624 3.15552 3.16474 3.17394 3.18314 3.19232 3.20146 3.21061 3.21973 3.22885 3.23798 3.24707 3.25618 3.26528 3.27436 3.28346 3.29257 3.3017 3.31105 3.32034 3.32985 3.33907 3.34862 3.35779 3.36682 3.37645 3.38586 3.39524 
1.5 1.5 1.5 1.5 1.5 1.5 1.5 1.5 1.5 1.5 1.5 1.10662 1.13808 1.16971 1.20105 1.23285 1.26468 1.29616 1.32801 1.35986 1.39152 1.42351 1.45555 1.48744 1.51934 2.86335 2.87279 2.88265 2.89282 2.90288 2.91272 2.92267 2.93261 2.94253 2.95268 2.96234 2.97216 2.98198 2.99179 3.00168 3.01134 3.0211 3.03082 3.04053 3.05014 3.05989 3.06954 3.07918 3.08879 3.09827 3.10795 3.11752 3.12705 3.13653 3.14603 3.15547 3.16489 3.17429 3.18367 3.19301 3.20234 3.21164 3.22092 3.23018 3.23939 3.24861 3.25783 3.26705 3.27624 3.28544 3.29464 3.30404 3.31336 3.32292 3.33215 3.34151 3.35096 3.36067 3.36953 3.37899 3.38849 
1.5 1.5 1.5 1.5 1.5 1.5 1.5 1.5 1.5 1.5 1.5 1.09664 1.12759 1.15853 1.18932 1.2207 1.2514 1.2826 1.31351 1.34482 1.37572 1.40699 1.43814 1.46925 1.49977 2.85552 2.86498 2.87487 2.88486 2.89479 2.90457 2.91444 2.92429 2.93414 2.94374 2.95382 2.96359 2.97335 2.98312 2.99295 3.00264 3.01239 3.02213 3.03187 3.04155 3.05134 3.06107 3.07078 3.08049 3.0901 3.09987 3.10956 3.11921 3.12882 3.13845 3.14803 3.15759 3.16712 3.17663 3.18609 3.19554 3.20496 3.21436 3.22372 3.23305 3.24236 3.25168 3.26103 3.27032 3.27961 3.28891 3.29836 3.30776 3.31733 3.32667 3.33594 3.34558 3.35581 3.36426 3.37372 3.3833 
1.5 1.5 1.5 1.5 1.5 1.5 1.5 1.5 1.5 1.5 1.5 1.08726 1.11773 1.14818 1.17863 1.209 1.23962 1.26952 1.30042 1.33099 1.36121 1.39179 1.42217 1.45268 1.48236 2.84963 2.85925 2.86917 2.87901 2.88896 2.89863 2.90846 2.91827 2.92807 2.93799 2.94767 2.9574 2.96712 2.97685 2.98665 2.99632 3.00605 3.01577 3.02551 3.03517 3.04498 3.05472 3.06446 3.0742 3.08386 3.09367 3.10339 3.1131 3.12277 3.13246 3.14212 3.15176 3.16136 3.17095 3.18051 3.19004 3.19956 3.20905 3.21851 3.22796 3.23739 3.24681 3.2563 3.26572 3.27514 3.28457 3.29411 3.30364 3.31321 3.32274 3.33206 3.34178 3.3523 3.36083 3.37029 3.37995 
1.5 1.5 1.5 1.5 1.5 1.5 1.5 1.5 1.5 1.5 1.5 1.07854 1.10847 1.13842 1.16853 1.19796 1.22811 1.25844 1.28802 1.31763 1.34763 1.37761 1.40738 1.43731 1.467 2.84475 2.85455 2.86447 2.87421 2.88406 2.89382 2.90364 2.91344 2.92323 2.93313 2.94282 2.95256 2.96229 2.97203 2.98183 2.99151 3.00124 3.01098 3.02072 3.0304 3.04021 3.04996 3.05971 3.06947 3.07916 3.08896 3.0987 3.10843 3.11814 3.12786 3.13756 3.14724 3.1569 3.16654 3.17618 3.18579 3.1954 3.20499 3.21457 3.22415 3.23371 3.24327 3.2529 3.26249 3.27207 3.28167 3.29131 3.301 3.31063 3.32036 3.32985 3.3396 3.35013 3.35915 3.36867 3.37844 
1.5 1.5 1.5 1.5 1.5 1.5 1.5 1.5 1.5 1.5 1.5 1.0706 1.10016 1.12924 1.15888 1.18792 1.21791 1.24736 1.27638 1.30565 1.33506 1.36449 1.3937 1.423 1.45209 2.84048 2.85044 2.86034 2.87008 2.87995 2.88974 2.89957 2.9094 2.91922 2.92912 2.93886 2.94864 2.95842 2.9682 2.97788 2.98776 2.99753 3.00731 3.01709 3.02682 3.03664 3.04641 3.05619 3.06596 3.07571 3.08551 3.09526 3.10502 3.11477 3.12451 3.13425 3.14398 3.1537 3.16342 3.17314 3.18284 3.19255 3.20225 3.21195 3.22168 3.23139 3.24111 3.25087 3.26063 3.27039 3.28017 3.28994 3.29977 3.3095 3.31939 3.32912 3.3389 3.34922 3.3589 3.36856 3.37845 
1.5 1.5 1.5 1.5 1.5 1.5 1.5 1.5 1.5 1.5 1.5 1.06308 1.09211 1.12104 1.15012 1.17946 1.20802 1.23671 1.26603 1.29468 1.32351 1.35245 1.38119 1.40995 1.43832 2.83642 2.84647 2.85638 2.8662 2.8761 2.88598 2.89586 2.90574 2.91563 2.92552 2.93539 2.94526 2.95512 2.96499 2.9749 2.98472 2.99457 3.00443 3.01428 3.02411 3.03397 3.04381 3.05364 3.06347 3.07329 3.08312 3.09293 3.10275 3.11257 3.12237 3.13219 3.14199 3.1518 3.16161 3.17144 3.18125 3.19107 3.20091 3.21075 3.22061 3.23047 3.24034 3.25022 3.26013 3.27005 3.27998 3.28987 3.29981 3.30966 3.31966 3.3296 3.33946 3.34944 3.35969 3.36954 3.37952 
1.5 1.5 1.5 1.5 1.5 1.5 1.5 1.5 1.5 1.5 1.5 1.05619 1.0849 1.11364 1.14201 1.17088 1.19897 1.22795 1.25615 1.28467 1.31303 1.34138 1.36977 1.39803 1.42639 2.83235 2.84247 2.85241 2.86234 2.8723 2.88225 2.89221 2.90216 2.91212 2.92207 2.93204 2.94203 2.95202 2.96201 2.97197 2.98197 2.99195 3.00193 3.01191 3.0219 3.03184 3.04179 3.05175 3.06169 3.07166 3.08157 3.0915 3.10143 3.11137 3.12129 3.13122 3.14115 3.15108 3.16102 3.17097 3.18092 3.19088 3.20086 3.21083 3.22083 3.23083 3.24084 3.25083 3.26087 3.2709 3.28095 3.29095 3.30097 3.31093 3.32097 3.33107 3.34104 3.35072 3.36129 3.37131 3.38138 
1.5 1.5 1.5 1.5 1.5 1.5 1.5 1.5 1.5 1.5 1.5 1.04975 1.07799 1.10653 1.13455 1.16299 1.19076 1.2187 1.2472 1.27488 1.30308 1.33094 1.35896 1.38674 1.4146 2.82848 2.83863 2.84864 2.85867 2.8687 2.87872 2.88874 2.89877 2.90881 2.9188 2.9289 2.93902 2.94914 2.95926 2.96934 2.9795 2.98962 2.99975 3.00988 3.02007 3.03011 3.04023 3.05033 3.06044 3.07061 3.08063 3.09072 3.10081 3.1109 3.12098 3.13106 3.14115 3.15125 3.16134 3.17145 3.18155 3.19167 3.20178 3.21191 3.22204 3.23217 3.24231 3.25242 3.26256 3.2727 3.28284 3.29293 3.30301 3.31308 3.32315 3.33332 3.34341 3.35297 3.36358 3.37374 3.38385 
1.5 1.5 1.5 1.5 1.5 1.5 1.5 1.5 1.5 1.5 1.5 1.0438 1.07148 1.09976 1.1279 1.15567 1.18349 1.21045 1.23862 1.26647 1.294 1.3215 1.34908 1.37649 1.40392 2.82495 2.83511 2.8452 2.8553 2.86516 2.87546 2.88554 2.89563 2.90574 2.91577 2.926 2.93623 2.94648 2.95672 2.96691 2.97725 2.98753 2.99781 3.00809 3.01849 3.02866 3.03895 3.04924 3.05952 3.06992 3.08008 3.09035 3.10063 3.1109 3.12117 3.13144 3.14172 3.15199 3.16227 3.17254 3.18282 3.1931 3.20337 3.21365 3.22392 3.23419 3.24446 3.25469 3.26494 3.27518 3.28541 3.29558 3.30572 3.31588 3.32599 3.33619 3.34638 3.35601 3.36649 3.37673 3.38687 
1.5 1.5 1.5 1.5 1.5 1.5 1.5 1.5 1.5 1.5 1.5 1.0388 1.06649 1.09409 1.12162 1.14885 1.17688 1.20462 1.23156 1.25888 1.28631 1.31342 1.34063 1.36771 1.39486 2.82208 2.83225 2.84239 2.85252 2.86263 2.87274 2.88286 2.89299 2.90315 2.9132 2.92353 2.93385 2.94419 2.95453 2.96477 2.9753 2.98571 2.99613 3.00657 3.01717 3.02748 3.03795 3.04842 3.0589 3.06954 3.07986 3.09034 3.10082 3.1113 3.12178 3.13225 3.14272 3.15319 3.16366 3.17412 3.18457 3.19502 3.20546 3.21589 3.2263 3.2367 3.24709 3.25744 3.26778 3.27811 3.28842 3.29866 3.30886 3.31909 3.32924 3.33945 3.34969 3.35952 3.36981 3.38005 3.39019 
1.5 1.5 1.5 1.5 1.5 1.5 1.5 1.5 1.5 1.5 1.5 1.03413 1.06159 1.08886 1.11619 1.14364 1.17123 1.19794 1.22516 1.2521 1.2791 1.30597 1.33277 1.35956 1.38596 2.81974 2.82989 2.84004 2.85016 2.86027 2.87038 2.88051 2.89065 2.90082 2.91089 2.92126 2.93161 2.94199 2.9524 2.96267 2.97331 2.98381 2.99433 3.00488 3.01563 3.02605 3.03666 3.04729 3.05793 3.06878 3.07925 3.08992 3.1006 3.11128 3.12197 3.13265 3.14334 3.15403 3.16471 3.17539 3.18606 3.19672 3.20737 3.218 3.2286 3.23919 3.24977 3.26031 3.27082 3.28131 3.29177 3.30214 3.31246 3.3228 3.33308 3.34335 3.35367 3.36381 3.37402 3.38432 3.39456 
1.5 1.5 1.5 1.5 1.5 1.5 1.5 1.5 1.5 1.5 1.5 1.03072 1.05801 1.08522 1.11226 1.13967 1.16631 1.19348 1.22056 1.2469 1.27388 1.30046 1.32699 1.35354 1.38014 2.81827 2.82842 2.83854 2.84864 2.85874 2.86884 2.87896 2.88911 2.89928 2.90925 2.91974 2.93011 2.94052 2.95096 2.96124 2.97196 2.98251 2.9931 3.00372 3.01457 3.02507 3.03578 3.04652 3.05727 3.06827 3.07884 3.08965 3.10047 3.1113 3.12214 3.13297 3.14382 3.15467 3.16551 3.17635 3.18718 3.198 3.20881 3.2196 3.23036 3.24111 3.25182 3.26252 3.27318 3.2838 3.2944 3.30488 3.31532 3.32575 3.33614 3.34648 3.35683 3.36731 3.37748 3.38783 3.39816 
1.5 1.5 1.5 1.5 1.5 1.5 1.5 1.5 1.5 1.5 1.5 1.02759 1.05484 1.08163 1.10924 1.13561 1.16249 1.1896 1.21572 1.2424 1.26924 1.29563 1.32186 1.34822 1.3747 2.81737 2.82749 2.83755 2.84761 2.85769 2.86775 2.87785 2.88798 2.89813 2.90817 2.91856 2.92891 2.9393 2.94974 2.96 2.97076 2.98133 2.99195 3.00261 3.0135 3.02406 3.03484 3.04566 3.0565 3.06762 3.07829 3.08921 3.10016 3.11113 3.12211 3.13309 3.14409 3.1551 3.16611 3.17711 3.1881 3.19909 3.21006 3.22102 3.23195 3.24285 3.25372 3.26458 3.2754 3.28618 3.29693 3.30753 3.3181 3.32862 3.33914 3.34958 3.35999 3.37074 3.38098 3.39142 3.40189 
1.5 1.5 1.5 1.5 1.5 1.5 1.5 1.5 1.5 1.5 1.5 1.02617 1.05325 1.08037 1.10729 1.13421 1.1609 1.18759 1.21394 1.24091 1.26735 1.29366 1.32015 1.34646 1.37299 2.81635 2.82637 2.83637 2.8464 2.85643 2.86649 2.87658 2.88669 2.89685 2.90687 2.91728 2.92764 2.93805 2.94852 2.9588 2.96965 2.98029 2.991 3.00176 3.01278 3.02346 3.03438 3.04535 3.05636 3.06769 3.0785 3.08961 3.10075 3.11191 3.12308 3.13425 3.14543 3.15661 3.16778 3.17894 3.19008 3.20119 3.21228 3.22334 3.23435 3.24533 3.25626 3.26716 3.27801 3.28881 3.29956 3.31017 3.32074 3.33126 3.34176 3.35221 3.36261 3.37324 3.38352 3.39392 3.40435 
1.5 1.5 1.5 1.5 1.5 1.5 1.5 1.5 1.5 1.5 1.5 1.02265 1.04955 1.07629 1.10271 1.1295 1.15594 1.18227 1.20901 1.23525 1.26101 1.28746 1.31343 1.33939 1.36476 2.81507 2.82492 2.8348 2.8447 2.85462 2.86457 2.87454 2.88454 2.89458 2.90446 2.91476 2.92496 2.93522 2.94553 2.95568 2.96636 2.97687 2.98745 2.9981 3.00899 3.01962 3.03049 3.04143 3.05243 3.06376 3.07465 3.08585 3.0971 3.10841 3.11977 3.13118 3.14262 3.1541 3.1656 3.17713 3.18866 3.20021 3.21175 3.22327 3.23478 3.24627 3.25772 3.26914 3.28052 3.29186 3.30317 3.31422 3.32521 3.33615 3.34706 3.35794 3.36879 3.37961 3.39053 3.40145 3.4125 
