63 81 1.5 0.33
0 2 4 6 8 10 12 14 16 18 20 22 24 26 28 30 32 34 36 38 40 42 44 46 48 50 52 54 56 58 60 62 64 66 68 70 72 74 76 78 80 82 84 86 88 90 92 94 96 98 100 102 104 106 108 110 112 114 116 118 120 122 124 
0 0 0 0 0 0 0 0 0 0 0 0 0 0 0 0 0 0 0 0 0 0 0 0 0 0 0 0 0 0 0 0 0 0 0 0 0 0 0 0 0 0 0 0 0 0 0 0 0 0 0 0 0 0 0 0 0 0 0 0 0 0 0 
0 0.2 0.4 0.6 0.8 1 1.2 1.4 1.6 1.8 2 2.2 2.4 2.6 2.8 3 3.2 3.4 3.6 3.8 4 4.2 4.4 4.6 4.8 5 5.2 5.4 5.6 5.8 6 6.2 6.4 6.6 6.8 7 7.2 7.4 7.6 7.8 8 8.2 8.4 8.6 8.8 9 9.2 9.4 9.6 9.8 10 10.2 10.4 10.6 10.8 11 11.2 11.4 11.6 11.8 12 12.2 12.4 12.6 12.8 13 13.2 13.4 13.6 13.8 14 14.2 14.4 14.6 14.8 15 15.2 15.4 15.6 15.8 16 
1.5 1.5 1.5 1.5 1.5 1.5 1.5 1.5 1.5 1.5 1.50098 2.16201 2.22212 2.28225 2.3424 2.40255 2.4627 2.52284 2.58299 2.64314 2.7033 2.76347 2.82372 2.88398 2.94449 5.70001 5.72001 5.74001 5.76002 5.78001 5.80004 5.82003 5.84002 5.86002 5.88002 5.90003 5.92002 5.94002 5.96001 5.98002 6.00002 6.02001 6.04001 6.06001 6.08001 6.10001 6.12 6.14 6.16 6.18 6.2 6.22 6.24 6.26 6.28 6.3 6.32 6.34 6.36 6.38 6.4 6.42 6.44 6.46 6.48 6.5 6.52 6.54 6.56 6.58 6.6 6.62 6.64 6.66 6.68 6.7 6.72 6.74 6.76 6.78 6.8 
1.5 1.5 1.5 1.5 1.5 1.5 1.5 1.5 1.5 1.5 1.50118 2.16212 2.22217 2.28222 2.34228 2.40238 2.46246 2.52251 2.58263 2.64271 2.7028 2.76283 2.82275 2.8828 2.94298 5.70011 5.72005 5.74006 5.76008 5.78009 5.8001 5.82009 5.84009 5.86009 5.88009 5.90008 5.92008 5.94007 5.96007 5.98006 6.00006 6.02004 6.04004 6.06003 6.08002 6.10002 6.12001 6.14001 6.16001 6.18 6.2 6.22 6.24 6.26 6.28 6.3 6.32 6.34 6.36 6.38 6.4 6.42 6.44 6.46 6.48 6.5 6.52 6.54 6.56 6.58 6.6 6.62 6.64 6.66 6.68 6.7 6.72 6.74 6.76 6.78 6.8 
1.5 1.5 1.5 1.5 1.5 1.5 1.5 1.5 1.5 1.5 1.50155 2.16263 2.22262 2.28256 2.3425 2.40255 2.4625 2.52248 2.58257 2.64258 2.7026 2.76225 2.82198 2.88164 2.94122 5.70024 5.72012 5.74008 5.76009 5.78015 5.80012 5.82016 5.84014 5.86015 5.88016 5.90014 5.92014 5.94013 5.96012 5.98011 6.00011 6.0201 6.04008 6.06007 6.08005 6.10004 6.12003 6.14002 6.16001 6.18 6.2 6.21999 6.23999 6.25999 6.27999 6.29999 6.31999 6.33999 6.35999 6.37999 6.39999 6.41999 6.44 6.46 6.48 6.5 6.52 6.54 6.56 6.58 6.6 6.62 6.64 6.66 6.68 6.7 6.72 6.74 6.76 6.78 6.8 
1.5 1.5 1.5 1.5 1.5 1.5 1.5 1.5 1.5 1.5 1.5021 2.16378 2.22379 2.28359 2.34344 2.4035 2.46348 2.52342 2.58345 2.6433 2.70345 2.76327 2.82257 2.88199 2.94018 5.70034 5.72014 5.74001 5.75996 5.78021 5.80002 5.82005 5.84014 5.86012 5.88022 5.90014 5.92012 5.94013 5.96014 5.98018 6.00015 6.02015 6.04013 6.0601 6.08009 6.10007 6.12005 6.14003 6.16002 6.18 6.19999 6.21998 6.23998 6.25997 6.27997 6.29997 6.31997 6.33997 6.35998 6.37998 6.39998 6.41999 6.43999 6.45999 6.48 6.5 6.52 6.54 6.56 6.58 6.6 6.62 6.64 6.66 6.68 6.7 6.72 6.74 6.76 6.78 6.8 
1.5 1.5 1.5 1.5 1.5 1.5 1.5 1.5 1.5 1.5 1.5026 2.16511 2.22497 2.28492 2.34469 2.40464 2.46465 2.52467 2.58471 2.64453 2.70463 2.76451 2.82376 2.88259 2.93988 5.70025 5.72005 5.73971 5.75985 5.78006 5.79962 5.81971 5.83988 5.86005 5.88006 5.89994 5.91993 5.94003 5.96007 5.9801 6.00007 6.02012 6.04015 6.06012 6.08009 6.10007 6.12007 6.14004 6.16003 6.18 6.19999 6.21997 6.23995 6.25995 6.27995 6.29995 6.31995 6.33996 6.35996 6.37997 6.39997 6.41998 6.43999 6.45999 6.47999 6.5 6.52 6.54 6.56 6.58001 6.60001 6.62001 6.64001 6.66 6.68 6.7 6.72 6.74 6.76 6.78 6.8 
1.5 1.5 1.5 1.5 1.5 1.5 1.5 1.5 1.5 1.5 1.50268 2.1658 2.22522 2.28543 2.34497 2.40539 2.46551 2.52537 2.5856 2.64543 2.70581 2.76597 2.82605 2.88532 2.94273 5.69969 5.71956 5.73928 5.75877 5.77945 5.79861 5.81873 5.8389 5.85907 5.87944 5.89917 5.9192 5.93929 5.95939 5.97957 5.99961 6.01971 6.03983 6.05988 6.07996 6.09996 6.11998 6.14 6.16001 6.18 6.2 6.21999 6.23998 6.25997 6.27996 6.29996 6.31996 6.33996 6.35996 6.37997 6.39997 6.41998 6.43998 6.45999 6.48 6.5 6.52001 6.54001 6.56001 6.58001 6.60001 6.62001 6.64001 6.66001 6.68001 6.70001 6.72 6.74 6.76 6.78 6.8 
1.5 1.5 1.5 1.5 1.5 1.5 1.5 1.5 1.5 1.5 1.50316 2.1668 2.22676 2.28618 2.3457 2.40616 2.46637 2.52679 2.58651 2.64628 2.70669 2.76691 2.82728 2.88802 2.94518 5.69834 5.71821 5.73717 5.75704 5.77801 5.79686 5.81702 5.8373 5.85804 5.87834 5.89821 5.91794 5.93845 5.95864 5.97902 5.99905 6.01907 6.03946 6.05949 6.07976 6.09973 6.11982 6.13991 6.15997 6.18001 6.20001 6.22002 6.24002 6.26001 6.28 6.29999 6.31999 6.33998 6.35998 6.37998 6.39999 6.41999 6.44 6.46 6.48001 6.50001 6.52002 6.54002 6.56002 6.58002 6.60002 6.62002 6.64002 6.66001 6.68001 6.70001 6.72001 6.74 6.76 6.78 6.8 
1.5 1.5 1.5 1.5 1.5 1.5 1.5 1.5 1.5 1.5 1.50263 2.16562 2.22472 2.28485 2.34505 2.40473 2.46499 2.52485 2.5851 2.64493 2.70501 2.76503 2.82589 2.88664 2.94664 5.6982 5.72095 5.73957 5.75766 5.77606 5.79539 5.81539 5.83498 5.85607 5.87594 5.89619 5.91605 5.93622 5.95631 5.97656 5.99699 6.01731 6.03792 6.0582 6.07875 6.09886 6.11913 6.13938 6.1596 6.17986 6.1999 6.22005 6.24005 6.26007 6.28009 6.30009 6.32009 6.34008 6.36007 6.38006 6.40005 6.42004 6.44004 6.46004 6.48004 6.50003 6.52003 6.54003 6.56003 6.58003 6.60003 6.62003 6.64002 6.66002 6.68002 6.70001 6.72001 6.74 6.76 6.78 6.79999 
1.5 1.5 1.5 1.5 1.5 1.5 1.5 1.5 1.5 1.5 1.49887 2.15812 2.21737 2.27812 2.33857 2.39788 2.45819 2.51799 2.57824 2.63878 2.69801 2.75794 2.81951 2.88302 2.94653 5.699 5.71967 5.7411 5.75873 5.77791 5.79801 5.81659 5.83574 5.85431 5.87457 5.89517 5.91476 5.93489 5.95474 5.97402 5.99496 6.01511 6.03574 6.05625 6.07704 6.09732 6.11782 6.13846 6.15874 6.17934 6.19948 6.21976 6.24011 6.26013 6.28022 6.30028 6.32031 6.34033 6.36031 6.38028 6.40025 6.42022 6.44017 6.46015 6.48012 6.5001 6.52008 6.54006 6.56005 6.58004 6.60003 6.62002 6.64001 6.66001 6.68 6.7 6.72 6.73999 6.75999 6.77999 6.79999 
1.5 1.5 1.5 1.5 1.5 1.5 1.5 1.5 1.5 1.5 1.49211 2.14348 2.20586 2.26355 2.32441 2.38372 2.44344 2.50424 2.56278 2.62301 2.68185 2.74149 2.80289 2.86422 2.93593 5.70132 5.71855 5.74207 5.76702 5.78506 5.80429 5.82242 5.84113 5.86049 5.87738 5.89832 5.91712 5.93683 5.95601 5.97493 5.99469 6.01425 6.03446 6.05463 6.07508 6.09552 6.11607 6.13668 6.1573 6.17826 6.19849 6.21902 6.23948 6.26007 6.28032 6.30034 6.32048 6.34056 6.3606 6.38057 6.40055 6.4205 6.44043 6.46035 6.48028 6.50023 6.52018 6.54013 6.56008 6.58006 6.60003 6.62001 6.64 6.65999 6.67998 6.69997 6.71997 6.73997 6.75997 6.77997 6.79998 
1.5 1.5 1.5 1.5 1.5 1.5 1.5 1.5 1.5 1.5 1.49004 2.13673 2.19593 2.25606 2.31616 2.37592 2.43469 2.49335 2.55261 2.61116 2.67044 2.7286 2.78653 2.84539 2.91717 5.70052 5.70765 5.73672 5.76676 5.78789 5.81012 5.82931 5.84745 5.86316 5.88241 5.90047 5.92192 5.9382 5.95674 5.97504 5.99398 6.01509 6.03241 6.05404 6.07283 6.09429 6.11465 6.13518 6.1559 6.1769 6.1975 6.21816 6.23887 6.2594 6.27987 6.30024 6.32048 6.34067 6.36077 6.38081 6.40077 6.42072 6.44064 6.46055 6.48045 6.50035 6.52027 6.54019 6.56012 6.58007 6.60003 6.62 6.63998 6.65996 6.67995 6.69995 6.71995 6.73995 6.75996 6.77996 6.79997 
1.5 1.5 1.5 1.5 1.5 1.5 1.5 1.5 1.5 1.5 1.47467 2.10926 2.17156 2.235 2.29671 2.35761 2.41723 2.47718 2.53786 2.60013 2.65978 2.7215 2.78312 2.84327 2.93204 5.73829 5.87835 5.88483 5.86756 5.84306 5.84546 5.86537 5.88499 5.90278 5.92116 5.93528 5.95097 5.96504 5.9782 5.99186 6.00747 6.02416 6.04118 6.05894 6.07514 6.09486 6.114 6.13356 6.1535 6.17386 6.19463 6.21553 6.23642 6.2573 6.27805 6.29884 6.3194 6.3399 6.36027 6.38053 6.40065 6.42071 6.44069 6.46063 6.48054 6.50043 6.52033 6.54023 6.56014 6.58007 6.60002 6.61997 6.63994 6.65992 6.67992 6.69992 6.71993 6.73994 6.75996 6.77997 6.79998 
1.5 1.5 1.5 1.5 1.5 1.5 1.5 1.5 1.5 1.5 1.44388 2.03829 2.09282 2.16852 2.24202 2.30938 2.3682 2.42757 2.48776 2.54867 2.61083 2.67667 2.74737 2.80582 2.89367 5.772 5.75134 5.87017 5.95623 6.03069 6.04565 6.01457 5.98271 5.97082 5.97418 5.98293 5.99875 6.01665 6.02954 6.03944 6.04391 6.05056 6.06018 6.07342 6.08487 6.10299 6.11889 6.13561 6.1535 6.17065 6.19155 6.21183 6.23272 6.25383 6.2749 6.29615 6.31711 6.33808 6.35894 6.37961 6.40011 6.42044 6.44063 6.46069 6.48065 6.50055 6.52043 6.5403 6.56018 6.58006 6.59997 6.61989 6.63983 6.6598 6.67979 6.6998 6.71983 6.73987 6.75991 6.77995 6.79999 
1.5 1.5 1.5 1.5 1.5 1.5 1.5 1.5 1.5 1.5 1.42816 2.00023 2.06124 2.11197 2.17764 2.25118 2.33322 2.39204 2.4519 2.51287 2.57528 2.64308 2.7178 2.77726 2.87135 5.77026 5.77813 5.8517 5.89592 5.93722 6.02265 6.07605 6.12316 6.13193 6.13224 6.09878 6.09261 6.09274 6.08809 6.09753 6.10492 6.11043 6.11294 6.11894 6.11591 6.13018 6.13941 6.15096 6.16346 6.17447 6.19448 6.2119 6.23068 6.25045 6.27066 6.29166 6.31266 6.33384 6.35507 6.37624 6.39734 6.4182 6.43892 6.45943 6.47976 6.49996 6.52006 6.54009 6.56006 6.58002 6.59997 6.6199 6.63985 6.65981 6.67979 6.6998 6.71983 6.73988 6.75993 6.77998 6.80003 
1.5 1.5 1.5 1.5 1.5 1.5 1.5 1.5 1.5 1.5 1.41246 1.94625 1.97159 2.06466 2.1344 2.20955 2.2825 2.33994 2.39844 2.45852 2.52027 2.58876 2.67253 2.73116 2.82724 5.7849 5.90127 5.93288 5.95089 5.97764 6.05302 6.12501 6.13866 6.17137 6.21111 6.24302 6.24391 6.21754 6.22226 6.23178 6.20821 6.18426 6.16767 6.17256 6.16929 6.17911 6.18053 6.1831 6.18921 6.18874 6.20512 6.21745 6.23302 6.25061 6.2689 6.28839 6.30828 6.32886 6.34997 6.37125 6.39272 6.41405 6.43532 6.4564 6.47729 6.49802 6.51855 6.53897 6.55926 6.57947 6.59961 6.6197 6.63976 6.6598 6.67986 6.6999 6.71997 6.74003 6.7601 6.78016 6.8002 
1.5 1.5 1.5 1.5 1.5 1.5 1.5 1.5 1.5 1.5 1.40661 1.94039 2.01788 2.12942 2.20647 2.26806 2.32335 2.38128 2.4404 2.50097 2.56504 2.63802 2.7313 2.78869 2.89702 5.76044 5.92919 5.88645 5.93255 5.96227 6.05013 6.1337 6.16886 6.20565 6.23894 6.24633 6.29073 6.36362 6.36196 6.30462 6.28392 6.31797 6.32248 6.28483 6.24065 6.22929 6.23194 6.23304 6.23117 6.2216 6.23381 6.23879 6.24652 6.25751 6.27124 6.28799 6.30618 6.32521 6.34524 6.36596 6.38737 6.40881 6.43043 6.45203 6.4735 6.49485 6.51594 6.53689 6.55767 6.57829 6.59879 6.61915 6.63941 6.65962 6.67981 6.69996 6.7201 6.74023 6.76033 6.78041 6.80046 
1.5 1.5 1.5 1.5 1.5 1.5 1.5 1.5 1.5 1.5 1.40931 1.95407 1.98974 2.08194 2.16333 2.23294 2.29559 2.35551 2.41679 2.47825 2.54483 2.6154 2.69572 2.75343 2.87533 5.76803 6.32321 6.29559 6.04328 6.02214 6.09841 6.12911 6.16126 6.19449 6.25225 6.29718 6.33472 6.32313 6.36437 6.49928 6.43634 6.33944 6.34183 6.34395 6.38225 6.38231 6.32691 6.28055 6.27852 6.26413 6.27451 6.26931 6.27143 6.27823 6.28709 6.2893 6.30897 6.32442 6.34285 6.36239 6.3831 6.40411 6.42575 6.44758 6.46942 6.49184 6.5129 6.53437 6.55567 6.57674 6.59763 6.6183 6.63883 6.65925 6.6796 6.69988 6.72011 6.74046 6.76049 6.78062 6.8007 
1.5 1.5 1.5 1.5 1.5 1.5 1.5 1.5 1.5 1.5 1.4013 1.95445 2.01209 2.07514 2.15684 2.22832 2.29228 2.35029 2.40919 2.46979 2.53196 2.60093 2.6765 2.73059 2.8236 5.78005 5.59656 6.03302 6.41458 6.16479 6.25928 6.25978 6.26429 6.25722 6.24009 6.25259 6.33082 6.40697 6.41895 6.40229 6.55817 6.55218 6.40085 6.41057 6.39515 6.36898 6.41558 6.4526 6.3729 6.30072 6.31309 6.30827 6.29852 6.30021 6.30394 6.3113 6.32155 6.33221 6.34408 6.36064 6.38048 6.40067 6.42174 6.44271 6.46573 6.48789 6.50987 6.53174 6.55346 6.57496 6.59625 6.61725 6.63803 6.65873 6.67917 6.69957 6.7199 6.74018 6.7604 6.78074 6.80074 
1.5 1.5 1.5 1.5 1.5 1.5 1.5 1.5 1.5 1.5 1.40303 1.96097 2.02 2.0857 2.16772 2.24171 2.30396 2.36304 2.42275 2.48424 2.5476 2.61758 2.69591 2.75228 2.84472 5.78123 5.68294 6.12171 6.287 6.07801 6.07881 6.14552 6.27459 6.32201 6.39768 6.41377 6.37066 6.3755 6.43247 6.47349 6.41602 6.63513 6.64613 6.44362 6.43907 6.47017 6.44302 6.38402 6.4715 6.48552 6.35058 6.33797 6.3323 6.322 6.32318 6.31584 6.33136 6.33969 6.35234 6.36443 6.37841 6.3978 6.4184 6.44001 6.4624 6.48613 6.5075 6.52982 6.55195 6.57382 6.59544 6.61675 6.6378 6.65859 6.67941 6.69959 6.71986 6.7401 6.76028 6.78055 6.80056 
1.5 1.5 1.5 1.5 1.5 1.5 1.5 1.5 1.5 1.5 1.4108 1.96604 1.99796 2.09319 2.16957 2.24036 2.29972 2.358 2.41724 2.47779 2.54432 2.60785 2.6854 2.74147 2.83102 5.77717 6.08614 6.20791 6.06597 6.14283 6.21175 6.14013 6.19932 6.26128 6.3127 6.37349 6.47617 6.49223 6.5408 6.57402 6.51493 6.48708 6.97489 6.43774 6.50268 6.50105 6.4839 6.53914 6.40529 6.43008 6.56667 6.36645 6.34444 6.3349 6.33627 6.32536 6.34051 6.3461 6.34692 6.36152 6.37304 6.39761 6.41639 6.43645 6.45963 6.48482 6.506 6.52885 6.55244 6.57453 6.59565 6.61671 6.63788 6.65932 6.6795 6.70012 6.72032 6.74047 6.76042 6.7805 6.80062 
1.5 1.5 1.5 1.5 1.5 1.5 1.5 1.5 1.5 1.5 1.41175 1.95252 2.0339 2.13932 2.21389 2.27521 2.33212 2.39199 2.45242 2.51507 2.58196 2.65211 2.72487 2.78227 2.87417 5.76664 6.0125 5.93899 6.05542 6.1424 6.17616 6.17303 6.18727 6.2395 6.31785 6.38425 6.42236 6.44569 6.43412 6.55845 6.71511 6.58566 6.94515 6.69342 6.46874 6.49242 6.56768 6.47237 6.5923 6.42007 6.43515 6.60872 6.35905 6.33638 6.34151 6.34378 6.34394 6.35072 6.35569 6.36933 6.38397 6.40306 6.41551 6.44036 6.46115 6.4846 6.50688 6.52919 6.55134 6.57336 6.59512 6.61618 6.63781 6.6586 6.67944 6.69989 6.72025 6.74048 6.76061 6.78067 6.80069 
1.5 1.5 1.5 1.5 1.5 1.5 1.5 1.5 1.5 1.5 1.41181 1.9678 2.00481 2.10064 2.17184 2.24497 2.30897 2.36797 2.42792 2.48959 2.55944 2.62481 2.71036 2.77043 2.87294 5.79937 6.31901 6.09356 6.0364 6.23178 6.16569 6.1994 6.20563 6.2008 6.24987 6.33085 6.43524 6.51473 6.45334 6.46524 6.5825 6.55007 6.72278 6.83173 6.92562 6.63655 6.5496 6.60667 6.50847 6.65936 6.41799 6.58959 6.56329 6.39332 6.38137 6.3709 6.3684 6.38136 6.38292 6.37698 6.39178 6.40184 6.41559 6.43344 6.45965 6.48088 6.50291 6.52381 6.54613 6.56942 6.59164 6.61356 6.63587 6.65738 6.67822 6.69916 6.71982 6.7403 6.76063 6.78066 6.80079 
1.5 1.5 1.5 1.5 1.5 1.5 1.5 1.5 1.5 1.5 1.40277 1.96231 2.02237 2.08709 2.16345 2.23648 2.30178 2.35915 2.41824 2.47809 2.54016 2.60969 2.69092 2.74792 2.82669 5.82983 5.94205 6.30663 6.23515 6.28948 6.18642 6.1804 6.24556 6.19145 6.21643 6.26296 6.37211 6.48194 6.44372 6.60407 6.48203 6.5205 6.57236 6.61791 6.69334 6.95011 6.74596 6.75472 6.64255 6.65697 6.5401 6.52116 6.73225 6.43646 6.44919 6.43761 6.41989 6.41359 6.40814 6.40839 6.41171 6.42174 6.42304 6.44173 6.46 6.47858 6.49844 6.51943 6.54118 6.56331 6.58571 6.60797 6.63081 6.65218 6.67405 6.6957 6.71711 6.7383 6.75924 6.77998 6.80055 
1.5 1.5 1.5 1.5 1.5 1.5 1.5 1.5 1.5 1.5 1.40232 1.96316 2.02323 2.08836 2.16505 2.23943 2.30389 2.3621 2.42101 2.48139 2.5441 2.61471 2.6976 2.75548 2.83105 5.8238 5.97613 6.27732 6.17596 6.13138 6.14591 6.18579 6.31697 6.20996 6.22468 6.25483 6.32233 6.42177 6.39492 6.66357 6.47416 6.53949 6.51988 6.58804 6.63882 6.72833 6.74119 6.80794 6.94911 6.79248 6.61927 6.55185 6.77829 6.47485 6.48942 6.47774 6.4615 6.45088 6.44152 6.43029 6.42812 6.43405 6.44396 6.4492 6.46543 6.47698 6.49983 6.51895 6.53922 6.56048 6.58264 6.60468 6.62679 6.64889 6.67095 6.69344 6.7147 6.73631 6.7577 6.77888 6.79985 
1.5 1.5 1.5 1.5 1.5 1.5 1.5 1.5 1.5 1.5 1.41042 1.96462 2.0002 2.09665 2.16963 2.24065 2.30278 2.36107 2.42034 2.48081 2.54451 2.61582 2.70076 2.75912 2.8329 5.80671 6.20614 5.99402 6.05408 6.11796 6.18644 6.17765 6.20922 6.20233 6.25799 6.30254 6.38713 6.39148 6.41556 6.48845 6.54824 6.42106 6.56287 6.52321 6.65915 6.76445 6.59504 6.71737 7.05431 6.85146 6.77865 6.71184 6.68994 6.50867 6.51817 6.50307 6.48441 6.47576 6.4645 6.4485 6.44304 6.44286 6.44728 6.45464 6.46902 6.48404 6.50079 6.519 6.53842 6.5589 6.58072 6.60261 6.62468 6.64672 6.66899 6.69109 6.71305 6.7349 6.75655 6.77801 6.79925 
1.5 1.5 1.5 1.5 1.5 1.5 1.5 1.5 1.5 1.5 1.41068 1.95051 2.03212 2.13521 2.20937 2.26917 2.32588 2.38471 2.44388 2.5036 2.56373 2.62843 2.70453 2.75987 2.82908 5.77537 5.944 5.91016 6.08324 6.05216 6.15043 6.29306 6.12464 6.12987 6.20239 6.34109 6.45901 6.45681 6.37218 6.46093 6.51266 6.41029 6.54971 6.4946 6.6564 6.83352 6.56494 6.7009 6.9484 7.00502 6.64244 7.02617 6.55573 6.52634 6.53064 6.5135 6.48924 6.48419 6.46041 6.45792 6.44741 6.45078 6.44599 6.45763 6.47101 6.4854 6.50312 6.51962 6.5401 6.55929 6.58079 6.6026 6.62456 6.64672 6.66884 6.69092 6.71288 6.73468 6.75635 6.77779 6.79906 
1.5 1.5 1.5 1.5 1.5 1.5 1.5 1.5 1.5 1.5 1.41036 1.96265 2.00304 2.09626 2.1692 2.24017 2.30193 2.36027 2.41921 2.48009 2.54304 2.61431 2.69906 2.75714 2.82969 5.80859 6.21621 5.97714 6.04436 6.10122 6.17757 6.19048 6.22964 6.21733 6.27531 6.31599 6.40049 6.38958 6.39406 6.46586 6.5464 6.41859 6.56047 6.51809 6.6562 6.75241 6.58654 6.71538 7.05015 6.84544 6.77998 6.70275 6.67949 6.50856 6.51646 6.50036 6.48257 6.47422 6.46311 6.44765 6.44227 6.44223 6.44714 6.45479 6.4691 6.4842 6.50101 6.51925 6.53879 6.55925 6.58111 6.603 6.62506 6.6472 6.66931 6.69135 6.71326 6.73535 6.75662 6.77801 6.79919 
1.5 1.5 1.5 1.5 1.5 1.5 1.5 1.5 1.5 1.5 1.40257 1.96295 2.02341 2.08853 2.165 2.23973 2.30339 2.36152 2.42039 2.48074 2.54276 2.61342 2.69639 2.75415 2.82763 5.82614 5.9914 6.27961 6.14269 6.12719 6.15091 6.18655 6.34293 6.20833 6.22511 6.25739 6.32694 6.43666 6.38918 6.57377 6.4746 6.5271 6.51047 6.57664 6.62705 6.7166 6.73279 6.80742 6.94175 6.78748 6.61702 6.54268 6.76951 6.47425 6.48781 6.47533 6.4603 6.44985 6.44037 6.42966 6.42774 6.43386 6.44418 6.44962 6.46588 6.48249 6.50042 6.51963 6.53989 6.56111 6.58321 6.6052 6.62724 6.64927 6.67125 6.69309 6.71475 6.73627 6.75756 6.77868 6.7996 
1.5 1.5 1.5 1.5 1.5 1.5 1.5 1.5 1.5 1.5 1.40248 1.96233 2.02141 2.08634 2.16525 2.23595 2.30059 2.35834 2.4168 2.47665 2.53804 2.60751 2.68893 2.74579 2.82062 5.82872 5.96028 6.33079 6.22763 6.2585 6.19213 6.18597 6.25802 6.18109 6.20846 6.252 6.36878 6.521 6.41747 6.53027 6.47012 6.52482 6.57453 6.61009 6.68492 6.94103 6.73545 6.75495 6.63784 6.649 6.53213 6.5187 6.7287 6.43149 6.44604 6.43501 6.41782 6.41206 6.40685 6.40739 6.41118 6.42124 6.43355 6.44154 6.46032 6.47914 6.49903 6.52008 6.54181 6.56392 6.58628 6.60847 6.63056 6.65252 6.67429 6.69583 6.71714 6.73823 6.75908 6.77974 6.80025 
1.5 1.5 1.5 1.5 1.5 1.5 1.5 1.5 1.5 1.5 1.41119 1.9672 2.00025 2.09794 2.17374 2.2428 2.30559 2.36433 2.42402 2.48543 2.54884 2.61991 2.70558 2.76539 2.85312 5.81949 6.37264 6.1087 6.07268 6.19839 6.17076 6.21732 6.21393 6.19956 6.24702 6.32137 6.42015 6.50012 6.41852 6.44019 6.54606 6.55308 6.71505 6.75965 6.92555 6.62987 6.53947 6.6018 6.50337 6.64023 6.42055 6.58768 6.56918 6.39064 6.39783 6.38392 6.38021 6.3822 6.38351 6.39083 6.39633 6.41136 6.42289 6.43684 6.45744 6.47828 6.50006 6.5223 6.54469 6.56714 6.58956 6.61177 6.63375 6.65551 6.67701 6.69821 6.71912 6.73979 6.76023 6.78051 6.80069 
1.5 1.5 1.5 1.5 1.5 1.5 1.5 1.5 1.5 1.5 1.41195 1.95284 2.03169 2.13751 2.21181 2.27245 2.32858 2.38787 2.44774 2.50853 2.57022 2.63692 2.71568 2.77207 2.85258 5.78499 6.04828 5.97006 6.05336 6.13007 6.20108 6.17766 6.17883 6.22548 6.28724 6.34961 6.42413 6.46332 6.42436 6.55364 6.70121 6.5553 6.95492 6.66418 6.46414 6.48041 6.55101 6.47385 6.58393 6.41603 6.44543 6.60485 6.37757 6.35123 6.35403 6.35555 6.3581 6.36084 6.36865 6.37489 6.38923 6.40425 6.4162 6.43665 6.45861 6.48081 6.50322 6.52549 6.54825 6.57097 6.59283 6.61474 6.63638 6.65777 6.67884 6.69961 6.72012 6.74041 6.76058 6.78057 6.80066 
1.5 1.5 1.5 1.5 1.5 1.5 1.5 1.5 1.5 1.5 1.41119 1.9654 1.99861 2.09315 2.16966 2.23679 2.29779 2.35572 2.41461 2.47494 2.53667 2.60345 2.67979 2.73484 2.81333 5.79999 6.09462 6.27268 6.1104 6.08991 6.21483 6.11634 6.1853 6.24528 6.31252 6.38471 6.48947 6.48308 6.50382 6.55171 6.49936 6.47153 6.93174 6.42298 6.49092 6.49221 6.47962 6.52709 6.40011 6.42848 6.56024 6.37464 6.34808 6.33561 6.33921 6.33967 6.34303 6.33877 6.35679 6.37026 6.38481 6.39717 6.41711 6.43844 6.46091 6.48343 6.506 6.52953 6.55099 6.57313 6.59494 6.61643 6.63767 6.65861 6.67927 6.69969 6.71995 6.74009 6.76016 6.78022 6.80029 
1.5 1.5 1.5 1.5 1.5 1.5 1.5 1.5 1.5 1.5 1.40235 1.95849 2.01781 2.08298 2.1646 2.23712 2.3003 2.3589 2.41844 2.47957 2.54214 2.61172 2.68944 2.74543 2.83395 5.78173 5.67356 6.12123 6.26658 6.04882 6.09551 6.1519 6.28531 6.33661 6.40907 6.4169 6.3676 6.37067 6.42959 6.47571 6.4201 6.66229 6.65231 6.43957 6.43936 6.4689 6.44257 6.3855 6.48011 6.48903 6.3521 6.33527 6.33072 6.32188 6.32326 6.32634 6.33136 6.33987 6.35166 6.36459 6.37837 6.39788 6.41874 6.44035 6.46187 6.48518 6.5076 6.52991 6.55201 6.57384 6.5954 6.61704 6.63768 6.65845 6.67904 6.69938 6.71967 6.73989 6.76008 6.78026 6.80042 
1.5 1.5 1.5 1.5 1.5 1.5 1.5 1.5 1.5 1.5 1.40003 1.95196 2.00918 2.07209 2.155 2.22638 2.28854 2.34627 2.40486 2.46511 2.5268 2.59526 2.67059 2.72457 2.81297 5.76902 5.60133 6.0571 6.42865 6.17862 6.27654 6.27592 6.27975 6.26085 6.24153 6.25264 6.33438 6.41676 6.42765 6.40842 6.57451 6.56836 6.40459 6.4111 6.39246 6.37614 6.42258 6.45473 6.37456 6.30199 6.31151 6.30867 6.28837 6.30099 6.30449 6.31133 6.32128 6.33194 6.34398 6.35658 6.38036 6.40061 6.42307 6.44385 6.46597 6.48807 6.5101 6.53197 6.55364 6.57547 6.59639 6.61735 6.63813 6.65869 6.67917 6.69954 6.71985 6.74012 6.76035 6.78054 6.80068 
1.5 1.5 1.5 1.5 1.5 1.5 1.5 1.5 1.5 1.5 1.40958 1.95487 1.98927 2.08243 2.16401 2.23479 2.29607 2.35592 2.41712 2.48019 2.54509 2.61554 2.69624 2.75441 2.86207 5.76327 6.35561 6.31008 6.05385 6.0289 6.10498 6.12959 6.16139 6.19495 6.25631 6.30388 6.3414 6.32597 6.36916 6.51438 6.44646 6.3414 6.34467 6.35138 6.38863 6.38184 6.32741 6.28074 6.27838 6.26228 6.27438 6.27042 6.2711 6.27811 6.27804 6.29615 6.30819 6.32378 6.34238 6.36197 6.38286 6.40384 6.42468 6.44732 6.47001 6.49115 6.51282 6.53431 6.55561 6.57669 6.5976 6.61827 6.63885 6.65942 6.67958 6.69985 6.72009 6.7403 6.76048 6.78061 6.8007 
1.5 1.5 1.5 1.5 1.5 1.5 1.5 1.5 1.5 1.5 1.40684 1.94123 2.01824 2.13037 2.20807 2.269 2.32438 2.38236 2.44155 2.50238 2.5661 2.63917 2.73182 2.78886 2.88585 5.76615 5.94968 5.87458 5.92719 5.96373 6.05 6.13812 6.17265 6.20934 6.24316 6.25048 6.29668 6.37229 6.37312 6.31329 6.2882 6.32302 6.32691 6.28812 6.242 6.23152 6.23367 6.23445 6.23232 6.22284 6.23598 6.23922 6.24717 6.25789 6.27141 6.28811 6.30626 6.32539 6.34521 6.3659 6.38731 6.40871 6.43035 6.45193 6.47343 6.49474 6.51588 6.53682 6.5576 6.57823 6.59872 6.61907 6.63935 6.65957 6.67975 6.69991 6.72006 6.7402 6.76031 6.7804 6.80046 
1.5 1.5 1.5 1.5 1.5 1.5 1.5 1.5 1.5 1.5 1.41245 1.94691 1.97104 2.06485 2.13411 2.20917 2.28238 2.3398 2.3982 2.45814 2.51995 2.58843 2.67201 2.73029 2.82448 5.78439 5.89369 5.93382 5.95059 5.97998 6.05729 6.12754 6.13977 6.17438 6.21712 6.25096 6.25081 6.2218 6.2238 6.23176 6.20817 6.18561 6.16876 6.17319 6.16951 6.17975 6.17916 6.18362 6.18921 6.18915 6.20537 6.21765 6.23317 6.25074 6.2689 6.2884 6.30916 6.32902 6.35002 6.37127 6.39271 6.41405 6.43532 6.45639 6.47728 6.49797 6.51852 6.53888 6.55919 6.5794 6.59955 6.61964 6.6397 6.65976 6.67982 6.69988 6.71995 6.74003 6.7601 6.78017 6.80022 
1.5 1.5 1.5 1.5 1.5 1.5 1.5 1.5 1.5 1.5 1.42811 2.00007 2.06145 2.11235 2.17791 2.25113 2.33346 2.39239 2.4521 2.51315 2.57552 2.6434 2.71813 2.77754 2.87095 5.76907 5.77659 5.84776 5.89878 5.94191 6.02827 6.08075 6.12842 6.1374 6.13552 6.09851 6.09122 6.09179 6.08796 6.09849 6.10506 6.11061 6.11349 6.11946 6.11625 6.13065 6.1402 6.15149 6.16408 6.17495 6.19494 6.21234 6.22885 6.2508 6.27089 6.29185 6.31286 6.33401 6.35516 6.37634 6.39738 6.41823 6.4391 6.45942 6.47975 6.49993 6.52002 6.5401 6.56002 6.57997 6.59992 6.61986 6.63981 6.65978 6.67977 6.69978 6.71982 6.73988 6.75994 6.78 6.80005 
1.5 1.5 1.5 1.5 1.5 1.5 1.5 1.5 1.5 1.5 1.44375 2.03812 2.09309 2.16892 2.24421 2.30986 2.36873 2.42826 2.48841 2.54951 2.61165 2.67759 2.74834 2.80718 2.89868 5.77143 5.75125 5.87917 5.96109 6.0366 6.04646 6.0156 5.98226 5.96913 5.97182 5.98165 5.99785 6.01556 6.0288 6.03924 6.04299 6.04983 6.05966 6.07316 6.08473 6.10296 6.11912 6.13575 6.15042 6.1709 6.1918 6.2121 6.23307 6.25408 6.27518 6.29628 6.31732 6.33825 6.35926 6.37975 6.4002 6.4205 6.44067 6.4607 6.48064 6.50053 6.5204 6.54025 6.56013 6.58002 6.59993 6.61985 6.6398 6.65977 6.67977 6.69979 6.71982 6.73987 6.75992 6.77996 6.8 
1.5 1.5 1.5 1.5 1.5 1.5 1.5 1.5 1.5 1.5 1.47485 2.10983 2.17262 2.23598 2.2993 2.35834 2.41791 2.47802 2.5385 2.59929 2.66037 2.72181 2.78354 2.8435 2.9273 5.7396 5.88576 5.88855 5.86662 5.84217 5.8433 5.86292 5.8825 5.90036 5.91868 5.93346 5.94962 5.96319 5.97641 5.98558 6.006 6.02311 6.04028 6.05832 6.07466 6.09458 6.11398 6.1335 6.15365 6.17417 6.19491 6.2158 6.23676 6.25756 6.27832 6.299 6.3196 6.34005 6.36039 6.38062 6.40071 6.42089 6.44071 6.46063 6.48052 6.50041 6.52031 6.5402 6.56012 6.58005 6.6 6.61995 6.63993 6.65991 6.67991 6.69992 6.71993 6.73995 6.75996 6.77998 6.79999 
1.5 1.5 1.5 1.5 1.5 1.5 1.5 1.5 1.5 1.5 1.48992 2.13663 2.19625 2.25603 2.31638 2.37582 2.43459 2.49355 2.55256 2.61147 2.6704 2.72843 2.7865 2.84543 2.91702 5.70268 5.70996 5.7357 5.76504 5.78892 5.81033 5.83017 5.84841 5.86688 5.88619 5.90462 5.92343 5.94233 5.96112 5.97708 5.99803 6.01652 6.03547 6.05527 6.07451 6.095 6.11554 6.13554 6.15616 6.177 6.19748 6.21814 6.23881 6.25934 6.2798 6.30016 6.32045 6.34063 6.36075 6.3808 6.40077 6.42071 6.44064 6.46054 6.48044 6.50035 6.52026 6.54018 6.56012 6.58006 6.60002 6.61999 6.63997 6.65995 6.67995 6.69994 6.71995 6.73995 6.75996 6.77996 6.79997 
1.5 1.5 1.5 1.5 1.5 1.5 1.5 1.5 1.5 1.5 1.49136 2.14196 2.2016 2.26181 2.32187 2.38168 2.44128 2.50085 2.56044 2.61984 2.67936 2.73888 2.80041 2.86192 2.93046 5.70113 5.71862 5.74213 5.766 5.78542 5.80388 5.82211 5.84072 5.85959 5.87858 5.8975 5.91668 5.93607 5.95531 5.97487 5.9941 6.01394 6.03404 6.05441 6.07474 6.09532 6.11596 6.13658 6.15732 6.17818 6.1985 6.21906 6.2396 6.25992 6.28042 6.30041 6.32055 6.34063 6.36066 6.38065 6.40059 6.42053 6.44046 6.46039 6.4803 6.50024 6.52018 6.54012 6.56009 6.58005 6.60003 6.62 6.63999 6.65998 6.67997 6.69997 6.71997 6.73997 6.75997 6.77997 6.79998 
1.5 1.5 1.5 1.5 1.5 1.5 1.5 1.5 1.5 1.5 1.49863 2.15768 2.21725 2.27761 2.33729 2.39729 2.45753 2.51753 2.57751 2.63829 2.69721 2.75712 2.81876 2.8802 2.94437 5.69908 5.72005 5.74153 5.76152 5.78049 5.79818 5.81677 5.83581 5.85532 5.87484 5.8949 5.91475 5.93459 5.95442 5.97455 5.99442 6.0148 6.03533 6.05595 6.07672 6.09711 6.11768 6.13818 6.1588 6.1793 6.19944 6.21976 6.24014 6.26017 6.28027 6.30033 6.32036 6.34036 6.36035 6.38032 6.40028 6.42023 6.44019 6.46017 6.48013 6.50011 6.52008 6.54006 6.56005 6.58004 6.60003 6.62002 6.64001 6.66001 6.68 6.7 6.72 6.73999 6.75999 6.77999 6.79999 
1.5 1.5 1.5 1.5 1.5 1.5 1.5 1.5 1.5 1.5 1.50235 2.165 2.22439 2.28426 2.34371 2.40423 2.46449 2.52459 2.58464 2.6445 2.70464 2.76475 2.8259 2.88691 2.94785 5.69802 5.72088 5.7393 5.75693 5.77489 5.79504 5.81502 5.83523 5.85541 5.87542 5.89571 5.9158 5.93578 5.95589 5.97685 5.99668 6.01719 6.03768 6.05809 6.07863 6.09881 6.11912 6.13937 6.15961 6.17986 6.19989 6.21999 6.24005 6.26008 6.28009 6.30009 6.32009 6.34008 6.36007 6.38006 6.40005 6.42003 6.44004 6.46004 6.48003 6.50003 6.52004 6.54004 6.56003 6.58003 6.60003 6.62003 6.64003 6.66002 6.68002 6.70001 6.72001 6.74 6.76 6.78 6.79999 
1.5 1.5 1.5 1.5 1.5 1.5 1.5 1.5 1.5 1.5 1.50298 2.16635 2.2259 2.28577 2.34564 2.40581 2.46601 2.52611 2.58619 2.64614 2.70641 2.76667 2.82723 2.88744 2.94597 5.69821 5.71795 5.73686 5.75643 5.77673 5.7965 5.81661 5.83683 5.85702 5.87705 5.8974 5.91755 5.93772 5.95797 5.97857 5.99855 6.01885 6.03912 6.05932 6.0796 6.09966 6.11979 6.13988 6.15997 6.18002 6.20002 6.22003 6.24003 6.26002 6.28 6.3 6.31999 6.33998 6.35998 6.37998 6.39998 6.41999 6.43999 6.46 6.48 6.50001 6.52002 6.54002 6.56002 6.58002 6.60002 6.62002 6.64002 6.66002 6.68001 6.70001 6.72001 6.74 6.76 6.78 6.8 
1.5 1.5 1.5 1.5 1.5 1.5 1.5 1.5 1.5 1.5 1.50269 2.16578 2.22561 2.28544 2.34532 2.40544 2.46556 2.52563 2.58568 2.64565 2.70589 2.76605 2.82596 2.88566 2.94335 5.6997 5.71948 5.73886 5.75851 5.77867 5.79853 5.81863 5.83876 5.85886 5.87893 5.89905 5.91912 5.93919 5.95931 5.97951 5.99958 6.0197 6.03981 6.05987 6.07997 6.09997 6.11999 6.14001 6.16002 6.18001 6.2 6.21999 6.23997 6.25996 6.27994 6.29995 6.31994 6.33994 6.35995 6.37995 6.39996 6.41997 6.43998 6.45999 6.47999 6.5 6.52001 6.54001 6.56001 6.58001 6.60001 6.62001 6.64001 6.66001 6.68001 6.70001 6.72001 6.74 6.76 6.78 6.8 
1.5 1.5 1.5 1.5 1.5 1.5 1.5 1.5 1.5 1.5 1.50257 2.165 2.225 2.28471 2.34457 2.4046 2.46462 2.52464 2.58464 2.64463 2.70467 2.76455 2.82386 2.88333 2.94115 5.70036 5.7201 5.73978 5.75956 5.77968 5.79964 5.8197 5.83977 5.85982 5.87986 5.8999 5.9199 5.93993 5.95997 5.98006 6.00006 6.02008 6.0401 6.0601 6.0801 6.10008 6.12006 6.14004 6.16003 6.17999 6.19998 6.21997 6.23995 6.25994 6.27994 6.29994 6.31994 6.33994 6.35995 6.37995 6.39996 6.41997 6.43998 6.45999 6.47999 6.5 6.52 6.54 6.56001 6.58001 6.60001 6.62001 6.64001 6.66001 6.68001 6.7 6.72 6.74 6.76 6.78 6.8 
1.5 1.5 1.5 1.5 1.5 1.5 1.5 1.5 1.5 1.5 1.50202 2.16364 2.22373 2.28342 2.34341 2.40329 2.46324 2.52323 2.5832 2.64314 2.70312 2.76289 2.82207 2.88159 2.94002 5.70046 5.72023 5.74009 5.75999 5.78014 5.80009 5.82012 5.84015 5.86016 5.88018 5.90017 5.92016 5.94016 5.96017 5.9802 6.00017 6.02016 6.04015 6.06012 6.08009 6.10008 6.12005 6.14003 6.16001 6.17999 6.19998 6.21997 6.23996 6.25996 6.27995 6.29995 6.31996 6.33996 6.35997 6.37997 6.39998 6.41998 6.43999 6.45999 6.47999 6.5 6.52 6.54 6.56 6.58 6.6 6.62 6.64 6.66 6.68 6.7 6.72 6.74 6.76 6.78 6.8 
1.5 1.5 1.5 1.5 1.5 1.5 1.5 1.5 1.5 1.5 1.50144 2.16244 2.22254 2.28232 2.34227 2.40222 2.46218 2.52217 2.58215 2.6421 2.70208 2.76186 2.82121 2.8809 2.94006 5.70032 5.72017 5.74013 5.76011 5.78015 5.80017 5.82018 5.84018 5.86018 5.88019 5.90018 5.92016 5.94016 5.96015 5.98015 6.00013 6.02012 6.0401 6.06008 6.08006 6.10005 6.12003 6.14002 6.16001 6.17999 6.19999 6.21998 6.23998 6.25998 6.27998 6.29998 6.31998 6.33998 6.35998 6.37999 6.39999 6.41999 6.43999 6.46 6.48 6.5 6.52 6.54 6.56 6.58 6.6 6.62 6.64 6.66 6.68 6.7 6.72 6.74 6.76 6.78 6.8 
1.5 1.5 1.5 1.5 1.5 1.5 1.5 1.5 1.5 1.5 1.501 2.16169 2.22178 2.28168 2.34168 2.40169 2.46169 2.52172 2.58174 2.64174 2.70175 2.76164 2.82133 2.88124 2.94111 5.70017 5.72011 5.7401 5.76011 5.78013 5.80013 5.82014 5.84013 5.86013 5.88013 5.90012 5.92011 5.9401 5.9601 5.98009 6.00008 6.02006 6.04005 6.06004 6.08003 6.10002 6.12002 6.14001 6.16 6.18 6.2 6.22 6.23999 6.25999 6.27999 6.29999 6.31999 6.33999 6.36 6.38 6.4 6.42 6.44 6.46 6.48 6.5 6.52 6.54 6.56 6.58 6.6 6.62 6.64 6.66 6.68 6.7 6.72 6.74 6.76 6.78 6.8 
1.5 1.5 1.5 1.5 1.5 1.5 1.5 1.5 1.5 1.5 1.50068 2.16123 2.2213 2.28131 2.34136 2.40141 2.46146 2.52152 2.58157 2.64161 2.70167 2.76168 2.82165 2.88172 2.94215 5.70006 5.72005 5.74005 5.76006 5.78006 5.80007 5.82007 5.84007 5.86006 5.88006 5.90005 5.92005 5.94005 5.96004 5.98004 6.00003 6.02003 6.04002 6.06002 6.08001 6.10001 6.12001 6.14 6.16 6.18 6.2 6.22 6.24 6.26 6.28 6.3 6.32 6.34 6.36 6.38 6.4 6.42 6.44 6.46 6.48 6.5 6.52 6.54 6.56 6.58 6.6 6.62 6.64 6.66 6.68 6.7 6.72 6.74 6.76 6.78 6.8 
1.5 1.5 1.5 1.5 1.5 1.5 1.5 1.5 1.5 1.5 1.50048 2.16097 2.22103 2.28109 2.34117 2.40123 2.4613 2.52138 2.58145 2.64153 2.7016 2.76168 2.8218 2.88193 2.94223 5.7 5.72 5.74001 5.76002 5.78002 5.80002 5.82002 5.84002 5.86002 5.88001 5.90001 5.92001 5.94001 5.96001 5.98001 6.00001 6.02 6.04 6.06 6.08 6.1 6.12 6.14 6.16 6.18 6.2 6.22 6.24 6.26 6.28 6.3 6.32 6.34 6.36 6.38 6.4 6.42 6.44 6.46 6.48 6.5 6.52 6.54 6.56 6.58 6.6 6.62 6.64 6.66 6.68 6.7 6.72 6.74 6.76 6.78 6.8 
1.5 1.5 1.5 1.5 1.5 1.5 1.5 1.5 1.5 1.5 1.50034 2.16077 2.22082 2.2809 2.34099 2.40105 2.46112 2.5212 2.58127 2.64137 2.70143 2.76153 2.8217 2.88184 2.94212 5.69997 5.71999 5.73999 5.75999 5.77999 5.79999 5.81999 5.83999 5.85999 5.87999 5.89999 5.91999 5.94 5.96 5.97999 6 6.02 6.04 6.06 6.08 6.1 6.12 6.14 6.16 6.18 6.2 6.22 6.24 6.26 6.28 6.3 6.32 6.34 6.36 6.38 6.4 6.42 6.44 6.46 6.48 6.5 6.52 6.54 6.56 6.58 6.6 6.62 6.64 6.66 6.68 6.7 6.72 6.74 6.76 6.78 6.8 
1.5 1.5 1.5 1.5 1.5 1.5 1.5 1.5 1.5 1.5 1.50024 2.16057 2.2206 2.28068 2.34073 2.40079 2.46085 2.52091 2.58097 2.64103 2.7011 2.76118 2.82132 2.88142 2.94164 5.69997 5.71998 5.73998 5.75999 5.77999 5.79999 5.81999 5.83999 5.85999 5.87999 5.89999 5.91999 5.93999 5.95999 5.97999 6 6.02 6.04 6.06 6.08 6.1 6.12 6.14 6.16 6.18 6.2 6.22 6.24 6.26 6.28 6.3 6.32 6.34 6.36 6.38 6.4 6.42 6.44 6.46 6.48 6.5 6.52 6.54 6.56 6.58 6.6 6.62 6.64 6.66 6.68 6.7 6.72 6.74 6.76 6.78 6.8 
1.5 1.5 1.5 1.5 1.5 1.5 1.5 1.5 1.5 1.5 1.50015 2.16037 2.22039 2.28044 2.34048 2.40051 2.46055 2.52059 2.58062 2.64066 2.7007 2.76076 2.82084 2.8809 2.94094 5.69998 5.71999 5.73999 5.75999 5.77999 5.79999 5.81999 5.83999 5.85999 5.87999 5.89999 5.91999 5.93999 5.95999 5.98 6 6.02 6.04 6.06 6.08 6.1 6.12 6.14 6.16 6.18 6.2 6.22 6.24 6.26 6.28 6.3 6.32 6.34 6.36 6.38 6.4 6.42 6.44 6.46 6.48 6.5 6.52 6.54 6.56 6.58 6.6 6.62 6.64 6.66 6.68 6.7 6.72 6.74 6.76 6.78 6.8 
1.5 1.5 1.5 1.5 1.5 1.5 1.5 1.5 1.5 1.5 1.50007 2.16017 2.22018 2.2802 2.34022 2.40023 2.46025 2.52026 2.58027 2.64027 2.7003 2.76032 2.82035 2.88037 2.94036 5.69999 5.71999 5.73999 5.75999 5.77999 5.79999 5.81999 5.83999 5.85999 5.88 5.9 5.92 5.94 5.96 5.98 6 6.02 6.04 6.06 6.08 6.1 6.12 6.14 6.16 6.18 6.2 6.22 6.24 6.26 6.28 6.3 6.32 6.34 6.36 6.38 6.4 6.42 6.44 6.46 6.48 6.5 6.52 6.54 6.56 6.58 6.6 6.62 6.64 6.66 6.68 6.7 6.72 6.74 6.76 6.78 6.8 
1.5 1.5 1.5 1.5 1.5 1.5 1.5 1.5 1.5 1.5 1.50001 2.16002 2.22 2.28002 2.34002 2.40001 2.46001 2.52001 2.58001 2.64001 2.70001 2.76 2.82 2.87999 2.93994 5.7 5.72 5.74 5.76 5.78 5.8 5.82 5.84 5.86 5.88 5.9 5.92 5.94 5.96 5.98 6 6.02 6.04 6.06 6.08 6.1 6.12 6.14 6.16 6.18 6.2 6.22 6.24 6.26 6.28 6.3 6.32 6.34 6.36 6.38 6.4 6.42 6.44 6.46 6.48 6.5 6.52 6.54 6.56 6.58 6.6 6.62 6.64 6.66 6.68 6.7 6.72 6.74 6.76 6.78 6.8 
1.5 1.5 1.5 1.5 1.5 1.5 1.5 1.5 1.5 1.5 1.49997 2.15991 2.21991 2.2799 2.33987 2.39988 2.45987 2.51986 2.57985 2.63984 2.69982 2.75981 2.81979 2.87977 2.93972 5.7 5.72 5.74 5.76 5.78 5.8 5.82 5.84 5.86 5.88 5.9 5.92 5.94 5.96 5.98 6 6.02 6.04 6.06 6.08 6.1 6.12 6.14 6.16 6.18 6.2 6.22 6.24 6.26 6.28 6.3 6.32 6.34 6.36 6.38 6.4 6.42 6.44 6.46 6.48 6.5 6.52 6.54 6.56 6.58 6.6 6.62 6.64 6.66 6.68 6.7 6.72 6.74 6.76 6.78 6.8 
1.5 1.5 1.5 1.5 1.5 1.5 1.5 1.5 1.5 1.5 1.49994 2.15987 2.21986 2.27985 2.33983 2.39982 2.45981 2.5198 2.57978 2.63977 2.69976 2.75974 2.81972 2.8797 2.93961 5.7 5.72 5.74 5.76 5.78 5.8 5.82 5.84 5.86 5.88 5.9 5.92 5.94 5.96 5.98 6 6.02 6.04 6.06 6.08 6.1 6.12 6.14 6.16 6.18 6.2 6.22 6.24 6.26 6.28 6.3 6.32 6.34 6.36 6.38 6.4 6.42 6.44 6.46 6.48 6.5 6.52 6.54 6.56 6.58 6.6 6.62 6.64 6.66 6.68 6.7 6.72 6.74 6.76 6.78 6.8 
1.5 1.5 1.5 1.5 1.5 1.5 1.5 1.5 1.5 1.5 1.49993 2.15986 2.21985 2.27984 2.33983 2.39982 2.45981 2.51979 2.57978 2.63977 2.69976 2.75975 2.81973 2.87971 2.9397 5.7 5.72 5.74 5.76 5.78 5.8 5.82 5.84 5.86 5.88 5.9 5.92 5.94 5.96 5.98 6 6.02 6.04 6.06 6.08 6.1 6.12 6.14 6.16 6.18 6.2 6.22 6.24 6.26 6.28 6.3 6.32 6.34 6.36 6.38 6.4 6.42 6.44 6.46 6.48 6.5 6.52 6.54 6.56 6.58 6.6 6.62 6.64 6.66 6.68 6.7 6.72 6.74 6.76 6.78 6.8 
1.5 1.5 1.5 1.5 1.5 1.5 1.5 1.5 1.5 1.5 1.49994 2.15988 2.21987 2.27986 2.33986 2.39985 2.45984 2.51983 2.57983 2.63982 2.69981 2.7598 2.8198 2.87979 2.93979 5.7 5.72 5.74 5.76 5.78 5.8 5.82 5.84 5.86 5.88 5.9 5.92 5.94 5.96 5.98 6 6.02 6.04 6.06 6.08 6.1 6.12 6.14 6.16 6.18 6.2 6.22 6.24 6.26 6.28 6.3 6.32 6.34 6.36 6.38 6.4 6.42 6.44 6.46 6.48 6.5 6.52 6.54 6.56 6.58 6.6 6.62 6.64 6.66 6.68 6.7 6.72 6.74 6.76 6.78 6.8 
1.5 1.5 1.5 1.5 1.5 1.5 1.5 1.5 1.5 1.5 1.49996 2.15992 2.21992 2.27991 2.33992 2.39991 2.45991 2.5199 2.5799 2.6399 2.6999 2.75989 2.8199 2.8799 2.9399 5.7 5.72 5.74 5.76 5.78 5.8 5.82 5.84 5.86 5.88 5.9 5.92 5.94 5.96 5.98 6 6.02 6.04 6.06 6.08 6.1 6.12 6.14 6.16 6.18 6.2 6.22 6.24 6.26 6.28 6.3 6.32 6.34 6.36 6.38 6.4 6.42 6.44 6.46 6.48 6.5 6.52 6.54 6.56 6.58 6.6 6.62 6.64 6.66 6.68 6.7 6.72 6.74 6.76 6.78 6.8 
1.5 1.5 1.5 1.5 1.5 1.5 1.5 1.5 1.5 1.5 1.49998 2.15997 2.21997 2.27997 2.33998 2.39997 2.45997 2.51998 2.57998 2.63998 2.69998 2.75998 2.81999 2.87999 2.94002 5.7 5.72 5.74 5.76 5.78 5.8 5.82 5.84 5.86 5.88 5.9 5.92 5.94 5.96 5.98 6 6.02 6.04 6.06 6.08 6.1 6.12 6.14 6.16 6.18 6.2 6.22 6.24 6.26 6.28 6.3 6.32 6.34 6.36 6.38 6.4 6.42 6.44 6.46 6.48 6.5 6.52 6.54 6.56 6.58 6.6 6.62 6.64 6.66 6.68 6.7 6.72 6.74 6.76 6.78 6.8 
