63 81 1.5 0.33
0 2 4 6 8 10 12 14 16 18 20 22 24 26 28 30 32 34 36 38 40 42 44 46 48 50 52 54 56 58 60 62 64 66 68 70 72 74 76 78 80 82 84 86 88 90 92 94 96 98 100 102 104 106 108 110 112 114 116 118 120 122 124 
0 0 0 0 0 0 0 0 0 0 0 0 0 0 0 0 0 0 0 0 0 0 0 0 0 0 0 0 0 0 0 0 0 0 0 0 0 0 0 0 0 0 0 0 0 0 0 0 0 0 0 0 0 0 0 0 0 0 0 0 0 0 0 
0 0.2 0.4 0.6 0.8 1 1.2 1.4 1.6 1.8 2 2.2 2.4 2.6 2.8 3 3.2 3.4 3.6 3.8 4 4.2 4.4 4.6 4.8 5 5.2 5.4 5.6 5.8 6 6.2 6.4 6.6 6.8 7 7.2 7.4 7.6 7.8 8 8.2 8.4 8.6 8.8 9 9.2 9.4 9.6 9.8 10 10.2 10.4 10.6 10.8 11 11.2 11.4 11.6 11.8 12 12.2 12.4 12.6 12.8 13 13.2 13.4 13.6 13.8 14 14.2 14.4 14.6 14.8 15 15.2 15.4 15.6 15.8 16 
1.5 1.5 1.5 1.5 1.5 1.5 1.5 1.5 1.5 1.5 1.5105 2.18148 2.2421 2.30274 2.36339 2.42404 2.48448 2.54526 2.60542 2.66578 2.72605 2.78588 2.84516 2.90497 2.96442 5.78723 5.80068 5.81229 5.8265 5.83922 5.85156 5.86373 5.87596 5.88807 5.90183 5.91212 5.92417 5.93639 5.94875 5.96265 5.974 5.98734 6.00053 6.01422 6.02624 6.04236 6.0573 6.07212 6.08732 6.10161 6.11826 6.13467 6.15075 6.16716 6.18374 6.20018 6.21726 6.23385 6.25072 6.26732 6.28366 6.30078 6.31745 6.33409 6.35063 6.36705 6.38421 6.40006 6.4168 6.43319 6.44969 6.46718 6.48491 6.502 6.51754 6.53614 6.55583 6.56456 6.59155 6.60599 6.62243 
1.5 1.5 1.5 1.5 1.5 1.5 1.5 1.5 1.5 1.5 1.5094 2.17898 2.23995 2.30014 2.36067 2.4213 2.4818 2.54265 2.6025 2.66273 2.72299 2.78266 2.84206 2.90189 2.96127 5.77371 5.78779 5.80023 5.81532 5.82925 5.8426 5.85601 5.86965 5.88315 5.89791 5.9101 5.92385 5.93747 5.95104 5.96638 5.97899 5.99349 6.00768 6.02224 6.03552 6.05185 6.06728 6.08259 6.09824 6.11304 6.12968 6.1459 6.16174 6.17799 6.19448 6.2108 6.22785 6.24453 6.26159 6.27856 6.29509 6.31223 6.3289 6.34495 6.36358 6.38053 6.39865 6.41595 6.4318 6.45118 6.46856 6.48632 6.50418 6.52252 6.54165 6.55784 6.58079 6.59575 6.61308 6.63695 6.64546 
1.5 1.5 1.5 1.5 1.5 1.5 1.5 1.5 1.5 1.5 1.50826 2.17735 2.23713 2.29758 2.35795 2.41847 2.47932 2.53943 2.59951 2.65961 2.71977 2.77981 2.83895 2.89872 2.95817 5.76293 5.77861 5.79121 5.80739 5.82226 5.83659 5.84999 5.86568 5.88014 5.89468 5.90916 5.92249 5.93869 5.95354 5.96819 5.98347 5.99931 6.01419 6.02964 6.0442 6.06091 6.07709 6.09322 6.10957 6.12467 6.14245 6.15952 6.17605 6.19276 6.20837 6.22657 6.24419 6.26146 6.27904 6.29518 6.31382 6.33168 6.3489 6.36631 6.38286 6.40161 6.41993 6.43784 6.45557 6.4715 6.49123 6.50968 6.5273 6.5459 6.56322 6.58227 6.6023 6.62257 6.63576 6.65922 6.67267 
1.5 1.5 1.5 1.5 1.5 1.5 1.5 1.5 1.5 1.5 1.50704 2.17404 2.23446 2.29437 2.35489 2.4149 2.4752 2.53554 2.59555 2.65596 2.71553 2.77543 2.83458 2.89442 2.95429 5.74857 5.76459 5.77938 5.7965 5.81293 5.82815 5.84385 5.86006 5.87585 5.89175 5.90775 5.92377 5.93998 5.95643 5.97214 5.98888 6.00545 6.02228 6.03907 6.0547 6.07246 6.0891 6.1063 6.1232 6.13877 6.15762 6.17405 6.19291 6.21059 6.22652 6.24549 6.26184 6.2812 6.29699 6.31524 6.33482 6.35145 6.37117 6.38914 6.40749 6.42544 6.44251 6.46253 6.47957 6.49877 6.51723 6.5343 6.55486 6.57054 6.59231 6.61127 6.62668 6.65088 6.65953 6.6857 6.70633 
1.5 1.5 1.5 1.5 1.5 1.5 1.5 1.5 1.5 1.5 1.50508 2.17046 2.23079 2.29107 2.35087 2.41082 2.47096 2.53134 2.59122 2.65121 2.71072 2.77045 2.83034 2.88999 2.94921 5.7317 5.74878 5.76561 5.78416 5.80044 5.81788 5.83533 5.85241 5.87017 5.8892 5.90615 5.92379 5.9417 5.95978 5.97952 5.99695 6.01506 6.03269 6.0512 6.07056 6.08917 6.10691 6.12478 6.14284 6.16236 6.18071 6.1985 6.21694 6.23536 6.25555 6.27343 6.29039 6.30876 6.32723 6.34713 6.36541 6.38315 6.40154 6.42129 6.43996 6.45854 6.47588 6.49443 6.51488 6.53294 6.55149 6.56986 6.58805 6.60854 6.62755 6.64841 6.661 6.68788 6.70619 6.71786 6.74358 
1.5 1.5 1.5 1.5 1.5 1.5 1.5 1.5 1.5 1.5 1.50211 2.16378 2.22371 2.28362 2.3431 2.40342 2.46316 2.52294 2.58287 2.64263 2.7027 2.76241 2.82221 2.88191 2.94187 5.7048 5.72436 5.74439 5.76408 5.78444 5.80418 5.82457 5.84535 5.86604 5.88729 5.90781 5.92874 5.94998 5.9712 5.99265 6.01335 6.03475 6.05561 6.07679 6.09786 6.11805 6.13893 6.1593 6.17929 6.19977 6.21921 6.23947 6.25919 6.27898 6.29875 6.31765 6.33763 6.35678 6.37568 6.39449 6.41325 6.43251 6.4513 6.47039 6.48905 6.50781 6.52711 6.5457 6.56468 6.58294 6.60166 6.62104 6.64072 6.65975 6.67802 6.69825 6.71631 6.73536 6.75782 6.76992 6.7941 
1.5 1.5 1.5 1.5 1.5 1.5 1.5 1.5 1.5 1.5 1.49881 2.15751 2.21806 2.27679 2.33605 2.396 2.45568 2.51574 2.57479 2.63481 2.69478 2.75448 2.81424 2.87436 2.93415 5.67968 5.70147 5.72421 5.74699 5.76928 5.79299 5.81647 5.84041 5.86466 5.88785 5.9127 5.93671 5.9613 5.98553 6.00933 6.0338 6.05771 6.08138 6.10483 6.12926 6.15092 6.17394 6.19634 6.21828 6.24102 6.26147 6.28306 6.30393 6.32472 6.34548 6.36544 6.3863 6.4054 6.42571 6.44532 6.46451 6.48412 6.50323 6.52258 6.54181 6.56072 6.58027 6.59751 6.61807 6.63689 6.65568 6.67497 6.69477 6.71432 6.73291 6.75286 6.77181 6.78914 6.81353 6.82519 6.84916 
1.5 1.5 1.5 1.5 1.5 1.5 1.5 1.5 1.5 1.5 1.49392 2.14799 2.20742 2.26721 2.32705 2.38613 2.44575 2.50519 2.56555 2.62502 2.68514 2.74566 2.80586 2.86639 2.92638 5.65568 5.68056 5.70742 5.73322 5.75894 5.78679 5.81414 5.84028 5.86978 5.89679 5.92523 5.95288 5.98073 6.00839 6.03537 6.06272 6.08938 6.11589 6.14204 6.16955 6.193 6.21801 6.2428 6.26659 6.2917 6.31303 6.33578 6.35807 6.38 6.40165 6.4227 6.44407 6.46505 6.48533 6.50537 6.52492 6.54434 6.5642 6.584 6.60321 6.62251 6.64226 6.66116 6.68026 6.69905 6.71799 6.73718 6.7571 6.77737 6.79541 6.81529 6.83573 6.85047 6.87743 6.8879 6.91147 
1.5 1.5 1.5 1.5 1.5 1.5 1.5 1.5 1.5 1.5 1.4865 2.13354 2.19249 2.2528 2.31303 2.37197 2.4317 2.49092 2.55163 2.61141 2.67215 2.73347 2.79524 2.8556 2.91728 5.62797 5.65871 5.69217 5.71734 5.75251 5.78544 5.81783 5.85052 5.8821 5.91501 5.94753 5.97928 6.01086 6.04236 6.07343 6.10371 6.13343 6.16286 6.19132 6.22213 6.24709 6.2743 6.30126 6.32627 6.35326 6.37549 6.39961 6.42332 6.44562 6.46753 6.48948 6.51148 6.53281 6.55336 6.5736 6.59365 6.61377 6.63308 6.65298 6.67232 6.69159 6.71134 6.73014 6.74907 6.76806 6.78688 6.80605 6.82574 6.84568 6.86194 6.88422 6.90605 6.91908 6.9455 6.9571 6.98018 
1.5 1.5 1.5 1.5 1.5 1.5 1.5 1.5 1.5 1.5 1.47673 2.1149 2.17559 2.23416 2.29428 2.35404 2.41421 2.47371 2.53481 2.5947 2.6567 2.71894 2.78263 2.84473 2.90775 5.60104 5.63927 5.67563 5.71363 5.75274 5.7912 5.82978 5.86844 5.90683 5.94464 5.9813 6.0175 6.05343 6.08867 6.12151 6.1566 6.18909 6.22129 6.25175 6.28581 6.31188 6.34052 6.36861 6.39521 6.4232 6.44703 6.47187 6.49573 6.51984 6.54252 6.56372 6.58554 6.60704 6.6278 6.64802 6.66844 6.68857 6.7079 6.72706 6.74646 6.76568 6.78495 6.80379 6.82236 6.8416 6.86058 6.88012 6.8992 6.91909 6.93925 6.95818 6.98035 6.99464 7.01874 7.03183 7.05494 
1.5 1.5 1.5 1.5 1.5 1.5 1.5 1.5 1.5 1.5 1.46914 2.09935 2.15701 2.21933 2.27916 2.34036 2.40106 2.46023 2.52276 2.58403 2.64628 2.70973 2.77571 2.8386 2.90368 5.59115 5.63751 5.68297 5.72213 5.76661 5.81116 5.85539 5.89886 5.94367 5.98575 6.02704 6.06512 6.10672 6.14538 6.18305 6.21963 6.25224 6.28934 6.31894 6.35421 6.38178 6.41218 6.44102 6.46874 6.49905 6.52255 6.54847 6.57265 6.59679 6.61936 6.64209 6.66388 6.68549 6.70633 6.72705 6.74766 6.76792 6.78709 6.8064 6.8256 6.84477 6.86386 6.88308 6.90187 6.92107 6.94018 6.96018 6.97858 6.99839 7.01988 7.03788 7.06047 7.07739 7.09875 7.11349 7.13728 
1.5 1.5 1.5 1.5 1.5 1.5 1.5 1.5 1.5 1.5 1.4521 2.06765 2.12656 2.19253 2.25399 2.31773 2.38058 2.44091 2.50668 2.56878 2.63526 2.70326 2.77493 2.8409 2.91189 5.6671 5.70593 5.73495 5.77182 5.8266 5.87741 5.92611 5.97281 6.01789 6.05841 6.10359 6.14298 6.18188 6.22063 6.25768 6.29657 6.33196 6.36652 6.39941 6.4353 6.46248 6.49263 6.52222 6.54989 6.57962 6.60366 6.62928 6.65374 6.67773 6.70087 6.72329 6.7454 6.76686 6.78801 6.80862 6.82875 6.84882 6.86815 6.88765 6.90691 6.92617 6.94546 6.96481 6.9839 7.00332 7.02248 7.04255 7.06203 7.08256 7.10299 7.12048 7.14559 7.1629 7.18484 7.20267 7.22191 
1.5 1.5 1.5 1.5 1.5 1.5 1.5 1.5 1.5 1.5 1.42776 2.01369 2.06715 2.14077 2.20617 2.27659 2.34066 2.40097 2.46943 2.53494 2.6015 2.67257 2.75035 2.81823 2.89211 5.59797 5.73102 5.81054 5.77281 5.83219 5.89579 5.95975 6.01965 6.0752 6.12461 6.17675 6.22163 6.26128 6.2991 6.33845 6.37869 6.41562 6.45129 6.48494 6.52116 6.54803 6.57778 6.60674 6.6338 6.66274 6.68664 6.71139 6.73566 6.75919 6.78227 6.80398 6.82624 6.84765 6.86848 6.88899 6.90917 6.92929 6.94935 6.96925 6.98871 7.00831 7.02781 7.04759 7.06717 7.08699 7.10665 7.12757 7.14853 7.16942 7.19058 7.20946 7.2352 7.25471 7.27576 7.29517 7.31349 
1.5 1.5 1.5 1.5 1.5 1.5 1.5 1.5 1.5 1.5 1.41441 1.98336 2.04206 2.10576 2.16718 2.24442 2.31979 2.38053 2.45196 2.51935 2.58814 2.66236 2.74494 2.81524 2.89318 5.61575 5.74263 5.90839 5.82227 5.88953 5.94743 6.00514 6.06367 6.12475 6.17961 6.23439 6.28229 6.32591 6.36412 6.40577 6.44848 6.48741 6.52455 6.55886 6.59539 6.62222 6.65193 6.68093 6.70834 6.7374 6.76177 6.78687 6.8114 6.83552 6.85881 6.88096 6.90345 6.92515 6.94654 6.9676 6.98823 7.00886 7.02957 7.05002 7.0702 7.09042 7.11067 7.13129 7.15185 7.17257 7.19329 7.2149 7.23685 7.25824 7.28077 7.30146 7.32653 7.34949 7.3699 7.39153 7.40972 
1.5 1.5 1.5 1.5 1.5 1.5 1.5 1.5 1.5 1.5 1.40777 1.95441 1.99071 2.08751 2.1543 2.23342 2.30898 2.37132 2.44576 2.51602 2.58778 2.66601 2.75724 2.83022 2.91303 5.73253 5.8639 5.9271 5.93441 5.98822 6.04994 6.10503 6.15744 6.20028 6.2469 6.30817 6.35034 6.3858 6.42442 6.46336 6.50426 6.54094 6.57711 6.61205 6.64978 6.6794 6.71073 6.74064 6.76945 6.79812 6.82335 6.8492 6.87484 6.9003 6.92509 6.94847 6.97259 6.99551 7.01804 7.04074 7.06288 7.08468 7.10667 7.12844 7.15002 7.17161 7.19336 7.21524 7.23694 7.25881 7.28081 7.30325 7.32647 7.34871 7.37221 7.39588 7.41979 7.4453 7.46575 7.49093 7.50846 
1.5 1.5 1.5 1.5 1.5 1.5 1.5 1.5 1.5 1.5 1.40372 1.94164 2.01406 2.11456 2.18628 2.2561 2.32359 2.38642 2.46123 2.53159 2.60373 2.68294 2.77478 2.84733 2.93194 5.75263 5.86161 5.98878 6.02671 6.0605 6.13542 6.18731 6.22641 6.26297 6.30337 6.35737 6.40366 6.44243 6.47407 6.50506 6.54646 6.58276 6.61707 6.65204 6.68669 6.71578 6.74613 6.77743 6.81014 6.84272 6.87155 6.90103 6.92838 6.95454 6.98003 7.00497 7.03104 7.05643 7.08154 7.10685 7.13056 7.15424 7.17802 7.20202 7.22573 7.24949 7.27353 7.29763 7.3214 7.34504 7.3687 7.39051 7.41512 7.44071 7.46358 7.48724 7.51461 7.54078 7.56435 7.59232 7.60535 
1.5 1.5 1.5 1.5 1.5 1.5 1.5 1.5 1.5 1.5 1.40153 1.95063 1.99534 2.0911 2.16272 2.2366 2.30688 2.37031 2.44725 2.51484 2.59328 2.67502 2.76983 2.84561 2.9363 5.83154 5.97971 6.05727 6.068 6.16601 6.19201 6.28093 6.31692 6.34968 6.38788 6.44194 6.47438 6.50482 6.53582 6.56938 6.59296 6.62667 6.66356 6.68966 6.72344 6.75432 6.78272 6.81202 6.84246 6.87262 6.90149 6.93134 6.9612 6.99123 7.02153 7.05393 7.08073 7.10811 7.13512 7.16274 7.18933 7.21603 7.24239 7.26987 7.29622 7.3226 7.3496 7.37572 7.4018 7.42803 7.45414 7.4776 7.50387 7.53321 7.55643 7.5801 7.61107 7.64167 7.66221 7.69358 7.70537 
1.5 1.5 1.5 1.5 1.5 1.5 1.5 1.5 1.5 1.5 1.39387 1.94551 2.00414 2.08246 2.15114 2.23162 2.30208 2.3654 2.44334 2.51599 2.59049 2.67267 2.76699 2.84327 2.93044 5.79003 6.03048 6.20172 6.09469 6.20311 6.22369 6.27396 6.34056 6.38379 6.43967 6.47462 6.50056 6.51972 6.55828 6.58323 6.61902 6.64111 6.67903 6.71654 6.73813 6.77519 6.80266 6.83261 6.86398 6.89504 6.92415 6.95608 6.98831 7.02036 7.0518 7.0823 7.11426 7.14715 7.18072 7.21371 7.24344 7.27196 7.3007 7.332 7.36025 7.3897 7.41907 7.44801 7.47605 7.50429 7.5329 7.55991 7.58704 7.61647 7.64325 7.66949 7.69958 7.72853 7.75177 7.79204 7.80223 
1.5 1.5 1.5 1.5 1.5 1.5 1.5 1.5 1.5 1.5 1.39503 1.94742 2.00762 2.08599 2.15757 2.23534 2.30767 2.37133 2.45001 2.52316 2.59819 2.68113 2.77621 2.85285 2.93951 5.83825 6.09348 6.21284 6.16011 6.2179 6.24486 6.27456 6.3531 6.38865 6.44193 6.48611 6.50348 6.511 6.5375 6.56118 6.59839 6.6305 6.65965 6.71186 6.73305 6.77565 6.80582 6.83737 6.86975 6.90665 6.93657 6.97108 7.00543 7.03997 7.07441 7.11167 7.14459 7.17907 7.21346 7.24699 7.28345 7.32062 7.35485 7.386 7.416 7.44805 7.48057 7.51258 7.54359 7.5748 7.60605 7.63499 7.66399 7.69543 7.7282 7.75362 7.78427 7.81688 7.8396 7.88467 7.89624 
1.5 1.5 1.5 1.5 1.5 1.5 1.5 1.5 1.5 1.5 1.40438 1.9535 1.99828 2.09848 2.17004 2.24297 2.31653 2.38649 2.46485 2.53845 2.61666 2.69864 2.79596 2.87266 2.96663 6.01504 6.1128 6.15766 6.16503 6.25626 6.29781 6.31918 6.35555 6.39244 6.42538 6.44629 6.46879 6.49793 6.51835 6.53642 6.57447 6.60482 6.62853 6.67135 6.70802 6.75024 6.78886 6.82971 6.86398 6.90422 6.93678 6.97601 7.01464 7.05295 7.09232 7.13078 7.16785 7.2055 7.24787 7.28734 7.3241 7.35713 7.39382 7.43801 7.47999 7.51019 7.54589 7.58093 7.61411 7.64672 7.67664 7.7073 7.73769 7.78115 7.80382 7.83506 7.87279 7.90054 7.92107 7.9609 7.98113 
1.5 1.5 1.5 1.5 1.5 1.5 1.5 1.5 1.5 1.5 1.40901 1.95391 2.02898 2.13065 2.20288 2.27276 2.3424 2.40676 2.48339 2.55266 2.63186 2.71498 2.80226 2.87572 2.96435 5.89733 5.97395 6.09403 6.13951 6.1787 6.22263 6.26451 6.27655 6.30257 6.34824 6.35694 6.38787 6.42641 6.46094 6.48679 6.53529 6.5722 6.6084 6.65007 6.6903 6.72367 6.75863 6.81299 6.86519 6.8998 6.93409 6.97517 7.01618 7.05794 7.10287 7.14407 7.18727 7.23015 7.26857 7.30749 7.34757 7.38513 7.42907 7.46392 7.50428 7.54444 7.58773 7.61979 7.65463 7.69008 7.72539 7.75824 7.78943 7.82508 7.85844 7.89152 7.92195 7.95334 7.98667 8.02271 8.04678 
1.5 1.5 1.5 1.5 1.5 1.5 1.5 1.5 1.5 1.5 1.40525 1.95359 1.99693 2.09698 2.16249 2.23809 2.31698 2.38215 2.45948 2.5282 2.60803 2.68826 2.78382 2.85898 2.95084 5.89623 6.04029 6.08213 6.07455 6.14527 6.20522 6.23419 6.27227 6.2904 6.31732 6.34703 6.36227 6.40492 6.43758 6.47543 6.52773 6.57635 6.5969 6.65324 6.68634 6.72309 6.76345 6.80257 6.85872 6.91765 6.92917 6.97266 7.01166 7.05344 7.0985 7.14438 7.1879 7.23298 7.27759 7.32274 7.36572 7.40532 7.44562 7.48813 7.53012 7.56903 7.61117 7.66093 7.69721 7.73175 7.76985 7.80546 7.84399 7.8819 7.91863 7.94807 7.98245 8.02333 8.05106 8.0807 8.10703 
1.5 1.5 1.5 1.5 1.5 1.5 1.5 1.5 1.5 1.5 1.39819 1.95201 2.01142 2.08923 2.15672 2.23797 2.31206 2.37524 2.45302 2.52434 2.59833 2.67945 2.77183 2.8462 2.931 5.77182 5.94191 6.19444 6.05947 6.12296 6.134 6.15678 6.22513 6.25268 6.31239 6.34645 6.37252 6.40651 6.4383 6.4489 6.5161 6.56515 6.59718 6.64398 6.6929 6.71522 6.76056 6.80012 6.84532 6.93331 6.92798 6.96992 7.00838 7.05002 7.09372 7.13584 7.18008 7.22987 7.2786 7.32229 7.36746 7.41568 7.46095 7.50077 7.54334 7.58932 7.63337 7.67379 7.72954 7.75923 7.79833 7.84096 7.86967 7.90833 7.94199 7.97574 8.0161 8.04184 8.0767 8.12136 8.1371 
1.5 1.5 1.5 1.5 1.5 1.5 1.5 1.5 1.5 1.5 1.39767 1.95133 2.00934 2.08691 2.16015 2.2331 2.31019 2.37317 2.45074 2.52225 2.59583 2.67627 2.76839 2.84251 2.92562 5.75526 5.92635 6.19152 6.05492 6.08282 6.1101 6.1259 6.20203 6.23598 6.29338 6.33578 6.36607 6.39789 6.42805 6.45452 6.51618 6.5611 6.59492 6.64415 6.68297 6.71364 6.75604 6.79645 6.85456 6.91797 6.9297 6.96755 7.00798 7.05314 7.09154 7.13578 7.17971 7.22517 7.2704 7.32302 7.37103 7.41941 7.4676 7.50475 7.55395 7.59948 7.65098 7.6878 7.74306 7.77945 7.81756 7.85568 7.89114 7.92828 7.96537 7.99783 8.0398 8.06917 8.10177 8.14959 8.1644 
1.5 1.5 1.5 1.5 1.5 1.5 1.5 1.5 1.5 1.5 1.40508 1.95519 1.99468 2.0947 2.16629 2.2426 2.3147 2.37808 2.45462 2.52243 2.60001 2.68072 2.77488 2.84912 2.93308 5.81917 5.96222 6.04796 6.01932 6.10272 6.1571 6.19436 6.22936 6.24932 6.28568 6.31178 6.33622 6.38428 6.42073 6.45647 6.51659 6.5692 6.59714 6.64277 6.66318 6.71745 6.76462 6.80101 6.8441 6.8959 6.93108 6.96879 7.00424 7.04982 7.09639 7.13152 7.18149 7.22042 7.27036 7.31089 7.3689 7.42203 7.4755 7.50892 7.55472 7.5954 7.6562 7.7014 7.75257 7.78685 7.82789 7.86779 7.90427 7.94544 7.97937 8.01504 8.05577 8.0865 8.11848 8.16584 8.1827 
1.5 1.5 1.5 1.5 1.5 1.5 1.5 1.5 1.5 1.5 1.40353 1.94173 2.01365 2.11445 2.18682 2.25574 2.32389 2.38707 2.46298 2.53397 2.60683 2.68694 2.77988 2.85266 2.93408 5.7761 5.88759 6.04146 6.03088 6.10535 6.16208 6.20221 6.21069 6.23686 6.26271 6.28609 6.32557 6.37356 6.42572 6.44024 6.5108 6.5578 6.58208 6.63164 6.68051 6.73275 6.7613 6.79213 6.83317 6.89036 6.93055 6.97067 7.00649 7.04732 7.09945 7.13227 7.17987 7.21801 7.27041 7.31029 7.36599 7.41942 7.48259 7.50819 7.55526 7.59774 7.65094 7.7004 7.75253 7.78901 7.82865 7.86922 7.90581 7.94053 7.98008 8.01907 8.05741 8.08756 8.12349 8.16791 8.18795 
1.5 1.5 1.5 1.5 1.5 1.5 1.5 1.5 1.5 1.5 1.40479 1.95356 1.99698 2.09464 2.16624 2.24277 2.31462 2.37807 2.4547 2.52672 2.60007 2.6806 2.77491 2.84926 2.93299 5.81815 5.95965 6.04466 6.01672 6.1003 6.16397 6.19624 6.23313 6.25046 6.28554 6.31415 6.34208 6.38817 6.4201 6.46484 6.51025 6.56663 6.58583 6.63506 6.66997 6.71619 6.75812 6.79777 6.83762 6.89047 6.92657 6.9666 7.00257 7.04656 7.0937 7.12973 7.17784 7.21868 7.26836 7.30928 7.36694 7.42005 7.47466 7.50493 7.55292 7.60518 7.64711 7.69145 7.73948 7.79332 7.82512 7.86464 7.90157 7.93721 7.97743 8.01524 8.05137 8.08988 8.12214 8.1651 8.18285 
1.5 1.5 1.5 1.5 1.5 1.5 1.5 1.5 1.5 1.5 1.39769 1.95089 2.00934 2.08666 2.16032 2.23832 2.31034 2.37347 2.4509 2.52275 2.59586 2.67636 2.76866 2.84274 2.92571 5.75254 5.92641 6.19241 6.05319 6.0851 6.11796 6.13222 6.20351 6.23921 6.29254 6.34105 6.36829 6.39877 6.42876 6.45787 6.50318 6.55306 6.58863 6.62733 6.67558 6.7173 6.75127 6.79184 6.84645 6.90942 6.92147 6.96175 7.0053 7.04988 7.08811 7.13429 7.17675 7.22292 7.26687 7.31939 7.36754 7.41657 7.46511 7.50434 7.55388 7.59603 7.63568 7.68222 7.72728 7.7844 7.81344 7.85112 7.88693 7.92414 7.96413 7.99704 8.03416 8.06855 8.10223 8.14727 8.16547 
1.5 1.5 1.5 1.5 1.5 1.5 1.5 1.5 1.5 1.5 1.39746 1.95095 2.0101 2.08827 2.16046 2.23833 2.31192 2.37512 2.45302 2.52518 2.59878 2.67976 2.77287 2.84739 2.93092 5.77369 5.946 6.2188 6.07232 6.10647 6.13821 6.15817 6.22941 6.25404 6.30034 6.34958 6.36975 6.40152 6.43841 6.45214 6.50389 6.55272 6.59021 6.6335 6.67936 6.71935 6.75684 6.79377 6.8391 6.92613 6.91787 6.96088 7.00356 7.04661 7.09178 7.13423 7.17743 7.22581 7.27389 7.31863 7.36483 7.41421 7.45418 7.49517 7.53867 7.5794 7.6231 7.66547 7.71389 7.76167 7.79159 7.82854 7.86325 7.90074 7.94024 7.97142 8.00768 8.04194 8.07621 8.11819 8.13835 
1.5 1.5 1.5 1.5 1.5 1.5 1.5 1.5 1.5 1.5 1.4055 1.95413 1.99669 2.09697 2.16776 2.24543 2.31857 2.3825 2.45998 2.53275 2.60698 2.6886 2.78401 2.85918 2.94411 5.8615 6.007 6.0935 6.08072 6.14305 6.20325 6.23272 6.27378 6.29625 6.31662 6.34688 6.36608 6.40729 6.44653 6.46969 6.52091 6.56763 6.59465 6.64443 6.68607 6.72423 6.75908 6.79723 6.85306 6.9101 6.91627 6.96383 7.00637 7.04943 7.09486 7.13689 7.18224 7.22726 7.27166 7.31426 7.35492 7.39532 7.43736 7.47819 7.51912 7.56002 7.60003 7.64538 7.69197 7.72535 7.76124 7.79662 7.83034 7.86707 7.90467 7.93725 7.97091 8.00177 8.04025 8.07701 8.09836 
1.5 1.5 1.5 1.5 1.5 1.5 1.5 1.5 1.5 1.5 1.40919 1.9544 2.02898 2.13089 2.20364 2.27409 2.34257 2.4066 2.48265 2.55459 2.62775 2.70846 2.80162 2.87463 2.95676 5.86045 5.96483 6.08618 6.12299 6.16839 6.20278 6.25952 6.27142 6.30702 6.34474 6.36241 6.38416 6.42267 6.45803 6.48548 6.53029 6.5725 6.60713 6.65494 6.694 6.72577 6.76164 6.81151 6.85778 6.89571 6.92663 6.97142 7.0127 7.05446 7.0979 7.13907 7.17984 7.22017 7.25984 7.29691 7.33731 7.37838 7.41641 7.45528 7.49517 7.53574 7.57913 7.62284 7.6513 7.69144 7.72294 7.7558 7.78784 7.8232 7.86023 7.89016 7.92282 7.95602 7.98605 8.02272 8.04944 
1.5 1.5 1.5 1.5 1.5 1.5 1.5 1.5 1.5 1.5 1.40419 1.95456 1.99745 2.09904 2.17066 2.2468 2.32094 2.38546 2.46436 2.53816 2.61351 2.69694 2.79436 2.87099 2.95806 5.95727 6.09955 6.15836 6.15541 6.2303 6.26958 6.30985 6.34544 6.37274 6.40855 6.44309 6.4649 6.47809 6.50227 6.53184 6.57228 6.60978 6.63735 6.67507 6.70976 6.75019 6.78939 6.82834 6.86418 6.90194 6.93657 6.97483 7.01259 7.05095 7.09144 7.12825 7.16407 7.20301 7.23885 7.27513 7.31272 7.34966 7.38597 7.42572 7.46668 7.50303 7.53562 7.56944 7.60368 7.63787 7.67083 7.70091 7.73173 7.76661 7.8017 7.82742 7.86037 7.89851 7.91888 7.95924 7.98329 
1.5 1.5 1.5 1.5 1.5 1.5 1.5 1.5 1.5 1.5 1.39472 1.94714 2.00618 2.08533 2.1522 2.23296 2.30711 2.37061 2.44971 2.523 2.59791 2.68094 2.77628 2.85305 2.94025 5.8374 6.08028 6.23853 6.16915 6.21757 6.24829 6.28031 6.35784 6.39094 6.43489 6.48027 6.50099 6.51287 6.53289 6.56249 6.60337 6.63093 6.66317 6.71349 6.73397 6.7746 6.80545 6.83651 6.86935 6.90607 6.93752 6.97195 7.00721 7.04224 7.07539 7.10992 7.14372 7.17805 7.21274 7.24652 7.28403 7.3204 7.35588 7.38872 7.42202 7.45119 7.48386 7.51676 7.54867 7.58051 7.61117 7.6432 7.67005 7.70193 7.73383 7.75935 7.79097 7.82442 7.8467 7.88626 7.90244 
1.5 1.5 1.5 1.5 1.5 1.5 1.5 1.5 1.5 1.5 1.39346 1.94462 2.00233 2.0814 2.15522 2.23088 2.30143 2.36451 2.44261 2.51542 2.58986 2.67208 2.76648 2.84287 2.92881 5.78623 6.01554 6.21455 6.0891 6.20086 6.22173 6.26835 6.34171 6.3831 6.43932 6.47782 6.50582 6.52239 6.5491 6.57704 6.62014 6.63963 6.67912 6.71961 6.73852 6.77554 6.80282 6.83297 6.86424 6.89709 6.92748 6.96039 6.99448 7.02353 7.05471 7.08594 7.11756 7.14987 7.18301 7.21957 7.24753 7.27703 7.30556 7.33555 7.36614 7.3953 7.42497 7.45481 7.48366 7.51214 7.54139 7.56839 7.59569 7.62588 7.65535 7.67912 7.71117 7.74066 7.76306 7.80122 7.81203 
1.5 1.5 1.5 1.5 1.5 1.5 1.5 1.5 1.5 1.5 1.401 1.95095 1.99163 2.08998 2.16159 2.23559 2.30593 2.36922 2.44592 2.51829 2.59265 2.67384 2.7687 2.84464 2.93061 5.82633 5.9668 6.05982 6.06588 6.16571 6.19293 6.28718 6.30802 6.36152 6.39442 6.43997 6.47499 6.49764 6.53014 6.56884 6.59949 6.6262 6.66709 6.69146 6.72358 6.75413 6.78319 6.81361 6.84459 6.87689 6.90598 6.93491 6.96465 6.99423 7.02666 7.05541 7.08497 7.11303 7.141 7.16822 7.19608 7.22319 7.25236 7.27757 7.30542 7.33161 7.35902 7.38603 7.41281 7.43962 7.46584 7.48942 7.51498 7.54755 7.57039 7.59245 7.62641 7.65302 7.6756 7.7105 7.71883 
1.5 1.5 1.5 1.5 1.5 1.5 1.5 1.5 1.5 1.5 1.40318 1.94074 2.01295 2.11343 2.18558 2.25534 2.32267 2.3853 2.46026 2.5308 2.60298 2.68217 2.77393 2.84653 2.92773 5.7531 5.86146 5.99204 6.02726 6.06141 6.13707 6.19114 6.2104 6.27556 6.31495 6.35361 6.40142 6.44092 6.47648 6.50968 6.54655 6.5834 6.61852 6.65416 6.68844 6.71813 6.74903 6.78126 6.81252 6.84503 6.87332 6.90292 6.93081 6.95714 6.98305 7.00948 7.0355 7.06078 7.08666 7.11174 7.13686 7.16099 7.1851 7.2103 7.235 7.259 7.28418 7.30932 7.33391 7.3584 7.38225 7.40455 7.42951 7.45692 7.48037 7.50346 7.53427 7.55931 7.58237 7.61357 7.62395 
1.5 1.5 1.5 1.5 1.5 1.5 1.5 1.5 1.5 1.5 1.40776 1.95305 1.99311 2.08721 2.15416 2.2334 2.30897 2.37134 2.44554 2.51594 2.58748 2.6656 2.75672 2.82975 2.91217 5.73158 5.86063 5.92116 5.93204 5.98696 6.04932 6.09691 6.15356 6.20755 6.24533 6.30112 6.34913 6.38741 6.42511 6.46353 6.50567 6.54291 6.58006 6.61544 6.65218 6.6817 6.71525 6.74294 6.77137 6.8014 6.82616 6.85229 6.8778 6.90314 6.92784 6.95221 6.97572 6.99908 7.02238 7.04521 7.06819 7.0904 7.11295 7.13569 7.15804 7.18048 7.20329 7.22628 7.24884 7.27163 7.29447 7.31746 7.3418 7.36547 7.38904 7.41395 7.43946 7.46447 7.48752 7.51362 7.53011 
1.5 1.5 1.5 1.5 1.5 1.5 1.5 1.5 1.5 1.5 1.41418 1.98288 2.0425 2.10558 2.1666 2.24421 2.31959 2.3804 2.45179 2.51926 2.58767 2.66183 2.74464 2.81499 2.8926 5.61541 5.75183 5.89605 5.82194 5.88751 5.94338 6.00308 6.06445 6.12277 6.17851 6.23498 6.2832 6.32518 6.36414 6.40602 6.44792 6.48668 6.52326 6.5576 6.5942 6.62115 6.65072 6.68023 6.70772 6.73708 6.76131 6.7868 6.81457 6.83548 6.85884 6.8818 6.90446 6.92676 6.94883 6.97011 6.99173 7.01311 7.03449 7.05595 7.07727 7.09861 7.12032 7.14186 7.16388 7.18571 7.20748 7.23006 7.253 7.2756 7.2981 7.32142 7.34672 7.37052 7.39283 7.41472 7.4333 
1.5 1.5 1.5 1.5 1.5 1.5 1.5 1.5 1.5 1.5 1.42789 2.01398 2.06781 2.14141 2.21068 2.27716 2.34133 2.40168 2.47023 2.53559 2.60191 2.67284 2.75078 2.81874 2.89297 5.59918 5.73971 5.79638 5.77165 5.83092 5.89592 5.95938 6.0181 6.07349 6.12109 6.17366 6.21836 6.25715 6.29519 6.33482 6.37453 6.41144 6.44675 6.48054 6.51654 6.54356 6.5731 6.60215 6.63347 6.65861 6.68255 6.70748 6.73191 6.75558 6.7788 6.80158 6.82401 6.84596 6.8675 6.88928 6.90996 6.93091 6.9519 6.97291 6.99356 7.0144 7.03542 7.05642 7.07739 7.09844 7.1196 7.14161 7.16398 7.1858 7.20729 7.22887 7.25467 7.27554 7.29851 7.31883 7.33845 
1.5 1.5 1.5 1.5 1.5 1.5 1.5 1.5 1.5 1.5 1.45273 2.06865 2.1281 2.19388 2.2542 2.31909 2.38222 2.44295 2.50829 2.57242 2.63749 2.70494 2.77671 2.84278 2.91329 5.67395 5.71103 5.73818 5.77571 5.82759 5.87868 5.92642 5.97206 6.0162 6.05573 6.10024 6.13903 6.17703 6.21492 6.25692 6.28951 6.32482 6.3587 6.39155 6.42712 6.4542 6.48413 6.51365 6.54156 6.57123 6.59575 6.62143 6.64638 6.67086 6.69473 6.71787 6.74057 6.763 6.78519 6.80696 6.82787 6.84942 6.86952 6.89027 6.9108 6.93141 6.95213 6.97265 6.99316 7.01381 7.03454 7.05562 7.07652 7.09808 7.11894 7.13848 7.16418 7.18333 7.20597 7.22504 7.24645 
1.5 1.5 1.5 1.5 1.5 1.5 1.5 1.5 1.5 1.5 1.47006 2.10093 2.15935 2.22084 2.28107 2.34212 2.4028 2.46195 2.52454 2.58587 2.64805 2.71145 2.77732 2.84024 2.90554 5.59682 5.64274 5.69194 5.72577 5.76909 5.81305 5.85599 5.89878 5.94053 5.97839 6.02209 6.06119 6.09981 6.13704 6.17591 6.20975 6.24451 6.2783 6.31088 6.34699 6.37361 6.40329 6.43249 6.46044 6.49024 6.51479 6.54065 6.56578 6.5902 6.61383 6.63676 6.65926 6.6817 6.70371 6.72543 6.74682 6.76788 6.78845 6.80882 6.82925 6.84973 6.87004 6.89011 6.91047 6.93076 6.9513 6.97223 6.99205 7.01282 7.03442 7.05411 7.07786 7.0953 7.11874 7.13373 7.15936 
1.5 1.5 1.5 1.5 1.5 1.5 1.5 1.5 1.5 1.5 1.47694 2.11495 2.17407 2.23417 2.29402 2.35432 2.41451 2.47366 2.53522 2.59593 2.65719 2.7197 2.78346 2.8455 2.90917 5.60332 5.6419 5.68397 5.71504 5.75315 5.79115 5.82887 5.86659 5.9037 5.9373 5.9764 6.01158 6.04648 6.08051 6.11258 6.14706 6.17926 6.2108 6.24136 6.27506 6.30109 6.32974 6.35759 6.38467 6.41354 6.43747 6.46265 6.48723 6.51142 6.53544 6.55795 6.58063 6.60311 6.62519 6.64691 6.66829 6.68928 6.70998 6.73058 6.7509 6.77134 6.79173 6.81164 6.83192 6.85188 6.87207 6.89228 6.91221 6.93307 6.95356 6.97379 6.99705 7.01187 7.03756 7.05028 7.07681 
1.5 1.5 1.5 1.5 1.5 1.5 1.5 1.5 1.5 1.5 1.48677 2.1339 2.19335 2.25318 2.31277 2.37244 2.43216 2.49153 2.55213 2.61217 2.67267 2.73399 2.79565 2.85671 2.91863 5.63115 5.66154 5.6939 5.72232 5.75382 5.78514 5.81664 5.84834 5.87987 5.90895 5.94253 5.9735 6.00442 6.03492 6.06386 6.09498 6.12436 6.15326 6.18168 6.21231 6.23744 6.26458 6.29119 6.31722 6.34492 6.36823 6.39271 6.41684 6.44051 6.4638 6.48677 6.5094 6.53172 6.55364 6.57518 6.59629 6.61708 6.6377 6.65854 6.67898 6.69928 6.71956 6.73927 6.75943 6.77908 6.79893 6.81852 6.83865 6.85953 6.87872 6.8991 6.92142 6.93534 6.96257 6.97394 7.00001 
1.5 1.5 1.5 1.5 1.5 1.5 1.5 1.5 1.5 1.5 1.49373 2.14775 2.20751 2.26695 2.3262 2.38585 2.44537 2.5049 2.56528 2.62485 2.68474 2.74502 2.8055 2.86589 2.92654 5.65516 5.67963 5.706 5.73148 5.75632 5.78418 5.81102 5.8381 5.86527 5.89077 5.91973 5.94702 5.9744 6.00175 6.02786 6.05576 6.0824 6.10885 6.13516 6.16287 6.187 6.21247 6.2376 6.26244 6.28833 6.31087 6.33436 6.3577 6.38048 6.40321 6.42569 6.4479 6.46978 6.49129 6.51239 6.53315 6.55365 6.57415 6.59467 6.61481 6.63485 6.65485 6.67437 6.6943 6.7136 6.73302 6.75225 6.77235 6.7928 6.81128 6.83184 6.85204 6.86711 6.8939 6.90467 6.9299 
1.5 1.5 1.5 1.5 1.5 1.5 1.5 1.5 1.5 1.5 1.49818 2.1559 2.21569 2.27538 2.33484 2.39454 2.45408 2.5139 2.57333 2.63325 2.69342 2.75295 2.81282 2.87288 2.9329 5.67485 5.69664 5.71934 5.74217 5.76507 5.78813 5.81158 5.83523 5.85906 5.88167 5.90722 5.93146 5.95587 5.98032 6.00402 6.02896 6.05323 6.07731 6.10146 6.12632 6.14904 6.17256 6.19585 6.21901 6.24284 6.26451 6.28691 6.30919 6.33102 6.35287 6.37448 6.3959 6.41701 6.43784 6.45839 6.47877 6.49895 6.51918 6.53929 6.55905 6.57876 6.59829 6.61762 6.6372 6.65619 6.67532 6.69461 6.71456 6.7342 6.75266 6.77333 6.79097 6.80889 6.83313 6.84392 6.869 
1.5 1.5 1.5 1.5 1.5 1.5 1.5 1.5 1.5 1.5 1.50098 2.16155 2.22172 2.2813 2.341 2.4009 2.46065 2.52049 2.58018 2.63998 2.70003 2.75973 2.81932 2.8792 2.93893 5.69648 5.7164 5.73636 5.75713 5.77765 5.79828 5.81923 5.8403 5.8615 5.88263 5.90444 5.92595 5.94766 5.96959 5.99094 6.01318 6.03508 6.05687 6.07882 6.10088 6.12219 6.14374 6.16509 6.18636 6.20809 6.22871 6.24982 6.27093 6.29179 6.31274 6.33321 6.35368 6.37392 6.39395 6.41379 6.43367 6.4535 6.47338 6.493 6.51237 6.5318 6.55089 6.57001 6.58921 6.60795 6.62681 6.64624 6.66598 6.68454 6.70307 6.72406 6.73987 6.7606 6.78182 6.79394 6.81707 
1.5 1.5 1.5 1.5 1.5 1.5 1.5 1.5 1.5 1.5 1.50299 2.16613 2.22619 2.28617 2.34598 2.40609 2.46614 2.52617 2.586 2.64621 2.70573 2.76555 2.82506 2.88489 2.94449 5.71498 5.73373 5.75215 5.77152 5.79039 5.80934 5.82842 5.84756 5.86677 5.8864 5.90561 5.92492 5.94443 5.96421 5.98392 6.00372 6.02363 6.04351 6.06355 6.08333 6.1033 6.12314 6.14284 6.16251 6.1823 6.20202 6.22194 6.242 6.26176 6.28156 6.30115 6.32071 6.34014 6.35948 6.37876 6.39817 6.41763 6.4371 6.45625 6.4753 6.4944 6.51315 6.53214 6.55097 6.56958 6.5882 6.6076 6.6269 6.64483 6.66374 6.68415 6.69954 6.72245 6.73956 6.75528 6.77506 
1.5 1.5 1.5 1.5 1.5 1.5 1.5 1.5 1.5 1.5 1.5043 2.1685 2.22848 2.28883 2.34919 2.40902 2.46922 2.52948 2.58934 2.64926 2.70921 2.76919 2.82871 2.88864 2.94818 5.7289 5.74656 5.7636 5.78217 5.80006 5.8178 5.83566 5.85353 5.87144 5.89008 5.90751 5.9256 5.94372 5.96194 5.98039 5.99832 6.01669 6.03505 6.0535 6.07149 6.09038 6.10885 6.12733 6.14588 6.16414 6.18326 6.20216 6.22106 6.24002 6.25893 6.2777 6.29652 6.31534 6.33418 6.35308 6.37214 6.39122 6.41017 6.42886 6.44766 6.46647 6.485 6.5039 6.52243 6.54103 6.55948 6.57867 6.59729 6.61515 6.63473 6.6538 6.66988 6.69381 6.70697 6.72743 6.74338 
1.5 1.5 1.5 1.5 1.5 1.5 1.5 1.5 1.5 1.5 1.50484 2.1699 2.23002 2.29022 2.35071 2.4107 2.47091 2.53124 2.59133 2.65128 2.71122 2.77127 2.83089 2.89082 2.95054 5.73723 5.75449 5.77102 5.78915 5.80639 5.82357 5.84069 5.85778 5.87487 5.89286 5.90907 5.92628 5.94345 5.96061 5.97828 5.99494 6.01224 6.02959 6.04693 6.06374 6.08186 6.0994 6.11708 6.13488 6.15207 6.1708 6.18896 6.20713 6.22535 6.24358 6.26184 6.28017 6.29861 6.31714 6.33579 6.35458 6.37333 6.39186 6.41027 6.42891 6.44747 6.46591 6.48471 6.50305 6.52169 6.54004 6.55895 6.57708 6.59532 6.61532 6.63309 6.6507 6.67386 6.6851 6.70954 6.722 
1.5 1.5 1.5 1.5 1.5 1.5 1.5 1.5 1.5 1.5 1.50481 2.17022 2.23038 2.29062 2.35091 2.41134 2.47156 2.53199 2.59191 2.6522 2.71234 2.77223 2.83206 2.89196 2.95231 5.74096 5.75805 5.77435 5.79218 5.80912 5.82593 5.84266 5.85933 5.87597 5.8929 5.90911 5.9258 5.94241 5.95895 5.97618 5.99216 6.00885 6.02562 6.04236 6.05848 6.07625 6.09332 6.1106 6.12804 6.14472 6.16319 6.18092 6.19869 6.21648 6.23436 6.25242 6.27053 6.28879 6.30718 6.3257 6.34426 6.36275 6.38104 6.39939 6.41799 6.43644 6.45496 6.47369 6.492 6.51071 6.52904 6.54766 6.56568 6.58454 6.60451 6.62156 6.64095 6.66199 6.67402 6.70023 6.71077 
1.5 1.5 1.5 1.5 1.5 1.5 1.5 1.5 1.5 1.5 1.50503 2.17004 2.23029 2.29048 2.35085 2.41121 2.47152 2.5319 2.59193 2.65214 2.71232 2.77222 2.83202 2.89191 2.9522 5.73987 5.757 5.77336 5.79096 5.80781 5.82449 5.84106 5.85758 5.87407 5.89124 5.90685 5.9233 5.9397 5.95605 5.97329 5.98903 6.00558 6.02224 6.0389 6.05485 6.07263 6.08969 6.10697 6.1244 6.14099 6.15941 6.17701 6.19469 6.21244 6.23032 6.24844 6.26659 6.28488 6.30328 6.32178 6.34021 6.35858 6.37686 6.39532 6.41392 6.43237 6.45105 6.46971 6.48812 6.50691 6.52532 6.54381 6.56218 6.58164 6.601 6.61807 6.63908 6.65732 6.67221 6.69805 6.70868 
1.5 1.5 1.5 1.5 1.5 1.5 1.5 1.5 1.5 1.5 1.50454 2.16949 2.2297 2.28985 2.35024 2.41051 2.47085 2.5312 2.59127 2.65154 2.71145 2.77133 2.83107 2.89095 2.95069 5.736 5.75312 5.76947 5.78695 5.80377 5.82042 5.83702 5.85358 5.87013 5.88732 5.90308 5.91961 5.93611 5.95259 5.97 5.98593 6.00267 6.01952 6.03644 6.0526 6.07067 6.08803 6.1056 6.12328 6.14021 6.15872 6.1765 6.19439 6.21237 6.23052 6.24889 6.26727 6.28574 6.30427 6.32285 6.34128 6.35969 6.37813 6.39681 6.41549 6.43406 6.45293 6.47159 6.49021 6.50906 6.52765 6.54618 6.56505 6.58486 6.60355 6.62131 6.64302 6.65904 6.67771 6.7012 6.71413 
1.5 1.5 1.5 1.5 1.5 1.5 1.5 1.5 1.5 1.5 1.50417 2.16848 2.22871 2.28888 2.34916 2.40939 2.46958 2.52991 2.58997 2.65017 2.71002 2.76986 2.8295 2.88934 2.94907 5.73053 5.74766 5.764 5.78149 5.79839 5.81508 5.83181 5.84853 5.86528 5.88261 5.89873 5.91551 5.93231 5.94917 5.96588 5.98327 6.00043 6.01771 6.03512 6.0518 6.07029 6.08813 6.10613 6.1242 6.14177 6.16047 6.17866 6.19696 6.21538 6.23394 6.25262 6.27132 6.29003 6.30877 6.3275 6.34606 6.36467 6.38342 6.40236 6.42118 6.43998 6.45903 6.47776 6.49665 6.5156 6.53449 6.55328 6.5727 6.59252 6.61079 6.62967 6.65114 6.66633 6.68826 6.70844 6.72559 
1.5 1.5 1.5 1.5 1.5 1.5 1.5 1.5 1.5 1.5 1.50375 2.1673 2.22757 2.28774 2.34813 2.40812 2.4682 2.52845 2.5884 2.64841 2.70836 2.76823 2.82784 2.88764 2.94709 5.72445 5.74168 5.75813 5.77577 5.79283 5.8098 5.8268 5.84382 5.8609 5.8776 5.89513 5.91232 5.92959 5.947 5.96498 5.98209 5.99978 6.0176 6.03558 6.053 6.07189 6.09024 6.10866 6.12714 6.1453 6.16428 6.18295 6.20176 6.22066 6.23964 6.2586 6.27759 6.29656 6.31551 6.33441 6.35328 6.3722 6.39131 6.41049 6.4295 6.44858 6.46778 6.4867 6.5059 6.52503 6.5443 6.56356 6.58343 6.60304 6.62135 6.6414 6.66194 6.67781 6.7018 6.71903 6.74065 
1.5 1.5 1.5 1.5 1.5 1.5 1.5 1.5 1.5 1.5 1.5031 2.16625 2.22657 2.28662 2.3467 2.40684 2.46685 2.52699 2.58686 2.64687 2.70678 2.76664 2.82621 2.886 2.94559 5.719 5.73653 5.75334 5.77131 5.78872 5.80599 5.82337 5.84078 5.85825 5.87621 5.89336 5.91097 5.92872 5.94667 5.964 5.98278 6.001 6.01936 6.03787 6.05598 6.07519 6.09401 6.11283 6.13169 6.1505 6.16976 6.1889 6.20814 6.22743 6.24673 6.26595 6.28519 6.3044 6.32357 6.3427 6.3619 6.38118 6.40059 6.41996 6.4392 6.45859 6.47795 6.49716 6.5167 6.53608 6.55577 6.5755 6.59554 6.6149 6.63375 6.65473 6.67412 6.69172 6.71623 6.73185 6.7569 
1.5 1.5 1.5 1.5 1.5 1.5 1.5 1.5 1.5 1.5 1.50267 2.16525 2.22555 2.28556 2.34556 2.40557 2.4656 2.5257 2.58556 2.64563 2.70543 2.76526 2.82487 2.88467 2.94424 5.71471 5.73265 5.74994 5.76831 5.78612 5.8039 5.82174 5.83961 5.85754 5.87588 5.89363 5.91175 5.93003 5.94851 5.96636 5.98561 6.00433 6.02316 6.04212 6.06084 6.08029 6.09946 6.11862 6.13783 6.15703 6.17654 6.19602 6.21554 6.23507 6.25456 6.27396 6.29339 6.31278 6.33215 6.35152 6.37103 6.39059 6.41022 6.42974 6.44923 6.46888 6.48842 6.50799 6.52784 6.54753 6.56758 6.58768 6.60775 6.62709 6.64677 6.668 6.68662 6.7065 6.73 6.74566 6.77236 
1.5 1.5 1.5 1.5 1.5 1.5 1.5 1.5 1.5 1.5 1.50211 2.16439 2.22465 2.2846 2.34451 2.40447 2.46452 2.52461 2.58448 2.64446 2.70437 2.7641 2.82381 2.88367 2.94328 5.71234 5.73064 5.74842 5.76722 5.78511 5.8038 5.82214 5.84052 5.85895 5.87769 5.89606 5.91477 5.93359 5.95254 5.97162 5.99052 6.00964 6.02885 6.04812 6.06729 6.08686 6.10626 6.12566 6.1451 6.16451 6.18417 6.20381 6.22344 6.24303 6.26259 6.28209 6.30162 6.32114 6.34068 6.36024 6.37996 6.3997 6.41944 6.4391 6.45883 6.4787 6.49843 6.51836 6.53846 6.55845 6.57878 6.59908 6.6191 6.63868 6.65915 6.68013 6.69862 6.72047 6.7422 6.75919 6.78558 
1.5 1.5 1.5 1.5 1.5 1.5 1.5 1.5 1.5 1.5 1.50184 2.16352 2.22383 2.28373 2.3437 2.40369 2.46376 2.52386 2.58381 2.64381 2.70379 2.76361 2.82347 2.88341 2.94318 5.7117 5.73057 5.74905 5.76831 5.78721 5.80605 5.82494 5.84386 5.86281 5.88199 5.9009 5.92006 5.93931 5.95861 5.97801 5.99726 6.01667 6.03611 6.05557 6.07498 6.09459 6.11409 6.13361 6.15317 6.17262 6.19234 6.21198 6.23158 6.25113 6.27065 6.29019 6.30973 6.32931 6.34893 6.36862 6.38842 6.40825 6.42802 6.44777 6.46767 6.48765 6.50756 6.52774 6.54797 6.56818 6.58864 6.609 6.62898 6.64889 6.66981 6.69031 6.70925 6.73211 6.75202 6.7709 6.79561 
1.5 1.5 1.5 1.5 1.5 1.5 1.5 1.5 1.5 1.5 1.50145 2.16301 2.22326 2.28318 2.34317 2.40324 2.46336 2.52343 2.58351 2.64352 2.70356 2.76347 2.82347 2.88352 2.9435 5.71311 5.73257 5.75182 5.77149 5.79098 5.81037 5.82979 5.84922 5.86866 5.88813 5.90761 5.92717 5.94675 5.9663 5.98604 6.00544 6.02503 6.0446 6.06414 6.08363 6.10323 6.12274 6.14228 6.16186 6.18121 6.20091 6.22045 6.23993 6.25937 6.27882 6.29834 6.31786 6.33744 6.35707 6.37679 6.39656 6.41633 6.43605 6.4558 6.47573 6.49569 6.51564 6.53586 6.55605 6.57628 6.59664 6.61685 6.63673 6.65687 6.67786 6.69784 6.71725 6.74 6.75884 6.77919 6.80144 
1.5 1.5 1.5 1.5 1.5 1.5 1.5 1.5 1.5 1.5 1.5012 2.16251 2.22281 2.28275 2.34289 2.40296 2.46314 2.5232 2.5834 2.64345 2.70347 2.76361 2.82372 2.88382 2.944 5.71496 5.73484 5.75466 5.7746 5.79454 5.81435 5.8342 5.85403 5.87387 5.89382 5.91349 5.93336 5.95317 5.97287 5.99286 6.01232 6.03199 6.05161 6.07118 6.09059 6.11018 6.12967 6.1492 6.16872 6.18796 6.20757 6.22693 6.24626 6.26559 6.28495 6.30445 6.32393 6.34349 6.36312 6.38282 6.40249 6.42218 6.44185 6.46163 6.48159 6.50154 6.52157 6.54181 6.56195 6.5822 6.60245 6.62247 6.64237 6.66284 6.68369 6.70318 6.72337 6.74561 6.76366 6.78534 6.80524 
1.5 1.5 1.5 1.5 1.5 1.5 1.5 1.5 1.5 1.5 1.50107 2.16219 2.22244 2.28241 2.34261 2.40286 2.463 2.52318 2.58339 2.64355 2.70374 2.76394 2.82412 2.88433 2.94465 5.71741 5.73764 5.75797 5.77811 5.79846 5.81866 5.8389 5.85913 5.87933 5.89948 5.91956 5.93964 5.9596 5.97944 5.99955 6.01906 6.03875 6.05837 6.07792 6.09724 6.11683 6.13625 6.15567 6.17504 6.19415 6.2136 6.2328 6.25202 6.27129 6.29063 6.31005 6.32949 6.34898 6.36854 6.38814 6.40767 6.42724 6.44689 6.46673 6.48666 6.50655 6.52659 6.54671 6.5667 6.58682 6.60684 6.62667 6.64673 6.66738 6.68767 6.70688 6.72786 6.74879 6.76675 6.78907 6.80675 
1.5 1.5 1.5 1.5 1.5 1.5 1.5 1.5 1.5 1.5 1.50091 2.16166 2.22186 2.28228 2.34258 2.40296 2.46318 2.52345 2.58369 2.644 2.70436 2.76474 2.82522 2.88553 2.94589 5.72055 5.74137 5.76241 5.78297 5.80372 5.82443 5.84509 5.86568 5.88619 5.90666 5.9269 5.947 5.96702 5.98697 6.00704 6.02654 6.04616 6.06571 6.08518 6.10443 6.12388 6.14316 6.16235 6.18149 6.20043 6.21977 6.23891 6.25811 6.27737 6.29667 6.31594 6.33529 6.35467 6.37407 6.39349 6.41298 6.43252 6.45222 6.47201 6.49172 6.51141 6.53123 6.55096 6.57062 6.59041 6.61003 6.62986 6.65006 6.67021 6.6894 6.70888 6.73018 6.74884 6.76752 6.78928 6.80523 
1.5 1.5 1.5 1.5 1.5 1.5 1.5 1.5 1.5 1.5 1.50103 2.16243 2.22227 2.28283 2.34308 2.4034 2.46367 2.52398 2.58435 2.64477 2.70523 2.76579 2.82631 2.88679 2.94733 5.72884 5.75014 5.77174 5.79258 5.81365 5.83464 5.85551 5.87624 5.89681 5.91788 5.93751 5.95757 5.97751 5.99732 6.01725 6.03647 6.05588 6.07519 6.09442 6.11337 6.13268 6.15175 6.17077 6.18978 6.2085 6.2279 6.24702 6.26619 6.28538 6.3046 6.32382 6.34308 6.36235 6.38163 6.40091 6.42025 6.43958 6.45891 6.47815 6.4973 6.5165 6.53564 6.55455 6.57355 6.59249 6.61126 6.63051 6.64973 6.66854 6.68728 6.70717 6.72621 6.7427 6.76355 6.78229 6.79803 
