5
s 30 2 31
r 20 0.01 0 5.21328 0.01
r 22 0.01 0 4.9891 0.01
r 24 0.01 0 4.06076 0.01
r 26 0.01 0 2.97845 0.01
r 28 0.01 0 1.88091 0.01
r 30 0.01 0 1.32667 0.01
r 32 0.01 0 1.88091 0.01
r 34 0.01 0 2.97845 0.01
r 36 0.01 0 4.06076 0.01
r 38 0.01 0 4.9891 0.01
r 40 0.01 0 5.21328 0.01
r 42 0.01 0 5.55002 0.01
r 44 0.01 0 5.88539 0.01
r 46 0.01 0 6.2197 0.01
r 48 0.01 0 6.55161 0.01
r 50 0.01 0 6.87884 0.01
r 52 0.01 0 7.20601 0.01
r 54 0.01 0 7.52376 0.01
r 56 0.01 0 7.8467 0.01
r 58 0.01 0 8.16108 0.01
r 60 0.01 0 8.46537 0.01
r 62 0.01 0 8.77126 0.01
r 64 0.01 0 9.07711 0.01
r 66 0.01 0 9.37211 0.01
r 68 0.01 0 9.66388 0.01
r 70 0.01 0 9.95144 0.01
r 72 0.01 0 10.2337 0.01
r 74 0.01 0 10.5103 0.01
r 76 0.01 0 10.7858 0.01
r 78 0.01 0 11.0505 0.01
r 80 0.01 0 11.3105 0.01
s 40 2 31
r 20 0.01 0 6.87884 0.01
r 22 0.01 0 6.55186 0.01
r 24 0.01 0 6.2197 0.01
r 26 0.01 0 5.88587 0.01
r 28 0.01 0 5.55002 0.01
r 30 0.01 0 5.21328 0.01
r 32 0.01 0 4.9891 0.01
r 34 0.01 0 4.06076 0.01
r 36 0.01 0 2.97845 0.01
r 38 0.01 0 1.88091 0.01
r 40 0.01 0 1.32667 0.01
r 42 0.01 0 1.88091 0.01
r 44 0.01 0 2.97845 0.01
r 46 0.01 0 4.06076 0.01
r 48 0.01 0 4.9891 0.01
r 50 0.01 0 5.21328 0.01
r 52 0.01 0 5.55002 0.01
r 54 0.01 0 5.88539 0.01
r 56 0.01 0 6.2197 0.01
r 58 0.01 0 6.55186 0.01
r 60 0.01 0 6.87884 0.01
r 62 0.01 0 7.206 0.01
r 64 0.01 0 7.52375 0.01
r 66 0.01 0 7.8467 0.01
r 68 0.01 0 8.16108 0.01
r 70 0.01 0 8.46574 0.01
r 72 0.01 0 8.77048 0.01
r 74 0.01 0 9.07845 0.01
r 76 0.01 0 9.3721 0.01
r 78 0.01 0 9.66387 0.01
r 80 0.01 0 9.95168 0.01
s 50 2 31
r 20 0.01 0 8.46538 0.01
r 22 0.01 0 8.16108 0.01
r 24 0.01 0 7.8467 0.01
r 26 0.01 0 7.52376 0.01
r 28 0.01 0 7.20601 0.01
r 30 0.01 0 6.87884 0.01
r 32 0.01 0 6.55152 0.01
r 34 0.01 0 6.2197 0.01
r 36 0.01 0 5.88539 0.01
r 38 0.01 0 5.55002 0.01
r 40 0.01 0 5.21328 0.01
r 42 0.01 0 4.9891 0.01
r 44 0.01 0 4.06076 0.01
r 46 0.01 0 2.97845 0.01
r 48 0.01 0 1.88091 0.01
r 50 0.01 0 1.32667 0.01
r 52 0.01 0 1.88091 0.01
r 54 0.01 0 2.97845 0.01
r 56 0.01 0 4.06076 0.01
r 58 0.01 0 4.9891 0.01
r 60 0.01 0 5.21328 0.01
r 62 0.01 0 5.55002 0.01
r 64 0.01 0 5.88587 0.01
r 66 0.01 0 6.2197 0.01
r 68 0.01 0 6.55161 0.01
r 70 0.01 0 6.87884 0.01
r 72 0.01 0 7.20601 0.01
r 74 0.01 0 7.52376 0.01
r 76 0.01 0 7.84809 0.01
r 78 0.01 0 8.16108 0.01
r 80 0.01 0 8.46497 0.01
s 60 2 31
r 20 0.01 0 9.95168 0.01
r 22 0.01 0 9.66388 0.01
r 24 0.01 0 9.3721 0.01
r 26 0.01 0 9.07773 0.01
r 28 0.01 0 8.77122 0.01
r 30 0.01 0 8.46536 0.01
r 32 0.01 0 8.16108 0.01
r 34 0.01 0 7.8467 0.01
r 36 0.01 0 7.52376 0.01
r 38 0.01 0 7.20601 0.01
r 40 0.01 0 6.87884 0.01
r 42 0.01 0 6.55186 0.01
r 44 0.01 0 6.2197 0.01
r 46 0.01 0 5.88587 0.01
r 48 0.01 0 5.55002 0.01
r 50 0.01 0 5.21328 0.01
r 52 0.01 0 4.9891 0.01
r 54 0.01 0 4.06076 0.01
r 56 0.01 0 2.97845 0.01
r 58 0.01 0 1.88091 0.01
r 60 0.01 0 1.32667 0.01
r 62 0.01 0 1.88091 0.01
r 64 0.01 0 2.97845 0.01
r 66 0.01 0 4.06076 0.01
r 68 0.01 0 4.9891 0.01
r 70 0.01 0 5.21328 0.01
r 72 0.01 0 5.55002 0.01
r 74 0.01 0 5.88587 0.01
r 76 0.01 0 6.2197 0.01
r 78 0.01 0 6.55186 0.01
r 80 0.01 0 6.87884 0.01
s 70 2 31
r 20 0.01 0 11.3105 0.01
r 22 0.01 0 11.0505 0.01
r 24 0.01 0 10.7858 0.01
r 26 0.01 0 10.5095 0.01
r 28 0.01 0 10.2337 0.01
r 30 0.01 0 9.95096 0.01
r 32 0.01 0 9.66388 0.01
r 34 0.01 0 9.3721 0.01
r 36 0.01 0 9.07845 0.01
r 38 0.01 0 8.77095 0.01
r 40 0.01 0 8.46557 0.01
r 42 0.01 0 8.16108 0.01
r 44 0.01 0 7.8467 0.01
r 46 0.01 0 7.52376 0.01
r 48 0.01 0 7.20601 0.01
r 50 0.01 0 6.87884 0.01
r 52 0.01 0 6.55161 0.01
r 54 0.01 0 6.2197 0.01
r 56 0.01 0 5.88587 0.01
r 58 0.01 0 5.55002 0.01
r 60 0.01 0 5.21328 0.01
r 62 0.01 0 4.9891 0.01
r 64 0.01 0 4.06076 0.01
r 66 0.01 0 2.97845 0.01
r 68 0.01 0 1.88091 0.01
r 70 0.01 0 1.32667 0.01
r 72 0.01 0 1.88091 0.01
r 74 0.01 0 2.97845 0.01
r 76 0.01 0 4.06076 0.01
r 78 0.01 0 4.9891 0.01
r 80 0.01 0 5.21328 0.01
