5
s 30 2 31
r 20 0.01 8 6.85017 0.01
r 22 0.01 8 6.29241 0.01
r 24 0.01 8 5.99627 0.01
r 26 0.01 8 5.23329 0.01
r 28 0.01 8 4.98048 0.01
r 30 0.01 8 4.62675 0.01
r 32 0.01 8 4.98006 0.01
r 34 0.01 8 5.25731 0.01
r 36 0.01 8 6.00032 0.01
r 38 0.01 8 6.28913 0.01
r 40 0.01 8 6.8337 0.01
r 42 0.01 8 7.39326 0.01
r 44 0.01 8 7.99047 0.01
r 46 0.01 8 8.58802 0.01
r 48 0.01 8 9.16987 0.01
r 50 0.01 8 9.7322 0.01
r 52 0.01 8 10.3003 0.01
r 54 0.01 8 10.8946 0.01
r 56 0.01 8 11.4899 0.01
r 58 0.01 8 12.0709 0.01
r 60 0.01 8 12.5888 0.01
r 62 0.01 8 13.1077 0.01
r 64 0.01 8 13.5949 0.01
r 66 0.01 8 14.1046 0.01
r 68 0.01 8 14.6091 0.01
r 70 0.01 8 15.1003 0.01
r 72 0.01 8 15.5967 0.01
r 74 0.01 8 16.0948 0.01
r 76 0.01 8 16.5928 0.01
r 78 0.01 8 17.1003 0.01
r 80 0.01 8 17.6213 0.01
s 40 2 31
r 20 0.01 8 9.74664 0.01
r 22 0.01 8 9.18361 0.01
r 24 0.01 8 8.60115 0.01
r 26 0.01 8 8.01142 0.01
r 28 0.01 8 7.42106 0.01
r 30 0.01 8 6.85501 0.01
r 32 0.01 8 6.29314 0.01
r 34 0.01 8 5.64803 0.01
r 36 0.01 8 5.4365 0.01
r 38 0.01 8 4.96199 0.01
r 40 0.01 8 4.61079 0.01
r 42 0.01 8 4.96164 0.01
r 44 0.01 8 5.43519 0.01
r 46 0.01 8 5.61455 0.01
r 48 0.01 8 6.28579 0.01
r 50 0.01 8 6.84528 0.01
r 52 0.01 8 7.41172 0.01
r 54 0.01 8 8.00659 0.01
r 56 0.01 8 8.60207 0.01
r 58 0.01 8 9.1827 0.01
r 60 0.01 8 9.74187 0.01
r 62 0.01 8 10.3051 0.01
r 64 0.01 8 10.9018 0.01
r 66 0.01 8 11.5043 0.01
r 68 0.01 8 12.0875 0.01
r 70 0.01 8 12.602 0.01
r 72 0.01 8 13.1147 0.01
r 74 0.01 8 13.626 0.01
r 76 0.01 8 14.1365 0.01
r 78 0.01 8 14.6541 0.01
r 80 0.01 8 15.1777 0.01
s 50 2 31
r 20 0.01 8 12.6564 0.01
r 22 0.01 8 12.0947 0.01
r 24 0.01 8 11.5102 0.01
r 26 0.01 8 10.9216 0.01
r 28 0.01 8 10.3299 0.01
r 30 0.01 8 9.76344 0.01
r 32 0.01 8 9.19935 0.01
r 34 0.01 8 8.61255 0.01
r 36 0.01 8 8.01189 0.01
r 38 0.01 8 7.41312 0.01
r 40 0.01 8 6.8513 0.01
r 42 0.01 8 6.29498 0.01
r 44 0.01 8 5.65283 0.01
r 46 0.01 8 5.45398 0.01
r 48 0.01 8 4.98117 0.01
r 50 0.01 8 4.63149 0.01
r 52 0.01 8 4.78987 0.01
r 54 0.01 8 5.2444 0.01
r 56 0.01 8 5.63996 0.01
r 58 0.01 8 6.3046 0.01
r 60 0.01 8 6.85313 0.01
r 62 0.01 8 7.4159 0.01
r 64 0.01 8 8.01229 0.01
r 66 0.01 8 8.61501 0.01
r 68 0.01 8 9.2086 0.01
r 70 0.01 8 9.77151 0.01
r 72 0.01 8 10.3399 0.01
r 74 0.01 8 10.932 0.01
r 76 0.01 8 11.5165 0.01
r 78 0.01 8 12.0944 0.01
r 80 0.01 8 12.6617 0.01
s 60 2 31
r 20 0.01 8 15.1779 0.01
r 22 0.01 8 14.6493 0.01
r 24 0.01 8 14.133 0.01
r 26 0.01 8 13.6191 0.01
r 28 0.01 8 13.1045 0.01
r 30 0.01 8 12.5937 0.01
r 32 0.01 8 12.0806 0.01
r 34 0.01 8 11.4987 0.01
r 36 0.01 8 10.8966 0.01
r 38 0.01 8 10.3009 0.01
r 40 0.01 8 9.73606 0.01
r 42 0.01 8 9.17794 0.01
r 44 0.01 8 8.59951 0.01
r 46 0.01 8 8.00347 0.01
r 48 0.01 8 7.40778 0.01
r 50 0.01 8 6.8406 0.01
r 52 0.01 8 6.2809 0.01
r 54 0.01 8 5.63915 0.01
r 56 0.01 8 5.4343 0.01
r 58 0.01 8 4.96176 0.01
r 60 0.01 8 4.61021 0.01
r 62 0.01 8 4.96161 0.01
r 64 0.01 8 5.4352 0.01
r 66 0.01 8 5.6185 0.01
r 68 0.01 8 6.29945 0.01
r 70 0.01 8 6.85592 0.01
r 72 0.01 8 7.42255 0.01
r 74 0.01 8 8.01378 0.01
r 76 0.01 8 8.60041 0.01
r 78 0.01 8 9.1807 0.01
r 80 0.01 8 9.74537 0.01
s 70 2 31
r 20 0.01 8 17.6125 0.01
r 22 0.01 8 17.0917 0.01
r 24 0.01 8 16.5813 0.01
r 26 0.01 8 16.0829 0.01
r 28 0.01 8 15.6081 0.01
r 30 0.01 8 15.0847 0.01
r 32 0.01 8 14.5928 0.01
r 34 0.01 8 14.0947 0.01
r 36 0.01 8 13.5835 0.01
r 38 0.01 8 13.0733 0.01
r 40 0.01 8 12.5916 0.01
r 42 0.01 8 12.064 0.01
r 44 0.01 8 11.485 0.01
r 46 0.01 8 10.8902 0.01
r 48 0.01 8 10.2923 0.01
r 50 0.01 8 9.72568 0.01
r 52 0.01 8 9.16248 0.01
r 54 0.01 8 8.58335 0.01
r 56 0.01 8 7.9858 0.01
r 58 0.01 8 7.38739 0.01
r 60 0.01 8 6.82327 0.01
r 62 0.01 8 6.27577 0.01
r 64 0.01 8 5.98475 0.01
r 66 0.01 8 5.43924 0.01
r 68 0.01 8 4.96374 0.01
r 70 0.01 8 4.61119 0.01
r 72 0.01 8 4.96419 0.01
r 74 0.01 8 5.43657 0.01
r 76 0.01 8 5.97801 0.01
r 78 0.01 8 6.27246 0.01
r 80 0.01 8 6.83235 0.01
