5
s 30 2 62
r 20 0.01 0 5.17263 0.01
r 22 0.01 0 4.93985 0.01
r 24 0.01 0 4.07592 0.01
r 26 0.01 0 2.99251 0.01
r 28 0.01 0 1.89006 0.01
r 30 0.01 0 1.33332 0.01
r 32 0.01 0 1.89011 0.01
r 34 0.01 0 2.99267 0.01
r 36 0.01 0 4.10705 0.01
r 38 0.01 0 4.78937 0.01
r 40 0.01 0 5.31508 0.01
r 42 0.01 0 5.62066 0.01
r 44 0.01 0 5.93126 0.01
r 46 0.01 0 6.23383 0.01
r 48 0.01 0 6.56888 0.01
r 50 0.01 0 6.85099 0.01
r 52 0.01 0 7.16384 0.01
r 54 0.01 0 7.47447 0.01
r 56 0.01 0 7.76592 0.01
r 58 0.01 0 8.08302 0.01
r 60 0.01 0 8.41747 0.01
r 62 0.01 0 8.71074 0.01
r 64 0.01 0 9.04484 0.01
r 66 0.01 0 9.36032 0.01
r 68 0.01 0 9.68865 0.01
r 70 0.01 0 10.0108 0.01
r 72 0.01 0 10.3339 0.01
r 74 0.01 0 10.6541 0.01
r 76 0.01 0 10.7968 0.01
r 78 0.01 0 11.0336 0.01
r 80 0.01 0 11.3265 0.01
r 20 0.01 8 6.72391 0.01
r 22 0.01 8 6.17831 0.01
r 24 0.01 8 5.65289 0.01
r 26 0.01 8 5.21248 0.01
r 28 0.01 8 4.83171 0.01
r 30 0.01 8 4.6113 0.01
r 32 0.01 8 4.82286 0.01
r 34 0.01 8 5.29369 0.01
r 36 0.01 8 5.63982 0.01
r 38 0.01 8 6.39839 0.01
r 40 0.01 8 6.94384 0.01
r 42 0.01 8 7.48753 0.01
r 44 0.01 8 8.02979 0.01
r 46 0.01 8 8.56536 0.01
r 48 0.01 8 9.12583 0.01
r 50 0.01 8 9.68671 0.01
r 52 0.01 8 10.2345 0.01
r 54 0.01 8 10.7748 0.01
r 56 0.01 8 11.3497 0.01
r 58 0.01 8 11.9285 0.01
r 60 0.01 8 12.5018 0.01
r 62 0.01 8 13.0736 0.01
r 64 0.01 8 13.59 0.01
r 66 0.01 8 14.1229 0.01
r 68 0.01 8 14.6806 0.01
r 70 0.01 8 15.2183 0.01
r 72 0.01 8 15.7051 0.01
r 74 0.01 8 16.272 0.01
r 76 0.01 8 16.7853 0.01
r 78 0.01 8 17.3193 0.01
r 80 0.01 8 17.8448 0.01
s 40 2 62
r 20 0.01 0 6.89482 0.01
r 22 0.01 0 6.5709 0.01
r 24 0.01 0 6.26427 0.01
r 26 0.01 0 5.95237 0.01
r 28 0.01 0 5.43812 0.01
r 30 0.01 0 5.31666 0.01
r 32 0.01 0 5.00756 0.01
r 34 0.01 0 4.06365 0.01
r 36 0.01 0 2.98946 0.01
r 38 0.01 0 1.88799 0.01
r 40 0.01 0 1.33175 0.01
r 42 0.01 0 1.88795 0.01
r 44 0.01 0 2.98933 0.01
r 46 0.01 0 4.03737 0.01
r 48 0.01 0 5.00554 0.01
r 50 0.01 0 5.28766 0.01
r 52 0.01 0 5.6005 0.01
r 54 0.01 0 5.91114 0.01
r 56 0.01 0 6.20259 0.01
r 58 0.01 0 6.51969 0.01
r 60 0.01 0 6.85414 0.01
r 62 0.01 0 7.14741 0.01
r 64 0.01 0 7.48151 0.01
r 66 0.01 0 7.79698 0.01
r 68 0.01 0 8.12531 0.01
r 70 0.01 0 8.44746 0.01
r 72 0.01 0 8.77055 0.01
r 74 0.01 0 9.09073 0.01
r 76 0.01 0 9.39186 0.01
r 78 0.01 0 9.6909 0.01
r 80 0.01 0 10.0372 0.01
r 20 0.01 8 9.67359 0.01
r 22 0.01 8 9.13063 0.01
r 24 0.01 8 8.58913 0.01
r 26 0.01 8 8.0836 0.01
r 28 0.01 8 7.53038 0.01
r 30 0.01 8 7.00546 0.01
r 32 0.01 8 6.46079 0.01
r 34 0.01 8 5.67648 0.01
r 36 0.01 8 5.24288 0.01
r 38 0.01 8 4.84717 0.01
r 40 0.01 8 4.62447 0.01
r 42 0.01 8 4.83748 0.01
r 44 0.01 8 5.28339 0.01
r 46 0.01 8 5.78273 0.01
r 48 0.01 8 6.43835 0.01
r 50 0.01 8 7.00707 0.01
r 52 0.01 8 7.55912 0.01
r 54 0.01 8 8.05365 0.01
r 56 0.01 8 8.66852 0.01
r 58 0.01 8 9.23802 0.01
r 60 0.01 8 9.826 0.01
r 62 0.01 8 10.394 0.01
r 64 0.01 8 10.9076 0.01
r 66 0.01 8 11.4578 0.01
r 68 0.01 8 12.0041 0.01
r 70 0.01 8 12.5379 0.01
r 72 0.01 8 13.0411 0.01
r 74 0.01 8 13.5872 0.01
r 76 0.01 8 14.1284 0.01
r 78 0.01 8 14.6502 0.01
r 80 0.01 8 15.1929 0.01
s 50 2 62
r 20 0.01 0 8.43147 0.01
r 22 0.01 0 8.10756 0.01
r 24 0.01 0 7.80094 0.01
r 26 0.01 0 7.48906 0.01
r 28 0.01 0 7.19657 0.01
r 30 0.01 0 6.85332 0.01
r 32 0.01 0 6.54422 0.01
r 34 0.01 0 6.22939 0.01
r 36 0.01 0 5.91267 0.01
r 38 0.01 0 5.61315 0.01
r 40 0.01 0 5.28841 0.01
r 42 0.01 0 4.99344 0.01
r 44 0.01 0 4.02553 0.01
r 46 0.01 0 2.98778 0.01
r 48 0.01 0 1.88693 0.01
r 50 0.01 0 1.331 0.01
r 52 0.01 0 1.88694 0.01
r 54 0.01 0 2.98779 0.01
r 56 0.01 0 4.0263 0.01
r 58 0.01 0 4.94875 0.01
r 60 0.01 0 5.2832 0.01
r 62 0.01 0 5.57647 0.01
r 64 0.01 0 5.91058 0.01
r 66 0.01 0 6.22605 0.01
r 68 0.01 0 6.55438 0.01
r 70 0.01 0 6.87652 0.01
r 72 0.01 0 7.19962 0.01
r 74 0.01 0 7.51979 0.01
r 76 0.01 0 7.82092 0.01
r 78 0.01 0 8.11997 0.01
r 80 0.01 0 8.46627 0.01
r 20 0.01 8 12.2845 0.01
r 22 0.01 8 11.7566 0.01
r 24 0.01 8 11.4863 0.01
r 26 0.01 8 10.7608 0.01
r 28 0.01 8 10 0.01
r 30 0.01 8 9.63283 0.01
r 32 0.01 8 8.9288 0.01
r 34 0.01 8 8.5833 0.01
r 36 0.01 8 8.17027 0.01
r 38 0.01 8 7.50562 0.01
r 40 0.01 8 6.91946 0.01
r 42 0.01 8 6.34693 0.01
r 44 0.01 8 5.70774 0.01
r 46 0.01 8 5.36745 0.01
r 48 0.01 8 4.92069 0.01
r 50 0.01 8 4.71278 0.01
r 52 0.01 8 4.87168 0.01
r 54 0.01 8 5.34577 0.01
r 56 0.01 8 5.91193 0.01
r 58 0.01 8 6.48394 0.01
r 60 0.01 8 6.95234 0.01
r 62 0.01 8 7.66628 0.01
r 64 0.01 8 8.18687 0.01
r 66 0.01 8 8.64406 0.01
r 68 0.01 8 9.1026 0.01
r 70 0.01 8 9.64794 0.01
r 72 0.01 8 10.2594 0.01
r 74 0.01 8 10.5619 0.01
r 76 0.01 8 11.2374 0.01
r 78 0.01 8 11.7675 0.01
r 80 0.01 8 12.1974 0.01
s 60 2 62
r 20 0.01 0 9.99555 0.01
r 22 0.01 0 9.67163 0.01
r 24 0.01 0 9.36501 0.01
r 26 0.01 0 9.05313 0.01
r 28 0.01 0 8.76064 0.01
r 30 0.01 0 8.41739 0.01
r 32 0.01 0 8.10829 0.01
r 34 0.01 0 7.79346 0.01
r 36 0.01 0 7.47675 0.01
r 38 0.01 0 7.17722 0.01
r 40 0.01 0 6.85248 0.01
r 42 0.01 0 6.55751 0.01
r 44 0.01 0 6.2298 0.01
r 46 0.01 0 5.9195 0.01
r 48 0.01 0 5.60341 0.01
r 50 0.01 0 5.28079 0.01
r 52 0.01 0 5.0066 0.01
r 54 0.01 0 4.06882 0.01
r 56 0.01 0 2.99265 0.01
r 58 0.01 0 1.89022 0.01
r 60 0.01 0 1.3334 0.01
r 62 0.01 0 1.89022 0.01
r 64 0.01 0 2.99264 0.01
r 66 0.01 0 4.07074 0.01
r 68 0.01 0 5.00522 0.01
r 70 0.01 0 5.22136 0.01
r 72 0.01 0 5.52625 0.01
r 74 0.01 0 5.85332 0.01
r 76 0.01 0 6.16552 0.01
r 78 0.01 0 6.4561 0.01
r 80 0.01 0 6.79535 0.01
r 20 0.01 8 15.0573 0.01
r 22 0.01 8 14.5633 0.01
r 24 0.01 8 13.9789 0.01
r 26 0.01 8 13.2364 0.01
r 28 0.01 8 12.7645 0.01
r 30 0.01 8 12.184 0.01
r 32 0.01 8 11.5885 0.01
r 34 0.01 8 11.2717 0.01
r 36 0.01 8 10.6302 0.01
r 38 0.01 8 10.0268 0.01
r 40 0.01 8 9.42292 0.01
r 42 0.01 8 9.30488 0.01
r 44 0.01 8 8.50341 0.01
r 46 0.01 8 7.95843 0.01
r 48 0.01 8 7.3472 0.01
r 50 0.01 8 6.82063 0.01
r 52 0.01 8 6.25678 0.01
r 54 0.01 8 5.81914 0.01
r 56 0.01 8 5.28087 0.01
r 58 0.01 8 4.80172 0.01
r 60 0.01 8 4.6834 0.01
r 62 0.01 8 4.81887 0.01
r 64 0.01 8 5.29879 0.01
r 66 0.01 8 5.80104 0.01
r 68 0.01 8 6.25965 0.01
r 70 0.01 8 6.78051 0.01
r 72 0.01 8 7.38425 0.01
r 74 0.01 8 7.93329 0.01
r 76 0.01 8 8.5017 0.01
r 78 0.01 8 8.99014 0.01
r 80 0.01 8 9.59773 0.01
s 70 2 62
r 20 0.01 0 11.3291 0.01
r 22 0.01 0 11.0338 0.01
r 24 0.01 0 10.7816 0.01
r 26 0.01 0 10.6483 0.01
r 28 0.01 0 10.3558 0.01
r 30 0.01 0 10.0126 0.01
r 32 0.01 0 9.70348 0.01
r 34 0.01 0 9.38865 0.01
r 36 0.01 0 9.07194 0.01
r 38 0.01 0 8.77241 0.01
r 40 0.01 0 8.44767 0.01
r 42 0.01 0 8.1527 0.01
r 44 0.01 0 7.825 0.01
r 46 0.01 0 7.51469 0.01
r 48 0.01 0 7.1986 0.01
r 50 0.01 0 6.87599 0.01
r 52 0.01 0 6.60179 0.01
r 54 0.01 0 6.28908 0.01
r 56 0.01 0 5.99258 0.01
r 58 0.01 0 5.69258 0.01
r 60 0.01 0 5.2164 0.01
r 62 0.01 0 4.97182 0.01
r 64 0.01 0 4.06626 0.01
r 66 0.01 0 2.98905 0.01
r 68 0.01 0 1.88772 0.01
r 70 0.01 0 1.33154 0.01
r 72 0.01 0 1.88764 0.01
r 74 0.01 0 2.98881 0.01
r 76 0.01 0 4.01729 0.01
r 78 0.01 0 4.85908 0.01
r 80 0.01 0 5.11929 0.01
r 20 0.01 8 17.8974 0.01
r 22 0.01 8 17.3117 0.01
r 24 0.01 8 16.7634 0.01
r 26 0.01 8 16.2393 0.01
r 28 0.01 8 15.6939 0.01
r 30 0.01 8 15.1781 0.01
r 32 0.01 8 14.6061 0.01
r 34 0.01 8 14.0667 0.01
r 36 0.01 8 13.5231 0.01
r 38 0.01 8 12.9691 0.01
r 40 0.01 8 12.407 0.01
r 42 0.01 8 11.8309 0.01
r 44 0.01 8 11.2744 0.01
r 46 0.01 8 10.7216 0.01
r 48 0.01 8 10.1691 0.01
r 50 0.01 8 9.63533 0.01
r 52 0.01 8 9.05173 0.01
r 54 0.01 8 8.48442 0.01
r 56 0.01 8 7.96156 0.01
r 58 0.01 8 7.49083 0.01
r 60 0.01 8 6.90274 0.01
r 62 0.01 8 6.31405 0.01
r 64 0.01 8 5.71831 0.01
r 66 0.01 8 5.26542 0.01
r 68 0.01 8 4.83125 0.01
r 70 0.01 8 4.67464 0.01
r 72 0.01 8 4.84551 0.01
r 74 0.01 8 5.27999 0.01
r 76 0.01 8 5.70245 0.01
r 78 0.01 8 6.29061 0.01
r 80 0.01 8 6.83353 0.01
