5
s 30 2 31
r 20 0.01 8 6.8773 0.01
r 22 0.01 8 6.39703 0.01
r 24 0.01 8 5.66809 0.01
r 26 0.01 8 5.25419 0.01
r 28 0.01 8 4.83301 0.01
r 30 0.01 8 4.67342 0.01
r 32 0.01 8 4.86753 0.01
r 34 0.01 8 5.25672 0.01
r 36 0.01 8 5.76934 0.01
r 38 0.01 8 6.39703 0.01
r 40 0.01 8 6.8773 0.01
r 42 0.01 8 7.46453 0.01
r 44 0.01 8 8.04731 0.01
r 46 0.01 8 8.62656 0.01
r 48 0.01 8 9.20323 0.01
r 50 0.01 8 9.77559 0.01
r 52 0.01 8 10.3436 0.01
r 54 0.01 8 10.9058 0.01
r 56 0.01 8 11.4617 0.01
r 58 0.01 8 12.0123 0.01
r 60 0.01 8 12.5536 0.01
r 62 0.01 8 13.091 0.01
r 64 0.01 8 13.6158 0.01
r 66 0.01 8 14.1319 0.01
r 68 0.01 8 14.6438 0.01
r 70 0.01 8 15.1465 0.01
r 72 0.01 8 15.6411 0.01
r 74 0.01 8 16.133 0.01
r 76 0.01 8 16.6075 0.01
r 78 0.01 8 17.0799 0.01
r 80 0.01 8 17.5366 0.01
s 40 2 31
r 20 0.01 8 9.77559 0.01
r 22 0.01 8 9.2036 0.01
r 24 0.01 8 8.62656 0.01
r 26 0.01 8 8.04731 0.01
r 28 0.01 8 7.46453 0.01
r 30 0.01 8 6.8773 0.01
r 32 0.01 8 6.39703 0.01
r 34 0.01 8 5.66809 0.01
r 36 0.01 8 5.25439 0.01
r 38 0.01 8 4.98782 0.01
r 40 0.01 8 4.67278 0.01
r 42 0.01 8 4.86097 0.01
r 44 0.01 8 5.26112 0.01
r 46 0.01 8 5.76934 0.01
r 48 0.01 8 6.39703 0.01
r 50 0.01 8 6.8773 0.01
r 52 0.01 8 7.46453 0.01
r 54 0.01 8 8.04731 0.01
r 56 0.01 8 8.62656 0.01
r 58 0.01 8 9.2036 0.01
r 60 0.01 8 9.77559 0.01
r 62 0.01 8 10.3436 0.01
r 64 0.01 8 10.9058 0.01
r 66 0.01 8 11.4617 0.01
r 68 0.01 8 12.0123 0.01
r 70 0.01 8 12.5536 0.01
r 72 0.01 8 13.091 0.01
r 74 0.01 8 13.6158 0.01
r 76 0.01 8 14.1319 0.01
r 78 0.01 8 14.6438 0.01
r 80 0.01 8 15.1465 0.01
s 50 2 31
r 20 0.01 8 12.5536 0.01
r 22 0.01 8 12.0118 0.01
r 24 0.01 8 11.4617 0.01
r 26 0.01 8 10.9058 0.01
r 28 0.01 8 10.3436 0.01
r 30 0.01 8 9.77559 0.01
r 32 0.01 8 9.2036 0.01
r 34 0.01 8 8.62656 0.01
r 36 0.01 8 8.04731 0.01
r 38 0.01 8 7.46453 0.01
r 40 0.01 8 6.8773 0.01
r 42 0.01 8 6.39703 0.01
r 44 0.01 8 5.66809 0.01
r 46 0.01 8 5.2582 0.01
r 48 0.01 8 4.82284 0.01
r 50 0.01 8 4.6734 0.01
r 52 0.01 8 4.80949 0.01
r 54 0.01 8 5.25947 0.01
r 56 0.01 8 5.76934 0.01
r 58 0.01 8 6.39703 0.01
r 60 0.01 8 6.8773 0.01
r 62 0.01 8 7.46453 0.01
r 64 0.01 8 8.04731 0.01
r 66 0.01 8 8.62656 0.01
r 68 0.01 8 9.2036 0.01
r 70 0.01 8 9.77559 0.01
r 72 0.01 8 10.3436 0.01
r 74 0.01 8 10.9058 0.01
r 76 0.01 8 11.4617 0.01
r 78 0.01 8 12.0118 0.01
r 80 0.01 8 12.5536 0.01
s 60 2 31
r 20 0.01 8 15.1465 0.01
r 22 0.01 8 14.6438 0.01
r 24 0.01 8 14.1319 0.01
r 26 0.01 8 13.6158 0.01
r 28 0.01 8 13.091 0.01
r 30 0.01 8 12.5536 0.01
r 32 0.01 8 12.0123 0.01
r 34 0.01 8 11.4617 0.01
r 36 0.01 8 10.9058 0.01
r 38 0.01 8 10.3436 0.01
r 40 0.01 8 9.77559 0.01
r 42 0.01 8 9.20323 0.01
r 44 0.01 8 8.62656 0.01
r 46 0.01 8 8.04731 0.01
r 48 0.01 8 7.46453 0.01
r 50 0.01 8 6.8773 0.01
r 52 0.01 8 6.39703 0.01
r 54 0.01 8 5.66809 0.01
r 56 0.01 8 5.2528 0.01
r 58 0.01 8 4.85943 0.01
r 60 0.01 8 4.67298 0.01
r 62 0.01 8 4.87113 0.01
r 64 0.01 8 5.25361 0.01
r 66 0.01 8 5.76934 0.01
r 68 0.01 8 6.39703 0.01
r 70 0.01 8 6.8773 0.01
r 72 0.01 8 7.46453 0.01
r 74 0.01 8 8.04731 0.01
r 76 0.01 8 8.62656 0.01
r 78 0.01 8 9.20323 0.01
r 80 0.01 8 9.77559 0.01
s 70 2 31
r 20 0.01 8 17.5366 0.01
r 22 0.01 8 17.0799 0.01
r 24 0.01 8 16.6075 0.01
r 26 0.01 8 16.133 0.01
r 28 0.01 8 15.6411 0.01
r 30 0.01 8 15.1465 0.01
r 32 0.01 8 14.6438 0.01
r 34 0.01 8 14.1319 0.01
r 36 0.01 8 13.6158 0.01
r 38 0.01 8 13.091 0.01
r 40 0.01 8 12.5536 0.01
r 42 0.01 8 12.0118 0.01
r 44 0.01 8 11.4617 0.01
r 46 0.01 8 10.9058 0.01
r 48 0.01 8 10.3436 0.01
r 50 0.01 8 9.77559 0.01
r 52 0.01 8 9.20323 0.01
r 54 0.01 8 8.62656 0.01
r 56 0.01 8 8.04731 0.01
r 58 0.01 8 7.46453 0.01
r 60 0.01 8 6.8773 0.01
r 62 0.01 8 6.39703 0.01
r 64 0.01 8 5.66809 0.01
r 66 0.01 8 5.2527 0.01
r 68 0.01 8 4.86098 0.01
r 70 0.01 8 4.67314 0.01
r 72 0.01 8 4.82543 0.01
r 74 0.01 8 5.25791 0.01
r 76 0.01 8 5.76934 0.01
r 78 0.01 8 6.39703 0.01
r 80 0.01 8 6.8773 0.01
