5
s 30 2 62
r 20 0.01 0 5.14337 0.01
r 22 0.01 0 4.71784 0.01
r 24 0.01 0 3.83355 0.01
r 26 0.01 0 2.97845 0.01
r 28 0.01 0 1.88091 0.01
r 30 0.01 0 1.32667 0.01
r 32 0.01 0 1.88091 0.01
r 34 0.01 0 2.97845 0.01
r 36 0.01 0 3.83355 0.01
r 38 0.01 0 4.71784 0.01
r 40 0.01 0 5.14337 0.01
r 42 0.01 0 5.49414 0.01
r 44 0.01 0 5.84391 0.01
r 46 0.01 0 6.19255 0.01
r 48 0.01 0 6.54102 0.01
r 50 0.01 0 6.88896 0.01
r 52 0.01 0 7.23609 0.01
r 54 0.01 0 7.58204 0.01
r 56 0.01 0 7.92724 0.01
r 58 0.01 0 8.27081 0.01
r 60 0.01 0 8.61345 0.01
r 62 0.01 0 8.9615 0.01
r 64 0.01 0 9.29886 0.01
r 66 0.01 0 9.64008 0.01
r 68 0.01 0 9.97406 0.01
r 70 0.01 0 10.3113 0.01
r 72 0.01 0 10.6448 0.01
r 74 0.01 0 10.9766 0.01
r 76 0.01 0 11.3067 0.01
r 78 0.01 0 11.6336 0.01
r 80 0.01 0 11.961 0.01
r 20 0.01 8 7.29976 0.01
r 22 0.01 8 6.59872 0.01
r 24 0.01 8 5.95216 0.01
r 26 0.01 8 5.42071 0.01
r 28 0.01 8 4.98393 0.01
r 30 0.01 8 4.8449 0.01
r 32 0.01 8 5.00524 0.01
r 34 0.01 8 5.43182 0.01
r 36 0.01 8 6.06286 0.01
r 38 0.01 8 6.63694 0.01
r 40 0.01 8 7.29976 0.01
r 42 0.01 8 8.05839 0.01
r 44 0.01 8 8.74906 0.01
r 46 0.01 8 9.26692 0.01
r 48 0.01 8 9.93996 0.01
r 50 0.01 8 10.6195 0.01
r 52 0.01 8 11.2996 0.01
r 54 0.01 8 11.9799 0.01
r 56 0.01 8 12.6602 0.01
r 58 0.01 8 13.3404 0.01
r 60 0.01 8 14.0207 0.01
r 62 0.01 8 14.701 0.01
r 64 0.01 8 15.3813 0.01
r 66 0.01 8 16.0616 0.01
r 68 0.01 8 16.7419 0.01
r 70 0.01 8 17.4222 0.01
r 72 0.01 8 18.1024 0.01
r 74 0.01 8 18.7827 0.01
r 76 0.01 8 19.463 0.01
r 78 0.01 8 20.1433 0.01
r 80 0.01 8 20.8236 0.01
s 40 2 62
r 20 0.01 0 6.88896 0.01
r 22 0.01 0 6.54102 0.01
r 24 0.01 0 6.19255 0.01
r 26 0.01 0 5.84391 0.01
r 28 0.01 0 5.49414 0.01
r 30 0.01 0 5.14337 0.01
r 32 0.01 0 4.71784 0.01
r 34 0.01 0 3.83355 0.01
r 36 0.01 0 2.97845 0.01
r 38 0.01 0 1.88091 0.01
r 40 0.01 0 1.32667 0.01
r 42 0.01 0 1.88091 0.01
r 44 0.01 0 2.97845 0.01
r 46 0.01 0 3.83355 0.01
r 48 0.01 0 4.71784 0.01
r 50 0.01 0 5.14337 0.01
r 52 0.01 0 5.49414 0.01
r 54 0.01 0 5.84391 0.01
r 56 0.01 0 6.19255 0.01
r 58 0.01 0 6.54102 0.01
r 60 0.01 0 6.88896 0.01
r 62 0.01 0 7.23605 0.01
r 64 0.01 0 7.58206 0.01
r 66 0.01 0 7.92724 0.01
r 68 0.01 0 8.27083 0.01
r 70 0.01 0 8.61344 0.01
r 72 0.01 0 8.96162 0.01
r 74 0.01 0 9.29886 0.01
r 76 0.01 0 9.64008 0.01
r 78 0.01 0 9.97406 0.01
r 80 0.01 0 10.3113 0.01
r 20 0.01 8 10.6195 0.01
r 22 0.01 8 9.93996 0.01
r 24 0.01 8 9.26692 0.01
r 26 0.01 8 8.74906 0.01
r 28 0.01 8 8.05839 0.01
r 30 0.01 8 7.29976 0.01
r 32 0.01 8 6.59872 0.01
r 34 0.01 8 6.06012 0.01
r 36 0.01 8 5.42939 0.01
r 38 0.01 8 5.05171 0.01
r 40 0.01 8 4.84419 0.01
r 42 0.01 8 5.00176 0.01
r 44 0.01 8 5.4354 0.01
r 46 0.01 8 6.06982 0.01
r 48 0.01 8 6.63694 0.01
r 50 0.01 8 7.29976 0.01
r 52 0.01 8 8.05839 0.01
r 54 0.01 8 8.74906 0.01
r 56 0.01 8 9.26692 0.01
r 58 0.01 8 9.93996 0.01
r 60 0.01 8 10.6195 0.01
r 62 0.01 8 11.2996 0.01
r 64 0.01 8 11.9799 0.01
r 66 0.01 8 12.6602 0.01
r 68 0.01 8 13.3404 0.01
r 70 0.01 8 14.0207 0.01
r 72 0.01 8 14.701 0.01
r 74 0.01 8 15.3813 0.01
r 76 0.01 8 16.0616 0.01
r 78 0.01 8 16.7419 0.01
r 80 0.01 8 17.4222 0.01
s 50 2 62
r 20 0.01 0 8.61345 0.01
r 22 0.01 0 8.27081 0.01
r 24 0.01 0 7.92724 0.01
r 26 0.01 0 7.58204 0.01
r 28 0.01 0 7.23609 0.01
r 30 0.01 0 6.88896 0.01
r 32 0.01 0 6.54102 0.01
r 34 0.01 0 6.19255 0.01
r 36 0.01 0 5.84391 0.01
r 38 0.01 0 5.49414 0.01
r 40 0.01 0 5.14337 0.01
r 42 0.01 0 4.71784 0.01
r 44 0.01 0 3.83355 0.01
r 46 0.01 0 2.97845 0.01
r 48 0.01 0 1.88091 0.01
r 50 0.01 0 1.32667 0.01
r 52 0.01 0 1.88091 0.01
r 54 0.01 0 2.97845 0.01
r 56 0.01 0 3.83355 0.01
r 58 0.01 0 4.71784 0.01
r 60 0.01 0 5.14337 0.01
r 62 0.01 0 5.49414 0.01
r 64 0.01 0 5.84391 0.01
r 66 0.01 0 6.19255 0.01
r 68 0.01 0 6.54102 0.01
r 70 0.01 0 6.88896 0.01
r 72 0.01 0 7.23605 0.01
r 74 0.01 0 7.58206 0.01
r 76 0.01 0 7.92724 0.01
r 78 0.01 0 8.27081 0.01
r 80 0.01 0 8.61345 0.01
r 20 0.01 8 14.0207 0.01
r 22 0.01 8 13.3404 0.01
r 24 0.01 8 12.6602 0.01
r 26 0.01 8 11.9799 0.01
r 28 0.01 8 11.2996 0.01
r 30 0.01 8 10.6195 0.01
r 32 0.01 8 9.93996 0.01
r 34 0.01 8 9.26692 0.01
r 36 0.01 8 8.74906 0.01
r 38 0.01 8 8.05839 0.01
r 40 0.01 8 7.29976 0.01
r 42 0.01 8 6.59872 0.01
r 44 0.01 8 6.0486 0.01
r 46 0.01 8 5.44102 0.01
r 48 0.01 8 5.05177 0.01
r 50 0.01 8 4.84498 0.01
r 52 0.01 8 5.00395 0.01
r 54 0.01 8 5.43195 0.01
r 56 0.01 8 6.06874 0.01
r 58 0.01 8 6.63694 0.01
r 60 0.01 8 7.29976 0.01
r 62 0.01 8 8.05839 0.01
r 64 0.01 8 8.74906 0.01
r 66 0.01 8 9.26692 0.01
r 68 0.01 8 9.93996 0.01
r 70 0.01 8 10.6195 0.01
r 72 0.01 8 11.2996 0.01
r 74 0.01 8 11.9799 0.01
r 76 0.01 8 12.6602 0.01
r 78 0.01 8 13.3404 0.01
r 80 0.01 8 14.0207 0.01
s 60 2 62
r 20 0.01 0 10.3113 0.01
r 22 0.01 0 9.97406 0.01
r 24 0.01 0 9.64008 0.01
r 26 0.01 0 9.29886 0.01
r 28 0.01 0 8.9615 0.01
r 30 0.01 0 8.61337 0.01
r 32 0.01 0 8.27083 0.01
r 34 0.01 0 7.92724 0.01
r 36 0.01 0 7.58204 0.01
r 38 0.01 0 7.23605 0.01
r 40 0.01 0 6.88896 0.01
r 42 0.01 0 6.54102 0.01
r 44 0.01 0 6.19255 0.01
r 46 0.01 0 5.84391 0.01
r 48 0.01 0 5.49414 0.01
r 50 0.01 0 5.14337 0.01
r 52 0.01 0 4.71784 0.01
r 54 0.01 0 3.83355 0.01
r 56 0.01 0 2.97845 0.01
r 58 0.01 0 1.88091 0.01
r 60 0.01 0 1.32667 0.01
r 62 0.01 0 1.88091 0.01
r 64 0.01 0 2.97845 0.01
r 66 0.01 0 3.83355 0.01
r 68 0.01 0 4.71784 0.01
r 70 0.01 0 5.14337 0.01
r 72 0.01 0 5.49373 0.01
r 74 0.01 0 5.84391 0.01
r 76 0.01 0 6.19255 0.01
r 78 0.01 0 6.54102 0.01
r 80 0.01 0 6.88896 0.01
r 20 0.01 8 17.4222 0.01
r 22 0.01 8 16.7419 0.01
r 24 0.01 8 16.0616 0.01
r 26 0.01 8 15.3813 0.01
r 28 0.01 8 14.701 0.01
r 30 0.01 8 14.0207 0.01
r 32 0.01 8 13.3404 0.01
r 34 0.01 8 12.6602 0.01
r 36 0.01 8 11.9799 0.01
r 38 0.01 8 11.2996 0.01
r 40 0.01 8 10.6195 0.01
r 42 0.01 8 9.93996 0.01
r 44 0.01 8 9.26692 0.01
r 46 0.01 8 8.74906 0.01
r 48 0.01 8 8.05839 0.01
r 50 0.01 8 7.29976 0.01
r 52 0.01 8 6.59872 0.01
r 54 0.01 8 6.07007 0.01
r 56 0.01 8 5.44465 0.01
r 58 0.01 8 5.03959 0.01
r 60 0.01 8 4.84472 0.01
r 62 0.01 8 5.00944 0.01
r 64 0.01 8 5.43239 0.01
r 66 0.01 8 6.06875 0.01
r 68 0.01 8 6.63694 0.01
r 70 0.01 8 7.29976 0.01
r 72 0.01 8 8.05839 0.01
r 74 0.01 8 8.74906 0.01
r 76 0.01 8 9.26692 0.01
r 78 0.01 8 9.93996 0.01
r 80 0.01 8 10.6195 0.01
s 70 2 62
r 20 0.01 0 11.9611 0.01
r 22 0.01 0 11.6336 0.01
r 24 0.01 0 11.3067 0.01
r 26 0.01 0 10.9766 0.01
r 28 0.01 0 10.6463 0.01
r 30 0.01 0 10.3113 0.01
r 32 0.01 0 9.97408 0.01
r 34 0.01 0 9.64008 0.01
r 36 0.01 0 9.29886 0.01
r 38 0.01 0 8.96162 0.01
r 40 0.01 0 8.61345 0.01
r 42 0.01 0 8.27083 0.01
r 44 0.01 0 7.92724 0.01
r 46 0.01 0 7.58206 0.01
r 48 0.01 0 7.23609 0.01
r 50 0.01 0 6.88896 0.01
r 52 0.01 0 6.54102 0.01
r 54 0.01 0 6.19255 0.01
r 56 0.01 0 5.84391 0.01
r 58 0.01 0 5.49373 0.01
r 60 0.01 0 5.14337 0.01
r 62 0.01 0 4.71784 0.01
r 64 0.01 0 3.83355 0.01
r 66 0.01 0 2.97845 0.01
r 68 0.01 0 1.88091 0.01
r 70 0.01 0 1.32667 0.01
r 72 0.01 0 1.88091 0.01
r 74 0.01 0 2.97845 0.01
r 76 0.01 0 3.83355 0.01
r 78 0.01 0 4.71784 0.01
r 80 0.01 0 5.14337 0.01
r 20 0.01 8 20.8236 0.01
r 22 0.01 8 20.1433 0.01
r 24 0.01 8 19.463 0.01
r 26 0.01 8 18.7827 0.01
r 28 0.01 8 18.1024 0.01
r 30 0.01 8 17.4222 0.01
r 32 0.01 8 16.7419 0.01
r 34 0.01 8 16.0616 0.01
r 36 0.01 8 15.3813 0.01
r 38 0.01 8 14.701 0.01
r 40 0.01 8 14.0207 0.01
r 42 0.01 8 13.3404 0.01
r 44 0.01 8 12.6602 0.01
r 46 0.01 8 11.9799 0.01
r 48 0.01 8 11.2996 0.01
r 50 0.01 8 10.6195 0.01
r 52 0.01 8 9.93996 0.01
r 54 0.01 8 9.26692 0.01
r 56 0.01 8 8.74906 0.01
r 58 0.01 8 8.05839 0.01
r 60 0.01 8 7.29976 0.01
r 62 0.01 8 6.59872 0.01
r 64 0.01 8 6.06513 0.01
r 66 0.01 8 5.42573 0.01
r 68 0.01 8 5.00198 0.01
r 70 0.01 8 4.84463 0.01
r 72 0.01 8 5.00837 0.01
r 74 0.01 8 5.44229 0.01
r 76 0.01 8 5.98911 0.01
r 78 0.01 8 6.63694 0.01
r 80 0.01 8 7.29976 0.01
