5
s 30 2 34
r 2 0.01 6 9.95911 0.01
r 10 0.01 6 7.7777 0.01
r 18 0.01 6 5.68321 0.01
r 42 0.01 6 5.9273 0.01
r 50 0.01 6 8.08501 0.01
r 58 0.01 6 10.2371 0.01
r 66 0.01 6 12.2015 0.01
r 74 0.01 6 13.8779 0.01
r 82 0.01 6 15.5851 0.01
r 90 0.01 6 17.2892 0.01
r 98 0.01 6 19.0011 0.01
r 106 0.01 6 20.6795 0.01
r 114 0.01 6 22.314 0.01
r 122 0.01 6 23.9506 0.01
r 130 0.01 6 25.5852 0.01
r 138 0.01 6 27.1492 0.01
r 146 0.01 6 28.6683 0.01
r 2 0.01 12 10.2968 0.01
r 10 0.01 12 8.58462 0.01
r 18 0.01 12 7.23834 0.01
r 42 0.01 12 7.23996 0.01
r 50 0.01 12 8.68619 0.01
r 58 0.01 12 10.4452 0.01
r 66 0.01 12 12.2087 0.01
r 74 0.01 12 13.9224 0.01
r 82 0.01 12 15.6706 0.01
r 90 0.01 12 17.416 0.01
r 98 0.01 12 19.1968 0.01
r 106 0.01 12 20.9512 0.01
r 114 0.01 12 22.6892 0.01
r 122 0.01 12 24.4519 0.01
r 130 0.01 12 26.2706 0.01
r 138 0.01 12 28.0103 0.01
r 146 0.01 12 29.7679 0.01
s 50 2 32
r 2 0.01 6 14.5993 0.01
r 10 0.01 6 12.8626 0.01
r 18 0.01 6 11.1692 0.01
r 26 0.01 6 9.19438 0.01
r 34 0.01 6 7.01747 0.01
r 66 0.01 6 6.9829 0.01
r 74 0.01 6 9.22432 0.01
r 82 0.01 6 11.3761 0.01
r 90 0.01 6 13.2489 0.01
r 98 0.01 6 14.9987 0.01
r 106 0.01 6 16.7274 0.01
r 114 0.01 6 18.4233 0.01
r 122 0.01 6 20.1093 0.01
r 130 0.01 6 21.8336 0.01
r 138 0.01 6 23.4808 0.01
r 146 0.01 6 25.0712 0.01
r 2 0.01 12 14.6373 0.01
r 10 0.01 12 12.8883 0.01
r 18 0.01 12 11.2434 0.01
r 26 0.01 12 9.55122 0.01
r 34 0.01 12 7.90328 0.01
r 66 0.01 12 8.11542 0.01
r 74 0.01 12 9.79315 0.01
r 82 0.01 12 11.5409 0.01
r 90 0.01 12 13.2929 0.01
r 98 0.01 12 15.0776 0.01
r 106 0.01 12 16.8348 0.01
r 114 0.01 12 18.5729 0.01
r 122 0.01 12 20.336 0.01
r 130 0.01 12 22.1561 0.01
r 138 0.01 12 23.8956 0.01
r 146 0.01 12 25.6538 0.01
s 70 2 34
r 2 0.01 6 18.8568 0.01
r 10 0.01 6 17.1699 0.01
r 18 0.01 6 15.5761 0.01
r 26 0.01 6 13.9354 0.01
r 34 0.01 6 12.2387 0.01
r 42 0.01 6 10.3718 0.01
r 50 0.01 6 8.12497 0.01
r 58 0.01 6 5.90414 0.01
r 82 0.01 6 5.74252 0.01
r 90 0.01 6 7.96341 0.01
r 98 0.01 6 10.1716 0.01
r 106 0.01 6 12.2597 0.01
r 114 0.01 6 14.122 0.01
r 122 0.01 6 15.8663 0.01
r 130 0.01 6 17.6512 0.01
r 138 0.01 6 19.3583 0.01
r 146 0.01 6 21.0323 0.01
r 2 0.01 12 19.0594 0.01
r 10 0.01 12 17.3126 0.01
r 18 0.01 12 15.6712 0.01
r 26 0.01 12 13.98 0.01
r 34 0.01 12 12.2634 0.01
r 42 0.01 12 10.6314 0.01
r 50 0.01 12 8.9752 0.01
r 58 0.01 12 7.50215 0.01
r 82 0.01 12 7.52786 0.01
r 90 0.01 12 8.94761 0.01
r 98 0.01 12 10.6468 0.01
r 106 0.01 12 12.4059 0.01
r 114 0.01 12 14.1446 0.01
r 122 0.01 12 15.9081 0.01
r 130 0.01 12 17.7279 0.01
r 138 0.01 12 19.4678 0.01
r 146 0.01 12 21.2257 0.01
s 90 2 32
r 2 0.01 6 22.8873 0.01
r 10 0.01 6 21.258 0.01
r 18 0.01 6 19.7208 0.01
r 26 0.01 6 18.1268 0.01
r 34 0.01 6 16.4672 0.01
r 42 0.01 6 14.8725 0.01
r 50 0.01 6 13.2541 0.01
r 58 0.01 6 11.307 0.01
r 66 0.01 6 9.08746 0.01
r 74 0.01 6 6.77277 0.01
r 106 0.01 6 6.68103 0.01
r 114 0.01 6 8.89786 0.01
r 122 0.01 6 11.0919 0.01
r 130 0.01 6 13.287 0.01
r 138 0.01 6 15.1036 0.01
r 146 0.01 6 16.8363 0.01
r 2 0.01 12 23.3744 0.01
r 10 0.01 12 21.6268 0.01
r 18 0.01 12 19.9832 0.01
r 26 0.01 12 18.2928 0.01
r 34 0.01 12 16.5777 0.01
r 42 0.01 12 14.9487 0.01
r 50 0.01 12 13.2874 0.01
r 58 0.01 12 11.5451 0.01
r 66 0.01 12 9.73498 0.01
r 74 0.01 12 8.20943 0.01
r 106 0.01 12 8.31619 0.01
r 114 0.01 12 9.85423 0.01
r 122 0.01 12 11.5612 0.01
r 130 0.01 12 13.3847 0.01
r 138 0.01 12 15.1249 0.01
r 146 0.01 12 16.8834 0.01
s 110 2 34
r 2 0.01 6 26.8308 0.01
r 10 0.01 6 25.3543 0.01
r 18 0.01 6 23.8517 0.01
r 26 0.01 6 22.3139 0.01
r 34 0.01 6 20.7135 0.01
r 42 0.01 6 19.1712 0.01
r 50 0.01 6 17.5829 0.01
r 58 0.01 6 15.9102 0.01
r 66 0.01 6 14.1192 0.01
r 74 0.01 6 12.2138 0.01
r 82 0.01 6 10.0828 0.01
r 90 0.01 6 7.80432 0.01
r 98 0.01 6 5.51814 0.01
r 122 0.01 6 5.45713 0.01
r 130 0.01 6 7.72946 0.01
r 138 0.01 6 9.97981 0.01
r 146 0.01 6 12.2253 0.01
r 2 0.01 12 27.7918 0.01
r 10 0.01 12 26.0452 0.01
r 18 0.01 12 24.4028 0.01
r 26 0.01 12 22.712 0.01
r 34 0.01 12 20.9977 0.01
r 42 0.01 12 19.3664 0.01
r 50 0.01 12 17.7075 0.01
r 58 0.01 12 15.9658 0.01
r 66 0.01 12 14.1475 0.01
r 74 0.01 12 12.4048 0.01
r 82 0.01 12 10.692 0.01
r 90 0.01 12 9.07428 0.01
r 98 0.01 12 7.76009 0.01
r 122 0.01 12 7.82772 0.01
r 130 0.01 12 9.18566 0.01
r 138 0.01 12 10.8092 0.01
r 146 0.01 12 12.5614 0.01
