5
s 30 2 34
r 2 0.01 6 10.2047 0.01
r 10 0.01 6 7.85128 0.01
r 18 0.01 6 5.58181 0.01
r 42 0.01 6 5.77121 0.01
r 50 0.01 6 8.05477 0.01
r 58 0.01 6 10.3564 0.01
r 66 0.01 6 12.3064 0.01
r 74 0.01 6 13.8458 0.01
r 82 0.01 6 15.495 0.01
r 90 0.01 6 17.1816 0.01
r 98 0.01 6 18.9681 0.01
r 106 0.01 6 20.5835 0.01
r 114 0.01 6 22.2732 0.01
r 122 0.01 6 23.898 0.01
r 130 0.01 6 25.5768 0.01
r 138 0.01 6 27.1692 0.01
r 146 0.01 6 28.7592 0.01
r 2 0.01 12 10.1976 0.01
r 10 0.01 12 8.56352 0.01
r 18 0.01 12 7.22806 0.01
r 42 0.01 12 7.18055 0.01
r 50 0.01 12 8.67636 0.01
r 58 0.01 12 10.3893 0.01
r 66 0.01 12 12.1647 0.01
r 74 0.01 12 13.9681 0.01
r 82 0.01 12 15.7606 0.01
r 90 0.01 12 17.4559 0.01
r 98 0.01 12 19.2617 0.01
r 106 0.01 12 21.1125 0.01
r 114 0.01 12 22.8348 0.01
r 122 0.01 12 24.5424 0.01
r 130 0.01 12 26.3593 0.01
r 138 0.01 12 28.1151 0.01
r 146 0.01 12 29.8682 0.01
s 50 2 32
r 2 0.01 6 14.5602 0.01
r 10 0.01 6 12.819 0.01
r 18 0.01 6 11.4417 0.01
r 26 0.01 6 9.24373 0.01
r 34 0.01 6 7.15416 0.01
r 66 0.01 6 6.70157 0.01
r 74 0.01 6 8.81655 0.01
r 82 0.01 6 10.8673 0.01
r 90 0.01 6 13.2442 0.01
r 98 0.01 6 15.0316 0.01
r 106 0.01 6 16.6622 0.01
r 114 0.01 6 18.3574 0.01
r 122 0.01 6 20.0944 0.01
r 130 0.01 6 21.8389 0.01
r 138 0.01 6 23.4309 0.01
r 146 0.01 6 25.0234 0.01
r 2 0.01 12 14.5627 0.01
r 10 0.01 12 12.8255 0.01
r 18 0.01 12 11.1907 0.01
r 26 0.01 12 9.54056 0.01
r 34 0.01 12 7.92798 0.01
r 66 0.01 12 8.07669 0.01
r 74 0.01 12 9.79033 0.01
r 82 0.01 12 11.5518 0.01
r 90 0.01 12 13.2698 0.01
r 98 0.01 12 15.0742 0.01
r 106 0.01 12 16.9256 0.01
r 114 0.01 12 18.6222 0.01
r 122 0.01 12 20.37 0.01
r 130 0.01 12 22.1692 0.01
r 138 0.01 12 23.935 0.01
r 146 0.01 12 25.6817 0.01
s 70 2 34
r 2 0.01 6 18.8099 0.01
r 10 0.01 6 17.0902 0.01
r 18 0.01 6 15.5243 0.01
r 26 0.01 6 13.9177 0.01
r 34 0.01 6 12.235 0.01
r 42 0.01 6 10.2951 0.01
r 50 0.01 6 7.76803 0.01
r 58 0.01 6 5.72275 0.01
r 82 0.01 6 5.58637 0.01
r 90 0.01 6 7.6205 0.01
r 98 0.01 6 9.70748 0.01
r 106 0.01 6 11.7427 0.01
r 114 0.01 6 14.1305 0.01
r 122 0.01 6 15.8534 0.01
r 130 0.01 6 17.6609 0.01
r 138 0.01 6 19.3728 0.01
r 146 0.01 6 20.9751 0.01
r 2 0.01 12 19.0797 0.01
r 10 0.01 12 17.3448 0.01
r 18 0.01 12 15.7125 0.01
r 26 0.01 12 14.0023 0.01
r 34 0.01 12 12.2596 0.01
r 42 0.01 12 10.6081 0.01
r 50 0.01 12 9.00692 0.01
r 58 0.01 12 7.47536 0.01
r 82 0.01 12 7.50544 0.01
r 90 0.01 12 8.96271 0.01
r 98 0.01 12 10.6663 0.01
r 106 0.01 12 12.4159 0.01
r 114 0.01 12 14.1531 0.01
r 122 0.01 12 15.8884 0.01
r 130 0.01 12 17.6974 0.01
r 138 0.01 12 19.4618 0.01
r 146 0.01 12 21.2101 0.01
s 90 2 32
r 2 0.01 6 22.8608 0.01
r 10 0.01 6 21.2356 0.01
r 18 0.01 6 19.6753 0.01
r 26 0.01 6 18.0605 0.01
r 34 0.01 6 16.4015 0.01
r 42 0.01 6 14.8848 0.01
r 50 0.01 6 13.2286 0.01
r 58 0.01 6 10.8351 0.01
r 66 0.01 6 8.70078 0.01
r 74 0.01 6 6.55276 0.01
r 106 0.01 6 6.50341 0.01
r 114 0.01 6 8.54285 0.01
r 122 0.01 6 10.6974 0.01
r 130 0.01 6 12.796 0.01
r 138 0.01 6 15.067 0.01
r 146 0.01 6 16.7715 0.01
r 2 0.01 12 23.4411 0.01
r 10 0.01 12 21.7044 0.01
r 18 0.01 12 20.0575 0.01
r 26 0.01 12 18.3638 0.01
r 34 0.01 12 16.6619 0.01
r 42 0.01 12 14.9665 0.01
r 50 0.01 12 13.2468 0.01
r 58 0.01 12 11.5546 0.01
r 66 0.01 12 9.7424 0.01
r 74 0.01 12 8.1529 0.01
r 106 0.01 12 8.34568 0.01
r 114 0.01 12 9.82787 0.01
r 122 0.01 12 11.5903 0.01
r 130 0.01 12 13.3594 0.01
r 138 0.01 12 15.0649 0.01
r 146 0.01 12 16.8259 0.01
s 110 2 34
r 2 0.01 6 26.8774 0.01
r 10 0.01 6 25.2983 0.01
r 18 0.01 6 23.7862 0.01
r 26 0.01 6 22.275 0.01
r 34 0.01 6 20.6363 0.01
r 42 0.01 6 19.1201 0.01
r 50 0.01 6 17.4645 0.01
r 58 0.01 6 15.7856 0.01
r 66 0.01 6 14.054 0.01
r 74 0.01 6 11.6968 0.01
r 82 0.01 6 9.62982 0.01
r 90 0.01 6 7.52743 0.01
r 98 0.01 6 5.42501 0.01
r 122 0.01 6 5.36648 0.01
r 130 0.01 6 7.54084 0.01
r 138 0.01 6 9.61823 0.01
r 146 0.01 6 11.7167 0.01
r 2 0.01 12 27.917 0.01
r 10 0.01 12 26.1785 0.01
r 18 0.01 12 24.5496 0.01
r 26 0.01 12 22.8377 0.01
r 34 0.01 12 21.1373 0.01
r 42 0.01 12 19.4482 0.01
r 50 0.01 12 17.7304 0.01
r 58 0.01 12 16.0336 0.01
r 66 0.01 12 14.1595 0.01
r 74 0.01 12 12.284 0.01
r 82 0.01 12 10.6043 0.01
r 90 0.01 12 9.08329 0.01
r 98 0.01 12 7.75082 0.01
r 122 0.01 12 7.82418 0.01
r 130 0.01 12 9.18068 0.01
r 138 0.01 12 10.7747 0.01
r 146 0.01 12 12.5345 0.01
