5
s 30 2 124
r 20 0.01 0 3.70121 0.01
r 22 0.01 0 3.42146 0.01
r 24 0.01 0 3.16408 0.01
r 26 0.01 0 2.98005 0.01
r 28 0.01 0 1.88193 0.01
r 30 0.01 0 1.32739 0.01
r 32 0.01 0 1.88195 0.01
r 34 0.01 0 2.9801 0.01
r 36 0.01 0 3.27359 0.01
r 38 0.01 0 3.5977 0.01
r 40 0.01 0 3.96062 0.01
r 42 0.01 0 4.30917 0.01
r 44 0.01 0 4.59854 0.01
r 46 0.01 0 4.80975 0.01
r 48 0.01 0 5.07586 0.01
r 50 0.01 0 5.38479 0.01
r 52 0.01 0 5.69353 0.01
r 54 0.01 0 5.99092 0.01
r 56 0.01 0 6.25461 0.01
r 58 0.01 0 6.48598 0.01
r 60 0.01 0 6.7269 0.01
r 62 0.01 0 7.006 0.01
r 64 0.01 0 7.36073 0.01
r 66 0.01 0 7.68594 0.01
r 68 0.01 0 7.89999 0.01
r 70 0.01 0 8.149 0.01
r 72 0.01 0 8.39309 0.01
r 74 0.01 0 8.64823 0.01
r 76 0.01 0 8.88543 0.01
r 78 0.01 0 9.18703 0.01
r 80 0.01 0 9.40913 0.01
r 20 0.01 6 4.56945 0.01
r 22 0.01 6 4.13411 0.01
r 24 0.01 6 3.72374 0.01
r 26 0.01 6 3.36696 0.01
r 28 0.01 6 2.84297 0.01
r 30 0.01 6 2.66003 0.01
r 32 0.01 6 2.79453 0.01
r 34 0.01 6 3.19293 0.01
r 36 0.01 6 3.65023 0.01
r 38 0.01 6 4.11355 0.01
r 40 0.01 6 4.62587 0.01
r 42 0.01 6 5.14183 0.01
r 44 0.01 6 5.60804 0.01
r 46 0.01 6 5.99353 0.01
r 48 0.01 6 6.38582 0.01
r 50 0.01 6 6.82979 0.01
r 52 0.01 6 7.27101 0.01
r 54 0.01 6 7.71866 0.01
r 56 0.01 6 8.12563 0.01
r 58 0.01 6 8.53339 0.01
r 60 0.01 6 8.9088 0.01
r 62 0.01 6 9.31904 0.01
r 64 0.01 6 9.78563 0.01
r 66 0.01 6 10.2524 0.01
r 68 0.01 6 10.6478 0.01
r 70 0.01 6 11.0217 0.01
r 72 0.01 6 11.4223 0.01
r 74 0.01 6 11.8374 0.01
r 76 0.01 6 12.1978 0.01
r 78 0.01 6 12.5938 0.01
r 80 0.01 6 12.9965 0.01
r 20 0.01 7 4.36609 0.01
r 22 0.01 7 4.08255 0.01
r 24 0.01 7 3.81121 0.01
r 26 0.01 7 3.60832 0.01
r 28 0.01 7 3.44733 0.01
r 30 0.01 7 3.15249 0.01
r 32 0.01 7 3.38701 0.01
r 34 0.01 7 3.67487 0.01
r 36 0.01 7 3.97053 0.01
r 38 0.01 7 4.32484 0.01
r 40 0.01 7 4.68638 0.01
r 42 0.01 7 5.02405 0.01
r 44 0.01 7 5.25734 0.01
r 46 0.01 7 5.46311 0.01
r 48 0.01 7 5.77342 0.01
r 50 0.01 7 6.08341 0.01
r 52 0.01 7 6.40097 0.01
r 54 0.01 7 6.64356 0.01
r 56 0.01 7 6.90427 0.01
r 58 0.01 7 7.13529 0.01
r 60 0.01 7 7.37453 0.01
r 62 0.01 7 7.72518 0.01
r 64 0.01 7 8.07113 0.01
r 66 0.01 7 8.34473 0.01
r 68 0.01 7 8.55384 0.01
r 70 0.01 7 8.8009 0.01
r 72 0.01 7 9.0712 0.01
r 74 0.01 7 9.29811 0.01
r 76 0.01 7 9.57005 0.01
r 78 0.01 7 9.86534 0.01
r 80 0.01 7 10.0407 0.01
r 20 0.01 8 5.0013 0.01
r 22 0.01 8 5.16564 0.01
r 24 0.01 8 4.72555 0.01
r 26 0.01 8 3.84182 0.01
r 28 0.01 8 3.51738 0.01
r 30 0.01 8 3.16259 0.01
r 32 0.01 8 3.4699 0.01
r 34 0.01 8 3.79718 0.01
r 36 0.01 8 4.19829 0.01
r 38 0.01 8 4.66152 0.01
r 40 0.01 8 5.17072 0.01
r 42 0.01 8 5.66837 0.01
r 44 0.01 8 6.14329 0.01
r 46 0.01 8 6.57582 0.01
r 48 0.01 8 6.91489 0.01
r 50 0.01 8 7.36125 0.01
r 52 0.01 8 7.79881 0.01
r 54 0.01 8 8.24395 0.01
r 56 0.01 8 8.6531 0.01
r 58 0.01 8 9.05881 0.01
r 60 0.01 8 9.43353 0.01
r 62 0.01 8 9.84239 0.01
r 64 0.01 8 10.3137 0.01
r 66 0.01 8 10.7948 0.01
r 68 0.01 8 11.1738 0.01
r 70 0.01 8 11.5452 0.01
r 72 0.01 8 11.9443 0.01
r 74 0.01 8 12.3565 0.01
r 76 0.01 8 12.7144 0.01
r 78 0.01 8 13.1132 0.01
r 80 0.01 8 13.5317 0.01
s 40 2 124
r 20 0.01 0 5.18787 0.01
r 22 0.01 0 4.92375 0.01
r 24 0.01 0 4.66585 0.01
r 26 0.01 0 4.4761 0.01
r 28 0.01 0 4.28111 0.01
r 30 0.01 0 3.96453 0.01
r 32 0.01 0 3.6541 0.01
r 34 0.01 0 3.36256 0.01
r 36 0.01 0 2.98213 0.01
r 38 0.01 0 1.88327 0.01
r 40 0.01 0 1.32835 0.01
r 42 0.01 0 1.88327 0.01
r 44 0.01 0 2.98212 0.01
r 46 0.01 0 3.50655 0.01
r 48 0.01 0 3.78684 0.01
r 50 0.01 0 4.1243 0.01
r 52 0.01 0 4.45564 0.01
r 54 0.01 0 4.77624 0.01
r 56 0.01 0 5.05505 0.01
r 58 0.01 0 5.2997 0.01
r 60 0.01 0 5.55121 0.01
r 62 0.01 0 5.84134 0.01
r 64 0.01 0 6.20903 0.01
r 66 0.01 0 6.54912 0.01
r 68 0.01 0 6.77101 0.01
r 70 0.01 0 7.01239 0.01
r 72 0.01 0 7.28679 0.01
r 74 0.01 0 7.58095 0.01
r 76 0.01 0 7.83873 0.01
r 78 0.01 0 8.17129 0.01
r 80 0.01 0 8.40611 0.01
r 20 0.01 6 6.67364 0.01
r 22 0.01 6 6.25294 0.01
r 24 0.01 6 5.86125 0.01
r 26 0.01 6 5.51954 0.01
r 28 0.01 6 5.11406 0.01
r 30 0.01 6 4.63347 0.01
r 32 0.01 6 4.17858 0.01
r 34 0.01 6 3.72698 0.01
r 36 0.01 6 3.31564 0.01
r 38 0.01 6 2.94254 0.01
r 40 0.01 6 2.83114 0.01
r 42 0.01 6 3.04488 0.01
r 44 0.01 6 3.63736 0.01
r 46 0.01 6 4.06179 0.01
r 48 0.01 6 4.3637 0.01
r 50 0.01 6 4.78313 0.01
r 52 0.01 6 5.25597 0.01
r 54 0.01 6 5.7326 0.01
r 56 0.01 6 6.16501 0.01
r 58 0.01 6 6.59681 0.01
r 60 0.01 6 6.98559 0.01
r 62 0.01 6 7.40929 0.01
r 64 0.01 6 7.89494 0.01
r 66 0.01 6 8.39161 0.01
r 68 0.01 6 8.79436 0.01
r 70 0.01 6 9.17681 0.01
r 72 0.01 6 9.58844 0.01
r 74 0.01 6 10.0217 0.01
r 76 0.01 6 10.4284 0.01
r 78 0.01 6 10.8621 0.01
r 80 0.01 6 11.2865 0.01
r 20 0.01 7 5.95862 0.01
r 22 0.01 7 5.69264 0.01
r 24 0.01 7 5.43809 0.01
r 26 0.01 7 5.23664 0.01
r 28 0.01 7 5.07379 0.01
r 30 0.01 7 4.78598 0.01
r 32 0.01 7 4.45681 0.01
r 34 0.01 7 4.16842 0.01
r 36 0.01 7 3.88728 0.01
r 38 0.01 7 3.65722 0.01
r 40 0.01 7 3.4332 0.01
r 42 0.01 7 3.66242 0.01
r 44 0.01 7 4.03011 0.01
r 46 0.01 7 4.25816 0.01
r 48 0.01 7 4.58522 0.01
r 50 0.01 7 4.9246 0.01
r 52 0.01 7 5.26046 0.01
r 54 0.01 7 5.54537 0.01
r 56 0.01 7 5.81916 0.01
r 58 0.01 7 6.04479 0.01
r 60 0.01 7 6.30983 0.01
r 62 0.01 7 6.67679 0.01
r 64 0.01 7 7.00654 0.01
r 66 0.01 7 7.29617 0.01
r 68 0.01 7 7.51303 0.01
r 70 0.01 7 7.77519 0.01
r 72 0.01 7 8.07635 0.01
r 74 0.01 7 8.33891 0.01
r 76 0.01 7 8.61724 0.01
r 78 0.01 7 8.92092 0.01
r 80 0.01 7 9.12432 0.01
r 20 0.01 8 7.33938 0.01
r 22 0.01 8 6.94499 0.01
r 24 0.01 8 6.52289 0.01
r 26 0.01 8 6.17384 0.01
r 28 0.01 8 5.76433 0.01
r 30 0.01 8 5.29239 0.01
r 32 0.01 8 4.85263 0.01
r 34 0.01 8 4.41689 0.01
r 36 0.01 8 4.08627 0.01
r 38 0.01 8 3.75503 0.01
r 40 0.01 8 3.43589 0.01
r 42 0.01 8 3.77858 0.01
r 44 0.01 8 4.28753 0.01
r 46 0.01 8 4.95605 0.01
r 48 0.01 8 5.40025 0.01
r 50 0.01 8 5.45667 0.01
r 52 0.01 8 5.93174 0.01
r 54 0.01 8 6.40499 0.01
r 56 0.01 8 6.83459 0.01
r 58 0.01 8 7.25941 0.01
r 60 0.01 8 7.64628 0.01
r 62 0.01 8 8.07457 0.01
r 64 0.01 8 8.57903 0.01
r 66 0.01 8 9.07091 0.01
r 68 0.01 8 9.45574 0.01
r 70 0.01 8 9.83574 0.01
r 72 0.01 8 10.244 0.01
r 74 0.01 8 10.6845 0.01
r 76 0.01 8 11.0799 0.01
r 78 0.01 8 11.5175 0.01
r 80 0.01 8 11.9404 0.01
s 50 2 124
r 20 0.01 0 6.51759 0.01
r 22 0.01 0 6.26479 0.01
r 24 0.01 0 6.02608 0.01
r 26 0.01 0 5.8471 0.01
r 28 0.01 0 5.67493 0.01
r 30 0.01 0 5.38334 0.01
r 32 0.01 0 5.10487 0.01
r 34 0.01 0 4.83924 0.01
r 36 0.01 0 4.59109 0.01
r 38 0.01 0 4.37077 0.01
r 40 0.01 0 4.14295 0.01
r 42 0.01 0 3.83004 0.01
r 44 0.01 0 3.47407 0.01
r 46 0.01 0 2.97953 0.01
r 48 0.01 0 1.88158 0.01
r 50 0.01 0 1.32713 0.01
r 52 0.01 0 1.88157 0.01
r 54 0.01 0 2.97948 0.01
r 56 0.01 0 3.66578 0.01
r 58 0.01 0 3.92504 0.01
r 60 0.01 0 4.18104 0.01
r 62 0.01 0 4.4782 0.01
r 64 0.01 0 4.86378 0.01
r 66 0.01 0 5.22232 0.01
r 68 0.01 0 5.44929 0.01
r 70 0.01 0 5.69864 0.01
r 72 0.01 0 5.97817 0.01
r 74 0.01 0 6.29138 0.01
r 76 0.01 0 6.55735 0.01
r 78 0.01 0 6.90584 0.01
r 80 0.01 0 7.1678 0.01
r 20 0.01 6 8.7365 0.01
r 22 0.01 6 8.34005 0.01
r 24 0.01 6 7.96839 0.01
r 26 0.01 6 7.64284 0.01
r 28 0.01 6 7.26817 0.01
r 30 0.01 6 6.82921 0.01
r 32 0.01 6 6.41302 0.01
r 34 0.01 6 5.99692 0.01
r 36 0.01 6 5.60213 0.01
r 38 0.01 6 5.21162 0.01
r 40 0.01 6 4.80654 0.01
r 42 0.01 6 4.29565 0.01
r 44 0.01 6 3.79239 0.01
r 46 0.01 6 3.3854 0.01
r 48 0.01 6 3.03973 0.01
r 50 0.01 6 2.92704 0.01
r 52 0.01 6 3.1247 0.01
r 54 0.01 6 3.66509 0.01
r 56 0.01 6 4.04773 0.01
r 58 0.01 6 4.49537 0.01
r 60 0.01 6 4.83353 0.01
r 62 0.01 6 5.26384 0.01
r 64 0.01 6 5.76078 0.01
r 66 0.01 6 6.2632 0.01
r 68 0.01 6 6.70104 0.01
r 70 0.01 6 7.09123 0.01
r 72 0.01 6 7.51274 0.01
r 74 0.01 6 7.95929 0.01
r 76 0.01 6 8.38487 0.01
r 78 0.01 6 8.8328 0.01
r 80 0.01 6 9.27746 0.01
r 20 0.01 7 7.29055 0.01
r 22 0.01 7 7.02049 0.01
r 24 0.01 7 6.77877 0.01
r 26 0.01 7 6.59715 0.01
r 28 0.01 7 6.44463 0.01
r 30 0.01 7 6.17883 0.01
r 32 0.01 7 5.87236 0.01
r 34 0.01 7 5.61054 0.01
r 36 0.01 7 5.35678 0.01
r 38 0.01 7 5.14489 0.01
r 40 0.01 7 4.92724 0.01
r 42 0.01 7 4.67452 0.01
r 44 0.01 7 4.33459 0.01
r 46 0.01 7 3.97653 0.01
r 48 0.01 7 3.74674 0.01
r 50 0.01 7 3.51837 0.01
r 52 0.01 7 3.73935 0.01
r 54 0.01 7 4.15988 0.01
r 56 0.01 7 4.44378 0.01
r 58 0.01 7 4.67452 0.01
r 60 0.01 7 4.95079 0.01
r 62 0.01 7 5.28646 0.01
r 64 0.01 7 5.67233 0.01
r 66 0.01 7 5.9796 0.01
r 68 0.01 7 6.20282 0.01
r 70 0.01 7 6.46585 0.01
r 72 0.01 7 6.76183 0.01
r 74 0.01 7 7.05241 0.01
r 76 0.01 7 7.35047 0.01
r 78 0.01 7 7.68232 0.01
r 80 0.01 7 7.89655 0.01
r 20 0.01 8 9.38818 0.01
r 22 0.01 8 8.9839 0.01
r 24 0.01 8 8.61921 0.01
r 26 0.01 8 8.29317 0.01
r 28 0.01 8 7.90806 0.01
r 30 0.01 8 7.47588 0.01
r 32 0.01 8 7.09349 0.01
r 34 0.01 8 6.66868 0.01
r 36 0.01 8 6.27295 0.01
r 38 0.01 8 5.8749 0.01
r 40 0.01 8 5.46431 0.01
r 42 0.01 8 4.97051 0.01
r 44 0.01 8 4.48928 0.01
r 46 0.01 8 4.18096 0.01
r 48 0.01 8 3.82764 0.01
r 50 0.01 8 3.52867 0.01
r 52 0.01 8 3.8521 0.01
r 54 0.01 8 4.30564 0.01
r 56 0.01 8 4.70604 0.01
r 58 0.01 8 5.15619 0.01
r 60 0.01 8 6.96675 0.01
r 62 0.01 8 5.93938 0.01
r 64 0.01 8 6.4694 0.01
r 66 0.01 8 6.93857 0.01
r 68 0.01 8 7.37731 0.01
r 70 0.01 8 7.76485 0.01
r 72 0.01 8 8.19044 0.01
r 74 0.01 8 8.64903 0.01
r 76 0.01 8 9.05552 0.01
r 78 0.01 8 9.50017 0.01
r 80 0.01 8 9.94203 0.01
s 60 2 124
r 20 0.01 0 7.81229 0.01
r 22 0.01 0 7.56744 0.01
r 24 0.01 0 7.33388 0.01
r 26 0.01 0 7.16337 0.01
r 28 0.01 0 6.99756 0.01
r 30 0.01 0 6.72044 0.01
r 32 0.01 0 6.45101 0.01
r 34 0.01 0 6.20778 0.01
r 36 0.01 0 5.97343 0.01
r 38 0.01 0 5.77218 0.01
r 40 0.01 0 5.55974 0.01
r 42 0.01 0 5.27077 0.01
r 44 0.01 0 4.92773 0.01
r 46 0.01 0 4.64395 0.01
r 48 0.01 0 4.41692 0.01
r 50 0.01 0 4.1903 0.01
r 52 0.01 0 3.93242 0.01
r 54 0.01 0 3.64682 0.01
r 56 0.01 0 2.97969 0.01
r 58 0.01 0 1.8817 0.01
r 60 0.01 0 1.32723 0.01
r 62 0.01 0 1.88171 0.01
r 64 0.01 0 2.97972 0.01
r 66 0.01 0 3.75294 0.01
r 68 0.01 0 4.0885 0.01
r 70 0.01 0 4.33916 0.01
r 72 0.01 0 4.62564 0.01
r 74 0.01 0 4.94476 0.01
r 76 0.01 0 5.22189 0.01
r 78 0.01 0 5.58348 0.01
r 80 0.01 0 5.86136 0.01
r 20 0.01 6 10.7484 0.01
r 22 0.01 6 10.3606 0.01
r 24 0.01 6 9.9994 0.01
r 26 0.01 6 9.68224 0.01
r 28 0.01 6 9.32082 0.01
r 30 0.01 6 8.90641 0.01
r 32 0.01 6 8.50981 0.01
r 34 0.01 6 8.12018 0.01
r 36 0.01 6 7.74879 0.01
r 38 0.01 6 7.38082 0.01
r 40 0.01 6 6.99474 0.01
r 42 0.01 6 6.51695 0.01
r 44 0.01 6 6.20536 0.01
r 46 0.01 6 5.8109 0.01
r 48 0.01 6 5.34518 0.01
r 50 0.01 6 4.86396 0.01
r 52 0.01 6 4.42483 0.01
r 54 0.01 6 4.02945 0.01
r 56 0.01 6 3.46656 0.01
r 58 0.01 6 3.0791 0.01
r 60 0.01 6 2.93082 0.01
r 62 0.01 6 3.15361 0.01
r 64 0.01 6 3.60358 0.01
r 66 0.01 6 4.12599 0.01
r 68 0.01 6 4.73774 0.01
r 70 0.01 6 5.08238 0.01
r 72 0.01 6 5.71092 0.01
r 74 0.01 6 6.19681 0.01
r 76 0.01 6 6.53004 0.01
r 78 0.01 6 7.01352 0.01
r 80 0.01 6 7.22222 0.01
r 20 0.01 7 8.55179 0.01
r 22 0.01 7 8.30969 0.01
r 24 0.01 7 8.06651 0.01
r 26 0.01 7 7.89461 0.01
r 28 0.01 7 7.74673 0.01
r 30 0.01 7 7.49585 0.01
r 32 0.01 7 7.20285 0.01
r 34 0.01 7 6.95971 0.01
r 36 0.01 7 6.71172 0.01
r 38 0.01 7 6.51162 0.01
r 40 0.01 7 6.31189 0.01
r 42 0.01 7 6.07792 0.01
r 44 0.01 7 5.73814 0.01
r 46 0.01 7 5.40554 0.01
r 48 0.01 7 5.18208 0.01
r 50 0.01 7 4.95608 0.01
r 52 0.01 7 4.72824 0.01
r 54 0.01 7 4.44392 0.01
r 56 0.01 7 4.14323 0.01
r 58 0.01 7 3.70608 0.01
r 60 0.01 7 3.53322 0.01
r 62 0.01 7 3.76353 0.01
r 64 0.01 7 4.2882 0.01
r 66 0.01 7 4.60815 0.01
r 68 0.01 7 4.83284 0.01
r 70 0.01 7 5.10551 0.01
r 72 0.01 7 5.4136 0.01
r 74 0.01 7 5.70879 0.01
r 76 0.01 7 6.01009 0.01
r 78 0.01 7 6.41756 0.01
r 80 0.01 7 6.58988 0.01
r 20 0.01 8 11.412 0.01
r 22 0.01 8 11.0272 0.01
r 24 0.01 8 10.6618 0.01
r 26 0.01 8 10.3447 0.01
r 28 0.01 8 10.0043 0.01
r 30 0.01 8 9.57253 0.01
r 32 0.01 8 9.18639 0.01
r 34 0.01 8 8.81997 0.01
r 36 0.01 8 8.42661 0.01
r 38 0.01 8 8.06874 0.01
r 40 0.01 8 7.65666 0.01
r 42 0.01 8 7.18667 0.01
r 44 0.01 8 6.70369 0.01
r 46 0.01 8 6.29605 0.01
r 48 0.01 8 5.90024 0.01
r 50 0.01 8 5.51286 0.01
r 52 0.01 8 5.07433 0.01
r 54 0.01 8 4.67195 0.01
r 56 0.01 8 4.19984 0.01
r 58 0.01 8 3.87336 0.01
r 60 0.01 8 3.53654 0.01
r 62 0.01 8 3.86446 0.01
r 64 0.01 8 4.37816 0.01
r 66 0.01 8 4.8703 0.01
r 68 0.01 8 5.9261 0.01
r 70 0.01 8 6.01709 0.01
r 72 0.01 8 6.38584 0.01
r 74 0.01 8 6.83282 0.01
r 76 0.01 8 7.3731 0.01
r 78 0.01 8 7.84839 0.01
r 80 0.01 8 7.90174 0.01
s 70 2 124
r 20 0.01 0 9.14855 0.01
r 22 0.01 0 8.91743 0.01
r 24 0.01 0 8.69927 0.01
r 26 0.01 0 8.5417 0.01
r 28 0.01 0 8.39469 0.01
r 30 0.01 0 8.13894 0.01
r 32 0.01 0 7.86913 0.01
r 34 0.01 0 7.63124 0.01
r 36 0.01 0 7.40866 0.01
r 38 0.01 0 7.22063 0.01
r 40 0.01 0 7.02115 0.01
r 42 0.01 0 6.75347 0.01
r 44 0.01 0 6.42611 0.01
r 46 0.01 0 6.14714 0.01
r 48 0.01 0 5.92621 0.01
r 50 0.01 0 5.70751 0.01
r 52 0.01 0 5.46425 0.01
r 54 0.01 0 5.18567 0.01
r 56 0.01 0 4.86891 0.01
r 58 0.01 0 4.57891 0.01
r 60 0.01 0 4.35454 0.01
r 62 0.01 0 4.18641 0.01
r 64 0.01 0 3.76214 0.01
r 66 0.01 0 2.98026 0.01
r 68 0.01 0 1.88207 0.01
r 70 0.01 0 1.32748 0.01
r 72 0.01 0 1.88206 0.01
r 74 0.01 0 2.98023 0.01
r 76 0.01 0 3.75484 0.01
r 78 0.01 0 4.28712 0.01
r 80 0.01 0 4.57561 0.01
r 20 0.01 6 12.7951 0.01
r 22 0.01 6 12.4247 0.01
r 24 0.01 6 12.078 0.01
r 26 0.01 6 11.7717 0.01
r 28 0.01 6 11.4249 0.01
r 30 0.01 6 11.0183 0.01
r 32 0.01 6 10.634 0.01
r 34 0.01 6 10.2609 0.01
r 36 0.01 6 9.90515 0.01
r 38 0.01 6 9.55623 0.01
r 40 0.01 6 9.18787 0.01
r 42 0.01 6 8.7362 0.01
r 44 0.01 6 8.27558 0.01
r 46 0.01 6 7.87245 0.01
r 48 0.01 6 7.48605 0.01
r 50 0.01 6 7.10115 0.01
r 52 0.01 6 6.6753 0.01
r 54 0.01 6 6.4422 0.01
r 56 0.01 6 5.96685 0.01
r 58 0.01 6 5.4535 0.01
r 60 0.01 6 5.165 0.01
r 62 0.01 6 4.7423 0.01
r 64 0.01 6 4.14035 0.01
r 66 0.01 6 3.67686 0.01
r 68 0.01 6 3.34533 0.01
r 70 0.01 6 3.19922 0.01
r 72 0.01 6 3.38069 0.01
r 74 0.01 6 3.91264 0.01
r 76 0.01 6 4.23972 0.01
r 78 0.01 6 4.69344 0.01
r 80 0.01 6 5.133 0.01
r 20 0.01 7 9.9527 0.01
r 22 0.01 7 9.72124 0.01
r 24 0.01 7 9.49404 0.01
r 26 0.01 7 9.3302 0.01
r 28 0.01 7 9.20901 0.01
r 30 0.01 7 8.98155 0.01
r 32 0.01 7 8.69383 0.01
r 34 0.01 7 8.45069 0.01
r 36 0.01 7 8.2225 0.01
r 38 0.01 7 8.03768 0.01
r 40 0.01 7 7.84051 0.01
r 42 0.01 7 7.6264 0.01
r 44 0.01 7 7.30186 0.01
r 46 0.01 7 6.97685 0.01
r 48 0.01 7 6.76118 0.01
r 50 0.01 7 6.54107 0.01
r 52 0.01 7 6.31749 0.01
r 54 0.01 7 6.04546 0.01
r 56 0.01 7 5.76215 0.01
r 58 0.01 7 5.44098 0.01
r 60 0.01 7 5.18246 0.01
r 62 0.01 7 5.03523 0.01
r 64 0.01 7 4.80646 0.01
r 66 0.01 7 4.46748 0.01
r 68 0.01 7 4.0223 0.01
r 70 0.01 7 3.87141 0.01
r 72 0.01 7 4.05245 0.01
r 74 0.01 7 4.49058 0.01
r 76 0.01 7 4.79683 0.01
r 78 0.01 7 5.17784 0.01
r 80 0.01 7 5.40821 0.01
r 20 0.01 8 13.5225 0.01
r 22 0.01 8 13.1573 0.01
r 24 0.01 8 12.8186 0.01
r 26 0.01 8 12.5165 0.01
r 28 0.01 8 12.1799 0.01
r 30 0.01 8 11.7803 0.01
r 32 0.01 8 11.3896 0.01
r 34 0.01 8 11.0156 0.01
r 36 0.01 8 10.6582 0.01
r 38 0.01 8 10.3132 0.01
r 40 0.01 8 9.95492 0.01
r 42 0.01 8 9.48925 0.01
r 44 0.01 8 9.02079 0.01
r 46 0.01 8 8.64756 0.01
r 48 0.01 8 8.24086 0.01
r 50 0.01 8 7.85829 0.01
r 52 0.01 8 7.44272 0.01
r 54 0.01 8 7.00969 0.01
r 56 0.01 8 6.8244 0.01
r 58 0.01 8 6.60166 0.01
r 60 0.01 8 6.90105 0.01
r 62 0.01 8 5.37915 0.01
r 64 0.01 8 4.92473 0.01
r 66 0.01 8 4.68395 0.01
r 68 0.01 8 4.18519 0.01
r 70 0.01 8 3.87257 0.01
r 72 0.01 8 4.17464 0.01
r 74 0.01 8 4.6175 0.01
r 76 0.01 8 4.97922 0.01
r 78 0.01 8 5.41664 0.01
r 80 0.01 8 5.90166 0.01
