63 81 1.5 0.33
0 2 4 6 8 10 12 14 16 18 20 22 24 26 28 30 32 34 36 38 40 42 44 46 48 50 52 54 56 58 60 62 64 66 68 70 72 74 76 78 80 82 84 86 88 90 92 94 96 98 100 102 104 106 108 110 112 114 116 118 120 122 124 
0 0 0 0 0 0 0 0 0 0 0 0 0 0 0 0 0 0 0 0 0 0 0 0 0 0 0 0 0 0 0 0 0 0 0 0 0 0 0 0 0 0 0 0 0 0 0 0 0 0 0 0 0 0 0 0 0 0 0 0 0 0 0 
0 0.2 0.4 0.6 0.8 1 1.2 1.4 1.6 1.8 2 2.2 2.4 2.6 2.8 3 3.2 3.4 3.6 3.8 4 4.2 4.4 4.6 4.8 5 5.2 5.4 5.6 5.8 6 6.2 6.4 6.6 6.8 7 7.2 7.4 7.6 7.8 8 8.2 8.4 8.6 8.8 9 9.2 9.4 9.6 9.8 10 10.2 10.4 10.6 10.8 11 11.2 11.4 11.6 11.8 12 12.2 12.4 12.6 12.8 13 13.2 13.4 13.6 13.8 14 14.2 14.4 14.6 14.8 15 15.2 15.4 15.6 15.8 16 
1.5 1.5 1.5 1.5 1.5 1.5 1.5 1.5 1.5 1.5 2 1.67702 4.73835 4.74657 4.75509 4.76637 4.77673 4.78753 4.79675 4.80631 4.81632 4.82507 4.83298 4.84194 4.84975 4.85789 4.86513 4.87135 4.87926 4.88577 4.89271 4.89849 4.90459 4.91033 4.91759 4.9217 4.9268 4.932 4.937 4.94367 4.94708 4.95191 4.95697 4.96196 4.9652 4.97226 4.97748 4.98285 4.98829 4.99217 4.99968 5.00565 5.0118 5.01806 5.02456 5.0312 5.0381 5.04508 5.05243 5.05982 5.06738 5.07529 5.08304 5.09123 5.09947 5.10779 5.11656 5.12519 5.13413 5.14311 5.15198 5.16161 5.17107 5.18129 5.19041 5.20097 5.21036 5.22033 5.23083 5.2406 5.2466 
1.5 1.5 1.5 1.5 1.5 1.5 1.5 1.5 1.5 1.5 2 1.66276 1.71268 4.70677 4.71525 4.72775 4.73935 4.75253 4.76039 4.77036 4.78078 4.78977 4.79859 4.80797 4.81639 4.82528 4.83325 4.84012 4.84855 4.85582 4.86299 4.86978 4.87644 4.88294 4.89043 4.89538 4.90131 4.90748 4.91346 4.92039 4.92509 4.93061 4.93666 4.94241 4.94673 4.95442 4.96045 4.96682 4.97318 4.97827 4.98648 4.99335 5.00037 5.00756 5.0148 5.02223 5.02994 5.03757 5.04562 5.05364 5.06167 5.07013 5.07846 5.08614 5.09564 5.10435 5.11323 5.12218 5.13057 5.14042 5.14945 5.15932 5.16875 5.17798 5.18864 5.19886 5.20783 5.21989 5.22683 5.23739 5.24817 
1.5 1.5 1.5 1.5 1.5 1.5 1.5 1.5 1.5 1.5 2 1.65339 1.68281 1.72392 4.67419 4.688 4.70487 4.71199 4.72256 4.73267 4.74348 4.75531 4.76213 4.77183 4.78085 4.79014 4.8005 4.80643 4.81529 4.82309 4.83107 4.83945 4.84644 4.85393 4.86225 4.86815 4.87496 4.88206 4.88893 4.89661 4.90278 4.91092 4.91635 4.92314 4.93016 4.93713 4.94414 4.95133 4.95864 4.96552 4.9734 4.98103 4.98882 4.99677 5.00434 5.01308 5.02158 5.03012 5.03867 5.04681 5.05619 5.06537 5.07444 5.08368 5.09223 5.10215 5.11178 5.12145 5.13113 5.13987 5.15035 5.16063 5.17056 5.18074 5.18981 5.20087 5.21157 5.22315 5.23153 5.23838 5.25366 
1.5 1.5 1.5 1.5 1.5 1.5 1.5 1.5 1.5 1.5 2 1.62965 1.66401 1.7058 4.64313 4.65209 4.6659 4.67702 4.68756 4.70083 4.70873 4.7186 4.72797 4.73808 4.74968 4.75738 4.76659 4.77493 4.7842 4.79471 4.80211 4.81051 4.81928 4.828 4.83751 4.84502 4.85332 4.86166 4.87009 4.87899 4.88672 4.89636 4.90331 4.91167 4.92038 4.92875 4.93828 4.94594 4.95455 4.96312 4.97188 4.98047 4.98954 4.99848 5.00716 5.01672 5.02555 5.03534 5.04406 5.05356 5.06367 5.07281 5.08328 5.09304 5.10298 5.11281 5.12194 5.13301 5.14229 5.15352 5.1637 5.17319 5.18498 5.19364 5.20677 5.21595 5.22596 5.23866 5.24619 5.2616 5.271 
1.5 1.5 1.5 1.5 1.5 1.5 1.5 1.5 1.5 1.5 2 1.61051 1.6452 1.69768 4.60953 4.61932 4.6296 4.64351 4.65435 4.66466 4.67363 4.68373 4.69555 4.7059 4.71525 4.72421 4.73351 4.74475 4.75464 4.76343 4.77241 4.78164 4.79246 4.8022 4.81086 4.82042 4.82989 4.84029 4.84979 4.85911 4.86852 4.87908 4.88845 4.89801 4.90718 4.91767 4.92812 4.93788 4.94777 4.95756 4.96815 4.97806 4.98831 4.99848 5.00921 5.01963 5.02987 5.04037 5.05077 5.06204 5.07261 5.08287 5.09361 5.10508 5.11598 5.12687 5.13711 5.14819 5.16018 5.17131 5.18234 5.19284 5.20425 5.21593 5.22807 5.23818 5.25035 5.26029 5.27404 5.285 5.29568 
1.5 1.5 1.5 1.5 1.5 1.5 1.5 1.5 1.5 1.5 2 1.58327 1.61948 4.55242 4.56923 4.5789 4.58554 4.59626 4.60817 4.61854 4.63009 4.64053 4.65107 4.66128 4.67188 4.68309 4.69407 4.70507 4.71604 4.727 4.73876 4.74964 4.76104 4.77231 4.78358 4.7952 4.80664 4.81838 4.83014 4.84167 4.85419 4.86609 4.87814 4.89042 4.90229 4.91437 4.92631 4.93839 4.95062 4.96314 4.97516 4.98756 5.00002 5.01239 5.02491 5.03715 5.04957 5.06185 5.07413 5.08638 5.09856 5.11092 5.12314 5.13538 5.14769 5.15987 5.17237 5.18438 5.1966 5.20859 5.22062 5.23269 5.24492 5.25656 5.26877 5.27971 5.29331 5.30256 5.31709 5.32806 5.34026 
1.5 1.5 1.5 1.5 1.5 1.5 1.5 1.5 1.5 1.5 2 1.55458 1.59499 4.49324 4.51073 4.51964 4.52618 4.53927 4.54993 4.56091 4.57266 4.58342 4.59451 4.60643 4.61731 4.62949 4.64161 4.65405 4.66659 4.67913 4.69194 4.7043 4.71745 4.73085 4.74433 4.75785 4.77106 4.78542 4.79936 4.81356 4.82816 4.84206 4.85662 4.87098 4.88599 4.8996 4.91405 4.92853 4.94305 4.95842 4.97217 4.98676 5.00133 5.01574 5.03018 5.04436 5.05866 5.07273 5.08681 5.1009 5.11473 5.12866 5.14242 5.15605 5.16979 5.18333 5.19693 5.20992 5.22337 5.23658 5.24966 5.26258 5.27545 5.28813 5.30093 5.31294 5.32681 5.33668 5.35143 5.36407 5.37701 
1.5 1.5 1.5 1.5 1.5 1.5 1.5 1.5 1.5 1.5 2 1.52343 1.55769 1.58237 1.61048 4.42909 4.43658 4.44868 4.46329 4.47515 4.48736 4.49916 4.51128 4.52329 4.53545 4.54873 4.56186 4.57625 4.59001 4.60358 4.61829 4.63295 4.64776 4.66379 4.67916 4.69564 4.71144 4.72744 4.74361 4.76001 4.77706 4.79333 4.8104 4.82746 4.84599 4.8616 4.8788 4.89608 4.91301 4.93137 4.94688 4.96388 4.98045 4.99709 5.01354 5.03001 5.04647 5.06274 5.07867 5.09467 5.11034 5.12594 5.14119 5.15644 5.17152 5.18642 5.20123 5.21571 5.23012 5.24438 5.25868 5.27248 5.286 5.30008 5.31269 5.32663 5.34005 5.35162 5.36604 5.37983 5.39373 
1.5 1.5 1.5 1.5 1.5 1.5 1.5 1.5 1.5 1.5 2 1.49209 1.52492 1.54752 1.57938 1.61065 4.3575 4.36915 4.38579 4.39818 4.41185 4.42442 4.43718 4.44926 4.46303 4.47826 4.49285 4.50861 4.52227 4.53862 4.55609 4.57281 4.58983 4.60643 4.62463 4.64396 4.66231 4.68117 4.70009 4.71881 4.73865 4.75792 4.7778 4.79767 4.81984 4.83723 4.85706 4.87652 4.89659 4.91834 4.9357 4.95491 4.97418 4.99292 5.0117 5.03017 5.04868 5.06727 5.08468 5.10243 5.11995 5.13736 5.15419 5.17097 5.18739 5.20385 5.21995 5.23567 5.25127 5.26662 5.28196 5.29668 5.31106 5.32602 5.33944 5.35432 5.36701 5.38055 5.39485 5.40914 5.42445 
1.5 1.5 1.5 1.5 1.5 1.5 1.5 1.5 1.5 1.5 2 1.46087 1.49408 1.5155 1.54927 1.57961 4.28899 4.30122 4.31829 4.33261 4.34716 4.36087 4.37507 4.38926 4.40259 4.41989 4.43564 4.45182 4.47075 4.48732 4.50742 4.52637 4.54574 4.56557 4.58456 4.60702 4.62814 4.64994 4.67154 4.69119 4.71559 4.7379 4.76064 4.78285 4.80867 4.82812 4.85057 4.87312 4.89521 4.91764 4.93909 4.96065 4.98221 5.00413 5.02515 5.04511 5.06562 5.08578 5.10529 5.12487 5.14409 5.16304 5.18151 5.20047 5.21749 5.2354 5.25257 5.26943 5.2869 5.30223 5.31827 5.33384 5.34882 5.36426 5.37845 5.39379 5.40752 5.42177 5.43708 5.45035 5.46673 
1.5 1.5 1.5 1.5 1.5 1.5 1.5 1.5 1.5 1.5 2 1.42848 1.45943 1.48587 1.51184 4.22022 4.23471 4.24632 4.26089 4.27572 4.29189 4.30751 4.32337 4.33869 4.35524 4.37227 4.39051 4.41046 4.42956 4.44758 4.47067 4.49213 4.51361 4.53374 4.55624 4.58039 4.60598 4.6287 4.65343 4.67865 4.70412 4.73069 4.75528 4.78176 4.80767 4.83308 4.85842 4.88387 4.90864 4.93751 4.95816 4.98227 5.00614 5.02983 5.05289 5.07564 5.09811 5.12013 5.14152 5.16227 5.18296 5.20334 5.2233 5.24273 5.26158 5.28039 5.29862 5.31649 5.33401 5.35104 5.36771 5.38385 5.39964 5.41517 5.43045 5.44592 5.46028 5.47492 5.49142 5.50386 5.51925 
1.5 1.5 1.5 1.5 1.5 1.5 1.5 1.5 1.5 1.5 2 1.39507 1.42533 1.4554 1.47916 4.14565 4.15269 4.17405 4.19456 4.20596 4.22558 4.24325 4.26272 4.28057 4.29644 4.3192 4.3403 4.36509 4.38534 4.40912 4.43275 4.4576 4.48266 4.50836 4.53086 4.56087 4.58769 4.61531 4.64275 4.66641 4.69801 4.72563 4.75388 4.78159 4.81437 4.83748 4.86492 4.89245 4.91933 4.9505 4.97225 4.99805 5.0235 5.04866 5.07341 5.09732 5.12109 5.14418 5.16682 5.18887 5.21079 5.23239 5.25301 5.27342 5.29304 5.31261 5.33157 5.35014 5.36826 5.38595 5.40312 5.41979 5.43555 5.45202 5.46729 5.48364 5.49756 5.51429 5.52898 5.54543 5.55708 
1.5 1.5 1.5 1.5 1.5 1.5 1.5 1.5 1.5 1.5 2 1.36322 1.3925 1.42122 1.44323 4.0898 4.12994 4.10791 4.12214 4.15483 4.17519 4.19539 4.21659 4.23554 4.25733 4.27871 4.30273 4.33021 4.35232 4.37905 4.40474 4.43183 4.45958 4.48825 4.51263 4.54606 4.57558 4.60587 4.63583 4.66172 4.69628 4.72617 4.75642 4.78604 4.8214 4.84579 4.87496 4.90428 4.93276 4.96606 4.9889 5.01605 5.04292 5.06929 5.09527 5.12025 5.14531 5.16951 5.19294 5.21584 5.23847 5.26075 5.2822 5.30316 5.3234 5.34339 5.36275 5.38182 5.40041 5.4183 5.43575 5.45249 5.46901 5.48552 5.50122 5.51743 5.53137 5.54837 5.56532 5.57922 5.58985 
1.5 1.5 1.5 1.5 1.5 1.5 1.5 1.5 1.5 1.5 2 1.33378 1.36147 1.38839 1.41116 1.42345 4.02777 4.02871 4.02688 4.07581 4.11396 4.13948 4.16298 4.18501 4.2088 4.23338 4.25997 4.29363 4.31859 4.34943 4.3811 4.41209 4.44255 4.47338 4.49914 4.53531 4.56675 4.59891 4.63056 4.65849 4.695 4.72702 4.75844 4.78937 4.82591 4.85119 4.8813 4.91143 4.94086 4.97533 4.99815 5.02577 5.0532 5.07992 5.10652 5.13193 5.15744 5.18204 5.20599 5.22931 5.25208 5.27455 5.29624 5.3173 5.33803 5.35808 5.37782 5.39707 5.41587 5.4339 5.45145 5.46795 5.48485 5.50084 5.51701 5.53261 5.54743 5.56405 5.58263 5.59518 5.60678 
1.5 1.5 1.5 1.5 1.5 1.5 1.5 1.5 1.5 1.5 2 1.30688 1.33315 1.35824 1.38126 1.39599 1.41667 1.44287 3.96357 3.94301 4.01516 4.0718 4.1159 4.1398 4.16766 4.19473 4.22372 4.25826 4.28734 4.32359 4.3606 4.39471 4.4284 4.46352 4.49349 4.53204 4.56503 4.59822 4.63089 4.65935 4.69616 4.72804 4.75952 4.79046 4.82675 4.85185 4.8816 4.91135 4.94057 4.97452 4.99713 5.02455 5.05159 5.07789 5.10409 5.12924 5.1547 5.17911 5.20288 5.22617 5.24892 5.27148 5.293 5.31424 5.33493 5.35502 5.37493 5.39437 5.41311 5.43121 5.44902 5.46551 5.48189 5.49767 5.51361 5.52957 5.54389 5.56032 5.57793 5.59072 5.60593 
1.5 1.5 1.5 1.5 1.5 1.5 1.5 1.5 1.5 1.5 2 1.27109 1.29612 1.31956 1.34166 1.35765 1.37238 1.38544 3.94896 3.94601 3.95429 4.00234 4.06853 4.12977 4.1481 4.18914 4.22248 4.26448 4.29521 4.33222 4.37287 4.41522 4.45526 4.49084 4.5212 4.56367 4.59972 4.63507 4.66738 4.69575 4.7321 4.76442 4.79514 4.82465 4.85871 4.88173 4.90934 4.9376 4.96578 4.99754 5.01931 5.04536 5.07131 5.09633 5.12141 5.14564 5.17041 5.19412 5.21733 5.24021 5.26256 5.28537 5.30685 5.32799 5.34882 5.36874 5.38898 5.40867 5.42801 5.44654 5.46496 5.4824 5.49876 5.51335 5.53314 5.54641 5.56306 5.57685 5.59664 5.60893 5.62479 
1.5 1.5 1.5 1.5 1.5 1.5 1.5 1.5 1.5 1.5 2 1.26881 1.2943 1.31814 1.34109 1.36356 1.38009 3.9236 3.92461 3.98577 4.00525 4.05481 4.08288 4.14204 4.19408 4.22922 4.26578 4.31406 4.34772 4.3922 4.43298 4.47121 4.51063 4.55534 4.587 4.62663 4.66037 4.6935 4.72644 4.75807 4.7911 4.81784 4.84739 4.87478 4.90711 4.92862 4.95381 4.97864 5.00346 5.03088 5.05127 5.07511 5.09909 5.12279 5.1462 5.17188 5.19281 5.21555 5.23831 5.26073 5.28267 5.30489 5.32626 5.34757 5.36875 5.3888 5.40946 5.42918 5.44877 5.46782 5.48693 5.50465 5.52219 5.53739 5.55733 5.57176 5.58876 5.60416 5.62311 5.63224 5.65085 
1.5 1.5 1.5 1.5 1.5 1.5 1.5 1.5 1.5 1.5 2 1.25587 1.28081 1.30412 1.3237 1.35185 1.36923 3.93315 3.9504 3.99153 4.02091 4.08461 4.1372 4.19457 4.26057 4.29606 4.33192 4.38316 4.41477 4.45773 4.50345 4.54663 4.58133 4.61863 4.66007 4.69614 4.72776 4.75591 4.78215 4.80817 4.84276 4.87059 4.89095 4.91474 4.94147 4.96009 4.98229 5.00499 5.02678 5.05036 5.06769 5.08732 5.10784 5.12821 5.1495 5.17091 5.19303 5.21431 5.23638 5.25799 5.27965 5.30134 5.32285 5.34734 5.36606 5.38715 5.40851 5.42914 5.44963 5.46951 5.48953 5.5075 5.52725 5.54286 5.5616 5.57916 5.59559 5.61177 5.6316 5.64122 5.66241 
1.5 1.5 1.5 1.5 1.5 1.5 1.5 1.5 1.5 1.5 2 1.24872 1.27339 1.29649 1.31916 1.34343 1.36284 3.9756 3.97785 4.02978 4.07191 4.12747 4.20047 4.26729 4.32266 4.37049 4.41291 4.47063 4.4994 4.54217 4.58907 4.62922 4.66105 4.69037 4.72612 4.76909 4.79495 4.81795 4.84002 4.86025 4.88368 4.91022 4.93208 4.94543 4.96665 4.98265 4.99981 5.01764 5.03628 5.05624 5.07294 5.0911 5.10895 5.12626 5.14491 5.16425 5.18378 5.20447 5.22581 5.24675 5.2682 5.29028 5.3117 5.33351 5.3551 5.37733 5.39935 5.42071 5.44216 5.46328 5.48491 5.50446 5.52438 5.54294 5.56678 5.5809 5.59882 5.61527 5.63265 5.64676 5.67207 
1.5 1.5 1.5 1.5 1.5 1.5 1.5 1.5 1.5 1.5 2 1.24506 1.26734 1.29213 1.31456 1.33532 1.35597 1.37263 4.074 4.04945 4.13497 4.22498 4.30674 4.36419 4.42153 4.47327 4.50386 4.56328 4.58992 4.65688 4.68255 4.71873 4.74989 4.78375 4.81469 4.83265 4.8556 4.86492 4.89165 4.89338 4.91164 4.93042 4.95984 4.95549 4.96957 4.98263 4.9973 5.0102 5.02244 5.0373 5.05427 5.06997 5.08574 5.1022 5.1187 5.13505 5.15416 5.17269 5.19218 5.2144 5.23615 5.25825 5.28054 5.30377 5.32656 5.34934 5.3727 5.39629 5.42036 5.44319 5.46364 5.48432 5.50504 5.52686 5.54522 5.57088 5.58792 5.60484 5.62021 5.63386 5.66192 
1.5 1.5 1.5 1.5 1.5 1.5 1.5 1.5 1.5 1.5 2 1.22249 1.24589 1.2676 1.28938 1.31112 1.33184 1.34333 1.354 4.16777 4.21864 4.31855 4.3786 4.4368 4.49023 4.54729 4.566 4.64609 4.64546 4.70641 4.74295 4.77089 4.79812 4.82043 4.84641 4.85881 4.8688 4.87706 4.89361 4.89816 4.90883 4.91897 4.9372 4.9411 4.94661 4.96109 4.97368 4.98389 4.9945 5.00579 5.01786 5.03212 5.05071 5.06624 5.0847 5.10244 5.11979 5.13859 5.15823 5.178 5.19899 5.22316 5.24555 5.2687 5.29311 5.3175 5.34175 5.36562 5.38948 5.41334 5.43764 5.45893 5.48134 5.50272 5.5256 5.54432 5.56745 5.58937 5.60807 5.61951 5.65146 
1.5 1.5 1.5 1.5 1.5 1.5 1.5 1.5 1.5 1.5 2 1.25682 1.28093 1.30384 1.32487 1.34747 1.3705 1.39187 1.41163 1.43301 4.15305 4.25326 4.40279 4.44899 4.49867 4.52287 4.55246 4.58969 4.60266 4.64647 4.70336 4.7393 4.7802 4.80842 4.83351 4.82068 4.82968 4.84777 4.86583 4.87099 4.87341 4.88511 4.89753 4.89694 4.90019 4.90878 4.91855 4.93118 4.9454 4.95617 4.96691 4.97973 4.99688 5.01583 5.03299 5.0535 5.07456 5.09543 5.11569 5.13666 5.15869 5.18155 5.2061 5.23144 5.25614 5.28334 5.3093 5.33472 5.36079 5.38631 5.41193 5.43275 5.45933 5.48221 5.5047 5.52853 5.55228 5.57932 5.59707 5.60693 5.63953 
1.5 1.5 1.5 1.5 1.5 1.5 1.5 1.5 1.5 1.5 2 1.26787 1.29191 1.3158 1.33783 1.36169 1.38335 1.40362 1.42483 4.05005 3.99299 4.04795 4.1703 4.27478 4.37504 4.43623 4.46797 4.49992 4.52001 4.57163 4.60377 4.6575 4.71184 4.71376 4.83306 4.75565 4.76682 4.78312 4.79425 4.8069 4.82147 4.83749 4.8399 4.84622 4.85123 4.86597 4.8766 4.8872 4.90275 4.9177 4.93554 4.95085 4.96762 4.98574 5.00933 5.03147 5.05501 5.07869 5.10019 5.12375 5.14789 5.17269 5.19738 5.22575 5.25299 5.27819 5.30729 5.33398 5.36123 5.3876 5.41437 5.43968 5.46054 5.48173 5.50507 5.52703 5.55194 5.57857 5.60487 5.61856 5.65322 
1.5 1.5 1.5 1.5 1.5 1.5 1.5 1.5 1.5 1.5 2 1.28113 1.30667 1.3303 1.35371 1.37701 1.39951 1.41958 3.91018 3.92457 3.91353 3.9817 4.05541 4.10656 4.18036 4.27934 4.36554 4.4036 4.45178 4.49572 4.53529 4.56447 4.62658 4.61704 4.73071 4.65711 4.68177 4.70008 4.71722 4.7413 4.75029 4.75668 4.77114 4.78307 4.78895 4.80675 4.82425 4.83675 4.85619 4.87231 4.89137 4.91115 4.93357 4.9553 4.98096 5.00468 5.03241 5.06181 5.08486 5.11069 5.13635 5.16321 5.19123 5.22126 5.25009 5.27826 5.30736 5.33612 5.36427 5.3922 5.42044 5.44418 5.46724 5.48985 5.51181 5.53405 5.55995 5.58816 5.61368 5.63299 5.67029 
1.5 1.5 1.5 1.5 1.5 1.5 1.5 1.5 1.5 1.5 2 1.29542 1.321 1.34527 1.36896 1.39243 1.41548 1.43679 1.4582 3.59099 3.41042 3.58158 3.66713 3.81 3.92531 4.0323 4.13811 4.15064 4.20015 4.29352 4.34682 4.43261 4.51944 4.53607 4.59302 4.53181 4.55493 4.58738 4.60535 4.63261 4.64917 4.66362 4.6821 4.69758 4.7074 4.72617 4.74621 4.767 4.78645 4.80751 4.83046 4.84992 4.87435 4.90007 4.93146 4.95989 4.98652 5.0186 5.04535 5.07551 5.10425 5.1324 5.16261 5.19469 5.2247 5.25384 5.28622 5.31671 5.34647 5.37629 5.40569 5.43094 5.45528 5.48172 5.49965 5.52178 5.54364 5.57081 5.59644 5.61999 5.65544 
1.5 1.5 1.5 1.5 1.5 1.5 1.5 1.5 1.5 1.5 2 1.30483 1.33058 1.3551 1.37893 1.40257 1.42593 1.44837 1.47068 1.49195 3.44039 3.20031 3.40085 3.50695 3.58844 3.70619 3.85349 3.92617 3.965 4.05988 4.14427 4.18646 4.37495 4.35503 4.35023 4.38007 4.40679 4.44542 4.4747 4.50833 4.53409 4.55903 4.58 4.60223 4.62315 4.64773 4.67116 4.69516 4.72089 4.74626 4.7721 4.79442 4.82226 4.85521 4.88573 4.91895 4.95285 4.98487 5.01277 5.04399 5.07449 5.10693 5.14049 5.17172 5.20353 5.23634 5.26756 5.299 5.32969 5.36092 5.39058 5.41657 5.44139 5.46628 5.48698 5.51053 5.53346 5.55965 5.58854 5.61184 5.64338 
1.5 1.5 1.5 1.5 1.5 1.5 1.5 1.5 1.5 1.5 2 1.31507 1.34129 1.36618 1.39041 1.41436 1.43794 1.46113 1.48489 1.50787 1.53006 3.43549 3.19818 3.47436 3.56175 3.61896 3.67988 3.80289 3.88666 3.9829 4.06345 4.09258 4.16535 4.22206 4.22054 4.24948 4.27619 4.32218 4.35951 4.39323 4.4219 4.44807 4.47679 4.5062 4.53511 4.56219 4.59127 4.62296 4.65319 4.68461 4.71132 4.74142 4.77529 4.81079 4.84481 4.88172 4.91931 4.95473 4.98378 5.01687 5.0498 5.08493 5.12237 5.15474 5.18809 5.22244 5.25562 5.2871 5.31965 5.35096 5.38094 5.40627 5.42973 5.45643 5.47664 5.49794 5.52346 5.55176 5.57751 5.59986 5.62789 
1.5 1.5 1.5 1.5 1.5 1.5 1.5 1.5 1.5 1.5 2 1.31854 1.34461 1.36952 1.39391 1.41789 1.44167 1.46512 1.48876 1.51171 1.53428 3.42168 3.09031 3.49953 3.54271 3.6353 3.7055 3.83102 3.93492 4.01226 4.01408 4.0153 4.08421 4.17983 4.16562 4.20554 4.23874 4.28192 4.3071 4.33948 4.36833 4.39584 4.42483 4.46117 4.48919 4.5186 4.55073 4.57971 4.61183 4.64711 4.67968 4.71423 4.74986 4.78691 4.82355 4.86151 4.89859 4.93884 4.97032 5.00685 5.04223 5.07974 5.11706 5.1539 5.18605 5.22112 5.25521 5.28715 5.3196 5.35158 5.38211 5.40968 5.43454 5.4597 5.48184 5.50312 5.52793 5.55179 5.58203 5.59974 5.63347 
1.5 1.5 1.5 1.5 1.5 1.5 1.5 1.5 1.5 1.5 2 1.32008 1.34604 1.37096 1.3954 1.41927 1.44306 1.46655 1.48948 1.51154 1.53501 3.53495 3.40794 3.55523 3.64496 3.82097 3.8989 3.98545 4.05551 4.13961 4.05202 4.08063 4.13663 4.17891 4.1832 4.22536 4.25091 4.27391 4.30016 4.32513 4.3449 4.37553 4.40398 4.43111 4.46455 4.49057 4.52199 4.55195 4.58364 4.62191 4.65712 4.69483 4.73261 4.77047 4.80893 4.8468 4.88477 4.92866 4.96313 5.00205 5.04048 5.07865 5.11688 5.15286 5.18619 5.22163 5.25594 5.28834 5.3208 5.35312 5.38406 5.41201 5.43694 5.46037 5.48368 5.50539 5.53009 5.55346 5.5864 5.60533 5.63648 
1.5 1.5 1.5 1.5 1.5 1.5 1.5 1.5 1.5 1.5 2 1.32064 1.34666 1.37193 1.39635 1.42031 1.44435 1.46794 1.49097 1.51189 3.60564 3.30527 3.56661 3.6773 3.82404 3.94011 3.92178 3.97153 4.04388 4.25563 4.09731 4.12013 4.17727 4.20314 4.2248 4.25673 4.28051 4.30781 4.32701 4.34894 4.36783 4.39361 4.41918 4.44458 4.47719 4.50423 4.5368 4.56714 4.59938 4.63857 4.67229 4.70971 4.74649 4.78478 4.8234 4.86186 4.90525 4.94291 4.97784 5.01628 5.05533 5.09206 5.13178 5.16569 5.2007 5.23585 5.26958 5.30247 5.33567 5.36796 5.3994 5.42676 5.45097 5.47647 5.49768 5.52125 5.54369 5.56627 5.60267 5.61497 5.64653 
1.5 1.5 1.5 1.5 1.5 1.5 1.5 1.5 1.5 1.5 2 1.30083 1.32582 1.35107 1.37505 1.39858 1.42167 1.44449 1.4672 1.48802 3.9527 3.92852 3.95182 4.03193 4.06313 4.109 4.11783 4.1493 4.18935 4.4478 4.22347 4.23321 4.25281 4.27339 4.29019 4.31183 4.32946 4.34527 4.36194 4.37852 4.39222 4.41053 4.43449 4.46011 4.48799 4.51798 4.54981 4.58077 4.6117 4.64968 4.68337 4.72157 4.75817 4.79559 4.83397 4.87561 4.91422 4.94864 4.98677 5.02521 5.06233 5.10057 5.13593 5.17131 5.2059 5.24011 5.27322 5.31055 5.33748 5.37246 5.3982 5.42363 5.44663 5.47005 5.49257 5.51785 5.54203 5.56557 5.59655 5.61081 5.64064 
1.5 1.5 1.5 1.5 1.5 1.5 1.5 1.5 1.5 1.5 2 1.322 1.34621 1.37142 1.3984 1.42237 1.4463 1.46989 1.49379 1.51645 1.54015 1.5624 4.06722 4.24421 4.10938 4.16091 4.1919 4.23466 4.30045 4.46012 4.27103 4.27321 4.30612 4.33048 4.32991 4.35037 4.36329 4.37808 4.39215 4.40457 4.41399 4.43519 4.45705 4.48281 4.51439 4.54125 4.56208 4.59599 4.62722 4.66392 4.69523 4.73011 4.76491 4.8017 4.83886 4.87297 4.9079 4.94528 4.97908 5.01534 5.05112 5.08553 5.11941 5.15324 5.18575 5.21768 5.2494 5.27989 5.31085 5.34003 5.36866 5.3931 5.41609 5.44025 5.46293 5.4873 5.51156 5.53413 5.55946 5.57901 5.60215 
1.5 1.5 1.5 1.5 1.5 1.5 1.5 1.5 1.5 1.5 2 1.32608 1.3515 1.37807 1.40227 1.42836 1.45252 1.47609 1.50031 1.52408 1.54868 1.57151 1.59475 1.61815 4.17325 4.15201 4.24024 4.28911 4.28771 4.41937 4.30965 4.315 4.3334 4.35912 4.35991 4.37932 4.39161 4.40988 4.42621 4.43762 4.4556 4.47667 4.50037 4.52625 4.55142 4.57421 4.59918 4.62617 4.65374 4.68967 4.71707 4.74923 4.78229 4.81434 4.84549 4.87767 4.90997 4.94272 4.97631 5.00909 5.04106 5.07323 5.10525 5.1365 5.16985 5.19803 5.22786 5.25699 5.28536 5.31235 5.33908 5.36682 5.38542 5.40739 5.42872 5.45283 5.47367 5.49609 5.52054 5.53273 5.56288 
1.5 1.5 1.5 1.5 1.5 1.5 1.5 1.5 1.5 1.5 2 1.33456 1.36025 1.38781 1.41381 1.43868 1.46375 1.48778 1.51252 1.5368 1.56228 1.58562 1.61037 4.21583 4.3306 4.22697 4.26796 4.28903 4.33323 4.44163 4.36766 4.37443 4.39534 4.41594 4.42309 4.44027 4.45786 4.47401 4.49097 4.50833 4.52807 4.54804 4.57015 4.59184 4.61539 4.6374 4.66284 4.68934 4.71678 4.74882 4.77498 4.80287 4.83026 4.85964 4.88947 4.91981 4.95044 4.98027 5.01045 5.04194 5.07002 5.09986 5.1292 5.15862 5.18674 5.21498 5.24266 5.26963 5.29594 5.3208 5.34584 5.36787 5.39016 5.41171 5.43052 5.45488 5.47467 5.49683 5.51558 5.53078 5.5595 
1.5 1.5 1.5 1.5 1.5 1.5 1.5 1.5 1.5 1.5 2 1.349 1.37326 1.39968 1.42895 1.45425 1.47931 1.50418 1.52937 1.55465 1.57953 1.603 4.19018 4.17735 4.1862 4.22561 4.26248 4.30088 4.34575 4.41351 4.38322 4.40761 4.42432 4.44245 4.45954 4.48414 4.50501 4.52768 4.55083 4.56677 4.58621 4.60653 4.62879 4.65152 4.67799 4.70104 4.72689 4.75319 4.77753 4.80505 4.82652 4.85318 4.87972 4.90791 4.93589 4.96166 4.98886 5.01596 5.0431 5.07063 5.09779 5.12471 5.1536 5.17818 5.2046 5.23053 5.25634 5.28073 5.30497 5.32846 5.35181 5.37353 5.3953 5.41742 5.43443 5.45519 5.47717 5.48838 5.50996 5.52867 5.54917 
1.5 1.5 1.5 1.5 1.5 1.5 1.5 1.5 1.5 1.5 2 1.34293 1.36896 1.39747 1.42407 1.44933 1.47422 1.49885 1.52384 1.5486 1.57237 1.59516 4.19483 4.19456 4.20153 4.25408 4.28625 4.32386 4.36193 4.3763 4.39436 4.41695 4.43763 4.46156 4.48251 4.51003 4.5342 4.55576 4.57659 4.59449 4.62064 4.64405 4.66856 4.6931 4.72087 4.74122 4.76437 4.78762 4.81131 4.84017 4.86127 4.8865 4.91076 4.93583 4.96088 4.98559 5.01043 5.03568 5.06045 5.08543 5.11039 5.13527 5.15989 5.18459 5.20855 5.23247 5.25582 5.27801 5.30032 5.32198 5.3435 5.3641 5.38359 5.4018 5.41966 5.43918 5.45798 5.47273 5.49199 5.50788 5.52754 
1.5 1.5 1.5 1.5 1.5 1.5 1.5 1.5 1.5 1.5 2 1.39407 1.41964 1.44799 1.47921 1.50622 1.53316 1.55961 1.5871 1.61337 1.63984 1.66559 1.69731 4.20023 4.2265 4.25508 4.28133 4.28882 4.32241 4.36305 4.3973 4.41543 4.43752 4.46132 4.48389 4.51262 4.53703 4.5621 4.58839 4.61131 4.63915 4.66214 4.68533 4.70871 4.73647 4.75707 4.78019 4.80536 4.82857 4.85544 4.87542 4.89933 4.92234 4.94589 4.96952 4.99256 5.01588 5.03923 5.06209 5.08527 5.10816 5.13115 5.1535 5.17576 5.19735 5.21889 5.23983 5.25999 5.28018 5.29996 5.31966 5.33872 5.35554 5.37262 5.39105 5.40735 5.42413 5.44046 5.45626 5.47343 5.49316 
1.5 1.5 1.5 1.5 1.5 1.5 1.5 1.5 1.5 1.5 2 1.42304 1.45159 1.4828 1.51293 1.54131 1.56936 1.59701 1.62559 1.65336 1.68082 1.70879 1.74366 4.2096 4.26253 4.22926 4.24785 4.30401 4.35115 4.37926 4.39953 4.42328 4.44925 4.47566 4.49842 4.52696 4.55418 4.58211 4.60723 4.62927 4.65622 4.68015 4.70435 4.72861 4.75608 4.77651 4.79993 4.82342 4.84599 4.87239 4.89196 4.91493 4.93894 4.95923 4.98172 5.00346 5.02564 5.04753 5.06903 5.09047 5.11159 5.13248 5.15289 5.17359 5.19343 5.2131 5.23255 5.25354 5.27037 5.28892 5.30717 5.32455 5.34039 5.35717 5.37352 5.38973 5.40449 5.42068 5.43687 5.45265 5.46893 
1.5 1.5 1.5 1.5 1.5 1.5 1.5 1.5 1.5 1.5 2 1.45985 1.49054 1.52206 1.5525 1.5822 1.61197 1.64142 1.67074 1.7 1.72872 1.7579 1.79254 1.81995 1.84504 4.30324 4.29886 4.35308 4.37574 4.39589 4.41978 4.44215 4.46378 4.48582 4.50578 4.53073 4.55472 4.57891 4.60215 4.62303 4.64902 4.67201 4.69493 4.71822 4.74416 4.76389 4.78601 4.80884 4.83248 4.85579 4.87485 4.89686 4.91808 4.93933 4.96089 4.98166 5.00258 5.02325 5.04325 5.06329 5.08353 5.10323 5.12254 5.14198 5.1605 5.17919 5.19741 5.21513 5.23298 5.25026 5.26712 5.28354 5.29874 5.31528 5.32927 5.34609 5.3595 5.37696 5.3912 5.4041 5.41983 
1.5 1.5 1.5 1.5 1.5 1.5 1.5 1.5 1.5 1.5 2 1.49662 1.52879 1.56124 1.59328 1.62425 1.65518 1.68545 1.71676 1.74695 1.77729 1.80755 1.83982 1.87055 1.89969 1.92852 4.3543 4.37946 4.39885 4.41705 4.43888 4.45911 4.47914 4.4995 4.5174 4.54085 4.56185 4.58362 4.60525 4.62733 4.64941 4.67144 4.69341 4.71534 4.74035 4.75917 4.78071 4.80251 4.82332 4.84744 4.86593 4.88687 4.90765 4.92827 4.94893 4.96877 4.98867 5.00824 5.02754 5.04675 5.06586 5.08611 5.10263 5.121 5.13838 5.15606 5.17294 5.18979 5.20636 5.22254 5.23856 5.25381 5.26796 5.28432 5.29715 5.31352 5.32527 5.34406 5.35537 5.36838 5.38223 
1.5 1.5 1.5 1.5 1.5 1.5 1.5 1.5 1.5 1.5 2 1.53488 1.56868 1.60192 1.63443 1.66719 1.69976 1.73169 1.76378 1.79545 1.82731 1.85876 1.88695 1.92112 4.38022 4.39609 4.4151 4.43489 4.4526 4.47046 4.48953 4.50798 4.52663 4.54542 4.5621 4.58475 4.60502 4.62545 4.64585 4.66625 4.68707 4.70785 4.72871 4.7493 4.77257 4.79072 4.81103 4.83161 4.85163 4.87403 4.89177 4.91149 4.93113 4.95076 4.97011 4.98885 5.00781 5.02622 5.04454 5.06272 5.08069 5.09829 5.11554 5.13284 5.14948 5.16634 5.1825 5.19872 5.21455 5.23007 5.2452 5.25982 5.27398 5.28916 5.30234 5.31764 5.32973 5.34728 5.35732 5.3712 5.38303 
1.5 1.5 1.5 1.5 1.5 1.5 1.5 1.5 1.5 1.5 2 1.56856 1.60365 1.63822 1.67233 1.70635 1.74003 1.77383 1.80706 1.84039 1.87338 1.90643 1.93626 4.41968 4.43528 4.4496 4.46612 4.48558 4.50139 4.51705 4.53416 4.55113 4.56844 4.58553 4.60191 4.62192 4.64018 4.65864 4.67758 4.69436 4.71492 4.73372 4.75309 4.77199 4.79331 4.81028 4.82939 4.84813 4.86672 4.88707 4.90383 4.92197 4.94019 4.95867 4.97734 4.99454 5.01231 5.02954 5.04694 5.06413 5.08087 5.09764 5.11411 5.13043 5.14631 5.16243 5.17808 5.19342 5.20861 5.22357 5.23822 5.25238 5.26669 5.28062 5.29414 5.30841 5.32135 5.33671 5.34778 5.36122 5.37128 
1.5 1.5 1.5 1.5 1.5 1.5 1.5 1.5 1.5 1.5 2 1.6017 1.63806 1.67394 1.7093 1.74481 1.78004 1.81515 1.84978 1.88549 1.91891 1.95341 1.98594 2.01863 2.05554 4.47359 4.48699 4.50621 4.5199 4.53422 4.54972 4.56478 4.58 4.59498 4.60888 4.62576 4.64201 4.65855 4.67519 4.69057 4.70891 4.72558 4.74282 4.75988 4.77906 4.79439 4.81167 4.82877 4.84572 4.8642 4.87988 4.89667 4.91409 4.93062 4.94717 4.96383 4.9801 4.99617 5.01249 5.02869 5.04436 5.06012 5.07559 5.09102 5.10628 5.12156 5.13649 5.15116 5.16564 5.18005 5.19423 5.20786 5.222 5.23512 5.24834 5.2621 5.27497 5.28859 5.3013 5.31412 5.32425 
1.5 1.5 1.5 1.5 1.5 1.5 1.5 1.5 1.5 1.5 2 1.63166 1.66916 1.70628 1.74318 1.78025 1.81697 1.85389 1.88985 1.92596 1.96209 1.99789 2.03285 2.0691 2.10732 2.14191 4.51647 4.53321 4.5457 4.55903 4.57245 4.58616 4.59962 4.61298 4.6258 4.64079 4.65463 4.66968 4.68443 4.69859 4.71451 4.72921 4.74464 4.7597 4.7764 4.79076 4.80627 4.82174 4.83735 4.85393 4.86845 4.88392 4.89929 4.91479 4.92974 4.94527 4.96038 4.97532 4.99057 5.00562 5.02052 5.03529 5.05007 5.06454 5.07899 5.09337 5.1076 5.12166 5.13549 5.1493 5.16302 5.17627 5.18964 5.20281 5.21548 5.229 5.24124 5.25413 5.26737 5.27951 5.28916 
1.5 1.5 1.5 1.5 1.5 1.5 1.5 1.5 1.5 1.5 2 1.6594 1.69832 1.7366 1.77516 1.81373 1.85178 1.88954 1.92771 1.96506 2.00268 2.0399 2.07672 2.11531 2.1549 2.19168 4.55069 4.56497 4.57649 4.58833 4.60102 4.61348 4.62586 4.63815 4.65049 4.66347 4.67628 4.68977 4.70299 4.71598 4.73022 4.74346 4.7573 4.77103 4.7856 4.79901 4.81323 4.82738 4.84154 4.8561 4.86953 4.88377 4.89775 4.91178 4.92558 4.93982 4.95375 4.96757 4.98186 4.99587 5.00964 5.02354 5.03737 5.05098 5.06445 5.07792 5.0914 5.10471 5.11797 5.13123 5.14433 5.15723 5.1699 5.18288 5.19535 5.20818 5.22014 5.23216 5.24616 5.25813 5.26775 
1.5 1.5 1.5 1.5 1.5 1.5 1.5 1.5 1.5 1.5 2 1.68491 1.72488 1.76456 1.80389 1.84342 1.88248 1.92186 1.96043 1.99927 2.03801 2.07655 2.11457 2.15398 2.19063 2.22858 2.26765 4.57687 4.58978 4.60068 4.61266 4.62417 4.63577 4.64742 4.65851 4.67062 4.68244 4.69438 4.70642 4.71873 4.73186 4.74416 4.75687 4.7696 4.78232 4.79496 4.80789 4.8207 4.83364 4.84658 4.85904 4.87224 4.88524 4.89825 4.91104 4.92412 4.93695 4.94978 4.96276 4.97563 4.98827 5.00112 5.01391 5.02655 5.03927 5.05187 5.06461 5.07727 5.08985 5.10239 5.1148 5.12726 5.13942 5.15175 5.16385 5.17617 5.18843 5.19914 5.21428 5.22522 5.23509 
1.5 1.5 1.5 1.5 1.5 1.5 1.5 1.5 1.5 1.5 2 1.70787 1.74889 1.78949 1.82968 1.87019 1.91054 1.95066 1.9905 2.03099 2.07029 2.10974 2.14893 2.18691 2.22436 2.26331 2.30453 4.59743 4.60954 4.62217 4.63236 4.64333 4.65426 4.66536 4.67606 4.68715 4.69836 4.70962 4.72096 4.73257 4.74424 4.75572 4.76723 4.77899 4.79029 4.80199 4.81384 4.82567 4.83748 4.84942 4.86116 4.87331 4.88518 4.89695 4.90869 4.9205 4.93219 4.94397 4.95594 4.9678 4.97979 4.99164 5.00353 5.01548 5.02724 5.03914 5.05117 5.06295 5.07481 5.08676 5.09863 5.11049 5.1224 5.13434 5.14601 5.15787 5.17023 5.17997 5.19555 5.2062 5.21649 
1.5 1.5 1.5 1.5 1.5 1.5 1.5 1.5 1.5 1.5 2 1.72905 1.77107 1.81266 1.85484 1.89565 1.93715 1.97846 2.01948 2.06027 2.10134 2.14214 2.18265 2.22187 2.26042 4.61835 4.62953 4.63811 4.64972 4.66054 4.67133 4.68177 4.69219 4.70275 4.71354 4.72392 4.73465 4.74528 4.75586 4.76687 4.77745 4.78831 4.7989 4.8098 4.82025 4.83135 4.84233 4.85338 4.86431 4.87501 4.88608 4.89728 4.90826 4.91913 4.93014 4.94101 4.95185 4.96296 4.97407 4.98512 4.99632 5.00723 5.01831 5.0295 5.04061 5.05177 5.06302 5.07406 5.08522 5.09656 5.10786 5.11919 5.13078 5.14224 5.15342 5.16486 5.1769 5.18634 5.20082 5.21176 5.22247 
1.5 1.5 1.5 1.5 1.5 1.5 1.5 1.5 1.5 1.5 2 1.74763 1.79028 1.83281 1.87601 1.91752 1.95999 2.00243 2.04471 2.0864 2.12851 2.1703 2.21198 2.25285 2.29339 2.33452 4.63 4.63849 4.64964 4.66034 4.6708 4.68111 4.69137 4.70182 4.71202 4.72225 4.73248 4.74249 4.75272 4.76329 4.77313 4.78371 4.79377 4.80424 4.81384 4.8244 4.83485 4.84504 4.8551 4.86488 4.87543 4.88572 4.89607 4.90634 4.91675 4.92685 4.93699 4.94732 4.95768 4.96794 4.97835 4.98853 4.99886 5.00927 5.01984 5.03044 5.04096 5.05155 5.06208 5.07287 5.08363 5.09455 5.10555 5.11662 5.12748 5.13857 5.15029 5.16016 5.17231 5.18445 5.19528 
1.5 1.5 1.5 1.5 1.5 1.5 1.5 1.5 1.5 1.5 2 1.76454 1.80807 1.85148 1.89462 1.93821 1.98159 2.02504 2.06833 2.11105 2.15439 2.1974 2.2401 2.28266 2.32567 2.36832 2.41034 2.45733 4.63408 4.64468 4.6553 4.66575 4.67606 4.68629 4.69706 4.70655 4.71661 4.72669 4.73662 4.74672 4.75576 4.76587 4.77539 4.78532 4.79461 4.80471 4.81433 4.82428 4.83395 4.84306 4.85314 4.86267 4.8722 4.88168 4.89126 4.90081 4.91026 4.91997 4.92972 4.93943 4.94928 4.95898 4.96867 4.97856 4.98846 4.99844 5.00842 5.01847 5.02862 5.03892 5.04943 5.06009 5.07078 5.08134 5.09236 5.10292 5.11446 5.12473 5.13531 5.14814 5.15933 
1.5 1.5 1.5 1.5 1.5 1.5 1.5 1.5 1.5 1.5 2 1.77971 1.82382 1.86813 1.91231 1.95668 2.00083 2.04509 2.0888 2.13273 2.17717 2.22089 2.2647 2.30828 2.35235 2.39622 2.44022 2.48494 2.52576 4.63778 4.64826 4.6586 4.66887 4.67894 4.6895 4.6991 4.70899 4.71881 4.7289 4.73896 4.74795 4.75791 4.76711 4.77658 4.78537 4.79515 4.80436 4.81353 4.82273 4.83147 4.84123 4.85022 4.85941 4.86848 4.8776 4.88662 4.89564 4.90468 4.91379 4.923 4.93226 4.94149 4.95082 4.96022 4.96983 4.97953 4.98914 4.99886 5.00865 5.01861 5.02879 5.03918 5.0497 5.06007 5.07087 5.0813 5.09243 5.10312 5.11281 5.1254 5.13731 
1.5 1.5 1.5 1.5 1.5 1.5 1.5 1.5 1.5 1.5 2 1.79361 1.83847 1.88354 1.92837 1.97359 2.01843 2.06323 2.10814 2.1534 2.19777 2.24253 2.28715 2.33168 2.3759 2.42147 2.46684 2.51003 4.64132 4.65136 4.66177 4.67213 4.68251 4.69267 4.70329 4.71275 4.72263 4.73253 4.74233 4.75253 4.7613 4.77096 4.78004 4.78911 4.79764 4.8073 4.81627 4.82505 4.834 4.84239 4.85196 4.86053 4.86944 4.87807 4.88673 4.89541 4.9041 4.91285 4.92151 4.93022 4.93922 4.94822 4.95726 4.96638 4.97569 4.98499 4.99436 5.00379 5.01342 5.02306 5.03301 5.04321 5.0535 5.06377 5.07431 5.08486 5.09548 5.10652 5.11591 5.12756 5.14023 
1.5 1.5 1.5 1.5 1.5 1.5 1.5 1.5 1.5 1.5 2 1.80636 1.85202 1.89762 1.94316 1.98893 2.03436 2.07995 2.12531 2.17126 2.21636 2.26173 2.30705 2.35242 2.39732 2.44176 2.48744 2.53107 4.6401 4.65036 4.66087 4.67135 4.68179 4.69199 4.70261 4.71211 4.72204 4.73193 4.74174 4.75188 4.76072 4.77018 4.77923 4.78841 4.79685 4.80642 4.81506 4.82372 4.83252 4.84044 4.8498 4.85816 4.86673 4.87512 4.88356 4.89207 4.90062 4.90908 4.91757 4.92615 4.93488 4.94361 4.95239 4.96134 4.9704 4.97959 4.98879 4.99829 5.00782 5.01744 5.02719 5.03737 5.04755 5.05784 5.06829 5.07888 5.08915 5.1005 5.11003 5.12076 5.13371 
1.5 1.5 1.5 1.5 1.5 1.5 1.5 1.5 1.5 1.5 2 1.81822 1.86448 1.91063 1.95701 2.00303 2.04917 2.09534 2.14146 2.18754 2.23386 2.27991 2.32576 2.37183 2.418 2.46302 2.50745 2.55185 4.63751 4.6479 4.65825 4.66841 4.67866 4.68886 4.69975 4.709 4.71882 4.72859 4.73823 4.74867 4.75773 4.76723 4.77654 4.78574 4.79395 4.80349 4.81206 4.82044 4.82888 4.83673 4.84603 4.85437 4.86295 4.87148 4.87991 4.88845 4.89694 4.90531 4.91363 4.92202 4.93057 4.93925 4.94795 4.95697 4.96602 4.97521 4.98446 4.99402 5.00369 5.01322 5.02307 5.03314 5.04331 5.05363 5.06413 5.07465 5.08507 5.09629 5.10634 5.11651 5.12895 
1.5 1.5 1.5 1.5 1.5 1.5 1.5 1.5 1.5 1.5 2 1.82919 1.87597 1.92282 1.96936 2.01639 2.06328 2.1101 2.15688 2.20376 2.25039 2.2974 2.34405 2.39098 2.43751 2.48403 2.52974 2.57563 4.63297 4.64293 4.65325 4.66299 4.67329 4.68357 4.69423 4.70383 4.71393 4.72388 4.73403 4.74365 4.75207 4.76104 4.77044 4.77964 4.78833 4.798 4.80704 4.81575 4.82469 4.83249 4.84185 4.85003 4.85809 4.86628 4.87453 4.88312 4.89185 4.90059 4.90927 4.9181 4.92698 4.93592 4.94476 4.95366 4.96275 4.97178 4.98115 4.99067 5.00043 5.01028 5.02023 5.03046 5.04086 5.05119 5.06179 5.0723 5.08289 5.09377 5.10444 5.11433 5.12593 
1.5 1.5 1.5 1.5 1.5 1.5 1.5 1.5 1.5 1.5 2 1.83957 1.8868 1.93436 1.98149 2.02912 2.07671 2.12415 2.17211 2.21928 2.26679 2.31439 2.36188 2.40953 2.45701 2.50447 2.55152 2.59864 2.65059 4.62201 4.63283 4.64272 4.65326 4.66362 4.67431 4.68387 4.69388 4.70374 4.71332 4.7237 4.73249 4.74193 4.75172 4.76104 4.76953 4.77929 4.78824 4.79695 4.80559 4.81375 4.82318 4.83177 4.84038 4.84934 4.85819 4.8671 4.87605 4.88496 4.89377 4.9026 4.91148 4.92058 4.9298 4.93899 4.94846 4.95802 4.96766 4.97757 4.98755 4.99749 5.00755 5.01786 5.02827 5.03867 5.04947 5.05993 5.07063 5.08152 5.0925 5.1024 5.11322 
1.5 1.5 1.5 1.5 1.5 1.5 1.5 1.5 1.5 1.5 2 1.84886 1.89693 1.94456 1.99241 2.04074 2.08871 2.13689 2.18482 2.23283 2.28172 2.32986 2.37813 2.42649 2.47481 2.52326 2.5715 2.6198 2.67099 2.71923 2.76844 4.60897 4.61944 4.62971 4.64044 4.65009 4.66018 4.67027 4.68019 4.69051 4.70013 4.70991 4.7193 4.72842 4.73704 4.74667 4.75598 4.76531 4.77448 4.78308 4.7928 4.80211 4.81139 4.82061 4.82976 4.83882 4.84774 4.85697 4.8662 4.87549 4.88489 4.89452 4.90412 4.91389 4.92382 4.93367 4.94373 4.95367 4.96385 4.97396 4.98422 4.99463 5.00527 5.0159 5.02675 5.03731 5.04827 5.05913 5.07017 5.08038 5.09058 
1.5 1.5 1.5 1.5 1.5 1.5 1.5 1.5 1.5 1.5 2 1.85699 1.90508 1.95352 2.00226 2.05055 2.09898 2.14772 2.19611 2.24526 2.29352 2.34278 2.39148 2.44037 2.48909 2.53812 2.58704 2.63586 2.68607 2.73567 2.78479 4.59981 4.61007 4.62029 4.63081 4.64048 4.65062 4.66064 4.67065 4.68113 4.69056 4.7001 4.7095 4.71904 4.72829 4.73825 4.74807 4.75775 4.76722 4.77602 4.78597 4.79551 4.80491 4.81422 4.82361 4.83315 4.84271 4.85256 4.86243 4.87235 4.88216 4.89213 4.90207 4.91211 4.92226 4.93233 4.94254 4.95288 4.9632 4.97372 4.98428 4.99504 5.00581 5.01665 5.02758 5.03829 5.04922 5.06027 5.0712 5.08196 5.09183 
1.5 1.5 1.5 1.5 1.5 1.5 1.5 1.5 1.5 1.5 2 1.86411 1.91278 1.96161 2.01064 2.05929 2.10821 2.15719 2.20631 2.25536 2.30464 2.35361 2.40278 2.45201 2.50191 2.55066 2.59998 2.64922 2.69804 4.59402 4.60371 4.61408 4.62392 4.63397 4.64474 4.654 4.66395 4.67382 4.68354 4.69389 4.70385 4.71387 4.72395 4.7338 4.74274 4.75289 4.76251 4.77206 4.78157 4.7906 4.80082 4.81089 4.82111 4.83136 4.84162 4.85179 4.8618 4.87188 4.88203 4.89208 4.90211 4.91231 4.9227 4.93317 4.94375 4.9545 4.96524 4.97594 4.98662 4.99733 5.00802 5.01889 5.0297 5.0407 5.05172 5.06263 5.07365 5.08487 5.09579 5.10694 5.11692 
1.5 1.5 1.5 1.5 1.5 1.5 1.5 1.5 1.5 1.5 2 1.86924 1.91826 1.96736 2.01628 2.06549 2.11481 2.16399 2.21353 2.26266 2.31205 2.36146 2.41103 2.46062 2.51017 2.55996 2.60969 2.65929 2.70703 4.58387 4.59398 4.60465 4.61442 4.62451 4.63461 4.64479 4.655 4.66514 4.67529 4.68546 4.69521 4.70505 4.71509 4.725 4.73471 4.7451 4.7552 4.76546 4.77572 4.78522 4.79574 4.80596 4.81617 4.82648 4.83691 4.84739 4.85787 4.8684 4.87905 4.8898 4.90044 4.91106 4.92183 4.93257 4.94324 4.95404 4.96488 4.97583 4.98669 4.99764 5.00861 5.0197 5.0308 5.04191 5.05293 5.06412 5.07507 5.0864 5.0973 5.10859 5.11899 
1.5 1.5 1.5 1.5 1.5 1.5 1.5 1.5 1.5 1.5 2 1.87365 1.92301 1.97218 2.02125 2.07087 2.12022 2.1699 2.21933 2.26878 2.31863 2.36815 2.418 2.46787 2.51761 2.56755 2.61756 2.66744 2.71625 2.76673 4.57441 4.58551 4.59543 4.60566 4.61636 4.62601 4.63613 4.64638 4.65658 4.66712 4.67681 4.68679 4.69682 4.70681 4.71668 4.72724 4.73752 4.74784 4.75834 4.76874 4.77955 4.79015 4.80073 4.81134 4.82205 4.83266 4.84339 4.8542 4.86504 4.87595 4.88696 4.89812 4.90918 4.92023 4.93126 4.94229 4.95331 4.96434 4.97545 4.98649 4.99755 5.00883 5.02003 5.03131 5.04251 5.0539 5.06489 5.07622 5.08744 5.09878 5.10984 
1.5 1.5 1.5 1.5 1.5 1.5 1.5 1.5 1.5 1.5 2 1.8774 1.92687 1.97618 2.02582 2.07512 2.12471 2.17453 2.22408 2.27388 2.32381 2.37368 2.42359 2.47368 2.52352 2.57376 2.62381 2.67389 2.72356 2.77394 2.824 4.56848 4.57854 4.58878 4.59946 4.60924 4.61947 4.62971 4.63994 4.65055 4.66033 4.67053 4.68053 4.69102 4.70121 4.71198 4.72256 4.7331 4.74371 4.75423 4.76539 4.77608 4.78687 4.79753 4.80828 4.81931 4.83026 4.84139 4.85245 4.86355 4.87482 4.88605 4.8972 4.90832 4.91938 4.93053 4.9416 4.95282 4.96395 4.97518 4.98642 4.9977 5.00888 5.02034 5.03142 5.04289 5.05414 5.06524 5.07664 5.0881 5.09975 
1.5 1.5 1.5 1.5 1.5 1.5 1.5 1.5 1.5 1.5 2 1.88074 1.93034 1.97984 2.02977 2.07936 2.1293 2.1791 2.22908 2.27926 2.32939 2.37966 2.42982 2.48002 2.53041 2.58068 2.63109 2.68157 2.73199 2.78272 2.83338 2.88443 4.55576 4.56604 4.57581 4.58644 4.59657 4.60679 4.61711 4.62761 4.63784 4.6484 4.65905 4.66977 4.68028 4.69151 4.70237 4.71337 4.72449 4.73554 4.74706 4.7583 4.76975 4.78124 4.79285 4.8044 4.81604 4.82774 4.83926 4.85085 4.86244 4.87393 4.88537 4.89694 4.90842 4.91989 4.93136 4.94273 4.95421 4.96556 4.9769 4.9882 4.99961 5.01092 5.02225 5.03369 5.04511 5.05586 5.06767 5.07898 5.09068 
