5
s 30 2 30
r 20 0.01 6 4.72854 0.01
r 22 0.01 6 4.27033 0.01
r 24 0.01 6 3.81647 0.01
r 26 0.01 6 3.41101 0.01
r 28 0.01 6 2.84752 0.01
r 32 0.01 6 2.80182 0.01
r 34 0.01 6 3.21582 0.01
r 36 0.01 6 3.72714 0.01
r 38 0.01 6 4.23618 0.01
r 40 0.01 6 4.78097 0.01
r 42 0.01 6 5.3001 0.01
r 44 0.01 6 5.78354 0.01
r 46 0.01 6 6.20049 0.01
r 48 0.01 6 6.63162 0.01
r 50 0.01 6 7.14602 0.01
r 52 0.01 6 7.66898 0.01
r 54 0.01 6 8.19107 0.01
r 56 0.01 6 8.67492 0.01
r 58 0.01 6 9.12763 0.01
r 60 0.01 6 9.56706 0.01
r 62 0.01 6 9.99686 0.01
r 64 0.01 6 10.4649 0.01
r 66 0.01 6 10.9452 0.01
r 68 0.01 6 11.3911 0.01
r 70 0.01 6 11.8054 0.01
r 72 0.01 6 12.2441 0.01
r 74 0.01 6 12.6791 0.01
r 76 0.01 6 13.0673 0.01
r 78 0.01 6 13.4659 0.01
r 80 0.01 6 13.8675 0.01
s 40 2 30
r 20 0.01 6 7.05583 0.01
r 22 0.01 6 6.60116 0.01
r 24 0.01 6 6.17732 0.01
r 26 0.01 6 5.92055 0.01
r 28 0.01 6 5.31656 0.01
r 30 0.01 6 4.78079 0.01
r 32 0.01 6 4.27698 0.01
r 34 0.01 6 3.77583 0.01
r 36 0.01 6 3.32843 0.01
r 38 0.01 6 2.94265 0.01
r 42 0.01 6 3.04298 0.01
r 44 0.01 6 3.62771 0.01
r 46 0.01 6 4.03551 0.01
r 48 0.01 6 4.51122 0.01
r 50 0.01 6 4.94108 0.01
r 52 0.01 6 5.50354 0.01
r 54 0.01 6 6.0533 0.01
r 56 0.01 6 6.59089 0.01
r 58 0.01 6 7.07775 0.01
r 60 0.01 6 7.51935 0.01
r 62 0.01 6 7.95097 0.01
r 64 0.01 6 8.42204 0.01
r 66 0.01 6 8.90275 0.01
r 68 0.01 6 9.34574 0.01
r 70 0.01 6 9.76192 0.01
r 72 0.01 6 10.2085 0.01
r 74 0.01 6 10.6696 0.01
r 76 0.01 6 11.1358 0.01
r 78 0.01 6 11.5864 0.01
r 80 0.01 6 12.0018 0.01
s 50 2 30
r 20 0.01 6 9.28397 0.01
r 22 0.01 6 8.86066 0.01
r 24 0.01 6 8.45822 0.01
r 26 0.01 6 8.08953 0.01
r 28 0.01 6 7.65246 0.01
r 30 0.01 6 7.16987 0.01
r 32 0.01 6 6.70157 0.01
r 34 0.01 6 6.24056 0.01
r 36 0.01 6 5.8151 0.01
r 38 0.01 6 5.4082 0.01
r 40 0.01 6 4.9998 0.01
r 42 0.01 6 4.43434 0.01
r 44 0.01 6 3.8919 0.01
r 46 0.01 6 3.40464 0.01
r 48 0.01 6 3.14261 0.01
r 52 0.01 6 3.12787 0.01
r 54 0.01 6 3.56993 0.01
r 56 0.01 6 4.08941 0.01
r 58 0.01 6 4.68143 0.01
r 60 0.01 6 5.25521 0.01
r 62 0.01 6 5.76836 0.01
r 64 0.01 6 6.26551 0.01
r 66 0.01 6 6.7811 0.01
r 68 0.01 6 7.21758 0.01
r 70 0.01 6 7.6242 0.01
r 72 0.01 6 8.06976 0.01
r 74 0.01 6 8.53477 0.01
r 76 0.01 6 8.9855 0.01
r 78 0.01 6 9.4578 0.01
r 80 0.01 6 9.94639 0.01
s 60 2 30
r 20 0.01 6 11.6307 0.01
r 22 0.01 6 11.2101 0.01
r 24 0.01 6 10.8126 0.01
r 26 0.01 6 10.4482 0.01
r 28 0.01 6 10.0249 0.01
r 30 0.01 6 9.55737 0.01
r 32 0.01 6 9.12043 0.01
r 34 0.01 6 8.69597 0.01
r 36 0.01 6 8.30577 0.01
r 38 0.01 6 7.9158 0.01
r 40 0.01 6 7.54135 0.01
r 42 0.01 6 7.12943 0.01
r 44 0.01 6 6.68878 0.01
r 46 0.01 6 6.29356 0.01
r 48 0.01 6 5.95174 0.01
r 50 0.01 6 5.21106 0.01
r 52 0.01 6 4.6669 0.01
r 54 0.01 6 4.05622 0.01
r 56 0.01 6 3.47953 0.01
r 58 0.01 6 3.09823 0.01
r 62 0.01 6 3.15164 0.01
r 64 0.01 6 3.61545 0.01
r 66 0.01 6 4.17209 0.01
r 68 0.01 6 4.74096 0.01
r 70 0.01 6 5.19521 0.01
r 72 0.01 6 5.74232 0.01
r 74 0.01 6 6.16578 0.01
r 76 0.01 6 6.62341 0.01
r 78 0.01 6 7.06555 0.01
r 80 0.01 6 7.51829 0.01
s 70 2 30
r 20 0.01 6 13.7611 0.01
r 22 0.01 6 13.3825 0.01
r 24 0.01 6 13.0127 0.01
r 26 0.01 6 12.6586 0.01
r 28 0.01 6 12.2546 0.01
r 30 0.01 6 11.7939 0.01
r 32 0.01 6 11.3539 0.01
r 34 0.01 6 10.9304 0.01
r 36 0.01 6 10.5396 0.01
r 38 0.01 6 10.1581 0.01
r 40 0.01 6 9.78293 0.01
r 42 0.01 6 9.36794 0.01
r 44 0.01 6 8.9403 0.01
r 46 0.01 6 8.54961 0.01
r 48 0.01 6 8.09757 0.01
r 50 0.01 6 7.60818 0.01
r 52 0.01 6 7.09933 0.01
r 54 0.01 6 6.60882 0.01
r 56 0.01 6 6.08217 0.01
r 58 0.01 6 5.62403 0.01
r 60 0.01 6 5.20169 0.01
r 62 0.01 6 4.6711 0.01
r 64 0.01 6 4.1728 0.01
r 66 0.01 6 3.67654 0.01
r 68 0.01 6 3.34055 0.01
r 72 0.01 6 3.36974 0.01
r 74 0.01 6 3.76482 0.01
r 76 0.01 6 4.2824 0.01
r 78 0.01 6 4.7247 0.01
r 80 0.01 6 5.23044 0.01
