5
s 30 2 30
r 20 0.01 6 4.56945 0.01
r 22 0.01 6 4.13411 0.01
r 24 0.01 6 3.72374 0.01
r 26 0.01 6 3.36696 0.01
r 28 0.01 6 2.84297 0.01
r 32 0.01 6 2.79453 0.01
r 34 0.01 6 3.19293 0.01
r 36 0.01 6 3.65023 0.01
r 38 0.01 6 4.11355 0.01
r 40 0.01 6 4.62587 0.01
r 42 0.01 6 5.14183 0.01
r 44 0.01 6 5.60804 0.01
r 46 0.01 6 5.99353 0.01
r 48 0.01 6 6.38582 0.01
r 50 0.01 6 6.82979 0.01
r 52 0.01 6 7.27101 0.01
r 54 0.01 6 7.71866 0.01
r 56 0.01 6 8.12563 0.01
r 58 0.01 6 8.53339 0.01
r 60 0.01 6 8.9088 0.01
r 62 0.01 6 9.31904 0.01
r 64 0.01 6 9.78563 0.01
r 66 0.01 6 10.2524 0.01
r 68 0.01 6 10.6478 0.01
r 70 0.01 6 11.0217 0.01
r 72 0.01 6 11.4223 0.01
r 74 0.01 6 11.8374 0.01
r 76 0.01 6 12.1978 0.01
r 78 0.01 6 12.5938 0.01
r 80 0.01 6 12.9965 0.01
s 40 2 30
r 20 0.01 6 6.67364 0.01
r 22 0.01 6 6.25294 0.01
r 24 0.01 6 5.86125 0.01
r 26 0.01 6 5.51954 0.01
r 28 0.01 6 5.11406 0.01
r 30 0.01 6 4.63347 0.01
r 32 0.01 6 4.17858 0.01
r 34 0.01 6 3.72698 0.01
r 36 0.01 6 3.31564 0.01
r 38 0.01 6 2.94254 0.01
r 42 0.01 6 3.04488 0.01
r 44 0.01 6 3.63736 0.01
r 46 0.01 6 4.06179 0.01
r 48 0.01 6 4.3637 0.01
r 50 0.01 6 4.78313 0.01
r 52 0.01 6 5.25597 0.01
r 54 0.01 6 5.7326 0.01
r 56 0.01 6 6.16501 0.01
r 58 0.01 6 6.59681 0.01
r 60 0.01 6 6.98559 0.01
r 62 0.01 6 7.40929 0.01
r 64 0.01 6 7.89494 0.01
r 66 0.01 6 8.39161 0.01
r 68 0.01 6 8.79436 0.01
r 70 0.01 6 9.17681 0.01
r 72 0.01 6 9.58844 0.01
r 74 0.01 6 10.0217 0.01
r 76 0.01 6 10.4284 0.01
r 78 0.01 6 10.8621 0.01
r 80 0.01 6 11.2865 0.01
s 50 2 30
r 20 0.01 6 8.7365 0.01
r 22 0.01 6 8.34005 0.01
r 24 0.01 6 7.96839 0.01
r 26 0.01 6 7.64284 0.01
r 28 0.01 6 7.26817 0.01
r 30 0.01 6 6.82921 0.01
r 32 0.01 6 6.41302 0.01
r 34 0.01 6 5.99692 0.01
r 36 0.01 6 5.60213 0.01
r 38 0.01 6 5.21162 0.01
r 40 0.01 6 4.80654 0.01
r 42 0.01 6 4.29565 0.01
r 44 0.01 6 3.79239 0.01
r 46 0.01 6 3.3854 0.01
r 48 0.01 6 3.03973 0.01
r 52 0.01 6 3.1247 0.01
r 54 0.01 6 3.66509 0.01
r 56 0.01 6 4.04773 0.01
r 58 0.01 6 4.49537 0.01
r 60 0.01 6 4.83353 0.01
r 62 0.01 6 5.26384 0.01
r 64 0.01 6 5.76078 0.01
r 66 0.01 6 6.2632 0.01
r 68 0.01 6 6.70104 0.01
r 70 0.01 6 7.09123 0.01
r 72 0.01 6 7.51274 0.01
r 74 0.01 6 7.95929 0.01
r 76 0.01 6 8.38487 0.01
r 78 0.01 6 8.8328 0.01
r 80 0.01 6 9.27746 0.01
s 60 2 30
r 20 0.01 6 10.7484 0.01
r 22 0.01 6 10.3606 0.01
r 24 0.01 6 9.9994 0.01
r 26 0.01 6 9.68224 0.01
r 28 0.01 6 9.32082 0.01
r 30 0.01 6 8.90641 0.01
r 32 0.01 6 8.50981 0.01
r 34 0.01 6 8.12018 0.01
r 36 0.01 6 7.74879 0.01
r 38 0.01 6 7.38082 0.01
r 40 0.01 6 6.99474 0.01
r 42 0.01 6 6.51695 0.01
r 44 0.01 6 6.20536 0.01
r 46 0.01 6 5.8109 0.01
r 48 0.01 6 5.34518 0.01
r 50 0.01 6 4.86396 0.01
r 52 0.01 6 4.42483 0.01
r 54 0.01 6 4.02945 0.01
r 56 0.01 6 3.46656 0.01
r 58 0.01 6 3.0791 0.01
r 62 0.01 6 3.15361 0.01
r 64 0.01 6 3.60358 0.01
r 66 0.01 6 4.12599 0.01
r 68 0.01 6 4.73774 0.01
r 70 0.01 6 5.08238 0.01
r 72 0.01 6 5.71092 0.01
r 74 0.01 6 6.19681 0.01
r 76 0.01 6 6.53004 0.01
r 78 0.01 6 7.01352 0.01
r 80 0.01 6 7.22222 0.01
s 70 2 30
r 20 0.01 6 12.7951 0.01
r 22 0.01 6 12.4247 0.01
r 24 0.01 6 12.078 0.01
r 26 0.01 6 11.7717 0.01
r 28 0.01 6 11.4249 0.01
r 30 0.01 6 11.0183 0.01
r 32 0.01 6 10.634 0.01
r 34 0.01 6 10.2609 0.01
r 36 0.01 6 9.90515 0.01
r 38 0.01 6 9.55623 0.01
r 40 0.01 6 9.18787 0.01
r 42 0.01 6 8.7362 0.01
r 44 0.01 6 8.27558 0.01
r 46 0.01 6 7.87245 0.01
r 48 0.01 6 7.48605 0.01
r 50 0.01 6 7.10115 0.01
r 52 0.01 6 6.6753 0.01
r 54 0.01 6 6.4422 0.01
r 56 0.01 6 5.96685 0.01
r 58 0.01 6 5.4535 0.01
r 60 0.01 6 5.165 0.01
r 62 0.01 6 4.7423 0.01
r 64 0.01 6 4.14035 0.01
r 66 0.01 6 3.67686 0.01
r 68 0.01 6 3.34533 0.01
r 72 0.01 6 3.38069 0.01
r 74 0.01 6 3.91264 0.01
r 76 0.01 6 4.23972 0.01
r 78 0.01 6 4.69344 0.01
r 80 0.01 6 5.133 0.01
