63 81 1.5 0.33
0 2 4 6 8 10 12 14 16 18 20 22 24 26 28 30 32 34 36 38 40 42 44 46 48 50 52 54 56 58 60 62 64 66 68 70 72 74 76 78 80 82 84 86 88 90 92 94 96 98 100 102 104 106 108 110 112 114 116 118 120 122 124 
0 0 0 0 0 0 0 0 0 0 0 0 0 0 0 0 0 0 0 0 0 0 0 0 0 0 0 0 0 0 0 0 0 0 0 0 0 0 0 0 0 0 0 0 0 0 0 0 0 0 0 0 0 0 0 0 0 0 0 0 0 0 0 
0 0.2 0.4 0.6 0.8 1 1.2 1.4 1.6 1.8 2 2.2 2.4 2.6 2.8 3 3.2 3.4 3.6 3.8 4 4.2 4.4 4.6 4.8 5 5.2 5.4 5.6 5.8 6 6.2 6.4 6.6 6.8 7 7.2 7.4 7.6 7.8 8 8.2 8.4 8.6 8.8 9 9.2 9.4 9.6 9.8 10 10.2 10.4 10.6 10.8 11 11.2 11.4 11.6 11.8 12 12.2 12.4 12.6 12.8 13 13.2 13.4 13.6 13.8 14 14.2 14.4 14.6 14.8 15 15.2 15.4 15.6 15.8 16 
1.5 1.5 1.5 1.5 1.5 1.5 1.5 1.5 1.5 1.5 1.5 1.17912 1.21501 1.25103 1.28726 1.32367 1.36027 1.39706 1.43404 1.47121 1.50856 1.54617 1.58391 1.62192 1.66008 2.85517 2.86481 2.87437 2.88383 2.89357 2.90296 2.91259 2.92212 2.9316 2.9413 2.95031 2.95953 2.96866 2.97771 2.98705 2.99551 3.00449 3.01311 3.02174 3.03006 3.03866 3.04715 3.05538 3.06357 3.07131 3.07957 3.08762 3.09541 3.10318 3.11089 3.11843 3.12616 3.13366 3.14122 3.14868 3.15607 3.16372 3.17121 3.17873 3.18634 3.19395 3.20182 3.20958 3.21746 3.22538 3.23346 3.24198 3.25038 3.25885 3.26752 3.27604 3.28506 3.29364 3.30172 3.31124 3.32158 
1.5 1.5 1.5 1.5 1.5 1.5 1.5 1.5 1.5 1.5 1.5 1.17909 1.21493 1.25097 1.28719 1.32359 1.36018 1.39697 1.43394 1.4711 1.50845 1.546 1.58377 1.62172 1.65986 2.86351 2.87314 2.88252 2.89178 2.90129 2.91048 2.91986 2.92907 2.93827 2.94787 2.95638 2.96519 2.97384 2.98244 2.9915 2.99936 3.00789 3.01604 3.02426 3.03209 3.04046 3.0486 3.05653 3.0645 3.07203 3.08026 3.08823 3.09601 3.10384 3.11171 3.11942 3.12734 3.13511 3.14302 3.15087 3.15864 3.16667 3.17459 3.18213 3.1907 3.19881 3.20711 3.21539 3.22325 3.23214 3.24055 3.24937 3.25815 3.26627 3.27585 3.28502 3.29356 3.30372 3.3099 3.32119 3.32934 
1.5 1.5 1.5 1.5 1.5 1.5 1.5 1.5 1.5 1.5 1.5 1.1791 1.21492 1.25097 1.2872 1.32361 1.36021 1.39699 1.43397 1.47113 1.50851 1.54606 1.58383 1.62176 1.66005 2.8677 2.87663 2.88697 2.89654 2.90617 2.9154 2.92442 2.93422 2.9435 2.95285 2.96177 2.97018 2.9795 2.98818 2.99679 3.00519 3.01388 3.02201 3.03025 3.03818 3.04646 3.05464 3.06257 3.07053 3.07812 3.08629 3.09427 3.10208 3.10994 3.11742 3.12562 3.13363 3.14153 3.14947 3.15692 3.1653 3.17344 3.18143 3.1896 3.19718 3.20598 3.21438 3.22276 3.2312 3.23897 3.248 3.25684 3.26562 3.27465 3.28236 3.2926 3.30098 3.31084 3.31918 3.32738 3.33511 
1.5 1.5 1.5 1.5 1.5 1.5 1.5 1.5 1.5 1.5 1.5 1.17901 1.21485 1.25087 1.28709 1.32349 1.36008 1.39687 1.43384 1.47101 1.50835 1.54591 1.58368 1.62162 1.65979 2.8743 2.88343 2.89328 2.90301 2.91219 2.92192 2.93144 2.94092 2.95019 2.95947 2.96852 2.97745 2.98628 2.99498 3.0035 3.012 3.02058 3.02876 3.03698 3.04475 3.0531 3.0612 3.06907 3.07697 3.08434 3.09262 3.10005 3.10833 3.11619 3.12346 3.13194 3.13937 3.14794 3.15528 3.16333 3.17208 3.17971 3.18849 3.19679 3.20513 3.21349 3.22138 3.23049 3.23835 3.24769 3.25623 3.26427 3.27402 3.28228 3.29187 3.30116 3.30863 3.31907 3.32738 3.33779 3.34517 
1.5 1.5 1.5 1.5 1.5 1.5 1.5 1.5 1.5 1.5 1.5 1.1789 1.21475 1.25076 1.28698 1.32339 1.35996 1.39673 1.43368 1.47086 1.50819 1.54574 1.58346 1.62141 1.65951 2.88352 2.89258 2.90163 2.91156 2.92129 2.93079 2.94028 2.94955 2.95886 2.96873 2.97722 2.98607 2.99461 3.00321 3.0126 3.02036 3.02891 3.03671 3.04486 3.05294 3.0613 3.06941 3.07683 3.08468 3.09268 3.10099 3.10845 3.11629 3.12414 3.13291 3.14082 3.14831 3.15644 3.16456 3.17353 3.18172 3.18949 3.19772 3.20693 3.21547 3.22398 3.23212 3.24077 3.25024 3.25897 3.26771 3.27607 3.28505 3.29526 3.3042 3.3131 3.32186 3.33045 3.34236 3.34998 3.35816 
1.5 1.5 1.5 1.5 1.5 1.5 1.5 1.5 1.5 1.5 1.5 1.17887 1.21471 1.25073 1.28695 1.32333 1.35992 1.39667 1.43363 1.47078 1.50815 1.54571 1.58342 1.62134 1.65952 2.89788 2.90691 2.91669 2.92637 2.93601 2.94511 2.95459 2.96398 2.97321 2.98298 2.99139 3.00018 3.00889 3.01743 3.02651 3.0342 3.04268 3.05079 3.05899 3.06668 3.07512 3.08331 3.09128 3.09925 3.10679 3.11523 3.12343 3.13143 3.13956 3.14773 3.15575 3.1641 3.17233 3.18064 3.18899 3.19734 3.20599 3.21436 3.22301 3.23159 3.2402 3.24913 3.25786 3.26686 3.27558 3.28443 3.29371 3.30262 3.31214 3.32138 3.32991 3.34074 3.348 3.35929 3.36697 3.3759 
1.5 1.5 1.5 1.5 1.5 1.5 1.5 1.5 1.5 1.5 1.5 1.17883 1.21465 1.25069 1.28689 1.32326 1.35983 1.39661 1.43357 1.4707 1.50803 1.54556 1.58328 1.62121 1.65942 2.91243 2.92134 2.93133 2.94092 2.95034 2.95975 2.9693 2.97868 2.98795 2.99741 3.00627 3.01516 3.02387 3.03248 3.04095 3.04942 3.05798 3.06613 3.0744 3.08222 3.09072 3.09899 3.10707 3.11509 3.1227 3.13125 3.13952 3.14763 3.15578 3.16405 3.17216 3.18058 3.18819 3.19721 3.20566 3.21407 3.22282 3.23133 3.23994 3.24876 3.25745 3.26647 3.27471 3.28442 3.29343 3.30246 3.31192 3.32097 3.33039 3.34034 3.34869 3.35982 3.36765 3.37858 3.38684 3.39662 
1.5 1.5 1.5 1.5 1.5 1.5 1.5 1.5 1.5 1.5 1.5 1.17884 1.21468 1.25069 1.2869 1.32327 1.35985 1.39663 1.43358 1.47072 1.50806 1.54558 1.58332 1.62124 1.65932 2.93039 2.93979 2.94961 2.95896 2.96854 2.97778 2.9872 2.9967 3.00592 3.01545 3.02425 3.0331 3.04179 3.0504 3.05888 3.06739 3.07593 3.08411 3.09243 3.10026 3.10889 3.11722 3.12537 3.13352 3.14119 3.14987 3.15768 3.16646 3.17472 3.18308 3.19131 3.19918 3.20828 3.21675 3.22528 3.23383 3.24209 3.25143 3.26019 3.26909 3.278 3.2872 3.29628 3.30553 3.31462 3.32395 3.33369 3.34298 3.35233 3.36267 3.37135 3.38231 3.39088 3.40173 3.40989 3.42127 
1.5 1.5 1.5 1.5 1.5 1.5 1.5 1.5 1.5 1.5 1.5 1.17889 1.21475 1.25075 1.28696 1.32337 1.35993 1.39669 1.43366 1.47079 1.50814 1.54566 1.58343 1.62129 1.65951 2.95246 2.96449 2.97174 2.98126 2.99078 2.9997 3.00899 3.01842 3.02785 3.03711 3.04571 3.05442 3.06288 3.07138 3.07978 3.08824 3.0967 3.10501 3.11321 3.12095 3.1298 3.13818 3.14617 3.15486 3.16258 3.1715 3.18006 3.18795 3.19701 3.20544 3.21396 3.22273 3.23076 3.23999 3.24863 3.25739 3.26641 3.27537 3.28423 3.29323 3.30227 3.31152 3.32081 3.33009 3.33934 3.34887 3.3587 3.36839 3.37746 3.38765 3.39726 3.40774 3.41734 3.42757 3.43604 3.44908 
1.5 1.5 1.5 1.5 1.5 1.5 1.5 1.5 1.5 1.5 1.5 1.179 1.21483 1.25089 1.28709 1.32351 1.36008 1.39684 1.43383 1.47099 1.50836 1.54589 1.5837 1.62165 1.65977 2.97492 2.99013 2.99515 3.00346 3.0137 3.02224 3.03156 3.04088 3.05011 3.05988 3.06832 3.07698 3.0852 3.09388 3.10301 3.11088 3.11936 3.12785 3.13621 3.14404 3.15308 3.16155 3.17009 3.17868 3.18662 3.19575 3.20443 3.21309 3.22121 3.2299 3.23921 3.24811 3.257 3.26581 3.27475 3.28369 3.29279 3.30199 3.31049 3.3204 3.3297 3.33908 3.34858 3.35728 3.36758 3.37738 3.3873 3.39744 3.4067 3.41714 3.42728 3.43688 3.44762 3.45758 3.46659 3.48046 
1.5 1.5 1.5 1.5 1.5 1.5 1.5 1.5 1.5 1.5 1.5 1.17912 1.215 1.25103 1.28726 1.32366 1.36026 1.39705 1.43401 1.47121 1.50855 1.54609 1.58383 1.62186 1.66005 2.99416 3.01099 3.01306 3.02324 3.03445 3.04281 3.05251 3.06205 3.0723 3.08174 3.09065 3.09917 3.10794 3.11692 3.12586 3.13452 3.14322 3.15196 3.16084 3.16924 3.17841 3.18722 3.19611 3.20507 3.21358 3.223 3.23207 3.24107 3.25015 3.25924 3.26833 3.27756 3.28684 3.29599 3.30524 3.3145 3.32382 3.33332 3.34285 3.35222 3.3618 3.37135 3.38106 3.39073 3.40035 3.4103 3.42027 3.43081 3.44021 3.4502 3.46148 3.46994 3.48183 3.49142 3.50088 3.51445 
1.5 1.5 1.5 1.5 1.5 1.5 1.5 1.5 1.5 1.5 1.5 1.17928 1.21511 1.25117 1.28741 1.32383 1.36046 1.39725 1.43423 1.4714 1.5088 1.54637 1.5842 1.62214 1.66029 3.01643 3.05352 3.03779 3.0478 3.05721 3.06652 3.07621 3.08547 3.09477 3.10476 3.11361 3.1226 3.13081 3.14001 3.14956 3.15824 3.16749 3.17666 3.18598 3.19468 3.20454 3.21389 3.22328 3.23282 3.24197 3.25182 3.26141 3.2709 3.28051 3.29011 3.29976 3.30946 3.31915 3.32882 3.3385 3.34815 3.35782 3.36757 3.37748 3.38714 3.39707 3.40691 3.41683 3.42676 3.43668 3.44684 3.45689 3.46777 3.47786 3.48734 3.49944 3.50764 3.52004 3.52934 3.54026 3.55258 
1.5 1.5 1.5 1.5 1.5 1.5 1.5 1.5 1.5 1.5 1.5 1.17947 1.21536 1.25143 1.28764 1.32409 1.36073 1.39754 1.43455 1.47176 1.50914 1.54674 1.58451 1.62251 1.66078 3.03714 3.11989 3.04885 3.06685 3.07906 3.08991 3.09975 3.11003 3.11929 3.12905 3.13791 3.147 3.15387 3.16361 3.17356 3.18292 3.19271 3.20244 3.21226 3.22153 3.2319 3.24181 3.25186 3.26198 3.27205 3.28246 3.2927 3.30297 3.3132 3.32345 3.33368 3.34394 3.35425 3.36442 3.37457 3.38479 3.39483 3.40495 3.41529 3.42535 3.43565 3.44589 3.45624 3.4665 3.47678 3.48728 3.49757 3.50859 3.5198 3.52912 3.54119 3.5504 3.56328 3.5715 3.58392 3.59628 
1.5 1.5 1.5 1.5 1.5 1.5 1.5 1.5 1.5 1.5 1.5 1.17976 1.21565 1.25174 1.28801 1.32446 1.36109 1.39793 1.43497 1.47218 1.50957 1.5472 1.58499 1.62301 1.66128 3.03519 3.10041 3.03888 3.06162 3.0778 3.09019 3.10134 3.11295 3.12463 3.13636 3.14747 3.15889 3.16907 3.18146 3.19338 3.20454 3.21559 3.22654 3.23771 3.24892 3.26022 3.27148 3.28258 3.29355 3.30476 3.31579 3.32679 3.33782 3.34891 3.35992 3.37077 3.38169 3.39259 3.40347 3.41414 3.42496 3.43561 3.44617 3.45698 3.46755 3.47835 3.48889 3.49967 3.51036 3.52105 3.53185 3.54261 3.55361 3.56534 3.57535 3.58769 3.59635 3.61039 3.61837 3.63218 3.64354 
1.5 1.5 1.5 1.5 1.5 1.5 1.5 1.5 1.5 1.5 1.5 1.1802 1.21612 1.25221 1.28852 1.325 1.36165 1.39853 1.43558 1.47286 1.51029 1.54796 1.58582 1.62389 1.66223 3.0219 3.01709 3.0288 3.04678 3.0662 3.08206 3.09839 3.11212 3.12485 3.13703 3.15074 3.1639 3.17759 3.19183 3.20537 3.21991 3.23413 3.24836 3.26257 3.27626 3.28811 3.30065 3.31291 3.32534 3.33834 3.35029 3.36254 3.37464 3.38664 3.39841 3.40999 3.42173 3.43337 3.44496 3.45649 3.46787 3.47925 3.49041 3.5018 3.51305 3.52449 3.53555 3.5468 3.55785 3.56903 3.5802 3.59132 3.60242 3.61473 3.62497 3.6379 3.64751 3.661 3.66919 3.68428 3.69505 
1.5 1.5 1.5 1.5 1.5 1.5 1.5 1.5 1.5 1.5 1.5 1.18052 1.21639 1.25249 1.28885 1.32527 1.36195 1.39883 1.43595 1.47325 1.5106 1.54829 1.58619 1.62411 1.66245 3.02064 3.00221 3.03004 3.04521 3.07221 3.08265 3.09911 3.11671 3.13217 3.14638 3.16176 3.1774 3.19341 3.20826 3.22194 3.2367 3.2513 3.26594 3.28026 3.29644 3.31135 3.32737 3.34242 3.35667 3.37102 3.38333 3.39654 3.40984 3.42332 3.43656 3.4494 3.4624 3.47508 3.48752 3.49989 3.51217 3.52463 3.53661 3.54865 3.56074 3.57296 3.58468 3.59658 3.60827 3.62008 3.63184 3.64353 3.65457 3.66727 3.67861 3.69101 3.70218 3.71499 3.72445 3.74018 3.75107 
1.5 1.5 1.5 1.5 1.5 1.5 1.5 1.5 1.5 1.5 1.5 1.18137 1.21734 1.25351 1.28989 1.32644 1.36321 1.40015 1.43727 1.4746 1.51216 1.5499 1.58784 1.62601 1.6643 3.03054 3.0812 3.03326 3.05355 3.07539 3.09283 3.10302 3.12412 3.14223 3.15602 3.17185 3.18832 3.20297 3.22056 3.23822 3.25623 3.27149 3.28688 3.30184 3.31778 3.3316 3.34661 3.3634 3.3813 3.399 3.4143 3.43053 3.44623 3.46055 3.47446 3.48899 3.5026 3.51689 3.53077 3.54453 3.55797 3.5716 3.58433 3.5973 3.61026 3.62326 3.63596 3.64877 3.66136 3.674 3.6864 3.699 3.71036 3.72317 3.73641 3.74729 3.75936 3.77377 3.78228 3.79891 3.80847 
1.5 1.5 1.5 1.5 1.5 1.5 1.5 1.5 1.5 1.5 1.5 1.18215 1.21817 1.25442 1.29078 1.32743 1.36425 1.40125 1.43846 1.47586 1.51345 1.55124 1.58928 1.62747 1.66598 3.04943 3.21814 3.03772 3.07419 3.09194 3.10577 3.11725 3.13163 3.15179 3.16428 3.18114 3.19782 3.21028 3.22975 3.24556 3.26527 3.28388 3.30253 3.32132 3.34055 3.3562 3.37228 3.38734 3.40187 3.42221 3.44034 3.45724 3.47483 3.4931 3.51071 3.52811 3.54341 3.55806 3.57269 3.58797 3.60287 3.61775 3.63212 3.64729 3.66016 3.67399 3.68746 3.70106 3.71437 3.7279 3.74126 3.7546 3.76773 3.78056 3.7931 3.80794 3.8184 3.83309 3.84194 3.86152 3.86952 
1.5 1.5 1.5 1.5 1.5 1.5 1.5 1.5 1.5 1.5 1.5 1.18304 1.21911 1.25542 1.29189 1.32859 1.36545 1.40252 1.4398 1.47725 1.51494 1.5528 1.59095 1.62921 1.6678 3.05005 3.22606 3.04461 3.07317 3.0942 3.10521 3.12069 3.1321 3.15456 3.169 3.18715 3.203 3.21413 3.23321 3.25187 3.2721 3.29277 3.31275 3.33202 3.35453 3.37381 3.39483 3.41496 3.434 3.44817 3.46271 3.48602 3.50453 3.52311 3.54111 3.56074 3.57847 3.59764 3.61524 3.6304 3.64534 3.66141 3.67696 3.69276 3.70827 3.72334 3.73831 3.75303 3.76729 3.78164 3.79596 3.81005 3.82402 3.83919 3.85328 3.86536 3.88082 3.89521 3.90556 3.92566 3.93423 
1.5 1.5 1.5 1.5 1.5 1.5 1.5 1.5 1.5 1.5 1.5 1.184 1.22015 1.25649 1.29306 1.32981 1.36676 1.4039 1.44127 1.47882 1.51657 1.55454 1.59282 1.6312 1.66993 3.02961 3.12244 3.0427 3.05218 3.07783 3.0904 3.10867 3.12713 3.14538 3.16032 3.17998 3.20006 3.21936 3.24003 3.26009 3.28518 3.30373 3.32855 3.34525 3.36773 3.38703 3.4084 3.43382 3.45559 3.48409 3.49867 3.50802 3.53379 3.55414 3.57364 3.59391 3.61126 3.63052 3.65215 3.67341 3.69402 3.7076 3.72267 3.74165 3.75881 3.77333 3.79152 3.80766 3.82339 3.83859 3.85208 3.86683 3.8814 3.89819 3.9119 3.92644 3.9426 3.9561 3.96652 3.98367 3.99479 
1.5 1.5 1.5 1.5 1.5 1.5 1.5 1.5 1.5 1.5 1.5 1.1849 1.22111 1.25748 1.29412 1.33087 1.36789 1.4051 1.44248 1.48014 1.51789 1.55591 1.59413 1.63246 1.67133 3.00884 3.03396 3.02817 3.03684 3.06421 3.07761 3.09177 3.12252 3.14243 3.15756 3.17766 3.19788 3.2208 3.24376 3.26562 3.29419 3.31493 3.34412 3.3672 3.3902 3.41122 3.43012 3.45623 3.47545 3.49478 3.5247 3.54796 3.55464 3.58275 3.60403 3.62497 3.64441 3.66325 3.68206 3.70188 3.72246 3.74288 3.76758 3.7795 3.79746 3.81295 3.83006 3.8476 3.8646 3.88144 3.89787 3.91364 3.92881 3.94396 3.96075 3.97458 3.99101 4.00734 4.02102 4.03731 4.05027 
1.5 1.5 1.5 1.5 1.5 1.5 1.5 1.5 1.5 1.5 1.5 1.186 1.22227 1.25875 1.29545 1.33234 1.36942 1.40669 1.4442 1.48193 1.51986 1.55798 1.59632 1.63491 1.67385 3.01518 3.06678 3.03542 3.047 3.07192 3.08542 3.10631 3.12982 3.15062 3.16607 3.18758 3.20465 3.22846 3.25484 3.27507 3.30287 3.32771 3.35522 3.3789 3.40721 3.42602 3.44899 3.47406 3.50294 3.52718 3.53452 3.56433 3.5766 3.59896 3.62218 3.64477 3.66822 3.68824 3.70874 3.72772 3.74687 3.76807 3.79122 3.81812 3.83391 3.84897 3.86738 3.8866 3.90537 3.92401 3.94224 3.95957 3.97954 3.99574 4.01387 4.02866 4.04727 4.06263 4.07988 4.09154 4.10516 
1.5 1.5 1.5 1.5 1.5 1.5 1.5 1.5 1.5 1.5 1.5 1.18687 1.22325 1.25974 1.29651 1.33339 1.37056 1.40797 1.44548 1.48325 1.52122 1.55946 1.59785 1.63648 1.67539 3.03095 3.17095 3.02737 3.05068 3.07823 3.10317 3.12038 3.13881 3.16382 3.1803 3.20114 3.21609 3.23665 3.26613 3.28728 3.31443 3.3381 3.36456 3.38882 3.41795 3.44157 3.46488 3.48832 3.51399 3.55442 3.55955 3.58325 3.59819 3.61075 3.63734 3.65979 3.67921 3.7029 3.72629 3.74948 3.77063 3.7871 3.80919 3.83132 3.86074 3.8789 3.89338 3.91353 3.93329 3.95272 3.97158 3.99307 4.0079 4.02352 4.04291 4.05915 4.07575 4.09205 4.11085 4.12673 4.14245 
1.5 1.5 1.5 1.5 1.5 1.5 1.5 1.5 1.5 1.5 1.5 1.18762 1.224 1.26057 1.29735 1.3344 1.37153 1.40894 1.44658 1.4844 1.52242 1.5607 1.59916 1.63785 1.67679 3.02756 3.17288 3.01597 3.05064 3.08309 3.10229 3.11788 3.13667 3.16012 3.17707 3.20142 3.21801 3.24052 3.27126 3.29939 3.3268 3.34867 3.37367 3.3993 3.4312 3.45483 3.47758 3.50399 3.53032 3.57685 3.57589 3.60327 3.6244 3.63007 3.64565 3.67261 3.69794 3.71573 3.73796 3.76101 3.78246 3.80645 3.82466 3.84574 3.87196 3.90623 3.91153 3.93257 3.9534 3.974 3.9943 4.01329 4.03289 4.04999 4.06909 4.08488 4.10354 4.12083 4.14047 4.15682 4.1744 
1.5 1.5 1.5 1.5 1.5 1.5 1.5 1.5 1.5 1.5 1.5 1.18821 1.22462 1.26124 1.29806 1.33509 1.37233 1.40978 1.44746 1.48541 1.52342 1.5617 1.6003 1.63905 1.67798 3.01126 3.06478 3.02515 3.03941 3.06986 3.08713 3.10397 3.12863 3.15059 3.16717 3.19147 3.21159 3.24123 3.27 3.29499 3.32917 3.35437 3.37924 3.41031 3.44047 3.46932 3.49091 3.51564 3.5467 3.5843 3.59389 3.61582 3.6373 3.6463 3.66147 3.67822 3.70424 3.73008 3.74441 3.76848 3.79182 3.81162 3.8292 3.85675 3.88542 3.91169 3.92219 3.94398 3.96555 3.98675 4.00774 4.02739 4.0476 4.06922 4.08584 4.10307 4.12186 4.13898 4.15927 4.17556 4.19438 
1.5 1.5 1.5 1.5 1.5 1.5 1.5 1.5 1.5 1.5 1.5 1.18876 1.22518 1.26182 1.2987 1.33573 1.37302 1.4105 1.44824 1.48613 1.52421 1.56261 1.60117 1.63987 1.67901 3.00194 3.01772 3.02425 3.03018 3.06503 3.07894 3.09556 3.12547 3.14672 3.16116 3.18374 3.21041 3.24395 3.27149 3.29749 3.32918 3.35491 3.37878 3.41066 3.44129 3.47804 3.50483 3.52972 3.5539 3.57995 3.59401 3.63202 3.63669 3.65176 3.66913 3.68122 3.70649 3.73422 3.74783 3.76999 3.79326 3.81684 3.82777 3.85547 3.89525 3.91134 3.92488 3.94627 3.96825 3.98952 4.0107 4.03048 4.05033 4.06894 4.08964 4.10618 4.12628 4.14166 4.16439 4.17957 4.19953 
1.5 1.5 1.5 1.5 1.5 1.5 1.5 1.5 1.5 1.5 1.5 1.18858 1.22502 1.26163 1.2985 1.33554 1.37283 1.41029 1.44798 1.48591 1.52402 1.56234 1.60096 1.63973 1.67878 3.01096 3.05995 3.02609 3.03942 3.07031 3.08707 3.10466 3.12823 3.15028 3.16692 3.19232 3.21389 3.24242 3.27078 3.29826 3.33018 3.35535 3.37983 3.41118 3.4404 3.47003 3.49228 3.51658 3.54881 3.58739 3.59913 3.61621 3.63079 3.64362 3.66124 3.67726 3.70281 3.72708 3.745 3.76611 3.78858 3.80874 3.82875 3.85711 3.87811 3.90713 3.91971 3.94033 3.96239 3.98349 4.00487 4.02474 4.04504 4.06362 4.08367 4.10043 4.12082 4.14224 4.15987 4.17546 4.19372 
1.5 1.5 1.5 1.5 1.5 1.5 1.5 1.5 1.5 1.5 1.5 1.18846 1.22488 1.26151 1.29834 1.33539 1.37265 1.41012 1.44779 1.4857 1.5238 1.56213 1.60065 1.63942 1.67845 3.0276 3.16138 3.01765 3.05017 3.08286 3.10094 3.11716 3.13586 3.1598 3.17712 3.20169 3.21941 3.24161 3.27185 3.29793 3.3272 3.34914 3.37485 3.4005 3.43161 3.4566 3.47852 3.50531 3.53354 3.57963 3.57641 3.60472 3.62143 3.62627 3.64129 3.66901 3.69407 3.71424 3.73451 3.75601 3.77825 3.80367 3.82074 3.84043 3.86298 3.89401 3.90815 3.92721 3.94836 3.96889 3.98946 4.00873 4.02829 4.04595 4.0649 4.08257 4.10144 4.11768 4.13955 4.15509 4.1718 
1.5 1.5 1.5 1.5 1.5 1.5 1.5 1.5 1.5 1.5 1.5 1.18807 1.22447 1.26109 1.29789 1.33491 1.37214 1.40959 1.44722 1.4851 1.52318 1.56149 1.59997 1.6387 1.67777 3.03348 3.17926 3.03023 3.05139 3.0804 3.10361 3.12148 3.14021 3.16456 3.18026 3.20166 3.21754 3.23802 3.26699 3.2885 3.31556 3.33846 3.36489 3.38921 3.41881 3.44273 3.46578 3.48962 3.51466 3.55497 3.55676 3.57786 3.60167 3.60782 3.63023 3.65213 3.67642 3.69811 3.72102 3.74458 3.76546 3.78108 3.8015 3.8221 3.84782 3.87351 3.88672 3.90615 3.9263 3.94567 3.9649 3.98318 4.00172 4.01775 4.03691 4.05511 4.07244 4.08746 4.10837 4.12399 4.13839 
1.5 1.5 1.5 1.5 1.5 1.5 1.5 1.5 1.5 1.5 1.5 1.18752 1.22388 1.26045 1.2972 1.33422 1.37138 1.40877 1.44637 1.48422 1.52225 1.5605 1.59899 1.63764 1.67661 3.02107 3.07831 3.03674 3.04809 3.0732 3.08592 3.10736 3.1313 3.15181 3.16706 3.18847 3.20673 3.23095 3.25581 3.27479 3.30306 3.32698 3.35207 3.37732 3.40694 3.42527 3.44768 3.47212 3.499 3.52139 3.52789 3.55682 3.57803 3.59366 3.61466 3.63051 3.65888 3.68041 3.70059 3.71832 3.73707 3.75743 3.77792 3.80055 3.82438 3.84016 3.85752 3.87615 3.8951 3.9134 3.93166 3.94922 3.96651 3.98238 4.00172 4.01595 4.03348 4.04977 4.06842 4.08481 4.0981 
1.5 1.5 1.5 1.5 1.5 1.5 1.5 1.5 1.5 1.5 1.5 1.18613 1.22242 1.25884 1.29553 1.3324 1.3695 1.4068 1.44432 1.48199 1.51984 1.55797 1.59632 1.63481 1.67353 3.01264 3.03192 3.03111 3.0369 3.06742 3.0768 3.09026 3.12157 3.14167 3.15667 3.17717 3.19774 3.21955 3.24189 3.26314 3.29152 3.31443 3.3408 3.36322 3.3866 3.40491 3.42694 3.44799 3.46784 3.49155 3.51523 3.54031 3.55325 3.57345 3.59279 3.60889 3.63372 3.65293 3.67183 3.69174 3.71118 3.73096 3.75245 3.77243 3.78812 3.80553 3.82355 3.84297 3.85842 3.87744 3.89261 3.9089 3.92494 3.94012 3.95759 3.97121 3.98928 4.00194 4.01995 4.03431 4.04771 
1.5 1.5 1.5 1.5 1.5 1.5 1.5 1.5 1.5 1.5 1.5 1.1859 1.22217 1.25864 1.29529 1.33216 1.36926 1.40651 1.44401 1.4817 1.51961 1.55775 1.59608 1.6346 1.67343 3.02757 3.10984 3.03783 3.04854 3.07622 3.08588 3.10396 3.12218 3.14342 3.15657 3.17631 3.19616 3.21476 3.23648 3.25635 3.28115 3.30117 3.32239 3.34122 3.36413 3.3828 3.40351 3.42839 3.45037 3.47576 3.49285 3.50847 3.52855 3.54673 3.56299 3.58451 3.60503 3.62546 3.64256 3.66124 3.68089 3.7 3.71625 3.73192 3.74893 3.76596 3.78259 3.79841 3.81462 3.83021 3.8456 3.86057 3.87547 3.89049 3.90672 3.91962 3.93652 3.94932 3.9641 3.97909 3.99 
1.5 1.5 1.5 1.5 1.5 1.5 1.5 1.5 1.5 1.5 1.5 1.18475 1.22093 1.25731 1.29403 1.33067 1.36764 1.40486 1.44224 1.47984 1.51763 1.55566 1.59384 1.63222 1.67086 3.04775 3.22187 3.0404 3.06924 3.09082 3.09996 3.11585 3.12599 3.14978 3.16416 3.18225 3.19802 3.20928 3.22874 3.24795 3.26861 3.28854 3.30804 3.32786 3.34994 3.36883 3.38818 3.40711 3.42872 3.44797 3.46291 3.48148 3.4984 3.51537 3.53558 3.55438 3.57272 3.59095 3.60941 3.6274 3.64331 3.6584 3.67455 3.69079 3.7084 3.72228 3.73754 3.75219 3.76689 3.78123 3.79559 3.81113 3.82394 3.83833 3.85208 3.86507 3.88071 3.89333 3.90593 3.92184 3.9304 
1.5 1.5 1.5 1.5 1.5 1.5 1.5 1.5 1.5 1.5 1.5 1.18313 1.21921 1.25549 1.29195 1.32864 1.36551 1.40257 1.43985 1.47733 1.51498 1.55286 1.59092 1.62919 1.66765 3.04737 3.21771 3.0326 3.06969 3.08819 3.10105 3.11307 3.12613 3.14784 3.16053 3.17725 3.19398 3.2058 3.22535 3.24074 3.25972 3.2781 3.29633 3.3143 3.33339 3.34893 3.36716 3.38543 3.40208 3.41955 3.43475 3.45123 3.46998 3.48799 3.50558 3.5237 3.54115 3.55686 3.57207 3.5881 3.60242 3.61767 3.63274 3.64738 3.66153 3.67567 3.68957 3.70301 3.71645 3.72988 3.74305 3.75632 3.76985 3.78211 3.79509 3.80936 3.82077 3.83325 3.84409 3.86029 3.86723 
1.5 1.5 1.5 1.5 1.5 1.5 1.5 1.5 1.5 1.5 1.5 1.18105 1.21701 1.25312 1.28948 1.32602 1.36274 1.39966 1.43679 1.4741 1.51158 1.54928 1.58725 1.62535 1.66359 3.02927 3.08321 3.03176 3.05116 3.07344 3.09057 3.09996 3.11998 3.13859 3.15193 3.16761 3.18391 3.19803 3.21494 3.23127 3.24866 3.26438 3.28047 3.29699 3.3146 3.33014 3.34544 3.36046 3.37571 3.39317 3.40915 3.42611 3.44284 3.45888 3.47495 3.48839 3.503 3.51765 3.53212 3.54646 3.56058 3.57446 3.58912 3.60128 3.6143 3.62736 3.64015 3.65271 3.66528 3.67763 3.68983 3.70213 3.7137 3.72685 3.73885 3.74918 3.76186 3.77521 3.78371 3.8002 3.80703 
1.5 1.5 1.5 1.5 1.5 1.5 1.5 1.5 1.5 1.5 1.5 1.17961 1.21544 1.25148 1.28769 1.32413 1.36075 1.39756 1.43454 1.47174 1.50915 1.54673 1.58434 1.6223 1.66064 3.0205 3.01481 3.02888 3.04137 3.06988 3.07993 3.09509 3.11358 3.1287 3.1424 3.15736 3.17226 3.18778 3.20325 3.21785 3.23389 3.24961 3.26492 3.27941 3.29441 3.308 3.32311 3.33885 3.35425 3.36977 3.38288 3.39667 3.41031 3.42402 3.43763 3.4513 3.46478 3.47791 3.4911 3.50391 3.5167 3.52938 3.54166 3.55393 3.56606 3.57824 3.59017 3.60191 3.61345 3.62508 3.63641 3.64783 3.65898 3.67093 3.68248 3.69418 3.7057 3.71705 3.72643 3.7415 3.75 
1.5 1.5 1.5 1.5 1.5 1.5 1.5 1.5 1.5 1.5 1.5 1.17499 1.21058 1.24633 1.28226 1.3184 1.35473 1.3912 1.42786 1.46471 1.50171 1.53892 1.57641 1.61401 1.65171 3.02237 3.02712 3.02638 3.04423 3.06475 3.07958 3.0961 3.11048 3.12371 3.13612 3.15024 3.16406 3.17814 3.19269 3.2066 3.22075 3.23408 3.24776 3.26178 3.27645 3.28911 3.30224 3.31486 3.32746 3.34046 3.35267 3.36509 3.37758 3.39002 3.40218 3.41427 3.42609 3.43812 3.44999 3.46167 3.47334 3.48486 3.49613 3.50747 3.51864 3.53001 3.54105 3.55208 3.56291 3.57393 3.58475 3.5956 3.60661 3.61825 3.62887 3.64075 3.65094 3.66309 3.67132 3.68593 3.69469 
1.5 1.5 1.5 1.5 1.5 1.5 1.5 1.5 1.5 1.5 1.5 1.17101 1.20634 1.24184 1.27752 1.31336 1.34938 1.38559 1.42195 1.45849 1.49516 1.53205 1.56914 1.60636 1.64372 3.03342 3.07781 3.03342 3.05816 3.07558 3.08949 3.10179 3.11391 3.12599 3.13805 3.14986 3.16137 3.17231 3.18504 3.19726 3.20893 3.22053 3.23197 3.24343 3.25501 3.26628 3.27766 3.28885 3.30004 3.31112 3.32228 3.33332 3.34469 3.3555 3.36648 3.37737 3.38815 3.39904 3.40981 3.42038 3.43114 3.44166 3.452 3.46256 3.47298 3.48358 3.49391 3.50407 3.51474 3.5253 3.53577 3.54627 3.5571 3.5685 3.57868 3.59021 3.59933 3.61229 3.62001 3.63387 3.64392 
1.5 1.5 1.5 1.5 1.5 1.5 1.5 1.5 1.5 1.5 1.5 1.16652 1.20158 1.23681 1.27219 1.30776 1.34348 1.37932 1.41536 1.45157 1.48792 1.52447 1.56115 1.59799 1.6354 3.04071 3.09982 3.05138 3.07053 3.08378 3.0951 3.10537 3.11581 3.1257 3.13591 3.14533 3.15504 3.16346 3.17358 3.18382 3.19352 3.20343 3.21333 3.22324 3.23278 3.24301 3.25288 3.26271 3.27262 3.28238 3.29272 3.30269 3.31265 3.32254 3.33241 3.34237 3.35218 3.36209 3.37194 3.38173 3.39161 3.40136 3.41105 3.42097 3.43075 3.44071 3.45054 3.46057 3.47043 3.48049 3.4906 3.50063 3.51128 3.52217 3.53148 3.54317 3.55243 3.56472 3.57244 3.58553 3.59667 
1.5 1.5 1.5 1.5 1.5 1.5 1.5 1.5 1.5 1.5 1.5 1.16168 1.19646 1.2314 1.26654 1.30168 1.33705 1.37259 1.40827 1.44408 1.48004 1.5162 1.55244 1.58886 1.62552 3.03013 3.057 3.05115 3.06166 3.07158 3.08124 3.09134 3.10103 3.11069 3.12096 3.1301 3.13931 3.14813 3.15736 3.16687 3.1757 3.18477 3.19381 3.20283 3.21124 3.22067 3.22961 3.23846 3.24751 3.25587 3.26535 3.27424 3.28309 3.29197 3.30091 3.30986 3.31878 3.32784 3.33687 3.34591 3.35499 3.36329 3.37333 3.38263 3.39191 3.40138 3.41072 3.42032 3.42984 3.43953 3.44937 3.45926 3.46974 3.47971 3.489 3.50104 3.509 3.52149 3.5298 3.54182 3.55386 
1.5 1.5 1.5 1.5 1.5 1.5 1.5 1.5 1.5 1.5 1.5 1.15652 1.19099 1.22555 1.26026 1.29517 1.33016 1.36532 1.40062 1.43602 1.47163 1.50728 1.54316 1.57914 1.61522 3.01625 3.03007 3.03503 3.04553 3.05576 3.06567 3.07559 3.08523 3.09485 3.10501 3.11384 3.12276 3.13148 3.14029 3.14945 3.15761 3.16606 3.17452 3.18281 3.19034 3.19919 3.20732 3.21547 3.22367 3.23103 3.23983 3.2479 3.25602 3.26407 3.27226 3.28046 3.28869 3.29698 3.3053 3.31368 3.32215 3.33075 3.33946 3.34826 3.35709 3.36608 3.37504 3.38428 3.39352 3.40287 3.41248 3.42219 3.43241 3.44177 3.45141 3.46274 3.47077 3.48312 3.49181 3.50256 3.51614 
1.5 1.5 1.5 1.5 1.5 1.5 1.5 1.5 1.5 1.5 1.5 1.15124 1.18539 1.21965 1.25406 1.28857 1.32323 1.35801 1.39292 1.42796 1.46313 1.49842 1.53386 1.5694 1.60511 3.00301 3.01614 3.02228 3.03213 3.04183 3.0514 3.06089 3.07026 3.07957 3.0895 3.09784 3.10642 3.11463 3.12302 3.13194 3.1393 3.14727 3.15519 3.16288 3.16975 3.17814 3.18573 3.19332 3.20089 3.20754 3.21585 3.22336 3.23091 3.2384 3.24543 3.25367 3.26139 3.26912 3.27695 3.28484 3.29284 3.30102 3.30931 3.3177 3.32623 3.3348 3.34351 3.35247 3.36146 3.37055 3.37998 3.38958 3.39943 3.40854 3.41862 3.42883 3.43782 3.4492 3.45855 3.46817 3.4825 
1.5 1.5 1.5 1.5 1.5 1.5 1.5 1.5 1.5 1.5 1.5 1.14589 1.17973 1.21369 1.24773 1.28192 1.3162 1.35062 1.38514 1.41983 1.45453 1.48943 1.5244 1.55952 1.59476 2.98606 2.99732 3.00557 3.01499 3.02457 3.034 3.04333 3.05264 3.06184 3.07167 3.07982 3.0883 3.09641 3.1046 3.1134 3.12045 3.12821 3.13582 3.14324 3.14984 3.158 3.16527 3.17256 3.17976 3.18603 3.19404 3.20123 3.20787 3.21561 3.22291 3.2302 3.2376 3.24497 3.25248 3.26005 3.26774 3.27564 3.28365 3.29167 3.29991 3.30821 3.31671 3.32535 3.33417 3.34304 3.35224 3.36167 3.37115 3.38015 3.39047 3.39973 3.40956 3.41954 3.42982 3.43849 3.45228 
1.5 1.5 1.5 1.5 1.5 1.5 1.5 1.5 1.5 1.5 1.5 1.14056 1.17408 1.20769 1.24138 1.27524 1.30916 1.34318 1.37733 1.41159 1.44594 1.48044 1.51497 1.54967 1.58446 2.96696 2.97653 2.98647 2.99584 3.00603 3.01491 3.02431 3.03362 3.04286 3.05268 3.06092 3.06944 3.07769 3.08592 3.09466 3.10177 3.10952 3.11707 3.12454 3.13115 3.13917 3.14636 3.15354 3.16058 3.16674 3.17461 3.18164 3.18872 3.1957 3.20283 3.20992 3.21711 3.22429 3.2316 3.23901 3.24652 3.25427 3.26197 3.2698 3.27786 3.28596 3.2943 3.30271 3.31135 3.32003 3.329 3.33824 3.34736 3.35641 3.36666 3.37507 3.38563 3.3944 3.40541 3.41349 3.42597 
1.5 1.5 1.5 1.5 1.5 1.5 1.5 1.5 1.5 1.5 1.5 1.13524 1.16845 1.20172 1.23512 1.26859 1.30216 1.33582 1.36959 1.40347 1.43742 1.47149 1.5056 1.53988 1.57422 2.94884 2.95809 2.96808 2.97764 2.98729 2.99675 3.00623 3.01555 3.02481 3.03454 3.04294 3.05149 3.05988 3.06816 3.07701 3.08415 3.09195 3.09954 3.1071 3.11384 3.12183 3.12905 3.13623 3.14328 3.14946 3.15732 3.16434 3.17139 3.17837 3.18547 3.19252 3.19965 3.20682 3.2141 3.22147 3.22893 3.23655 3.24418 3.25193 3.25988 3.26786 3.2761 3.28433 3.29281 3.30133 3.31006 3.31908 3.32793 3.33705 3.34686 3.35493 3.36592 3.37343 3.38492 3.39261 3.40346 
1.5 1.5 1.5 1.5 1.5 1.5 1.5 1.5 1.5 1.5 1.5 1.13004 1.16294 1.19591 1.22899 1.26208 1.29532 1.32866 1.36204 1.39554 1.4291 1.46279 1.49654 1.53037 1.56425 2.93158 2.94093 2.95079 2.96041 2.97008 2.97954 2.98902 2.99839 3.00767 3.01748 3.02587 3.03449 3.04301 3.05135 3.06028 3.06757 3.07549 3.08325 3.09096 3.09791 3.10598 3.11335 3.12064 3.12785 3.13424 3.14217 3.14931 3.15647 3.16358 3.1708 3.17792 3.18513 3.1924 3.19974 3.20717 3.21469 3.22229 3.22991 3.23766 3.24555 3.2535 3.26166 3.26977 3.27813 3.28652 3.29502 3.30383 3.31253 3.32168 3.33087 3.33912 3.34979 3.35672 3.36829 3.37581 3.38495 
1.5 1.5 1.5 1.5 1.5 1.5 1.5 1.5 1.5 1.5 1.5 1.1249 1.15749 1.19014 1.2229 1.25568 1.28858 1.32155 1.35458 1.38765 1.42089 1.45416 1.48754 1.52095 1.5545 2.91518 2.92453 2.93443 2.94413 2.95384 2.9633 2.97281 2.98226 2.99159 3.00138 3.00993 3.01867 3.02735 3.03584 3.04481 3.05241 3.06052 3.06852 3.07642 3.08365 3.09185 3.09944 3.10692 3.11437 3.12107 3.12913 3.13647 3.14386 3.15114 3.15849 3.16583 3.17321 3.18065 3.18813 3.19567 3.20329 3.21094 3.21863 3.22644 3.23433 3.2423 3.25041 3.2585 3.26679 3.27512 3.28346 3.29212 3.30078 3.30987 3.3186 3.32729 3.33713 3.34454 3.35547 3.36334 3.37085 
1.5 1.5 1.5 1.5 1.5 1.5 1.5 1.5 1.5 1.5 1.5 1.11997 1.15226 1.18462 1.217 1.24956 1.28213 1.31474 1.34744 1.38022 1.41304 1.44592 1.47892 1.51195 1.54507 2.90074 2.91013 2.92004 2.92977 2.93941 2.94895 2.95846 2.96795 2.97731 2.98708 2.99574 3.00461 3.0134 3.02202 3.03111 3.03893 3.04722 3.05544 3.06353 3.07105 3.07942 3.08726 3.09501 3.10273 3.1098 3.11805 3.12566 3.13327 3.14087 3.14846 3.15607 3.16368 3.17134 3.17902 3.18674 3.19452 3.20229 3.21012 3.21804 3.22599 3.23403 3.24214 3.25027 3.25853 3.26684 3.27509 3.28369 3.29236 3.30134 3.30981 3.31892 3.32786 3.33625 3.34602 3.35453 3.36096 
1.5 1.5 1.5 1.5 1.5 1.5 1.5 1.5 1.5 1.5 1.5 1.11523 1.14725 1.17932 1.2114 1.24365 1.2759 1.3082 1.34057 1.37303 1.4055 1.43803 1.47066 1.50332 1.53608 2.88818 2.89763 2.90747 2.91716 2.92676 2.9363 2.94583 2.9553 2.96469 2.97445 2.98322 2.99218 3.00106 3.0098 3.01898 3.02703 3.0355 3.04392 3.05223 3.06004 3.06861 3.07672 3.08476 3.09278 3.10024 3.1087 3.11662 3.12453 3.13243 3.14032 3.14822 3.15612 3.16405 3.17197 3.17992 3.1879 3.19587 3.20389 3.21197 3.22005 3.22823 3.2364 3.24467 3.25296 3.26133 3.26961 3.27823 3.28698 3.29586 3.30434 3.31372 3.32199 3.3314 3.33998 3.3492 3.35542 
1.5 1.5 1.5 1.5 1.5 1.5 1.5 1.5 1.5 1.5 1.5 1.11069 1.14244 1.17424 1.20613 1.23798 1.26992 1.30193 1.334 1.36612 1.39827 1.43046 1.4627 1.49502 1.5273 2.87711 2.88667 2.89639 2.90598 2.91557 2.92509 2.93461 2.94408 2.95349 2.96301 2.9721 2.98114 2.99011 2.99899 3.00822 3.01654 3.02521 3.03383 3.04236 3.05049 3.05928 3.06766 3.07601 3.08434 3.09221 3.1009 3.10915 3.11738 3.1256 3.13381 3.14203 3.15024 3.15846 3.16667 3.17488 3.18311 3.19133 3.1996 3.2079 3.21619 3.22456 3.23289 3.24135 3.24977 3.25827 3.26671 3.27545 3.28432 3.29319 3.30187 3.31132 3.31941 3.32954 3.33724 3.34702 3.35389 
1.5 1.5 1.5 1.5 1.5 1.5 1.5 1.5 1.5 1.5 1.5 1.10641 1.13791 1.16946 1.20106 1.23268 1.26435 1.29607 1.32783 1.35967 1.39148 1.42337 1.45533 1.48731 1.51921 2.86739 2.87707 2.88668 2.8962 2.90581 2.91531 2.92483 2.93431 2.94376 2.95348 2.96248 2.9716 2.98066 2.98967 2.999 3.00754 3.0164 3.02521 3.03397 3.04239 3.05138 3.06005 3.06869 3.07731 3.08556 3.09449 3.10306 3.11161 3.12016 3.12869 3.13724 3.14577 3.15429 3.16281 3.17132 3.17985 3.18837 3.19693 3.20549 3.21406 3.22269 3.23128 3.23999 3.24863 3.25735 3.26606 3.275 3.28406 3.29302 3.30203 3.31143 3.31984 3.33017 3.33765 3.3477 3.35584 
1.5 1.5 1.5 1.5 1.5 1.5 1.5 1.5 1.5 1.5 1.5 1.10234 1.13361 1.16491 1.19629 1.22764 1.25906 1.29052 1.32201 1.35347 1.38508 1.41668 1.44832 1.48 1.5118 2.85851 2.86821 2.87776 2.88727 2.89688 2.90644 2.916 2.92553 2.93504 2.94477 2.95392 2.96317 2.97237 2.98154 2.99099 2.99978 3.00886 3.01789 3.0269 3.03563 3.04484 3.05378 3.06271 3.07162 3.08026 3.08941 3.09829 3.10716 3.11602 3.12488 3.13374 3.14259 3.15143 3.16028 3.16912 3.17796 3.18682 3.19569 3.20457 3.21347 3.22239 3.23131 3.24032 3.24927 3.25828 3.26733 3.27653 3.2858 3.29497 3.30433 3.31369 3.32268 3.33279 3.34077 3.35083 3.36039 
1.5 1.5 1.5 1.5 1.5 1.5 1.5 1.5 1.5 1.5 1.5 1.09857 1.12964 1.16071 1.19186 1.22298 1.25415 1.28535 1.31659 1.34777 1.37914 1.41047 1.4418 1.4732 1.5047 2.85017 2.85985 2.86941 2.879 2.88872 2.89831 2.90795 2.91757 2.92717 2.93694 2.94629 2.95572 2.96511 2.9745 2.98378 2.9932 3.00253 3.01182 3.0211 3.0302 3.03962 3.04885 3.05809 3.0673 3.07634 3.08571 3.09491 3.10409 3.11327 3.12244 3.13162 3.14079 3.14995 3.15911 3.16828 3.17746 3.18665 3.19586 3.20506 3.2143 3.22354 3.23282 3.24212 3.25141 3.26074 3.27015 3.27962 3.28911 3.29855 3.3082 3.31762 3.32721 3.33695 3.34584 3.35578 3.36648 
1.5 1.5 1.5 1.5 1.5 1.5 1.5 1.5 1.5 1.5 1.5 1.09509 1.12596 1.15684 1.18766 1.21867 1.2496 1.28058 1.31158 1.34263 1.37366 1.40474 1.4358 1.46693 1.4979 2.84214 2.85182 2.86149 2.87123 2.88105 2.8908 2.90057 2.91033 2.92008 2.92975 2.93956 2.94922 2.95888 2.96853 2.97832 2.9878 2.99742 3.00701 3.01661 3.02611 3.03575 3.04531 3.05485 3.06438 3.07382 3.08342 3.09293 3.10243 3.11192 3.12141 3.1309 3.14038 3.14986 3.15935 3.16884 3.17834 3.18786 3.19738 3.20691 3.21646 3.22602 3.23562 3.24521 3.25482 3.26445 3.27417 3.28388 3.29359 3.30329 3.31313 3.3227 3.33273 3.34219 3.35202 3.36181 3.37305 
1.5 1.5 1.5 1.5 1.5 1.5 1.5 1.5 1.5 1.5 1.5 1.092 1.1227 1.15337 1.18411 1.21483 1.24556 1.27635 1.30714 1.33798 1.36878 1.39965 1.43049 1.46136 1.49233 2.83498 2.84475 2.8546 2.86451 2.87447 2.88435 2.89427 2.90419 2.9141 2.92404 2.93395 2.94387 2.9538 2.96373 2.97351 2.98359 2.99351 3.00343 3.01334 3.02326 3.03315 3.04304 3.05292 3.06278 3.07265 3.08249 3.09232 3.10215 3.11196 3.12177 3.13157 3.14137 3.15116 3.16096 3.17076 3.18055 3.19036 3.20017 3.20998 3.21981 3.22964 3.2395 3.24933 3.25921 3.26908 3.27903 3.28893 3.29881 3.30871 3.31868 3.32844 3.33866 3.34807 3.35855 3.36826 3.3794 
1.5 1.5 1.5 1.5 1.5 1.5 1.5 1.5 1.5 1.5 1.5 1.08918 1.11972 1.15023 1.18079 1.21131 1.2419 1.27248 1.30307 1.33361 1.36433 1.39498 1.42562 1.45628 1.48698 2.8293 2.83921 2.84924 2.85931 2.86941 2.87941 2.88946 2.89952 2.90959 2.91962 2.92978 2.93994 2.95013 2.96032 2.97033 2.98072 2.99093 3.00114 3.01136 3.02167 3.03179 3.04199 3.05219 3.06237 3.07265 3.08272 3.09287 3.10301 3.11314 3.12326 3.13337 3.14346 3.15355 3.16364 3.17371 3.18378 3.19385 3.20391 3.21397 3.22403 3.23407 3.24414 3.25417 3.26424 3.27429 3.28437 3.2944 3.30441 3.31444 3.32447 3.33441 3.34463 3.3542 3.36492 3.37462 3.38522 
1.5 1.5 1.5 1.5 1.5 1.5 1.5 1.5 1.5 1.5 1.5 1.0867 1.11696 1.14748 1.17789 1.20825 1.23871 1.26915 1.29957 1.33006 1.36049 1.39096 1.42145 1.45193 1.48247 2.82552 2.83558 2.84576 2.85594 2.86553 2.87623 2.88639 2.89657 2.90676 2.91685 2.92724 2.93759 2.94798 2.95838 2.96874 2.97924 2.98968 3.00014 3.0106 3.02123 3.03155 3.04202 3.05249 3.06295 3.07356 3.08385 3.09428 3.1047 3.11511 3.12551 3.13589 3.14626 3.15661 3.16695 3.17728 3.18759 3.19789 3.20816 3.21843 3.22867 3.2389 3.24913 3.25931 3.26952 3.2797 3.28987 3.29999 3.31008 3.3202 3.33026 3.34034 3.35048 3.36031 3.37093 3.38072 3.39068 
1.5 1.5 1.5 1.5 1.5 1.5 1.5 1.5 1.5 1.5 1.5 1.08459 1.11486 1.14511 1.17533 1.20567 1.23597 1.26625 1.29656 1.32687 1.35717 1.38749 1.41781 1.44815 1.47857 2.82417 2.83437 2.84461 2.85483 2.86504 2.87519 2.88539 2.89561 2.90586 2.91598 2.92645 2.93689 2.94737 2.95787 2.96825 2.97895 2.98953 3.00014 3.01076 3.02159 3.03206 3.04272 3.05339 3.06407 3.07495 3.08541 3.09608 3.10673 3.11738 3.12802 3.13863 3.14924 3.15983 3.1704 3.18094 3.19147 3.20196 3.21244 3.22289 3.23331 3.2437 3.25407 3.2644 3.27473 3.28502 3.29526 3.30546 3.31564 3.32582 3.33593 3.34611 3.35618 3.36628 3.37665 3.38657 3.39612 
1.5 1.5 1.5 1.5 1.5 1.5 1.5 1.5 1.5 1.5 1.5 1.0828 1.11296 1.14309 1.17321 1.20346 1.23359 1.26375 1.29395 1.32414 1.35431 1.38449 1.41469 1.44488 1.47488 2.82476 2.83502 2.84526 2.85545 2.86566 2.87581 2.88602 2.89624 2.9065 2.91659 2.92712 2.93759 2.94809 2.95862 2.96902 2.97979 2.99043 3.0011 3.01179 3.02272 3.03327 3.04404 3.05483 3.06563 3.07666 3.08725 3.09807 3.10889 3.1197 3.13051 3.1413 3.15208 3.16285 3.17361 3.18434 3.19504 3.20571 3.21636 3.22698 3.23757 3.24812 3.25863 3.26912 3.27958 3.28999 3.30034 3.31065 3.32093 3.33119 3.34139 3.35165 3.36176 3.37207 3.38224 3.39234 3.40182 
1.5 1.5 1.5 1.5 1.5 1.5 1.5 1.5 1.5 1.5 1.5 1.08152 1.1116 1.14168 1.17181 1.20187 1.23195 1.26205 1.29214 1.32227 1.35236 1.38245 1.41258 1.44269 1.47284 2.82632 2.8366 2.84677 2.85691 2.86708 2.87721 2.88738 2.89758 2.90781 2.91787 2.92838 2.93881 2.94928 2.95978 2.97014 2.98092 2.99155 3.00222 3.01293 3.02386 3.03445 3.04526 3.05609 3.06695 3.07806 3.08873 3.09963 3.11055 3.12147 3.13239 3.1433 3.15421 3.16511 3.17599 3.18686 3.1977 3.20851 3.2193 3.23005 3.24077 3.25145 3.26209 3.2727 3.28326 3.29377 3.30423 3.31462 3.32498 3.33531 3.34561 3.35592 3.3661 3.37652 3.38654 3.39678 3.40643 
1.5 1.5 1.5 1.5 1.5 1.5 1.5 1.5 1.5 1.5 1.5 1.08043 1.11048 1.1405 1.17058 1.20055 1.23059 1.26063 1.29067 1.32071 1.35073 1.38078 1.41083 1.44087 1.47095 2.82883 2.83901 2.84909 2.85916 2.86931 2.87935 2.88947 2.89962 2.9098 2.91984 2.93025 2.9406 2.95098 2.9614 2.97168 2.9824 2.99296 3.00357 3.01422 3.02508 3.03565 3.04643 3.05724 3.06808 3.07918 3.08987 3.10079 3.11174 3.1227 3.13367 3.14465 3.15564 3.16662 3.1776 3.18858 3.19953 3.21047 3.22139 3.23229 3.24315 3.25399 3.26478 3.27555 3.28627 3.29695 3.30758 3.31811 3.32861 3.33907 3.3495 3.35992 3.37028 3.38077 3.39089 3.40132 3.41154 
1.5 1.5 1.5 1.5 1.5 1.5 1.5 1.5 1.5 1.5 1.5 1.07942 1.10939 1.13938 1.16933 1.19933 1.22932 1.2593 1.28926 1.31923 1.34922 1.3792 1.40917 1.43916 1.46926 2.83074 2.84081 2.85085 2.86091 2.87099 2.88107 2.89118 2.90131 2.91146 2.9215 2.93188 2.94219 2.95254 2.96293 2.97318 2.98386 2.99438 3.00495 3.01557 3.02637 3.03693 3.04767 3.05844 3.06926 3.08031 3.09099 3.1019 3.11284 3.1238 3.13478 3.14578 3.1568 3.16783 3.17887 3.18991 3.20095 3.21199 3.22303 3.23405 3.24505 3.25604 3.267 3.27794 3.28884 3.29973 3.31059 3.32129 3.33196 3.34259 3.3532 3.36378 3.37437 3.38494 3.39541 3.40609 3.41698 
1.5 1.5 1.5 1.5 1.5 1.5 1.5 1.5 1.5 1.5 1.5 1.07856 1.10849 1.13839 1.16828 1.19819 1.22809 1.25799 1.28788 1.31778 1.34767 1.37754 1.40743 1.43731 1.46701 2.8337 2.84372 2.85378 2.86384 2.87392 2.884 2.8941 2.90422 2.91436 2.92446 2.93473 2.945 2.95531 2.96565 2.97587 2.98645 2.9969 3.00739 3.01792 3.02862 3.03911 3.04976 3.06044 3.07117 3.08211 3.09274 3.10357 3.11445 3.12535 3.1363 3.14727 3.15827 3.1693 3.18036 3.19145 3.20255 3.21367 3.22479 3.23593 3.24706 3.25819 3.26932 3.28043 3.29153 3.30262 3.31371 3.32459 3.33543 3.34624 3.35704 3.3678 3.37859 3.38932 3.40017 3.41108 3.42235 
