5
s 30 2 62
r 20 0.01 0 5.26353 0.01
r 22 0.01 0 4.97735 0.01
r 24 0.01 0 4.02424 0.01
r 26 0.01 0 2.9869 0.01
r 28 0.01 0 1.88634 0.01
r 30 0.01 0 1.33054 0.01
r 32 0.01 0 1.88634 0.01
r 34 0.01 0 2.98691 0.01
r 36 0.01 0 4.027 0.01
r 38 0.01 0 4.98674 0.01
r 40 0.01 0 5.24044 0.01
r 42 0.01 0 5.57063 0.01
r 44 0.01 0 5.90201 0.01
r 46 0.01 0 6.22878 0.01
r 48 0.01 0 6.54424 0.01
r 50 0.01 0 6.85637 0.01
r 52 0.01 0 7.18836 0.01
r 54 0.01 0 7.52355 0.01
r 56 0.01 0 7.84568 0.01
r 58 0.01 0 8.16334 0.01
r 60 0.01 0 8.48411 0.01
r 62 0.01 0 8.78105 0.01
r 64 0.01 0 9.07408 0.01
r 66 0.01 0 9.36525 0.01
r 68 0.01 0 9.6452 0.01
r 70 0.01 0 9.92619 0.01
r 72 0.01 0 10.2257 0.01
r 74 0.01 0 10.5129 0.01
r 76 0.01 0 10.7878 0.01
r 78 0.01 0 11.0505 0.01
r 80 0.01 0 11.3163 0.01
r 20 0.01 7 6.34621 0.01
r 22 0.01 7 6.02499 0.01
r 24 0.01 7 5.71639 0.01
r 26 0.01 7 5.38935 0.01
r 28 0.01 7 5.0341 0.01
r 30 0.01 7 4.72448 0.01
r 32 0.01 7 5.0329 0.01
r 34 0.01 7 5.39419 0.01
r 36 0.01 7 5.70122 0.01
r 38 0.01 7 6.00498 0.01
r 40 0.01 7 6.309 0.01
r 42 0.01 7 6.65205 0.01
r 44 0.01 7 6.98397 0.01
r 46 0.01 7 7.30146 0.01
r 48 0.01 7 7.61444 0.01
r 50 0.01 7 7.92926 0.01
r 52 0.01 7 8.26993 0.01
r 54 0.01 7 8.59888 0.01
r 56 0.01 7 8.91568 0.01
r 58 0.01 7 9.22633 0.01
r 60 0.01 7 9.48217 0.01
r 62 0.01 7 9.7879 0.01
r 64 0.01 7 10.0838 0.01
r 66 0.01 7 10.3723 0.01
r 68 0.01 7 10.6444 0.01
r 70 0.01 7 10.9235 0.01
r 72 0.01 7 11.2199 0.01
r 74 0.01 7 11.4991 0.01
r 76 0.01 7 11.7697 0.01
r 78 0.01 7 12.0322 0.01
r 80 0.01 7 12.3059 0.01
s 40 2 62
r 20 0.01 0 6.85322 0.01
r 22 0.01 0 6.53969 0.01
r 24 0.01 0 6.23024 0.01
r 26 0.01 0 5.9002 0.01
r 28 0.01 0 5.57083 0.01
r 30 0.01 0 5.23814 0.01
r 32 0.01 0 4.97814 0.01
r 34 0.01 0 4.01711 0.01
r 36 0.01 0 2.9861 0.01
r 38 0.01 0 1.88581 0.01
r 40 0.01 0 1.33015 0.01
r 42 0.01 0 1.88581 0.01
r 44 0.01 0 2.9861 0.01
r 46 0.01 0 4.01629 0.01
r 48 0.01 0 4.97445 0.01
r 50 0.01 0 5.24219 0.01
r 52 0.01 0 5.5711 0.01
r 54 0.01 0 5.90578 0.01
r 56 0.01 0 6.23816 0.01
r 58 0.01 0 6.54492 0.01
r 60 0.01 0 6.85305 0.01
r 62 0.01 0 7.18137 0.01
r 64 0.01 0 7.51731 0.01
r 66 0.01 0 7.8426 0.01
r 68 0.01 0 8.1889 0.01
r 70 0.01 0 8.48083 0.01
r 72 0.01 0 8.78665 0.01
r 74 0.01 0 9.08047 0.01
r 76 0.01 0 9.36625 0.01
r 78 0.01 0 9.65043 0.01
r 80 0.01 0 9.93221 0.01
r 20 0.01 7 7.93886 0.01
r 22 0.01 7 7.61714 0.01
r 24 0.01 7 7.31516 0.01
r 26 0.01 7 6.99594 0.01
r 28 0.01 7 6.63062 0.01
r 30 0.01 7 6.31975 0.01
r 32 0.01 7 6.00653 0.01
r 34 0.01 7 5.69458 0.01
r 36 0.01 7 5.37675 0.01
r 38 0.01 7 5.00699 0.01
r 40 0.01 7 4.69724 0.01
r 42 0.01 7 5.01454 0.01
r 44 0.01 7 5.38004 0.01
r 46 0.01 7 5.69778 0.01
r 48 0.01 7 6.0116 0.01
r 50 0.01 7 6.32563 0.01
r 52 0.01 7 6.66629 0.01
r 54 0.01 7 6.99525 0.01
r 56 0.01 7 7.31296 0.01
r 58 0.01 7 7.62269 0.01
r 60 0.01 7 7.93289 0.01
r 62 0.01 7 8.27427 0.01
r 64 0.01 7 8.60477 0.01
r 66 0.01 7 8.92253 0.01
r 68 0.01 7 9.20661 0.01
r 70 0.01 7 9.49386 0.01
r 72 0.01 7 9.7988 0.01
r 74 0.01 7 10.0877 0.01
r 76 0.01 7 10.374 0.01
r 78 0.01 7 10.6538 0.01
r 80 0.01 7 10.9416 0.01
s 50 2 62
r 20 0.01 0 8.47005 0.01
r 22 0.01 0 8.1596 0.01
r 24 0.01 0 7.84542 0.01
r 26 0.01 0 7.52115 0.01
r 28 0.01 0 7.18714 0.01
r 30 0.01 0 6.85927 0.01
r 32 0.01 0 6.54694 0.01
r 34 0.01 0 6.23307 0.01
r 36 0.01 0 5.90781 0.01
r 38 0.01 0 5.57057 0.01
r 40 0.01 0 5.24316 0.01
r 42 0.01 0 4.97404 0.01
r 44 0.01 0 4.01867 0.01
r 46 0.01 0 2.98638 0.01
r 48 0.01 0 1.886 0.01
r 50 0.01 0 1.33029 0.01
r 52 0.01 0 1.886 0.01
r 54 0.01 0 2.98638 0.01
r 56 0.01 0 4.01892 0.01
r 58 0.01 0 4.97318 0.01
r 60 0.01 0 5.24507 0.01
r 62 0.01 0 5.57159 0.01
r 64 0.01 0 5.9085 0.01
r 66 0.01 0 6.2354 0.01
r 68 0.01 0 6.55114 0.01
r 70 0.01 0 6.86163 0.01
r 72 0.01 0 7.18505 0.01
r 74 0.01 0 7.51715 0.01
r 76 0.01 0 7.84236 0.01
r 78 0.01 0 8.15858 0.01
r 80 0.01 0 8.46925 0.01
r 20 0.01 7 9.54371 0.01
r 22 0.01 7 9.22198 0.01
r 24 0.01 7 8.9213 0.01
r 26 0.01 7 8.5988 0.01
r 28 0.01 7 8.23154 0.01
r 30 0.01 7 7.9246 0.01
r 32 0.01 7 7.61088 0.01
r 34 0.01 7 7.29944 0.01
r 36 0.01 7 6.98192 0.01
r 38 0.01 7 6.65409 0.01
r 40 0.01 7 6.3102 0.01
r 42 0.01 7 6.0013 0.01
r 44 0.01 7 5.69052 0.01
r 46 0.01 7 5.374 0.01
r 48 0.01 7 5.01198 0.01
r 50 0.01 7 4.69765 0.01
r 52 0.01 7 5.0121 0.01
r 54 0.01 7 5.37419 0.01
r 56 0.01 7 5.69183 0.01
r 58 0.01 7 6.00238 0.01
r 60 0.01 7 6.31178 0.01
r 62 0.01 7 6.65317 0.01
r 64 0.01 7 6.98363 0.01
r 66 0.01 7 7.30139 0.01
r 68 0.01 7 7.61226 0.01
r 70 0.01 7 7.92577 0.01
r 72 0.01 7 8.27045 0.01
r 74 0.01 7 8.59784 0.01
r 76 0.01 7 8.91871 0.01
r 78 0.01 7 9.22195 0.01
r 80 0.01 7 9.54066 0.01
s 60 2 62
r 20 0.01 0 9.9445 0.01
r 22 0.01 0 9.64919 0.01
r 24 0.01 0 9.36527 0.01
r 26 0.01 0 9.07894 0.01
r 28 0.01 0 8.78716 0.01
r 30 0.01 0 8.48037 0.01
r 32 0.01 0 8.18736 0.01
r 34 0.01 0 7.84199 0.01
r 36 0.01 0 7.51725 0.01
r 38 0.01 0 7.18158 0.01
r 40 0.01 0 6.85418 0.01
r 42 0.01 0 6.54791 0.01
r 44 0.01 0 6.23206 0.01
r 46 0.01 0 5.9075 0.01
r 48 0.01 0 5.57117 0.01
r 50 0.01 0 5.24287 0.01
r 52 0.01 0 4.97031 0.01
r 54 0.01 0 4.0153 0.01
r 56 0.01 0 2.98605 0.01
r 58 0.01 0 1.88582 0.01
r 60 0.01 0 1.33013 0.01
r 62 0.01 0 1.88582 0.01
r 64 0.01 0 2.98605 0.01
r 66 0.01 0 4.01773 0.01
r 68 0.01 0 4.97845 0.01
r 70 0.01 0 5.24078 0.01
r 72 0.01 0 5.56863 0.01
r 74 0.01 0 5.90382 0.01
r 76 0.01 0 6.22601 0.01
r 78 0.01 0 6.53965 0.01
r 80 0.01 0 6.85629 0.01
r 20 0.01 7 10.944 0.01
r 22 0.01 7 10.651 0.01
r 24 0.01 7 10.3696 0.01
r 26 0.01 7 10.0891 0.01
r 28 0.01 7 9.79248 0.01
r 30 0.01 7 9.48945 0.01
r 32 0.01 7 9.20787 0.01
r 34 0.01 7 8.91769 0.01
r 36 0.01 7 8.60017 0.01
r 38 0.01 7 8.27154 0.01
r 40 0.01 7 7.92842 0.01
r 42 0.01 7 7.61861 0.01
r 44 0.01 7 7.30876 0.01
r 46 0.01 7 6.99218 0.01
r 48 0.01 7 6.66332 0.01
r 50 0.01 7 6.32274 0.01
r 52 0.01 7 6.00821 0.01
r 54 0.01 7 5.69324 0.01
r 56 0.01 7 5.37642 0.01
r 58 0.01 7 5.01297 0.01
r 60 0.01 7 4.69672 0.01
r 62 0.01 7 5.00343 0.01
r 64 0.01 7 5.37599 0.01
r 66 0.01 7 5.69404 0.01
r 68 0.01 7 6.00542 0.01
r 70 0.01 7 6.31846 0.01
r 72 0.01 7 6.66298 0.01
r 74 0.01 7 6.98918 0.01
r 76 0.01 7 7.31092 0.01
r 78 0.01 7 7.61464 0.01
r 80 0.01 7 7.93334 0.01
s 70 2 62
r 20 0.01 0 11.3197 0.01
r 22 0.01 0 11.0492 0.01
r 24 0.01 0 10.7863 0.01
r 26 0.01 0 10.5082 0.01
r 28 0.01 0 10.2317 0.01
r 30 0.01 0 9.92533 0.01
r 32 0.01 0 9.64599 0.01
r 34 0.01 0 9.36397 0.01
r 36 0.01 0 9.07746 0.01
r 38 0.01 0 8.78288 0.01
r 40 0.01 0 8.48426 0.01
r 42 0.01 0 8.16308 0.01
r 44 0.01 0 7.85124 0.01
r 46 0.01 0 7.52217 0.01
r 48 0.01 0 7.18563 0.01
r 50 0.01 0 6.86133 0.01
r 52 0.01 0 6.54378 0.01
r 54 0.01 0 6.22939 0.01
r 56 0.01 0 5.90403 0.01
r 58 0.01 0 5.56715 0.01
r 60 0.01 0 5.24139 0.01
r 62 0.01 0 4.98724 0.01
r 64 0.01 0 4.02835 0.01
r 66 0.01 0 2.98693 0.01
r 68 0.01 0 1.88636 0.01
r 70 0.01 0 1.33055 0.01
r 72 0.01 0 1.88635 0.01
r 74 0.01 0 2.98692 0.01
r 76 0.01 0 4.02379 0.01
r 78 0.01 0 4.9767 0.01
r 80 0.01 0 5.26333 0.01
r 20 0.01 7 12.3094 0.01
r 22 0.01 7 12.0359 0.01
r 24 0.01 7 11.7716 0.01
r 26 0.01 7 11.5013 0.01
r 28 0.01 7 11.2204 0.01
r 30 0.01 7 10.9243 0.01
r 32 0.01 7 10.6485 0.01
r 34 0.01 7 10.3746 0.01
r 36 0.01 7 10.086 0.01
r 38 0.01 7 9.7916 0.01
r 40 0.01 7 9.4838 0.01
r 42 0.01 7 9.22811 0.01
r 44 0.01 7 8.91731 0.01
r 46 0.01 7 8.60167 0.01
r 48 0.01 7 8.27281 0.01
r 50 0.01 7 7.93223 0.01
r 52 0.01 7 7.61694 0.01
r 54 0.01 7 7.30278 0.01
r 56 0.01 7 6.98622 0.01
r 58 0.01 7 6.65572 0.01
r 60 0.01 7 6.31397 0.01
r 62 0.01 7 6.00702 0.01
r 64 0.01 7 5.70361 0.01
r 66 0.01 7 5.39624 0.01
r 68 0.01 7 5.04074 0.01
r 70 0.01 7 4.72646 0.01
r 72 0.01 7 5.03534 0.01
r 74 0.01 7 5.38903 0.01
r 76 0.01 7 5.71753 0.01
r 78 0.01 7 6.02767 0.01
r 80 0.01 7 6.34657 0.01
