5
s 30 2 31
r 20 0.01 7 6.34621 0.01
r 22 0.01 7 6.02499 0.01
r 24 0.01 7 5.71639 0.01
r 26 0.01 7 5.38935 0.01
r 28 0.01 7 5.0341 0.01
r 30 0.01 7 4.72448 0.01
r 32 0.01 7 5.0329 0.01
r 34 0.01 7 5.39419 0.01
r 36 0.01 7 5.70122 0.01
r 38 0.01 7 6.00498 0.01
r 40 0.01 7 6.309 0.01
r 42 0.01 7 6.65205 0.01
r 44 0.01 7 6.98397 0.01
r 46 0.01 7 7.30146 0.01
r 48 0.01 7 7.61444 0.01
r 50 0.01 7 7.92926 0.01
r 52 0.01 7 8.26993 0.01
r 54 0.01 7 8.59888 0.01
r 56 0.01 7 8.91568 0.01
r 58 0.01 7 9.22633 0.01
r 60 0.01 7 9.48217 0.01
r 62 0.01 7 9.7879 0.01
r 64 0.01 7 10.0838 0.01
r 66 0.01 7 10.3723 0.01
r 68 0.01 7 10.6444 0.01
r 70 0.01 7 10.9235 0.01
r 72 0.01 7 11.2199 0.01
r 74 0.01 7 11.4991 0.01
r 76 0.01 7 11.7697 0.01
r 78 0.01 7 12.0322 0.01
r 80 0.01 7 12.3059 0.01
s 40 2 31
r 20 0.01 7 7.93886 0.01
r 22 0.01 7 7.61714 0.01
r 24 0.01 7 7.31516 0.01
r 26 0.01 7 6.99594 0.01
r 28 0.01 7 6.63062 0.01
r 30 0.01 7 6.31975 0.01
r 32 0.01 7 6.00653 0.01
r 34 0.01 7 5.69458 0.01
r 36 0.01 7 5.37675 0.01
r 38 0.01 7 5.00699 0.01
r 40 0.01 7 4.69724 0.01
r 42 0.01 7 5.01454 0.01
r 44 0.01 7 5.38004 0.01
r 46 0.01 7 5.69778 0.01
r 48 0.01 7 6.0116 0.01
r 50 0.01 7 6.32563 0.01
r 52 0.01 7 6.66629 0.01
r 54 0.01 7 6.99525 0.01
r 56 0.01 7 7.31296 0.01
r 58 0.01 7 7.62269 0.01
r 60 0.01 7 7.93289 0.01
r 62 0.01 7 8.27427 0.01
r 64 0.01 7 8.60477 0.01
r 66 0.01 7 8.92253 0.01
r 68 0.01 7 9.20661 0.01
r 70 0.01 7 9.49386 0.01
r 72 0.01 7 9.7988 0.01
r 74 0.01 7 10.0877 0.01
r 76 0.01 7 10.374 0.01
r 78 0.01 7 10.6538 0.01
r 80 0.01 7 10.9416 0.01
s 50 2 31
r 20 0.01 7 9.54371 0.01
r 22 0.01 7 9.22198 0.01
r 24 0.01 7 8.9213 0.01
r 26 0.01 7 8.5988 0.01
r 28 0.01 7 8.23154 0.01
r 30 0.01 7 7.9246 0.01
r 32 0.01 7 7.61088 0.01
r 34 0.01 7 7.29944 0.01
r 36 0.01 7 6.98192 0.01
r 38 0.01 7 6.65409 0.01
r 40 0.01 7 6.3102 0.01
r 42 0.01 7 6.0013 0.01
r 44 0.01 7 5.69052 0.01
r 46 0.01 7 5.374 0.01
r 48 0.01 7 5.01198 0.01
r 50 0.01 7 4.69765 0.01
r 52 0.01 7 5.0121 0.01
r 54 0.01 7 5.37419 0.01
r 56 0.01 7 5.69183 0.01
r 58 0.01 7 6.00238 0.01
r 60 0.01 7 6.31178 0.01
r 62 0.01 7 6.65317 0.01
r 64 0.01 7 6.98363 0.01
r 66 0.01 7 7.30139 0.01
r 68 0.01 7 7.61226 0.01
r 70 0.01 7 7.92577 0.01
r 72 0.01 7 8.27045 0.01
r 74 0.01 7 8.59784 0.01
r 76 0.01 7 8.91871 0.01
r 78 0.01 7 9.22195 0.01
r 80 0.01 7 9.54066 0.01
s 60 2 31
r 20 0.01 7 10.944 0.01
r 22 0.01 7 10.651 0.01
r 24 0.01 7 10.3696 0.01
r 26 0.01 7 10.0891 0.01
r 28 0.01 7 9.79248 0.01
r 30 0.01 7 9.48945 0.01
r 32 0.01 7 9.20787 0.01
r 34 0.01 7 8.91769 0.01
r 36 0.01 7 8.60017 0.01
r 38 0.01 7 8.27154 0.01
r 40 0.01 7 7.92842 0.01
r 42 0.01 7 7.61861 0.01
r 44 0.01 7 7.30876 0.01
r 46 0.01 7 6.99218 0.01
r 48 0.01 7 6.66332 0.01
r 50 0.01 7 6.32274 0.01
r 52 0.01 7 6.00821 0.01
r 54 0.01 7 5.69324 0.01
r 56 0.01 7 5.37642 0.01
r 58 0.01 7 5.01297 0.01
r 60 0.01 7 4.69672 0.01
r 62 0.01 7 5.00343 0.01
r 64 0.01 7 5.37599 0.01
r 66 0.01 7 5.69404 0.01
r 68 0.01 7 6.00542 0.01
r 70 0.01 7 6.31846 0.01
r 72 0.01 7 6.66298 0.01
r 74 0.01 7 6.98918 0.01
r 76 0.01 7 7.31092 0.01
r 78 0.01 7 7.61464 0.01
r 80 0.01 7 7.93334 0.01
s 70 2 31
r 20 0.01 7 12.3094 0.01
r 22 0.01 7 12.0359 0.01
r 24 0.01 7 11.7716 0.01
r 26 0.01 7 11.5013 0.01
r 28 0.01 7 11.2204 0.01
r 30 0.01 7 10.9243 0.01
r 32 0.01 7 10.6485 0.01
r 34 0.01 7 10.3746 0.01
r 36 0.01 7 10.086 0.01
r 38 0.01 7 9.7916 0.01
r 40 0.01 7 9.4838 0.01
r 42 0.01 7 9.22811 0.01
r 44 0.01 7 8.91731 0.01
r 46 0.01 7 8.60167 0.01
r 48 0.01 7 8.27281 0.01
r 50 0.01 7 7.93223 0.01
r 52 0.01 7 7.61694 0.01
r 54 0.01 7 7.30278 0.01
r 56 0.01 7 6.98622 0.01
r 58 0.01 7 6.65572 0.01
r 60 0.01 7 6.31397 0.01
r 62 0.01 7 6.00702 0.01
r 64 0.01 7 5.70361 0.01
r 66 0.01 7 5.39624 0.01
r 68 0.01 7 5.04074 0.01
r 70 0.01 7 4.72646 0.01
r 72 0.01 7 5.03534 0.01
r 74 0.01 7 5.38903 0.01
r 76 0.01 7 5.71753 0.01
r 78 0.01 7 6.02767 0.01
r 80 0.01 7 6.34657 0.01
