5
s 30 2 62
r 20 0.01 0 5.14337 0.01
r 22 0.01 0 4.71784 0.01
r 24 0.01 0 3.83355 0.01
r 26 0.01 0 2.97845 0.01
r 28 0.01 0 1.88091 0.01
r 30 0.01 0 1.32667 0.01
r 32 0.01 0 1.88091 0.01
r 34 0.01 0 2.97845 0.01
r 36 0.01 0 3.83355 0.01
r 38 0.01 0 4.71784 0.01
r 40 0.01 0 5.14337 0.01
r 42 0.01 0 5.49414 0.01
r 44 0.01 0 5.84391 0.01
r 46 0.01 0 6.19255 0.01
r 48 0.01 0 6.54102 0.01
r 50 0.01 0 6.88896 0.01
r 52 0.01 0 7.23609 0.01
r 54 0.01 0 7.58204 0.01
r 56 0.01 0 7.92724 0.01
r 58 0.01 0 8.27081 0.01
r 60 0.01 0 8.61345 0.01
r 62 0.01 0 8.9615 0.01
r 64 0.01 0 9.29886 0.01
r 66 0.01 0 9.64008 0.01
r 68 0.01 0 9.97406 0.01
r 70 0.01 0 10.3113 0.01
r 72 0.01 0 10.6448 0.01
r 74 0.01 0 10.9766 0.01
r 76 0.01 0 11.3067 0.01
r 78 0.01 0 11.6336 0.01
r 80 0.01 0 11.961 0.01
r 20 0.01 7 6.61232 0.01
r 22 0.01 7 6.22042 0.01
r 24 0.01 7 5.86508 0.01
r 26 0.01 7 5.49517 0.01
r 28 0.01 7 4.9747 0.01
r 30 0.01 7 4.84011 0.01
r 32 0.01 7 4.9747 0.01
r 34 0.01 7 5.49517 0.01
r 36 0.01 7 5.86508 0.01
r 38 0.01 7 6.22042 0.01
r 40 0.01 7 6.61232 0.01
r 42 0.01 7 6.96202 0.01
r 44 0.01 7 7.24443 0.01
r 46 0.01 7 7.59302 0.01
r 48 0.01 7 7.93239 0.01
r 50 0.01 7 8.27977 0.01
r 52 0.01 7 8.66587 0.01
r 54 0.01 7 9.01083 0.01
r 56 0.01 7 9.3469 0.01
r 58 0.01 7 9.68951 0.01
r 60 0.01 7 10.0313 0.01
r 62 0.01 7 10.3569 0.01
r 64 0.01 7 10.6937 0.01
r 66 0.01 7 11.0258 0.01
r 68 0.01 7 11.3593 0.01
r 70 0.01 7 11.6921 0.01
r 72 0.01 7 12.0303 0.01
r 74 0.01 7 12.359 0.01
r 76 0.01 7 12.6922 0.01
r 78 0.01 7 13.0166 0.01
r 80 0.01 7 13.3383 0.01
s 40 2 62
r 20 0.01 0 6.88896 0.01
r 22 0.01 0 6.54102 0.01
r 24 0.01 0 6.19255 0.01
r 26 0.01 0 5.84391 0.01
r 28 0.01 0 5.49414 0.01
r 30 0.01 0 5.14337 0.01
r 32 0.01 0 4.71784 0.01
r 34 0.01 0 3.83355 0.01
r 36 0.01 0 2.97845 0.01
r 38 0.01 0 1.88091 0.01
r 40 0.01 0 1.32667 0.01
r 42 0.01 0 1.88091 0.01
r 44 0.01 0 2.97845 0.01
r 46 0.01 0 3.83355 0.01
r 48 0.01 0 4.71784 0.01
r 50 0.01 0 5.14337 0.01
r 52 0.01 0 5.49414 0.01
r 54 0.01 0 5.84391 0.01
r 56 0.01 0 6.19255 0.01
r 58 0.01 0 6.54102 0.01
r 60 0.01 0 6.88896 0.01
r 62 0.01 0 7.23605 0.01
r 64 0.01 0 7.58206 0.01
r 66 0.01 0 7.92724 0.01
r 68 0.01 0 8.27083 0.01
r 70 0.01 0 8.61344 0.01
r 72 0.01 0 8.96162 0.01
r 74 0.01 0 9.29886 0.01
r 76 0.01 0 9.64008 0.01
r 78 0.01 0 9.97406 0.01
r 80 0.01 0 10.3113 0.01
r 20 0.01 7 8.27977 0.01
r 22 0.01 7 7.93239 0.01
r 24 0.01 7 7.59302 0.01
r 26 0.01 7 7.24443 0.01
r 28 0.01 7 6.96202 0.01
r 30 0.01 7 6.61232 0.01
r 32 0.01 7 6.22042 0.01
r 34 0.01 7 5.86508 0.01
r 36 0.01 7 5.49517 0.01
r 38 0.01 7 4.9747 0.01
r 40 0.01 7 4.84011 0.01
r 42 0.01 7 4.9747 0.01
r 44 0.01 7 5.49517 0.01
r 46 0.01 7 5.86508 0.01
r 48 0.01 7 6.22042 0.01
r 50 0.01 7 6.61232 0.01
r 52 0.01 7 6.96202 0.01
r 54 0.01 7 7.24443 0.01
r 56 0.01 7 7.59302 0.01
r 58 0.01 7 7.93239 0.01
r 60 0.01 7 8.27977 0.01
r 62 0.01 7 8.66587 0.01
r 64 0.01 7 9.01083 0.01
r 66 0.01 7 9.3469 0.01
r 68 0.01 7 9.68951 0.01
r 70 0.01 7 10.0313 0.01
r 72 0.01 7 10.3569 0.01
r 74 0.01 7 10.6937 0.01
r 76 0.01 7 11.0258 0.01
r 78 0.01 7 11.3593 0.01
r 80 0.01 7 11.6921 0.01
s 50 2 62
r 20 0.01 0 8.61345 0.01
r 22 0.01 0 8.27081 0.01
r 24 0.01 0 7.92724 0.01
r 26 0.01 0 7.58204 0.01
r 28 0.01 0 7.23609 0.01
r 30 0.01 0 6.88896 0.01
r 32 0.01 0 6.54102 0.01
r 34 0.01 0 6.19255 0.01
r 36 0.01 0 5.84391 0.01
r 38 0.01 0 5.49414 0.01
r 40 0.01 0 5.14337 0.01
r 42 0.01 0 4.71784 0.01
r 44 0.01 0 3.83355 0.01
r 46 0.01 0 2.97845 0.01
r 48 0.01 0 1.88091 0.01
r 50 0.01 0 1.32667 0.01
r 52 0.01 0 1.88091 0.01
r 54 0.01 0 2.97845 0.01
r 56 0.01 0 3.83355 0.01
r 58 0.01 0 4.71784 0.01
r 60 0.01 0 5.14337 0.01
r 62 0.01 0 5.49414 0.01
r 64 0.01 0 5.84391 0.01
r 66 0.01 0 6.19255 0.01
r 68 0.01 0 6.54102 0.01
r 70 0.01 0 6.88896 0.01
r 72 0.01 0 7.23605 0.01
r 74 0.01 0 7.58206 0.01
r 76 0.01 0 7.92724 0.01
r 78 0.01 0 8.27081 0.01
r 80 0.01 0 8.61345 0.01
r 20 0.01 7 10.0313 0.01
r 22 0.01 7 9.68951 0.01
r 24 0.01 7 9.3469 0.01
r 26 0.01 7 9.01083 0.01
r 28 0.01 7 8.66587 0.01
r 30 0.01 7 8.27977 0.01
r 32 0.01 7 7.93239 0.01
r 34 0.01 7 7.59302 0.01
r 36 0.01 7 7.24443 0.01
r 38 0.01 7 6.96202 0.01
r 40 0.01 7 6.61232 0.01
r 42 0.01 7 6.22042 0.01
r 44 0.01 7 5.86508 0.01
r 46 0.01 7 5.49517 0.01
r 48 0.01 7 4.9747 0.01
r 50 0.01 7 4.84011 0.01
r 52 0.01 7 4.9747 0.01
r 54 0.01 7 5.49517 0.01
r 56 0.01 7 5.86508 0.01
r 58 0.01 7 6.22042 0.01
r 60 0.01 7 6.61232 0.01
r 62 0.01 7 6.96202 0.01
r 64 0.01 7 7.24443 0.01
r 66 0.01 7 7.59302 0.01
r 68 0.01 7 7.93239 0.01
r 70 0.01 7 8.27977 0.01
r 72 0.01 7 8.66587 0.01
r 74 0.01 7 9.01083 0.01
r 76 0.01 7 9.3469 0.01
r 78 0.01 7 9.68951 0.01
r 80 0.01 7 10.0313 0.01
s 60 2 62
r 20 0.01 0 10.3113 0.01
r 22 0.01 0 9.97406 0.01
r 24 0.01 0 9.64008 0.01
r 26 0.01 0 9.29886 0.01
r 28 0.01 0 8.9615 0.01
r 30 0.01 0 8.61337 0.01
r 32 0.01 0 8.27083 0.01
r 34 0.01 0 7.92724 0.01
r 36 0.01 0 7.58204 0.01
r 38 0.01 0 7.23605 0.01
r 40 0.01 0 6.88896 0.01
r 42 0.01 0 6.54102 0.01
r 44 0.01 0 6.19255 0.01
r 46 0.01 0 5.84391 0.01
r 48 0.01 0 5.49414 0.01
r 50 0.01 0 5.14337 0.01
r 52 0.01 0 4.71784 0.01
r 54 0.01 0 3.83355 0.01
r 56 0.01 0 2.97845 0.01
r 58 0.01 0 1.88091 0.01
r 60 0.01 0 1.32667 0.01
r 62 0.01 0 1.88091 0.01
r 64 0.01 0 2.97845 0.01
r 66 0.01 0 3.83355 0.01
r 68 0.01 0 4.71784 0.01
r 70 0.01 0 5.14337 0.01
r 72 0.01 0 5.49373 0.01
r 74 0.01 0 5.84391 0.01
r 76 0.01 0 6.19255 0.01
r 78 0.01 0 6.54102 0.01
r 80 0.01 0 6.88896 0.01
r 20 0.01 7 11.6921 0.01
r 22 0.01 7 11.3593 0.01
r 24 0.01 7 11.0258 0.01
r 26 0.01 7 10.6937 0.01
r 28 0.01 7 10.3569 0.01
r 30 0.01 7 10.0313 0.01
r 32 0.01 7 9.68951 0.01
r 34 0.01 7 9.3469 0.01
r 36 0.01 7 9.01083 0.01
r 38 0.01 7 8.66587 0.01
r 40 0.01 7 8.27977 0.01
r 42 0.01 7 7.93239 0.01
r 44 0.01 7 7.59302 0.01
r 46 0.01 7 7.24443 0.01
r 48 0.01 7 6.96202 0.01
r 50 0.01 7 6.61232 0.01
r 52 0.01 7 6.22042 0.01
r 54 0.01 7 5.86508 0.01
r 56 0.01 7 5.49517 0.01
r 58 0.01 7 4.9747 0.01
r 60 0.01 7 4.84011 0.01
r 62 0.01 7 4.9747 0.01
r 64 0.01 7 5.49517 0.01
r 66 0.01 7 5.86508 0.01
r 68 0.01 7 6.22042 0.01
r 70 0.01 7 6.61232 0.01
r 72 0.01 7 6.96202 0.01
r 74 0.01 7 7.24443 0.01
r 76 0.01 7 7.59302 0.01
r 78 0.01 7 7.93239 0.01
r 80 0.01 7 8.27977 0.01
s 70 2 62
r 20 0.01 0 11.9611 0.01
r 22 0.01 0 11.6336 0.01
r 24 0.01 0 11.3067 0.01
r 26 0.01 0 10.9766 0.01
r 28 0.01 0 10.6463 0.01
r 30 0.01 0 10.3113 0.01
r 32 0.01 0 9.97408 0.01
r 34 0.01 0 9.64008 0.01
r 36 0.01 0 9.29886 0.01
r 38 0.01 0 8.96162 0.01
r 40 0.01 0 8.61345 0.01
r 42 0.01 0 8.27083 0.01
r 44 0.01 0 7.92724 0.01
r 46 0.01 0 7.58206 0.01
r 48 0.01 0 7.23609 0.01
r 50 0.01 0 6.88896 0.01
r 52 0.01 0 6.54102 0.01
r 54 0.01 0 6.19255 0.01
r 56 0.01 0 5.84391 0.01
r 58 0.01 0 5.49373 0.01
r 60 0.01 0 5.14337 0.01
r 62 0.01 0 4.71784 0.01
r 64 0.01 0 3.83355 0.01
r 66 0.01 0 2.97845 0.01
r 68 0.01 0 1.88091 0.01
r 70 0.01 0 1.32667 0.01
r 72 0.01 0 1.88091 0.01
r 74 0.01 0 2.97845 0.01
r 76 0.01 0 3.83355 0.01
r 78 0.01 0 4.71784 0.01
r 80 0.01 0 5.14337 0.01
r 20 0.01 7 13.3383 0.01
r 22 0.01 7 13.0166 0.01
r 24 0.01 7 12.6922 0.01
r 26 0.01 7 12.359 0.01
r 28 0.01 7 12.0303 0.01
r 30 0.01 7 11.6921 0.01
r 32 0.01 7 11.3593 0.01
r 34 0.01 7 11.0258 0.01
r 36 0.01 7 10.6937 0.01
r 38 0.01 7 10.3569 0.01
r 40 0.01 7 10.0313 0.01
r 42 0.01 7 9.68951 0.01
r 44 0.01 7 9.3469 0.01
r 46 0.01 7 9.01083 0.01
r 48 0.01 7 8.66587 0.01
r 50 0.01 7 8.27977 0.01
r 52 0.01 7 7.93239 0.01
r 54 0.01 7 7.59302 0.01
r 56 0.01 7 7.24443 0.01
r 58 0.01 7 6.96202 0.01
r 60 0.01 7 6.61232 0.01
r 62 0.01 7 6.22042 0.01
r 64 0.01 7 5.86508 0.01
r 66 0.01 7 5.49517 0.01
r 68 0.01 7 4.9747 0.01
r 70 0.01 7 4.84011 0.01
r 72 0.01 7 4.9747 0.01
r 74 0.01 7 5.49517 0.01
r 76 0.01 7 5.86508 0.01
r 78 0.01 7 6.22042 0.01
r 80 0.01 7 6.61232 0.01
