5
s 30 2 31
r 20 0.01 7 6.36073 0.01
r 22 0.01 7 6.02444 0.01
r 24 0.01 7 5.6675 0.01
r 26 0.01 7 5.31138 0.01
r 28 0.01 7 4.80084 0.01
r 30 0.01 7 4.66891 0.01
r 32 0.01 7 4.80084 0.01
r 34 0.01 7 5.31138 0.01
r 36 0.01 7 5.6675 0.01
r 38 0.01 7 6.02444 0.01
r 40 0.01 7 6.36073 0.01
r 42 0.01 7 6.6689 0.01
r 44 0.01 7 7.0005 0.01
r 46 0.01 7 7.33022 0.01
r 48 0.01 7 7.64819 0.01
r 50 0.01 7 7.97084 0.01
r 52 0.01 7 8.29076 0.01
r 54 0.01 7 8.61208 0.01
r 56 0.01 7 8.93371 0.01
r 58 0.01 7 9.24051 0.01
r 60 0.01 7 9.54281 0.01
r 62 0.01 7 9.8327 0.01
r 64 0.01 7 10.127 0.01
r 66 0.01 7 10.416 0.01
r 68 0.01 7 10.7011 0.01
r 70 0.01 7 10.9892 0.01
r 72 0.01 7 11.2642 0.01
r 74 0.01 7 11.5356 0.01
r 76 0.01 7 11.8028 0.01
r 78 0.01 7 12.0644 0.01
r 80 0.01 7 12.3227 0.01
s 40 2 31
r 20 0.01 7 7.97084 0.01
r 22 0.01 7 7.64819 0.01
r 24 0.01 7 7.33022 0.01
r 26 0.01 7 7.0005 0.01
r 28 0.01 7 6.6689 0.01
r 30 0.01 7 6.36073 0.01
r 32 0.01 7 6.02444 0.01
r 34 0.01 7 5.6675 0.01
r 36 0.01 7 5.31138 0.01
r 38 0.01 7 4.80084 0.01
r 40 0.01 7 4.66891 0.01
r 42 0.01 7 4.80084 0.01
r 44 0.01 7 5.31138 0.01
r 46 0.01 7 5.6675 0.01
r 48 0.01 7 6.02444 0.01
r 50 0.01 7 6.36073 0.01
r 52 0.01 7 6.6689 0.01
r 54 0.01 7 7.0005 0.01
r 56 0.01 7 7.33022 0.01
r 58 0.01 7 7.64819 0.01
r 60 0.01 7 7.97084 0.01
r 62 0.01 7 8.29076 0.01
r 64 0.01 7 8.61208 0.01
r 66 0.01 7 8.93371 0.01
r 68 0.01 7 9.24051 0.01
r 70 0.01 7 9.54281 0.01
r 72 0.01 7 9.8327 0.01
r 74 0.01 7 10.127 0.01
r 76 0.01 7 10.416 0.01
r 78 0.01 7 10.7011 0.01
r 80 0.01 7 10.9892 0.01
s 50 2 31
r 20 0.01 7 9.54281 0.01
r 22 0.01 7 9.24051 0.01
r 24 0.01 7 8.93371 0.01
r 26 0.01 7 8.61208 0.01
r 28 0.01 7 8.29076 0.01
r 30 0.01 7 7.97084 0.01
r 32 0.01 7 7.64819 0.01
r 34 0.01 7 7.33022 0.01
r 36 0.01 7 7.0005 0.01
r 38 0.01 7 6.6689 0.01
r 40 0.01 7 6.36073 0.01
r 42 0.01 7 6.02444 0.01
r 44 0.01 7 5.6675 0.01
r 46 0.01 7 5.31138 0.01
r 48 0.01 7 4.80084 0.01
r 50 0.01 7 4.66891 0.01
r 52 0.01 7 4.80084 0.01
r 54 0.01 7 5.31138 0.01
r 56 0.01 7 5.6675 0.01
r 58 0.01 7 6.02444 0.01
r 60 0.01 7 6.36073 0.01
r 62 0.01 7 6.6689 0.01
r 64 0.01 7 7.0005 0.01
r 66 0.01 7 7.33022 0.01
r 68 0.01 7 7.64819 0.01
r 70 0.01 7 7.97084 0.01
r 72 0.01 7 8.29076 0.01
r 74 0.01 7 8.61208 0.01
r 76 0.01 7 8.93371 0.01
r 78 0.01 7 9.24051 0.01
r 80 0.01 7 9.54281 0.01
s 60 2 31
r 20 0.01 7 10.9892 0.01
r 22 0.01 7 10.7011 0.01
r 24 0.01 7 10.416 0.01
r 26 0.01 7 10.127 0.01
r 28 0.01 7 9.8327 0.01
r 30 0.01 7 9.54281 0.01
r 32 0.01 7 9.24051 0.01
r 34 0.01 7 8.93371 0.01
r 36 0.01 7 8.61208 0.01
r 38 0.01 7 8.29076 0.01
r 40 0.01 7 7.97084 0.01
r 42 0.01 7 7.64819 0.01
r 44 0.01 7 7.33022 0.01
r 46 0.01 7 7.0005 0.01
r 48 0.01 7 6.6689 0.01
r 50 0.01 7 6.36073 0.01
r 52 0.01 7 6.02444 0.01
r 54 0.01 7 5.6675 0.01
r 56 0.01 7 5.31138 0.01
r 58 0.01 7 4.80084 0.01
r 60 0.01 7 4.66891 0.01
r 62 0.01 7 4.80084 0.01
r 64 0.01 7 5.31138 0.01
r 66 0.01 7 5.6675 0.01
r 68 0.01 7 6.02444 0.01
r 70 0.01 7 6.36073 0.01
r 72 0.01 7 6.6689 0.01
r 74 0.01 7 7.0005 0.01
r 76 0.01 7 7.33022 0.01
r 78 0.01 7 7.64819 0.01
r 80 0.01 7 7.97084 0.01
s 70 2 31
r 20 0.01 7 12.3227 0.01
r 22 0.01 7 12.0644 0.01
r 24 0.01 7 11.8028 0.01
r 26 0.01 7 11.5356 0.01
r 28 0.01 7 11.2642 0.01
r 30 0.01 7 10.9892 0.01
r 32 0.01 7 10.7011 0.01
r 34 0.01 7 10.416 0.01
r 36 0.01 7 10.127 0.01
r 38 0.01 7 9.8327 0.01
r 40 0.01 7 9.54281 0.01
r 42 0.01 7 9.24051 0.01
r 44 0.01 7 8.93371 0.01
r 46 0.01 7 8.61208 0.01
r 48 0.01 7 8.29076 0.01
r 50 0.01 7 7.97084 0.01
r 52 0.01 7 7.64819 0.01
r 54 0.01 7 7.33022 0.01
r 56 0.01 7 7.0005 0.01
r 58 0.01 7 6.6689 0.01
r 60 0.01 7 6.36073 0.01
r 62 0.01 7 6.02444 0.01
r 64 0.01 7 5.6675 0.01
r 66 0.01 7 5.31138 0.01
r 68 0.01 7 4.80084 0.01
r 70 0.01 7 4.66891 0.01
r 72 0.01 7 4.80084 0.01
r 74 0.01 7 5.31138 0.01
r 76 0.01 7 5.6675 0.01
r 78 0.01 7 6.02444 0.01
r 80 0.01 7 6.36073 0.01
