5
s 30 2 31
r 20 0.01 0 4.63956 0.01
r 22 0.01 0 4.15659 0.01
r 24 0.01 0 3.71225 0.01
r 26 0.01 0 2.97845 0.01
r 28 0.01 0 1.88091 0.01
r 30 0.01 0 1.32667 0.01
r 32 0.01 0 1.88091 0.01
r 34 0.01 0 2.97845 0.01
r 36 0.01 0 3.73757 0.01
r 38 0.01 0 4.23674 0.01
r 40 0.01 0 4.77437 0.01
r 42 0.01 0 5.30446 0.01
r 44 0.01 0 5.82237 0.01
r 46 0.01 0 6.281 0.01
r 48 0.01 0 6.7254 0.01
r 50 0.01 0 7.21783 0.01
r 52 0.01 0 7.70129 0.01
r 54 0.01 0 8.17224 0.01
r 56 0.01 0 8.61926 0.01
r 58 0.01 0 9.05229 0.01
r 60 0.01 0 9.4567 0.01
r 62 0.01 0 9.86236 0.01
r 64 0.01 0 10.2917 0.01
r 66 0.01 0 10.7041 0.01
r 68 0.01 0 11.0939 0.01
r 70 0.01 0 11.4583 0.01
r 72 0.01 0 11.8189 0.01
r 74 0.01 0 12.1788 0.01
r 76 0.01 0 12.5251 0.01
r 78 0.01 0 12.8762 0.01
r 80 0.01 0 13.2167 0.01
s 40 2 31
r 20 0.01 0 7.04581 0.01
r 22 0.01 0 6.5942 0.01
r 24 0.01 0 6.16304 0.01
r 26 0.01 0 5.76379 0.01
r 28 0.01 0 5.29926 0.01
r 30 0.01 0 4.77034 0.01
r 32 0.01 0 4.27641 0.01
r 34 0.01 0 3.78598 0.01
r 36 0.01 0 2.97845 0.01
r 38 0.01 0 1.88091 0.01
r 40 0.01 0 1.32667 0.01
r 42 0.01 0 1.88091 0.01
r 44 0.01 0 2.97845 0.01
r 46 0.01 0 3.93005 0.01
r 48 0.01 0 4.40339 0.01
r 50 0.01 0 4.92561 0.01
r 52 0.01 0 5.44378 0.01
r 54 0.01 0 5.95593 0.01
r 56 0.01 0 6.44802 0.01
r 58 0.01 0 6.92591 0.01
r 60 0.01 0 7.37528 0.01
r 62 0.01 0 7.82819 0.01
r 64 0.01 0 8.30636 0.01
r 66 0.01 0 8.77059 0.01
r 68 0.01 0 9.21627 0.01
r 70 0.01 0 9.63186 0.01
r 72 0.01 0 10.0391 0.01
r 74 0.01 0 10.4497 0.01
r 76 0.01 0 10.8445 0.01
r 78 0.01 0 11.2366 0.01
r 80 0.01 0 11.6236 0.01
s 50 2 31
r 20 0.01 0 9.27078 0.01
r 22 0.01 0 8.86749 0.01
r 24 0.01 0 8.47815 0.01
r 26 0.01 0 8.11415 0.01
r 28 0.01 0 7.69594 0.01
r 30 0.01 0 7.21534 0.01
r 32 0.01 0 6.75406 0.01
r 34 0.01 0 6.28968 0.01
r 36 0.01 0 5.84545 0.01
r 38 0.01 0 5.40208 0.01
r 40 0.01 0 4.93323 0.01
r 42 0.01 0 4.40484 0.01
r 44 0.01 0 3.93005 0.01
r 46 0.01 0 2.97845 0.01
r 48 0.01 0 1.88091 0.01
r 50 0.01 0 1.32667 0.01
r 52 0.01 0 1.88091 0.01
r 54 0.01 0 2.97845 0.01
r 56 0.01 0 3.93005 0.01
r 58 0.01 0 4.55359 0.01
r 60 0.01 0 5.03082 0.01
r 62 0.01 0 5.51304 0.01
r 64 0.01 0 6.02601 0.01
r 66 0.01 0 6.54062 0.01
r 68 0.01 0 7.04337 0.01
r 70 0.01 0 7.50411 0.01
r 72 0.01 0 7.96045 0.01
r 74 0.01 0 8.4207 0.01
r 76 0.01 0 8.87094 0.01
r 78 0.01 0 9.31354 0.01
r 80 0.01 0 9.75241 0.01
s 60 2 31
r 20 0.01 0 11.2399 0.01
r 22 0.01 0 10.8915 0.01
r 24 0.01 0 10.5518 0.01
r 26 0.01 0 10.2329 0.01
r 28 0.01 0 9.87043 0.01
r 30 0.01 0 9.4501 0.01
r 32 0.01 0 9.03534 0.01
r 34 0.01 0 8.62342 0.01
r 36 0.01 0 8.21624 0.01
r 38 0.01 0 7.80784 0.01
r 40 0.01 0 7.38084 0.01
r 42 0.01 0 6.89184 0.01
r 44 0.01 0 6.3961 0.01
r 46 0.01 0 5.94886 0.01
r 48 0.01 0 5.49996 0.01
r 50 0.01 0 5.02604 0.01
r 52 0.01 0 4.52752 0.01
r 54 0.01 0 3.93005 0.01
r 56 0.01 0 2.97845 0.01
r 58 0.01 0 1.88091 0.01
r 60 0.01 0 1.32667 0.01
r 62 0.01 0 1.88091 0.01
r 64 0.01 0 2.97845 0.01
r 66 0.01 0 3.93005 0.01
r 68 0.01 0 4.65244 0.01
r 70 0.01 0 5.15219 0.01
r 72 0.01 0 5.63165 0.01
r 74 0.01 0 6.12616 0.01
r 76 0.01 0 6.62168 0.01
r 78 0.01 0 7.10493 0.01
r 80 0.01 0 7.59534 0.01
s 70 2 31
r 20 0.01 0 13.0061 0.01
r 22 0.01 0 12.7025 0.01
r 24 0.01 0 12.4049 0.01
r 26 0.01 0 12.1307 0.01
r 28 0.01 0 11.8221 0.01
r 30 0.01 0 11.4545 0.01
r 32 0.01 0 11.0916 0.01
r 34 0.01 0 10.7305 0.01
r 36 0.01 0 10.3743 0.01
r 38 0.01 0 10.0168 0.01
r 40 0.01 0 9.63907 0.01
r 42 0.01 0 9.20786 0.01
r 44 0.01 0 8.76555 0.01
r 46 0.01 0 8.35616 0.01
r 48 0.01 0 7.94256 0.01
r 50 0.01 0 7.50808 0.01
r 52 0.01 0 7.04139 0.01
r 54 0.01 0 6.56215 0.01
r 56 0.01 0 6.06605 0.01
r 58 0.01 0 5.60171 0.01
r 60 0.01 0 5.16298 0.01
r 62 0.01 0 4.65244 0.01
r 64 0.01 0 3.93005 0.01
r 66 0.01 0 2.97845 0.01
r 68 0.01 0 1.88091 0.01
r 70 0.01 0 1.32667 0.01
r 72 0.01 0 1.88091 0.01
r 74 0.01 0 2.97845 0.01
r 76 0.01 0 3.93005 0.01
r 78 0.01 0 4.65244 0.01
r 80 0.01 0 5.19246 0.01
