5
s 30 2 62
r 20 0.01 7 5.24807 0.01
r 22 0.01 7 4.76657 0.01
r 24 0.01 7 4.34703 0.01
r 26 0.01 7 3.94165 0.01
r 28 0.01 7 3.36938 0.01
r 30 0.01 7 3.15085 0.01
r 32 0.01 7 3.32028 0.01
r 34 0.01 7 3.85636 0.01
r 36 0.01 7 4.35105 0.01
r 38 0.01 7 4.82801 0.01
r 40 0.01 7 5.35897 0.01
r 42 0.01 7 5.88613 0.01
r 44 0.01 7 6.42589 0.01
r 46 0.01 7 6.86077 0.01
r 48 0.01 7 7.28625 0.01
r 50 0.01 7 7.78294 0.01
r 52 0.01 7 8.25494 0.01
r 54 0.01 7 8.75713 0.01
r 56 0.01 7 9.22611 0.01
r 58 0.01 7 9.60098 0.01
r 60 0.01 7 10.0972 0.01
r 62 0.01 7 10.3895 0.01
r 64 0.01 7 10.8442 0.01
r 66 0.01 7 11.2816 0.01
r 68 0.01 7 11.6454 0.01
r 70 0.01 7 12.0754 0.01
r 72 0.01 7 12.3778 0.01
r 74 0.01 7 12.7775 0.01
r 76 0.01 7 13.0347 0.01
r 78 0.01 7 13.4573 0.01
r 80 0.01 7 13.8227 0.01
r 20 0.01 8 6.39941 0.01
r 22 0.01 8 5.53938 0.01
r 24 0.01 8 4.64062 0.01
r 26 0.01 8 3.93527 0.01
r 28 0.01 8 3.38303 0.01
r 30 0.01 8 3.16296 0.01
r 32 0.01 8 3.33693 0.01
r 34 0.01 8 3.89457 0.01
r 36 0.01 8 4.59247 0.01
r 38 0.01 8 5.34678 0.01
r 40 0.01 8 6.09385 0.01
r 42 0.01 8 6.86503 0.01
r 44 0.01 8 7.56487 0.01
r 46 0.01 8 8.24075 0.01
r 48 0.01 8 8.89521 0.01
r 50 0.01 8 9.56715 0.01
r 52 0.01 8 10.2693 0.01
r 54 0.01 8 10.9918 0.01
r 56 0.01 8 11.6077 0.01
r 58 0.01 8 12.2244 0.01
r 60 0.01 8 12.8262 0.01
r 62 0.01 8 13.4213 0.01
r 64 0.01 8 14.1397 0.01
r 66 0.01 8 14.7381 0.01
r 68 0.01 8 15.3313 0.01
r 70 0.01 8 15.8938 0.01
r 72 0.01 8 16.4515 0.01
r 74 0.01 8 17.0343 0.01
r 76 0.01 8 17.6252 0.01
r 78 0.01 8 18.189 0.01
r 80 0.01 8 18.7508 0.01
s 40 2 62
r 20 0.01 7 7.67185 0.01
r 22 0.01 7 7.22087 0.01
r 24 0.01 7 6.83197 0.01
r 26 0.01 7 6.44716 0.01
r 28 0.01 7 5.95103 0.01
r 30 0.01 7 5.41582 0.01
r 32 0.01 7 4.93619 0.01
r 34 0.01 7 4.4592 0.01
r 36 0.01 7 3.96957 0.01
r 38 0.01 7 3.48353 0.01
r 40 0.01 7 3.34091 0.01
r 42 0.01 7 3.56412 0.01
r 44 0.01 7 4.16909 0.01
r 46 0.01 7 4.63359 0.01
r 48 0.01 7 5.07504 0.01
r 50 0.01 7 5.59126 0.01
r 52 0.01 7 6.12412 0.01
r 54 0.01 7 6.63372 0.01
r 56 0.01 7 7.17432 0.01
r 58 0.01 7 7.64477 0.01
r 60 0.01 7 8.05478 0.01
r 62 0.01 7 8.45231 0.01
r 64 0.01 7 8.94805 0.01
r 66 0.01 7 9.37371 0.01
r 68 0.01 7 9.92818 0.01
r 70 0.01 7 10.3367 0.01
r 72 0.01 7 10.6744 0.01
r 74 0.01 7 11.1266 0.01
r 76 0.01 7 11.4446 0.01
r 78 0.01 7 11.8644 0.01
r 80 0.01 7 12.2578 0.01
r 20 0.01 8 9.98766 0.01
r 22 0.01 8 9.17395 0.01
r 24 0.01 8 8.41976 0.01
r 26 0.01 8 7.7215 0.01
r 28 0.01 8 6.9741 0.01
r 30 0.01 8 6.22372 0.01
r 32 0.01 8 5.40778 0.01
r 34 0.01 8 4.65829 0.01
r 36 0.01 8 4.01033 0.01
r 38 0.01 8 3.50103 0.01
r 40 0.01 8 3.34504 0.01
r 42 0.01 8 3.5709 0.01
r 44 0.01 8 4.12244 0.01
r 46 0.01 8 4.74033 0.01
r 48 0.01 8 5.62077 0.01
r 50 0.01 8 6.28952 0.01
r 52 0.01 8 6.98754 0.01
r 54 0.01 8 7.67499 0.01
r 56 0.01 8 8.29222 0.01
r 58 0.01 8 8.88061 0.01
r 60 0.01 8 9.52183 0.01
r 62 0.01 8 10.114 0.01
r 64 0.01 8 10.8301 0.01
r 66 0.01 8 11.4197 0.01
r 68 0.01 8 12.0252 0.01
r 70 0.01 8 12.5525 0.01
r 72 0.01 8 13.1451 0.01
r 74 0.01 8 13.7283 0.01
r 76 0.01 8 14.3301 0.01
r 78 0.01 8 14.8924 0.01
r 80 0.01 8 15.4462 0.01
s 50 2 62
r 20 0.01 7 9.91732 0.01
r 22 0.01 7 9.52202 0.01
r 24 0.01 7 9.16749 0.01
r 26 0.01 7 8.82681 0.01
r 28 0.01 7 8.38175 0.01
r 30 0.01 7 7.88417 0.01
r 32 0.01 7 7.43497 0.01
r 34 0.01 7 6.98063 0.01
r 36 0.01 7 6.54147 0.01
r 38 0.01 7 6.10671 0.01
r 40 0.01 7 5.66335 0.01
r 42 0.01 7 5.1148 0.01
r 44 0.01 7 4.59693 0.01
r 46 0.01 7 4.08828 0.01
r 48 0.01 7 3.64097 0.01
r 50 0.01 7 3.50691 0.01
r 52 0.01 7 3.72156 0.01
r 54 0.01 7 4.19757 0.01
r 56 0.01 7 4.93197 0.01
r 58 0.01 7 5.38923 0.01
r 60 0.01 7 5.87447 0.01
r 62 0.01 7 6.23832 0.01
r 64 0.01 7 6.73142 0.01
r 66 0.01 7 7.22713 0.01
r 68 0.01 7 7.84914 0.01
r 70 0.01 7 8.26625 0.01
r 72 0.01 7 8.70822 0.01
r 74 0.01 7 9.14004 0.01
r 76 0.01 7 9.69455 0.01
r 78 0.01 7 9.96189 0.01
r 80 0.01 7 10.4866 0.01
r 20 0.01 8 13.4561 0.01
r 22 0.01 8 12.6467 0.01
r 24 0.01 8 11.9086 0.01
r 26 0.01 8 11.1893 0.01
r 28 0.01 8 10.4402 0.01
r 30 0.01 8 9.69501 0.01
r 32 0.01 8 8.95777 0.01
r 34 0.01 8 8.25084 0.01
r 36 0.01 8 7.58172 0.01
r 38 0.01 8 6.91962 0.01
r 40 0.01 8 6.23193 0.01
r 42 0.01 8 5.42364 0.01
r 44 0.01 8 4.78134 0.01
r 46 0.01 8 4.11188 0.01
r 48 0.01 8 3.66002 0.01
r 50 0.01 8 3.52003 0.01
r 52 0.01 8 3.7302 0.01
r 54 0.01 8 4.24213 0.01
r 56 0.01 8 4.866 0.01
r 58 0.01 8 5.64007 0.01
r 60 0.01 8 6.25586 0.01
r 62 0.01 8 6.85016 0.01
r 64 0.01 8 7.56291 0.01
r 66 0.01 8 8.15484 0.01
r 68 0.01 8 8.75447 0.01
r 70 0.01 8 9.31828 0.01
r 72 0.01 8 9.88368 0.01
r 74 0.01 8 10.4673 0.01
r 76 0.01 8 11.0648 0.01
r 78 0.01 8 11.6221 0.01
r 80 0.01 8 12.1828 0.01
s 60 2 62
r 20 0.01 7 11.8865 0.01
r 22 0.01 7 11.5422 0.01
r 24 0.01 7 11.219 0.01
r 26 0.01 7 10.9313 0.01
r 28 0.01 7 10.6257 0.01
r 30 0.01 7 10.1062 0.01
r 32 0.01 7 9.80076 0.01
r 34 0.01 7 9.39769 0.01
r 36 0.01 7 8.89792 0.01
r 38 0.01 7 8.49328 0.01
r 40 0.01 7 8.0749 0.01
r 42 0.01 7 7.58081 0.01
r 44 0.01 7 7.09483 0.01
r 46 0.01 7 6.65998 0.01
r 48 0.01 7 6.21785 0.01
r 50 0.01 7 5.84055 0.01
r 52 0.01 7 5.35265 0.01
r 54 0.01 7 4.81052 0.01
r 56 0.01 7 4.15393 0.01
r 58 0.01 7 3.69022 0.01
r 60 0.01 7 3.51494 0.01
r 62 0.01 7 3.73955 0.01
r 64 0.01 7 4.23284 0.01
r 66 0.01 7 4.81513 0.01
r 68 0.01 7 5.36879 0.01
r 70 0.01 7 5.96077 0.01
r 72 0.01 7 6.48253 0.01
r 74 0.01 7 6.87824 0.01
r 76 0.01 7 7.47041 0.01
r 78 0.01 7 7.78488 0.01
r 80 0.01 7 8.31065 0.01
r 20 0.01 8 16.6554 0.01
r 22 0.01 8 15.8406 0.01
r 24 0.01 8 15.07 0.01
r 26 0.01 8 14.3799 0.01
r 28 0.01 8 13.6262 0.01
r 30 0.01 8 12.8861 0.01
r 32 0.01 8 12.1405 0.01
r 34 0.01 8 11.4442 0.01
r 36 0.01 8 10.7922 0.01
r 38 0.01 8 10.1296 0.01
r 40 0.01 8 9.4459 0.01
r 42 0.01 8 8.75132 0.01
r 44 0.01 8 8.08412 0.01
r 46 0.01 8 7.34355 0.01
r 48 0.01 8 6.73852 0.01
r 50 0.01 8 6.12475 0.01
r 52 0.01 8 5.42835 0.01
r 54 0.01 8 4.81763 0.01
r 56 0.01 8 4.21943 0.01
r 58 0.01 8 3.69782 0.01
r 60 0.01 8 3.51953 0.01
r 62 0.01 8 3.7454 0.01
r 64 0.01 8 4.27145 0.01
r 66 0.01 8 4.84883 0.01
r 68 0.01 8 5.62073 0.01
r 70 0.01 8 6.18213 0.01
r 72 0.01 8 6.74675 0.01
r 74 0.01 8 7.28665 0.01
r 76 0.01 8 7.92584 0.01
r 78 0.01 8 8.49454 0.01
r 80 0.01 8 9.05498 0.01
s 70 2 62
r 20 0.01 7 13.7315 0.01
r 22 0.01 7 13.432 0.01
r 24 0.01 7 13.1502 0.01
r 26 0.01 7 12.8918 0.01
r 28 0.01 7 12.5831 0.01
r 30 0.01 7 12.2022 0.01
r 32 0.01 7 11.8607 0.01
r 34 0.01 7 11.5078 0.01
r 36 0.01 7 11.141 0.01
r 38 0.01 7 10.7823 0.01
r 40 0.01 7 10.4036 0.01
r 42 0.01 7 9.97938 0.01
r 44 0.01 7 9.54217 0.01
r 46 0.01 7 9.14918 0.01
r 48 0.01 7 8.74096 0.01
r 50 0.01 7 8.36981 0.01
r 52 0.01 7 7.89424 0.01
r 54 0.01 7 7.40749 0.01
r 56 0.01 7 6.89646 0.01
r 58 0.01 7 6.55996 0.01
r 60 0.01 7 6.07928 0.01
r 62 0.01 7 5.54326 0.01
r 64 0.01 7 5.06515 0.01
r 66 0.01 7 4.38616 0.01
r 68 0.01 7 3.98732 0.01
r 70 0.01 7 3.83983 0.01
r 72 0.01 7 4.01867 0.01
r 74 0.01 7 4.43417 0.01
r 76 0.01 7 5.0922 0.01
r 78 0.01 7 5.5099 0.01
r 80 0.01 7 6.01641 0.01
r 20 0.01 8 19.8151 0.01
r 22 0.01 8 18.9501 0.01
r 24 0.01 8 18.2665 0.01
r 26 0.01 8 17.4962 0.01
r 28 0.01 8 16.7526 0.01
r 30 0.01 8 16.055 0.01
r 32 0.01 8 15.3155 0.01
r 34 0.01 8 14.6103 0.01
r 36 0.01 8 13.944 0.01
r 38 0.01 8 13.2116 0.01
r 40 0.01 8 12.5948 0.01
r 42 0.01 8 11.8971 0.01
r 44 0.01 8 11.2327 0.01
r 46 0.01 8 10.4517 0.01
r 48 0.01 8 9.83884 0.01
r 50 0.01 8 9.28498 0.01
r 52 0.01 8 8.66623 0.01
r 54 0.01 8 8.10354 0.01
r 56 0.01 8 7.34668 0.01
r 58 0.01 8 6.77259 0.01
r 60 0.01 8 6.22323 0.01
r 62 0.01 8 5.66089 0.01
r 64 0.01 8 5.02184 0.01
r 66 0.01 8 4.41266 0.01
r 68 0.01 8 4.02282 0.01
r 70 0.01 8 3.84351 0.01
r 72 0.01 8 4.03568 0.01
r 74 0.01 8 4.47948 0.01
r 76 0.01 8 5.19725 0.01
r 78 0.01 8 5.76038 0.01
r 80 0.01 8 6.31893 0.01
