0 10.2
2 10.2
4 10.4
6 10.4
8 10.4
10 10.4
12 10.4
14 10.4
16 10.4
18 10.6
20 10.6
22 10.6
24 10.6
26 10.6
28 10.6
30 10.6
32 10.8
34 10.8
36 10.8
38 10.8
40 10.8
42 10.8
44 11
46 11
48 11
50 11
52 11
54 11
56 11
58 11.2
60 11.2
62 11.2
64 11.2
66 11.2
68 11.2
70 11.2
72 11.4
74 11.4
76 11.4
78 11.4
80 11.4
82 11.4
84 11.6
86 11.6
88 11.6
90 11.6
92 11.6
94 11.6
96 11.6
98 11.8
100 11.8
102 11.8
104 11.8
106 11.8
108 11.8
110 12
112 12
114 12
116 12
118 12
120 12
122 12
124 12.2
126 12.2
128 12.2
130 12.2
132 12.2
134 12.2
136 12.2
138 12.4
140 12.4
142 12.4
144 12.4
146 12.4
148 12.4
150 12.4
