63 81 1.5 0.33
0 2 4 6 8 10 12 14 16 18 20 22 24 26 28 30 32 34 36 38 40 42 44 46 48 50 52 54 56 58 60 62 64 66 68 70 72 74 76 78 80 82 84 86 88 90 92 94 96 98 100 102 104 106 108 110 112 114 116 118 120 122 124 
0 0 0 0 0 0 0 0 0 0 0 0 0 0 0 0 0 0 0 0 0 0 0 0 0 0 0 0 0 0 0 0 0 0 0 0 0 0 0 0 0 0 0 0 0 0 0 0 0 0 0 0 0 0 0 0 0 0 0 0 0 0 0 
0 0.2 0.4 0.6 0.8 1 1.2 1.4 1.6 1.8 2 2.2 2.4 2.6 2.8 3 3.2 3.4 3.6 3.8 4 4.2 4.4 4.6 4.8 5 5.2 5.4 5.6 5.8 6 6.2 6.4 6.6 6.8 7 7.2 7.4 7.6 7.8 8 8.2 8.4 8.6 8.8 9 9.2 9.4 9.6 9.8 10 10.2 10.4 10.6 10.8 11 11.2 11.4 11.6 11.8 12 12.2 12.4 12.6 12.8 13 13.2 13.4 13.6 13.8 14 14.2 14.4 14.6 14.8 15 15.2 15.4 15.6 15.8 16 
1.5 1.5 1.5 1.5 1.5 1.5 1.5 1.5 1.5 1.5 1.5 1.03457 1.08875 1.14343 1.19862 1.25427 1.31048 1.36721 1.42445 1.48226 1.54056 1.59942 1.65888 1.71883 1.77961 2.941 2.9617 2.9825 3.0033 3.024 3.0448 3.0655 3.0863 3.1071 3.1279 3.1486 3.1694 3.1901 3.2109 3.2317 3.2524 3.2731 3.2939 3.3147 3.3354 3.3562 3.3769 3.3977 3.4185 3.4392 3.46 3.4808 3.5015 3.5223 3.5431 3.5638 3.5846 3.6053 3.6261 3.6469 3.6676 3.6883 3.7091 3.7299 3.7506 3.7714 3.7921 3.8129 3.8337 3.8544 3.8752 3.896 3.9167 3.9375 3.9583 3.979 3.9998 4.0205 4.0413 4.0621 4.0828 
1.5 1.5 1.5 1.5 1.5 1.5 1.5 1.5 1.5 1.5 1.5 1.03511 1.08924 1.14405 1.19931 1.25503 1.31131 1.36803 1.42542 1.4833 1.5417 1.60067 1.66018 1.7203 1.78106 2.941 2.9617 2.9825 3.0033 3.024 3.0448 3.0655 3.0863 3.1071 3.1279 3.1486 3.1694 3.1901 3.2109 3.2317 3.2524 3.2731 3.2939 3.3147 3.3354 3.3562 3.3769 3.3977 3.4185 3.4392 3.46 3.4808 3.5015 3.5223 3.5431 3.5638 3.5846 3.6053 3.6261 3.6469 3.6676 3.6883 3.7091 3.7299 3.7506 3.7714 3.7921 3.8129 3.8337 3.8544 3.8752 3.896 3.9167 3.9375 3.9583 3.979 3.9998 4.0205 4.0413 4.0621 4.0828 
1.5 1.5 1.5 1.5 1.5 1.5 1.5 1.5 1.5 1.5 1.5 1.03569 1.09012 1.14491 1.20026 1.25607 1.31234 1.36935 1.42676 1.48475 1.54324 1.60221 1.66204 1.72234 1.78327 2.941 2.9617 2.9825 3.0033 3.024 3.0448 3.0655 3.0863 3.1071 3.1279 3.1486 3.1694 3.1901 3.2109 3.2317 3.2524 3.2731 3.2939 3.3147 3.3354 3.3562 3.3769 3.3977 3.4185 3.4392 3.46 3.4808 3.5015 3.5223 3.5431 3.5638 3.5846 3.6053 3.6261 3.6469 3.6676 3.6883 3.7091 3.7299 3.7506 3.7714 3.7921 3.8129 3.8337 3.8544 3.8752 3.896 3.9167 3.9375 3.9583 3.979 3.9998 4.0205 4.0413 4.0621 4.0828 
1.5 1.5 1.5 1.5 1.5 1.5 1.5 1.5 1.5 1.5 1.5 1.03669 1.09108 1.14598 1.20131 1.25734 1.31383 1.37085 1.42839 1.48636 1.54518 1.60438 1.66421 1.72465 1.78544 2.941 2.9617 2.9825 3.0033 3.024 3.0448 3.0655 3.0863 3.1071 3.1279 3.1486 3.1694 3.1901 3.2109 3.2317 3.2524 3.2731 3.2939 3.3147 3.3354 3.3562 3.3769 3.3977 3.4185 3.4392 3.46 3.4808 3.5015 3.5223 3.5431 3.5638 3.5846 3.6053 3.6261 3.6469 3.6676 3.6883 3.7091 3.7299 3.7506 3.7714 3.7921 3.8129 3.8337 3.8544 3.8752 3.896 3.9167 3.9375 3.9583 3.979 3.9998 4.0205 4.0413 4.0621 4.0828 
1.5 1.5 1.5 1.5 1.5 1.5 1.5 1.5 1.5 1.5 1.5 1.03765 1.09215 1.14703 1.20259 1.2587 1.31531 1.37235 1.43 1.4883 1.54717 1.60659 1.66629 1.72688 1.78804 2.941 2.9617 2.9825 3.0033 3.024 3.0448 3.0655 3.0863 3.1071 3.1279 3.1486 3.1694 3.1901 3.2109 3.2317 3.2524 3.2731 3.2939 3.3147 3.3354 3.3562 3.3769 3.3977 3.4185 3.4392 3.46 3.4808 3.5015 3.5223 3.5431 3.5638 3.5846 3.6053 3.6261 3.6469 3.6676 3.6883 3.7091 3.7299 3.7506 3.7714 3.7921 3.8129 3.8337 3.8544 3.8752 3.896 3.9167 3.9375 3.9583 3.979 3.9998 4.0205 4.0413 4.0621 4.0828 
1.5 1.5 1.5 1.5 1.5 1.5 1.5 1.5 1.5 1.5 1.5 1.03913 1.09379 1.14897 1.2047 1.26092 1.31774 1.37514 1.43303 1.49155 1.55052 1.61021 1.67049 1.73141 1.79292 2.941 2.9617 2.9825 3.0033 3.024 3.0448 3.0655 3.0863 3.1071 3.1279 3.1486 3.1694 3.1901 3.2109 3.2317 3.2524 3.2731 3.2939 3.3147 3.3354 3.3562 3.3769 3.3977 3.4185 3.4392 3.46 3.4808 3.5015 3.5223 3.5431 3.5638 3.5846 3.6053 3.6261 3.6469 3.6676 3.6883 3.7091 3.7299 3.7506 3.7714 3.7921 3.8129 3.8337 3.8544 3.8752 3.896 3.9167 3.9375 3.9583 3.979 3.9998 4.0205 4.0413 4.0621 4.0828 
1.5 1.5 1.5 1.5 1.5 1.5 1.5 1.5 1.5 1.5 1.5 1.04074 1.09548 1.15091 1.20684 1.26328 1.3203 1.37781 1.43604 1.4948 1.55412 1.61408 1.67458 1.73557 1.79758 2.941 2.9617 2.9825 3.0033 3.024 3.0448 3.0655 3.0863 3.1071 3.1279 3.1486 3.1694 3.1901 3.2109 3.2317 3.2524 3.2731 3.2939 3.3147 3.3354 3.3562 3.3769 3.3977 3.4185 3.4392 3.46 3.4808 3.5015 3.5223 3.5431 3.5638 3.5846 3.6053 3.6261 3.6469 3.6676 3.6883 3.7091 3.7299 3.7506 3.7714 3.7921 3.8129 3.8337 3.8544 3.8752 3.896 3.9167 3.9375 3.9583 3.979 3.9998 4.0205 4.0413 4.0621 4.0828 
1.5 1.5 1.5 1.5 1.5 1.5 1.5 1.5 1.5 1.5 1.5 1.04254 1.09757 1.15313 1.20923 1.26595 1.32323 1.38108 1.43951 1.49848 1.55815 1.61842 1.67932 1.74083 1.80291 2.941 2.9617 2.9825 3.0033 3.024 3.0448 3.0655 3.0863 3.1071 3.1279 3.1486 3.1694 3.1901 3.2109 3.2317 3.2524 3.2731 3.2939 3.3147 3.3354 3.3562 3.3769 3.3977 3.4185 3.4392 3.46 3.4808 3.5015 3.5223 3.5431 3.5638 3.5846 3.6053 3.6261 3.6469 3.6676 3.6883 3.7091 3.7299 3.7506 3.7714 3.7921 3.8129 3.8337 3.8544 3.8752 3.896 3.9167 3.9375 3.9583 3.979 3.9998 4.0205 4.0413 4.0621 4.0828 
1.5 1.5 1.5 1.5 1.5 1.5 1.5 1.5 1.5 1.5 1.5 1.04453 1.09977 1.15559 1.21193 1.26891 1.32644 1.3846 1.44333 1.50265 1.56263 1.62326 1.68454 1.74638 1.80906 2.941 2.9617 2.9825 3.0033 3.024 3.0448 3.0655 3.0863 3.1071 3.1279 3.1486 3.1694 3.1901 3.2109 3.2317 3.2524 3.2731 3.2939 3.3147 3.3354 3.3562 3.3769 3.3977 3.4185 3.4392 3.46 3.4808 3.5015 3.5223 3.5431 3.5638 3.5846 3.6053 3.6261 3.6469 3.6676 3.6883 3.7091 3.7299 3.7506 3.7714 3.7921 3.8129 3.8337 3.8544 3.8752 3.896 3.9167 3.9375 3.9583 3.979 3.9998 4.0205 4.0413 4.0621 4.0828 
1.5 1.5 1.5 1.5 1.5 1.5 1.5 1.5 1.5 1.5 1.5 1.04663 1.10208 1.15814 1.21477 1.27199 1.32983 1.38827 1.44732 1.50701 1.56733 1.62832 1.68996 1.75228 1.81537 2.941 2.9617 2.9825 3.0033 3.024 3.0448 3.0655 3.0863 3.1071 3.1279 3.1486 3.1694 3.1901 3.2109 3.2317 3.2524 3.2731 3.2939 3.3147 3.3354 3.3562 3.3769 3.3977 3.4185 3.4392 3.46 3.4808 3.5015 3.5223 3.5431 3.5638 3.5846 3.6053 3.6261 3.6469 3.6676 3.6883 3.7091 3.7299 3.7506 3.7714 3.7921 3.8129 3.8337 3.8544 3.8752 3.896 3.9167 3.9375 3.9583 3.979 3.9998 4.0205 4.0413 4.0621 4.0828 
1.5 1.5 1.5 1.5 1.5 1.5 1.5 1.5 1.5 1.5 1.5 1.04879 1.10451 1.1608 1.21769 1.2752 1.33332 1.3921 1.45147 1.51152 1.5722 1.63358 1.69559 1.75841 1.82186 2.941 2.9617 2.9825 3.0033 3.024 3.0448 3.0655 3.0863 3.1071 3.1279 3.1486 3.1694 3.1901 3.2109 3.2317 3.2524 3.2731 3.2939 3.3147 3.3354 3.3562 3.3769 3.3977 3.4185 3.4392 3.46 3.4808 3.5015 3.5223 3.5431 3.5638 3.5846 3.6053 3.6261 3.6469 3.6676 3.6883 3.7091 3.7299 3.7506 3.7714 3.7921 3.8129 3.8337 3.8544 3.8752 3.896 3.9167 3.9375 3.9583 3.979 3.9998 4.0205 4.0413 4.0621 4.0828 
1.5 1.5 1.5 1.5 1.5 1.5 1.5 1.5 1.5 1.5 1.5 1.05103 1.10698 1.16352 1.22069 1.2785 1.33694 1.39601 1.45574 1.51618 1.5772 1.63893 1.70142 1.76458 1.8285 2.941 2.9617 2.9825 3.0033 3.024 3.0448 3.0655 3.0863 3.1071 3.1279 3.1486 3.1694 3.1901 3.2109 3.2317 3.2524 3.2731 3.2939 3.3147 3.3354 3.3562 3.3769 3.3977 3.4185 3.4392 3.46 3.4808 3.5015 3.5223 3.5431 3.5638 3.5846 3.6053 3.6261 3.6469 3.6676 3.6883 3.7091 3.7299 3.7506 3.7714 3.7921 3.8129 3.8337 3.8544 3.8752 3.896 3.9167 3.9375 3.9583 3.979 3.9998 4.0205 4.0413 4.0621 4.0828 
1.5 1.5 1.5 1.5 1.5 1.5 1.5 1.5 1.5 1.5 1.5 1.05311 1.10929 1.16607 1.22358 1.28158 1.3403 1.39968 1.45973 1.52045 1.58188 1.64403 1.70686 1.77047 1.83481 2.941 2.9617 2.9825 3.0033 3.024 3.0448 3.0655 3.0863 3.1071 3.1279 3.1486 3.1694 3.1901 3.2109 3.2317 3.2524 3.2731 3.2939 3.3147 3.3354 3.3562 3.3769 3.3977 3.4185 3.4392 3.46 3.4808 3.5015 3.5223 3.5431 3.5638 3.5846 3.6053 3.6261 3.6469 3.6676 3.6883 3.7091 3.7299 3.7506 3.7714 3.7921 3.8129 3.8337 3.8544 3.8752 3.896 3.9167 3.9375 3.9583 3.979 3.9998 4.0205 4.0413 4.0621 4.0828 
1.5 1.5 1.5 1.5 1.5 1.5 1.5 1.5 1.5 1.5 1.5 1.05497 1.11134 1.16835 1.22599 1.28433 1.34329 1.40295 1.46328 1.5243 1.58609 1.64855 1.71171 1.77569 1.84036 2.941 2.9617 2.9825 3.0033 3.024 3.0448 3.0655 3.0863 3.1071 3.1279 3.1486 3.1694 3.1901 3.2109 3.2317 3.2524 3.2731 3.2939 3.3147 3.3354 3.3562 3.3769 3.3977 3.4185 3.4392 3.46 3.4808 3.5015 3.5223 3.5431 3.5638 3.5846 3.6053 3.6261 3.6469 3.6676 3.6883 3.7091 3.7299 3.7506 3.7714 3.7921 3.8129 3.8337 3.8544 3.8752 3.896 3.9167 3.9375 3.9583 3.979 3.9998 4.0205 4.0413 4.0621 4.0828 
1.5 1.5 1.5 1.5 1.5 1.5 1.5 1.5 1.5 1.5 1.5 1.05655 1.1131 1.1703 1.22816 1.28667 1.34589 1.40577 1.46636 1.52768 1.58969 1.65245 1.71596 1.78025 1.8453 2.941 2.9617 2.9825 3.0033 3.024 3.0448 3.0655 3.0863 3.1071 3.1279 3.1486 3.1694 3.1901 3.2109 3.2317 3.2524 3.2731 3.2939 3.3147 3.3354 3.3562 3.3769 3.3977 3.4185 3.4392 3.46 3.4808 3.5015 3.5223 3.5431 3.5638 3.5846 3.6053 3.6261 3.6469 3.6676 3.6883 3.7091 3.7299 3.7506 3.7714 3.7921 3.8129 3.8337 3.8544 3.8752 3.896 3.9167 3.9375 3.9583 3.979 3.9998 4.0205 4.0413 4.0621 4.0828 
1.5 1.5 1.5 1.5 1.5 1.5 1.5 1.5 1.5 1.5 1.5 1.05898 1.11578 1.17327 1.23143 1.29029 1.34982 1.41007 1.47105 1.53275 1.59524 1.65841 1.72238 1.78713 1.85349 2.941 2.9617 2.9825 3.0033 3.024 3.0448 3.0655 3.0863 3.1071 3.1279 3.1486 3.1694 3.1901 3.2109 3.2317 3.2524 3.2731 3.2939 3.3147 3.3354 3.3562 3.3769 3.3977 3.4185 3.4392 3.46 3.4808 3.5015 3.5223 3.5431 3.5638 3.5846 3.6053 3.6261 3.6469 3.6676 3.6883 3.7091 3.7299 3.7506 3.7714 3.7921 3.8129 3.8337 3.8544 3.8752 3.896 3.9167 3.9375 3.9583 3.979 3.9998 4.0205 4.0413 4.0621 4.0828 
1.5 1.5 1.5 1.5 1.5 1.5 1.5 1.5 1.5 1.5 1.5 1.05866 1.11543 1.17288 1.23097 1.2898 1.34931 1.4095 1.47042 1.5322 1.59445 1.65761 1.72151 1.78625 1.85209 2.941 2.9617 2.9825 3.0033 3.024 3.0448 3.0655 3.0863 3.1071 3.1279 3.1486 3.1694 3.1901 3.2109 3.2317 3.2524 3.2731 3.2939 3.3147 3.3354 3.3562 3.3769 3.3977 3.4185 3.4392 3.46 3.4808 3.5015 3.5223 3.5431 3.5638 3.5846 3.6053 3.6261 3.6469 3.6676 3.6883 3.7091 3.7299 3.7506 3.7714 3.7921 3.8129 3.8337 3.8544 3.8752 3.896 3.9167 3.9375 3.9583 3.979 3.9998 4.0205 4.0413 4.0621 4.0828 
1.5 1.5 1.5 1.5 1.5 1.5 1.5 1.5 1.5 1.5 1.5 1.05915 1.11598 1.17348 1.23176 1.29052 1.35008 1.41035 1.47134 1.53305 1.59553 1.65876 1.72272 1.78755 1.85308 2.941 2.9617 2.9825 3.0033 3.024 3.0448 3.0655 3.0863 3.1071 3.1279 3.1486 3.1694 3.1901 3.2109 3.2317 3.2524 3.2731 3.2939 3.3147 3.3354 3.3562 3.3769 3.3977 3.4185 3.4392 3.46 3.4808 3.5015 3.5223 3.5431 3.5638 3.5846 3.6053 3.6261 3.6469 3.6676 3.6883 3.7091 3.7299 3.7506 3.7714 3.7921 3.8129 3.8337 3.8544 3.8752 3.896 3.9167 3.9375 3.9583 3.979 3.9998 4.0205 4.0413 4.0621 4.0828 
1.5 1.5 1.5 1.5 1.5 1.5 1.5 1.5 1.5 1.5 1.5 1.05931 1.11616 1.17367 1.23185 1.29076 1.35033 1.41063 1.47163 1.53335 1.59586 1.65912 1.72313 1.78796 1.85355 2.941 2.9617 2.9825 3.0033 3.024 3.0448 3.0655 3.0863 3.1071 3.1279 3.1486 3.1694 3.1901 3.2109 3.2317 3.2524 3.2731 3.2939 3.3147 3.3354 3.3562 3.3769 3.3977 3.4185 3.4392 3.46 3.4808 3.5015 3.5223 3.5431 3.5638 3.5846 3.6053 3.6261 3.6469 3.6676 3.6883 3.7091 3.7299 3.7506 3.7714 3.7921 3.8129 3.8337 3.8544 3.8752 3.896 3.9167 3.9375 3.9583 3.979 3.9998 4.0205 4.0413 4.0621 4.0828 
1.5 1.5 1.5 1.5 1.5 1.5 1.5 1.5 1.5 1.5 1.5 1.05931 1.11619 1.17367 1.23188 1.29079 1.35037 1.41067 1.47166 1.53339 1.59594 1.65914 1.72319 1.788 1.85365 2.941 2.9617 2.9825 3.0033 3.024 3.0448 3.0655 3.0863 3.1071 3.1279 3.1486 3.1694 3.1901 3.2109 3.2317 3.2524 3.2731 3.2939 3.3147 3.3354 3.3562 3.3769 3.3977 3.4185 3.4392 3.46 3.4808 3.5015 3.5223 3.5431 3.5638 3.5846 3.6053 3.6261 3.6469 3.6676 3.6883 3.7091 3.7299 3.7506 3.7714 3.7921 3.8129 3.8337 3.8544 3.8752 3.896 3.9167 3.9375 3.9583 3.979 3.9998 4.0205 4.0413 4.0621 4.0828 
1.5 1.5 1.5 1.5 1.5 1.5 1.5 1.5 1.5 1.5 1.5 1.05905 1.11587 1.17336 1.23152 1.29038 1.34993 1.41018 1.47114 1.53286 1.59536 1.65857 1.72256 1.78737 1.85288 2.941 2.9617 2.9825 3.0033 3.024 3.0448 3.0655 3.0863 3.1071 3.1279 3.1486 3.1694 3.1901 3.2109 3.2317 3.2524 3.2731 3.2939 3.3147 3.3354 3.3562 3.3769 3.3977 3.4185 3.4392 3.46 3.4808 3.5015 3.5223 3.5431 3.5638 3.5846 3.6053 3.6261 3.6469 3.6676 3.6883 3.7091 3.7299 3.7506 3.7714 3.7921 3.8129 3.8337 3.8544 3.8752 3.896 3.9167 3.9375 3.9583 3.979 3.9998 4.0205 4.0413 4.0621 4.0828 
1.5 1.5 1.5 1.5 1.5 1.5 1.5 1.5 1.5 1.5 1.5 1.05886 1.11566 1.17313 1.23124 1.29008 1.34959 1.40982 1.47075 1.53244 1.59486 1.65802 1.72195 1.78669 1.85228 2.941 2.9617 2.9825 3.0033 3.024 3.0448 3.0655 3.0863 3.1071 3.1279 3.1486 3.1694 3.1901 3.2109 3.2317 3.2524 3.2731 3.2939 3.3147 3.3354 3.3562 3.3769 3.3977 3.4185 3.4392 3.46 3.4808 3.5015 3.5223 3.5431 3.5638 3.5846 3.6053 3.6261 3.6469 3.6676 3.6883 3.7091 3.7299 3.7506 3.7714 3.7921 3.8129 3.8337 3.8544 3.8752 3.896 3.9167 3.9375 3.9583 3.979 3.9998 4.0205 4.0413 4.0621 4.0828 
1.5 1.5 1.5 1.5 1.5 1.5 1.5 1.5 1.5 1.5 1.5 1.05868 1.11542 1.17289 1.23098 1.28981 1.34929 1.40947 1.4704 1.53205 1.5944 1.65756 1.72147 1.78617 1.85172 2.941 2.9617 2.9825 3.0033 3.024 3.0448 3.0655 3.0863 3.1071 3.1279 3.1486 3.1694 3.1901 3.2109 3.2317 3.2524 3.2731 3.2939 3.3147 3.3354 3.3562 3.3769 3.3977 3.4185 3.4392 3.46 3.4808 3.5015 3.5223 3.5431 3.5638 3.5846 3.6053 3.6261 3.6469 3.6676 3.6883 3.7091 3.7299 3.7506 3.7714 3.7921 3.8129 3.8337 3.8544 3.8752 3.896 3.9167 3.9375 3.9583 3.979 3.9998 4.0205 4.0413 4.0621 4.0828 
1.5 1.5 1.5 1.5 1.5 1.5 1.5 1.5 1.5 1.5 1.5 1.05857 1.11533 1.17275 1.23084 1.2896 1.34911 1.40927 1.47018 1.5318 1.59415 1.65728 1.72115 1.78582 1.85129 2.941 2.9617 2.9825 3.0033 3.024 3.0448 3.0655 3.0863 3.1071 3.1279 3.1486 3.1694 3.1901 3.2109 3.2317 3.2524 3.2731 3.2939 3.3147 3.3354 3.3562 3.3769 3.3977 3.4185 3.4392 3.46 3.4808 3.5015 3.5223 3.5431 3.5638 3.5846 3.6053 3.6261 3.6469 3.6676 3.6883 3.7091 3.7299 3.7506 3.7714 3.7921 3.8129 3.8337 3.8544 3.8752 3.896 3.9167 3.9375 3.9583 3.979 3.9998 4.0205 4.0413 4.0621 4.0828 
1.5 1.5 1.5 1.5 1.5 1.5 1.5 1.5 1.5 1.5 1.5 1.05856 1.11532 1.17274 1.23086 1.28961 1.3491 1.40927 1.47015 1.53173 1.59412 1.65725 1.72113 1.78579 1.85128 2.941 2.9617 2.9825 3.0033 3.024 3.0448 3.0655 3.0863 3.1071 3.1279 3.1486 3.1694 3.1901 3.2109 3.2317 3.2524 3.2731 3.2939 3.3147 3.3354 3.3562 3.3769 3.3977 3.4185 3.4392 3.46 3.4808 3.5015 3.5223 3.5431 3.5638 3.5846 3.6053 3.6261 3.6469 3.6676 3.6883 3.7091 3.7299 3.7506 3.7714 3.7921 3.8129 3.8337 3.8544 3.8752 3.896 3.9167 3.9375 3.9583 3.979 3.9998 4.0205 4.0413 4.0621 4.0828 
1.5 1.5 1.5 1.5 1.5 1.5 1.5 1.5 1.5 1.5 1.5 1.05863 1.11538 1.17283 1.23092 1.28973 1.3492 1.4094 1.47029 1.53192 1.59428 1.65744 1.72132 1.786 1.85151 2.941 2.9617 2.9825 3.0033 3.024 3.0448 3.0655 3.0863 3.1071 3.1279 3.1486 3.1694 3.1901 3.2109 3.2317 3.2524 3.2731 3.2939 3.3147 3.3354 3.3562 3.3769 3.3977 3.4185 3.4392 3.46 3.4808 3.5015 3.5223 3.5431 3.5638 3.5846 3.6053 3.6261 3.6469 3.6676 3.6883 3.7091 3.7299 3.7506 3.7714 3.7921 3.8129 3.8337 3.8544 3.8752 3.896 3.9167 3.9375 3.9583 3.979 3.9998 4.0205 4.0413 4.0621 4.0828 
1.5 1.5 1.5 1.5 1.5 1.5 1.5 1.5 1.5 1.5 1.5 1.05885 1.11564 1.17309 1.23123 1.29005 1.34958 1.40978 1.47071 1.53239 1.59482 1.65798 1.72191 1.78662 1.85216 2.941 2.9617 2.9825 3.0033 3.024 3.0448 3.0655 3.0863 3.1071 3.1279 3.1486 3.1694 3.1901 3.2109 3.2317 3.2524 3.2731 3.2939 3.3147 3.3354 3.3562 3.3769 3.3977 3.4185 3.4392 3.46 3.4808 3.5015 3.5223 3.5431 3.5638 3.5846 3.6053 3.6261 3.6469 3.6676 3.6883 3.7091 3.7299 3.7506 3.7714 3.7921 3.8129 3.8337 3.8544 3.8752 3.896 3.9167 3.9375 3.9583 3.979 3.9998 4.0205 4.0413 4.0621 4.0828 
1.5 1.5 1.5 1.5 1.5 1.5 1.5 1.5 1.5 1.5 1.5 1.05912 1.11594 1.17344 1.23162 1.29049 1.35004 1.41031 1.47129 1.53302 1.59547 1.65871 1.7227 1.78751 1.85319 2.941 2.9617 2.9825 3.0033 3.024 3.0448 3.0655 3.0863 3.1071 3.1279 3.1486 3.1694 3.1901 3.2109 3.2317 3.2524 3.2731 3.2939 3.3147 3.3354 3.3562 3.3769 3.3977 3.4185 3.4392 3.46 3.4808 3.5015 3.5223 3.5431 3.5638 3.5846 3.6053 3.6261 3.6469 3.6676 3.6883 3.7091 3.7299 3.7506 3.7714 3.7921 3.8129 3.8337 3.8544 3.8752 3.896 3.9167 3.9375 3.9583 3.979 3.9998 4.0205 4.0413 4.0621 4.0828 
1.5 1.5 1.5 1.5 1.5 1.5 1.5 1.5 1.5 1.5 1.5 1.05948 1.11635 1.17389 1.23206 1.29101 1.3506 1.41092 1.47196 1.53376 1.59626 1.65957 1.7236 1.78846 1.85421 2.941 2.9617 2.9825 3.0033 3.024 3.0448 3.0655 3.0863 3.1071 3.1279 3.1486 3.1694 3.1901 3.2109 3.2317 3.2524 3.2731 3.2939 3.3147 3.3354 3.3562 3.3769 3.3977 3.4185 3.4392 3.46 3.4808 3.5015 3.5223 3.5431 3.5638 3.5846 3.6053 3.6261 3.6469 3.6676 3.6883 3.7091 3.7299 3.7506 3.7714 3.7921 3.8129 3.8337 3.8544 3.8752 3.896 3.9167 3.9375 3.9583 3.979 3.9998 4.0205 4.0413 4.0621 4.0828 
1.5 1.5 1.5 1.5 1.5 1.5 1.5 1.5 1.5 1.5 1.5 1.05987 1.11679 1.17436 1.23262 1.29157 1.35125 1.4116 1.4727 1.53456 1.59715 1.6605 1.72463 1.78951 1.85536 2.941 2.9617 2.9825 3.0033 3.024 3.0448 3.0655 3.0863 3.1071 3.1279 3.1486 3.1694 3.1901 3.2109 3.2317 3.2524 3.2731 3.2939 3.3147 3.3354 3.3562 3.3769 3.3977 3.4185 3.4392 3.46 3.4808 3.5015 3.5223 3.5431 3.5638 3.5846 3.6053 3.6261 3.6469 3.6676 3.6883 3.7091 3.7299 3.7506 3.7714 3.7921 3.8129 3.8337 3.8544 3.8752 3.896 3.9167 3.9375 3.9583 3.979 3.9998 4.0205 4.0413 4.0621 4.0828 
1.5 1.5 1.5 1.5 1.5 1.5 1.5 1.5 1.5 1.5 1.5 1.05979 1.1167 1.17427 1.2325 1.29148 1.35113 1.41149 1.47257 1.5344 1.59699 1.66035 1.72444 1.78939 1.85523 2.941 2.9617 2.9825 3.0033 3.024 3.0448 3.0655 3.0863 3.1071 3.1279 3.1486 3.1694 3.1901 3.2109 3.2317 3.2524 3.2731 3.2939 3.3147 3.3354 3.3562 3.3769 3.3977 3.4185 3.4392 3.46 3.4808 3.5015 3.5223 3.5431 3.5638 3.5846 3.6053 3.6261 3.6469 3.6676 3.6883 3.7091 3.7299 3.7506 3.7714 3.7921 3.8129 3.8337 3.8544 3.8752 3.896 3.9167 3.9375 3.9583 3.979 3.9998 4.0205 4.0413 4.0621 4.0828 
1.5 1.5 1.5 1.5 1.5 1.5 1.5 1.5 1.5 1.5 1.5 1.06054 1.11752 1.17519 1.23351 1.29258 1.35234 1.41282 1.47402 1.53597 1.59869 1.66217 1.72643 1.79145 1.85748 2.941 2.9617 2.9825 3.0033 3.024 3.0448 3.0655 3.0863 3.1071 3.1279 3.1486 3.1694 3.1901 3.2109 3.2317 3.2524 3.2731 3.2939 3.3147 3.3354 3.3562 3.3769 3.3977 3.4185 3.4392 3.46 3.4808 3.5015 3.5223 3.5431 3.5638 3.5846 3.6053 3.6261 3.6469 3.6676 3.6883 3.7091 3.7299 3.7506 3.7714 3.7921 3.8129 3.8337 3.8544 3.8752 3.896 3.9167 3.9375 3.9583 3.979 3.9998 4.0205 4.0413 4.0621 4.0828 
1.5 1.5 1.5 1.5 1.5 1.5 1.5 1.5 1.5 1.5 1.5 1.0605 1.11749 1.17513 1.23365 1.29252 1.35227 1.41273 1.47393 1.53586 1.59855 1.66203 1.72627 1.79129 1.85727 2.941 2.9617 2.9825 3.0033 3.024 3.0448 3.0655 3.0863 3.1071 3.1279 3.1486 3.1694 3.1901 3.2109 3.2317 3.2524 3.2731 3.2939 3.3147 3.3354 3.3562 3.3769 3.3977 3.4185 3.4392 3.46 3.4808 3.5015 3.5223 3.5431 3.5638 3.5846 3.6053 3.6261 3.6469 3.6676 3.6883 3.7091 3.7299 3.7506 3.7714 3.7921 3.8129 3.8337 3.8544 3.8752 3.896 3.9167 3.9375 3.9583 3.979 3.9998 4.0205 4.0413 4.0621 4.0828 
1.5 1.5 1.5 1.5 1.5 1.5 1.5 1.5 1.5 1.5 1.5 1.0599 1.11681 1.17439 1.23265 1.29163 1.35129 1.41166 1.47277 1.53461 1.5972 1.66057 1.72469 1.78964 1.85549 2.941 2.9617 2.9825 3.0033 3.024 3.0448 3.0655 3.0863 3.1071 3.1279 3.1486 3.1694 3.1901 3.2109 3.2317 3.2524 3.2731 3.2939 3.3147 3.3354 3.3562 3.3769 3.3977 3.4185 3.4392 3.46 3.4808 3.5015 3.5223 3.5431 3.5638 3.5846 3.6053 3.6261 3.6469 3.6676 3.6883 3.7091 3.7299 3.7506 3.7714 3.7921 3.8129 3.8337 3.8544 3.8752 3.896 3.9167 3.9375 3.9583 3.979 3.9998 4.0205 4.0413 4.0621 4.0828 
1.5 1.5 1.5 1.5 1.5 1.5 1.5 1.5 1.5 1.5 1.5 1.05869 1.11547 1.17291 1.23102 1.28984 1.34934 1.40954 1.47045 1.53211 1.59452 1.65766 1.72152 1.78623 1.85177 2.941 2.9617 2.9825 3.0033 3.024 3.0448 3.0655 3.0863 3.1071 3.1279 3.1486 3.1694 3.1901 3.2109 3.2317 3.2524 3.2731 3.2939 3.3147 3.3354 3.3562 3.3769 3.3977 3.4185 3.4392 3.46 3.4808 3.5015 3.5223 3.5431 3.5638 3.5846 3.6053 3.6261 3.6469 3.6676 3.6883 3.7091 3.7299 3.7506 3.7714 3.7921 3.8129 3.8337 3.8544 3.8752 3.896 3.9167 3.9375 3.9583 3.979 3.9998 4.0205 4.0413 4.0621 4.0828 
1.5 1.5 1.5 1.5 1.5 1.5 1.5 1.5 1.5 1.5 1.5 1.05861 1.11538 1.17283 1.23089 1.2897 1.34919 1.40938 1.47029 1.53195 1.59428 1.65738 1.72128 1.78592 1.8515 2.941 2.9617 2.9825 3.0033 3.024 3.0448 3.0655 3.0863 3.1071 3.1279 3.1486 3.1694 3.1901 3.2109 3.2317 3.2524 3.2731 3.2939 3.3147 3.3354 3.3562 3.3769 3.3977 3.4185 3.4392 3.46 3.4808 3.5015 3.5223 3.5431 3.5638 3.5846 3.6053 3.6261 3.6469 3.6676 3.6883 3.7091 3.7299 3.7506 3.7714 3.7921 3.8129 3.8337 3.8544 3.8752 3.896 3.9167 3.9375 3.9583 3.979 3.9998 4.0205 4.0413 4.0621 4.0828 
1.5 1.5 1.5 1.5 1.5 1.5 1.5 1.5 1.5 1.5 1.5 1.05377 1.11 1.16688 1.22435 1.28255 1.34136 1.40085 1.46099 1.52183 1.5834 1.64565 1.70861 1.77232 1.83683 2.941 2.9617 2.9825 3.0033 3.024 3.0448 3.0655 3.0863 3.1071 3.1279 3.1486 3.1694 3.1901 3.2109 3.2317 3.2524 3.2731 3.2939 3.3147 3.3354 3.3562 3.3769 3.3977 3.4185 3.4392 3.46 3.4808 3.5015 3.5223 3.5431 3.5638 3.5846 3.6053 3.6261 3.6469 3.6676 3.6883 3.7091 3.7299 3.7506 3.7714 3.7921 3.8129 3.8337 3.8544 3.8752 3.896 3.9167 3.9375 3.9583 3.979 3.9998 4.0205 4.0413 4.0621 4.0828 
1.5 1.5 1.5 1.5 1.5 1.5 1.5 1.5 1.5 1.5 1.5 1.05 1.10583 1.16226 1.21928 1.27696 1.33526 1.39418 1.45374 1.51397 1.57488 1.63646 1.69868 1.76167 1.82533 2.941 2.9617 2.9825 3.0033 3.024 3.0448 3.0655 3.0863 3.1071 3.1279 3.1486 3.1694 3.1901 3.2109 3.2317 3.2524 3.2731 3.2939 3.3147 3.3354 3.3562 3.3769 3.3977 3.4185 3.4392 3.46 3.4808 3.5015 3.5223 3.5431 3.5638 3.5846 3.6053 3.6261 3.6469 3.6676 3.6883 3.7091 3.7299 3.7506 3.7714 3.7921 3.8129 3.8337 3.8544 3.8752 3.896 3.9167 3.9375 3.9583 3.979 3.9998 4.0205 4.0413 4.0621 4.0828 
1.5 1.5 1.5 1.5 1.5 1.5 1.5 1.5 1.5 1.5 1.5 1.04549 1.10085 1.15676 1.21325 1.27036 1.32803 1.38631 1.44521 1.50472 1.56484 1.62566 1.68707 1.74921 1.81273 2.941 2.9617 2.9825 3.0033 3.024 3.0448 3.0655 3.0863 3.1071 3.1279 3.1486 3.1694 3.1901 3.2109 3.2317 3.2524 3.2731 3.2939 3.3147 3.3354 3.3562 3.3769 3.3977 3.4185 3.4392 3.46 3.4808 3.5015 3.5223 3.5431 3.5638 3.5846 3.6053 3.6261 3.6469 3.6676 3.6883 3.7091 3.7299 3.7506 3.7714 3.7921 3.8129 3.8337 3.8544 3.8752 3.896 3.9167 3.9375 3.9583 3.979 3.9998 4.0205 4.0413 4.0621 4.0828 
1.5 1.5 1.5 1.5 1.5 1.5 1.5 1.5 1.5 1.5 1.5 1.04045 1.09524 1.15056 1.20659 1.26288 1.31985 1.37739 1.4355 1.49417 1.55346 1.61337 1.67381 1.73494 1.79656 2.941 2.9617 2.9825 3.0033 3.024 3.0448 3.0655 3.0863 3.1071 3.1279 3.1486 3.1694 3.1901 3.2109 3.2317 3.2524 3.2731 3.2939 3.3147 3.3354 3.3562 3.3769 3.3977 3.4185 3.4392 3.46 3.4808 3.5015 3.5223 3.5431 3.5638 3.5846 3.6053 3.6261 3.6469 3.6676 3.6883 3.7091 3.7299 3.7506 3.7714 3.7921 3.8129 3.8337 3.8544 3.8752 3.896 3.9167 3.9375 3.9583 3.979 3.9998 4.0205 4.0413 4.0621 4.0828 
1.5 1.5 1.5 1.5 1.5 1.5 1.5 1.5 1.5 1.5 1.5 1.03478 1.08896 1.14365 1.19882 1.25452 1.31075 1.36748 1.42474 1.48254 1.54089 1.59979 1.65924 1.71926 1.77977 2.941 2.9617 2.9825 3.0033 3.024 3.0448 3.0655 3.0863 3.1071 3.1279 3.1486 3.1694 3.1901 3.2109 3.2317 3.2524 3.2731 3.2939 3.3147 3.3354 3.3562 3.3769 3.3977 3.4185 3.4392 3.46 3.4808 3.5015 3.5223 3.5431 3.5638 3.5846 3.6053 3.6261 3.6469 3.6676 3.6883 3.7091 3.7299 3.7506 3.7714 3.7921 3.8129 3.8337 3.8544 3.8752 3.896 3.9167 3.9375 3.9583 3.979 3.9998 4.0205 4.0413 4.0621 4.0828 
1.5 1.5 1.5 1.5 1.5 1.5 1.5 1.5 1.5 1.5 1.5 1.02903 1.0826 1.13664 1.19111 1.2461 1.30154 1.35747 1.41387 1.47076 1.52819 1.58609 1.64452 1.70346 1.76283 2.941 2.9617 2.9825 3.0033 3.024 3.0448 3.0655 3.0863 3.1071 3.1279 3.1486 3.1694 3.1901 3.2109 3.2317 3.2524 3.2731 3.2939 3.3147 3.3354 3.3562 3.3769 3.3977 3.4185 3.4392 3.46 3.4808 3.5015 3.5223 3.5431 3.5638 3.5846 3.6053 3.6261 3.6469 3.6676 3.6883 3.7091 3.7299 3.7506 3.7714 3.7921 3.8129 3.8337 3.8544 3.8752 3.896 3.9167 3.9375 3.9583 3.979 3.9998 4.0205 4.0413 4.0621 4.0828 
1.5 1.5 1.5 1.5 1.5 1.5 1.5 1.5 1.5 1.5 1.5 1.02307 1.07601 1.12938 1.18317 1.23738 1.29203 1.34713 1.40267 1.45874 1.5151 1.572 1.62939 1.68723 1.74548 2.941 2.9617 2.9825 3.0033 3.024 3.0448 3.0655 3.0863 3.1071 3.1279 3.1486 3.1694 3.1901 3.2109 3.2317 3.2524 3.2731 3.2939 3.3147 3.3354 3.3562 3.3769 3.3977 3.4185 3.4392 3.46 3.4808 3.5015 3.5223 3.5431 3.5638 3.5846 3.6053 3.6261 3.6469 3.6676 3.6883 3.7091 3.7299 3.7506 3.7714 3.7921 3.8129 3.8337 3.8544 3.8752 3.896 3.9167 3.9375 3.9583 3.979 3.9998 4.0205 4.0413 4.0621 4.0828 
1.5 1.5 1.5 1.5 1.5 1.5 1.5 1.5 1.5 1.5 1.5 1.01701 1.06932 1.12199 1.17506 1.22854 1.2824 1.33665 1.39131 1.44639 1.50186 1.55776 1.6141 1.67086 1.72808 2.941 2.9617 2.9825 3.0033 3.024 3.0448 3.0655 3.0863 3.1071 3.1279 3.1486 3.1694 3.1901 3.2109 3.2317 3.2524 3.2731 3.2939 3.3147 3.3354 3.3562 3.3769 3.3977 3.4185 3.4392 3.46 3.4808 3.5015 3.5223 3.5431 3.5638 3.5846 3.6053 3.6261 3.6469 3.6676 3.6883 3.7091 3.7299 3.7506 3.7714 3.7921 3.8129 3.8337 3.8544 3.8752 3.896 3.9167 3.9375 3.9583 3.979 3.9998 4.0205 4.0413 4.0621 4.0828 
1.5 1.5 1.5 1.5 1.5 1.5 1.5 1.5 1.5 1.5 1.5 1.01097 1.06263 1.11463 1.16702 1.21973 1.27279 1.32622 1.38002 1.43419 1.48871 1.54362 1.59889 1.65457 1.7107 2.941 2.9617 2.9825 3.0033 3.024 3.0448 3.0655 3.0863 3.1071 3.1279 3.1486 3.1694 3.1901 3.2109 3.2317 3.2524 3.2731 3.2939 3.3147 3.3354 3.3562 3.3769 3.3977 3.4185 3.4392 3.46 3.4808 3.5015 3.5223 3.5431 3.5638 3.5846 3.6053 3.6261 3.6469 3.6676 3.6883 3.7091 3.7299 3.7506 3.7714 3.7921 3.8129 3.8337 3.8544 3.8752 3.896 3.9167 3.9375 3.9583 3.979 3.9998 4.0205 4.0413 4.0621 4.0828 
1.5 1.5 1.5 1.5 1.5 1.5 1.5 1.5 1.5 1.5 1.5 1.00499 1.05602 1.10738 1.15904 1.21102 1.26334 1.31597 1.36892 1.4222 1.47579 1.52973 1.58402 1.63863 1.69373 2.941 2.9617 2.9825 3.0033 3.024 3.0448 3.0655 3.0863 3.1071 3.1279 3.1486 3.1694 3.1901 3.2109 3.2317 3.2524 3.2731 3.2939 3.3147 3.3354 3.3562 3.3769 3.3977 3.4185 3.4392 3.46 3.4808 3.5015 3.5223 3.5431 3.5638 3.5846 3.6053 3.6261 3.6469 3.6676 3.6883 3.7091 3.7299 3.7506 3.7714 3.7921 3.8129 3.8337 3.8544 3.8752 3.896 3.9167 3.9375 3.9583 3.979 3.9998 4.0205 4.0413 4.0621 4.0828 
1.5 1.5 1.5 1.5 1.5 1.5 1.5 1.5 1.5 1.5 1.5 0.999125 1.04955 1.10026 1.15127 1.20252 1.25408 1.30592 1.35804 1.4104 1.46319 1.51619 1.56945 1.62305 1.67705 2.941 2.9617 2.9825 3.0033 3.024 3.0448 3.0655 3.0863 3.1071 3.1279 3.1486 3.1694 3.1901 3.2109 3.2317 3.2524 3.2731 3.2939 3.3147 3.3354 3.3562 3.3769 3.3977 3.4185 3.4392 3.46 3.4808 3.5015 3.5223 3.5431 3.5638 3.5846 3.6053 3.6261 3.6469 3.6676 3.6883 3.7091 3.7299 3.7506 3.7714 3.7921 3.8129 3.8337 3.8544 3.8752 3.896 3.9167 3.9375 3.9583 3.979 3.9998 4.0205 4.0413 4.0621 4.0828 
1.5 1.5 1.5 1.5 1.5 1.5 1.5 1.5 1.5 1.5 1.5 0.993441 1.04328 1.09338 1.14367 1.1943 1.24513 1.29623 1.34758 1.39919 1.45104 1.50317 1.55549 1.60813 1.66112 2.941 2.9617 2.9825 3.0033 3.024 3.0448 3.0655 3.0863 3.1071 3.1279 3.1486 3.1694 3.1901 3.2109 3.2317 3.2524 3.2731 3.2939 3.3147 3.3354 3.3562 3.3769 3.3977 3.4185 3.4392 3.46 3.4808 3.5015 3.5223 3.5431 3.5638 3.5846 3.6053 3.6261 3.6469 3.6676 3.6883 3.7091 3.7299 3.7506 3.7714 3.7921 3.8129 3.8337 3.8544 3.8752 3.896 3.9167 3.9375 3.9583 3.979 3.9998 4.0205 4.0413 4.0621 4.0828 
1.5 1.5 1.5 1.5 1.5 1.5 1.5 1.5 1.5 1.5 1.5 0.987978 1.03727 1.08677 1.13643 1.18642 1.23659 1.28696 1.33756 1.38843 1.43943 1.49072 1.54219 1.59393 1.64598 2.941 2.9617 2.9825 3.0033 3.024 3.0448 3.0655 3.0863 3.1071 3.1279 3.1486 3.1694 3.1901 3.2109 3.2317 3.2524 3.2731 3.2939 3.3147 3.3354 3.3562 3.3769 3.3977 3.4185 3.4392 3.46 3.4808 3.5015 3.5223 3.5431 3.5638 3.5846 3.6053 3.6261 3.6469 3.6676 3.6883 3.7091 3.7299 3.7506 3.7714 3.7921 3.8129 3.8337 3.8544 3.8752 3.896 3.9167 3.9375 3.9583 3.979 3.9998 4.0205 4.0413 4.0621 4.0828 
1.5 1.5 1.5 1.5 1.5 1.5 1.5 1.5 1.5 1.5 1.5 0.982782 1.03154 1.08048 1.12966 1.17894 1.22843 1.27814 1.32804 1.37815 1.42837 1.47886 1.52952 1.5804 1.63128 2.941 2.9617 2.9825 3.0033 3.024 3.0448 3.0655 3.0863 3.1071 3.1279 3.1486 3.1694 3.1901 3.2109 3.2317 3.2524 3.2731 3.2939 3.3147 3.3354 3.3562 3.3769 3.3977 3.4185 3.4392 3.46 3.4808 3.5015 3.5223 3.5431 3.5638 3.5846 3.6053 3.6261 3.6469 3.6676 3.6883 3.7091 3.7299 3.7506 3.7714 3.7921 3.8129 3.8337 3.8544 3.8752 3.896 3.9167 3.9375 3.9583 3.979 3.9998 4.0205 4.0413 4.0621 4.0828 
1.5 1.5 1.5 1.5 1.5 1.5 1.5 1.5 1.5 1.5 1.5 0.977866 1.02614 1.07455 1.12313 1.17188 1.22078 1.26984 1.31906 1.3685 1.41803 1.46775 1.51765 1.5677 1.61771 2.941 2.9617 2.9825 3.0033 3.024 3.0448 3.0655 3.0863 3.1071 3.1279 3.1486 3.1694 3.1901 3.2109 3.2317 3.2524 3.2731 3.2939 3.3147 3.3354 3.3562 3.3769 3.3977 3.4185 3.4392 3.46 3.4808 3.5015 3.5223 3.5431 3.5638 3.5846 3.6053 3.6261 3.6469 3.6676 3.6883 3.7091 3.7299 3.7506 3.7714 3.7921 3.8129 3.8337 3.8544 3.8752 3.896 3.9167 3.9375 3.9583 3.979 3.9998 4.0205 4.0413 4.0621 4.0828 
1.5 1.5 1.5 1.5 1.5 1.5 1.5 1.5 1.5 1.5 1.5 0.973255 1.02105 1.06898 1.11707 1.16525 1.2136 1.26207 1.31069 1.35937 1.40836 1.45738 1.50656 1.55588 1.60544 2.941 2.9617 2.9825 3.0033 3.024 3.0448 3.0655 3.0863 3.1071 3.1279 3.1486 3.1694 3.1901 3.2109 3.2317 3.2524 3.2731 3.2939 3.3147 3.3354 3.3562 3.3769 3.3977 3.4185 3.4392 3.46 3.4808 3.5015 3.5223 3.5431 3.5638 3.5846 3.6053 3.6261 3.6469 3.6676 3.6883 3.7091 3.7299 3.7506 3.7714 3.7921 3.8129 3.8337 3.8544 3.8752 3.896 3.9167 3.9375 3.9583 3.979 3.9998 4.0205 4.0413 4.0621 4.0828 
1.5 1.5 1.5 1.5 1.5 1.5 1.5 1.5 1.5 1.5 1.5 0.968985 1.01637 1.06382 1.11145 1.15913 1.20695 1.2549 1.30296 1.35102 1.39943 1.44782 1.49635 1.54498 1.59386 2.941 2.9617 2.9825 3.0033 3.024 3.0448 3.0655 3.0863 3.1071 3.1279 3.1486 3.1694 3.1901 3.2109 3.2317 3.2524 3.2731 3.2939 3.3147 3.3354 3.3562 3.3769 3.3977 3.4185 3.4392 3.46 3.4808 3.5015 3.5223 3.5431 3.5638 3.5846 3.6053 3.6261 3.6469 3.6676 3.6883 3.7091 3.7299 3.7506 3.7714 3.7921 3.8129 3.8337 3.8544 3.8752 3.896 3.9167 3.9375 3.9583 3.979 3.9998 4.0205 4.0413 4.0621 4.0828 
1.5 1.5 1.5 1.5 1.5 1.5 1.5 1.5 1.5 1.5 1.5 0.965051 1.01204 1.05909 1.10616 1.1535 1.20086 1.24831 1.29586 1.34354 1.39124 1.43906 1.487 1.53502 1.5829 2.941 2.9617 2.9825 3.0033 3.024 3.0448 3.0655 3.0863 3.1071 3.1279 3.1486 3.1694 3.1901 3.2109 3.2317 3.2524 3.2731 3.2939 3.3147 3.3354 3.3562 3.3769 3.3977 3.4185 3.4392 3.46 3.4808 3.5015 3.5223 3.5431 3.5638 3.5846 3.6053 3.6261 3.6469 3.6676 3.6883 3.7091 3.7299 3.7506 3.7714 3.7921 3.8129 3.8337 3.8544 3.8752 3.896 3.9167 3.9375 3.9583 3.979 3.9998 4.0205 4.0413 4.0621 4.0828 
1.5 1.5 1.5 1.5 1.5 1.5 1.5 1.5 1.5 1.5 1.5 0.961516 1.00816 1.05484 1.10168 1.14849 1.19542 1.24245 1.28955 1.33677 1.38395 1.43128 1.47871 1.52618 1.57393 2.941 2.9617 2.9825 3.0033 3.024 3.0448 3.0655 3.0863 3.1071 3.1279 3.1486 3.1694 3.1901 3.2109 3.2317 3.2524 3.2731 3.2939 3.3147 3.3354 3.3562 3.3769 3.3977 3.4185 3.4392 3.46 3.4808 3.5015 3.5223 3.5431 3.5638 3.5846 3.6053 3.6261 3.6469 3.6676 3.6883 3.7091 3.7299 3.7506 3.7714 3.7921 3.8129 3.8337 3.8544 3.8752 3.896 3.9167 3.9375 3.9583 3.979 3.9998 4.0205 4.0413 4.0621 4.0828 
1.5 1.5 1.5 1.5 1.5 1.5 1.5 1.5 1.5 1.5 1.5 0.95833 1.00467 1.05101 1.09747 1.14394 1.1905 1.23711 1.28379 1.33042 1.37736 1.42423 1.47116 1.51814 1.56528 2.941 2.9617 2.9825 3.0033 3.024 3.0448 3.0655 3.0863 3.1071 3.1279 3.1486 3.1694 3.1901 3.2109 3.2317 3.2524 3.2731 3.2939 3.3147 3.3354 3.3562 3.3769 3.3977 3.4185 3.4392 3.46 3.4808 3.5015 3.5223 3.5431 3.5638 3.5846 3.6053 3.6261 3.6469 3.6676 3.6883 3.7091 3.7299 3.7506 3.7714 3.7921 3.8129 3.8337 3.8544 3.8752 3.896 3.9167 3.9375 3.9583 3.979 3.9998 4.0205 4.0413 4.0621 4.0828 
1.5 1.5 1.5 1.5 1.5 1.5 1.5 1.5 1.5 1.5 1.5 0.955533 1.00141 1.04765 1.09381 1.13996 1.18619 1.23247 1.2788 1.32522 1.37162 1.41811 1.46463 1.5112 1.55789 2.941 2.9617 2.9825 3.0033 3.024 3.0448 3.0655 3.0863 3.1071 3.1279 3.1486 3.1694 3.1901 3.2109 3.2317 3.2524 3.2731 3.2939 3.3147 3.3354 3.3562 3.3769 3.3977 3.4185 3.4392 3.46 3.4808 3.5015 3.5223 3.5431 3.5638 3.5846 3.6053 3.6261 3.6469 3.6676 3.6883 3.7091 3.7299 3.7506 3.7714 3.7921 3.8129 3.8337 3.8544 3.8752 3.896 3.9167 3.9375 3.9583 3.979 3.9998 4.0205 4.0413 4.0621 4.0828 
1.5 1.5 1.5 1.5 1.5 1.5 1.5 1.5 1.5 1.5 1.5 0.953123 0.998925 1.04476 1.09054 1.13653 1.18247 1.22846 1.27448 1.32056 1.36663 1.41279 1.45894 1.50516 1.5515 2.941 2.9617 2.9825 3.0033 3.024 3.0448 3.0655 3.0863 3.1071 3.1279 3.1486 3.1694 3.1901 3.2109 3.2317 3.2524 3.2731 3.2939 3.3147 3.3354 3.3562 3.3769 3.3977 3.4185 3.4392 3.46 3.4808 3.5015 3.5223 3.5431 3.5638 3.5846 3.6053 3.6261 3.6469 3.6676 3.6883 3.7091 3.7299 3.7506 3.7714 3.7921 3.8129 3.8337 3.8544 3.8752 3.896 3.9167 3.9375 3.9583 3.979 3.9998 4.0205 4.0413 4.0621 4.0828 
1.5 1.5 1.5 1.5 1.5 1.5 1.5 1.5 1.5 1.5 1.5 0.95107 0.996668 1.04227 1.08786 1.13359 1.1793 1.22502 1.27078 1.31658 1.36236 1.40822 1.45407 1.49998 1.54554 2.941 2.9617 2.9825 3.0033 3.024 3.0448 3.0655 3.0863 3.1071 3.1279 3.1486 3.1694 3.1901 3.2109 3.2317 3.2524 3.2731 3.2939 3.3147 3.3354 3.3562 3.3769 3.3977 3.4185 3.4392 3.46 3.4808 3.5015 3.5223 3.5431 3.5638 3.5846 3.6053 3.6261 3.6469 3.6676 3.6883 3.7091 3.7299 3.7506 3.7714 3.7921 3.8129 3.8337 3.8544 3.8752 3.896 3.9167 3.9375 3.9583 3.979 3.9998 4.0205 4.0413 4.0621 4.0828 
1.5 1.5 1.5 1.5 1.5 1.5 1.5 1.5 1.5 1.5 1.5 0.949603 0.995057 1.04052 1.08606 1.13151 1.17705 1.2226 1.26817 1.31381 1.3594 1.40503 1.45067 1.49636 1.54213 2.941 2.9617 2.9825 3.0033 3.024 3.0448 3.0655 3.0863 3.1071 3.1279 3.1486 3.1694 3.1901 3.2109 3.2317 3.2524 3.2731 3.2939 3.3147 3.3354 3.3562 3.3769 3.3977 3.4185 3.4392 3.46 3.4808 3.5015 3.5223 3.5431 3.5638 3.5846 3.6053 3.6261 3.6469 3.6676 3.6883 3.7091 3.7299 3.7506 3.7714 3.7921 3.8129 3.8337 3.8544 3.8752 3.896 3.9167 3.9375 3.9583 3.979 3.9998 4.0205 4.0413 4.0621 4.0828 
1.5 1.5 1.5 1.5 1.5 1.5 1.5 1.5 1.5 1.5 1.5 0.948386 0.993743 1.03906 1.08446 1.1298 1.17519 1.22059 1.26602 1.31145 1.35692 1.40234 1.44787 1.49336 1.53899 2.941 2.9617 2.9825 3.0033 3.024 3.0448 3.0655 3.0863 3.1071 3.1279 3.1486 3.1694 3.1901 3.2109 3.2317 3.2524 3.2731 3.2939 3.3147 3.3354 3.3562 3.3769 3.3977 3.4185 3.4392 3.46 3.4808 3.5015 3.5223 3.5431 3.5638 3.5846 3.6053 3.6261 3.6469 3.6676 3.6883 3.7091 3.7299 3.7506 3.7714 3.7921 3.8129 3.8337 3.8544 3.8752 3.896 3.9167 3.9375 3.9583 3.979 3.9998 4.0205 4.0413 4.0621 4.0828 
1.5 1.5 1.5 1.5 1.5 1.5 1.5 1.5 1.5 1.5 1.5 0.947286 0.992523 1.03775 1.08296 1.12826 1.17353 1.21881 1.2641 1.30941 1.35472 1.40005 1.4454 1.49075 1.53625 2.941 2.9617 2.9825 3.0033 3.024 3.0448 3.0655 3.0863 3.1071 3.1279 3.1486 3.1694 3.1901 3.2109 3.2317 3.2524 3.2731 3.2939 3.3147 3.3354 3.3562 3.3769 3.3977 3.4185 3.4392 3.46 3.4808 3.5015 3.5223 3.5431 3.5638 3.5846 3.6053 3.6261 3.6469 3.6676 3.6883 3.7091 3.7299 3.7506 3.7714 3.7921 3.8129 3.8337 3.8544 3.8752 3.896 3.9167 3.9375 3.9583 3.979 3.9998 4.0205 4.0413 4.0621 4.0828 
1.5 1.5 1.5 1.5 1.5 1.5 1.5 1.5 1.5 1.5 1.5 0.946306 0.991441 1.03657 1.08169 1.12684 1.17199 1.21713 1.2623 1.30745 1.35263 1.39781 1.44297 1.48816 1.53313 2.941 2.9617 2.9825 3.0033 3.024 3.0448 3.0655 3.0863 3.1071 3.1279 3.1486 3.1694 3.1901 3.2109 3.2317 3.2524 3.2731 3.2939 3.3147 3.3354 3.3562 3.3769 3.3977 3.4185 3.4392 3.46 3.4808 3.5015 3.5223 3.5431 3.5638 3.5846 3.6053 3.6261 3.6469 3.6676 3.6883 3.7091 3.7299 3.7506 3.7714 3.7921 3.8129 3.8337 3.8544 3.8752 3.896 3.9167 3.9375 3.9583 3.979 3.9998 4.0205 4.0413 4.0621 4.0828 
