5
s 30 2 31
r 20 0.01 7 6.67332 0.01
r 22 0.01 7 6.33703 0.01
r 24 0.01 7 5.98178 0.01
r 26 0.01 7 5.62257 0.01
r 28 0.01 7 5.11887 0.01
r 30 0.01 7 4.9813 0.01
r 32 0.01 7 5.11887 0.01
r 34 0.01 7 5.62257 0.01
r 36 0.01 7 5.98178 0.01
r 38 0.01 7 6.33703 0.01
r 40 0.01 7 6.67332 0.01
r 42 0.01 7 6.98253 0.01
r 44 0.01 7 7.31414 0.01
r 46 0.01 7 7.64389 0.01
r 48 0.01 7 7.96166 0.01
r 50 0.01 7 8.28431 0.01
r 52 0.01 7 8.60425 0.01
r 54 0.01 7 8.92567 0.01
r 56 0.01 7 9.24634 0.01
r 58 0.01 7 9.55315 0.01
r 60 0.01 7 9.85544 0.01
r 62 0.01 7 10.1459 0.01
r 64 0.01 7 10.4284 0.01
r 66 0.01 7 10.7173 0.01
r 68 0.01 7 11.0023 0.01
r 70 0.01 7 11.3019 0.01
r 72 0.01 7 11.5768 0.01
r 74 0.01 7 11.8482 0.01
r 76 0.01 7 12.1155 0.01
r 78 0.01 7 12.377 0.01
r 80 0.01 7 12.6353 0.01
s 40 2 31
r 20 0.01 7 8.28431 0.01
r 22 0.01 7 7.96166 0.01
r 24 0.01 7 7.64389 0.01
r 26 0.01 7 7.31414 0.01
r 28 0.01 7 6.98253 0.01
r 30 0.01 7 6.67332 0.01
r 32 0.01 7 6.33703 0.01
r 34 0.01 7 5.98178 0.01
r 36 0.01 7 5.62257 0.01
r 38 0.01 7 5.11887 0.01
r 40 0.01 7 4.9813 0.01
r 42 0.01 7 5.11887 0.01
r 44 0.01 7 5.62257 0.01
r 46 0.01 7 5.98178 0.01
r 48 0.01 7 6.33703 0.01
r 50 0.01 7 6.67332 0.01
r 52 0.01 7 6.98253 0.01
r 54 0.01 7 7.31414 0.01
r 56 0.01 7 7.64389 0.01
r 58 0.01 7 7.96166 0.01
r 60 0.01 7 8.28431 0.01
r 62 0.01 7 8.60425 0.01
r 64 0.01 7 8.92567 0.01
r 66 0.01 7 9.24634 0.01
r 68 0.01 7 9.55315 0.01
r 70 0.01 7 9.85544 0.01
r 72 0.01 7 10.1459 0.01
r 74 0.01 7 10.4284 0.01
r 76 0.01 7 10.7173 0.01
r 78 0.01 7 11.0023 0.01
r 80 0.01 7 11.3019 0.01
s 50 2 31
r 20 0.01 7 9.85544 0.01
r 22 0.01 7 9.55315 0.01
r 24 0.01 7 9.24634 0.01
r 26 0.01 7 8.92567 0.01
r 28 0.01 7 8.60425 0.01
r 30 0.01 7 8.28431 0.01
r 32 0.01 7 7.96166 0.01
r 34 0.01 7 7.64389 0.01
r 36 0.01 7 7.31414 0.01
r 38 0.01 7 6.98253 0.01
r 40 0.01 7 6.67332 0.01
r 42 0.01 7 6.33703 0.01
r 44 0.01 7 5.98178 0.01
r 46 0.01 7 5.62257 0.01
r 48 0.01 7 5.11887 0.01
r 50 0.01 7 4.9813 0.01
r 52 0.01 7 5.11887 0.01
r 54 0.01 7 5.62257 0.01
r 56 0.01 7 5.98178 0.01
r 58 0.01 7 6.33703 0.01
r 60 0.01 7 6.67332 0.01
r 62 0.01 7 6.98253 0.01
r 64 0.01 7 7.31414 0.01
r 66 0.01 7 7.64389 0.01
r 68 0.01 7 7.96166 0.01
r 70 0.01 7 8.28431 0.01
r 72 0.01 7 8.60425 0.01
r 74 0.01 7 8.92567 0.01
r 76 0.01 7 9.24634 0.01
r 78 0.01 7 9.55315 0.01
r 80 0.01 7 9.85544 0.01
s 60 2 31
r 20 0.01 7 11.3019 0.01
r 22 0.01 7 11.0023 0.01
r 24 0.01 7 10.7173 0.01
r 26 0.01 7 10.4284 0.01
r 28 0.01 7 10.1459 0.01
r 30 0.01 7 9.85544 0.01
r 32 0.01 7 9.55315 0.01
r 34 0.01 7 9.24634 0.01
r 36 0.01 7 8.92567 0.01
r 38 0.01 7 8.60425 0.01
r 40 0.01 7 8.28431 0.01
r 42 0.01 7 7.96166 0.01
r 44 0.01 7 7.64389 0.01
r 46 0.01 7 7.31414 0.01
r 48 0.01 7 6.98253 0.01
r 50 0.01 7 6.67332 0.01
r 52 0.01 7 6.33703 0.01
r 54 0.01 7 5.98178 0.01
r 56 0.01 7 5.62257 0.01
r 58 0.01 7 5.11887 0.01
r 60 0.01 7 4.9813 0.01
r 62 0.01 7 5.11887 0.01
r 64 0.01 7 5.62257 0.01
r 66 0.01 7 5.98178 0.01
r 68 0.01 7 6.33703 0.01
r 70 0.01 7 6.67332 0.01
r 72 0.01 7 6.98253 0.01
r 74 0.01 7 7.31414 0.01
r 76 0.01 7 7.64389 0.01
r 78 0.01 7 7.96166 0.01
r 80 0.01 7 8.28431 0.01
s 70 2 31
r 20 0.01 7 12.6353 0.01
r 22 0.01 7 12.377 0.01
r 24 0.01 7 12.1155 0.01
r 26 0.01 7 11.8482 0.01
r 28 0.01 7 11.5768 0.01
r 30 0.01 7 11.3019 0.01
r 32 0.01 7 11.0023 0.01
r 34 0.01 7 10.7173 0.01
r 36 0.01 7 10.4284 0.01
r 38 0.01 7 10.1459 0.01
r 40 0.01 7 9.85544 0.01
r 42 0.01 7 9.55315 0.01
r 44 0.01 7 9.24634 0.01
r 46 0.01 7 8.92567 0.01
r 48 0.01 7 8.60425 0.01
r 50 0.01 7 8.28431 0.01
r 52 0.01 7 7.96166 0.01
r 54 0.01 7 7.64389 0.01
r 56 0.01 7 7.31414 0.01
r 58 0.01 7 6.98253 0.01
r 60 0.01 7 6.67332 0.01
r 62 0.01 7 6.33703 0.01
r 64 0.01 7 5.98178 0.01
r 66 0.01 7 5.62257 0.01
r 68 0.01 7 5.11887 0.01
r 70 0.01 7 4.9813 0.01
r 72 0.01 7 5.11887 0.01
r 74 0.01 7 5.62257 0.01
r 76 0.01 7 5.98178 0.01
r 78 0.01 7 6.33703 0.01
r 80 0.01 7 6.67332 0.01
