5
s 30 2 31
r 20 0.01 7 6.36073 0.01
r 22 0.01 7 6.02445 0.01
r 24 0.01 7 5.66673 0.01
r 26 0.01 7 5.30922 0.01
r 28 0.01 7 4.80203 0.01
r 30 0.01 7 4.66897 0.01
r 32 0.01 7 4.80114 0.01
r 34 0.01 7 5.30899 0.01
r 36 0.01 7 5.66787 0.01
r 38 0.01 7 6.02445 0.01
r 40 0.01 7 6.36073 0.01
r 42 0.01 7 6.66916 0.01
r 44 0.01 7 7.00077 0.01
r 46 0.01 7 7.3305 0.01
r 48 0.01 7 7.64831 0.01
r 50 0.01 7 7.97096 0.01
r 52 0.01 7 8.29088 0.01
r 54 0.01 7 8.61252 0.01
r 56 0.01 7 8.93373 0.01
r 58 0.01 7 9.24054 0.01
r 60 0.01 7 9.54284 0.01
r 62 0.01 7 9.83304 0.01
r 64 0.01 7 10.1274 0.01
r 66 0.01 7 10.4163 0.01
r 68 0.01 7 10.7014 0.01
r 70 0.01 7 10.9893 0.01
r 72 0.01 7 11.2642 0.01
r 74 0.01 7 11.5356 0.01
r 76 0.01 7 11.8029 0.01
r 78 0.01 7 12.0644 0.01
r 80 0.01 7 12.3227 0.01
s 40 2 31
r 20 0.01 7 7.97083 0.01
r 22 0.01 7 7.64818 0.01
r 24 0.01 7 7.33037 0.01
r 26 0.01 7 7.00064 0.01
r 28 0.01 7 6.66903 0.01
r 30 0.01 7 6.36061 0.01
r 32 0.01 7 6.02433 0.01
r 34 0.01 7 5.66776 0.01
r 36 0.01 7 5.30887 0.01
r 38 0.01 7 4.80075 0.01
r 40 0.01 7 4.66882 0.01
r 42 0.01 7 4.8009 0.01
r 44 0.01 7 5.30894 0.01
r 46 0.01 7 5.66778 0.01
r 48 0.01 7 6.02433 0.01
r 50 0.01 7 6.36061 0.01
r 52 0.01 7 6.66905 0.01
r 54 0.01 7 7.00066 0.01
r 56 0.01 7 7.33039 0.01
r 58 0.01 7 7.6482 0.01
r 60 0.01 7 7.97085 0.01
r 62 0.01 7 8.29077 0.01
r 64 0.01 7 8.61243 0.01
r 66 0.01 7 8.93362 0.01
r 68 0.01 7 9.24042 0.01
r 70 0.01 7 9.54272 0.01
r 72 0.01 7 9.83292 0.01
r 74 0.01 7 10.1272 0.01
r 76 0.01 7 10.4162 0.01
r 78 0.01 7 10.7013 0.01
r 80 0.01 7 10.9891 0.01
s 50 2 31
r 20 0.01 7 9.54382 0.01
r 22 0.01 7 9.24153 0.01
r 24 0.01 7 8.93472 0.01
r 26 0.01 7 8.61353 0.01
r 28 0.01 7 8.29188 0.01
r 30 0.01 7 7.97195 0.01
r 32 0.01 7 7.6493 0.01
r 34 0.01 7 7.33149 0.01
r 36 0.01 7 7.00176 0.01
r 38 0.01 7 6.67015 0.01
r 40 0.01 7 6.36172 0.01
r 42 0.01 7 6.02543 0.01
r 44 0.01 7 5.66889 0.01
r 46 0.01 7 5.31003 0.01
r 48 0.01 7 4.80198 0.01
r 50 0.01 7 4.66992 0.01
r 52 0.01 7 4.80188 0.01
r 54 0.01 7 5.30998 0.01
r 56 0.01 7 5.66887 0.01
r 58 0.01 7 6.02543 0.01
r 60 0.01 7 6.36172 0.01
r 62 0.01 7 6.67014 0.01
r 64 0.01 7 7.00175 0.01
r 66 0.01 7 7.33148 0.01
r 68 0.01 7 7.64929 0.01
r 70 0.01 7 7.97194 0.01
r 72 0.01 7 8.29186 0.01
r 74 0.01 7 8.61352 0.01
r 76 0.01 7 8.93472 0.01
r 78 0.01 7 9.24153 0.01
r 80 0.01 7 9.54382 0.01
s 60 2 31
r 20 0.01 7 10.9873 0.01
r 22 0.01 7 10.6995 0.01
r 24 0.01 7 10.4144 0.01
r 26 0.01 7 10.1254 0.01
r 28 0.01 7 9.83111 0.01
r 30 0.01 7 9.54092 0.01
r 32 0.01 7 9.23862 0.01
r 34 0.01 7 8.93182 0.01
r 36 0.01 7 8.61062 0.01
r 38 0.01 7 8.28897 0.01
r 40 0.01 7 7.96905 0.01
r 42 0.01 7 7.6464 0.01
r 44 0.01 7 7.32858 0.01
r 46 0.01 7 6.99885 0.01
r 48 0.01 7 6.66725 0.01
r 50 0.01 7 6.35881 0.01
r 52 0.01 7 6.02253 0.01
r 54 0.01 7 5.66478 0.01
r 56 0.01 7 5.30714 0.01
r 58 0.01 7 4.79898 0.01
r 60 0.01 7 4.66702 0.01
r 62 0.01 7 4.79875 0.01
r 64 0.01 7 5.30701 0.01
r 66 0.01 7 5.66594 0.01
r 68 0.01 7 6.02253 0.01
r 70 0.01 7 6.35881 0.01
r 72 0.01 7 6.66721 0.01
r 74 0.01 7 6.99882 0.01
r 76 0.01 7 7.32855 0.01
r 78 0.01 7 7.64636 0.01
r 80 0.01 7 7.96901 0.01
s 70 2 31
r 20 0.01 7 12.3237 0.01
r 22 0.01 7 12.0654 0.01
r 24 0.01 7 11.8039 0.01
r 26 0.01 7 11.5366 0.01
r 28 0.01 7 11.2652 0.01
r 30 0.01 7 10.9903 0.01
r 32 0.01 7 10.7024 0.01
r 34 0.01 7 10.4173 0.01
r 36 0.01 7 10.1284 0.01
r 38 0.01 7 9.83404 0.01
r 40 0.01 7 9.54384 0.01
r 42 0.01 7 9.24155 0.01
r 44 0.01 7 8.93474 0.01
r 46 0.01 7 8.61349 0.01
r 48 0.01 7 8.29185 0.01
r 50 0.01 7 7.97193 0.01
r 52 0.01 7 7.64928 0.01
r 54 0.01 7 7.33147 0.01
r 56 0.01 7 7.00174 0.01
r 58 0.01 7 6.67014 0.01
r 60 0.01 7 6.36174 0.01
r 62 0.01 7 6.02545 0.01
r 64 0.01 7 5.66882 0.01
r 66 0.01 7 5.30987 0.01
r 68 0.01 7 4.80203 0.01
r 70 0.01 7 4.67015 0.01
r 72 0.01 7 4.8038 0.01
r 74 0.01 7 5.31599 0.01
r 76 0.01 7 5.6678 0.01
r 78 0.01 7 6.02545 0.01
r 80 0.01 7 6.36174 0.01
