63 81 1.5 0.33
0 2 4 6 8 10 12 14 16 18 20 22 24 26 28 30 32 34 36 38 40 42 44 46 48 50 52 54 56 58 60 62 64 66 68 70 72 74 76 78 80 82 84 86 88 90 92 94 96 98 100 102 104 106 108 110 112 114 116 118 120 122 124 
0 0 0 0 0 0 0 0 0 0 0 0 0 0 0 0 0 0 0 0 0 0 0 0 0 0 0 0 0 0 0 0 0 0 0 0 0 0 0 0 0 0 0 0 0 0 0 0 0 0 0 0 0 0 0 0 0 0 0 0 0 0 0 
0 0.2 0.4 0.6 0.8 1 1.2 1.4 1.6 1.8 2 2.2 2.4 2.6 2.8 3 3.2 3.4 3.6 3.8 4 4.2 4.4 4.6 4.8 5 5.2 5.4 5.6 5.8 6 6.2 6.4 6.6 6.8 7 7.2 7.4 7.6 7.8 8 8.2 8.4 8.6 8.8 9 9.2 9.4 9.6 9.8 10 10.2 10.4 10.6 10.8 11 11.2 11.4 11.6 11.8 12 12.2 12.4 12.6 12.8 13 13.2 13.4 13.6 13.8 14 14.2 14.4 14.6 14.8 15 15.2 15.4 15.6 15.8 16 
1.5 1.5 1.5 1.5 1.5 1.5 1.5 1.5 1.5 1.5 1.5 1.08 1.11 1.14 1.17 1.2 1.23 1.26 1.29 1.32 1.35 1.38 1.41 1.44 1.47 2.86352 2.87335 2.88301 2.89237 2.90219 2.91126 2.92099 2.93047 2.93986 2.94959 2.95829 2.96759 2.97668 2.98558 2.99487 3.00292 3.01194 3.02016 3.02854 3.03662 3.04489 3.05321 3.06115 3.06905 3.07646 3.08433 3.09209 3.09943 3.10677 3.11409 3.12106 3.1284 3.13539 3.14253 3.14952 3.15643 3.16371 3.17067 3.17772 3.18489 3.19205 3.19953 3.2069 3.21436 3.22189 3.22956 3.23784 3.24596 3.25418 3.26257 3.27087 3.27968 3.28837 3.29531 3.3051 3.31526 
1.5 1.5 1.5 1.5 1.5 1.5 1.5 1.5 1.5 1.5 1.5 1.08 1.11 1.14 1.17 1.2 1.23 1.26 1.29 1.32 1.35 1.38 1.41 1.44 1.47 2.88237 2.89242 2.90181 2.91114 2.92088 2.92984 2.93941 2.94858 2.95777 2.96758 2.97588 2.98466 2.99302 3.00143 3.01058 3.01786 3.02643 3.03407 3.04194 3.04946 3.05735 3.06521 3.0726 3.07994 3.08682 3.09436 3.10176 3.10883 3.11592 3.12311 3.12995 3.13714 3.14407 3.15124 3.15827 3.16511 3.17235 3.17936 3.18581 3.19389 3.20118 3.20876 3.21629 3.2233 3.23172 3.23947 3.24785 3.25611 3.26346 3.27296 3.2817 3.28984 3.30005 3.30466 3.3163 3.32405 
1.5 1.5 1.5 1.5 1.5 1.5 1.5 1.5 1.5 1.5 1.5 1.08 1.11 1.14 1.17 1.2 1.23 1.26 1.29 1.32 1.35 1.38 1.41 1.44 1.47 2.89692 2.90466 2.91633 2.92592 2.93577 2.94449 2.95275 2.96318 2.97229 2.9812 2.98994 2.99802 3.00766 3.01593 3.02388 3.03208 3.04017 3.04802 3.05553 3.06251 3.07039 3.07801 3.08524 3.09259 3.09915 3.10683 3.11417 3.12099 3.12798 3.13422 3.14173 3.1488 3.15565 3.16265 3.16889 3.17651 3.18379 3.19083 3.19812 3.20446 3.21264 3.22023 3.22773 3.23538 3.24204 3.25064 3.25893 3.26714 3.27566 3.28251 3.29266 3.30061 3.3104 3.31799 3.32503 3.33292 
1.5 1.5 1.5 1.5 1.5 1.5 1.5 1.5 1.5 1.5 1.5 1.08 1.11 1.14 1.17 1.2 1.23 1.26 1.29 1.32 1.35 1.38 1.41 1.44 1.47 2.91706 2.92642 2.9361 2.94585 2.95421 2.96442 2.9739 2.98334 2.9923 3.00098 3.01006 3.01852 3.02675 3.03479 3.04243 3.05049 3.05812 3.06573 3.07317 3.07949 3.08732 3.09428 3.10135 3.10814 3.11385 3.12136 3.12722 3.13473 3.14139 3.14712 3.15472 3.16064 3.16837 3.17411 3.18099 3.18887 3.19499 3.20292 3.2101 3.21729 3.2246 3.23112 3.2396 3.24614 3.25499 3.26265 3.26955 3.27912 3.28624 3.29582 3.30449 3.31091 3.32161 3.3288 3.33912 3.34601 
1.5 1.5 1.5 1.5 1.5 1.5 1.5 1.5 1.5 1.5 1.5 1.08 1.11 1.14 1.17 1.2 1.23 1.26 1.29 1.32 1.35 1.38 1.41 1.44 1.47 2.9416 2.95072 2.95828 2.96855 2.97867 2.98828 2.99767 3.00629 3.01545 3.02608 3.03372 3.04153 3.04912 3.05705 3.06676 3.07271 3.0804 3.08673 3.09378 3.10101 3.10825 3.11507 3.12075 3.1272 3.13383 3.14102 3.1465 3.15282 3.15909 3.16669 3.17302 3.17873 3.18529 3.19192 3.19969 3.20631 3.21228 3.21892 3.22705 3.23422 3.2413 3.2479 3.25524 3.26397 3.27155 3.27913 3.2862 3.29436 3.30435 3.31263 3.32077 3.32843 3.33652 3.34849 3.35527 3.3623 
1.5 1.5 1.5 1.5 1.5 1.5 1.5 1.5 1.5 1.5 1.5 1.08 1.11 1.14 1.17 1.2 1.23 1.26 1.29 1.32 1.35 1.38 1.41 1.44 1.47 2.98063 2.98957 2.9993 3.00888 3.01891 3.02714 3.03642 3.04566 3.0544 3.06438 3.07121 3.07918 3.08697 3.09452 3.10299 3.1087 3.11597 3.12232 3.12886 3.13437 3.14136 3.14781 3.15372 3.15971 3.16472 3.17158 3.17789 3.18373 3.18977 3.19589 3.20169 3.20803 3.21413 3.22041 3.22668 3.23288 3.23966 3.24605 3.25291 3.25961 3.26649 3.27384 3.28096 3.28853 3.29577 3.3032 3.31137 3.31927 3.3279 3.33627 3.34387 3.35406 3.36038 3.37131 3.37782 3.38563 
1.5 1.5 1.5 1.5 1.5 1.5 1.5 1.5 1.5 1.5 1.5 1.08 1.11 1.14 1.17 1.2 1.23 1.26 1.29 1.32 1.35 1.38 1.41 1.44 1.47 3.02313 3.03165 3.04138 3.05065 3.05967 3.06868 3.07786 3.08682 3.09545 3.10434 3.11209 3.11972 3.12703 3.13403 3.14084 3.14724 3.15419 3.15999 3.16596 3.17096 3.17748 3.18347 3.18896 3.19433 3.19856 3.20502 3.21069 3.21601 3.22139 3.22696 3.23226 3.23804 3.24263 3.24946 3.25536 3.26117 3.26749 3.27358 3.27992 3.28655 3.2931 3.30018 3.30599 3.31444 3.32176 3.3291 3.33726 3.34514 3.35351 3.36248 3.36975 3.38021 3.38687 3.39737 3.40452 3.4129 
1.5 1.5 1.5 1.5 1.5 1.5 1.5 1.5 1.5 1.5 1.5 1.08 1.11 1.14 1.17 1.2 1.23 1.26 1.29 1.32 1.35 1.38 1.41 1.44 1.47 3.07519 3.08344 3.09311 3.10181 3.11111 3.11941 3.12811 3.13697 3.1453 3.15416 3.16117 3.168 3.17484 3.18108 3.18749 3.1933 3.19929 3.20447 3.2098 3.21375 3.21991 3.2251 3.22973 3.23441 3.23757 3.24363 3.24777 3.25327 3.25807 3.26304 3.26779 3.27196 3.27815 3.28342 3.28876 3.29408 3.29896 3.30594 3.31188 3.31809 3.32451 3.33142 3.33819 3.34539 3.35245 3.35985 3.36811 3.37594 3.38409 3.39323 3.4007 3.41091 3.41793 3.42841 3.4353 3.44511 
1.5 1.5 1.5 1.5 1.5 1.5 1.5 1.5 1.5 1.5 1.5 1.08 1.11 1.14 1.17 1.2 1.23 1.26 1.29 1.32 1.35 1.38 1.41 1.44 1.47 3.1384 3.14963 3.15588 3.16398 3.17335 3.18054 3.18877 3.19729 3.20564 3.21362 3.21949 3.22555 3.23125 3.23668 3.24209 3.2468 3.2517 3.25623 3.26026 3.26273 3.26848 3.27279 3.27617 3.28061 3.28263 3.28843 3.29267 3.29568 3.30081 3.3049 3.30916 3.31386 3.31732 3.32317 3.32788 3.33289 3.33838 3.34391 3.34944 3.3553 3.36126 3.36765 3.3743 3.38101 3.38786 3.39514 3.40322 3.41121 3.41885 3.42678 3.43592 3.44553 3.45334 3.46302 3.47009 3.48138 
1.5 1.5 1.5 1.5 1.5 1.5 1.5 1.5 1.5 1.5 1.5 1.08 1.11 1.14 1.17 1.2 1.23 1.26 1.29 1.32 1.35 1.38 1.41 1.44 1.47 3.2095 3.22491 3.22759 3.23359 3.24341 3.24933 3.25703 3.26464 3.27191 3.28074 3.28529 3.29026 3.29409 3.29885 3.30533 3.30684 3.31049 3.31401 3.31718 3.31829 3.32336 3.3264 3.32941 3.33235 3.33392 3.33825 3.34147 3.34466 3.34683 3.35022 3.35501 3.35892 3.36295 3.36706 3.37131 3.37574 3.38057 3.38566 3.38941 3.39649 3.40219 3.40825 3.41469 3.41965 3.42808 3.43532 3.44322 3.45149 3.45923 3.46798 3.4767 3.48526 3.49412 3.50352 3.51088 3.52311 
1.5 1.5 1.5 1.5 1.5 1.5 1.5 1.5 1.5 1.5 1.5 1.08 1.11 1.14 1.17 1.2 1.23 1.26 1.29 1.32 1.35 1.38 1.41 1.44 1.47 3.28136 3.2993 3.29677 3.30494 3.31638 3.32042 3.32804 3.33521 3.34444 3.35133 3.35554 3.35846 3.36275 3.3663 3.36952 3.3721 3.37418 3.37664 3.37863 3.38008 3.38282 3.38491 3.38694 3.38903 3.38892 3.39362 3.39615 3.39859 3.40116 3.40397 3.407 3.41031 3.4138 3.41737 3.42119 3.42522 3.42963 3.4343 3.43934 3.44439 3.44987 3.45563 3.46176 3.46801 3.47449 3.4815 3.48912 3.49755 3.50516 3.51322 3.52295 3.5301 3.54008 3.54858 3.55625 3.56843 
1.5 1.5 1.5 1.5 1.5 1.5 1.5 1.5 1.5 1.5 1.5 1.08 1.11 1.14 1.17 1.2 1.23 1.26 1.29 1.32 1.35 1.38 1.41 1.44 1.47 3.35951 3.40272 3.37676 3.38434 3.39149 3.3977 3.40473 3.41111 3.41694 3.42586 3.42774 3.43105 3.43285 3.43545 3.44066 3.4393 3.44109 3.44262 3.44397 3.44245 3.44657 3.44779 3.44916 3.45066 3.44935 3.45379 3.45554 3.4572 3.45918 3.4614 3.46396 3.46675 3.46968 3.47289 3.47622 3.47994 3.48397 3.48816 3.49287 3.49738 3.50254 3.50794 3.51368 3.51972 3.52608 3.53283 3.54022 3.54868 3.55675 3.56392 3.57433 3.58087 3.59113 3.59952 3.60831 3.61882 
1.5 1.5 1.5 1.5 1.5 1.5 1.5 1.5 1.5 1.5 1.5 1.08 1.11 1.14 1.17 1.2 1.23 1.26 1.29 1.32 1.35 1.38 1.41 1.44 1.47 3.44256 3.57423 3.45477 3.46824 3.47555 3.48212 3.48794 3.49427 3.49904 3.50695 3.50713 3.50874 3.50648 3.50803 3.51251 3.51018 3.51106 3.51187 3.51234 3.50962 3.5134 3.51386 3.5145 3.51522 3.51321 3.51738 3.51856 3.52003 3.52162 3.52345 3.52555 3.52791 3.5306 3.53331 3.53619 3.5396 3.54304 3.5468 3.55117 3.5555 3.56038 3.56555 3.57121 3.57709 3.58332 3.58996 3.59726 3.60556 3.61449 3.62123 3.63137 3.63883 3.64957 3.65592 3.66632 3.67655 
1.5 1.5 1.5 1.5 1.5 1.5 1.5 1.5 1.5 1.5 1.5 1.08 1.11 1.14 1.17 1.2 1.23 1.26 1.29 1.32 1.35 1.38 1.41 1.44 1.47 3.49105 3.60514 3.49397 3.51842 3.5335 3.54092 3.54594 3.55156 3.55757 3.56689 3.56842 3.57148 3.57187 3.57542 3.58143 3.5792 3.58006 3.58084 3.58139 3.57895 3.583 3.58363 3.58403 3.58452 3.58208 3.58624 3.587 3.58814 3.58966 3.59114 3.59291 3.59495 3.59715 3.59946 3.60201 3.60509 3.60837 3.61178 3.61582 3.62 3.62468 3.62955 3.63508 3.64085 3.64679 3.65326 3.66066 3.66856 3.67774 3.68495 3.69506 3.7015 3.71325 3.71952 3.73102 3.74062 
1.5 1.5 1.5 1.5 1.5 1.5 1.5 1.5 1.5 1.5 1.5 1.08 1.11 1.14 1.17 1.2 1.23 1.26 1.29 1.32 1.35 1.38 1.41 1.44 1.47 3.49834 3.49293 3.50028 3.5211 3.54303 3.5596 3.57602 3.58789 3.5966 3.60661 3.61093 3.61685 3.62238 3.62853 3.6365 3.63771 3.64206 3.64629 3.65001 3.64961 3.65343 3.6545 3.65529 3.65653 3.65458 3.65919 3.66026 3.66149 3.66279 3.66423 3.66559 3.6675 3.66957 3.67177 3.67434 3.677 3.68005 3.68313 3.68687 3.69088 3.69553 3.70003 3.70516 3.71056 3.71645 3.72272 3.73005 3.73762 3.74698 3.75399 3.7643 3.77139 3.7819 3.78843 3.80089 3.80949 
1.5 1.5 1.5 1.5 1.5 1.5 1.5 1.5 1.5 1.5 1.5 1.08 1.11 1.14 1.17 1.2 1.23 1.26 1.29 1.32 1.35 1.38 1.41 1.44 1.47 3.50937 3.48935 3.51199 3.52981 3.56265 3.57331 3.5914 3.61086 3.62699 3.64351 3.65346 3.66425 3.67357 3.68134 3.6903 3.69344 3.69955 3.70444 3.70818 3.71019 3.71732 3.7224 3.72609 3.72877 3.72765 3.73183 3.73322 3.73521 3.73735 3.73945 3.74109 3.74343 3.74559 3.74767 3.74991 3.75253 3.75577 3.75876 3.7622 3.76626 3.77092 3.77531 3.7804 3.78573 3.79164 3.79784 3.80517 3.81217 3.8215 3.82932 3.83869 3.84694 3.85674 3.86439 3.8774 3.88564 
1.5 1.5 1.5 1.5 1.5 1.5 1.5 1.5 1.5 1.5 1.5 1.08 1.11 1.14 1.17 1.2 1.23 1.26 1.29 1.32 1.35 1.38 1.41 1.44 1.47 3.52384 3.61414 3.51532 3.53994 3.56783 3.5886 3.59862 3.62355 3.64385 3.66089 3.67541 3.69167 3.70348 3.7185 3.73596 3.74405 3.75088 3.75789 3.7645 3.76972 3.7758 3.77965 3.78526 3.79233 3.79508 3.80265 3.80716 3.81139 3.81382 3.81584 3.81769 3.82066 3.82375 3.82658 3.82953 3.8326 3.83624 3.839 3.84262 3.84659 3.85139 3.85586 3.86124 3.86645 3.87243 3.8786 3.88643 3.89314 3.90222 3.9116 3.91887 3.92781 3.93633 3.94506 3.9586 3.96523 
1.5 1.5 1.5 1.5 1.5 1.5 1.5 1.5 1.5 1.5 1.5 1.08 1.11 1.14 1.17 1.2 1.23 1.26 1.29 1.32 1.35 1.38 1.41 1.44 1.47 3.5525 3.85744 3.53014 3.57459 3.59425 3.60845 3.61987 3.63519 3.65832 3.67284 3.68888 3.70578 3.71533 3.73624 3.75454 3.76978 3.78568 3.80042 3.8127 3.82597 3.83043 3.83832 3.84521 3.85004 3.8566 3.8666 3.87169 3.87829 3.88543 3.89102 3.89678 3.90045 3.90325 3.90599 3.90957 3.91333 3.91736 3.921 3.92472 3.92903 3.93371 3.93812 3.94327 3.94864 3.955 3.96126 3.96926 3.97736 3.98611 3.99444 4.00531 4.01199 4.02275 4.03008 4.04385 4.05129 
1.5 1.5 1.5 1.5 1.5 1.5 1.5 1.5 1.5 1.5 1.5 1.08 1.11 1.14 1.17 1.2 1.23 1.26 1.29 1.32 1.35 1.38 1.41 1.44 1.47 3.53572 3.81552 3.52077 3.55738 3.58439 3.59699 3.61542 3.627 3.65338 3.66978 3.68924 3.70544 3.71461 3.73528 3.75764 3.77843 3.80131 3.82051 3.83911 3.86014 3.87456 3.88745 3.9004 3.91225 3.915 3.92366 3.93886 3.94595 3.95248 3.95887 3.96751 3.97317 3.98104 3.98694 3.98989 3.99288 3.99752 4.00137 4.0063 4.01163 4.01664 4.02175 4.0273 4.03276 4.03921 4.04572 4.05387 4.06243 4.07311 4.07993 4.09017 4.10175 4.11237 4.12009 4.13399 4.14138 
1.5 1.5 1.5 1.5 1.5 1.5 1.5 1.5 1.5 1.5 1.5 1.08 1.11 1.14 1.17 1.2 1.23 1.26 1.29 1.32 1.35 1.38 1.41 1.44 1.47 3.47839 3.5756 3.4909 3.50252 3.53597 3.5518 3.57512 3.59878 3.62321 3.64188 3.66636 3.69126 3.71476 3.74068 3.76412 3.79116 3.81503 3.84588 3.85956 3.8821 3.90458 3.93275 3.95104 3.96109 3.98437 3.99344 3.99132 4.0101 4.02307 4.03102 4.03933 4.04318 4.05087 4.06173 4.07149 4.08026 4.08102 4.08371 4.09074 4.09634 4.10107 4.10804 4.11447 4.12033 4.12658 4.13331 4.14161 4.15034 4.16056 4.17152 4.1787 4.19097 4.2009 4.21021 4.22278 4.22963 
1.5 1.5 1.5 1.5 1.5 1.5 1.5 1.5 1.5 1.5 1.5 1.08 1.11 1.14 1.17 1.2 1.23 1.26 1.29 1.32 1.35 1.38 1.41 1.44 1.47 3.43661 3.43865 3.45821 3.47052 3.50535 3.52328 3.54163 3.58141 3.60722 3.62731 3.65272 3.67847 3.70915 3.73825 3.76708 3.80144 3.82724 3.86135 3.89422 3.91633 3.93789 3.9609 3.99878 4.00979 4.01865 4.04754 4.06291 4.05683 4.0788 4.09378 4.10733 4.11229 4.11658 4.12254 4.12962 4.13827 4.14691 4.16044 4.15947 4.16482 4.16963 4.17574 4.18292 4.19008 4.1978 4.20569 4.21449 4.22393 4.23262 4.24531 4.25364 4.26624 4.27742 4.28879 4.29975 4.30834 
1.5 1.5 1.5 1.5 1.5 1.5 1.5 1.5 1.5 1.5 1.5 1.08 1.11 1.14 1.17 1.2 1.23 1.26 1.29 1.32 1.35 1.38 1.41 1.44 1.47 3.43961 3.48038 3.4656 3.48008 3.51238 3.52992 3.55671 3.58694 3.61366 3.63376 3.66143 3.68291 3.71473 3.74843 3.77302 3.80733 3.83805 3.87295 3.90161 3.94084 3.95273 3.97831 4.01092 4.04443 4.07404 4.06639 4.09622 4.09314 4.10749 4.12657 4.14168 4.16305 4.1683 4.17313 4.18094 4.18787 4.19785 4.21017 4.22728 4.23116 4.23418 4.24147 4.25038 4.2592 4.26836 4.27779 4.28807 4.3005 4.31055 4.32428 4.33245 4.34679 4.35898 4.37354 4.37986 4.3892 
1.5 1.5 1.5 1.5 1.5 1.5 1.5 1.5 1.5 1.5 1.5 1.08 1.11 1.14 1.17 1.2 1.23 1.26 1.29 1.32 1.35 1.38 1.41 1.44 1.47 3.47856 3.70359 3.47258 3.50114 3.53628 3.56666 3.58689 3.60936 3.64078 3.66068 3.68641 3.70342 3.72673 3.76329 3.78951 3.8219 3.85017 3.88185 3.91128 3.94969 3.97079 3.99783 4.02191 4.04866 4.10192 4.1031 4.1213 4.12795 4.12606 4.14811 4.16364 4.17569 4.20072 4.20539 4.21791 4.22839 4.23295 4.24404 4.25542 4.27602 4.28288 4.28578 4.29574 4.30549 4.31578 4.32571 4.33737 4.34912 4.35733 4.37291 4.38331 4.39587 4.40705 4.42225 4.43286 4.44178 
1.5 1.5 1.5 1.5 1.5 1.5 1.5 1.5 1.5 1.5 1.5 1.08 1.11 1.14 1.17 1.2 1.23 1.26 1.29 1.32 1.35 1.38 1.41 1.44 1.47 3.47712 3.72296 3.45857 3.50294 3.54499 3.56948 3.58895 3.6117 3.64067 3.66114 3.69011 3.70882 3.7338 3.77159 3.80622 3.83919 3.86484 3.89605 3.92885 3.96196 3.9863 4.01227 4.04166 4.06619 4.12391 4.11807 4.15573 4.17229 4.15641 4.16273 4.18478 4.20428 4.22292 4.22725 4.23987 4.25144 4.26554 4.2719 4.28174 4.29871 4.32484 4.31724 4.3283 4.33927 4.35063 4.36228 4.37412 4.38854 4.39826 4.41327 4.42322 4.43812 4.44961 4.46663 4.4777 4.48765 
1.5 1.5 1.5 1.5 1.5 1.5 1.5 1.5 1.5 1.5 1.5 1.08 1.11 1.14 1.17 1.2 1.23 1.26 1.29 1.32 1.35 1.38 1.41 1.44 1.47 3.44557 3.52307 3.46114 3.47914 3.51843 3.54044 3.56218 3.59406 3.62259 3.64442 3.67497 3.69944 3.7361 3.77158 3.80339 3.84499 3.87649 3.90587 3.94143 3.97451 4.00319 4.02678 4.0584 4.0937 4.12254 4.14084 4.17445 4.18539 4.17956 4.18919 4.19568 4.21859 4.2416 4.2367 4.25226 4.26637 4.27574 4.28132 4.29994 4.31963 4.33637 4.33447 4.34628 4.35847 4.37076 4.38299 4.39597 4.41096 4.42372 4.43851 4.45013 4.46531 4.47598 4.49479 4.50497 4.51775 
1.5 1.5 1.5 1.5 1.5 1.5 1.5 1.5 1.5 1.5 1.5 1.08 1.11 1.14 1.17 1.2 1.23 1.26 1.29 1.32 1.35 1.38 1.41 1.44 1.47 3.43281 3.45842 3.4582 3.46658 3.5114 3.52952 3.55083 3.58919 3.6166 3.63505 3.66312 3.69667 3.74048 3.77738 3.81209 3.84859 3.87682 3.90269 3.93962 3.97424 4.0152 4.04385 4.07583 4.10397 4.11273 4.13449 4.20355 4.17908 4.18189 4.1951 4.20583 4.23074 4.24067 4.24207 4.2539 4.26797 4.28234 4.27913 4.29792 4.33178 4.33587 4.33695 4.34857 4.36133 4.37349 4.38592 4.39938 4.41368 4.42569 4.44245 4.45322 4.46962 4.47813 4.5003 4.50883 4.5238 
1.5 1.5 1.5 1.5 1.5 1.5 1.5 1.5 1.5 1.5 1.5 1.08 1.11 1.14 1.17 1.2 1.23 1.26 1.29 1.32 1.35 1.38 1.41 1.44 1.47 3.44597 3.52109 3.46342 3.48027 3.51978 3.54157 3.56414 3.59455 3.62319 3.6453 3.67693 3.7031 3.73763 3.77206 3.80594 3.84609 3.87702 3.90618 3.94164 3.97112 4.00258 4.02781 4.05731 4.08978 4.12192 4.1483 4.1685 4.16971 4.17082 4.18339 4.18941 4.21217 4.23166 4.2318 4.24398 4.25723 4.26675 4.27535 4.29508 4.30583 4.32608 4.32672 4.33766 4.35022 4.36222 4.37509 4.38883 4.40361 4.41602 4.43223 4.44345 4.45958 4.47292 4.49119 4.50067 4.51308 
1.5 1.5 1.5 1.5 1.5 1.5 1.5 1.5 1.5 1.5 1.5 1.08 1.11 1.14 1.17 1.2 1.23 1.26 1.29 1.32 1.35 1.38 1.41 1.44 1.47 3.47656 3.70278 3.46041 3.5025 3.54495 3.56828 3.58837 3.61066 3.63992 3.66057 3.68951 3.70974 3.7342 3.77126 3.80395 3.83807 3.86249 3.89334 3.92583 3.96182 3.9857 4.00861 4.03508 4.06239 4.12149 4.11744 4.14225 4.15633 4.1415 4.14701 4.16981 4.18896 4.21095 4.21155 4.22315 4.23543 4.25112 4.25655 4.26536 4.27805 4.30097 4.30359 4.3125 4.32398 4.33544 4.34754 4.36063 4.37434 4.38606 4.40033 4.41291 4.42667 4.43812 4.45765 4.4665 4.47745 
1.5 1.5 1.5 1.5 1.5 1.5 1.5 1.5 1.5 1.5 1.5 1.08 1.11 1.14 1.17 1.2 1.23 1.26 1.29 1.32 1.35 1.38 1.41 1.44 1.47 3.48225 3.71777 3.47836 3.50296 3.53892 3.56749 3.58837 3.61104 3.64128 3.66048 3.6862 3.70414 3.72661 3.76213 3.78791 3.81951 3.84616 3.87739 3.90629 3.9453 3.96861 3.98898 4.01214 4.03972 4.09825 4.08407 4.09718 4.11971 4.10886 4.1251 4.13972 4.15759 4.18013 4.18351 4.1972 4.20665 4.21048 4.22011 4.23016 4.24656 4.26302 4.26454 4.27407 4.28453 4.29485 4.30529 4.3172 4.3298 4.3401 4.35477 4.36834 4.37975 4.39079 4.40851 4.41784 4.4277 
1.5 1.5 1.5 1.5 1.5 1.5 1.5 1.5 1.5 1.5 1.5 1.08 1.11 1.14 1.17 1.2 1.23 1.26 1.29 1.32 1.35 1.38 1.41 1.44 1.47 3.45091 3.49889 3.46783 3.48201 3.51429 3.53081 3.55823 3.58887 3.61467 3.63405 3.66111 3.68356 3.71437 3.7457 3.76938 3.80336 3.83196 3.86109 3.89041 3.9307 3.94209 3.96803 3.991 4.02814 4.04273 4.03468 4.06327 4.07754 4.08147 4.09474 4.10099 4.12804 4.13817 4.14238 4.14869 4.15615 4.16527 4.17447 4.1869 4.2008 4.20547 4.21224 4.22082 4.23024 4.23951 4.24945 4.26085 4.27231 4.2831 4.29748 4.30732 4.31947 4.33148 4.3478 4.35806 4.36859 
1.5 1.5 1.5 1.5 1.5 1.5 1.5 1.5 1.5 1.5 1.5 1.08 1.11 1.14 1.17 1.2 1.23 1.26 1.29 1.32 1.35 1.38 1.41 1.44 1.47 3.44259 3.42966 3.46127 3.46949 3.50896 3.52061 3.53777 3.5781 3.60427 3.62399 3.64903 3.67457 3.70371 3.7313 3.75815 3.79053 3.81586 3.8456 3.87273 3.8979 3.91345 3.94182 3.96173 3.97371 3.98764 4.00989 4.02906 4.03022 4.04203 4.05429 4.06261 4.07623 4.08166 4.08834 4.09726 4.10525 4.11364 4.12416 4.13352 4.13776 4.14461 4.15231 4.16088 4.16828 4.17711 4.18566 4.19564 4.20581 4.21628 4.22892 4.23814 4.25133 4.25951 4.27577 4.2844 4.29459 
1.5 1.5 1.5 1.5 1.5 1.5 1.5 1.5 1.5 1.5 1.5 1.08 1.11 1.14 1.17 1.2 1.23 1.26 1.29 1.32 1.35 1.38 1.41 1.44 1.47 3.47423 3.54918 3.48115 3.49486 3.53071 3.54272 3.56578 3.58913 3.61643 3.63343 3.65752 3.6813 3.70243 3.72705 3.75089 3.77666 3.79857 3.82327 3.84294 3.86541 3.88795 3.90762 3.91969 3.93627 3.9553 3.96475 3.97064 3.98373 3.99372 3.99795 4.00688 4.01525 4.02509 4.03006 4.03712 4.04568 4.05356 4.05808 4.06247 4.06855 4.07544 4.08229 4.08876 4.09634 4.10353 4.11103 4.11979 4.12912 4.13965 4.15132 4.16016 4.17233 4.18058 4.19334 4.20345 4.21122 
1.5 1.5 1.5 1.5 1.5 1.5 1.5 1.5 1.5 1.5 1.5 1.08 1.11 1.14 1.17 1.2 1.23 1.26 1.29 1.32 1.35 1.38 1.41 1.44 1.47 3.52945 3.79873 3.51223 3.54961 3.57706 3.587 3.60516 3.61413 3.6417 3.65781 3.67624 3.69221 3.70117 3.72168 3.74377 3.76407 3.78606 3.80505 3.82393 3.84234 3.85334 3.86483 3.87683 3.89383 3.90006 3.90898 3.91831 3.92319 3.92749 3.93659 3.9435 3.95065 3.9574 3.96424 3.97071 3.97537 3.97913 3.98403 3.98974 3.99575 4.00138 4.00717 4.01292 4.01938 4.02599 4.03303 4.04048 4.05066 4.06086 4.07048 4.07946 4.091 4.09959 4.11011 4.12227 4.12813 
1.5 1.5 1.5 1.5 1.5 1.5 1.5 1.5 1.5 1.5 1.5 1.08 1.11 1.14 1.17 1.2 1.23 1.26 1.29 1.32 1.35 1.38 1.41 1.44 1.47 3.54736 3.86787 3.52256 3.56527 3.58546 3.59861 3.61037 3.62392 3.64873 3.663 3.6778 3.69374 3.70063 3.72131 3.73944 3.75427 3.76912 3.7818 3.79175 3.80012 3.80933 3.81982 3.83029 3.8378 3.84074 3.84697 3.85137 3.85946 3.86597 3.87209 3.87893 3.88516 3.88902 3.89266 3.89653 3.90056 3.90518 3.90995 3.91461 3.91922 3.92442 3.92963 3.9348 3.94062 3.94698 3.95338 3.96129 3.97017 3.97825 3.98742 3.99821 4.0056 4.01398 4.0238 4.03519 4.04078 
1.5 1.5 1.5 1.5 1.5 1.5 1.5 1.5 1.5 1.5 1.5 1.08 1.11 1.14 1.17 1.2 1.23 1.26 1.29 1.32 1.35 1.38 1.41 1.44 1.47 3.51743 3.61844 3.50884 3.53284 3.56053 3.58063 3.5895 3.61236 3.63278 3.64856 3.66252 3.67864 3.69026 3.70475 3.71965 3.72627 3.73333 3.74119 3.75 3.75725 3.7658 3.77008 3.77336 3.77663 3.77884 3.78735 3.79273 3.79803 3.80257 3.80669 3.80859 3.81174 3.81503 3.81872 3.8222 3.82616 3.83004 3.83367 3.83805 3.842 3.84662 3.85137 3.8564 3.86203 3.86795 3.87402 3.88152 3.88891 3.89639 3.90654 3.91362 3.92299 3.93321 3.93944 3.95376 3.95721 
1.5 1.5 1.5 1.5 1.5 1.5 1.5 1.5 1.5 1.5 1.5 1.08 1.11 1.14 1.17 1.2 1.23 1.26 1.29 1.32 1.35 1.38 1.41 1.44 1.47 3.50494 3.51041 3.50736 3.52044 3.55506 3.56455 3.58068 3.60095 3.61661 3.63317 3.64325 3.653 3.66077 3.66883 3.67906 3.684 3.6917 3.6975 3.7014 3.70163 3.70697 3.71087 3.71543 3.7194 3.71964 3.72487 3.72694 3.72907 3.73157 3.73408 3.73671 3.73947 3.74194 3.74506 3.7477 3.75101 3.75447 3.7579 3.76173 3.76574 3.77038 3.77505 3.77995 3.78515 3.79098 3.79666 3.80365 3.81098 3.81948 3.82765 3.83652 3.84492 3.85332 3.8606 3.87377 3.8787 
1.5 1.5 1.5 1.5 1.5 1.5 1.5 1.5 1.5 1.5 1.5 1.08 1.11 1.14 1.17 1.2 1.23 1.26 1.29 1.32 1.35 1.38 1.41 1.44 1.47 3.49602 3.51081 3.4942 3.51399 3.53735 3.55273 3.56997 3.58323 3.5928 3.60281 3.60736 3.61393 3.61992 3.62639 3.63513 3.63572 3.63894 3.6423 3.64584 3.64644 3.65142 3.65633 3.65442 3.65567 3.65358 3.65845 3.65956 3.66119 3.66297 3.66474 3.66666 3.66857 3.67077 3.67344 3.67608 3.67906 3.68215 3.68537 3.68901 3.69278 3.69731 3.70175 3.70653 3.71161 3.71743 3.72331 3.7303 3.73783 3.74638 3.75385 3.76316 3.77068 3.78002 3.78645 3.7988 3.80472 
1.5 1.5 1.5 1.5 1.5 1.5 1.5 1.5 1.5 1.5 1.5 1.08 1.11 1.14 1.17 1.2 1.23 1.26 1.29 1.32 1.35 1.38 1.41 1.44 1.47 3.48578 3.56756 3.48339 3.5114 3.52876 3.53863 3.54526 3.55149 3.55783 3.56765 3.57017 3.57356 3.57504 3.57917 3.58557 3.58405 3.58548 3.58693 3.58777 3.5857 3.58962 3.59043 3.59078 3.59165 3.58878 3.59307 3.59373 3.59429 3.5962 3.59756 3.59928 3.60107 3.60316 3.60524 3.60752 3.61038 3.6134 3.61657 3.62009 3.62396 3.62825 3.63276 3.63609 3.64306 3.6489 3.65487 3.66191 3.6696 3.67829 3.68563 3.6949 3.70173 3.71255 3.71819 3.72995 3.73757 
1.5 1.5 1.5 1.5 1.5 1.5 1.5 1.5 1.5 1.5 1.5 1.08 1.11 1.14 1.17 1.2 1.23 1.26 1.29 1.32 1.35 1.38 1.41 1.44 1.47 3.44684 3.5433 3.45885 3.47385 3.48192 3.48931 3.49586 3.50236 3.50792 3.51645 3.51759 3.52016 3.51991 3.5219 3.52661 3.52494 3.526 3.52677 3.52755 3.52495 3.52865 3.52907 3.52926 3.52931 3.52702 3.53104 3.53187 3.53289 3.53385 3.53508 3.53676 3.53854 3.54047 3.54266 3.54504 3.54782 3.55076 3.55383 3.55771 3.5615 3.56582 3.57035 3.57547 3.58073 3.58645 3.59254 3.59946 3.60729 3.61573 3.62232 3.63204 3.63939 3.64939 3.65518 3.66628 3.67461 
1.5 1.5 1.5 1.5 1.5 1.5 1.5 1.5 1.5 1.5 1.5 1.08 1.11 1.14 1.17 1.2 1.23 1.26 1.29 1.32 1.35 1.38 1.41 1.44 1.47 3.38016 3.4107 3.39696 3.40521 3.41255 3.41974 3.42733 3.43411 3.44041 3.44957 3.45203 3.45572 3.45804 3.46078 3.46437 3.46483 3.46622 3.46735 3.4684 3.46634 3.47 3.47067 3.47121 3.47209 3.46958 3.4736 3.47438 3.47518 3.47609 3.47739 3.47888 3.48058 3.48261 3.4849 3.48739 3.49029 3.49143 3.4968 3.50062 3.50453 3.50898 3.51356 3.51873 3.52413 3.53 3.5362 3.54342 3.55121 3.559 3.5658 3.57607 3.58215 3.59235 3.59934 3.60926 3.6191 
1.5 1.5 1.5 1.5 1.5 1.5 1.5 1.5 1.5 1.5 1.5 1.08 1.11 1.14 1.17 1.2 1.23 1.26 1.29 1.32 1.35 1.38 1.41 1.44 1.47 3.31563 3.32923 3.33047 3.33893 3.34715 3.35516 3.36292 3.37015 3.37709 3.38637 3.38966 3.39382 3.39718 3.40055 3.40468 3.40605 3.40813 3.40994 3.4115 3.41015 3.4141 3.41516 3.41623 3.41737 3.4154 3.41939 3.4205 3.4218 3.42301 3.42455 3.42632 3.4283 3.43048 3.43286 3.43545 3.43835 3.44161 3.44521 3.44917 3.45335 3.45792 3.46274 3.46808 3.47369 3.47961 3.48599 3.49315 3.50107 3.50843 3.51592 3.52562 3.53207 3.54228 3.54966 3.55845 3.57041 
1.5 1.5 1.5 1.5 1.5 1.5 1.5 1.5 1.5 1.5 1.5 1.08 1.11 1.14 1.17 1.2 1.23 1.26 1.29 1.32 1.35 1.38 1.41 1.44 1.47 3.25332 3.26583 3.26947 3.27758 3.28596 3.294 3.3018 3.30927 3.31653 3.32588 3.32982 3.33442 3.33847 3.34247 3.34855 3.34931 3.35215 3.35473 3.35699 3.35669 3.36097 3.36266 3.3642 3.3659 3.36463 3.3689 3.37056 3.37239 3.37404 3.37496 3.37826 3.38064 3.3831 3.38573 3.38863 3.39183 3.39543 3.39923 3.40337 3.40781 3.41255 3.41761 3.4232 3.42903 3.4351 3.44166 3.44902 3.45682 3.46415 3.47236 3.48103 3.4887 3.49806 3.5065 3.51427 3.52701 
1.5 1.5 1.5 1.5 1.5 1.5 1.5 1.5 1.5 1.5 1.5 1.08 1.11 1.14 1.17 1.2 1.23 1.26 1.29 1.32 1.35 1.38 1.41 1.44 1.47 3.191 3.20092 3.208 3.21605 3.22499 3.23329 3.24142 3.24948 3.25706 3.26653 3.27126 3.27693 3.28187 3.28693 3.29341 3.29535 3.29905 3.30238 3.30539 3.30608 3.31094 3.31346 3.31601 3.31835 3.31825 3.32285 3.3253 3.32671 3.33002 3.33264 3.33524 3.33808 3.34104 3.34423 3.34752 3.35108 3.35506 3.35929 3.36366 3.36841 3.37341 3.37876 3.38441 3.39046 3.39673 3.40341 3.41088 3.41858 3.426 3.43474 3.4426 3.4513 3.4594 3.46903 3.47614 3.48831 
1.5 1.5 1.5 1.5 1.5 1.5 1.5 1.5 1.5 1.5 1.5 1.08 1.11 1.14 1.17 1.2 1.23 1.26 1.29 1.32 1.35 1.38 1.41 1.44 1.47 3.13213 3.14011 3.14963 3.15817 3.16809 3.17619 3.18476 3.19325 3.20142 3.21109 3.21689 3.22311 3.22894 3.23475 3.24181 3.24496 3.24963 3.25388 3.25798 3.26004 3.26547 3.26891 3.27224 3.27535 3.27626 3.28133 3.2844 3.28751 3.2905 3.29378 3.29711 3.30059 3.30413 3.30784 3.31169 3.31567 3.32015 3.32454 3.32927 3.33433 3.33962 3.34534 3.35127 3.35759 3.36409 3.37095 3.37848 3.38608 3.39378 3.40269 3.40984 3.41941 3.42661 3.43714 3.44393 3.45506 
1.5 1.5 1.5 1.5 1.5 1.5 1.5 1.5 1.5 1.5 1.5 1.08 1.11 1.14 1.17 1.2 1.23 1.26 1.29 1.32 1.35 1.38 1.41 1.44 1.47 3.08024 3.08853 3.09817 3.10728 3.11687 3.12567 3.13453 3.14325 3.15172 3.16083 3.16792 3.17479 3.18142 3.18793 3.19557 3.19965 3.20508 3.21009 3.21496 3.21809 3.22398 3.22828 3.23244 3.2364 3.23846 3.24405 3.248 3.25191 3.25567 3.25962 3.26353 3.26758 3.27175 3.27607 3.28053 3.28507 3.28996 3.29491 3.30013 3.30564 3.31131 3.31737 3.32349 3.33002 3.33672 3.34368 3.35126 3.35887 3.36685 3.37561 3.38259 3.39277 3.39905 3.41019 3.41674 3.42645 
1.5 1.5 1.5 1.5 1.5 1.5 1.5 1.5 1.5 1.5 1.5 1.08 1.11 1.14 1.17 1.2 1.23 1.26 1.29 1.32 1.35 1.38 1.41 1.44 1.47 3.03408 3.04288 3.05246 3.06187 3.0716 3.08055 3.08962 3.09858 3.10729 3.11713 3.12407 3.13148 3.13866 3.14575 3.15371 3.1586 3.1647 3.17051 3.17617 3.18032 3.18675 3.19186 3.19681 3.20161 3.20481 3.21096 3.21564 3.22028 3.22484 3.22958 3.23421 3.23897 3.24386 3.24884 3.25393 3.25912 3.26456 3.27001 3.2757 3.28162 3.2877 3.29408 3.3005 3.3073 3.31422 3.32129 3.32896 3.33666 3.34487 3.35324 3.36059 3.3706 3.37664 3.38794 3.39449 3.40264 
1.5 1.5 1.5 1.5 1.5 1.5 1.5 1.5 1.5 1.5 1.5 1.08 1.11 1.14 1.17 1.2 1.23 1.26 1.29 1.32 1.35 1.38 1.41 1.44 1.47 2.99287 3.00192 3.01161 3.02124 3.03059 3.04008 3.04935 3.05853 3.06745 3.0773 3.08481 3.09272 3.10038 3.10792 3.1162 3.12201 3.12878 3.13533 3.14169 3.14684 3.15379 3.15967 3.16541 3.17098 3.17525 3.18193 3.18736 3.1928 3.19809 3.20353 3.20896 3.21444 3.22003 3.22568 3.2314 3.23719 3.24317 3.24916 3.25536 3.26171 3.26823 3.27496 3.28174 3.28881 3.296 3.30325 3.31103 3.31892 3.32727 3.33539 3.34338 3.3527 3.35958 3.3702 3.37733 3.38411 
1.5 1.5 1.5 1.5 1.5 1.5 1.5 1.5 1.5 1.5 1.5 1.08 1.11 1.14 1.17 1.2 1.23 1.26 1.29 1.32 1.35 1.38 1.41 1.44 1.47 2.95779 2.96709 2.97687 2.9866 2.99634 3.00552 3.01486 3.02414 3.03322 3.04303 3.05094 3.05919 3.06738 3.07524 3.08387 3.09031 3.09762 3.10476 3.11168 3.11764 3.12505 3.13162 3.13808 3.14448 3.14976 3.15696 3.16314 3.16928 3.17539 3.18152 3.18766 3.19382 3.20007 3.20637 3.21274 3.21917 3.22569 3.23223 3.23895 3.24574 3.2527 3.25975 3.26691 3.27425 3.28171 3.28917 3.29712 3.30524 3.31367 3.32172 3.3303 3.33884 3.34703 3.3564 3.36437 3.3704 
1.5 1.5 1.5 1.5 1.5 1.5 1.5 1.5 1.5 1.5 1.5 1.08 1.11 1.14 1.17 1.2 1.23 1.26 1.29 1.32 1.35 1.38 1.41 1.44 1.47 2.92763 2.93712 2.94692 2.95663 2.96624 2.9756 2.98504 2.99437 3.00358 3.01344 3.02164 3.03029 3.03857 3.04686 3.05574 3.06281 3.07061 3.07827 3.08576 3.09251 3.10042 3.10765 3.11482 3.12184 3.12798 3.13569 3.14258 3.14942 3.15625 3.1631 3.16995 3.17681 3.18372 3.19066 3.19763 3.2046 3.21166 3.21875 3.22593 3.23318 3.24059 3.248 3.25558 3.26322 3.27099 3.27874 3.2869 3.29525 3.30374 3.31193 3.32094 3.32893 3.33834 3.34643 3.3553 3.36137 
1.5 1.5 1.5 1.5 1.5 1.5 1.5 1.5 1.5 1.5 1.5 1.08 1.11 1.14 1.17 1.2 1.23 1.26 1.29 1.32 1.35 1.38 1.41 1.44 1.47 2.90184 2.91146 2.92117 2.93078 2.94038 2.94978 2.95928 2.96868 2.97803 2.98722 2.9965 3.00524 3.01379 3.02223 3.03134 3.03899 3.04727 3.05548 3.06355 3.07109 3.07948 3.08735 3.09512 3.10276 3.10966 3.11784 3.12534 3.13282 3.14034 3.14788 3.15542 3.16295 3.17051 3.17807 3.18561 3.19316 3.20074 3.20834 3.21599 3.22369 3.23154 3.23935 3.24737 3.25536 3.26347 3.27156 3.28 3.2886 3.2972 3.30569 3.31489 3.32278 3.33303 3.34018 3.3498 3.35665 
1.5 1.5 1.5 1.5 1.5 1.5 1.5 1.5 1.5 1.5 1.5 1.08 1.11 1.14 1.17 1.2 1.23 1.26 1.29 1.32 1.35 1.38 1.41 1.44 1.47 2.88028 2.89007 2.89973 2.90927 2.91896 2.92835 2.93787 2.94729 2.95666 2.96645 2.97518 2.98429 2.9933 3.00221 3.01147 3.01964 3.02825 3.03678 3.04522 3.05324 3.06195 3.07025 3.07857 3.08688 3.09469 3.10333 3.11149 3.11961 3.12772 3.13582 3.14389 3.15194 3.16 3.16808 3.17619 3.18429 3.19244 3.20061 3.20879 3.217 3.2253 3.23355 3.24197 3.25031 3.25876 3.26724 3.27598 3.28486 3.29366 3.30254 3.31179 3.32006 3.33053 3.33743 3.3475 3.35565 
1.5 1.5 1.5 1.5 1.5 1.5 1.5 1.5 1.5 1.5 1.5 1.08 1.11 1.14 1.17 1.2 1.23 1.26 1.29 1.32 1.35 1.38 1.41 1.44 1.47 2.86193 2.87173 2.88136 2.89087 2.90051 2.91009 2.91966 2.92918 2.93866 2.94845 2.95731 2.96686 2.97613 2.98532 2.99477 3.00339 3.01238 3.02131 3.03019 3.0388 3.04788 3.05659 3.06546 3.07431 3.08278 3.09179 3.1005 3.10917 3.11781 3.12644 3.13506 3.14365 3.15221 3.16081 3.16945 3.17806 3.1867 3.19537 3.20403 3.21272 3.22144 3.23015 3.23898 3.24772 3.25655 3.26545 3.27451 3.28365 3.29271 3.30196 3.31123 3.32011 3.33031 3.33773 3.34792 3.35745 
1.5 1.5 1.5 1.5 1.5 1.5 1.5 1.5 1.5 1.5 1.5 1.08 1.11 1.14 1.17 1.2 1.23 1.26 1.29 1.32 1.35 1.38 1.41 1.44 1.47 2.84635 2.85609 2.86572 2.87532 2.88508 2.89468 2.90436 2.91404 2.92372 2.9336 2.94314 2.95249 2.96175 2.97111 2.98034 2.98992 2.99936 3.00875 3.01815 3.02742 3.0369 3.04628 3.05555 3.0647 3.07375 3.0831 3.0922 3.10131 3.11045 3.1196 3.12875 3.13788 3.14702 3.15614 3.16522 3.17435 3.18342 3.1925 3.20156 3.21064 3.21975 3.22889 3.23809 3.24725 3.25647 3.26577 3.27514 3.28454 3.29388 3.30341 3.31275 3.32222 3.33194 3.34037 3.35044 3.361 
1.5 1.5 1.5 1.5 1.5 1.5 1.5 1.5 1.5 1.5 1.5 1.08 1.11 1.14 1.17 1.2 1.23 1.26 1.29 1.32 1.35 1.38 1.41 1.44 1.47 2.83309 2.84283 2.85256 2.86232 2.87219 2.88196 2.89175 2.90156 2.91137 2.92084 2.93103 2.94084 2.95062 2.96043 2.97034 2.97997 2.98972 2.99942 3.00916 3.01889 3.02865 3.03838 3.04811 3.05784 3.06744 3.0771 3.08676 3.09637 3.10594 3.11551 3.12504 3.13457 3.14409 3.15362 3.16316 3.17265 3.18213 3.19165 3.20115 3.21065 3.22013 3.22965 3.23916 3.24866 3.25818 3.26779 3.2774 3.28701 3.29661 3.30633 3.31582 3.32572 3.33506 3.34457 3.35441 3.36538 
1.5 1.5 1.5 1.5 1.5 1.5 1.5 1.5 1.5 1.5 1.5 1.08 1.11 1.14 1.17 1.2 1.23 1.26 1.29 1.32 1.35 1.38 1.41 1.44 1.47 2.82247 2.83228 2.84217 2.8521 2.8621 2.87198 2.88192 2.89187 2.90181 2.9118 2.9219 2.93216 2.94214 2.95216 2.96192 2.97234 2.98244 2.99252 3.00264 3.01285 3.02287 3.03304 3.04325 3.05341 3.06356 3.07358 3.08358 3.09358 3.10357 3.11353 3.12347 3.13339 3.1433 3.15322 3.16315 3.17304 3.18291 3.19275 3.20258 3.21238 3.22215 3.23197 3.24173 3.25151 3.26129 3.27111 3.28092 3.29071 3.30051 3.31035 3.32001 3.33009 3.33928 3.34961 3.35923 3.37003 
1.5 1.5 1.5 1.5 1.5 1.5 1.5 1.5 1.5 1.5 1.5 1.08 1.11 1.14 1.17 1.2 1.23 1.26 1.29 1.32 1.35 1.38 1.41 1.44 1.47 2.81452 2.82447 2.83455 2.84463 2.85477 2.86476 2.87483 2.88494 2.89506 2.90512 2.91565 2.9257 2.93603 2.94649 2.95653 2.96731 2.97771 2.98812 2.99856 3.00923 3.01952 3.0301 3.04055 3.05099 3.06164 3.07193 3.08234 3.09275 3.10311 3.11344 3.12376 3.13404 3.14432 3.15457 3.16478 3.17495 3.18511 3.19524 3.20535 3.21542 3.22545 3.23549 3.24546 3.25545 3.26541 3.27536 3.28529 3.2952 3.30512 3.31502 3.32484 3.33492 3.34421 3.35492 3.36439 3.37462 
1.5 1.5 1.5 1.5 1.5 1.5 1.5 1.5 1.5 1.5 1.5 1.08 1.11 1.14 1.17 1.2 1.23 1.26 1.29 1.32 1.35 1.38 1.41 1.44 1.47 2.80943 2.81955 2.82976 2.83995 2.84933 2.8603 2.87048 2.88071 2.89093 2.90103 2.91135 2.92208 2.93272 2.94334 2.95386 2.96462 2.97528 2.98596 2.99664 3.00757 3.01807 3.02874 3.03952 3.05034 3.06139 3.07186 3.08261 3.09334 3.10401 3.11465 3.12525 3.13583 3.14635 3.15686 3.16735 3.1778 3.1882 3.19857 3.20892 3.21921 3.22946 3.23968 3.24982 3.25997 3.27006 3.28011 3.29015 3.30015 3.31016 3.32011 3.33006 3.34008 3.34963 3.36034 3.3698 3.37943 
1.5 1.5 1.5 1.5 1.5 1.5 1.5 1.5 1.5 1.5 1.5 1.08 1.11 1.14 1.17 1.2 1.23 1.26 1.29 1.32 1.35 1.38 1.41 1.44 1.47 2.80762 2.81788 2.82814 2.83836 2.84861 2.85876 2.86899 2.87928 2.88956 2.89972 2.9101 2.92086 2.93148 2.94214 2.95263 2.96358 2.97439 2.98525 2.99612 3.00726 3.01794 3.02879 3.03975 3.05074 3.06201 3.07262 3.08357 3.09452 3.10544 3.11634 3.1272 3.13805 3.14885 3.1596 3.17033 3.18101 3.19162 3.2022 3.21273 3.22321 3.23366 3.24405 3.25437 3.26468 3.27493 3.28511 3.29526 3.30536 3.31547 3.32549 3.33556 3.34554 3.35542 3.36591 3.3755 3.38481 
1.5 1.5 1.5 1.5 1.5 1.5 1.5 1.5 1.5 1.5 1.5 1.08 1.11 1.14 1.17 1.2 1.23 1.26 1.29 1.32 1.35 1.38 1.41 1.44 1.47 2.80813 2.81842 2.82865 2.83885 2.84906 2.85921 2.86943 2.8797 2.89003 2.90012 2.91093 2.92139 2.93185 2.94234 2.95299 2.96389 2.97475 2.98564 2.99658 3.00786 3.0186 3.02966 3.04069 3.05171 3.06298 3.07372 3.08475 3.09582 3.1069 3.11797 3.12905 3.1401 3.15113 3.16211 3.17305 3.18392 3.19475 3.20554 3.21627 3.22697 3.23764 3.24825 3.2588 3.26932 3.27978 3.29016 3.30049 3.31075 3.321 3.33118 3.3414 3.35147 3.36168 3.37199 3.38186 3.39125 
1.5 1.5 1.5 1.5 1.5 1.5 1.5 1.5 1.5 1.5 1.5 1.08 1.11 1.14 1.17 1.2 1.23 1.26 1.29 1.32 1.35 1.38 1.41 1.44 1.47 2.80966 2.81998 2.83015 2.8403 2.85047 2.8606 2.87079 2.88103 2.89131 2.90136 2.91224 2.92231 2.93278 2.94339 2.95398 2.96494 2.97578 2.98667 2.99759 3.00882 3.01955 3.03066 3.04163 3.05258 3.06397 3.07478 3.08591 3.09709 3.10829 3.11947 3.13066 3.14182 3.15298 3.16409 3.17513 3.18616 3.19715 3.2081 3.21901 3.2299 3.24074 3.25151 3.26224 3.27292 3.28354 3.29408 3.30453 3.31493 3.32529 3.3356 3.34592 3.35612 3.36651 3.37666 3.38679 3.39645 
1.5 1.5 1.5 1.5 1.5 1.5 1.5 1.5 1.5 1.5 1.5 1.08 1.11 1.14 1.17 1.2 1.23 1.26 1.29 1.32 1.35 1.38 1.41 1.44 1.47 2.81241 2.82264 2.83271 2.84278 2.85295 2.86295 2.87308 2.88323 2.89339 2.9034 2.91388 2.92444 2.93497 2.94546 2.95577 2.96661 2.97728 2.98802 2.9988 3.00987 3.02053 3.03148 3.0425 3.05354 3.06496 3.07579 3.0869 3.09801 3.10916 3.12032 3.13152 3.14271 3.1539 3.16509 3.17628 3.18748 3.19866 3.2098 3.22091 3.23198 3.24301 3.25399 3.26495 3.27585 3.28671 3.29752 3.30816 3.31879 3.32936 3.33991 3.35042 3.36088 3.37145 3.38168 3.39223 3.40259 
1.5 1.5 1.5 1.5 1.5 1.5 1.5 1.5 1.5 1.5 1.5 1.08 1.11 1.14 1.17 1.2 1.23 1.26 1.29 1.32 1.35 1.38 1.41 1.44 1.47 2.81514 2.82521 2.83522 2.84524 2.8553 2.86535 2.87545 2.88556 2.89574 2.90575 2.91613 2.92626 2.93675 2.94714 2.95735 2.96821 2.97883 2.98949 3.00023 3.01121 3.02186 3.0327 3.04351 3.05442 3.0656 3.07636 3.08743 3.09855 3.10972 3.12091 3.13211 3.14336 3.15463 3.1659 3.17718 3.18843 3.19972 3.21101 3.22231 3.23359 3.24485 3.25611 3.26736 3.27856 3.28974 3.3009 3.3118 3.32268 3.33351 3.34432 3.3551 3.36587 3.37673 3.38721 3.39826 3.40952 
1.5 1.5 1.5 1.5 1.5 1.5 1.5 1.5 1.5 1.5 1.5 1.08 1.11 1.14 1.17 1.2 1.23 1.26 1.29 1.32 1.35 1.38 1.41 1.44 1.47 2.8185 2.82839 2.83833 2.84827 2.85824 2.86819 2.87816 2.88814 2.89814 2.9081 2.9181 2.92854 2.93877 2.94915 2.95918 2.96972 2.98006 2.99047 3.00091 3.01153 3.02198 3.03258 3.04336 3.0542 3.06534 3.07608 3.08709 3.09813 3.10921 3.12036 3.13155 3.14282 3.15415 3.16557 3.17705 3.1886 3.2002 3.21184 3.22349 3.23514 3.24681 3.25848 3.27015 3.2818 3.29345 3.30512 3.31644 3.32772 3.33896 3.35017 3.36135 3.37255 3.3838 3.39493 3.40647 3.41845 
