5
s 30 2 31
r 20 0.01 6 5.7758 0.01
r 22 0.01 6 5.17614 0.01
r 24 0.01 6 4.63535 0.01
r 26 0.01 6 4.1803 0.01
r 28 0.01 6 3.93297 0.01
r 30 0.01 6 3.74369 0.01
r 32 0.01 6 3.93444 0.01
r 34 0.01 6 4.1698 0.01
r 36 0.01 6 4.62484 0.01
r 38 0.01 6 5.17634 0.01
r 40 0.01 6 5.77337 0.01
r 42 0.01 6 6.44404 0.01
r 44 0.01 6 7.12619 0.01
r 46 0.01 6 7.79863 0.01
r 48 0.01 6 8.47457 0.01
r 50 0.01 6 9.16989 0.01
r 52 0.01 6 9.84556 0.01
r 54 0.01 6 10.4989 0.01
r 56 0.01 6 11.2058 0.01
r 58 0.01 6 11.8857 0.01
r 60 0.01 6 12.5664 0.01
r 62 0.01 6 13.2468 0.01
r 64 0.01 6 13.9271 0.01
r 66 0.01 6 14.6064 0.01
r 68 0.01 6 15.2866 0.01
r 70 0.01 6 15.9669 0.01
r 72 0.01 6 16.6472 0.01
r 74 0.01 6 17.3274 0.01
r 76 0.01 6 18.0081 0.01
r 78 0.01 6 18.6884 0.01
r 80 0.01 6 19.3686 0.01
s 40 2 31
r 20 0.01 6 9.16989 0.01
r 22 0.01 6 8.47457 0.01
r 24 0.01 6 7.79863 0.01
r 26 0.01 6 7.12619 0.01
r 28 0.01 6 6.45486 0.01
r 30 0.01 6 5.77695 0.01
r 32 0.01 6 5.17627 0.01
r 34 0.01 6 4.63383 0.01
r 36 0.01 6 4.18221 0.01
r 38 0.01 6 3.93322 0.01
r 40 0.01 6 3.74295 0.01
r 42 0.01 6 3.93416 0.01
r 44 0.01 6 4.17806 0.01
r 46 0.01 6 4.63515 0.01
r 48 0.01 6 5.17642 0.01
r 50 0.01 6 5.77379 0.01
r 52 0.01 6 6.44403 0.01
r 54 0.01 6 7.12619 0.01
r 56 0.01 6 7.79863 0.01
r 58 0.01 6 8.47457 0.01
r 60 0.01 6 9.16989 0.01
r 62 0.01 6 9.84556 0.01
r 64 0.01 6 10.4989 0.01
r 66 0.01 6 11.2058 0.01
r 68 0.01 6 11.8857 0.01
r 70 0.01 6 12.5664 0.01
r 72 0.01 6 13.2468 0.01
r 74 0.01 6 13.9271 0.01
r 76 0.01 6 14.6064 0.01
r 78 0.01 6 15.2866 0.01
r 80 0.01 6 15.9669 0.01
s 50 2 31
r 20 0.01 6 12.5664 0.01
r 22 0.01 6 11.8857 0.01
r 24 0.01 6 11.2058 0.01
r 26 0.01 6 10.4989 0.01
r 28 0.01 6 9.84556 0.01
r 30 0.01 6 9.16989 0.01
r 32 0.01 6 8.47457 0.01
r 34 0.01 6 7.79863 0.01
r 36 0.01 6 7.12619 0.01
r 38 0.01 6 6.45486 0.01
r 40 0.01 6 5.77365 0.01
r 42 0.01 6 5.17645 0.01
r 44 0.01 6 4.63217 0.01
r 46 0.01 6 4.18214 0.01
r 48 0.01 6 3.93456 0.01
r 50 0.01 6 3.74383 0.01
r 52 0.01 6 3.93184 0.01
r 54 0.01 6 4.18167 0.01
r 56 0.01 6 4.62695 0.01
r 58 0.01 6 5.17607 0.01
r 60 0.01 6 5.77358 0.01
r 62 0.01 6 6.44403 0.01
r 64 0.01 6 7.12619 0.01
r 66 0.01 6 7.79863 0.01
r 68 0.01 6 8.47457 0.01
r 70 0.01 6 9.16989 0.01
r 72 0.01 6 9.84556 0.01
r 74 0.01 6 10.4989 0.01
r 76 0.01 6 11.2058 0.01
r 78 0.01 6 11.8857 0.01
r 80 0.01 6 12.5664 0.01
s 60 2 31
r 20 0.01 6 15.9669 0.01
r 22 0.01 6 15.2866 0.01
r 24 0.01 6 14.6064 0.01
r 26 0.01 6 13.9271 0.01
r 28 0.01 6 13.2468 0.01
r 30 0.01 6 12.5664 0.01
r 32 0.01 6 11.8857 0.01
r 34 0.01 6 11.2058 0.01
r 36 0.01 6 10.4989 0.01
r 38 0.01 6 9.84556 0.01
r 40 0.01 6 9.16989 0.01
r 42 0.01 6 8.47457 0.01
r 44 0.01 6 7.79863 0.01
r 46 0.01 6 7.12619 0.01
r 48 0.01 6 6.45486 0.01
r 50 0.01 6 5.77378 0.01
r 52 0.01 6 5.17654 0.01
r 54 0.01 6 4.63518 0.01
r 56 0.01 6 4.18207 0.01
r 58 0.01 6 3.93393 0.01
r 60 0.01 6 3.74341 0.01
r 62 0.01 6 3.93434 0.01
r 64 0.01 6 4.1712 0.01
r 66 0.01 6 4.63451 0.01
r 68 0.01 6 5.17648 0.01
r 70 0.01 6 5.77341 0.01
r 72 0.01 6 6.44404 0.01
r 74 0.01 6 7.12619 0.01
r 76 0.01 6 7.79863 0.01
r 78 0.01 6 8.47457 0.01
r 80 0.01 6 9.16989 0.01
s 70 2 31
r 20 0.01 6 19.3686 0.01
r 22 0.01 6 18.6884 0.01
r 24 0.01 6 18.0081 0.01
r 26 0.01 6 17.3274 0.01
r 28 0.01 6 16.6472 0.01
r 30 0.01 6 15.9669 0.01
r 32 0.01 6 15.2866 0.01
r 34 0.01 6 14.6064 0.01
r 36 0.01 6 13.9271 0.01
r 38 0.01 6 13.2468 0.01
r 40 0.01 6 12.5664 0.01
r 42 0.01 6 11.8857 0.01
r 44 0.01 6 11.2058 0.01
r 46 0.01 6 10.4989 0.01
r 48 0.01 6 9.84556 0.01
r 50 0.01 6 9.16989 0.01
r 52 0.01 6 8.47457 0.01
r 54 0.01 6 7.79863 0.01
r 56 0.01 6 7.12619 0.01
r 58 0.01 6 6.45486 0.01
r 60 0.01 6 5.77333 0.01
r 62 0.01 6 5.17646 0.01
r 64 0.01 6 4.63264 0.01
r 66 0.01 6 4.1845 0.01
r 68 0.01 6 3.93276 0.01
r 70 0.01 6 3.74335 0.01
r 72 0.01 6 3.93338 0.01
r 74 0.01 6 4.18251 0.01
r 76 0.01 6 4.63604 0.01
r 78 0.01 6 5.17656 0.01
r 80 0.01 6 5.77342 0.01
