5
s 30 2 62
r 20 0.01 0 5.26353 0.01
r 22 0.01 0 4.97735 0.01
r 24 0.01 0 4.02424 0.01
r 26 0.01 0 2.9869 0.01
r 28 0.01 0 1.88634 0.01
r 30 0.01 0 1.33054 0.01
r 32 0.01 0 1.88634 0.01
r 34 0.01 0 2.98691 0.01
r 36 0.01 0 4.027 0.01
r 38 0.01 0 4.98674 0.01
r 40 0.01 0 5.24044 0.01
r 42 0.01 0 5.57063 0.01
r 44 0.01 0 5.90201 0.01
r 46 0.01 0 6.22878 0.01
r 48 0.01 0 6.54424 0.01
r 50 0.01 0 6.85637 0.01
r 52 0.01 0 7.18836 0.01
r 54 0.01 0 7.52355 0.01
r 56 0.01 0 7.84568 0.01
r 58 0.01 0 8.16334 0.01
r 60 0.01 0 8.48411 0.01
r 62 0.01 0 8.78105 0.01
r 64 0.01 0 9.07408 0.01
r 66 0.01 0 9.36525 0.01
r 68 0.01 0 9.6452 0.01
r 70 0.01 0 9.92619 0.01
r 72 0.01 0 10.2257 0.01
r 74 0.01 0 10.5129 0.01
r 76 0.01 0 10.7878 0.01
r 78 0.01 0 11.0505 0.01
r 80 0.01 0 11.3163 0.01
r 20 0.01 6 6.02647 0.01
r 22 0.01 6 5.56431 0.01
r 24 0.01 6 4.91923 0.01
r 26 0.01 6 4.46164 0.01
r 28 0.01 6 4.10764 0.01
r 30 0.01 6 3.94638 0.01
r 32 0.01 6 4.16994 0.01
r 34 0.01 6 4.54819 0.01
r 36 0.01 6 4.92643 0.01
r 38 0.01 6 5.43609 0.01
r 40 0.01 6 5.94932 0.01
r 42 0.01 6 6.48315 0.01
r 44 0.01 6 7.08907 0.01
r 46 0.01 6 7.65436 0.01
r 48 0.01 6 8.21236 0.01
r 50 0.01 6 8.75182 0.01
r 52 0.01 6 9.316 0.01
r 54 0.01 6 9.89642 0.01
r 56 0.01 6 10.4756 0.01
r 58 0.01 6 11.0299 0.01
r 60 0.01 6 11.5641 0.01
r 62 0.01 6 12.1021 0.01
r 64 0.01 6 12.6878 0.01
r 66 0.01 6 13.172 0.01
r 68 0.01 6 13.6575 0.01
r 70 0.01 6 14.1394 0.01
r 72 0.01 6 14.6366 0.01
r 74 0.01 6 15.1492 0.01
r 76 0.01 6 15.6562 0.01
r 78 0.01 6 16.1692 0.01
r 80 0.01 6 16.686 0.01
s 40 2 62
r 20 0.01 0 6.85322 0.01
r 22 0.01 0 6.53969 0.01
r 24 0.01 0 6.23024 0.01
r 26 0.01 0 5.9002 0.01
r 28 0.01 0 5.57083 0.01
r 30 0.01 0 5.23814 0.01
r 32 0.01 0 4.97814 0.01
r 34 0.01 0 4.01711 0.01
r 36 0.01 0 2.9861 0.01
r 38 0.01 0 1.88581 0.01
r 40 0.01 0 1.33015 0.01
r 42 0.01 0 1.88581 0.01
r 44 0.01 0 2.9861 0.01
r 46 0.01 0 4.01629 0.01
r 48 0.01 0 4.97445 0.01
r 50 0.01 0 5.24219 0.01
r 52 0.01 0 5.5711 0.01
r 54 0.01 0 5.90578 0.01
r 56 0.01 0 6.23816 0.01
r 58 0.01 0 6.54492 0.01
r 60 0.01 0 6.85305 0.01
r 62 0.01 0 7.18137 0.01
r 64 0.01 0 7.51731 0.01
r 66 0.01 0 7.8426 0.01
r 68 0.01 0 8.1889 0.01
r 70 0.01 0 8.48083 0.01
r 72 0.01 0 8.78665 0.01
r 74 0.01 0 9.08047 0.01
r 76 0.01 0 9.36625 0.01
r 78 0.01 0 9.65043 0.01
r 80 0.01 0 9.93221 0.01
r 20 0.01 6 8.72957 0.01
r 22 0.01 6 8.18591 0.01
r 24 0.01 6 7.64368 0.01
r 26 0.01 6 7.07216 0.01
r 28 0.01 6 6.48686 0.01
r 30 0.01 6 5.94906 0.01
r 32 0.01 6 5.481 0.01
r 34 0.01 6 4.89196 0.01
r 36 0.01 6 4.4273 0.01
r 38 0.01 6 4.05718 0.01
r 40 0.01 6 3.90934 0.01
r 42 0.01 6 4.06669 0.01
r 44 0.01 6 4.41295 0.01
r 46 0.01 6 4.89141 0.01
r 48 0.01 6 5.47071 0.01
r 50 0.01 6 5.98428 0.01
r 52 0.01 6 6.53128 0.01
r 54 0.01 6 7.10817 0.01
r 56 0.01 6 7.68682 0.01
r 58 0.01 6 8.22749 0.01
r 60 0.01 6 8.75824 0.01
r 62 0.01 6 9.31723 0.01
r 64 0.01 6 9.9072 0.01
r 66 0.01 6 10.472 0.01
r 68 0.01 6 11.0398 0.01
r 70 0.01 6 11.5602 0.01
r 72 0.01 6 12.094 0.01
r 74 0.01 6 12.662 0.01
r 76 0.01 6 13.2202 0.01
r 78 0.01 6 13.717 0.01
r 80 0.01 6 14.2401 0.01
s 50 2 62
r 20 0.01 0 8.47005 0.01
r 22 0.01 0 8.1596 0.01
r 24 0.01 0 7.84542 0.01
r 26 0.01 0 7.52115 0.01
r 28 0.01 0 7.18714 0.01
r 30 0.01 0 6.85927 0.01
r 32 0.01 0 6.54694 0.01
r 34 0.01 0 6.23307 0.01
r 36 0.01 0 5.90781 0.01
r 38 0.01 0 5.57057 0.01
r 40 0.01 0 5.24316 0.01
r 42 0.01 0 4.97404 0.01
r 44 0.01 0 4.01867 0.01
r 46 0.01 0 2.98638 0.01
r 48 0.01 0 1.886 0.01
r 50 0.01 0 1.33029 0.01
r 52 0.01 0 1.886 0.01
r 54 0.01 0 2.98638 0.01
r 56 0.01 0 4.01892 0.01
r 58 0.01 0 4.97318 0.01
r 60 0.01 0 5.24507 0.01
r 62 0.01 0 5.57159 0.01
r 64 0.01 0 5.9085 0.01
r 66 0.01 0 6.2354 0.01
r 68 0.01 0 6.55114 0.01
r 70 0.01 0 6.86163 0.01
r 72 0.01 0 7.18505 0.01
r 74 0.01 0 7.51715 0.01
r 76 0.01 0 7.84236 0.01
r 78 0.01 0 8.15858 0.01
r 80 0.01 0 8.46925 0.01
r 20 0.01 6 11.5285 0.01
r 22 0.01 6 10.9983 0.01
r 24 0.01 6 10.4418 0.01
r 26 0.01 6 9.87244 0.01
r 28 0.01 6 9.28418 0.01
r 30 0.01 6 8.75321 0.01
r 32 0.01 6 8.23496 0.01
r 34 0.01 6 7.7016 0.01
r 36 0.01 6 7.10024 0.01
r 38 0.01 6 6.51538 0.01
r 40 0.01 6 5.96968 0.01
r 42 0.01 6 5.47565 0.01
r 44 0.01 6 4.89715 0.01
r 46 0.01 6 4.43664 0.01
r 48 0.01 6 4.0627 0.01
r 50 0.01 6 3.92428 0.01
r 52 0.01 6 4.05783 0.01
r 54 0.01 6 4.44101 0.01
r 56 0.01 6 4.89805 0.01
r 58 0.01 6 5.47656 0.01
r 60 0.01 6 5.9733 0.01
r 62 0.01 6 6.51582 0.01
r 64 0.01 6 7.11606 0.01
r 66 0.01 6 7.70917 0.01
r 68 0.01 6 8.25607 0.01
r 70 0.01 6 8.75715 0.01
r 72 0.01 6 9.31083 0.01
r 74 0.01 6 9.87078 0.01
r 76 0.01 6 10.4362 0.01
r 78 0.01 6 10.9947 0.01
r 80 0.01 6 11.552 0.01
s 60 2 62
r 20 0.01 0 9.9445 0.01
r 22 0.01 0 9.64919 0.01
r 24 0.01 0 9.36527 0.01
r 26 0.01 0 9.07894 0.01
r 28 0.01 0 8.78716 0.01
r 30 0.01 0 8.48037 0.01
r 32 0.01 0 8.18736 0.01
r 34 0.01 0 7.84199 0.01
r 36 0.01 0 7.51725 0.01
r 38 0.01 0 7.18158 0.01
r 40 0.01 0 6.85418 0.01
r 42 0.01 0 6.54791 0.01
r 44 0.01 0 6.23206 0.01
r 46 0.01 0 5.9075 0.01
r 48 0.01 0 5.57117 0.01
r 50 0.01 0 5.24287 0.01
r 52 0.01 0 4.97031 0.01
r 54 0.01 0 4.0153 0.01
r 56 0.01 0 2.98605 0.01
r 58 0.01 0 1.88582 0.01
r 60 0.01 0 1.33013 0.01
r 62 0.01 0 1.88582 0.01
r 64 0.01 0 2.98605 0.01
r 66 0.01 0 4.01773 0.01
r 68 0.01 0 4.97845 0.01
r 70 0.01 0 5.24078 0.01
r 72 0.01 0 5.56863 0.01
r 74 0.01 0 5.90382 0.01
r 76 0.01 0 6.22601 0.01
r 78 0.01 0 6.53965 0.01
r 80 0.01 0 6.85629 0.01
r 20 0.01 6 14.2661 0.01
r 22 0.01 6 13.7223 0.01
r 24 0.01 6 13.2301 0.01
r 26 0.01 6 12.6589 0.01
r 28 0.01 6 12.0924 0.01
r 30 0.01 6 11.5386 0.01
r 32 0.01 6 11.0206 0.01
r 34 0.01 6 10.4879 0.01
r 36 0.01 6 9.91036 0.01
r 38 0.01 6 9.30483 0.01
r 40 0.01 6 8.75733 0.01
r 42 0.01 6 8.24516 0.01
r 44 0.01 6 7.67374 0.01
r 46 0.01 6 7.09522 0.01
r 48 0.01 6 6.51642 0.01
r 50 0.01 6 5.96903 0.01
r 52 0.01 6 5.46912 0.01
r 54 0.01 6 4.90172 0.01
r 56 0.01 6 4.43126 0.01
r 58 0.01 6 4.08569 0.01
r 60 0.01 6 3.91387 0.01
r 62 0.01 6 4.05921 0.01
r 64 0.01 6 4.44385 0.01
r 66 0.01 6 4.8947 0.01
r 68 0.01 6 5.47888 0.01
r 70 0.01 6 5.95212 0.01
r 72 0.01 6 6.50507 0.01
r 74 0.01 6 7.07135 0.01
r 76 0.01 6 7.62064 0.01
r 78 0.01 6 8.19845 0.01
r 80 0.01 6 8.74851 0.01
s 70 2 62
r 20 0.01 0 11.3197 0.01
r 22 0.01 0 11.0492 0.01
r 24 0.01 0 10.7863 0.01
r 26 0.01 0 10.5082 0.01
r 28 0.01 0 10.2317 0.01
r 30 0.01 0 9.92533 0.01
r 32 0.01 0 9.64599 0.01
r 34 0.01 0 9.36397 0.01
r 36 0.01 0 9.07746 0.01
r 38 0.01 0 8.78288 0.01
r 40 0.01 0 8.48426 0.01
r 42 0.01 0 8.16308 0.01
r 44 0.01 0 7.85124 0.01
r 46 0.01 0 7.52217 0.01
r 48 0.01 0 7.18563 0.01
r 50 0.01 0 6.86133 0.01
r 52 0.01 0 6.54378 0.01
r 54 0.01 0 6.22939 0.01
r 56 0.01 0 5.90403 0.01
r 58 0.01 0 5.56715 0.01
r 60 0.01 0 5.24139 0.01
r 62 0.01 0 4.98724 0.01
r 64 0.01 0 4.02835 0.01
r 66 0.01 0 2.98693 0.01
r 68 0.01 0 1.88636 0.01
r 70 0.01 0 1.33055 0.01
r 72 0.01 0 1.88635 0.01
r 74 0.01 0 2.98692 0.01
r 76 0.01 0 4.02379 0.01
r 78 0.01 0 4.9767 0.01
r 80 0.01 0 5.26333 0.01
r 20 0.01 6 16.7193 0.01
r 22 0.01 6 16.2018 0.01
r 24 0.01 6 15.6975 0.01
r 26 0.01 6 15.1958 0.01
r 28 0.01 6 14.6373 0.01
r 30 0.01 6 14.1393 0.01
r 32 0.01 6 13.6611 0.01
r 34 0.01 6 13.1811 0.01
r 36 0.01 6 12.6943 0.01
r 38 0.01 6 12.1079 0.01
r 40 0.01 6 11.5648 0.01
r 42 0.01 6 11.0062 0.01
r 44 0.01 6 10.4791 0.01
r 46 0.01 6 9.90063 0.01
r 48 0.01 6 9.32171 0.01
r 50 0.01 6 8.75481 0.01
r 52 0.01 6 8.22068 0.01
r 54 0.01 6 7.65646 0.01
r 56 0.01 6 7.06973 0.01
r 58 0.01 6 6.51466 0.01
r 60 0.01 6 5.95056 0.01
r 62 0.01 6 5.43578 0.01
r 64 0.01 6 4.92806 0.01
r 66 0.01 6 4.46029 0.01
r 68 0.01 6 4.16595 0.01
r 70 0.01 6 3.94578 0.01
r 72 0.01 6 4.09403 0.01
r 74 0.01 6 4.46035 0.01
r 76 0.01 6 4.9181 0.01
r 78 0.01 6 5.4876 0.01
r 80 0.01 6 6.03138 0.01
