5
s 30 2 62
r 20 0.01 0 5.21328 0.01
r 22 0.01 0 4.9891 0.01
r 24 0.01 0 4.06076 0.01
r 26 0.01 0 2.97845 0.01
r 28 0.01 0 1.88091 0.01
r 30 0.01 0 1.32667 0.01
r 32 0.01 0 1.88091 0.01
r 34 0.01 0 2.97845 0.01
r 36 0.01 0 4.06076 0.01
r 38 0.01 0 4.9891 0.01
r 40 0.01 0 5.21328 0.01
r 42 0.01 0 5.55002 0.01
r 44 0.01 0 5.88539 0.01
r 46 0.01 0 6.2197 0.01
r 48 0.01 0 6.55161 0.01
r 50 0.01 0 6.87884 0.01
r 52 0.01 0 7.20601 0.01
r 54 0.01 0 7.52376 0.01
r 56 0.01 0 7.8467 0.01
r 58 0.01 0 8.16108 0.01
r 60 0.01 0 8.46537 0.01
r 62 0.01 0 8.77126 0.01
r 64 0.01 0 9.07711 0.01
r 66 0.01 0 9.37211 0.01
r 68 0.01 0 9.66388 0.01
r 70 0.01 0 9.95144 0.01
r 72 0.01 0 10.2337 0.01
r 74 0.01 0 10.5103 0.01
r 76 0.01 0 10.7858 0.01
r 78 0.01 0 11.0505 0.01
r 80 0.01 0 11.3105 0.01
r 20 0.01 6 5.86451 0.01
r 22 0.01 6 5.29209 0.01
r 24 0.01 6 4.74852 0.01
r 26 0.01 6 4.28541 0.01
r 28 0.01 6 4.03395 0.01
r 30 0.01 6 3.83928 0.01
r 32 0.01 6 4.03326 0.01
r 34 0.01 6 4.27894 0.01
r 36 0.01 6 4.75327 0.01
r 38 0.01 6 5.29201 0.01
r 40 0.01 6 5.88307 0.01
r 42 0.01 6 6.44743 0.01
r 44 0.01 6 7.03311 0.01
r 46 0.01 6 7.61688 0.01
r 48 0.01 6 8.19745 0.01
r 50 0.01 6 8.77378 0.01
r 52 0.01 6 9.34685 0.01
r 54 0.01 6 9.91448 0.01
r 56 0.01 6 10.4764 0.01
r 58 0.01 6 11.0329 0.01
r 60 0.01 6 11.5831 0.01
r 62 0.01 6 12.1258 0.01
r 64 0.01 6 12.661 0.01
r 66 0.01 6 13.1872 0.01
r 68 0.01 6 13.7087 0.01
r 70 0.01 6 14.2064 0.01
r 72 0.01 6 14.7064 0.01
r 74 0.01 6 15.224 0.01
r 76 0.01 6 15.6765 0.01
r 78 0.01 6 16.1436 0.01
r 80 0.01 6 16.6095 0.01
s 40 2 62
r 20 0.01 0 6.87884 0.01
r 22 0.01 0 6.55186 0.01
r 24 0.01 0 6.2197 0.01
r 26 0.01 0 5.88587 0.01
r 28 0.01 0 5.55002 0.01
r 30 0.01 0 5.21328 0.01
r 32 0.01 0 4.9891 0.01
r 34 0.01 0 4.06076 0.01
r 36 0.01 0 2.97845 0.01
r 38 0.01 0 1.88091 0.01
r 40 0.01 0 1.32667 0.01
r 42 0.01 0 1.88091 0.01
r 44 0.01 0 2.97845 0.01
r 46 0.01 0 4.06076 0.01
r 48 0.01 0 4.9891 0.01
r 50 0.01 0 5.21328 0.01
r 52 0.01 0 5.55002 0.01
r 54 0.01 0 5.88539 0.01
r 56 0.01 0 6.2197 0.01
r 58 0.01 0 6.55186 0.01
r 60 0.01 0 6.87884 0.01
r 62 0.01 0 7.206 0.01
r 64 0.01 0 7.52375 0.01
r 66 0.01 0 7.8467 0.01
r 68 0.01 0 8.16108 0.01
r 70 0.01 0 8.46574 0.01
r 72 0.01 0 8.77048 0.01
r 74 0.01 0 9.07845 0.01
r 76 0.01 0 9.3721 0.01
r 78 0.01 0 9.66387 0.01
r 80 0.01 0 9.95168 0.01
r 20 0.01 6 8.77378 0.01
r 22 0.01 6 8.19739 0.01
r 24 0.01 6 7.61688 0.01
r 26 0.01 6 7.03311 0.01
r 28 0.01 6 6.44743 0.01
r 30 0.01 6 5.86451 0.01
r 32 0.01 6 5.29301 0.01
r 34 0.01 6 4.75508 0.01
r 36 0.01 6 4.2785 0.01
r 38 0.01 6 4.02179 0.01
r 40 0.01 6 3.83961 0.01
r 42 0.01 6 4.02089 0.01
r 44 0.01 6 4.28064 0.01
r 46 0.01 6 4.75123 0.01
r 48 0.01 6 5.29245 0.01
r 50 0.01 6 5.88307 0.01
r 52 0.01 6 6.44743 0.01
r 54 0.01 6 7.03311 0.01
r 56 0.01 6 7.61688 0.01
r 58 0.01 6 8.19739 0.01
r 60 0.01 6 8.77378 0.01
r 62 0.01 6 9.34685 0.01
r 64 0.01 6 9.91448 0.01
r 66 0.01 6 10.4764 0.01
r 68 0.01 6 11.0329 0.01
r 70 0.01 6 11.5831 0.01
r 72 0.01 6 12.1258 0.01
r 74 0.01 6 12.661 0.01
r 76 0.01 6 13.1872 0.01
r 78 0.01 6 13.7087 0.01
r 80 0.01 6 14.2064 0.01
s 50 2 62
r 20 0.01 0 8.46538 0.01
r 22 0.01 0 8.16108 0.01
r 24 0.01 0 7.8467 0.01
r 26 0.01 0 7.52376 0.01
r 28 0.01 0 7.20601 0.01
r 30 0.01 0 6.87884 0.01
r 32 0.01 0 6.55152 0.01
r 34 0.01 0 6.2197 0.01
r 36 0.01 0 5.88539 0.01
r 38 0.01 0 5.55002 0.01
r 40 0.01 0 5.21328 0.01
r 42 0.01 0 4.9891 0.01
r 44 0.01 0 4.06076 0.01
r 46 0.01 0 2.97845 0.01
r 48 0.01 0 1.88091 0.01
r 50 0.01 0 1.32667 0.01
r 52 0.01 0 1.88091 0.01
r 54 0.01 0 2.97845 0.01
r 56 0.01 0 4.06076 0.01
r 58 0.01 0 4.9891 0.01
r 60 0.01 0 5.21328 0.01
r 62 0.01 0 5.55002 0.01
r 64 0.01 0 5.88587 0.01
r 66 0.01 0 6.2197 0.01
r 68 0.01 0 6.55161 0.01
r 70 0.01 0 6.87884 0.01
r 72 0.01 0 7.20601 0.01
r 74 0.01 0 7.52376 0.01
r 76 0.01 0 7.84809 0.01
r 78 0.01 0 8.16108 0.01
r 80 0.01 0 8.46497 0.01
r 20 0.01 6 11.5831 0.01
r 22 0.01 6 11.0329 0.01
r 24 0.01 6 10.4764 0.01
r 26 0.01 6 9.91448 0.01
r 28 0.01 6 9.34685 0.01
r 30 0.01 6 8.77378 0.01
r 32 0.01 6 8.19739 0.01
r 34 0.01 6 7.61688 0.01
r 36 0.01 6 7.03311 0.01
r 38 0.01 6 6.44743 0.01
r 40 0.01 6 5.86451 0.01
r 42 0.01 6 5.29246 0.01
r 44 0.01 6 4.74489 0.01
r 46 0.01 6 4.2919 0.01
r 48 0.01 6 4.03941 0.01
r 50 0.01 6 3.84018 0.01
r 52 0.01 6 4.0349 0.01
r 54 0.01 6 4.29468 0.01
r 56 0.01 6 4.75757 0.01
r 58 0.01 6 5.29242 0.01
r 60 0.01 6 5.88307 0.01
r 62 0.01 6 6.44743 0.01
r 64 0.01 6 7.03311 0.01
r 66 0.01 6 7.61688 0.01
r 68 0.01 6 8.19739 0.01
r 70 0.01 6 8.77378 0.01
r 72 0.01 6 9.34685 0.01
r 74 0.01 6 9.91448 0.01
r 76 0.01 6 10.4764 0.01
r 78 0.01 6 11.0329 0.01
r 80 0.01 6 11.5831 0.01
s 60 2 62
r 20 0.01 0 9.95168 0.01
r 22 0.01 0 9.66388 0.01
r 24 0.01 0 9.3721 0.01
r 26 0.01 0 9.07773 0.01
r 28 0.01 0 8.77122 0.01
r 30 0.01 0 8.46536 0.01
r 32 0.01 0 8.16108 0.01
r 34 0.01 0 7.8467 0.01
r 36 0.01 0 7.52376 0.01
r 38 0.01 0 7.20601 0.01
r 40 0.01 0 6.87884 0.01
r 42 0.01 0 6.55186 0.01
r 44 0.01 0 6.2197 0.01
r 46 0.01 0 5.88587 0.01
r 48 0.01 0 5.55002 0.01
r 50 0.01 0 5.21328 0.01
r 52 0.01 0 4.9891 0.01
r 54 0.01 0 4.06076 0.01
r 56 0.01 0 2.97845 0.01
r 58 0.01 0 1.88091 0.01
r 60 0.01 0 1.32667 0.01
r 62 0.01 0 1.88091 0.01
r 64 0.01 0 2.97845 0.01
r 66 0.01 0 4.06076 0.01
r 68 0.01 0 4.9891 0.01
r 70 0.01 0 5.21328 0.01
r 72 0.01 0 5.55002 0.01
r 74 0.01 0 5.88587 0.01
r 76 0.01 0 6.2197 0.01
r 78 0.01 0 6.55186 0.01
r 80 0.01 0 6.87884 0.01
r 20 0.01 6 14.2064 0.01
r 22 0.01 6 13.7087 0.01
r 24 0.01 6 13.1872 0.01
r 26 0.01 6 12.661 0.01
r 28 0.01 6 12.1258 0.01
r 30 0.01 6 11.5831 0.01
r 32 0.01 6 11.0329 0.01
r 34 0.01 6 10.4764 0.01
r 36 0.01 6 9.91448 0.01
r 38 0.01 6 9.34685 0.01
r 40 0.01 6 8.77378 0.01
r 42 0.01 6 8.19745 0.01
r 44 0.01 6 7.61689 0.01
r 46 0.01 6 7.03311 0.01
r 48 0.01 6 6.44743 0.01
r 50 0.01 6 5.86451 0.01
r 52 0.01 6 5.29582 0.01
r 54 0.01 6 4.75707 0.01
r 56 0.01 6 4.29178 0.01
r 58 0.01 6 4.03366 0.01
r 60 0.01 6 3.84 0.01
r 62 0.01 6 4.03429 0.01
r 64 0.01 6 4.27946 0.01
r 66 0.01 6 4.75761 0.01
r 68 0.01 6 5.29213 0.01
r 70 0.01 6 5.88307 0.01
r 72 0.01 6 6.44743 0.01
r 74 0.01 6 7.03311 0.01
r 76 0.01 6 7.61688 0.01
r 78 0.01 6 8.19739 0.01
r 80 0.01 6 8.77378 0.01
s 70 2 62
r 20 0.01 0 11.3105 0.01
r 22 0.01 0 11.0505 0.01
r 24 0.01 0 10.7858 0.01
r 26 0.01 0 10.5095 0.01
r 28 0.01 0 10.2337 0.01
r 30 0.01 0 9.95096 0.01
r 32 0.01 0 9.66388 0.01
r 34 0.01 0 9.3721 0.01
r 36 0.01 0 9.07845 0.01
r 38 0.01 0 8.77095 0.01
r 40 0.01 0 8.46557 0.01
r 42 0.01 0 8.16108 0.01
r 44 0.01 0 7.8467 0.01
r 46 0.01 0 7.52376 0.01
r 48 0.01 0 7.20601 0.01
r 50 0.01 0 6.87884 0.01
r 52 0.01 0 6.55161 0.01
r 54 0.01 0 6.2197 0.01
r 56 0.01 0 5.88587 0.01
r 58 0.01 0 5.55002 0.01
r 60 0.01 0 5.21328 0.01
r 62 0.01 0 4.9891 0.01
r 64 0.01 0 4.06076 0.01
r 66 0.01 0 2.97845 0.01
r 68 0.01 0 1.88091 0.01
r 70 0.01 0 1.32667 0.01
r 72 0.01 0 1.88091 0.01
r 74 0.01 0 2.97845 0.01
r 76 0.01 0 4.06076 0.01
r 78 0.01 0 4.9891 0.01
r 80 0.01 0 5.21328 0.01
r 20 0.01 6 16.6095 0.01
r 22 0.01 6 16.1436 0.01
r 24 0.01 6 15.6765 0.01
r 26 0.01 6 15.224 0.01
r 28 0.01 6 14.7064 0.01
r 30 0.01 6 14.2064 0.01
r 32 0.01 6 13.7087 0.01
r 34 0.01 6 13.1872 0.01
r 36 0.01 6 12.661 0.01
r 38 0.01 6 12.1258 0.01
r 40 0.01 6 11.5831 0.01
r 42 0.01 6 11.0329 0.01
r 44 0.01 6 10.4764 0.01
r 46 0.01 6 9.91448 0.01
r 48 0.01 6 9.34685 0.01
r 50 0.01 6 8.77378 0.01
r 52 0.01 6 8.19739 0.01
r 54 0.01 6 7.61688 0.01
r 56 0.01 6 7.03311 0.01
r 58 0.01 6 6.44743 0.01
r 60 0.01 6 5.86451 0.01
r 62 0.01 6 5.29261 0.01
r 64 0.01 6 4.74124 0.01
r 66 0.01 6 4.29754 0.01
r 68 0.01 6 4.03357 0.01
r 70 0.01 6 3.83984 0.01
r 72 0.01 6 4.03354 0.01
r 74 0.01 6 4.28043 0.01
r 76 0.01 6 4.74391 0.01
r 78 0.01 6 5.29206 0.01
r 80 0.01 6 5.88307 0.01
