5
s 30 2 31
r 20 0.01 6 6.02647 0.01
r 22 0.01 6 5.56431 0.01
r 24 0.01 6 4.91923 0.01
r 26 0.01 6 4.46164 0.01
r 28 0.01 6 4.10764 0.01
r 30 0.01 6 3.94638 0.01
r 32 0.01 6 4.16994 0.01
r 34 0.01 6 4.54819 0.01
r 36 0.01 6 4.92643 0.01
r 38 0.01 6 5.43609 0.01
r 40 0.01 6 5.94932 0.01
r 42 0.01 6 6.48315 0.01
r 44 0.01 6 7.08907 0.01
r 46 0.01 6 7.65436 0.01
r 48 0.01 6 8.21236 0.01
r 50 0.01 6 8.75182 0.01
r 52 0.01 6 9.316 0.01
r 54 0.01 6 9.89642 0.01
r 56 0.01 6 10.4756 0.01
r 58 0.01 6 11.0299 0.01
r 60 0.01 6 11.5641 0.01
r 62 0.01 6 12.1021 0.01
r 64 0.01 6 12.6878 0.01
r 66 0.01 6 13.172 0.01
r 68 0.01 6 13.6575 0.01
r 70 0.01 6 14.1394 0.01
r 72 0.01 6 14.6366 0.01
r 74 0.01 6 15.1492 0.01
r 76 0.01 6 15.6562 0.01
r 78 0.01 6 16.1692 0.01
r 80 0.01 6 16.686 0.01
s 40 2 31
r 20 0.01 6 8.72957 0.01
r 22 0.01 6 8.18591 0.01
r 24 0.01 6 7.64368 0.01
r 26 0.01 6 7.07216 0.01
r 28 0.01 6 6.48686 0.01
r 30 0.01 6 5.94906 0.01
r 32 0.01 6 5.481 0.01
r 34 0.01 6 4.89196 0.01
r 36 0.01 6 4.4273 0.01
r 38 0.01 6 4.05718 0.01
r 40 0.01 6 3.90934 0.01
r 42 0.01 6 4.06669 0.01
r 44 0.01 6 4.41295 0.01
r 46 0.01 6 4.89141 0.01
r 48 0.01 6 5.47071 0.01
r 50 0.01 6 5.98428 0.01
r 52 0.01 6 6.53128 0.01
r 54 0.01 6 7.10817 0.01
r 56 0.01 6 7.68682 0.01
r 58 0.01 6 8.22749 0.01
r 60 0.01 6 8.75824 0.01
r 62 0.01 6 9.31723 0.01
r 64 0.01 6 9.9072 0.01
r 66 0.01 6 10.472 0.01
r 68 0.01 6 11.0398 0.01
r 70 0.01 6 11.5602 0.01
r 72 0.01 6 12.094 0.01
r 74 0.01 6 12.662 0.01
r 76 0.01 6 13.2202 0.01
r 78 0.01 6 13.717 0.01
r 80 0.01 6 14.2401 0.01
s 50 2 31
r 20 0.01 6 11.5285 0.01
r 22 0.01 6 10.9983 0.01
r 24 0.01 6 10.4418 0.01
r 26 0.01 6 9.87244 0.01
r 28 0.01 6 9.28418 0.01
r 30 0.01 6 8.75321 0.01
r 32 0.01 6 8.23496 0.01
r 34 0.01 6 7.7016 0.01
r 36 0.01 6 7.10024 0.01
r 38 0.01 6 6.51538 0.01
r 40 0.01 6 5.96968 0.01
r 42 0.01 6 5.47565 0.01
r 44 0.01 6 4.89715 0.01
r 46 0.01 6 4.43664 0.01
r 48 0.01 6 4.0627 0.01
r 50 0.01 6 3.92428 0.01
r 52 0.01 6 4.05783 0.01
r 54 0.01 6 4.44101 0.01
r 56 0.01 6 4.89805 0.01
r 58 0.01 6 5.47656 0.01
r 60 0.01 6 5.9733 0.01
r 62 0.01 6 6.51582 0.01
r 64 0.01 6 7.11606 0.01
r 66 0.01 6 7.70917 0.01
r 68 0.01 6 8.25607 0.01
r 70 0.01 6 8.75715 0.01
r 72 0.01 6 9.31083 0.01
r 74 0.01 6 9.87078 0.01
r 76 0.01 6 10.4362 0.01
r 78 0.01 6 10.9947 0.01
r 80 0.01 6 11.552 0.01
s 60 2 31
r 20 0.01 6 14.2661 0.01
r 22 0.01 6 13.7223 0.01
r 24 0.01 6 13.2301 0.01
r 26 0.01 6 12.6589 0.01
r 28 0.01 6 12.0924 0.01
r 30 0.01 6 11.5386 0.01
r 32 0.01 6 11.0206 0.01
r 34 0.01 6 10.4879 0.01
r 36 0.01 6 9.91036 0.01
r 38 0.01 6 9.30483 0.01
r 40 0.01 6 8.75733 0.01
r 42 0.01 6 8.24516 0.01
r 44 0.01 6 7.67374 0.01
r 46 0.01 6 7.09522 0.01
r 48 0.01 6 6.51642 0.01
r 50 0.01 6 5.96903 0.01
r 52 0.01 6 5.46912 0.01
r 54 0.01 6 4.90172 0.01
r 56 0.01 6 4.43126 0.01
r 58 0.01 6 4.08569 0.01
r 60 0.01 6 3.91387 0.01
r 62 0.01 6 4.05921 0.01
r 64 0.01 6 4.44385 0.01
r 66 0.01 6 4.8947 0.01
r 68 0.01 6 5.47888 0.01
r 70 0.01 6 5.95212 0.01
r 72 0.01 6 6.50507 0.01
r 74 0.01 6 7.07135 0.01
r 76 0.01 6 7.62064 0.01
r 78 0.01 6 8.19845 0.01
r 80 0.01 6 8.74851 0.01
s 70 2 31
r 20 0.01 6 16.7193 0.01
r 22 0.01 6 16.2018 0.01
r 24 0.01 6 15.6975 0.01
r 26 0.01 6 15.1958 0.01
r 28 0.01 6 14.6373 0.01
r 30 0.01 6 14.1393 0.01
r 32 0.01 6 13.6611 0.01
r 34 0.01 6 13.1811 0.01
r 36 0.01 6 12.6943 0.01
r 38 0.01 6 12.1079 0.01
r 40 0.01 6 11.5648 0.01
r 42 0.01 6 11.0062 0.01
r 44 0.01 6 10.4791 0.01
r 46 0.01 6 9.90063 0.01
r 48 0.01 6 9.32171 0.01
r 50 0.01 6 8.75481 0.01
r 52 0.01 6 8.22068 0.01
r 54 0.01 6 7.65646 0.01
r 56 0.01 6 7.06973 0.01
r 58 0.01 6 6.51466 0.01
r 60 0.01 6 5.95056 0.01
r 62 0.01 6 5.43578 0.01
r 64 0.01 6 4.92806 0.01
r 66 0.01 6 4.46029 0.01
r 68 0.01 6 4.16595 0.01
r 70 0.01 6 3.94578 0.01
r 72 0.01 6 4.09403 0.01
r 74 0.01 6 4.46035 0.01
r 76 0.01 6 4.9181 0.01
r 78 0.01 6 5.4876 0.01
r 80 0.01 6 6.03138 0.01
