5
s 30 2 31
r 20 0.01 6 5.86451 0.01
r 22 0.01 6 5.29209 0.01
r 24 0.01 6 4.74852 0.01
r 26 0.01 6 4.28541 0.01
r 28 0.01 6 4.03395 0.01
r 30 0.01 6 3.83928 0.01
r 32 0.01 6 4.03326 0.01
r 34 0.01 6 4.27894 0.01
r 36 0.01 6 4.75327 0.01
r 38 0.01 6 5.29201 0.01
r 40 0.01 6 5.88307 0.01
r 42 0.01 6 6.44743 0.01
r 44 0.01 6 7.03311 0.01
r 46 0.01 6 7.61688 0.01
r 48 0.01 6 8.19745 0.01
r 50 0.01 6 8.77378 0.01
r 52 0.01 6 9.34685 0.01
r 54 0.01 6 9.91448 0.01
r 56 0.01 6 10.4764 0.01
r 58 0.01 6 11.0329 0.01
r 60 0.01 6 11.5831 0.01
r 62 0.01 6 12.1258 0.01
r 64 0.01 6 12.661 0.01
r 66 0.01 6 13.1872 0.01
r 68 0.01 6 13.7087 0.01
r 70 0.01 6 14.2064 0.01
r 72 0.01 6 14.7064 0.01
r 74 0.01 6 15.224 0.01
r 76 0.01 6 15.6765 0.01
r 78 0.01 6 16.1436 0.01
r 80 0.01 6 16.6095 0.01
s 40 2 31
r 20 0.01 6 8.77378 0.01
r 22 0.01 6 8.19739 0.01
r 24 0.01 6 7.61688 0.01
r 26 0.01 6 7.03311 0.01
r 28 0.01 6 6.44743 0.01
r 30 0.01 6 5.86451 0.01
r 32 0.01 6 5.29301 0.01
r 34 0.01 6 4.75508 0.01
r 36 0.01 6 4.2785 0.01
r 38 0.01 6 4.02179 0.01
r 40 0.01 6 3.83961 0.01
r 42 0.01 6 4.02089 0.01
r 44 0.01 6 4.28064 0.01
r 46 0.01 6 4.75123 0.01
r 48 0.01 6 5.29245 0.01
r 50 0.01 6 5.88307 0.01
r 52 0.01 6 6.44743 0.01
r 54 0.01 6 7.03311 0.01
r 56 0.01 6 7.61688 0.01
r 58 0.01 6 8.19739 0.01
r 60 0.01 6 8.77378 0.01
r 62 0.01 6 9.34685 0.01
r 64 0.01 6 9.91448 0.01
r 66 0.01 6 10.4764 0.01
r 68 0.01 6 11.0329 0.01
r 70 0.01 6 11.5831 0.01
r 72 0.01 6 12.1258 0.01
r 74 0.01 6 12.661 0.01
r 76 0.01 6 13.1872 0.01
r 78 0.01 6 13.7087 0.01
r 80 0.01 6 14.2064 0.01
s 50 2 31
r 20 0.01 6 11.5831 0.01
r 22 0.01 6 11.0329 0.01
r 24 0.01 6 10.4764 0.01
r 26 0.01 6 9.91448 0.01
r 28 0.01 6 9.34685 0.01
r 30 0.01 6 8.77378 0.01
r 32 0.01 6 8.19739 0.01
r 34 0.01 6 7.61688 0.01
r 36 0.01 6 7.03311 0.01
r 38 0.01 6 6.44743 0.01
r 40 0.01 6 5.86451 0.01
r 42 0.01 6 5.29246 0.01
r 44 0.01 6 4.74489 0.01
r 46 0.01 6 4.2919 0.01
r 48 0.01 6 4.03941 0.01
r 50 0.01 6 3.84018 0.01
r 52 0.01 6 4.0349 0.01
r 54 0.01 6 4.29468 0.01
r 56 0.01 6 4.75757 0.01
r 58 0.01 6 5.29242 0.01
r 60 0.01 6 5.88307 0.01
r 62 0.01 6 6.44743 0.01
r 64 0.01 6 7.03311 0.01
r 66 0.01 6 7.61688 0.01
r 68 0.01 6 8.19739 0.01
r 70 0.01 6 8.77378 0.01
r 72 0.01 6 9.34685 0.01
r 74 0.01 6 9.91448 0.01
r 76 0.01 6 10.4764 0.01
r 78 0.01 6 11.0329 0.01
r 80 0.01 6 11.5831 0.01
s 60 2 31
r 20 0.01 6 14.2064 0.01
r 22 0.01 6 13.7087 0.01
r 24 0.01 6 13.1872 0.01
r 26 0.01 6 12.661 0.01
r 28 0.01 6 12.1258 0.01
r 30 0.01 6 11.5831 0.01
r 32 0.01 6 11.0329 0.01
r 34 0.01 6 10.4764 0.01
r 36 0.01 6 9.91448 0.01
r 38 0.01 6 9.34685 0.01
r 40 0.01 6 8.77378 0.01
r 42 0.01 6 8.19745 0.01
r 44 0.01 6 7.61689 0.01
r 46 0.01 6 7.03311 0.01
r 48 0.01 6 6.44743 0.01
r 50 0.01 6 5.86451 0.01
r 52 0.01 6 5.29582 0.01
r 54 0.01 6 4.75707 0.01
r 56 0.01 6 4.29178 0.01
r 58 0.01 6 4.03366 0.01
r 60 0.01 6 3.84 0.01
r 62 0.01 6 4.03429 0.01
r 64 0.01 6 4.27946 0.01
r 66 0.01 6 4.75761 0.01
r 68 0.01 6 5.29213 0.01
r 70 0.01 6 5.88307 0.01
r 72 0.01 6 6.44743 0.01
r 74 0.01 6 7.03311 0.01
r 76 0.01 6 7.61688 0.01
r 78 0.01 6 8.19739 0.01
r 80 0.01 6 8.77378 0.01
s 70 2 31
r 20 0.01 6 16.6095 0.01
r 22 0.01 6 16.1436 0.01
r 24 0.01 6 15.6765 0.01
r 26 0.01 6 15.224 0.01
r 28 0.01 6 14.7064 0.01
r 30 0.01 6 14.2064 0.01
r 32 0.01 6 13.7087 0.01
r 34 0.01 6 13.1872 0.01
r 36 0.01 6 12.661 0.01
r 38 0.01 6 12.1258 0.01
r 40 0.01 6 11.5831 0.01
r 42 0.01 6 11.0329 0.01
r 44 0.01 6 10.4764 0.01
r 46 0.01 6 9.91448 0.01
r 48 0.01 6 9.34685 0.01
r 50 0.01 6 8.77378 0.01
r 52 0.01 6 8.19739 0.01
r 54 0.01 6 7.61688 0.01
r 56 0.01 6 7.03311 0.01
r 58 0.01 6 6.44743 0.01
r 60 0.01 6 5.86451 0.01
r 62 0.01 6 5.29261 0.01
r 64 0.01 6 4.74124 0.01
r 66 0.01 6 4.29754 0.01
r 68 0.01 6 4.03357 0.01
r 70 0.01 6 3.83984 0.01
r 72 0.01 6 4.03354 0.01
r 74 0.01 6 4.28043 0.01
r 76 0.01 6 4.74391 0.01
r 78 0.01 6 5.29206 0.01
r 80 0.01 6 5.88307 0.01
