63 81 1.5 0.33
0 2 4 6 8 10 12 14 16 18 20 22 24 26 28 30 32 34 36 38 40 42 44 46 48 50 52 54 56 58 60 62 64 66 68 70 72 74 76 78 80 82 84 86 88 90 92 94 96 98 100 102 104 106 108 110 112 114 116 118 120 122 124 
0 0 0 0 0 0 0 0 0 0 0 0 0 0 0 0 0 0 0 0 0 0 0 0 0 0 0 0 0 0 0 0 0 0 0 0 0 0 0 0 0 0 0 0 0 0 0 0 0 0 0 0 0 0 0 0 0 0 0 0 0 0 0 
0 0.2 0.4 0.6 0.8 1 1.2 1.4 1.6 1.8 2 2.2 2.4 2.6 2.8 3 3.2 3.4 3.6 3.8 4 4.2 4.4 4.6 4.8 5 5.2 5.4 5.6 5.8 6 6.2 6.4 6.6 6.8 7 7.2 7.4 7.6 7.8 8 8.2 8.4 8.6 8.8 9 9.2 9.4 9.6 9.8 10 10.2 10.4 10.6 10.8 11 11.2 11.4 11.6 11.8 12 12.2 12.4 12.6 12.8 13 13.2 13.4 13.6 13.8 14 14.2 14.4 14.6 14.8 15 15.2 15.4 15.6 15.8 16 
1.5 1.5 1.5 1.5 1.5 1.5 1.5 1.5 1.5 1.5 1.5 0.945 0.99 1.035 1.08 1.125 1.17 1.215 1.26 1.305 1.35 1.395 1.44 1.485 1.53 3.30627 3.33216 3.35872 3.38492 3.41113 3.43753 3.46384 3.49033 3.51692 3.54342 3.5699 3.59652 3.62301 3.64968 3.67641 3.70296 3.72957 3.75647 3.78336 3.80998 3.83707 3.86394 3.89098 3.91805 3.94495 3.9723 3.99945 4.02658 4.05388 4.08119 4.10859 4.13592 4.16331 4.19082 4.21841 4.24601 4.27344 4.30121 4.32902 4.35672 4.3847 4.41233 4.44042 4.46841 4.49648 4.52474 4.55288 4.58102 4.60962 4.63808 4.66634 4.69499 4.72318 4.75244 4.7815 4.80929 
1.5 1.5 1.5 1.5 1.5 1.5 1.5 1.5 1.5 1.5 1.5 0.945 0.99 1.035 1.08 1.125 1.17 1.215 1.26 1.305 1.35 1.395 1.44 1.485 1.53 3.30616 3.33249 3.35907 3.38528 3.41153 3.43787 3.46424 3.49068 3.51714 3.54373 3.57013 3.59654 3.62303 3.64957 3.6763 3.70269 3.72913 3.75584 3.78254 3.80895 3.83576 3.86235 3.88909 3.91582 3.94228 3.96937 3.99615 4.02298 4.04993 4.0768 4.10376 4.13077 4.15779 4.1849 4.21204 4.23933 4.26636 4.29376 4.32151 4.34853 4.37617 4.4035 4.4313 4.45925 4.48667 4.51468 4.54253 4.57051 4.59906 4.62682 4.65509 4.68294 4.71169 4.74108 4.76862 4.79699 
1.5 1.5 1.5 1.5 1.5 1.5 1.5 1.5 1.5 1.5 1.5 0.945 0.99 1.035 1.08 1.125 1.17 1.215 1.26 1.305 1.35 1.395 1.44 1.485 1.53 3.30303 3.32943 3.35561 3.38189 3.4082 3.43449 3.4609 3.48722 3.5137 3.54036 3.56647 3.59316 3.61956 3.64608 3.67292 3.69916 3.72584 3.75221 3.77882 3.80556 3.83202 3.85842 3.88514 3.9119 3.93868 3.9652 3.99182 4.01849 4.04519 4.07233 4.09868 4.12538 4.15208 4.17888 4.20619 4.2326 4.25927 4.28629 4.31321 4.3406 4.36723 4.39402 4.42122 4.44828 4.476 4.5029 4.53019 4.55774 4.58522 4.61355 4.64085 4.66824 4.69594 4.72391 4.75329 4.77998 
1.5 1.5 1.5 1.5 1.5 1.5 1.5 1.5 1.5 1.5 1.5 0.945 0.99 1.035 1.08 1.125 1.17 1.215 1.26 1.305 1.35 1.395 1.44 1.485 1.53 3.29988 3.32606 3.35226 3.3786 3.40509 3.43108 3.45719 3.48374 3.51009 3.53682 3.56283 3.58911 3.61562 3.642 3.66886 3.69487 3.72162 3.7478 3.77426 3.80101 3.8273 3.85396 3.88006 3.90654 3.93319 3.95937 3.98628 4.01227 4.03875 4.06572 4.09167 4.11862 4.14457 4.17158 4.19808 4.22404 4.251 4.27699 4.30366 4.33011 4.35686 4.384 4.41018 4.43757 4.4637 4.49068 4.51818 4.54479 4.57266 4.59939 4.62676 4.65497 4.68143 4.70995 4.73634 4.76355 
1.5 1.5 1.5 1.5 1.5 1.5 1.5 1.5 1.5 1.5 1.5 0.945 0.99 1.035 1.08 1.125 1.17 1.215 1.26 1.305 1.35 1.395 1.44 1.485 1.53 3.29689 3.32289 3.34888 3.37532 3.40152 3.42757 3.45363 3.47997 3.50632 3.5328 3.55877 3.58524 3.61128 3.63766 3.66414 3.69013 3.71653 3.74282 3.76914 3.79483 3.82129 3.84776 3.87398 3.90017 3.92562 3.95208 3.97847 4.00463 4.03073 4.05635 4.08244 4.10887 4.13483 4.16087 4.18647 4.21259 4.23889 4.26506 4.29075 4.31677 4.34304 4.36943 4.39582 4.4217 4.44805 4.47456 4.50134 4.52814 4.55449 4.58169 4.60866 4.63615 4.66365 4.68956 4.71659 4.74421 
1.5 1.5 1.5 1.5 1.5 1.5 1.5 1.5 1.5 1.5 1.5 0.945 0.99 1.035 1.08 1.125 1.17 1.215 1.26 1.305 1.35 1.395 1.44 1.485 1.53 3.29442 3.32047 3.34657 3.37258 3.39872 3.42454 3.45036 3.47663 3.50291 3.5291 3.55486 3.58079 3.6067 3.63279 3.65901 3.6845 3.71023 3.73625 3.76204 3.78755 3.81349 3.83922 3.86487 3.8905 3.91573 3.94163 3.96712 3.99248 4.01807 4.04345 4.06892 4.09422 4.11958 4.14502 4.17043 4.19592 4.22121 4.24683 4.27238 4.29791 4.3236 4.34911 4.37495 4.40076 4.42667 4.45278 4.47906 4.5054 4.53165 4.55844 4.58514 4.6117 4.63831 4.66479 4.69166 4.71941 
1.5 1.5 1.5 1.5 1.5 1.5 1.5 1.5 1.5 1.5 1.5 0.945 0.99 1.035 1.08 1.125 1.17 1.215 1.26 1.305 1.35 1.395 1.44 1.485 1.53 3.29281 3.31863 3.3445 3.37038 3.39606 3.42197 3.44764 3.4737 3.49958 3.52548 3.55129 3.5767 3.60254 3.62809 3.65371 3.67924 3.70431 3.73003 3.75526 3.78015 3.80562 3.83075 3.85586 3.88091 3.90559 3.93098 3.95589 3.98069 4.00554 4.03035 4.05514 4.0798 4.10473 4.12936 4.15411 4.17896 4.2037 4.22868 4.2537 4.27858 4.30374 4.32871 4.35405 4.37938 4.40466 4.4303 4.45616 4.48206 4.50811 4.53425 4.56063 4.58653 4.61298 4.63903 4.66515 4.69271 
1.5 1.5 1.5 1.5 1.5 1.5 1.5 1.5 1.5 1.5 1.5 0.945 0.99 1.035 1.08 1.125 1.17 1.215 1.26 1.305 1.35 1.395 1.44 1.485 1.53 3.29356 3.31929 3.34484 3.37035 3.39566 3.42136 3.44692 3.47232 3.49816 3.52385 3.54909 3.57428 3.59959 3.62467 3.64969 3.67455 3.69926 3.72426 3.74899 3.77315 3.79805 3.82252 3.84704 3.87134 3.8952 3.91992 3.9442 3.96816 3.99228 4.01633 4.04034 4.06427 4.08827 4.11233 4.13643 4.16053 4.18429 4.20883 4.23321 4.25751 4.28199 4.3064 4.33117 4.35597 4.38086 4.40596 4.43136 4.45691 4.4826 4.50839 4.53422 4.56006 4.58596 4.61155 4.6377 4.6644 
1.5 1.5 1.5 1.5 1.5 1.5 1.5 1.5 1.5 1.5 1.5 0.945 0.99 1.035 1.08 1.125 1.17 1.215 1.26 1.305 1.35 1.395 1.44 1.485 1.53 3.29873 3.32404 3.34914 3.37357 3.39925 3.42444 3.44984 3.47505 3.50012 3.52553 3.55029 3.57467 3.59944 3.6237 3.64807 3.67222 3.69627 3.72009 3.74405 3.76736 3.79163 3.81509 3.83846 3.86221 3.88489 3.90891 3.93223 3.95522 3.97873 4.002 4.02514 4.04829 4.07132 4.09491 4.11838 4.14168 4.16495 4.18855 4.21236 4.23603 4.25985 4.2837 4.30783 4.33221 4.35651 4.38108 4.40592 4.43097 4.45638 4.48111 4.50697 4.53249 4.55784 4.58339 4.60911 4.63439 
1.5 1.5 1.5 1.5 1.5 1.5 1.5 1.5 1.5 1.5 1.5 0.945 0.99 1.035 1.08 1.125 1.17 1.215 1.26 1.305 1.35 1.395 1.44 1.485 1.53 3.30946 3.33393 3.35818 3.38377 3.40845 3.43326 3.45812 3.48281 3.50776 3.53231 3.55596 3.58006 3.60324 3.62714 3.6513 3.67365 3.69655 3.71943 3.74232 3.76402 3.78736 3.8096 3.83212 3.85444 3.87607 3.89889 3.92129 3.94365 3.9654 3.98774 4.01052 4.03295 4.05532 4.0779 4.10052 4.12309 4.14564 4.16854 4.19107 4.21466 4.2379 4.26119 4.28479 4.30787 4.33223 4.35619 4.38047 4.40504 4.42994 4.45449 4.47932 4.50475 4.52953 4.555 4.57988 4.60319 
1.5 1.5 1.5 1.5 1.5 1.5 1.5 1.5 1.5 1.5 1.5 0.945 0.99 1.035 1.08 1.125 1.17 1.215 1.26 1.305 1.35 1.395 1.44 1.485 1.53 3.3239 3.34769 3.37267 3.39651 3.42138 3.44508 3.46925 3.49344 3.51763 3.54187 3.56447 3.58768 3.6097 3.63196 3.65429 3.67604 3.69829 3.71952 3.74171 3.76238 3.78457 3.80577 3.82733 3.84863 3.86835 3.8909 3.91234 3.93368 3.95515 3.97659 3.9979 4.01954 4.04096 4.06275 4.0847 4.1065 4.12828 4.15042 4.17275 4.195 4.21756 4.24013 4.26308 4.28615 4.30924 4.33255 4.35617 4.38 4.4044 4.42847 4.4526 4.47761 4.50191 4.52648 4.55102 4.57252 
1.5 1.5 1.5 1.5 1.5 1.5 1.5 1.5 1.5 1.5 1.5 0.945 0.99 1.035 1.08 1.125 1.17 1.215 1.26 1.305 1.35 1.395 1.44 1.485 1.53 3.34159 3.36509 3.39014 3.41378 3.43847 3.46216 3.48593 3.50983 3.53379 3.55859 3.57999 3.60154 3.62344 3.64493 3.6678 3.68704 3.70735 3.72799 3.74821 3.76679 3.7883 3.80809 3.82784 3.84784 3.86566 3.88746 3.90735 3.92727 3.94749 3.96777 3.98789 4.00841 4.02873 4.04938 4.07022 4.09114 4.11209 4.13338 4.15478 4.17623 4.19805 4.21983 4.24214 4.26452 4.28699 4.30965 4.33275 4.35585 4.37981 4.40352 4.42678 4.45151 4.47547 4.49892 4.52364 4.54502 
1.5 1.5 1.5 1.5 1.5 1.5 1.5 1.5 1.5 1.5 1.5 0.945 0.99 1.035 1.08 1.125 1.17 1.215 1.26 1.305 1.35 1.395 1.44 1.485 1.53 3.36482 3.39755 3.41935 3.44132 3.46377 3.48594 3.50857 3.53132 3.55443 3.57879 3.59943 3.61985 3.64035 3.66071 3.68248 3.70001 3.71933 3.73861 3.75732 3.77411 3.79484 3.8134 3.8319 3.85037 3.86655 3.88735 3.90592 3.92447 3.94327 3.96216 3.98111 4.00037 4.01941 4.0389 4.05853 4.07839 4.09833 4.11861 4.13903 4.1596 4.18054 4.20144 4.22291 4.24448 4.26628 4.2884 4.31104 4.33355 4.35696 4.38038 4.40305 4.42694 4.45081 4.47335 4.49895 4.52184 
1.5 1.5 1.5 1.5 1.5 1.5 1.5 1.5 1.5 1.5 1.5 0.945 0.99 1.035 1.08 1.125 1.17 1.215 1.26 1.305 1.35 1.395 1.44 1.485 1.53 3.38856 3.41929 3.44419 3.46972 3.49341 3.51681 3.53949 3.56146 3.58299 3.60669 3.62494 3.64473 3.66367 3.68192 3.70289 3.71869 3.73621 3.75404 3.77151 3.78605 3.80578 3.8228 3.83989 3.85689 3.8712 3.89095 3.90814 3.92521 3.9426 3.96012 3.97777 3.99583 4.01371 4.03198 4.05038 4.0691 4.088 4.10731 4.12685 4.14644 4.1664 4.18638 4.20693 4.22766 4.24867 4.27002 4.29237 4.31421 4.3365 4.3598 4.38189 4.40483 4.42891 4.45104 4.47552 4.49841 
1.5 1.5 1.5 1.5 1.5 1.5 1.5 1.5 1.5 1.5 1.5 0.945 0.99 1.035 1.08 1.125 1.17 1.215 1.26 1.305 1.35 1.395 1.44 1.485 1.53 3.39898 3.42665 3.4527 3.4785 3.50411 3.52977 3.5542 3.57915 3.60285 3.62812 3.64701 3.66712 3.68662 3.70575 3.72677 3.74116 3.75773 3.77444 3.79012 3.80354 3.82197 3.83749 3.85324 3.86887 3.88133 3.89986 3.91559 3.9313 3.94728 3.96348 3.97976 3.99618 4.01282 4.02981 4.04689 4.06435 4.08206 4.1001 4.11843 4.13704 4.15604 4.17506 4.19457 4.21438 4.23444 4.25477 4.27641 4.29776 4.31912 4.34201 4.36361 4.38557 4.4096 4.43112 4.45298 4.47676 
1.5 1.5 1.5 1.5 1.5 1.5 1.5 1.5 1.5 1.5 1.5 0.945 0.99 1.035 1.08 1.125 1.17 1.215 1.26 1.305 1.35 1.395 1.44 1.485 1.53 3.40064 3.42773 3.45157 3.47788 3.50458 3.53134 3.55723 3.5829 3.60796 3.63449 3.65623 3.67967 3.70084 3.72258 3.74482 3.75976 3.77717 3.79499 3.81211 3.8256 3.84296 3.85703 3.87139 3.88569 3.8972 3.9146 3.92911 3.94346 3.95793 3.97274 3.98748 4.00242 4.01759 4.0332 4.0488 4.06488 4.08112 4.09776 4.11469 4.13204 4.14975 4.1678 4.18616 4.20487 4.22377 4.24311 4.2638 4.28467 4.30503 4.32709 4.34909 4.36962 4.39296 4.41416 4.43313 4.45839 
1.5 1.5 1.5 1.5 1.5 1.5 1.5 1.5 1.5 1.5 1.5 0.945 0.99 1.035 1.08 1.125 1.17 1.215 1.26 1.305 1.35 1.395 1.44 1.485 1.53 3.3993 3.43396 3.44916 3.47484 3.50195 3.52776 3.55376 3.57965 3.60562 3.63306 3.65696 3.68132 3.70474 3.72728 3.75211 3.77051 3.79075 3.80965 3.82665 3.84162 3.86003 3.87615 3.89254 3.90723 3.91754 3.93307 3.94596 3.95936 3.97284 3.98654 3.99902 4.01364 4.02751 4.04153 4.05568 4.07021 4.08496 4.10012 4.11562 4.13139 4.14793 4.16486 4.18202 4.19927 4.21682 4.2352 4.25479 4.27507 4.29458 4.31532 4.33717 4.35725 4.3768 4.39976 4.41738 4.44269 
1.5 1.5 1.5 1.5 1.5 1.5 1.5 1.5 1.5 1.5 1.5 0.945 0.99 1.035 1.08 1.125 1.17 1.215 1.26 1.305 1.35 1.395 1.44 1.485 1.53 3.40557 3.4405 3.46443 3.48959 3.51325 3.5369 3.56056 3.58444 3.6084 3.63501 3.65872 3.68222 3.70627 3.72974 3.75588 3.77577 3.79742 3.8176 3.83799 3.85832 3.87299 3.89016 3.90599 3.92192 3.9349 3.95247 3.96739 3.97992 3.99148 4.00263 4.01535 4.02807 4.04094 4.05411 4.06694 4.0802 4.0934 4.10692 4.11908 4.13552 4.15052 4.16613 4.18203 4.19831 4.21478 4.23166 4.24991 4.26955 4.28915 4.30738 4.3282 4.34927 4.3681 4.38976 4.40275 4.42878 
1.5 1.5 1.5 1.5 1.5 1.5 1.5 1.5 1.5 1.5 1.5 0.945 0.99 1.035 1.08 1.125 1.17 1.215 1.26 1.305 1.35 1.395 1.44 1.485 1.53 3.40473 3.45772 3.45361 3.48288 3.5106 3.53863 3.56481 3.59121 3.61699 3.64214 3.66499 3.6873 3.70863 3.73093 3.75602 3.77811 3.80034 3.82285 3.84419 3.86418 3.88523 3.90031 3.91718 3.93402 3.94848 3.96691 3.98148 3.99579 4.01051 4.02525 4.03702 4.04601 4.05729 4.06958 4.08166 4.09379 4.10623 4.11867 4.13155 4.14462 4.15739 4.17128 4.18577 4.20079 4.21616 4.2318 4.24906 4.26659 4.28507 4.30011 4.32299 4.34236 4.3616 4.38196 4.39468 4.41935 
1.5 1.5 1.5 1.5 1.5 1.5 1.5 1.5 1.5 1.5 1.5 0.945 0.99 1.035 1.08 1.125 1.17 1.215 1.26 1.305 1.35 1.395 1.44 1.485 1.53 3.39948 3.49201 3.44628 3.47348 3.50153 3.52716 3.55259 3.57876 3.60616 3.63391 3.65901 3.68572 3.709 3.73708 3.76088 3.78111 3.8054 3.82696 3.8484 3.86821 3.89352 3.91521 3.93077 3.94749 3.96257 3.98038 3.99628 4.0118 4.02699 4.03923 4.05388 4.06878 4.07978 4.08705 4.09737 4.108 4.1199 4.1314 4.14151 4.15275 4.16674 4.17711 4.19001 4.20303 4.21673 4.23405 4.25051 4.26733 4.28136 4.30275 4.31815 4.33779 4.355 4.37785 4.3951 4.41347 
1.5 1.5 1.5 1.5 1.5 1.5 1.5 1.5 1.5 1.5 1.5 0.945 0.99 1.035 1.08 1.125 1.17 1.215 1.26 1.305 1.35 1.395 1.44 1.485 1.53 3.37275 3.40664 3.41884 3.44657 3.47239 3.50034 3.52752 3.55463 3.58064 3.60796 3.63402 3.66225 3.68907 3.71627 3.74503 3.7712 3.80237 3.82743 3.85779 3.87689 3.901 3.92645 3.93858 3.95912 3.97987 4.00086 4.01625 4.02822 4.04268 4.06057 4.07517 4.08332 4.09836 4.11511 4.11852 4.12507 4.13556 4.14539 4.15689 4.16629 4.1785 4.19007 4.20183 4.21374 4.22622 4.23975 4.25554 4.27187 4.28763 4.30524 4.32251 4.34011 4.35851 4.37606 4.39318 4.41194 
1.5 1.5 1.5 1.5 1.5 1.5 1.5 1.5 1.5 1.5 1.5 0.945 0.99 1.035 1.08 1.125 1.17 1.215 1.26 1.305 1.35 1.395 1.44 1.485 1.53 3.3805 3.46436 3.42365 3.45038 3.47514 3.50059 3.52575 3.55262 3.57821 3.60366 3.6287 3.6532 3.67671 3.70336 3.73087 3.75863 3.78539 3.81034 3.83956 3.86797 3.89898 3.9225 3.94272 3.96226 3.98546 4.00384 4.0247 4.04232 4.05447 4.06976 4.08602 4.10599 4.11241 4.12334 4.14793 4.14548 4.15186 4.1623 4.17234 4.1825 4.19246 4.20281 4.21329 4.22419 4.23505 4.24694 4.2617 4.27334 4.28847 4.30481 4.32165 4.33986 4.3546 4.37215 4.39363 4.41132 
1.5 1.5 1.5 1.5 1.5 1.5 1.5 1.5 1.5 1.5 1.5 0.945 0.99 1.035 1.08 1.125 1.17 1.215 1.26 1.305 1.35 1.395 1.44 1.485 1.53 3.37181 3.43052 3.42028 3.44566 3.46859 3.49327 3.51834 3.54467 3.57009 3.5971 3.62047 3.64691 3.66979 3.69621 3.72166 3.74874 3.77511 3.8033 3.8329 3.85729 3.88493 3.90821 3.93559 3.96125 3.98436 4.01033 4.03071 4.04896 4.06902 4.07802 4.09128 4.10734 4.13156 4.13381 4.15258 4.16599 4.16418 4.1737 4.18341 4.19263 4.20228 4.21248 4.22246 4.23286 4.24386 4.25507 4.26481 4.28334 4.29884 4.31393 4.33082 4.34858 4.3621 4.37847 4.39764 4.41509 
1.5 1.5 1.5 1.5 1.5 1.5 1.5 1.5 1.5 1.5 1.5 0.945 0.99 1.035 1.08 1.125 1.17 1.215 1.26 1.305 1.35 1.395 1.44 1.485 1.53 3.37609 3.45045 3.42098 3.44898 3.4747 3.50024 3.52569 3.54904 3.57328 3.59989 3.62072 3.64653 3.66843 3.69393 3.71722 3.74309 3.77003 3.79876 3.82572 3.85226 3.87604 3.90163 3.92443 3.95386 3.97779 4.00486 4.02959 4.05236 4.0772 4.0967 4.10235 4.115 4.13935 4.14631 4.16319 4.1772 4.17498 4.18483 4.19441 4.20297 4.21099 4.2211 4.23042 4.24023 4.25085 4.26165 4.27428 4.28857 4.30362 4.31865 4.33484 4.352 4.36568 4.38097 4.40057 4.4173 
1.5 1.5 1.5 1.5 1.5 1.5 1.5 1.5 1.5 1.5 1.5 0.945 0.99 1.035 1.08 1.125 1.17 1.215 1.26 1.305 1.35 1.395 1.44 1.485 1.53 3.38612 3.51104 3.42967 3.45502 3.47963 3.50474 3.52923 3.55525 3.58042 3.60691 3.62853 3.65096 3.67061 3.69424 3.71943 3.74448 3.77064 3.79316 3.81755 3.84397 3.87208 3.89898 3.92235 3.94664 3.97185 3.99749 4.02854 4.05163 4.07198 4.09526 4.11116 4.12868 4.15172 4.1532 4.17567 4.17518 4.1822 4.19226 4.20216 4.21033 4.21893 4.22768 4.2362 4.24526 4.25531 4.26547 4.27844 4.29236 4.30227 4.32082 4.33672 4.35387 4.36744 4.38273 4.40145 4.41692 
1.5 1.5 1.5 1.5 1.5 1.5 1.5 1.5 1.5 1.5 1.5 0.945 0.99 1.035 1.08 1.125 1.17 1.215 1.26 1.305 1.35 1.395 1.44 1.485 1.53 3.36875 3.42289 3.41364 3.44034 3.46541 3.49126 3.51669 3.54264 3.56843 3.59377 3.61872 3.6465 3.67206 3.6969 3.72134 3.74245 3.76767 3.79083 3.81598 3.84392 3.87251 3.89817 3.92688 3.94624 3.97258 3.99755 4.02749 4.05469 4.0819 4.09042 4.10834 4.14413 4.15567 4.17771 4.17173 4.17599 4.18531 4.19513 4.20434 4.21224 4.2208 4.22898 4.23779 4.24565 4.25503 4.26527 4.27835 4.29228 4.30624 4.32132 4.33669 4.35273 4.3671 4.38237 4.39979 4.4166 
1.5 1.5 1.5 1.5 1.5 1.5 1.5 1.5 1.5 1.5 1.5 0.945 0.99 1.035 1.08 1.125 1.17 1.215 1.26 1.305 1.35 1.395 1.44 1.485 1.53 3.38561 3.51057 3.42983 3.45522 3.47996 3.50519 3.53038 3.55619 3.58109 3.60715 3.62891 3.65213 3.67207 3.69642 3.72105 3.74729 3.77363 3.79576 3.8195 3.84642 3.87427 3.90192 3.92517 3.94999 3.9739 4.00012 4.02886 4.05593 4.07344 4.09613 4.11218 4.1295 4.15221 4.15318 4.17543 4.1748 4.1813 4.19116 4.20063 4.2089 4.21744 4.22604 4.23494 4.24343 4.25303 4.26325 4.27633 4.2904 4.30391 4.3187 4.33427 4.351 4.36081 4.38056 4.39974 4.41564 
1.5 1.5 1.5 1.5 1.5 1.5 1.5 1.5 1.5 1.5 1.5 0.945 0.99 1.035 1.08 1.125 1.17 1.215 1.26 1.305 1.35 1.395 1.44 1.485 1.53 3.37679 3.44944 3.42254 3.45016 3.47568 3.50147 3.52678 3.55059 3.57559 3.60184 3.62301 3.64856 3.67151 3.69723 3.72259 3.74774 3.77519 3.80409 3.8293 3.85577 3.88019 3.90639 3.92922 3.95883 3.98033 4.00808 4.03206 4.05766 4.07925 4.09786 4.10369 4.11604 4.13982 4.14591 4.16251 4.17621 4.17353 4.18292 4.19202 4.20002 4.20869 4.21754 4.22676 4.23623 4.24618 4.25692 4.26947 4.28333 4.29834 4.31336 4.32817 4.34601 4.35958 4.37536 4.39456 4.41068 
1.5 1.5 1.5 1.5 1.5 1.5 1.5 1.5 1.5 1.5 1.5 0.945 0.99 1.035 1.08 1.125 1.17 1.215 1.26 1.305 1.35 1.395 1.44 1.485 1.53 3.3732 3.42956 3.42219 3.44738 3.47152 3.49586 3.52106 3.54723 3.57336 3.60041 3.62402 3.6502 3.67432 3.70054 3.72761 3.75476 3.78045 3.8089 3.8405 3.8632 3.89016 3.91485 3.94168 3.96599 3.98873 4.01456 4.03517 4.05491 4.07076 4.07978 4.09262 4.10798 4.13146 4.13254 4.15078 4.16363 4.1608 4.17004 4.17916 4.1877 4.19698 4.20631 4.21607 4.22592 4.23619 4.24712 4.26001 4.2746 4.29002 4.30478 4.32015 4.3387 4.35204 4.36866 4.38732 4.40376 
1.5 1.5 1.5 1.5 1.5 1.5 1.5 1.5 1.5 1.5 1.5 0.945 0.99 1.035 1.08 1.125 1.17 1.215 1.26 1.305 1.35 1.395 1.44 1.485 1.53 3.37999 3.45782 3.42556 3.45189 3.47733 3.50344 3.52969 3.55614 3.58234 3.60777 3.63344 3.65939 3.68372 3.71024 3.73823 3.76587 3.79248 3.81714 3.84717 3.87832 3.905 3.92906 3.94861 3.9671 3.98552 4.00468 4.02605 4.04301 4.05416 4.06685 4.08178 4.10013 4.10832 4.11754 4.13983 4.13802 4.14416 4.15354 4.16299 4.17225 4.18204 4.19176 4.20204 4.21249 4.22338 4.23486 4.24887 4.26413 4.27926 4.29425 4.31104 4.32878 4.34381 4.36125 4.37833 4.39521 
1.5 1.5 1.5 1.5 1.5 1.5 1.5 1.5 1.5 1.5 1.5 0.945 0.99 1.035 1.08 1.125 1.17 1.215 1.26 1.305 1.35 1.395 1.44 1.485 1.53 3.37666 3.40698 3.4232 3.45038 3.47728 3.50448 3.53202 3.55957 3.58655 3.61323 3.63994 3.66793 3.69464 3.72235 3.75151 3.7787 3.80746 3.83416 3.86277 3.88493 3.90293 3.92701 3.93946 3.9591 3.97964 4.0007 4.01351 4.02538 4.03971 4.05571 4.06942 4.07758 4.09137 4.10709 4.11085 4.11657 4.12552 4.13523 4.14504 4.15481 4.16487 4.17496 4.1837 4.19723 4.20623 4.22125 4.2362 4.25156 4.26737 4.28387 4.30054 4.31809 4.336 4.35293 4.36974 4.38737 
1.5 1.5 1.5 1.5 1.5 1.5 1.5 1.5 1.5 1.5 1.5 0.945 0.99 1.035 1.08 1.125 1.17 1.215 1.26 1.305 1.35 1.395 1.44 1.485 1.53 3.40008 3.49089 3.44883 3.47568 3.50308 3.5298 3.55505 3.58134 3.60823 3.63731 3.66299 3.69029 3.71454 3.74128 3.76785 3.78925 3.80966 3.83245 3.85744 3.87448 3.89807 3.92048 3.93328 3.95249 3.96503 3.97932 3.99449 4.01043 4.02393 4.03489 4.04682 4.06116 4.07149 4.07598 4.08526 4.0949 4.10482 4.11493 4.12523 4.1357 4.14637 4.15722 4.16899 4.18119 4.1939 4.20755 4.22347 4.23889 4.25523 4.27221 4.28919 4.30798 4.32616 4.34374 4.36084 4.37892 
1.5 1.5 1.5 1.5 1.5 1.5 1.5 1.5 1.5 1.5 1.5 0.945 0.99 1.035 1.08 1.125 1.17 1.215 1.26 1.305 1.35 1.395 1.44 1.485 1.53 3.40611 3.4581 3.45596 3.48453 3.51229 3.53986 3.56734 3.59418 3.62153 3.64763 3.67028 3.6932 3.71471 3.73712 3.76269 3.78414 3.80659 3.82981 3.84876 3.86798 3.88945 3.90423 3.91889 3.93581 3.94671 3.96439 3.97711 3.9897 4.00263 4.0157 4.02485 4.03255 4.04189 4.05178 4.06258 4.07289 4.08357 4.09403 4.10503 4.11387 4.1275 4.13953 4.1526 4.16608 4.17998 4.19467 4.20683 4.22687 4.24476 4.2624 4.27942 4.29901 4.31763 4.33575 4.35362 4.37232 
1.5 1.5 1.5 1.5 1.5 1.5 1.5 1.5 1.5 1.5 1.5 0.945 0.99 1.035 1.08 1.125 1.17 1.215 1.26 1.305 1.35 1.395 1.44 1.485 1.53 3.40823 3.44186 3.4667 3.49166 3.51632 3.53991 3.56445 3.58845 3.61283 3.63977 3.66289 3.68609 3.7098 3.73346 3.75931 3.77881 3.79979 3.81846 3.83852 3.8547 3.87081 3.88626 3.90061 3.91491 3.92635 3.94263 3.95559 3.96699 3.97575 3.98524 3.9957 4.00658 4.01724 4.02816 4.03812 4.05035 4.06151 4.07303 4.08509 4.09746 4.11038 4.12385 4.13807 4.1525 4.16728 4.18257 4.19943 4.21733 4.23592 4.25241 4.27188 4.29214 4.31009 4.32947 4.34744 4.36671 
1.5 1.5 1.5 1.5 1.5 1.5 1.5 1.5 1.5 1.5 1.5 0.945 0.99 1.035 1.08 1.125 1.17 1.215 1.26 1.305 1.35 1.395 1.44 1.485 1.53 3.40105 3.43711 3.45222 3.4779 3.50411 3.52992 3.55585 3.5815 3.60752 3.63499 3.65804 3.68153 3.70514 3.72696 3.75157 3.76845 3.78764 3.80503 3.82002 3.83299 3.85009 3.86485 3.87892 3.89162 3.89977 3.91377 3.92451 3.93587 3.947 3.95777 3.96975 3.98096 3.9926 4.00421 4.01614 4.02843 4.04095 4.05174 4.0673 4.08087 4.09504 4.10962 4.12492 4.1405 4.15621 4.17281 4.19072 4.20927 4.22501 4.24651 4.26692 4.28604 4.3062 4.32502 4.34167 4.36608 
1.5 1.5 1.5 1.5 1.5 1.5 1.5 1.5 1.5 1.5 1.5 0.945 0.99 1.035 1.08 1.125 1.17 1.215 1.26 1.305 1.35 1.395 1.44 1.485 1.53 3.39863 3.4266 3.45001 3.47594 3.50183 3.52816 3.55355 3.57901 3.6038 3.6302 3.65084 3.67423 3.69407 3.71386 3.7349 3.7479 3.76351 3.77956 3.79492 3.80626 3.82191 3.83384 3.84639 3.85843 3.86714 3.88294 3.89521 3.90708 3.91946 3.93176 3.94412 3.95672 3.96942 3.98253 3.99604 4.00976 4.02364 4.03787 4.05246 4.06744 4.08291 4.09866 4.11497 4.13159 4.14826 4.16579 4.18445 4.20341 4.22256 4.24227 4.26285 4.28208 4.30364 4.32279 4.33984 4.36434 
1.5 1.5 1.5 1.5 1.5 1.5 1.5 1.5 1.5 1.5 1.5 0.945 0.99 1.035 1.08 1.125 1.17 1.215 1.26 1.305 1.35 1.395 1.44 1.485 1.53 3.38989 3.41836 3.44329 3.46868 3.49303 3.51876 3.5429 3.56725 3.59009 3.61446 3.63133 3.64974 3.66751 3.68488 3.7048 3.71693 3.73204 3.74666 3.76026 3.77108 3.78789 3.80376 3.81477 3.82792 3.83793 3.85446 3.8679 3.88117 3.8948 3.90834 3.92214 3.93608 3.9502 3.96473 3.97937 3.9943 4.0094 4.02493 4.04083 4.05698 4.07352 4.09028 4.1075 4.12503 4.14271 4.16094 4.18048 4.19992 4.21959 4.23999 4.26054 4.28016 4.30233 4.3219 4.34097 4.36462 
1.5 1.5 1.5 1.5 1.5 1.5 1.5 1.5 1.5 1.5 1.5 0.945 0.99 1.035 1.08 1.125 1.17 1.215 1.26 1.305 1.35 1.395 1.44 1.485 1.53 3.36982 3.40193 3.42576 3.45041 3.47292 3.49561 3.51644 3.53681 3.55659 3.57906 3.59553 3.61393 3.63118 3.64731 3.6669 3.68023 3.69575 3.71135 3.72677 3.73866 3.75645 3.77113 3.78579 3.80058 3.81211 3.82972 3.84456 3.85774 3.87389 3.88883 3.90397 3.91944 3.93477 3.95052 3.9663 3.9823 3.99862 4.01537 4.03225 4.04934 4.06677 4.08438 4.10083 4.12068 4.1392 4.15812 4.17823 4.19816 4.21837 4.23934 4.25985 4.28039 4.30274 4.32238 4.34361 4.36608 
1.5 1.5 1.5 1.5 1.5 1.5 1.5 1.5 1.5 1.5 1.5 0.945 0.99 1.035 1.08 1.125 1.17 1.215 1.26 1.305 1.35 1.395 1.44 1.485 1.53 3.33159 3.36582 3.3853 3.40544 3.42606 3.44732 3.46871 3.49039 3.51162 3.53497 3.55365 3.57255 3.59112 3.6094 3.62973 3.64484 3.66214 3.67913 3.696 3.70993 3.72861 3.74483 3.7607 3.77631 3.79034 3.80885 3.82495 3.84096 3.85707 3.87336 3.88975 3.90628 3.92257 3.93958 3.95648 3.97354 3.99086 4.00846 4.02624 4.04411 4.06239 4.08083 4.09961 4.11851 4.13775 4.15723 4.17759 4.19784 4.2189 4.24014 4.26089 4.28204 4.30401 4.32361 4.34648 4.3679 
1.5 1.5 1.5 1.5 1.5 1.5 1.5 1.5 1.5 1.5 1.5 0.945 0.99 1.035 1.08 1.125 1.17 1.215 1.26 1.305 1.35 1.395 1.44 1.485 1.53 3.29248 3.3151 3.33852 3.36085 3.38388 3.40664 3.42895 3.45145 3.47357 3.49707 3.51706 3.53669 3.55646 3.576 3.59566 3.61384 3.63213 3.65052 3.66865 3.68449 3.70404 3.7215 3.7387 3.75621 3.77117 3.79068 3.80794 3.82518 3.84255 3.86013 3.87767 3.89533 3.91279 3.93076 3.94865 3.96672 3.98404 4.0034 4.02203 4.0407 4.05972 4.07884 4.09829 4.11787 4.13767 4.15759 4.17836 4.19889 4.22029 4.24178 4.26277 4.28458 4.30658 4.32695 4.34899 4.36867 
1.5 1.5 1.5 1.5 1.5 1.5 1.5 1.5 1.5 1.5 1.5 0.945 0.99 1.035 1.08 1.125 1.17 1.215 1.26 1.305 1.35 1.395 1.44 1.485 1.53 3.25954 3.28193 3.30535 3.32784 3.35082 3.37362 3.39611 3.41872 3.44115 3.46465 3.48501 3.50602 3.52635 3.54664 3.56691 3.5864 3.60574 3.62515 3.64435 3.66171 3.68202 3.70083 3.7194 3.73817 3.75469 3.77498 3.79342 3.81193 3.83041 3.84903 3.86756 3.88618 3.90474 3.92356 3.94247 3.96141 3.98037 3.99957 4.01893 4.03829 4.05794 4.07766 4.09767 4.11782 4.13807 4.15844 4.1795 4.20058 4.22222 4.24385 4.26543 4.28739 4.30935 4.33093 4.3528 4.37167 
1.5 1.5 1.5 1.5 1.5 1.5 1.5 1.5 1.5 1.5 1.5 0.945 0.99 1.035 1.08 1.125 1.17 1.215 1.26 1.305 1.35 1.395 1.44 1.485 1.53 3.2277 3.25055 3.27375 3.2967 3.31986 3.34274 3.36578 3.38849 3.41149 3.43503 3.45606 3.47782 3.49908 3.52055 3.54256 3.56202 3.58257 3.60309 3.62343 3.64242 3.66346 3.68326 3.70301 3.72276 3.74082 3.76176 3.78118 3.80073 3.82013 3.83926 3.85902 3.87849 3.89792 3.91744 3.93711 3.95676 3.97635 3.99617 4.01612 4.03614 4.05635 4.07657 4.09712 4.11777 4.13848 4.15937 4.18082 4.20236 4.22433 4.24619 4.2682 4.29043 4.31241 4.33476 4.35697 4.37679 
1.5 1.5 1.5 1.5 1.5 1.5 1.5 1.5 1.5 1.5 1.5 0.945 0.99 1.035 1.08 1.125 1.17 1.215 1.26 1.305 1.35 1.395 1.44 1.485 1.53 3.19949 3.22286 3.24581 3.26913 3.29268 3.31555 3.339 3.36206 3.38526 3.40901 3.43092 3.45318 3.47546 3.49752 3.52021 3.54084 3.56232 3.58365 3.60494 3.62528 3.64703 3.66777 3.68855 3.70924 3.72871 3.75014 3.77052 3.79064 3.81109 3.83139 3.85147 3.87168 3.89188 3.91207 3.93239 3.95265 3.97283 3.99326 4.01379 4.03429 4.05501 4.07573 4.0967 4.11781 4.13895 4.16033 4.18216 4.20406 4.22628 4.24846 4.27078 4.29312 4.31542 4.33798 4.3606 4.38191 
1.5 1.5 1.5 1.5 1.5 1.5 1.5 1.5 1.5 1.5 1.5 0.945 0.99 1.035 1.08 1.125 1.17 1.215 1.26 1.305 1.35 1.395 1.44 1.485 1.53 3.17621 3.19971 3.22296 3.24633 3.2694 3.29328 3.3167 3.34008 3.36338 3.38714 3.40981 3.43246 3.45531 3.47786 3.50095 3.52248 3.54471 3.5668 3.58879 3.60999 3.63223 3.65376 3.67537 3.69675 3.71736 3.73926 3.76043 3.78143 3.80249 3.82347 3.84425 3.86514 3.88603 3.90687 3.92777 3.94865 3.96946 3.99041 4.01147 4.0325 4.05371 4.07488 4.0963 4.11781 4.13933 4.16109 4.18323 4.20541 4.22787 4.25032 4.27281 4.29538 4.31798 4.3406 4.36307 4.38564 
1.5 1.5 1.5 1.5 1.5 1.5 1.5 1.5 1.5 1.5 1.5 0.945 0.99 1.035 1.08 1.125 1.17 1.215 1.26 1.305 1.35 1.395 1.44 1.485 1.53 3.15836 3.18179 3.20508 3.22857 3.25215 3.27557 3.29888 3.3224 3.3457 3.36901 3.39264 3.41542 3.4383 3.46131 3.48464 3.50669 3.52935 3.55194 3.57442 3.59626 3.61886 3.64102 3.66318 3.68509 3.70655 3.72885 3.75064 3.77223 3.79392 3.8155 3.83694 3.85846 3.87991 3.9014 3.92285 3.94429 3.9657 3.98723 4.0088 4.03033 4.052 4.07361 4.09544 4.11733 4.1392 4.16129 4.18373 4.20614 4.22876 4.25149 4.27418 4.29673 4.31979 4.34261 4.36511 4.3881 
1.5 1.5 1.5 1.5 1.5 1.5 1.5 1.5 1.5 1.5 1.5 0.945 0.99 1.035 1.08 1.125 1.17 1.215 1.26 1.305 1.35 1.395 1.44 1.485 1.53 3.14389 3.16723 3.19049 3.21406 3.23752 3.26099 3.28426 3.30782 3.33124 3.35493 3.37786 3.40105 3.42414 3.44706 3.47061 3.49314 3.51599 3.5389 3.56166 3.58399 3.60689 3.62932 3.65182 3.6742 3.69619 3.71884 3.74111 3.76319 3.78539 3.8075 3.82949 3.85156 3.87348 3.89551 3.91747 3.9394 3.96134 3.98335 4.00541 4.02738 4.0495 4.07153 4.09375 4.11603 4.13825 4.16067 4.18336 4.20601 4.22883 4.25178 4.27462 4.29742 4.32062 4.34365 4.36648 4.38962 
1.5 1.5 1.5 1.5 1.5 1.5 1.5 1.5 1.5 1.5 1.5 0.945 0.99 1.035 1.08 1.125 1.17 1.215 1.26 1.305 1.35 1.395 1.44 1.485 1.53 3.13188 3.15507 3.17828 3.20179 3.22474 3.24853 3.27177 3.29522 3.31862 3.34225 3.36535 3.38876 3.41164 3.43471 3.45821 3.48097 3.50391 3.52696 3.54994 3.5726 3.59567 3.61841 3.64123 3.66395 3.68628 3.70921 3.7318 3.75426 3.77683 3.79934 3.82178 3.84428 3.86662 3.88911 3.91153 3.93389 3.95628 3.97872 4.0012 4.02356 4.04609 4.06852 4.0911 4.11373 4.13631 4.15905 4.18198 4.20488 4.22792 4.25109 4.27408 4.29714 4.32057 4.34366 4.36684 4.39018 
1.5 1.5 1.5 1.5 1.5 1.5 1.5 1.5 1.5 1.5 1.5 0.945 0.99 1.035 1.08 1.125 1.17 1.215 1.26 1.305 1.35 1.395 1.44 1.485 1.53 3.12206 3.14518 3.1684 3.19174 3.21512 3.23829 3.26146 3.28478 3.30809 3.33156 3.35425 3.37812 3.40104 3.4241 3.44745 3.4703 3.49326 3.51634 3.53936 3.56216 3.58531 3.60807 3.63111 3.65409 3.6767 3.69981 3.72265 3.74539 3.76825 3.79106 3.81383 3.83664 3.85929 3.88211 3.90493 3.92765 3.95038 3.97319 3.99604 4.01877 4.04165 4.06443 4.08737 4.11032 4.13321 4.15627 4.17945 4.20258 4.22585 4.24925 4.27244 4.29578 4.31939 4.34256 4.36605 4.38967 
1.5 1.5 1.5 1.5 1.5 1.5 1.5 1.5 1.5 1.5 1.5 0.945 0.99 1.035 1.08 1.125 1.17 1.215 1.26 1.305 1.35 1.395 1.44 1.485 1.53 3.1135 3.1365 3.15978 3.18296 3.20613 3.22932 3.25243 3.27564 3.29889 3.32234 3.34502 3.36831 3.39145 3.41451 3.43776 3.46063 3.48362 3.5067 3.52976 3.55265 3.57582 3.59867 3.6217 3.64477 3.66748 3.69069 3.7137 3.73665 3.7597 3.78273 3.80572 3.82878 3.85167 3.87477 3.89783 3.92083 3.94382 3.96692 3.99006 4.0131 4.03626 4.05935 4.08259 4.10585 4.12901 4.15235 4.17576 4.19909 4.22259 4.24621 4.26947 4.29312 4.31694 4.34029 4.36389 4.38788 
1.5 1.5 1.5 1.5 1.5 1.5 1.5 1.5 1.5 1.5 1.5 0.945 0.99 1.035 1.08 1.125 1.17 1.215 1.26 1.305 1.35 1.395 1.44 1.485 1.53 3.10601 3.12896 3.15221 3.17525 3.1983 3.22139 3.2444 3.26754 3.29071 3.3138 3.33685 3.35985 3.38275 3.4059 3.42906 3.45195 3.47488 3.49792 3.52099 3.54388 3.56704 3.58997 3.61301 3.63608 3.65889 3.68211 3.70523 3.72827 3.75142 3.7746 3.79769 3.82089 3.84397 3.86722 3.89047 3.91365 3.93682 3.96013 3.98348 4.00675 4.03013 4.05345 4.07692 4.10042 4.12381 4.14737 4.17097 4.19448 4.21815 4.24192 4.2653 4.28923 4.31304 4.33667 4.36047 4.38438 
1.5 1.5 1.5 1.5 1.5 1.5 1.5 1.5 1.5 1.5 1.5 0.945 0.99 1.035 1.08 1.125 1.17 1.215 1.26 1.305 1.35 1.395 1.44 1.485 1.53 3.09929 3.12228 3.14542 3.16839 3.19137 3.21433 3.23731 3.26032 3.28338 3.30657 3.32971 3.35216 3.37514 3.39833 3.4214 3.44419 3.46713 3.49014 3.51318 3.53601 3.55912 3.58214 3.60512 3.62817 3.65103 3.67423 3.69738 3.72045 3.74364 3.76685 3.78998 3.81323 3.83642 3.85971 3.88307 3.90633 3.9296 3.95302 3.9765 3.9999 4.02341 4.04688 4.07049 4.09414 4.1177 4.14141 4.16513 4.18876 4.21254 4.23643 4.25987 4.28405 4.30782 4.33164 4.3557 4.3795 
1.5 1.5 1.5 1.5 1.5 1.5 1.5 1.5 1.5 1.5 1.5 0.945 0.99 1.035 1.08 1.125 1.17 1.215 1.26 1.305 1.35 1.395 1.44 1.485 1.53 3.09308 3.11608 3.13907 3.16198 3.18484 3.20777 3.23067 3.25361 3.27656 3.29964 3.32269 3.34547 3.36834 3.39133 3.41439 3.4372 3.46007 3.48302 3.50602 3.52878 3.55187 3.57488 3.59791 3.62099 3.64388 3.66706 3.69021 3.71327 3.73645 3.75965 3.78276 3.80601 3.82922 3.85253 3.87592 3.89922 3.92252 3.94599 3.9695 3.99294 4.01649 4.04001 4.06364 4.08732 4.11094 4.13469 4.15843 4.18209 4.2059 4.22975 4.25331 4.27747 4.30116 4.32505 4.34922 4.37289 
1.5 1.5 1.5 1.5 1.5 1.5 1.5 1.5 1.5 1.5 1.5 0.945 0.99 1.035 1.08 1.125 1.17 1.215 1.26 1.305 1.35 1.395 1.44 1.485 1.53 3.08741 3.11037 3.13326 3.15612 3.17894 3.2018 3.22464 3.24753 3.2704 3.29341 3.3161 3.33933 3.36217 3.38504 3.4079 3.43079 3.45366 3.4766 3.49957 3.52232 3.54539 3.56829 3.59137 3.61449 3.63741 3.66054 3.68367 3.7067 3.72988 3.75304 3.77612 3.79935 3.82253 3.84582 3.86917 3.89246 3.91572 3.93916 3.96264 3.98602 4.00954 4.033 4.05658 4.08019 4.10375 4.12742 4.1511 4.17468 4.19844 4.22213 4.24577 4.26975 4.29328 4.3172 4.34114 4.36485 
1.5 1.5 1.5 1.5 1.5 1.5 1.5 1.5 1.5 1.5 1.5 0.945 0.99 1.035 1.08 1.125 1.17 1.215 1.26 1.305 1.35 1.395 1.44 1.485 1.53 3.08235 3.10526 3.12805 3.15087 3.17363 3.19648 3.21925 3.24213 3.26502 3.28789 3.31055 3.33381 3.35649 3.37934 3.40238 3.42508 3.44793 3.4709 3.49387 3.51666 3.53968 3.56255 3.5856 3.60866 3.63155 3.65465 3.67773 3.70072 3.72386 3.747 3.77004 3.79324 3.81636 3.83958 3.86286 3.88605 3.90923 3.93257 3.95594 3.9792 4.00262 4.02595 4.04939 4.07287 4.09628 4.11978 4.14333 4.16677 4.19034 4.21389 4.23747 4.26119 4.2845 4.30838 4.33206 4.35545 
1.5 1.5 1.5 1.5 1.5 1.5 1.5 1.5 1.5 1.5 1.5 0.945 0.99 1.035 1.08 1.125 1.17 1.215 1.26 1.305 1.35 1.395 1.44 1.485 1.53 3.07792 3.10074 3.12347 3.14627 3.16899 3.1918 3.21452 3.23739 3.26027 3.28314 3.30576 3.32887 3.35154 3.37432 3.39727 3.42011 3.44292 3.46587 3.48883 3.51162 3.53462 3.55746 3.58046 3.60348 3.6263 3.64934 3.67237 3.6953 3.71836 3.74144 3.7644 3.78751 3.81053 3.83364 3.8568 3.87985 3.90289 3.92608 3.94931 3.97239 3.99566 4.01881 4.04206 4.06538 4.08859 4.11189 4.13528 4.15855 4.18192 4.20533 4.22877 4.25228 4.27536 4.29913 4.32252 4.34566 
1.5 1.5 1.5 1.5 1.5 1.5 1.5 1.5 1.5 1.5 1.5 0.945 0.99 1.035 1.08 1.125 1.17 1.215 1.26 1.305 1.35 1.395 1.44 1.485 1.53 3.07403 3.09672 3.11941 3.14218 3.16486 3.18764 3.2103 3.23315 3.25601 3.27887 3.30173 3.32436 3.347 3.36988 3.39281 3.41563 3.43844 3.46135 3.48426 3.50709 3.53006 3.55291 3.57581 3.59872 3.6215 3.64449 3.66743 3.6903 3.71326 3.73627 3.75913 3.78215 3.80504 3.82803 3.85105 3.87395 3.89683 3.91987 3.94291 3.96582 3.98891 4.01187 4.03493 4.05804 4.08105 4.10412 4.12732 4.15039 4.17359 4.19676 4.22009 4.24333 4.26621 4.28979 4.31289 4.33569 
1.5 1.5 1.5 1.5 1.5 1.5 1.5 1.5 1.5 1.5 1.5 0.945 0.99 1.035 1.08 1.125 1.17 1.215 1.26 1.305 1.35 1.395 1.44 1.485 1.53 3.07081 3.0934 3.11605 3.13879 3.16125 3.18415 3.20678 3.22955 3.25237 3.27513 3.29784 3.3206 3.34323 3.36616 3.38905 3.41174 3.43448 3.45734 3.48019 3.50294 3.52582 3.54857 3.57144 3.59426 3.61702 3.63992 3.66278 3.68555 3.7084 3.7313 3.75405 3.77692 3.79967 3.82253 3.8454 3.86815 3.89089 3.91378 3.93666 3.9594 3.98233 4.00511 4.028 4.05093 4.07375 4.09662 4.11966 4.14257 4.16565 4.18858 4.21182 4.23474 4.25752 4.28091 4.30372 4.32645 
1.5 1.5 1.5 1.5 1.5 1.5 1.5 1.5 1.5 1.5 1.5 0.945 0.99 1.035 1.08 1.125 1.17 1.215 1.26 1.305 1.35 1.395 1.44 1.485 1.53 3.06835 3.09086 3.11347 3.13615 3.15873 3.1814 3.20397 3.22668 3.24938 3.27213 3.29484 3.31745 3.34 3.36285 3.38563 3.40827 3.43092 3.45368 3.47642 3.49907 3.52185 3.54452 3.56729 3.59001 3.61264 3.63543 3.65819 3.68084 3.70357 3.72634 3.74897 3.77172 3.79432 3.81708 3.8398 3.86242 3.88503 3.90779 3.93054 3.95315 3.97593 3.99858 4.02134 4.04414 4.0668 4.08955 4.11246 4.13525 4.15819 4.18104 4.20408 4.22692 4.24949 4.27277 4.2955 4.31821 
1.5 1.5 1.5 1.5 1.5 1.5 1.5 1.5 1.5 1.5 1.5 0.945 0.99 1.035 1.08 1.125 1.17 1.215 1.26 1.305 1.35 1.395 1.44 1.485 1.53 3.06619 3.08861 3.1112 3.13383 3.15634 3.17895 3.20146 3.22411 3.24676 3.26948 3.29206 3.3146 3.33709 3.35978 3.38252 3.40505 3.42758 3.45024 3.47289 3.49543 3.51811 3.54067 3.56333 3.58592 3.60841 3.63109 3.65373 3.67626 3.69886 3.7215 3.74402 3.76665 3.78914 3.81177 3.83437 3.85687 3.87937 3.90201 3.92464 3.94715 3.96982 3.99238 4.01504 4.03775 4.06032 4.08301 4.10583 4.12855 4.15139 4.17421 4.19712 4.21993 4.24244 4.26557 4.28828 4.31111 
1.5 1.5 1.5 1.5 1.5 1.5 1.5 1.5 1.5 1.5 1.5 0.945 0.99 1.035 1.08 1.125 1.17 1.215 1.26 1.305 1.35 1.395 1.44 1.485 1.53 3.06466 3.08698 3.10953 3.13213 3.1546 3.17717 3.19964 3.22226 3.24483 3.26736 3.28989 3.31254 3.33507 3.35759 3.38025 3.40263 3.42513 3.4477 3.47028 3.49268 3.51529 3.53771 3.56027 3.58282 3.60519 3.6278 3.65032 3.67274 3.69526 3.71778 3.7402 3.76273 3.78512 3.80765 3.83017 3.85259 3.87502 3.89759 3.92011 3.94259 3.96518 3.98766 4.01027 4.03292 4.05543 4.07809 4.10084 4.12348 4.14628 4.16915 4.19181 4.21472 4.23725 4.2602 4.28308 4.30587 
1.5 1.5 1.5 1.5 1.5 1.5 1.5 1.5 1.5 1.5 1.5 0.945 0.99 1.035 1.08 1.125 1.17 1.215 1.26 1.305 1.35 1.395 1.44 1.485 1.53 3.06361 3.08587 3.10837 3.13091 3.15336 3.17584 3.1983 3.2208 3.24336 3.26599 3.28822 3.31077 3.33325 3.35573 3.37827 3.40059 3.4229 3.44538 3.46787 3.49018 3.51269 3.53498 3.55746 3.57985 3.60213 3.62463 3.6471 3.66939 3.69184 3.71421 3.73656 3.759 3.78133 3.80378 3.82623 3.84858 3.87097 3.89347 3.91597 3.93843 3.96096 3.98341 4.00601 4.02864 4.05117 4.07385 4.09658 4.11925 4.14208 4.16487 4.18755 4.2102 4.23325 4.25599 4.27901 4.30172 
1.5 1.5 1.5 1.5 1.5 1.5 1.5 1.5 1.5 1.5 1.5 0.945 0.99 1.035 1.08 1.125 1.17 1.215 1.26 1.305 1.35 1.395 1.44 1.485 1.53 3.06257 3.08496 3.10736 3.12986 3.15222 3.17471 3.19708 3.21956 3.24203 3.26462 3.2868 3.30926 3.33164 3.35409 3.37651 3.39866 3.42096 3.44333 3.46566 3.4878 3.5102 3.53241 3.55468 3.57699 3.59908 3.62149 3.6438 3.666 3.68831 3.71063 3.73283 3.75515 3.77738 3.79978 3.82215 3.84447 3.86681 3.88927 3.91176 3.93421 3.95673 3.97921 4.00185 4.02449 4.04707 4.06986 4.09262 4.11532 4.138 4.16108 4.18352 4.20662 4.22952 4.25226 4.27592 4.29869 
1.5 1.5 1.5 1.5 1.5 1.5 1.5 1.5 1.5 1.5 1.5 0.945 0.99 1.035 1.08 1.125 1.17 1.215 1.26 1.305 1.35 1.395 1.44 1.485 1.53 3.06078 3.08297 3.10558 3.12786 3.15019 3.17259 3.1949 3.21732 3.23973 3.26222 3.28451 3.30666 3.32907 3.35131 3.37375 3.39577 3.41796 3.44022 3.4625 3.48452 3.50689 3.52908 3.55129 3.57366 3.59564 3.61804 3.64028 3.66246 3.68476 3.70707 3.72928 3.75159 3.77388 3.79621 3.81864 3.84092 3.86326 3.8857 3.9082 3.93061 3.95313 3.97557 3.99822 4.02079 4.04336 4.06612 4.08883 4.11148 4.13435 4.1571 4.17978 4.20255 4.22605 4.24829 4.27099 4.29465 
