5
s 30 2 31
r 20 0.01 6 5.94394 0.01
r 22 0.01 6 5.29039 0.01
r 24 0.01 6 4.78205 0.01
r 26 0.01 6 4.28687 0.01
r 28 0.01 6 4.03573 0.01
r 30 0.01 6 3.84035 0.01
r 32 0.01 6 4.03668 0.01
r 34 0.01 6 4.28791 0.01
r 36 0.01 6 4.74823 0.01
r 38 0.01 6 5.28952 0.01
r 40 0.01 6 5.92927 0.01
r 42 0.01 6 6.60342 0.01
r 44 0.01 6 7.21501 0.01
r 46 0.01 6 7.85996 0.01
r 48 0.01 6 8.52712 0.01
r 50 0.01 6 9.18602 0.01
r 52 0.01 6 9.86186 0.01
r 54 0.01 6 10.5412 0.01
r 56 0.01 6 11.1878 0.01
r 58 0.01 6 11.8305 0.01
r 60 0.01 6 12.495 0.01
r 62 0.01 6 13.1459 0.01
r 64 0.01 6 13.8077 0.01
r 66 0.01 6 14.4537 0.01
r 68 0.01 6 15.0471 0.01
r 70 0.01 6 15.6449 0.01
r 72 0.01 6 16.2327 0.01
r 74 0.01 6 16.8102 0.01
r 76 0.01 6 17.378 0.01
r 78 0.01 6 17.9353 0.01
r 80 0.01 6 18.4845 0.01
s 40 2 31
r 20 0.01 6 9.18602 0.01
r 22 0.01 6 8.52712 0.01
r 24 0.01 6 7.85996 0.01
r 26 0.01 6 7.21501 0.01
r 28 0.01 6 6.60342 0.01
r 30 0.01 6 5.94394 0.01
r 32 0.01 6 5.28864 0.01
r 34 0.01 6 4.74904 0.01
r 36 0.01 6 4.28691 0.01
r 38 0.01 6 4.03797 0.01
r 40 0.01 6 3.83962 0.01
r 42 0.01 6 4.03375 0.01
r 44 0.01 6 4.28768 0.01
r 46 0.01 6 4.7493 0.01
r 48 0.01 6 5.28891 0.01
r 50 0.01 6 5.92927 0.01
r 52 0.01 6 6.60342 0.01
r 54 0.01 6 7.21501 0.01
r 56 0.01 6 7.85996 0.01
r 58 0.01 6 8.52712 0.01
r 60 0.01 6 9.18602 0.01
r 62 0.01 6 9.86186 0.01
r 64 0.01 6 10.5412 0.01
r 66 0.01 6 11.1878 0.01
r 68 0.01 6 11.8305 0.01
r 70 0.01 6 12.495 0.01
r 72 0.01 6 13.1459 0.01
r 74 0.01 6 13.8077 0.01
r 76 0.01 6 14.4537 0.01
r 78 0.01 6 15.0471 0.01
r 80 0.01 6 15.6449 0.01
s 50 2 31
r 20 0.01 6 12.495 0.01
r 22 0.01 6 11.8305 0.01
r 24 0.01 6 11.1878 0.01
r 26 0.01 6 10.546 0.01
r 28 0.01 6 9.86186 0.01
r 30 0.01 6 9.18602 0.01
r 32 0.01 6 8.52712 0.01
r 34 0.01 6 7.85996 0.01
r 36 0.01 6 7.21501 0.01
r 38 0.01 6 6.60342 0.01
r 40 0.01 6 5.94394 0.01
r 42 0.01 6 5.28993 0.01
r 44 0.01 6 4.76286 0.01
r 46 0.01 6 4.28672 0.01
r 48 0.01 6 4.03676 0.01
r 50 0.01 6 3.8405 0.01
r 52 0.01 6 4.03394 0.01
r 54 0.01 6 4.28738 0.01
r 56 0.01 6 4.76282 0.01
r 58 0.01 6 5.29005 0.01
r 60 0.01 6 5.92927 0.01
r 62 0.01 6 6.60342 0.01
r 64 0.01 6 7.21501 0.01
r 66 0.01 6 7.85992 0.01
r 68 0.01 6 8.52712 0.01
r 70 0.01 6 9.18602 0.01
r 72 0.01 6 9.86186 0.01
r 74 0.01 6 10.546 0.01
r 76 0.01 6 11.1878 0.01
r 78 0.01 6 11.8305 0.01
r 80 0.01 6 12.495 0.01
s 60 2 31
r 20 0.01 6 15.6449 0.01
r 22 0.01 6 15.0471 0.01
r 24 0.01 6 14.4537 0.01
r 26 0.01 6 13.8077 0.01
r 28 0.01 6 13.1459 0.01
r 30 0.01 6 12.495 0.01
r 32 0.01 6 11.8305 0.01
r 34 0.01 6 11.1878 0.01
r 36 0.01 6 10.5412 0.01
r 38 0.01 6 9.86186 0.01
r 40 0.01 6 9.18602 0.01
r 42 0.01 6 8.52712 0.01
r 44 0.01 6 7.85996 0.01
r 46 0.01 6 7.21501 0.01
r 48 0.01 6 6.60342 0.01
r 50 0.01 6 5.94394 0.01
r 52 0.01 6 5.29061 0.01
r 54 0.01 6 4.75024 0.01
r 56 0.01 6 4.28652 0.01
r 58 0.01 6 4.03528 0.01
r 60 0.01 6 3.84018 0.01
r 62 0.01 6 4.03734 0.01
r 64 0.01 6 4.2875 0.01
r 66 0.01 6 4.74826 0.01
r 68 0.01 6 5.2898 0.01
r 70 0.01 6 5.92927 0.01
r 72 0.01 6 6.60342 0.01
r 74 0.01 6 7.21501 0.01
r 76 0.01 6 7.85996 0.01
r 78 0.01 6 8.52712 0.01
r 80 0.01 6 9.18602 0.01
s 70 2 31
r 20 0.01 6 18.4845 0.01
r 22 0.01 6 17.9353 0.01
r 24 0.01 6 17.378 0.01
r 26 0.01 6 16.8102 0.01
r 28 0.01 6 16.2327 0.01
r 30 0.01 6 15.6449 0.01
r 32 0.01 6 15.0471 0.01
r 34 0.01 6 14.4537 0.01
r 36 0.01 6 13.8077 0.01
r 38 0.01 6 13.1459 0.01
r 40 0.01 6 12.495 0.01
r 42 0.01 6 11.8305 0.01
r 44 0.01 6 11.1878 0.01
r 46 0.01 6 10.5412 0.01
r 48 0.01 6 9.86186 0.01
r 50 0.01 6 9.18602 0.01
r 52 0.01 6 8.52712 0.01
r 54 0.01 6 7.85996 0.01
r 56 0.01 6 7.21501 0.01
r 58 0.01 6 6.60342 0.01
r 60 0.01 6 5.94394 0.01
r 62 0.01 6 5.28983 0.01
r 64 0.01 6 4.7503 0.01
r 66 0.01 6 4.28727 0.01
r 68 0.01 6 4.0381 0.01
r 70 0.01 6 3.84003 0.01
r 72 0.01 6 4.03821 0.01
r 74 0.01 6 4.28704 0.01
r 76 0.01 6 4.76281 0.01
r 78 0.01 6 5.28971 0.01
r 80 0.01 6 5.92927 0.01
