5
s 30 2 31
r 20 0.01 6 5.8798 0.01
r 22 0.01 6 5.29259 0.01
r 24 0.01 6 4.74591 0.01
r 26 0.01 6 4.28757 0.01
r 28 0.01 6 3.96513 0.01
r 30 0.01 6 3.83928 0.01
r 32 0.01 6 4.03453 0.01
r 34 0.01 6 4.28851 0.01
r 36 0.01 6 4.77653 0.01
r 38 0.01 6 5.29268 0.01
r 40 0.01 6 5.85933 0.01
r 42 0.01 6 6.44186 0.01
r 44 0.01 6 7.01875 0.01
r 46 0.01 6 7.60819 0.01
r 48 0.01 6 8.18787 0.01
r 50 0.01 6 8.7697 0.01
r 52 0.01 6 9.34705 0.01
r 54 0.01 6 9.92218 0.01
r 56 0.01 6 10.487 0.01
r 58 0.01 6 11.0437 0.01
r 60 0.01 6 11.5949 0.01
r 62 0.01 6 12.1403 0.01
r 64 0.01 6 12.6732 0.01
r 66 0.01 6 13.1934 0.01
r 68 0.01 6 13.6765 0.01
r 70 0.01 6 14.171 0.01
r 72 0.01 6 14.6615 0.01
r 74 0.01 6 15.1556 0.01
r 76 0.01 6 15.6545 0.01
r 78 0.01 6 16.1617 0.01
r 80 0.01 6 16.7104 0.01
s 40 2 31
r 20 0.01 6 8.76805 0.01
r 22 0.01 6 8.19049 0.01
r 24 0.01 6 7.60943 0.01
r 26 0.01 6 7.0269 0.01
r 28 0.01 6 6.44385 0.01
r 30 0.01 6 5.85874 0.01
r 32 0.01 6 5.29257 0.01
r 34 0.01 6 4.75792 0.01
r 36 0.01 6 4.28502 0.01
r 38 0.01 6 4.02167 0.01
r 40 0.01 6 3.83953 0.01
r 42 0.01 6 4.03296 0.01
r 44 0.01 6 4.28566 0.01
r 46 0.01 6 4.75472 0.01
r 48 0.01 6 5.29308 0.01
r 50 0.01 6 5.86592 0.01
r 52 0.01 6 6.44629 0.01
r 54 0.01 6 7.02574 0.01
r 56 0.01 6 7.60502 0.01
r 58 0.01 6 8.17848 0.01
r 60 0.01 6 8.7586 0.01
r 62 0.01 6 9.33992 0.01
r 64 0.01 6 9.92092 0.01
r 66 0.01 6 10.5031 0.01
r 68 0.01 6 11.05 0.01
r 70 0.01 6 11.594 0.01
r 72 0.01 6 12.1286 0.01
r 74 0.01 6 12.6581 0.01
r 76 0.01 6 13.1809 0.01
r 78 0.01 6 13.704 0.01
r 80 0.01 6 14.2373 0.01
s 50 2 31
r 20 0.01 6 11.5784 0.01
r 22 0.01 6 11.028 0.01
r 24 0.01 6 10.4763 0.01
r 26 0.01 6 9.91719 0.01
r 28 0.01 6 9.34562 0.01
r 30 0.01 6 8.76425 0.01
r 32 0.01 6 8.1913 0.01
r 34 0.01 6 7.61121 0.01
r 36 0.01 6 7.02862 0.01
r 38 0.01 6 6.44902 0.01
r 40 0.01 6 5.86328 0.01
r 42 0.01 6 5.29294 0.01
r 44 0.01 6 4.7574 0.01
r 46 0.01 6 4.29212 0.01
r 48 0.01 6 4.03447 0.01
r 50 0.01 6 3.84018 0.01
r 52 0.01 6 4.03462 0.01
r 54 0.01 6 4.2856 0.01
r 56 0.01 6 4.75741 0.01
r 58 0.01 6 5.29284 0.01
r 60 0.01 6 5.8633 0.01
r 62 0.01 6 6.44938 0.01
r 64 0.01 6 7.0296 0.01
r 66 0.01 6 7.61258 0.01
r 68 0.01 6 8.19288 0.01
r 70 0.01 6 8.77121 0.01
r 72 0.01 6 9.3463 0.01
r 74 0.01 6 9.91328 0.01
r 76 0.01 6 10.474 0.01
r 78 0.01 6 11.0278 0.01
r 80 0.01 6 11.5848 0.01
s 60 2 31
r 20 0.01 6 14.2282 0.01
r 22 0.01 6 13.7051 0.01
r 24 0.01 6 13.1842 0.01
r 26 0.01 6 12.6641 0.01
r 28 0.01 6 12.1349 0.01
r 30 0.01 6 11.5966 0.01
r 32 0.01 6 11.0522 0.01
r 34 0.01 6 10.5017 0.01
r 36 0.01 6 9.91968 0.01
r 38 0.01 6 9.3398 0.01
r 40 0.01 6 8.75861 0.01
r 42 0.01 6 8.17877 0.01
r 44 0.01 6 7.60523 0.01
r 46 0.01 6 7.02055 0.01
r 48 0.01 6 6.44639 0.01
r 50 0.01 6 5.8662 0.01
r 52 0.01 6 5.29453 0.01
r 54 0.01 6 4.75564 0.01
r 56 0.01 6 4.278 0.01
r 58 0.01 6 4.03465 0.01
r 60 0.01 6 3.84002 0.01
r 62 0.01 6 4.03453 0.01
r 64 0.01 6 4.28413 0.01
r 66 0.01 6 4.75633 0.01
r 68 0.01 6 5.29264 0.01
r 70 0.01 6 5.85823 0.01
r 72 0.01 6 6.44328 0.01
r 74 0.01 6 7.02619 0.01
r 76 0.01 6 7.60924 0.01
r 78 0.01 6 8.19226 0.01
r 80 0.01 6 8.77421 0.01
s 70 2 31
r 20 0.01 6 16.6622 0.01
r 22 0.01 6 16.1505 0.01
r 24 0.01 6 15.6483 0.01
r 26 0.01 6 15.1542 0.01
r 28 0.01 6 14.6893 0.01
r 30 0.01 6 14.1912 0.01
r 32 0.01 6 13.6762 0.01
r 34 0.01 6 13.1914 0.01
r 36 0.01 6 12.6704 0.01
r 38 0.01 6 12.1362 0.01
r 40 0.01 6 11.5922 0.01
r 42 0.01 6 11.0401 0.01
r 44 0.01 6 10.4841 0.01
r 46 0.01 6 9.92068 0.01
r 48 0.01 6 9.34785 0.01
r 50 0.01 6 8.77053 0.01
r 52 0.01 6 8.18332 0.01
r 54 0.01 6 7.6028 0.01
r 56 0.01 6 7.01848 0.01
r 58 0.01 6 6.44147 0.01
r 60 0.01 6 5.87848 0.01
r 62 0.01 6 5.29239 0.01
r 64 0.01 6 4.80048 0.01
r 66 0.01 6 4.28615 0.01
r 68 0.01 6 4.0227 0.01
r 70 0.01 6 3.83984 0.01
r 72 0.01 6 3.9638 0.01
r 74 0.01 6 4.27312 0.01
r 76 0.01 6 4.74441 0.01
r 78 0.01 6 5.2928 0.01
r 80 0.01 6 5.89322 0.01
