5
s 30 2 31
r 20 0.01 7 4.34057 0.01
r 22 0.01 7 4.06237 0.01
r 24 0.01 7 3.8009 0.01
r 26 0.01 7 3.60742 0.01
r 28 0.01 7 3.44932 0.01
r 30 0.01 7 3.17221 0.01
r 32 0.01 7 3.38627 0.01
r 34 0.01 7 3.65412 0.01
r 36 0.01 7 3.92882 0.01
r 38 0.01 7 4.26001 0.01
r 40 0.01 7 4.5944 0.01
r 42 0.01 7 4.92579 0.01
r 44 0.01 7 5.16664 0.01
r 46 0.01 7 5.37795 0.01
r 48 0.01 7 5.68397 0.01
r 50 0.01 7 6.00751 0.01
r 52 0.01 7 6.32765 0.01
r 54 0.01 7 6.60302 0.01
r 56 0.01 7 6.86551 0.01
r 58 0.01 7 7.0833 0.01
r 60 0.01 7 7.33425 0.01
r 62 0.01 7 7.63884 0.01
r 64 0.01 7 7.95328 0.01
r 66 0.01 7 8.246 0.01
r 68 0.01 7 8.44901 0.01
r 70 0.01 7 8.68846 0.01
r 72 0.01 7 8.9565 0.01
r 74 0.01 7 9.21557 0.01
r 76 0.01 7 9.48165 0.01
r 78 0.01 7 9.77288 0.01
r 80 0.01 7 9.97159 0.01
s 40 2 31
r 20 0.01 7 5.80169 0.01
r 22 0.01 7 5.53827 0.01
r 24 0.01 7 5.28221 0.01
r 26 0.01 7 5.08961 0.01
r 28 0.01 7 4.92765 0.01
r 30 0.01 7 4.65112 0.01
r 32 0.01 7 4.31583 0.01
r 34 0.01 7 4.04268 0.01
r 36 0.01 7 3.779 0.01
r 38 0.01 7 3.56771 0.01
r 40 0.01 7 3.35657 0.01
r 42 0.01 7 3.58337 0.01
r 44 0.01 7 3.91661 0.01
r 46 0.01 7 4.12982 0.01
r 48 0.01 7 4.45089 0.01
r 50 0.01 7 4.78029 0.01
r 52 0.01 7 5.11262 0.01
r 54 0.01 7 5.39481 0.01
r 56 0.01 7 5.66889 0.01
r 58 0.01 7 5.89293 0.01
r 60 0.01 7 6.15461 0.01
r 62 0.01 7 6.48964 0.01
r 64 0.01 7 6.81781 0.01
r 66 0.01 7 7.10702 0.01
r 68 0.01 7 7.32298 0.01
r 70 0.01 7 7.57957 0.01
r 72 0.01 7 7.84502 0.01
r 74 0.01 7 8.12985 0.01
r 76 0.01 7 8.40962 0.01
r 78 0.01 7 8.71383 0.01
r 80 0.01 7 8.9313 0.01
s 50 2 31
r 20 0.01 7 7.22188 0.01
r 22 0.01 7 6.96822 0.01
r 24 0.01 7 6.73481 0.01
r 26 0.01 7 6.53583 0.01
r 28 0.01 7 6.37922 0.01
r 30 0.01 7 6.10512 0.01
r 32 0.01 7 5.78699 0.01
r 34 0.01 7 5.522 0.01
r 36 0.01 7 5.26244 0.01
r 38 0.01 7 5.05459 0.01
r 40 0.01 7 4.84012 0.01
r 42 0.01 7 4.60097 0.01
r 44 0.01 7 4.27179 0.01
r 46 0.01 7 3.95299 0.01
r 48 0.01 7 3.73851 0.01
r 50 0.01 7 3.52093 0.01
r 52 0.01 7 3.73666 0.01
r 54 0.01 7 4.13776 0.01
r 56 0.01 7 4.41392 0.01
r 58 0.01 7 4.63945 0.01
r 60 0.01 7 4.9063 0.01
r 62 0.01 7 5.21763 0.01
r 64 0.01 7 5.57756 0.01
r 66 0.01 7 5.8954 0.01
r 68 0.01 7 6.11766 0.01
r 70 0.01 7 6.38456 0.01
r 72 0.01 7 6.66519 0.01
r 74 0.01 7 6.95987 0.01
r 76 0.01 7 7.24573 0.01
r 78 0.01 7 7.56705 0.01
r 80 0.01 7 7.80426 0.01
s 60 2 31
r 20 0.01 7 8.48604 0.01
r 22 0.01 7 8.24867 0.01
r 24 0.01 7 8.01078 0.01
r 26 0.01 7 7.83324 0.01
r 28 0.01 7 7.68392 0.01
r 30 0.01 7 7.4308 0.01
r 32 0.01 7 7.12048 0.01
r 34 0.01 7 6.86514 0.01
r 36 0.01 7 6.61614 0.01
r 38 0.01 7 6.41328 0.01
r 40 0.01 7 6.20467 0.01
r 42 0.01 7 5.9727 0.01
r 44 0.01 7 5.65082 0.01
r 46 0.01 7 5.33965 0.01
r 48 0.01 7 5.12656 0.01
r 50 0.01 7 4.91173 0.01
r 52 0.01 7 4.68448 0.01
r 54 0.01 7 4.40891 0.01
r 56 0.01 7 4.12036 0.01
r 58 0.01 7 3.70415 0.01
r 60 0.01 7 3.52794 0.01
r 62 0.01 7 3.75557 0.01
r 64 0.01 7 4.2454 0.01
r 66 0.01 7 4.55185 0.01
r 68 0.01 7 4.77592 0.01
r 70 0.01 7 5.0399 0.01
r 72 0.01 7 5.33049 0.01
r 74 0.01 7 5.64313 0.01
r 76 0.01 7 5.92578 0.01
r 78 0.01 7 6.26532 0.01
r 80 0.01 7 6.51565 0.01
s 70 2 31
r 20 0.01 7 9.85083 0.01
r 22 0.01 7 9.63053 0.01
r 24 0.01 7 9.40717 0.01
r 26 0.01 7 9.24904 0.01
r 28 0.01 7 9.10939 0.01
r 30 0.01 7 8.88212 0.01
r 32 0.01 7 8.58173 0.01
r 34 0.01 7 8.34204 0.01
r 36 0.01 7 8.10162 0.01
r 38 0.01 7 7.90939 0.01
r 40 0.01 7 7.70872 0.01
r 42 0.01 7 7.49478 0.01
r 44 0.01 7 7.19881 0.01
r 46 0.01 7 6.88848 0.01
r 48 0.01 7 6.68104 0.01
r 50 0.01 7 6.47224 0.01
r 52 0.01 7 6.24486 0.01
r 54 0.01 7 5.97693 0.01
r 56 0.01 7 5.6991 0.01
r 58 0.01 7 5.3831 0.01
r 60 0.01 7 5.13757 0.01
r 62 0.01 7 4.98292 0.01
r 64 0.01 7 4.74218 0.01
r 66 0.01 7 4.41429 0.01
r 68 0.01 7 3.99533 0.01
r 70 0.01 7 3.84741 0.01
r 72 0.01 7 4.02757 0.01
r 74 0.01 7 4.44975 0.01
r 76 0.01 7 4.7432 0.01
r 78 0.01 7 5.10491 0.01
r 80 0.01 7 5.36851 0.01
