5
s 30 2 31
r 20 0.01 7 4.02219 0.01
r 22 0.01 7 3.74021 0.01
r 24 0.01 7 3.47084 0.01
r 26 0.01 7 3.26905 0.01
r 28 0.01 7 3.10682 0.01
r 30 0.01 7 2.82135 0.01
r 32 0.01 7 3.04414 0.01
r 34 0.01 7 3.33136 0.01
r 36 0.01 7 3.62113 0.01
r 38 0.01 7 3.965 0.01
r 40 0.01 7 4.31715 0.01
r 42 0.01 7 4.64365 0.01
r 44 0.01 7 4.89363 0.01
r 46 0.01 7 5.1051 0.01
r 48 0.01 7 5.41563 0.01
r 50 0.01 7 5.74024 0.01
r 52 0.01 7 6.0597 0.01
r 54 0.01 7 6.32688 0.01
r 56 0.01 7 6.58783 0.01
r 58 0.01 7 6.79774 0.01
r 60 0.01 7 7.04905 0.01
r 62 0.01 7 7.35782 0.01
r 64 0.01 7 7.67699 0.01
r 66 0.01 7 7.96489 0.01
r 68 0.01 7 8.1663 0.01
r 70 0.01 7 8.40479 0.01
r 72 0.01 7 8.68678 0.01
r 74 0.01 7 8.93124 0.01
r 76 0.01 7 9.21002 0.01
r 78 0.01 7 9.51005 0.01
r 80 0.01 7 9.69746 0.01
s 40 2 31
r 20 0.01 7 5.5155 0.01
r 22 0.01 7 5.24461 0.01
r 24 0.01 7 4.98646 0.01
r 26 0.01 7 4.78937 0.01
r 28 0.01 7 4.62509 0.01
r 30 0.01 7 4.33894 0.01
r 32 0.01 7 4.00988 0.01
r 34 0.01 7 3.71854 0.01
r 36 0.01 7 3.43804 0.01
r 38 0.01 7 3.21309 0.01
r 40 0.01 7 2.99458 0.01
r 42 0.01 7 3.21015 0.01
r 44 0.01 7 3.57617 0.01
r 46 0.01 7 3.79861 0.01
r 48 0.01 7 4.12819 0.01
r 50 0.01 7 4.46729 0.01
r 52 0.01 7 4.80473 0.01
r 54 0.01 7 5.09254 0.01
r 56 0.01 7 5.36418 0.01
r 58 0.01 7 5.58653 0.01
r 60 0.01 7 5.84995 0.01
r 62 0.01 7 6.20079 0.01
r 64 0.01 7 6.53097 0.01
r 66 0.01 7 6.80509 0.01
r 68 0.01 7 7.01443 0.01
r 70 0.01 7 7.26383 0.01
r 72 0.01 7 7.56957 0.01
r 74 0.01 7 7.81898 0.01
r 76 0.01 7 8.08025 0.01
r 78 0.01 7 8.40305 0.01
r 80 0.01 7 8.61849 0.01
s 50 2 31
r 20 0.01 7 6.90227 0.01
r 22 0.01 7 6.64618 0.01
r 24 0.01 7 6.39681 0.01
r 26 0.01 7 6.21061 0.01
r 28 0.01 7 6.05838 0.01
r 30 0.01 7 5.79767 0.01
r 32 0.01 7 5.46678 0.01
r 34 0.01 7 5.20512 0.01
r 36 0.01 7 4.93407 0.01
r 38 0.01 7 4.71953 0.01
r 40 0.01 7 4.50077 0.01
r 42 0.01 7 4.26782 0.01
r 44 0.01 7 3.92016 0.01
r 46 0.01 7 3.59127 0.01
r 48 0.01 7 3.36228 0.01
r 50 0.01 7 3.13859 0.01
r 52 0.01 7 3.34635 0.01
r 54 0.01 7 3.77835 0.01
r 56 0.01 7 4.06607 0.01
r 58 0.01 7 4.29653 0.01
r 60 0.01 7 4.56805 0.01
r 62 0.01 7 4.90388 0.01
r 64 0.01 7 5.28187 0.01
r 66 0.01 7 5.57992 0.01
r 68 0.01 7 5.79786 0.01
r 70 0.01 7 6.0577 0.01
r 72 0.01 7 6.35144 0.01
r 74 0.01 7 6.64112 0.01
r 76 0.01 7 6.90963 0.01
r 78 0.01 7 7.26637 0.01
r 80 0.01 7 7.47436 0.01
s 60 2 31
r 20 0.01 7 8.15788 0.01
r 22 0.01 7 7.91176 0.01
r 24 0.01 7 7.67135 0.01
r 26 0.01 7 7.49468 0.01
r 28 0.01 7 7.3484 0.01
r 30 0.01 7 7.09798 0.01
r 32 0.01 7 6.78686 0.01
r 34 0.01 7 6.5345 0.01
r 36 0.01 7 6.2899 0.01
r 38 0.01 7 6.08752 0.01
r 40 0.01 7 5.87517 0.01
r 42 0.01 7 5.64932 0.01
r 44 0.01 7 5.32336 0.01
r 46 0.01 7 5.00617 0.01
r 48 0.01 7 4.79099 0.01
r 50 0.01 7 4.57166 0.01
r 52 0.01 7 4.34263 0.01
r 54 0.01 7 4.05962 0.01
r 56 0.01 7 3.76744 0.01
r 58 0.01 7 3.31399 0.01
r 60 0.01 7 3.15362 0.01
r 62 0.01 7 3.37812 0.01
r 64 0.01 7 3.90575 0.01
r 66 0.01 7 4.2233 0.01
r 68 0.01 7 4.44638 0.01
r 70 0.01 7 4.71595 0.01
r 72 0.01 7 5.03807 0.01
r 74 0.01 7 5.31881 0.01
r 76 0.01 7 5.6209 0.01
r 78 0.01 7 6.04308 0.01
r 80 0.01 7 6.1994 0.01
s 70 2 31
r 20 0.01 7 9.49818 0.01
r 22 0.01 7 9.26212 0.01
r 24 0.01 7 9.03375 0.01
r 26 0.01 7 8.86756 0.01
r 28 0.01 7 8.73848 0.01
r 30 0.01 7 8.50355 0.01
r 32 0.01 7 8.19836 0.01
r 34 0.01 7 7.95789 0.01
r 36 0.01 7 7.72071 0.01
r 38 0.01 7 7.53541 0.01
r 40 0.01 7 7.33317 0.01
r 42 0.01 7 7.13082 0.01
r 44 0.01 7 6.82426 0.01
r 46 0.01 7 6.52434 0.01
r 48 0.01 7 6.31289 0.01
r 50 0.01 7 6.10855 0.01
r 52 0.01 7 5.89079 0.01
r 54 0.01 7 5.62612 0.01
r 56 0.01 7 5.35168 0.01
r 58 0.01 7 5.02882 0.01
r 60 0.01 7 4.77146 0.01
r 62 0.01 7 4.62278 0.01
r 64 0.01 7 4.40021 0.01
r 66 0.01 7 4.0617 0.01
r 68 0.01 7 3.603 0.01
r 70 0.01 7 3.46357 0.01
r 72 0.01 7 3.63934 0.01
r 74 0.01 7 4.08368 0.01
r 76 0.01 7 4.39095 0.01
r 78 0.01 7 4.77428 0.01
r 80 0.01 7 5.00828 0.01
