5
s    38.000     2.000   98
r     8.000     0.010    0     0.000     0.050
r    10.000     0.010    0     0.000     0.050
r    12.000     0.010    0     0.000     0.050
r    14.000     0.010    0     0.000     0.050
r    16.000     0.010    0     0.000     0.050
r    18.000     0.010    0     0.000     0.050
r    20.000     0.010    0     0.000     0.050
r    22.000     0.010    0     0.000     0.050
r    24.000     0.010    0     0.000     0.050
r    26.000     0.010    0     0.000     0.050
r    28.000     0.010    0     0.000     0.050
r    48.000     0.010    0     0.000     0.050
r    50.000     0.010    0     0.000     0.050
r    52.000     0.010    0     0.000     0.050
r    54.000     0.010    0     0.000     0.050
r    56.000     0.010    0     0.000     0.050
r    58.000     0.010    0     0.000     0.050
r    60.000     0.010    0     0.000     0.050
r    62.000     0.010    0     0.000     0.050
r    64.000     0.010    0     0.000     0.050
r    66.000     0.010    0     0.000     0.050
r    68.000     0.010    0     0.000     0.050
r     8.000     0.010    1     0.000     0.050
r    10.000     0.010    1     0.000     0.050
r    12.000     0.010    1     0.000     0.050
r    14.000     0.010    1     0.000     0.050
r    16.000     0.010    1     0.000     0.050
r    18.000     0.010    1     0.000     0.050
r    20.000     0.010    1     0.000     0.050
r    22.000     0.010    1     0.000     0.050
r    24.000     0.010    1     0.000     0.050
r    26.000     0.010    1     0.000     0.050
r    28.000     0.010    1     0.000     0.050
r    48.000     0.010    1     0.000     0.050
r    50.000     0.010    1     0.000     0.050
r    52.000     0.010    1     0.000     0.050
r    54.000     0.010    1     0.000     0.050
r    56.000     0.010    1     0.000     0.050
r    58.000     0.010    1     0.000     0.050
r    60.000     0.010    1     0.000     0.050
r    62.000     0.010    1     0.000     0.050
r    64.000     0.010    1     0.000     0.050
r    66.000     0.010    1     0.000     0.050
r    68.000     0.010    1     0.000     0.050
r     8.000     0.010    4     0.000     0.050
r    10.000     0.010    4     0.000     0.050
r    12.000     0.010    4     0.000     0.050
r    14.000     0.010    4     0.000     0.050
r    16.000     0.010    4     0.000     0.050
r    18.000     0.010    4     0.000     0.050
r    20.000     0.010    4     0.000     0.050
r    22.000     0.010    4     0.000     0.050
r    24.000     0.010    4     0.000     0.050
r    26.000     0.010    4     0.000     0.050
r    28.000     0.010    4     0.000     0.050
r    48.000     0.010    4     0.000     0.050
r    50.000     0.010    4     0.000     0.050
r    52.000     0.010    4     0.000     0.050
r    54.000     0.010    4     0.000     0.050
r    56.000     0.010    4     0.000     0.050
r    58.000     0.010    4     0.000     0.050
r    60.000     0.010    4     0.000     0.050
r    62.000     0.010    4     0.000     0.050
r    64.000     0.010    4     0.000     0.050
r    66.000     0.010    4     0.000     0.050
r    68.000     0.010    4     0.000     0.050
r    70.000     0.010    4     0.000     0.050
r    72.000     0.010    4     0.000     0.050
r    74.000     0.010    4     0.000     0.050
r    76.000     0.010    4     0.000     0.050
r    78.000     0.010    4     0.000     0.050
r     8.000     0.010    5     0.000     0.050
r    10.000     0.010    5     0.000     0.050
r    12.000     0.010    5     0.000     0.050
r    14.000     0.010    5     0.000     0.050
r    16.000     0.010    5     0.000     0.050
r    18.000     0.010    5     0.000     0.050
r    20.000     0.010    5     0.000     0.050
r    22.000     0.010    5     0.000     0.050
r    24.000     0.010    5     0.000     0.050
r    26.000     0.010    5     0.000     0.050
r    28.000     0.010    5     0.000     0.050
r    48.000     0.010    5     0.000     0.050
r    50.000     0.010    5     0.000     0.050
r    52.000     0.010    5     0.000     0.050
r    54.000     0.010    5     0.000     0.050
r    56.000     0.010    5     0.000     0.050
r    58.000     0.010    5     0.000     0.050
r    60.000     0.010    5     0.000     0.050
r    62.000     0.010    5     0.000     0.050
r    64.000     0.010    5     0.000     0.050
r    66.000     0.010    5     0.000     0.050
r    68.000     0.010    5     0.000     0.050
r    70.000     0.010    5     0.000     0.050
r    72.000     0.010    5     0.000     0.050
r    74.000     0.010    5     0.000     0.050
r    76.000     0.010    5     0.000     0.050
r    78.000     0.010    5     0.000     0.050
s    44.000     2.000  104
r    14.000     0.010    0     0.000     0.050
r    16.000     0.010    0     0.000     0.050
r    18.000     0.010    0     0.000     0.050
r    20.000     0.010    0     0.000     0.050
r    22.000     0.010    0     0.000     0.050
r    24.000     0.010    0     0.000     0.050
r    26.000     0.010    0     0.000     0.050
r    28.000     0.010    0     0.000     0.050
r    30.000     0.010    0     0.000     0.050
r    32.000     0.010    0     0.000     0.050
r    34.000     0.010    0     0.000     0.050
r    54.000     0.010    0     0.000     0.050
r    56.000     0.010    0     0.000     0.050
r    58.000     0.010    0     0.000     0.050
r    60.000     0.010    0     0.000     0.050
r    62.000     0.010    0     0.000     0.050
r    64.000     0.010    0     0.000     0.050
r    66.000     0.010    0     0.000     0.050
r    68.000     0.010    0     0.000     0.050
r    70.000     0.010    0     0.000     0.050
r    72.000     0.010    0     0.000     0.050
r    74.000     0.010    0     0.000     0.050
r    14.000     0.010    1     0.000     0.050
r    16.000     0.010    1     0.000     0.050
r    18.000     0.010    1     0.000     0.050
r    20.000     0.010    1     0.000     0.050
r    22.000     0.010    1     0.000     0.050
r    24.000     0.010    1     0.000     0.050
r    26.000     0.010    1     0.000     0.050
r    28.000     0.010    1     0.000     0.050
r    30.000     0.010    1     0.000     0.050
r    32.000     0.010    1     0.000     0.050
r    34.000     0.010    1     0.000     0.050
r    54.000     0.010    1     0.000     0.050
r    56.000     0.010    1     0.000     0.050
r    58.000     0.010    1     0.000     0.050
r    60.000     0.010    1     0.000     0.050
r    62.000     0.010    1     0.000     0.050
r    64.000     0.010    1     0.000     0.050
r    66.000     0.010    1     0.000     0.050
r    68.000     0.010    1     0.000     0.050
r    70.000     0.010    1     0.000     0.050
r    72.000     0.010    1     0.000     0.050
r    74.000     0.010    1     0.000     0.050
r     8.000     0.010    4     0.000     0.050
r    10.000     0.010    4     0.000     0.050
r    12.000     0.010    4     0.000     0.050
r    14.000     0.010    4     0.000     0.050
r    16.000     0.010    4     0.000     0.050
r    18.000     0.010    4     0.000     0.050
r    20.000     0.010    4     0.000     0.050
r    22.000     0.010    4     0.000     0.050
r    24.000     0.010    4     0.000     0.050
r    26.000     0.010    4     0.000     0.050
r    28.000     0.010    4     0.000     0.050
r    30.000     0.010    4     0.000     0.050
r    32.000     0.010    4     0.000     0.050
r    34.000     0.010    4     0.000     0.050
r    54.000     0.010    4     0.000     0.050
r    56.000     0.010    4     0.000     0.050
r    58.000     0.010    4     0.000     0.050
r    60.000     0.010    4     0.000     0.050
r    62.000     0.010    4     0.000     0.050
r    64.000     0.010    4     0.000     0.050
r    66.000     0.010    4     0.000     0.050
r    68.000     0.010    4     0.000     0.050
r    70.000     0.010    4     0.000     0.050
r    72.000     0.010    4     0.000     0.050
r    74.000     0.010    4     0.000     0.050
r    76.000     0.010    4     0.000     0.050
r    78.000     0.010    4     0.000     0.050
r    80.000     0.010    4     0.000     0.050
r    82.000     0.010    4     0.000     0.050
r    84.000     0.010    4     0.000     0.050
r     8.000     0.010    5     0.000     0.050
r    10.000     0.010    5     0.000     0.050
r    12.000     0.010    5     0.000     0.050
r    14.000     0.010    5     0.000     0.050
r    16.000     0.010    5     0.000     0.050
r    18.000     0.010    5     0.000     0.050
r    20.000     0.010    5     0.000     0.050
r    22.000     0.010    5     0.000     0.050
r    24.000     0.010    5     0.000     0.050
r    26.000     0.010    5     0.000     0.050
r    28.000     0.010    5     0.000     0.050
r    30.000     0.010    5     0.000     0.050
r    32.000     0.010    5     0.000     0.050
r    34.000     0.010    5     0.000     0.050
r    54.000     0.010    5     0.000     0.050
r    56.000     0.010    5     0.000     0.050
r    58.000     0.010    5     0.000     0.050
r    60.000     0.010    5     0.000     0.050
r    62.000     0.010    5     0.000     0.050
r    64.000     0.010    5     0.000     0.050
r    66.000     0.010    5     0.000     0.050
r    68.000     0.010    5     0.000     0.050
r    70.000     0.010    5     0.000     0.050
r    72.000     0.010    5     0.000     0.050
r    74.000     0.010    5     0.000     0.050
r    76.000     0.010    5     0.000     0.050
r    78.000     0.010    5     0.000     0.050
r    80.000     0.010    5     0.000     0.050
r    82.000     0.010    5     0.000     0.050
r    84.000     0.010    5     0.000     0.050
s    50.000     2.000  108
r    20.000     0.010    0     0.000     0.050
r    22.000     0.010    0     0.000     0.050
r    24.000     0.010    0     0.000     0.050
r    26.000     0.010    0     0.000     0.050
r    28.000     0.010    0     0.000     0.050
r    30.000     0.010    0     0.000     0.050
r    32.000     0.010    0     0.000     0.050
r    34.000     0.010    0     0.000     0.050
r    36.000     0.010    0     0.000     0.050
r    38.000     0.010    0     0.000     0.050
r    40.000     0.010    0     0.000     0.050
r    60.000     0.010    0     0.000     0.050
r    62.000     0.010    0     0.000     0.050
r    64.000     0.010    0     0.000     0.050
r    66.000     0.010    0     0.000     0.050
r    68.000     0.010    0     0.000     0.050
r    70.000     0.010    0     0.000     0.050
r    72.000     0.010    0     0.000     0.050
r    74.000     0.010    0     0.000     0.050
r    76.000     0.010    0     0.000     0.050
r    78.000     0.010    0     0.000     0.050
r    80.000     0.010    0     0.000     0.050
r    20.000     0.010    1     0.000     0.050
r    22.000     0.010    1     0.000     0.050
r    24.000     0.010    1     0.000     0.050
r    26.000     0.010    1     0.000     0.050
r    28.000     0.010    1     0.000     0.050
r    30.000     0.010    1     0.000     0.050
r    32.000     0.010    1     0.000     0.050
r    34.000     0.010    1     0.000     0.050
r    36.000     0.010    1     0.000     0.050
r    38.000     0.010    1     0.000     0.050
r    40.000     0.010    1     0.000     0.050
r    60.000     0.010    1     0.000     0.050
r    62.000     0.010    1     0.000     0.050
r    64.000     0.010    1     0.000     0.050
r    66.000     0.010    1     0.000     0.050
r    68.000     0.010    1     0.000     0.050
r    70.000     0.010    1     0.000     0.050
r    72.000     0.010    1     0.000     0.050
r    74.000     0.010    1     0.000     0.050
r    76.000     0.010    1     0.000     0.050
r    78.000     0.010    1     0.000     0.050
r    80.000     0.010    1     0.000     0.050
r    10.000     0.010    4     0.000     0.050
r    12.000     0.010    4     0.000     0.050
r    14.000     0.010    4     0.000     0.050
r    16.000     0.010    4     0.000     0.050
r    18.000     0.010    4     0.000     0.050
r    20.000     0.010    4     0.000     0.050
r    22.000     0.010    4     0.000     0.050
r    24.000     0.010    4     0.000     0.050
r    26.000     0.010    4     0.000     0.050
r    28.000     0.010    4     0.000     0.050
r    30.000     0.010    4     0.000     0.050
r    32.000     0.010    4     0.000     0.050
r    34.000     0.010    4     0.000     0.050
r    36.000     0.010    4     0.000     0.050
r    38.000     0.010    4     0.000     0.050
r    40.000     0.010    4     0.000     0.050
r    60.000     0.010    4     0.000     0.050
r    62.000     0.010    4     0.000     0.050
r    64.000     0.010    4     0.000     0.050
r    66.000     0.010    4     0.000     0.050
r    68.000     0.010    4     0.000     0.050
r    70.000     0.010    4     0.000     0.050
r    72.000     0.010    4     0.000     0.050
r    74.000     0.010    4     0.000     0.050
r    76.000     0.010    4     0.000     0.050
r    78.000     0.010    4     0.000     0.050
r    80.000     0.010    4     0.000     0.050
r    82.000     0.010    4     0.000     0.050
r    84.000     0.010    4     0.000     0.050
r    86.000     0.010    4     0.000     0.050
r    88.000     0.010    4     0.000     0.050
r    90.000     0.010    4     0.000     0.050
r    10.000     0.010    5     0.000     0.050
r    12.000     0.010    5     0.000     0.050
r    14.000     0.010    5     0.000     0.050
r    16.000     0.010    5     0.000     0.050
r    18.000     0.010    5     0.000     0.050
r    20.000     0.010    5     0.000     0.050
r    22.000     0.010    5     0.000     0.050
r    24.000     0.010    5     0.000     0.050
r    26.000     0.010    5     0.000     0.050
r    28.000     0.010    5     0.000     0.050
r    30.000     0.010    5     0.000     0.050
r    32.000     0.010    5     0.000     0.050
r    34.000     0.010    5     0.000     0.050
r    36.000     0.010    5     0.000     0.050
r    38.000     0.010    5     0.000     0.050
r    40.000     0.010    5     0.000     0.050
r    60.000     0.010    5     0.000     0.050
r    62.000     0.010    5     0.000     0.050
r    64.000     0.010    5     0.000     0.050
r    66.000     0.010    5     0.000     0.050
r    68.000     0.010    5     0.000     0.050
r    70.000     0.010    5     0.000     0.050
r    72.000     0.010    5     0.000     0.050
r    74.000     0.010    5     0.000     0.050
r    76.000     0.010    5     0.000     0.050
r    78.000     0.010    5     0.000     0.050
r    80.000     0.010    5     0.000     0.050
r    82.000     0.010    5     0.000     0.050
r    84.000     0.010    5     0.000     0.050
r    86.000     0.010    5     0.000     0.050
r    88.000     0.010    5     0.000     0.050
r    90.000     0.010    5     0.000     0.050
s    56.000     2.000  104
r    26.000     0.010    0     0.000     0.050
r    28.000     0.010    0     0.000     0.050
r    30.000     0.010    0     0.000     0.050
r    32.000     0.010    0     0.000     0.050
r    34.000     0.010    0     0.000     0.050
r    36.000     0.010    0     0.000     0.050
r    38.000     0.010    0     0.000     0.050
r    40.000     0.010    0     0.000     0.050
r    42.000     0.010    0     0.000     0.050
r    44.000     0.010    0     0.000     0.050
r    46.000     0.010    0     0.000     0.050
r    66.000     0.010    0     0.000     0.050
r    68.000     0.010    0     0.000     0.050
r    70.000     0.010    0     0.000     0.050
r    72.000     0.010    0     0.000     0.050
r    74.000     0.010    0     0.000     0.050
r    76.000     0.010    0     0.000     0.050
r    78.000     0.010    0     0.000     0.050
r    80.000     0.010    0     0.000     0.050
r    82.000     0.010    0     0.000     0.050
r    84.000     0.010    0     0.000     0.050
r    86.000     0.010    0     0.000     0.050
r    26.000     0.010    1     0.000     0.050
r    28.000     0.010    1     0.000     0.050
r    30.000     0.010    1     0.000     0.050
r    32.000     0.010    1     0.000     0.050
r    34.000     0.010    1     0.000     0.050
r    36.000     0.010    1     0.000     0.050
r    38.000     0.010    1     0.000     0.050
r    40.000     0.010    1     0.000     0.050
r    42.000     0.010    1     0.000     0.050
r    44.000     0.010    1     0.000     0.050
r    46.000     0.010    1     0.000     0.050
r    66.000     0.010    1     0.000     0.050
r    68.000     0.010    1     0.000     0.050
r    70.000     0.010    1     0.000     0.050
r    72.000     0.010    1     0.000     0.050
r    74.000     0.010    1     0.000     0.050
r    76.000     0.010    1     0.000     0.050
r    78.000     0.010    1     0.000     0.050
r    80.000     0.010    1     0.000     0.050
r    82.000     0.010    1     0.000     0.050
r    84.000     0.010    1     0.000     0.050
r    86.000     0.010    1     0.000     0.050
r    16.000     0.010    4     0.000     0.050
r    18.000     0.010    4     0.000     0.050
r    20.000     0.010    4     0.000     0.050
r    22.000     0.010    4     0.000     0.050
r    24.000     0.010    4     0.000     0.050
r    26.000     0.010    4     0.000     0.050
r    28.000     0.010    4     0.000     0.050
r    30.000     0.010    4     0.000     0.050
r    32.000     0.010    4     0.000     0.050
r    34.000     0.010    4     0.000     0.050
r    36.000     0.010    4     0.000     0.050
r    38.000     0.010    4     0.000     0.050
r    40.000     0.010    4     0.000     0.050
r    42.000     0.010    4     0.000     0.050
r    44.000     0.010    4     0.000     0.050
r    46.000     0.010    4     0.000     0.050
r    66.000     0.010    4     0.000     0.050
r    68.000     0.010    4     0.000     0.050
r    70.000     0.010    4     0.000     0.050
r    72.000     0.010    4     0.000     0.050
r    74.000     0.010    4     0.000     0.050
r    76.000     0.010    4     0.000     0.050
r    78.000     0.010    4     0.000     0.050
r    80.000     0.010    4     0.000     0.050
r    82.000     0.010    4     0.000     0.050
r    84.000     0.010    4     0.000     0.050
r    86.000     0.010    4     0.000     0.050
r    88.000     0.010    4     0.000     0.050
r    90.000     0.010    4     0.000     0.050
r    92.000     0.010    4     0.000     0.050
r    16.000     0.010    5     0.000     0.050
r    18.000     0.010    5     0.000     0.050
r    20.000     0.010    5     0.000     0.050
r    22.000     0.010    5     0.000     0.050
r    24.000     0.010    5     0.000     0.050
r    26.000     0.010    5     0.000     0.050
r    28.000     0.010    5     0.000     0.050
r    30.000     0.010    5     0.000     0.050
r    32.000     0.010    5     0.000     0.050
r    34.000     0.010    5     0.000     0.050
r    36.000     0.010    5     0.000     0.050
r    38.000     0.010    5     0.000     0.050
r    40.000     0.010    5     0.000     0.050
r    42.000     0.010    5     0.000     0.050
r    44.000     0.010    5     0.000     0.050
r    46.000     0.010    5     0.000     0.050
r    66.000     0.010    5     0.000     0.050
r    68.000     0.010    5     0.000     0.050
r    70.000     0.010    5     0.000     0.050
r    72.000     0.010    5     0.000     0.050
r    74.000     0.010    5     0.000     0.050
r    76.000     0.010    5     0.000     0.050
r    78.000     0.010    5     0.000     0.050
r    80.000     0.010    5     0.000     0.050
r    82.000     0.010    5     0.000     0.050
r    84.000     0.010    5     0.000     0.050
r    86.000     0.010    5     0.000     0.050
r    88.000     0.010    5     0.000     0.050
r    90.000     0.010    5     0.000     0.050
r    92.000     0.010    5     0.000     0.050
s    62.000     2.000   98
r    32.000     0.010    0     0.000     0.050
r    34.000     0.010    0     0.000     0.050
r    36.000     0.010    0     0.000     0.050
r    38.000     0.010    0     0.000     0.050
r    40.000     0.010    0     0.000     0.050
r    42.000     0.010    0     0.000     0.050
r    44.000     0.010    0     0.000     0.050
r    46.000     0.010    0     0.000     0.050
r    48.000     0.010    0     0.000     0.050
r    50.000     0.010    0     0.000     0.050
r    52.000     0.010    0     0.000     0.050
r    72.000     0.010    0     0.000     0.050
r    74.000     0.010    0     0.000     0.050
r    76.000     0.010    0     0.000     0.050
r    78.000     0.010    0     0.000     0.050
r    80.000     0.010    0     0.000     0.050
r    82.000     0.010    0     0.000     0.050
r    84.000     0.010    0     0.000     0.050
r    86.000     0.010    0     0.000     0.050
r    88.000     0.010    0     0.000     0.050
r    90.000     0.010    0     0.000     0.050
r    92.000     0.010    0     0.000     0.050
r    32.000     0.010    1     0.000     0.050
r    34.000     0.010    1     0.000     0.050
r    36.000     0.010    1     0.000     0.050
r    38.000     0.010    1     0.000     0.050
r    40.000     0.010    1     0.000     0.050
r    42.000     0.010    1     0.000     0.050
r    44.000     0.010    1     0.000     0.050
r    46.000     0.010    1     0.000     0.050
r    48.000     0.010    1     0.000     0.050
r    50.000     0.010    1     0.000     0.050
r    52.000     0.010    1     0.000     0.050
r    72.000     0.010    1     0.000     0.050
r    74.000     0.010    1     0.000     0.050
r    76.000     0.010    1     0.000     0.050
r    78.000     0.010    1     0.000     0.050
r    80.000     0.010    1     0.000     0.050
r    82.000     0.010    1     0.000     0.050
r    84.000     0.010    1     0.000     0.050
r    86.000     0.010    1     0.000     0.050
r    88.000     0.010    1     0.000     0.050
r    90.000     0.010    1     0.000     0.050
r    92.000     0.010    1     0.000     0.050
r    22.000     0.010    4     0.000     0.050
r    24.000     0.010    4     0.000     0.050
r    26.000     0.010    4     0.000     0.050
r    28.000     0.010    4     0.000     0.050
r    30.000     0.010    4     0.000     0.050
r    32.000     0.010    4     0.000     0.050
r    34.000     0.010    4     0.000     0.050
r    36.000     0.010    4     0.000     0.050
r    38.000     0.010    4     0.000     0.050
r    40.000     0.010    4     0.000     0.050
r    42.000     0.010    4     0.000     0.050
r    44.000     0.010    4     0.000     0.050
r    46.000     0.010    4     0.000     0.050
r    48.000     0.010    4     0.000     0.050
r    50.000     0.010    4     0.000     0.050
r    52.000     0.010    4     0.000     0.050
r    72.000     0.010    4     0.000     0.050
r    74.000     0.010    4     0.000     0.050
r    76.000     0.010    4     0.000     0.050
r    78.000     0.010    4     0.000     0.050
r    80.000     0.010    4     0.000     0.050
r    82.000     0.010    4     0.000     0.050
r    84.000     0.010    4     0.000     0.050
r    86.000     0.010    4     0.000     0.050
r    88.000     0.010    4     0.000     0.050
r    90.000     0.010    4     0.000     0.050
r    92.000     0.010    4     0.000     0.050
r    22.000     0.010    5     0.000     0.050
r    24.000     0.010    5     0.000     0.050
r    26.000     0.010    5     0.000     0.050
r    28.000     0.010    5     0.000     0.050
r    30.000     0.010    5     0.000     0.050
r    32.000     0.010    5     0.000     0.050
r    34.000     0.010    5     0.000     0.050
r    36.000     0.010    5     0.000     0.050
r    38.000     0.010    5     0.000     0.050
r    40.000     0.010    5     0.000     0.050
r    42.000     0.010    5     0.000     0.050
r    44.000     0.010    5     0.000     0.050
r    46.000     0.010    5     0.000     0.050
r    48.000     0.010    5     0.000     0.050
r    50.000     0.010    5     0.000     0.050
r    52.000     0.010    5     0.000     0.050
r    72.000     0.010    5     0.000     0.050
r    74.000     0.010    5     0.000     0.050
r    76.000     0.010    5     0.000     0.050
r    78.000     0.010    5     0.000     0.050
r    80.000     0.010    5     0.000     0.050
r    82.000     0.010    5     0.000     0.050
r    84.000     0.010    5     0.000     0.050
r    86.000     0.010    5     0.000     0.050
r    88.000     0.010    5     0.000     0.050
r    90.000     0.010    5     0.000     0.050
r    92.000     0.010    5     0.000     0.050
