51 61 1.5 0.33
0 2 4 6 8 10 12 14 16 18 20 22 24 26 28 30 32 34 36 38 40 42 44 46 48 50 52 54 56 58 60 62 64 66 68 70 72 74 76 78 80 82 84 86 88 90 92 94 96 98 100 
0 0 0 0 0 0 0 0 0 0 0 0 0 0 0 0 0 0 0 0 0 0 0 0 0 0 0 0 0 0 0 0 0 0 0 0 0 0 0 0 0 0 0 0 0 0 0 0 0 0 0 
0 0.2 0.4 0.6 0.8 1 1.2 1.4 1.6 1.8 2 2.2 2.4 2.6 2.8 3 3.2 3.4 3.6 3.8 4 4.2 4.4 4.6 4.8 5 5.2 5.4 5.6 5.8 6 6.2 6.4 6.6 6.8 7 7.2 7.4 7.6 7.8 8 8.2 8.4 8.6 8.8 9 9.2 9.4 9.6 9.8 10 10.2 10.4 10.6 10.8 11 11.2 11.4 11.6 11.8 12 
1.5 1.5 1.5 1.5 1.5 1.5 1.5 1.5 1.5 1.5 1.48542 3.97068 4.03779 4.10588 4.17397 4.24254 4.31224 4.38101 4.45154 4.52366 4.60103 4.67648 4.7524 4.8239 4.90069 4.97988 5.05839 5.13197 5.20166 5.27178 5.33949 5.40657 5.47439 5.54274 5.61273 5.68649 5.76115 5.83659 5.91011 5.98366 6.05903 7.93638 7.94532 7.95211 7.96365 7.96982 7.97621 7.98915 7.99861 8.01079 8.01339 8.01714 8.01454 8.01057 8.00475 8.00163 7.99817 7.99646 7.99578 7.99634 7.99683 
1.5 1.5 1.5 1.5 1.5 1.5 1.5 1.5 1.5 1.5 1.48543 3.96803 4.03509 4.10312 4.17154 4.24184 4.31309 4.38286 4.45493 4.52736 4.60382 4.67984 4.75425 4.82533 4.90086 4.97767 5.05593 5.13102 5.20185 5.27372 5.34302 5.41338 5.48089 5.55073 5.61905 5.69027 5.76222 5.83476 5.90713 5.98009 6.05626 7.93387 7.9453 7.95013 7.95864 7.96501 7.97143 7.98301 7.99158 8.00195 8.00641 8.00955 8.00984 8.0088 8.00591 8.00428 8.00237 7.9999 7.99864 7.99698 7.99626 
1.5 1.5 1.5 1.5 1.5 1.5 1.5 1.5 1.5 1.5 1.48563 3.96716 4.03456 4.10315 4.17236 4.24263 4.31481 4.38444 4.45791 4.5296 4.60771 4.68207 4.75835 4.82859 4.90466 4.98084 5.05838 5.13179 5.20374 5.27551 5.34807 5.41801 5.48867 5.55561 5.62643 5.69471 5.76562 5.83595 5.90853 5.97936 6.05467 7.92825 7.94137 7.94657 7.95511 7.96138 7.96671 7.97748 7.98496 7.99515 7.9984 8.00271 8.00606 8.0075 8.00773 8.00591 8.0048 8.00199 7.99991 7.99783 7.99716 
1.5 1.5 1.5 1.5 1.5 1.5 1.5 1.5 1.5 1.5 1.4857 3.96556 4.0331 4.1024 4.17191 4.24357 4.31602 4.38786 4.46163 4.5343 4.61149 4.68726 4.76227 4.83403 4.90885 4.98588 5.06155 5.13738 5.20853 5.2821 5.3546 5.42764 5.49777 5.56616 5.63547 5.70431 5.77221 5.84149 5.91077 5.98132 6.05427 7.92452 7.93735 7.94317 7.95134 7.95627 7.96161 7.9708 7.97795 7.98624 7.99131 7.99612 8.00212 8.00562 8.00912 8.00807 8.00758 8.00481 8.00258 7.99959 7.99843 
1.5 1.5 1.5 1.5 1.5 1.5 1.5 1.5 1.5 1.5 1.48567 3.96373 4.0315 4.10048 4.17175 4.24354 4.31711 4.3907 4.46574 4.53906 4.61608 4.69203 4.76853 4.84014 4.91485 4.9922 5.06899 5.14416 5.21534 5.28981 5.36446 5.43828 5.50938 5.57887 5.64759 5.71425 5.78023 5.84733 5.91637 5.98459 6.05607 7.92883 7.93711 7.94182 7.94842 7.95235 7.95718 7.9653 7.97107 7.97888 7.98406 7.98815 7.9975 8.00316 8.00942 8.00969 8.01038 8.00769 8.00528 8.00136 8 
1.5 1.5 1.5 1.5 1.5 1.5 1.5 1.5 1.5 1.5 1.48545 3.96238 4.03034 4.0994 4.17144 4.24493 4.31854 4.39329 4.46977 4.54371 4.62132 4.69761 4.7751 4.84654 4.92084 4.99825 5.07527 5.15139 5.22268 5.29806 5.37387 5.44882 5.52054 5.59038 5.65884 5.72438 5.78929 5.85456 5.92223 5.98939 6.05936 7.93501 7.93976 7.9427 7.94794 7.95068 7.95499 7.96011 7.96656 7.97368 7.97884 7.98382 7.99372 8.00109 8.00923 8.011 8.01217 8.00958 8.00748 8.00328 8.00191 
1.5 1.5 1.5 1.5 1.5 1.5 1.5 1.5 1.5 1.5 1.48523 3.9605 4.0282 4.09815 4.17038 4.24346 4.32061 4.39491 4.47188 4.54642 4.62585 4.704 4.78102 4.85292 4.92782 5.00499 5.08231 5.1578 5.22962 5.30632 5.38254 5.4583 5.53106 5.60307 5.67005 5.73483 5.7986 5.86234 5.92928 5.99545 6.06466 7.94743 7.94892 7.94722 7.95098 7.95347 7.95618 7.96217 7.96651 7.97247 7.97503 7.98053 7.99039 7.99838 8.00761 8.00985 8.01334 8.01077 8.00964 8.00493 8.00371 
1.5 1.5 1.5 1.5 1.5 1.5 1.5 1.5 1.5 1.5 1.48476 3.95755 4.02565 4.09523 4.16597 4.24187 4.31948 4.39456 4.47277 4.54844 4.62929 4.70907 4.78725 4.85972 4.93489 5.01116 5.08753 5.16294 5.23574 5.31202 5.38992 5.46618 5.53921 5.60891 5.67689 5.74178 5.8058 5.8694 5.93608 6.00177 6.0703 7.96246 7.96226 7.95588 7.96016 7.96207 7.96317 7.96797 7.9712 7.97589 7.97702 7.98101 7.98817 7.99611 8.00485 8.00781 8.0119 8.01113 8.00978 8.00662 8.00521 
1.5 1.5 1.5 1.5 1.5 1.5 1.5 1.5 1.5 1.5 1.4848 3.96028 4.02893 4.09827 4.17026 4.24483 4.3223 4.39907 4.47539 4.55087 4.63324 4.71301 4.78805 4.86126 4.93569 5.00994 5.0847 5.15903 5.23234 5.30928 5.38843 5.46787 5.54311 5.61525 5.68632 5.75228 5.81648 5.87837 5.94175 6.00749 6.0744 7.97887 7.98424 7.96656 7.97112 7.97573 7.97174 7.976 7.98069 7.98165 7.98451 7.9834 7.98953 7.99458 8.00155 8.00488 8.00805 8.00921 8.00963 8.00672 8.00601 
1.5 1.5 1.5 1.5 1.5 1.5 1.5 1.5 1.5 1.5 1.486 3.96826 4.03661 4.10619 4.17802 4.2534 4.33314 4.41137 4.49242 4.56992 4.65184 4.73172 4.81007 4.88114 4.95468 5.02506 5.09607 5.16642 5.23828 5.31207 5.38835 5.4652 5.53963 5.61022 5.68146 5.75053 5.81791 5.8829 5.94662 6.01017 6.07233 7.96115 7.99506 7.98402 7.99776 7.99929 7.99985 7.99948 7.99812 7.99678 7.99489 7.99202 7.99198 7.99354 7.99688 8.00023 8.00336 8.00528 8.00673 8.00599 8.0058 
1.5 1.5 1.5 1.5 1.5 1.5 1.5 1.5 1.5 1.5 1.48646 3.9738 4.04258 4.11263 4.1853 4.26135 4.34452 4.42288 4.50403 4.58347 4.66605 4.74777 4.82429 4.8954 4.96768 5.03541 5.10302 5.17239 5.24463 5.31809 5.39515 5.47423 5.55248 5.62645 5.7019 5.77314 5.84165 5.9047 5.9616 6.02139 6.07433 7.89142 7.98794 7.99614 8.02236 8.02527 8.03003 8.02517 8.01992 8.01124 8.00642 8.00021 7.99519 7.99328 7.99306 7.99603 7.99866 8.00139 8.0038 8.00442 8.00474 
1.5 1.5 1.5 1.5 1.5 1.5 1.5 1.5 1.5 1.5 1.48738 3.98006 4.04797 4.11828 4.193 4.26916 4.35354 4.43335 4.51738 4.5982 4.68258 4.76584 4.84197 4.91176 4.98092 5.04458 5.10733 5.17495 5.24557 5.31801 5.39381 5.47253 5.5512 5.6257 5.70528 5.78349 5.85585 5.92414 5.98365 6.0464 6.10734 7.90265 7.96738 8.03073 8.04925 8.05366 8.06461 8.05421 8.04439 8.02878 8.01983 8.0101 7.99925 7.99384 7.9897 7.99214 7.99395 7.9971 8.00023 8.00209 8.00283 
1.5 1.5 1.5 1.5 1.5 1.5 1.5 1.5 1.5 1.5 1.49003 3.99866 4.06736 4.13628 4.20755 4.28229 4.36516 4.44309 4.52852 4.60942 4.69923 4.77993 4.8568 4.92767 4.99705 5.05968 5.11482 5.18329 5.25302 5.32125 5.39413 5.47036 5.54762 5.62253 5.70552 5.78032 5.8584 5.93054 5.99335 6.05919 6.13546 7.95056 7.97048 8.07768 8.08174 8.08297 8.09651 8.08216 8.068 8.04554 8.03298 8.01914 8.00329 7.99497 7.98761 7.98862 7.99013 7.99348 7.99649 7.99918 8.00037 
1.5 1.5 1.5 1.5 1.5 1.5 1.5 1.5 1.5 1.5 1.4904 4.00047 4.07307 4.14912 4.22817 4.31251 4.39369 4.47263 4.55467 4.63435 4.71701 4.79596 4.8733 4.94506 5.01557 5.07712 5.13681 5.19834 5.26144 5.32602 5.3973 5.46697 5.54242 5.61789 5.69729 5.77713 5.85845 5.93576 6.00482 6.0705 6.15182 7.9896 7.99095 8.11003 8.12009 8.1161 8.13203 8.1129 8.09022 8.06136 8.04647 8.02861 8.00789 7.99698 7.98663 7.98751 7.98687 7.9904 7.99345 7.99574 7.99731 
1.5 1.5 1.5 1.5 1.5 1.5 1.5 1.5 1.5 1.5 1.49325 4.01648 4.08496 4.14989 4.22182 4.29132 4.37266 4.45368 4.54599 4.63752 4.73634 4.8317 4.90954 4.97691 5.04197 5.10197 5.16114 5.22498 5.28968 5.35247 5.4138 5.47618 5.54321 5.61374 5.68973 5.76779 5.84801 5.92909 5.99598 6.06637 6.16466 8.01037 8.01941 8.14036 8.14999 8.13678 8.14742 8.13082 8.10415 8.07484 8.05489 8.03522 8.01208 7.99952 7.98723 7.98678 7.98678 7.98859 7.99106 7.99237 7.99439 
1.5 1.5 1.5 1.5 1.5 1.5 1.5 1.5 1.5 1.5 1.4965 4.04225 4.11267 4.18327 4.25714 4.33124 4.40549 4.47527 4.55149 4.62468 4.71093 4.79213 4.88855 4.98052 5.07609 5.15602 5.21201 5.25771 5.31388 5.36643 5.42217 5.47556 5.54395 5.6091 5.68308 5.7691 5.85121 5.93589 6.00541 6.08221 6.17015 8.00896 8.06966 8.15655 8.17725 8.16106 8.1597 8.13691 8.1153 8.08236 8.06136 8.04112 8.01652 8.00323 7.98948 7.98885 7.98648 7.98699 7.98938 7.98912 7.99127 
1.5 1.5 1.5 1.5 1.5 1.5 1.5 1.5 1.5 1.5 1.4993 4.05365 4.1245 4.19327 4.2641 4.33414 4.41052 4.48168 4.56417 4.64403 4.73034 4.82377 4.89325 4.96183 5.05046 5.14885 5.29209 5.31973 5.3686 5.41834 5.44417 5.47592 5.52271 5.58322 5.64771 5.72545 5.80877 5.90118 5.98232 6.0757 6.14821 8.00587 8.12474 8.16296 8.16879 8.16238 8.16032 8.13642 8.11165 8.08181 8.0629 8.0447 8.02065 8.00763 7.99329 7.99197 7.98925 7.98859 7.98893 7.988 7.99003 
1.5 1.5 1.5 1.5 1.5 1.5 1.5 1.5 1.5 1.5 1.50376 4.08448 4.15057 4.21257 4.27704 4.34121 4.40811 4.47561 4.54431 4.61997 4.69967 4.78129 4.89485 4.98761 5.09971 5.21039 5.33111 5.3859 5.42415 5.46591 5.46837 5.47383 5.50065 5.5569 5.6079 5.68149 5.77335 5.85979 5.94924 6.03656 6.11479 8.06084 8.182 8.16192 8.17465 8.16841 8.1509 8.12773 8.1047 8.07844 8.06245 8.04632 8.02455 8.01246 7.99853 7.99619 7.99327 7.9907 7.99054 7.98674 7.98929 
1.5 1.5 1.5 1.5 1.5 1.5 1.5 1.5 1.5 1.5 1.50655 4.10556 4.17332 4.23897 4.31016 4.37209 4.42856 4.48548 4.5304 4.58319 4.6431 4.7137 4.82107 4.92749 5.08553 5.25272 5.48971 5.46009 5.51548 5.54534 5.51024 5.4891 5.49225 5.53812 5.57362 5.63177 5.69853 5.78706 5.87681 5.96442 6.07199 8.06454 8.1738 8.1214 8.14726 8.13778 8.128 8.11157 8.09296 8.07165 8.05995 8.04688 8.02843 8.018 8.0047 8.00191 7.99852 7.99394 7.99285 7.98814 7.9896 
1.5 1.5 1.5 1.5 1.5 1.5 1.5 1.5 1.5 1.5 1.51362 4.14731 4.21152 4.26394 4.32382 4.38171 4.43645 4.49978 4.5364 4.58551 4.61555 4.66516 4.75274 4.84982 5.059 5.28442 5.66178 5.57989 5.62799 5.64527 5.55689 5.49363 5.46406 5.49384 5.50436 5.54578 5.60002 5.69019 5.7881 5.88796 6.07162 8.03539 8.10108 8.08899 8.11253 8.1003 8.09705 8.08828 8.07617 8.06422 8.05734 8.04894 8.03323 8.02351 8.01 8.00711 8.00385 7.99781 7.99612 7.9895 7.99042 
1.5 1.5 1.5 1.5 1.5 1.5 1.5 1.5 1.5 1.5 1.52297 4.24888 4.32893 4.39328 4.46253 4.5159 4.5545 4.59873 4.59861 4.60014 4.58756 4.60569 4.68156 4.77685 4.99138 5.28684 5.8407 5.68227 5.73044 5.70959 5.57478 5.47168 5.41342 5.42893 5.41616 5.44049 5.48365 5.58585 5.69798 5.82482 6.04756 7.89719 8.01619 8.03259 8.07652 8.05744 8.05918 8.06096 8.05682 8.0558 8.05316 8.05035 8.03809 8.02968 8.01669 8.01289 8.00844 8.00141 7.99894 7.9917 7.99212 
1.5 1.5 1.5 1.5 1.5 1.5 1.5 1.5 1.5 1.5 1.52724 4.29538 4.38446 4.4795 4.56826 4.64674 4.70901 4.75967 4.74449 4.72654 4.66723 4.65806 4.67973 4.76285 4.9824 5.25736 5.83631 5.7493 5.80024 5.76042 5.59012 5.45012 5.37007 5.38009 5.36194 5.38538 5.42778 5.52941 5.63996 5.75451 5.98587 7.70965 7.91829 7.97433 8.03563 8.01956 8.02003 8.03154 8.03737 8.04739 8.0498 8.0529 8.0435 8.03563 8.02194 8.01758 8.01242 8.00478 8.00209 7.99427 7.9941 
1.5 1.5 1.5 1.5 1.5 1.5 1.5 1.5 1.5 1.5 1.53282 4.35942 4.4577 4.56408 4.6671 4.75128 4.82183 4.88228 4.84997 4.79592 4.69827 4.64048 4.66723 4.74914 4.97293 5.32474 5.87737 5.82068 5.86436 5.80663 5.62536 5.46724 5.37602 5.38256 5.35446 5.3639 5.39219 5.48479 5.58894 5.69653 5.92087 7.57834 7.83568 7.91798 7.99195 7.9851 7.98999 8.00579 8.02148 8.03883 8.04631 8.05487 8.04834 8.04108 8.02627 8.02145 8.01558 8.00765 8.00502 7.99708 7.99616 
1.5 1.5 1.5 1.5 1.5 1.5 1.5 1.5 1.5 1.5 1.53528 4.3938 4.50456 4.62359 4.74549 4.8497 4.92038 4.98039 4.93544 4.84242 4.69576 4.65302 4.64946 4.72624 4.95174 5.3606 5.98585 5.92681 5.96482 5.90931 5.69646 5.50904 5.39573 5.39214 5.34813 5.34294 5.36149 5.44918 5.55631 5.66474 5.87946 7.57863 7.75607 7.87276 7.94703 7.95412 7.96795 7.99271 8.01231 8.03484 8.04411 8.05446 8.05011 8.04371 8.03003 8.02479 8.0187 8.01023 8.00699 7.99883 7.99796 
1.5 1.5 1.5 1.5 1.5 1.5 1.5 1.5 1.5 1.5 1.53504 4.39572 4.49764 4.62663 4.74472 4.86547 4.93441 4.98267 4.99465 4.89168 4.762 4.66933 4.68889 4.7709 5.00224 5.40708 6.03399 5.99976 6.03783 5.97015 5.74746 5.54091 5.42061 5.42248 5.37616 5.36154 5.37039 5.44719 5.54939 5.65183 5.83554 7.57367 7.71256 7.85085 7.92631 7.93583 7.95481 7.98605 8.01027 8.03506 8.04474 8.05542 8.05125 8.04495 8.03119 8.0261 8.02015 8.01176 8.00862 8.00038 7.99925 
1.5 1.5 1.5 1.5 1.5 1.5 1.5 1.5 1.5 1.5 1.53191 4.36718 4.47035 4.60795 4.73236 4.87309 4.96131 5.062 5.09584 4.95334 4.78519 4.69539 4.7162 4.8028 5.01629 5.42426 6.03434 6.02043 6.0868 5.99581 5.7806 5.56875 5.43932 5.43359 5.38698 5.37123 5.3762 5.45233 5.55029 5.64896 5.8338 7.60188 7.71768 7.84897 7.93387 7.9457 7.96271 7.99548 8.01758 8.03704 8.04582 8.0552 8.05076 8.04458 8.0304 8.02568 8.02 8.01207 8.00943 8.00131 7.99982 
1.5 1.5 1.5 1.5 1.5 1.5 1.5 1.5 1.5 1.5 1.53548 4.39802 4.49886 4.63163 4.74384 4.87416 4.932 5.01437 4.98768 4.88615 4.73703 4.6623 4.68759 4.77058 5.00145 5.42012 6.03803 6.06058 6.10038 6.02543 5.79441 5.57276 5.44393 5.44096 5.38696 5.36786 5.37203 5.44802 5.55068 5.65313 5.84542 7.60394 7.76098 7.89392 7.97458 7.97917 7.99479 8.01914 8.03237 8.04524 8.04889 8.05289 8.04671 8.04121 8.02857 8.02451 8.01985 8.01197 8.00933 8.0008 7.99955 
1.5 1.5 1.5 1.5 1.5 1.5 1.5 1.5 1.5 1.5 1.53566 4.39743 4.50429 4.63387 4.74584 4.87474 4.9199 4.98345 4.93116 4.83642 4.70478 4.61177 4.63917 4.71681 4.93434 5.36776 5.96501 6.04808 6.09938 6.02155 5.79532 5.57607 5.44468 5.43218 5.37114 5.35455 5.36104 5.44556 5.55476 5.66549 5.8971 7.63307 7.845 7.95712 8.03828 8.03744 8.04471 8.05183 8.05265 8.05344 8.05153 8.05062 8.04206 8.03513 8.02444 8.02132 8.01773 8.01049 8.0076 7.9999 7.99841 
1.5 1.5 1.5 1.5 1.5 1.5 1.5 1.5 1.5 1.5 1.53359 4.36553 4.45856 4.57078 4.67253 4.77629 4.82037 4.88623 4.84181 4.78725 4.66417 4.61526 4.65013 4.7316 4.94692 5.32923 5.84463 5.93778 6.0554 5.95097 5.75617 5.55542 5.44182 5.4377 5.38753 5.38025 5.39067 5.47719 5.58518 5.69625 5.94751 7.66194 7.96505 8.04325 8.11952 8.10053 8.09624 8.08603 8.07425 8.06203 8.05674 8.0508 8.03865 8.03049 8.01878 8.01669 8.014 8.0077 8.00557 7.99749 7.99661 
1.5 1.5 1.5 1.5 1.5 1.5 1.5 1.5 1.5 1.5 1.52717 4.29968 4.3856 4.48653 4.57724 4.67493 4.71925 4.77139 4.74781 4.72381 4.65415 4.61951 4.65807 4.73948 4.94702 5.25118 5.79042 5.84912 6.02695 5.90994 5.72825 5.54793 5.44438 5.4431 5.39972 5.40156 5.42211 5.5171 5.63421 5.75064 6.00926 7.79467 8.08667 8.11805 8.18546 8.1568 8.14247 8.11895 8.09604 8.07249 8.0615 8.04939 8.03299 8.02354 8.01351 8.01222 8.01052 8.00478 8.00279 7.99482 7.99447 
1.5 1.5 1.5 1.5 1.5 1.5 1.5 1.5 1.5 1.5 1.52238 4.25098 4.32756 4.40108 4.46369 4.52967 4.56412 4.59878 4.60123 4.601 4.57946 4.58456 4.66006 4.75262 4.94675 5.26723 5.7607 5.77545 5.96381 5.8788 5.72765 5.57958 5.49174 5.49284 5.45307 5.45684 5.47905 5.56976 5.68765 5.80796 6.06434 7.96877 8.18882 8.18518 8.22517 8.2016 8.18026 8.14525 8.11408 8.08032 8.0655 8.04875 8.0293 8.01972 8.00883 8.00781 8.0065 8.00124 7.99942 7.99207 7.99224 
1.5 1.5 1.5 1.5 1.5 1.5 1.5 1.5 1.5 1.5 1.51234 4.14648 4.20977 4.2665 4.32586 4.38993 4.44135 4.50304 4.53827 4.5796 4.59938 4.64109 4.72373 4.81803 5.00475 5.25527 5.56899 5.62241 5.8328 5.80279 5.70277 5.60406 5.547 5.56349 5.54388 5.55707 5.58323 5.66064 5.76215 5.85975 6.07229 8.0731 8.23945 8.21602 8.24066 8.22215 8.19784 8.15913 8.12457 8.08544 8.06836 8.04938 8.02807 8.01679 8.0045 8.00355 8.00203 7.99766 7.99643 7.98969 7.99021 
1.5 1.5 1.5 1.5 1.5 1.5 1.5 1.5 1.5 1.5 1.50574 4.10663 4.17477 4.24314 4.31654 4.38295 4.43824 4.49533 4.53724 4.58054 4.62952 4.68778 4.78544 4.88645 5.01921 5.20343 5.38634 5.46191 5.65347 5.67612 5.62592 5.58335 5.56231 5.59828 5.60827 5.63936 5.67864 5.75076 5.8372 5.91838 6.05658 8.04712 8.24874 8.22266 8.24308 8.22077 8.209 8.16726 8.12692 8.08819 8.06903 8.04945 8.02695 8.01535 8.00216 8.00053 7.9984 7.99432 7.99338 7.98796 7.98885 
1.5 1.5 1.5 1.5 1.5 1.5 1.5 1.5 1.5 1.5 1.50322 4.08535 4.15272 4.21458 4.28177 4.3485 4.41667 4.48616 4.55545 4.62498 4.69567 4.76599 4.85496 4.93558 5.03745 5.15741 5.25762 5.37796 5.50301 5.56821 5.54781 5.5408 5.54522 5.59254 5.62356 5.67194 5.7287 5.80903 5.89305 5.97627 6.06416 7.97622 8.12618 8.22007 8.20503 8.18342 8.17096 8.1399 8.1131 8.08494 8.06686 8.05052 8.02725 8.01476 8.0006 7.99842 7.99527 7.99194 7.99106 7.98604 7.98802 
1.5 1.5 1.5 1.5 1.5 1.5 1.5 1.5 1.5 1.5 1.49845 4.0543 4.12306 4.19798 4.26419 4.33647 4.41462 4.48722 4.56413 4.64268 4.72262 4.79736 4.87049 4.93571 5.00642 5.10421 5.20455 5.31832 5.43183 5.47197 5.49844 5.52486 5.55739 5.6194 5.67169 5.73082 5.7943 5.86715 5.93598 6.01304 6.07074 7.81939 7.94083 8.13416 8.13086 8.12373 8.12767 8.11237 8.0947 8.0746 8.06183 8.04846 8.02747 8.0151 8.0003 7.99753 7.99414 7.99069 7.99008 7.98663 7.98829 
1.5 1.5 1.5 1.5 1.5 1.5 1.5 1.5 1.5 1.5 1.4958 4.03902 4.10907 4.1789 4.25268 4.32765 4.40299 4.47382 4.54944 4.62297 4.69966 4.77296 4.8563 4.9345 5.02154 5.11335 5.19416 5.27341 5.33982 5.3985 5.44962 5.49916 5.55499 5.62525 5.68958 5.7574 5.82941 5.90473 5.96663 6.03753 6.09443 7.8069 7.82299 8.01679 8.0318 8.04822 8.06764 8.07535 8.07266 8.06384 8.05455 8.04467 8.02709 8.01581 8.00175 7.99798 7.99345 7.99013 7.98956 7.98697 7.98956 
1.5 1.5 1.5 1.5 1.5 1.5 1.5 1.5 1.5 1.5 1.49207 4.00927 4.07579 4.1419 4.21191 4.28418 4.362 4.4428 4.53443 4.62448 4.72069 4.81101 4.89558 4.96286 5.02557 5.083 5.13921 5.21623 5.28377 5.35441 5.41963 5.48546 5.55096 5.62564 5.69842 5.7694 5.84267 5.914 5.97207 6.04188 6.10772 7.82281 7.74163 7.94017 7.94242 7.97928 8.00829 8.03674 8.04645 8.04967 8.04474 8.03927 8.02571 8.01581 8.00313 7.99882 7.99384 7.99036 7.99033 7.9893 7.99178 
1.5 1.5 1.5 1.5 1.5 1.5 1.5 1.5 1.5 1.5 1.48834 3.98502 4.05676 4.13088 4.20914 4.29149 4.3751 4.457 4.54137 4.62373 4.7086 4.7888 4.86204 4.93069 4.99684 5.05734 5.11812 5.18506 5.25289 5.32007 5.39051 5.46262 5.53906 5.61932 5.7024 5.78444 5.86557 5.9389 5.9914 6.04856 6.09615 7.81883 7.7151 7.87218 7.88702 7.92779 7.96835 8.00255 8.02096 8.03339 8.03269 8.03212 8.02325 8.01562 8.00436 8.00005 7.99463 7.99266 7.99238 7.9926 7.99472 
1.5 1.5 1.5 1.5 1.5 1.5 1.5 1.5 1.5 1.5 1.48704 3.97514 4.04387 4.11807 4.18539 4.2634 4.34539 4.4246 4.51036 4.59349 4.68454 4.76806 4.8448 4.91386 4.98162 5.04004 5.09811 5.1603 5.22512 5.29277 5.3705 5.45264 5.53871 5.61845 5.70862 5.79074 5.87508 5.94728 6.00153 6.06168 6.09629 7.83472 7.72264 7.83897 7.86034 7.89603 7.939 7.97523 7.99838 8.01546 8.01861 8.02183 8.01716 8.01315 8.00535 8.00125 7.99685 7.99509 7.99486 7.99622 7.99804 
1.5 1.5 1.5 1.5 1.5 1.5 1.5 1.5 1.5 1.5 1.48383 3.95239 4.02163 4.09107 4.16761 4.24398 4.3267 4.4085 4.49445 4.57705 4.66605 4.75269 4.83019 4.89909 4.96545 5.02382 5.08154 5.1441 5.21213 5.2847 5.36613 5.45168 5.53784 5.61754 5.70743 5.79791 5.88209 5.95443 6.00614 6.06494 6.09229 7.79238 7.7759 7.84888 7.86181 7.89166 7.92602 7.95547 7.97875 7.99861 8.00429 8.01059 8.01134 8.01035 8.00607 8.0031 7.99969 7.99843 7.99837 7.99929 8.00102 
1.5 1.5 1.5 1.5 1.5 1.5 1.5 1.5 1.5 1.5 1.48182 3.94163 4.01095 4.08143 4.15841 4.2352 4.3195 4.39908 4.48258 4.56463 4.65223 4.73644 4.81249 4.88198 4.95018 5.01149 5.07294 5.13709 5.20573 5.27821 5.36024 5.44606 5.53307 5.61217 5.7003 5.78708 5.87005 5.93955 5.99509 6.05106 6.08379 7.86741 7.91053 7.8956 7.89393 7.90764 7.915 7.94122 7.96115 7.98216 7.99117 7.99905 8.00384 8.00635 8.00641 8.00463 8.00269 8.00172 8.00171 8.00212 8.00357 
1.5 1.5 1.5 1.5 1.5 1.5 1.5 1.5 1.5 1.5 1.48066 3.93631 4.00556 4.07444 4.14919 4.22566 4.30655 4.38463 4.46754 4.54623 4.63419 4.71527 4.79233 4.86222 4.93211 4.99717 5.06182 5.12753 5.19554 5.26776 5.34777 5.43054 5.51273 5.58735 5.67076 5.7571 5.84378 5.92104 5.99375 6.06536 6.12381 8.11348 8.04404 7.97262 7.92781 7.92837 7.92482 7.93755 7.95292 7.97091 7.97973 7.98695 7.99718 8.00289 8.00692 8.00637 8.00575 8.00493 8.00473 8.00444 8.00528 
1.5 1.5 1.5 1.5 1.5 1.5 1.5 1.5 1.5 1.5 1.47854 3.92661 3.99431 4.06603 4.13861 4.21397 4.29388 4.37004 4.45025 4.52676 4.60985 4.68966 4.76094 4.83605 4.90758 4.97844 5.04878 5.12079 5.19186 5.26968 5.35556 5.44348 5.53133 5.61097 5.69898 5.78785 5.87546 5.95349 6.03258 6.10605 6.16909 8.19729 8.07139 8.01624 7.95629 7.94873 7.93749 7.9405 7.95016 7.96259 7.97166 7.9798 7.99185 8.00014 8.00744 8.00801 8.00845 8.00764 8.00759 8.00583 8.00598 
1.5 1.5 1.5 1.5 1.5 1.5 1.5 1.5 1.5 1.5 1.47875 3.92418 3.99229 4.06335 4.13666 4.21429 4.29263 4.37101 4.45217 4.52996 4.61779 4.69696 4.77978 4.85284 4.92705 5.00084 5.07362 5.14669 5.21807 5.29545 5.37906 5.46278 5.54579 5.62135 5.70336 5.78753 5.87221 5.9517 6.02991 6.10864 6.17668 8.18075 8.08675 8.04002 7.97925 7.9686 7.95287 7.94836 7.95196 7.95812 7.96464 7.97428 7.9871 7.99816 8.0076 8.00898 8.011 8.01008 8.00866 8.00676 8.00568 
1.5 1.5 1.5 1.5 1.5 1.5 1.5 1.5 1.5 1.5 1.48104 3.93956 4.00798 4.0779 4.15173 4.22706 4.3036 4.38007 4.45943 4.53581 4.61972 4.70054 4.78105 4.85351 4.92845 5.00432 5.0793 5.15365 5.22511 5.30216 5.38384 5.46592 5.54655 5.62149 5.70222 5.78467 5.86762 5.946 6.02283 6.10033 6.16949 8.14158 8.08201 8.04548 7.99548 7.98311 7.96746 7.95893 7.95794 7.95929 7.96724 7.9741 7.98771 7.99784 8.00765 8.00936 8.01197 8.00999 8.0092 8.0054 8.00436 
1.5 1.5 1.5 1.5 1.5 1.5 1.5 1.5 1.5 1.5 1.48195 3.94648 4.01527 4.08492 4.15708 4.2317 4.30854 4.38336 4.46161 4.53768 4.62081 4.69982 4.78195 4.85339 4.92859 5.00567 5.08168 5.15744 5.22886 5.30517 5.3845 5.46469 5.54299 5.61676 5.69545 5.77517 5.85556 5.93254 6.0071 6.08339 6.15354 8.09963 8.06183 8.03881 8.0067 7.99208 7.97921 7.96988 7.96544 7.96438 7.97105 7.97675 7.98832 7.99811 8.00727 8.00912 8.01095 8.00922 8.00793 8.004 8.00262 
1.5 1.5 1.5 1.5 1.5 1.5 1.5 1.5 1.5 1.5 1.48355 3.95414 4.02228 4.09125 4.16146 4.23543 4.3093 4.38369 4.46044 4.53595 4.61919 4.69662 4.77756 4.85038 4.92674 5.00481 5.08242 5.15823 5.22991 5.30546 5.38268 5.46073 5.53645 5.60919 5.68506 5.76205 5.83909 5.91503 5.98774 6.06187 6.13257 8.0554 8.03748 8.02431 8.00703 7.99543 7.98895 7.97837 7.97432 7.97312 7.97852 7.98286 7.9928 7.99928 8.00722 8.00806 8.0099 8.00744 8.00554 8.00199 8.00056 
1.5 1.5 1.5 1.5 1.5 1.5 1.5 1.5 1.5 1.5 1.48471 3.95962 4.02681 4.09532 4.16618 4.23716 4.30973 4.38313 4.45828 4.53309 4.61353 4.69328 4.772 4.84438 4.92289 5.00215 5.08171 5.15745 5.22926 5.30397 5.37904 5.45449 5.52774 5.59933 5.67257 5.74689 5.82102 5.89466 5.96697 6.03993 6.11095 8.01623 8.01002 8.00452 7.99584 7.99143 7.9868 7.98352 7.98226 7.98379 7.98769 7.99129 7.99779 8.00193 8.00638 8.00647 8.00707 8.00473 8.00285 8.00003 7.9988 
1.5 1.5 1.5 1.5 1.5 1.5 1.5 1.5 1.5 1.5 1.48528 3.96405 4.03134 4.09941 4.16803 4.23886 4.31026 4.382 4.45566 4.52972 4.60998 4.68842 4.7669 4.83961 4.91856 4.99898 5.0793 5.15601 5.2283 5.30244 5.37584 5.44853 5.52047 5.59115 5.66241 5.73445 5.80628 5.8787 5.95041 6.02279 6.09432 7.98901 7.99021 7.99005 7.98888 7.98814 7.98632 7.98707 7.98856 7.99237 7.99535 7.99833 8.00227 8.0041 8.00595 8.00503 8.00432 8.00212 8.00005 7.99836 7.99743 
1.5 1.5 1.5 1.5 1.5 1.5 1.5 1.5 1.5 1.5 1.48579 3.96706 4.03412 4.10177 4.16987 4.23884 4.30935 4.37918 4.45235 4.52561 4.60511 4.6845 4.76281 4.83472 4.91381 4.99512 5.0774 5.15513 5.22756 5.30148 5.37288 5.44356 5.51263 5.58158 5.65089 5.72163 5.79308 5.86481 5.93648 6.00853 6.08072 7.96856 7.97623 7.97774 7.97943 7.9813 7.9813 7.98753 7.99311 8.00082 8.00349 8.0066 8.00727 8.00678 8.0047 8.00324 8.00161 7.99966 7.99851 7.99699 7.99634 
1.5 1.5 1.5 1.5 1.5 1.5 1.5 1.5 1.5 1.5 1.48647 3.96998 4.03691 4.10465 4.17174 4.2388 4.30829 4.3764 4.44711 4.5201 4.59917 4.67622 4.75432 4.82722 4.90784 4.99297 5.07803 5.15723 5.2296 5.3024 5.37071 5.43772 5.504 5.57159 5.63955 5.70954 5.78081 5.85297 5.9245 5.99589 6.06789 7.94763 7.95106 7.95546 7.96159 7.96889 7.97513 7.9892 7.99966 8.01156 8.01317 8.01557 8.01292 8.0092 8.00409 8.00126 7.99817 7.99641 7.99555 7.99561 7.99637 
