51 61 1.5 0.33
0 2 4 6 8 10 12 14 16 18 20 22 24 26 28 30 32 34 36 38 40 42 44 46 48 50 52 54 56 58 60 62 64 66 68 70 72 74 76 78 80 82 84 86 88 90 92 94 96 98 100 
0 0 0 0 0 0 0 0 0 0 0 0 0 0 0 0 0 0 0 0 0 0 0 0 0 0 0 0 0 0 0 0 0 0 0 0 0 0 0 0 0 0 0 0 0 0 0 0 0 0 0 
0 0.2 0.4 0.6 0.8 1 1.2 1.4 1.6 1.8 2 2.2 2.4 2.6 2.8 3 3.2 3.4 3.6 3.8 4 4.2 4.4 4.6 4.8 5 5.2 5.4 5.6 5.8 6 6.2 6.4 6.6 6.8 7 7.2 7.4 7.6 7.8 8 8.2 8.4 8.6 8.8 9 9.2 9.4 9.6 9.8 10 10.2 10.4 10.6 10.8 11 11.2 11.4 11.6 11.8 12 
1.5 1.5 1.5 1.5 1.5 1.5 1.5 1.5 1.5 1.5 1.4783 3.91579 3.98199 4.0504 4.11875 4.19015 4.26395 4.33453 4.40887 4.48142 4.56189 4.63902 4.7169 4.78881 4.86983 4.95541 5.04196 5.12389 5.19762 5.27487 5.34968 5.4231 5.49317 5.56198 5.63029 5.69849 5.76597 5.83412 5.90318 5.972 6.04259 7.90383 7.91494 7.92129 7.932 7.9371 7.94196 7.95486 7.96494 7.97912 7.9858 7.99295 8.00092 8.0058 8.01069 8.01129 8.01228 8.00925 8.00698 8.00251 7.99953 
1.5 1.5 1.5 1.5 1.5 1.5 1.5 1.5 1.5 1.5 1.47761 3.91357 3.97972 4.04816 4.11708 4.1883 4.26157 4.33232 4.40678 4.48103 4.56209 4.64239 4.72214 4.794 4.87315 4.95561 5.03793 5.11682 5.18964 5.26738 5.34582 5.42312 5.49684 5.56736 5.63852 5.70933 5.78075 5.85046 5.91703 5.98749 6.05613 7.92039 7.9265 7.9342 7.94123 7.94546 7.94952 7.95801 7.96576 7.97651 7.98342 7.98984 7.99853 8.00436 8.00969 8.00994 8.01082 8.00872 8.00714 8.00419 8.00233 
1.5 1.5 1.5 1.5 1.5 1.5 1.5 1.5 1.5 1.5 1.47742 3.91203 3.97752 4.04615 4.11505 4.18732 4.26037 4.33202 4.40666 4.48037 4.56282 4.64102 4.7194 4.79274 4.87062 4.95344 5.03473 5.11392 5.18612 5.26494 5.34358 5.42322 5.49889 5.57047 5.64536 5.71835 5.79171 5.86051 5.93133 5.99852 6.06867 7.9423 7.94489 7.94414 7.94766 7.94975 7.95232 7.95889 7.96562 7.97542 7.98123 7.9874 7.99615 8.00191 8.00745 8.00841 8.00918 8.00814 8.00711 8.00546 8.00481 
1.5 1.5 1.5 1.5 1.5 1.5 1.5 1.5 1.5 1.5 1.47718 3.90866 3.9748 4.04371 4.11283 4.18494 4.25815 4.33088 4.40602 4.47958 4.56141 4.63958 4.7186 4.79048 4.86844 4.94923 5.03111 5.10875 5.18152 5.25966 5.34098 5.42256 5.50092 5.57445 5.65208 5.72782 5.80361 5.87654 5.94668 6.01714 6.08403 7.96983 7.96252 7.95885 7.95461 7.95491 7.95462 7.95953 7.96453 7.97263 7.97895 7.985 7.99379 7.99936 8.00535 8.00645 8.0078 8.00769 8.00749 8.0069 8.00686 
1.5 1.5 1.5 1.5 1.5 1.5 1.5 1.5 1.5 1.5 1.47651 3.90468 3.97181 4.03954 4.11092 4.18244 4.25596 4.32918 4.4046 4.47825 4.55861 4.63675 4.71684 4.78816 4.86576 4.94492 5.02555 5.10282 5.1756 5.25428 5.3375 5.42098 5.50148 5.5754 5.65517 5.73571 5.81535 5.89149 5.96289 6.03515 6.10166 8.00068 7.9844 7.97415 7.96131 7.95911 7.95584 7.95819 7.96268 7.96944 7.97588 7.98185 7.99114 7.99715 8.0035 8.00485 8.00644 8.00729 8.0078 8.00814 8.00885 
1.5 1.5 1.5 1.5 1.5 1.5 1.5 1.5 1.5 1.5 1.47622 3.90144 3.96838 4.0373 4.1076 4.17997 4.2541 4.32783 4.40327 4.47705 4.55634 4.63459 4.71502 4.78518 4.86272 4.94123 5.02063 5.09777 5.17037 5.24979 5.33375 5.41921 5.50086 5.57535 5.65695 5.74059 5.82399 5.90308 5.97579 6.05085 6.11677 8.02728 8.00049 7.98449 7.96267 7.95896 7.95331 7.95642 7.9603 7.96728 7.97364 7.97989 7.98902 7.99556 8.00242 8.00351 8.00583 8.00726 8.00797 8.00876 8.00963 
1.5 1.5 1.5 1.5 1.5 1.5 1.5 1.5 1.5 1.5 1.47588 3.89878 3.96489 4.03399 4.10506 4.17766 4.25326 4.32613 4.40147 4.47526 4.55444 4.63403 4.71221 4.7828 4.86017 4.93824 5.01661 5.09331 5.16565 5.24476 5.32941 5.41581 5.49855 5.57475 5.65642 5.74283 5.82866 5.91001 5.9855 6.06217 6.12981 8.05605 8.01237 7.98991 7.95817 7.95334 7.94574 7.95025 7.95681 7.96634 7.97171 7.97864 7.98808 7.99489 8.00239 8.00421 8.00593 8.00752 8.00814 8.00816 8.00874 
1.5 1.5 1.5 1.5 1.5 1.5 1.5 1.5 1.5 1.5 1.47504 3.89395 3.96066 4.02862 4.09863 4.17258 4.2488 4.32221 4.39871 4.47286 4.55238 4.63262 4.71112 4.7822 4.85887 4.93657 5.01384 5.0902 5.1629 5.24279 5.3265 5.41245 5.49494 5.5701 5.65342 5.74089 5.82841 5.91069 5.98793 6.06604 6.13516 8.07683 8.01059 7.98394 7.94621 7.94219 7.93504 7.94349 7.95286 7.96671 7.97223 7.97953 7.98828 7.99579 8.00348 8.00534 8.00745 8.00788 8.00752 8.00701 8.00621 
1.5 1.5 1.5 1.5 1.5 1.5 1.5 1.5 1.5 1.5 1.47557 3.89915 3.96648 4.03265 4.1038 4.17689 4.24957 4.32463 4.39787 4.47042 4.55241 4.63073 4.70239 4.77714 4.8516 4.92853 5.00533 5.08081 5.15342 5.23231 5.31581 5.39964 5.48521 5.56136 5.6461 5.73519 5.82417 5.90698 5.98829 6.06552 6.14174 8.10929 8.01107 7.97683 7.92922 7.92666 7.92152 7.93564 7.95017 7.96835 7.97536 7.98114 7.99178 7.99814 8.00571 8.0074 8.00961 8.00816 8.0067 8.00346 8.0022 
1.5 1.5 1.5 1.5 1.5 1.5 1.5 1.5 1.5 1.5 1.4774 3.91063 3.97724 4.04658 4.11395 4.18694 4.26486 4.34015 4.41919 4.49403 4.57579 4.65444 4.73315 4.80363 4.87664 4.9498 5.02382 5.09538 5.16611 5.24164 5.32112 5.40197 5.48045 5.55273 5.63127 5.71417 5.7983 5.87938 5.9578 6.03738 6.10738 8.05628 7.96282 7.93478 7.90253 7.9076 7.90975 7.93145 7.94954 7.97359 7.98029 7.9877 7.99679 8.00202 8.00851 8.00951 8.01143 8.00797 8.00515 7.99987 7.99719 
1.5 1.5 1.5 1.5 1.5 1.5 1.5 1.5 1.5 1.5 1.47914 3.923 3.98925 4.05541 4.12531 4.19827 4.27727 4.35197 4.43089 4.50896 4.59217 4.67377 4.75148 4.82181 4.89507 4.96692 5.0407 5.11198 5.18356 5.25891 5.33844 5.41852 5.49738 5.5712 5.65001 5.73211 5.8134 5.89029 5.95856 6.02846 6.08404 7.93433 7.88167 7.88753 7.87687 7.89146 7.90305 7.93155 7.95339 7.97932 7.9857 7.99244 8.00114 8.00558 8.01139 8.01173 8.01296 8.00764 8.00345 7.99629 7.99219 
1.5 1.5 1.5 1.5 1.5 1.5 1.5 1.5 1.5 1.5 1.48106 3.93585 4.0017 4.06767 4.13917 4.21072 4.29167 4.36765 4.45027 4.52985 4.61532 4.69952 4.77835 4.84797 4.92029 4.9901 5.06012 5.13128 5.20014 5.27346 5.34985 5.4273 5.50332 5.57587 5.65135 5.73212 5.80993 5.88772 5.95614 6.02719 6.08484 7.92272 7.82854 7.84723 7.85914 7.87952 7.89812 7.9332 7.95873 7.98758 7.9929 7.9985 8.00532 8.00851 8.01315 8.01292 8.01372 8.00706 8.00189 7.99366 7.98801 
1.5 1.5 1.5 1.5 1.5 1.5 1.5 1.5 1.5 1.5 1.48411 3.9558 4.02216 4.08802 4.15577 4.22686 4.30597 4.38139 4.46473 4.54696 4.63854 4.72302 4.80272 4.87471 4.94833 5.01928 5.08639 5.15891 5.22573 5.29764 5.36838 5.44131 5.51176 5.58234 5.65534 5.7274 5.80141 5.87875 5.94802 6.01832 6.08595 7.92695 7.86616 7.84731 7.86918 7.88896 7.90564 7.94106 7.96596 7.99399 7.99761 8.00236 8.00773 8.00987 8.01354 8.01377 8.01368 8.0065 8.00036 7.99206 7.98551 
1.5 1.5 1.5 1.5 1.5 1.5 1.5 1.5 1.5 1.5 1.48638 3.96929 4.03824 4.10654 4.1787 4.25189 4.33153 4.40917 4.49308 4.57407 4.66185 4.74702 4.82741 4.89953 4.97343 5.04675 5.11739 5.19039 5.25034 5.31877 5.38816 5.45505 5.51955 5.58694 5.64962 5.72222 5.79361 5.87405 5.94544 6.01123 6.09877 7.93073 7.89581 7.87643 7.89915 7.90569 7.9197 7.95191 7.97521 7.99839 8.00237 8.0057 8.00806 8.00953 8.0122 8.01192 8.01294 8.00593 8.00081 7.99263 7.98508 
1.5 1.5 1.5 1.5 1.5 1.5 1.5 1.5 1.5 1.5 1.48964 3.99201 4.0591 4.12071 4.19024 4.25714 4.33408 4.41123 4.49966 4.58649 4.68426 4.77984 4.86529 4.9376 5.01109 5.08367 5.15265 5.22869 5.30083 5.36374 5.41933 5.47263 5.52306 5.58341 5.63867 5.70396 5.77113 5.85271 5.92723 6.01038 6.11147 7.96473 7.95961 7.92718 7.95371 7.96077 7.96663 7.97954 7.98985 8.00176 8.00056 8.00118 8.00402 8.00571 8.00903 8.00986 8.01064 8.00579 8.00168 7.9939 7.98779 
1.5 1.5 1.5 1.5 1.5 1.5 1.5 1.5 1.5 1.5 1.49377 4.02252 4.09038 4.15701 4.22372 4.29288 4.36725 4.43986 4.51972 4.59551 4.68646 4.77351 4.86262 4.94526 5.03231 5.12594 5.20967 5.28364 5.34395 5.40017 5.45262 5.49108 5.52757 5.57958 5.62305 5.6881 5.75684 5.84763 5.93231 6.01963 6.12572 8.00377 8.00964 8.02879 8.02368 8.02144 8.01527 8.00758 8.00299 7.99981 7.99671 7.99458 7.99728 7.9998 8.00434 8.00583 8.00809 8.00586 8.00422 7.99999 7.9914 
1.5 1.5 1.5 1.5 1.5 1.5 1.5 1.5 1.5 1.5 1.49722 4.04502 4.11544 4.18252 4.25103 4.31787 4.38991 4.45978 4.54153 4.62161 4.71035 4.80603 4.88478 4.95833 5.0444 5.1433 5.24564 5.34558 5.44497 5.46744 5.49355 5.49903 5.51609 5.56324 5.59638 5.64884 5.70824 5.79695 5.89317 5.99475 6.1178 8.03082 8.14311 8.1228 8.11056 8.0916 8.06684 8.03539 8.01356 7.9935 7.989 7.98482 7.98718 7.9915 7.99858 8.00179 8.00533 8.00861 8.0084 8.01183 8.00468 
1.5 1.5 1.5 1.5 1.5 1.5 1.5 1.5 1.5 1.5 1.50168 4.07811 4.14622 4.21279 4.27736 4.34074 4.40799 4.47784 4.54883 4.62731 4.71238 4.79806 4.89903 4.98403 5.08746 5.20307 5.30403 5.40644 5.53283 5.54168 5.53863 5.51262 5.50623 5.54258 5.55743 5.599 5.65765 5.74228 5.84493 5.94409 6.09421 8.11726 8.2889 8.22854 8.20506 8.16487 8.11007 8.05651 8.01908 7.98495 7.97864 7.97081 7.97503 7.98118 7.99176 7.9974 8.00339 8.012 8.01577 8.02311 8.01776 
1.5 1.5 1.5 1.5 1.5 1.5 1.5 1.5 1.5 1.5 1.50542 4.10776 4.17918 4.25138 4.32098 4.38753 4.4467 4.5056 4.55999 4.61933 4.6845 4.7624 4.85922 4.95602 5.08642 5.25162 5.39831 5.50089 5.6466 5.63665 5.59585 5.53859 5.50943 5.53741 5.53503 5.56131 5.59769 5.67857 5.78449 5.88534 6.06939 8.11321 8.33768 8.23617 8.24793 8.18298 8.13044 8.06564 8.01816 7.97406 7.96727 7.95726 7.96301 7.97129 7.9852 7.99344 8.00201 8.01633 8.0237 8.03786 8.03332 
1.5 1.5 1.5 1.5 1.5 1.5 1.5 1.5 1.5 1.5 1.51122 4.14891 4.22128 4.29105 4.35584 4.4155 4.47577 4.53621 4.58682 4.64428 4.69171 4.75206 4.83641 4.93091 5.09553 5.30125 5.53314 5.61767 5.79109 5.74944 5.65939 5.55913 5.49779 5.51117 5.48153 5.49068 5.51134 5.5921 5.70038 5.80583 6.03034 8.06031 8.29932 8.2468 8.25256 8.18634 8.13495 8.06533 8.01379 7.96537 7.95595 7.94427 7.95087 7.96073 7.97822 7.98956 8.00096 8.02128 8.0326 8.05198 8.04899 
1.5 1.5 1.5 1.5 1.5 1.5 1.5 1.5 1.5 1.5 1.52028 4.23014 4.30905 4.38749 4.46114 4.52528 4.57567 4.62576 4.65272 4.67981 4.69375 4.73468 4.80849 4.89687 5.06412 5.32312 5.65377 5.75734 5.88899 5.81695 5.6925 5.55553 5.47136 5.475 5.4281 5.4207 5.4289 5.5057 5.61828 5.72811 5.95999 7.89654 8.18123 8.14894 8.20703 8.15404 8.11648 8.0537 8.00358 7.95622 7.94642 7.93369 7.9412 7.95224 7.9727 7.98674 8.00099 8.02684 8.04147 8.06656 8.06485 
1.5 1.5 1.5 1.5 1.5 1.5 1.5 1.5 1.5 1.5 1.52708 4.29467 4.3825 4.47336 4.55469 4.63278 4.70053 4.7586 4.77546 4.786 4.76214 4.77762 4.81073 4.89137 5.06901 5.31776 5.69867 5.83055 5.9618 5.87302 5.72034 5.55684 5.45259 5.44953 5.39013 5.36829 5.36298 5.43163 5.53982 5.64354 5.85828 7.69816 8.02697 8.04302 8.1332 8.10617 8.08628 8.03518 7.99074 7.94744 7.9372 7.92434 7.93293 7.94507 7.96829 7.9846 8.00107 8.03197 8.04965 8.07981 8.07959 
1.5 1.5 1.5 1.5 1.5 1.5 1.5 1.5 1.5 1.5 1.53379 4.36251 4.45829 4.55913 4.65208 4.74381 4.81824 4.87987 4.89658 4.88055 4.82228 4.79814 4.82852 4.89941 5.0714 5.35238 5.7454 5.84388 6.01957 5.91021 5.74135 5.56184 5.44809 5.4431 5.37462 5.33886 5.31996 5.37551 5.47226 5.56449 5.76813 7.55053 7.85699 7.93463 8.05434 8.04619 8.04721 8.01166 7.97713 7.94068 7.93038 7.91738 7.92637 7.93918 7.96441 7.98301 8.00166 8.03702 8.05753 8.09318 8.0923 
1.5 1.5 1.5 1.5 1.5 1.5 1.5 1.5 1.5 1.5 1.53693 4.38983 4.49528 4.6101 4.72168 4.8351 4.92333 4.99218 4.99357 4.95656 4.85151 4.83615 4.83822 4.908 5.08602 5.40113 5.79318 5.89567 6.05099 5.96334 5.78599 5.59497 5.46187 5.44489 5.35745 5.30226 5.2695 5.31781 5.41481 5.50614 5.70034 7.47361 7.70104 7.84105 7.97601 7.98792 8.01182 7.99104 7.96507 7.93384 7.92378 7.91097 7.92123 7.93524 7.96239 7.98246 8.00251 8.04078 8.06308 8.10017 8.10192 
1.5 1.5 1.5 1.5 1.5 1.5 1.5 1.5 1.5 1.5 1.53911 4.40745 4.50689 4.62863 4.74345 4.8671 4.94604 5.00211 5.03906 5.00242 4.91046 4.85712 4.87841 4.95412 5.12748 5.45209 5.81122 5.94999 6.05259 5.96831 5.78515 5.59123 5.45896 5.44596 5.36042 5.29589 5.25346 5.29159 5.38446 5.47068 5.65807 7.43318 7.59812 7.77098 7.91925 7.94511 7.98297 7.97387 7.95474 7.92896 7.91906 7.90619 7.91753 7.93237 7.96139 7.9824 8.00343 8.04365 8.0671 8.10608 8.10858 
1.5 1.5 1.5 1.5 1.5 1.5 1.5 1.5 1.5 1.5 1.53768 4.38626 4.4853 4.61138 4.73009 4.86844 4.96885 5.06258 5.13337 5.05586 4.93201 4.8689 4.88347 4.95848 5.10522 5.44103 5.77466 5.97749 6.04098 5.96524 5.79005 5.58886 5.45516 5.4396 5.35515 5.28796 5.24213 5.28021 5.37119 5.45733 5.64922 7.43132 7.56407 7.74096 7.89395 7.92492 7.96596 7.96231 7.94732 7.92561 7.91605 7.90383 7.91575 7.93097 7.96084 7.98242 8.00401 8.04517 8.06919 8.10909 8.11167 
1.5 1.5 1.5 1.5 1.5 1.5 1.5 1.5 1.5 1.5 1.53834 4.40379 4.50264 4.63012 4.74152 4.87416 4.94696 5.03028 5.04425 5.00112 4.88371 4.8331 4.84863 4.91778 5.06911 5.40017 5.69265 5.93113 6.08955 5.96483 5.79889 5.59609 5.4607 5.44325 5.35363 5.28444 5.24049 5.27764 5.37137 5.45766 5.64918 7.4229 7.59368 7.753 7.90284 7.93164 7.97036 7.96421 7.94669 7.92304 7.91364 7.90156 7.91486 7.9304 7.96159 7.98315 8.00479 8.04559 8.07011 8.10889 8.1112 
1.5 1.5 1.5 1.5 1.5 1.5 1.5 1.5 1.5 1.5 1.53555 4.38156 4.4874 4.61023 4.7226 4.85696 4.92853 4.9999 4.99923 4.95293 4.85074 4.78056 4.79004 4.85419 4.98563 5.28588 5.56345 5.82629 6.09928 5.95656 5.80854 5.60601 5.46855 5.44647 5.35291 5.28755 5.24807 5.29117 5.38866 5.48056 5.68087 7.44899 7.68027 7.79811 7.94294 7.96123 7.98827 7.97341 7.95016 7.92247 7.91243 7.90179 7.91552 7.93174 7.96236 7.98353 8.00488 8.0445 8.06732 8.10731 8.10703 
1.5 1.5 1.5 1.5 1.5 1.5 1.5 1.5 1.5 1.5 1.53202 4.35338 4.44729 4.55816 4.65269 4.76234 4.8207 4.89037 4.89552 4.86915 4.77538 4.73693 4.75751 4.82381 4.95032 5.22578 5.48743 5.73568 6.04092 5.9145 5.77545 5.58802 5.46095 5.44669 5.36779 5.31696 5.28927 5.33775 5.43328 5.5221 5.73312 7.51015 7.82634 7.8979 8.01192 8.01013 8.01424 7.98601 7.95616 7.92496 7.91635 7.90519 7.91836 7.93415 7.96363 7.98406 8.00474 8.04181 8.06309 8.09835 8.09918 
1.5 1.5 1.5 1.5 1.5 1.5 1.5 1.5 1.5 1.5 1.52484 4.28215 4.3693 4.46837 4.55329 4.64818 4.70569 4.76801 4.77913 4.77399 4.72399 4.69625 4.72314 4.79165 4.92309 5.16535 5.42969 5.66099 6.04332 5.90137 5.77034 5.59761 5.47237 5.4591 5.3859 5.34404 5.32496 5.38072 5.4846 5.58247 5.80171 7.62672 7.9819 7.98878 8.07999 8.06114 8.04582 8.00488 7.96662 7.92873 7.91993 7.90838 7.92064 7.93669 7.96621 7.9851 8.00487 8.03849 8.05775 8.0891 8.08888 
1.5 1.5 1.5 1.5 1.5 1.5 1.5 1.5 1.5 1.5 1.51766 4.21684 4.2987 4.38528 4.45953 4.53473 4.5844 4.63073 4.65931 4.67028 4.655 4.65758 4.70899 4.78215 4.90241 5.13924 5.39542 5.61896 5.98238 5.88612 5.75248 5.60402 5.49241 5.48727 5.42455 5.39576 5.38932 5.45088 5.55698 5.65668 5.88095 7.7911 8.11037 8.07505 8.1335 8.10153 8.07198 8.02113 7.9777 7.93546 7.92704 7.91535 7.9266 7.94265 7.96948 7.98713 8.00522 8.03457 8.05115 8.07754 8.0761 
1.5 1.5 1.5 1.5 1.5 1.5 1.5 1.5 1.5 1.5 1.50898 4.13947 4.21254 4.28853 4.35542 4.42121 4.48148 4.54162 4.58565 4.62822 4.64032 4.67156 4.72686 4.80171 4.92845 5.13709 5.37448 5.56644 5.78791 5.86146 5.72948 5.62603 5.53116 5.53398 5.48514 5.46803 5.47087 5.53467 5.6388 5.73722 5.94709 7.92145 8.19605 8.13064 8.16367 8.12412 8.08543 8.03045 7.98638 7.94372 7.93583 7.92504 7.93587 7.94981 7.97374 7.98934 8.00523 8.03003 8.04354 8.06548 8.06232 
1.5 1.5 1.5 1.5 1.5 1.5 1.5 1.5 1.5 1.5 1.50305 4.09533 4.16717 4.24232 4.31439 4.38518 4.4449 4.50299 4.55231 4.59889 4.63622 4.6867 4.75713 4.8377 4.95618 5.13435 5.3292 5.4997 5.63305 5.76593 5.66161 5.61031 5.54834 5.56868 5.54886 5.55068 5.56635 5.62907 5.72548 5.81591 5.98877 7.98308 8.22163 8.14735 8.16975 8.12934 8.09589 8.03842 7.9928 7.95182 7.94504 7.93555 7.94517 7.95825 7.97908 7.9923 8.00583 8.0255 8.03596 8.05302 8.04822 
1.5 1.5 1.5 1.5 1.5 1.5 1.5 1.5 1.5 1.5 1.49982 4.06651 4.13484 4.20428 4.2699 4.33572 4.40307 4.47164 4.53955 4.60433 4.66731 4.73171 4.80721 4.88118 4.99022 5.13887 5.297 5.42357 5.55478 5.65337 5.59007 5.57349 5.54386 5.57766 5.57704 5.59718 5.63186 5.70739 5.80528 5.89578 6.03343 8.02081 8.18279 8.13169 8.13999 8.10502 8.07171 8.02595 7.99173 7.96058 7.9549 7.94824 7.95674 7.96721 7.98451 7.99558 8.00678 8.02149 8.02892 8.04006 8.0343 
1.5 1.5 1.5 1.5 1.5 1.5 1.5 1.5 1.5 1.5 1.49582 4.03802 4.10661 4.17576 4.24452 4.31438 4.38593 4.45856 4.53286 4.60594 4.6816 4.7603 4.83964 4.91577 5.01467 5.13574 5.26511 5.38352 5.48175 5.53534 5.53121 5.544 5.54935 5.59694 5.61783 5.65353 5.69659 5.77419 5.86649 5.96291 6.0801 7.98166 8.0846 8.08636 8.08783 8.06585 8.04643 8.01385 7.98996 7.96666 7.96352 7.95882 7.96649 7.97583 7.99016 7.99903 8.00818 8.01794 8.02266 8.02906 8.02186 
1.5 1.5 1.5 1.5 1.5 1.5 1.5 1.5 1.5 1.5 1.49341 4.01936 4.08724 4.15651 4.22535 4.29749 4.37184 4.44534 4.5223 4.59838 4.68524 4.77257 4.86169 4.94171 5.0383 5.14351 5.24747 5.33272 5.38739 5.44781 5.48227 5.5198 5.55439 5.60964 5.64336 5.69059 5.74198 5.82154 5.90691 5.99343 6.10975 7.97909 7.99862 8.02496 8.03015 8.01953 8.01247 7.99604 7.9842 7.97202 7.97107 7.96911 7.97738 7.98433 7.99581 8.00254 8.00969 8.01491 8.01716 8.01795 8.01121 
1.5 1.5 1.5 1.5 1.5 1.5 1.5 1.5 1.5 1.5 1.49079 4.00006 4.06688 4.13478 4.20403 4.27717 4.35446 4.43258 4.51916 4.60471 4.7015 4.79337 4.88544 4.95969 5.04027 5.11586 5.18888 5.26068 5.32622 5.39338 5.44629 5.49892 5.55438 5.61413 5.66386 5.71957 5.77731 5.852 5.92765 6.00582 6.11488 7.97019 7.93972 7.95632 7.98046 7.97555 7.97665 7.97857 7.97659 7.97575 7.97652 7.97686 7.9845 7.99035 8 8.0055 8.0115 8.01283 8.01312 8.0095 8.00303 
1.5 1.5 1.5 1.5 1.5 1.5 1.5 1.5 1.5 1.5 1.48846 3.98471 4.05312 4.12347 4.19528 4.27034 4.35091 4.43105 4.51486 4.59705 4.68806 4.77621 4.85865 4.93196 5.00928 5.08151 5.15274 5.2203 5.28617 5.35088 5.41428 5.47708 5.54482 5.61174 5.67391 5.74154 5.80762 5.88382 5.95225 6.01832 6.11244 7.92896 7.8975 7.90561 7.9409 7.9426 7.95418 7.96439 7.97021 7.97693 7.97925 7.98165 7.98965 7.99581 8.00344 8.00787 8.01325 8.01203 8.01063 8.00575 7.99798 
1.5 1.5 1.5 1.5 1.5 1.5 1.5 1.5 1.5 1.5 1.48603 3.96757 4.03547 4.1026 4.17231 4.24618 4.32365 4.40191 4.48688 4.56971 4.66576 4.75392 4.83825 4.91239 4.98674 5.05604 5.12211 5.18653 5.25076 5.31853 5.38976 5.46306 5.5375 5.60845 5.6827 5.75327 5.82566 5.90072 5.96587 6.03097 6.1035 7.91011 7.87186 7.88876 7.91328 7.92169 7.93553 7.95305 7.96475 7.97712 7.98007 7.98327 7.99046 7.99674 8.00511 8.00945 8.01346 8.01103 8.00813 8.00119 7.99528 
1.5 1.5 1.5 1.5 1.5 1.5 1.5 1.5 1.5 1.5 1.48298 3.94425 4.01169 4.07984 4.15249 4.22539 4.30639 4.38562 4.47065 4.55291 4.64443 4.73283 4.81544 4.88729 4.95986 5.02716 5.09133 5.15804 5.22678 5.29662 5.37234 5.44955 5.52783 5.60118 5.67805 5.76119 5.83511 5.90907 5.97002 6.03272 6.09269 7.87239 7.87234 7.89983 7.90687 7.91706 7.92952 7.94753 7.96085 7.97512 7.97915 7.98306 7.99144 7.99797 8.00566 8.00906 8.01325 8.0106 8.00815 8.00177 7.99551 
1.5 1.5 1.5 1.5 1.5 1.5 1.5 1.5 1.5 1.5 1.48024 3.92827 3.99637 4.06363 4.13722 4.21017 4.29099 4.36818 4.45001 4.53152 4.62115 4.70818 4.7891 4.86088 4.93436 5.00285 5.07028 5.13771 5.20536 5.27693 5.35442 5.43229 5.51101 5.58399 5.66236 5.74523 5.8261 5.90152 5.96745 6.03132 6.09039 7.9483 7.93314 7.92855 7.91738 7.92309 7.92719 7.94413 7.95684 7.97172 7.97666 7.9816 7.99014 7.99626 8.00477 8.00807 8.01233 8.01019 8.00819 8.00207 7.99725 
1.5 1.5 1.5 1.5 1.5 1.5 1.5 1.5 1.5 1.5 1.47805 3.91333 3.98002 4.04872 4.11997 4.1936 4.27325 4.34862 4.42965 4.50868 4.59874 4.68182 4.7615 4.83285 4.90587 4.97521 5.04367 5.11253 5.18053 5.25407 5.33285 5.41234 5.49157 5.56475 5.64488 5.73023 5.81581 5.89646 5.97358 6.05114 6.11774 8.10353 8.0038 7.97549 7.93651 7.93589 7.93363 7.94461 7.95512 7.96985 7.97496 7.98059 7.98878 7.99495 8.00271 8.00628 8.01083 8.00945 8.00832 8.00358 8.00023 
1.5 1.5 1.5 1.5 1.5 1.5 1.5 1.5 1.5 1.5 1.47507 3.89799 3.96376 4.03368 4.10529 4.17844 4.25612 4.33045 4.40964 4.48642 4.57098 4.65349 4.72887 4.80372 4.87826 4.95178 5.02484 5.0976 5.1681 5.24474 5.32731 5.41068 5.49385 5.56997 5.65548 5.74494 5.83608 5.91887 6.00023 6.07853 6.14574 8.15096 8.03513 8.00434 7.95611 7.94999 7.94215 7.94873 7.95652 7.96918 7.97397 7.97915 7.98715 7.99312 8.00059 8.00438 8.00849 8.00858 8.00839 8.00513 8.00352 
1.5 1.5 1.5 1.5 1.5 1.5 1.5 1.5 1.5 1.5 1.4742 3.88862 3.95484 4.02454 4.09481 4.1703 4.24586 4.32162 4.40106 4.47779 4.56459 4.64364 4.72645 4.79874 4.87519 4.95085 5.02661 5.09987 5.17198 5.24864 5.33159 5.41528 5.49749 5.5735 5.65843 5.74817 5.83894 5.92314 6.00377 6.08582 6.15407 8.13972 8.05163 8.01946 7.97073 7.96317 7.95229 7.95499 7.96 7.96946 7.97352 7.97862 7.98606 7.99245 7.99989 8.003 8.0063 8.00743 8.00783 8.00671 8.00624 
1.5 1.5 1.5 1.5 1.5 1.5 1.5 1.5 1.5 1.5 1.4743 3.8894 3.95698 4.02348 4.09634 4.16877 4.24368 4.31817 4.39568 4.4712 4.5548 4.63605 4.7165 4.78814 4.86534 4.94356 5.02236 5.09789 5.17045 5.24837 5.33156 5.41704 5.49958 5.57597 5.66065 5.75022 5.84014 5.9243 6.00352 6.0843 6.15215 8.10842 8.04955 8.02149 7.98084 7.97281 7.96192 7.96167 7.96466 7.97087 7.97499 7.97911 7.98664 7.99234 7.99944 8.00205 8.00458 8.00655 8.00731 8.007 8.00794 
1.5 1.5 1.5 1.5 1.5 1.5 1.5 1.5 1.5 1.5 1.47406 3.88831 3.95528 4.02274 4.09347 4.1664 4.24077 4.31352 4.38945 4.46433 4.54697 4.6263 4.70912 4.78059 4.85879 4.93926 5.01997 5.09776 5.1703 5.24976 5.33323 5.41913 5.50163 5.57722 5.66067 5.74811 5.83614 5.91857 5.9952 6.07391 6.1413 8.0755 8.03721 8.01607 7.98764 7.97881 7.96975 7.96794 7.96891 7.97257 7.97646 7.98016 7.98742 7.99317 8.00002 8.00155 8.00428 8.00583 8.0065 8.00692 8.0084 
1.5 1.5 1.5 1.5 1.5 1.5 1.5 1.5 1.5 1.5 1.47403 3.88901 3.95523 4.0237 4.09212 4.16419 4.23746 4.30952 4.38391 4.45818 4.54159 4.61884 4.70124 4.77243 4.85215 4.93418 5.0171 5.09706 5.17005 5.2509 5.3348 5.41989 5.50231 5.57757 5.6601 5.74528 5.83059 5.91136 5.98483 6.06023 6.12746 8.04332 8.01874 8.00518 7.98692 7.9806 7.97592 7.97188 7.97274 7.975 7.97867 7.98197 7.98956 7.99459 8.00141 8.00298 8.00454 8.00574 8.00596 8.00624 8.00761 
1.5 1.5 1.5 1.5 1.5 1.5 1.5 1.5 1.5 1.5 1.47419 3.889 3.95491 4.02273 4.09225 4.1628 4.23411 4.3059 4.37965 4.45346 4.53431 4.61473 4.69485 4.76674 4.8467 4.93054 5.01551 5.09714 5.17066 5.25283 5.33718 5.42214 5.50366 5.57829 5.65896 5.7408 5.82245 5.89906 5.97131 6.04419 6.11161 8.01374 7.9995 7.99238 7.98096 7.97816 7.9744 7.97308 7.97444 7.97723 7.98104 7.98452 7.99204 7.99724 8.00341 8.00432 8.00555 8.00579 8.00548 8.00525 8.00577 
1.5 1.5 1.5 1.5 1.5 1.5 1.5 1.5 1.5 1.5 1.47428 3.8895 3.95548 4.02224 4.09079 4.16104 4.23184 4.30352 4.37693 4.44994 4.5319 4.61026 4.68949 4.76206 4.84272 4.9286 5.0148 5.09713 5.17128 5.25385 5.33919 5.42467 5.50555 5.5796 5.65827 5.73705 5.81542 5.8898 5.96054 6.03176 6.09892 7.99116 7.98449 7.98204 7.97666 7.97573 7.97367 7.97379 7.97554 7.97882 7.98268 7.98621 7.99402 7.99933 8.00547 8.006 8.00685 8.00611 8.00508 8.00431 8.00397 
1.5 1.5 1.5 1.5 1.5 1.5 1.5 1.5 1.5 1.5 1.47456 3.89053 3.9553 4.02285 4.0901 4.16024 4.23204 4.30115 4.37466 4.44664 4.52726 4.60638 4.68617 4.75915 4.84006 4.92664 5.01309 5.09629 5.17164 5.25431 5.34 5.42504 5.50501 5.5788 5.65612 5.73249 5.80745 5.87996 5.94965 6.01905 6.08789 7.97437 7.97377 7.97394 7.9725 7.97261 7.97163 7.97254 7.97461 7.97849 7.98375 7.98868 7.99679 8.00267 8.00731 8.00735 8.00769 8.0061 8.00497 8.00339 8.00172 
1.5 1.5 1.5 1.5 1.5 1.5 1.5 1.5 1.5 1.5 1.4744 3.89053 3.95488 4.02137 4.08855 4.1583 4.22978 4.29952 4.37218 4.44507 4.52619 4.60414 4.68241 4.75412 4.8352 4.92251 5.0116 5.09715 5.17321 5.25768 5.34368 5.42884 5.50753 5.57992 5.65441 5.72683 5.79839 5.8675 5.93673 6.00621 6.07662 7.96133 7.96524 7.9655 7.96634 7.96523 7.96414 7.96871 7.97317 7.98183 7.98784 7.99415 8.00037 8.00419 8.00725 8.00794 8.00881 8.00668 8.00545 8.00217 7.9989 
