51 61 1.5 0.33
0 2 4 6 8 10 12 14 16 18 20 22 24 26 28 30 32 34 36 38 40 42 44 46 48 50 52 54 56 58 60 62 64 66 68 70 72 74 76 78 80 82 84 86 88 90 92 94 96 98 100 
0 0 0 0 0 0 0 0 0 0 0 0 0 0 0 0 0 0 0 0 0 0 0 0 0 0 0 0 0 0 0 0 0 0 0 0 0 0 0 0 0 0 0 0 0 0 0 0 0 0 0 
0 0.2 0.4 0.6 0.8 1 1.2 1.4 1.6 1.8 2 2.2 2.4 2.6 2.8 3 3.2 3.4 3.6 3.8 4 4.2 4.4 4.6 4.8 5 5.2 5.4 5.6 5.8 6 6.2 6.4 6.6 6.8 7 7.2 7.4 7.6 7.8 8 8.2 8.4 8.6 8.8 9 9.2 9.4 9.6 9.8 10 10.2 10.4 10.6 10.8 11 11.2 11.4 11.6 11.8 12 
1.5 1.5 1.5 1.5 1.5 1.5 1.5 1.5 1.5 1.5 1.48478 3.96094 4.02771 4.09499 4.16256 4.23141 4.30186 4.37118 4.44304 4.5154 4.59378 4.66922 4.74508 4.81605 4.89157 4.96877 5.04549 5.11973 5.19043 5.26419 5.33792 5.41086 5.48224 5.55206 5.62172 5.69148 5.76031 5.83018 5.90049 5.97014 6.04348 7.90971 7.92653 7.93685 7.9538 7.96381 7.97412 7.98809 7.99737 8.0072 8.00943 8.01246 8.01143 8.00918 8.0056 8.00326 8.00078 7.9986 7.99731 7.99661 7.99622 
1.5 1.5 1.5 1.5 1.5 1.5 1.5 1.5 1.5 1.5 1.48445 3.95912 4.026 4.09408 4.16201 4.2319 4.30294 4.37229 4.44447 4.51666 4.59425 4.67146 4.74698 4.81899 4.89493 4.9728 5.05074 5.12692 5.19778 5.27153 5.34303 5.41644 5.485 5.55563 5.62353 5.69426 5.76601 5.83751 5.9065 5.97862 6.05148 7.91821 7.93248 7.94304 7.95709 7.96463 7.97231 7.9842 7.9924 8.00187 8.00552 8.00804 8.00865 8.00797 8.00576 8.00399 8.00211 8.0001 7.99889 7.998 7.99768 
1.5 1.5 1.5 1.5 1.5 1.5 1.5 1.5 1.5 1.5 1.48426 3.95736 4.02378 4.09166 4.16061 4.23092 4.30313 4.37359 4.44658 4.51919 4.59822 4.67351 4.75062 4.8215 4.89902 4.97763 5.05777 5.13267 5.20526 5.27782 5.352 5.42279 5.49452 5.56208 5.6338 5.70274 5.77477 5.84388 5.91669 5.98525 6.06051 7.93367 7.94787 7.95126 7.96215 7.96678 7.97237 7.98163 7.98831 7.99717 7.99937 8.00279 8.00519 8.00609 8.00608 8.00484 8.00398 8.00194 8.00032 7.99866 7.99851 
1.5 1.5 1.5 1.5 1.5 1.5 1.5 1.5 1.5 1.5 1.4837 3.95389 4.02094 4.08953 4.15926 4.22991 4.30204 4.37411 4.44856 4.5215 4.60072 4.67749 4.7547 4.82678 4.90431 4.9848 5.06491 5.14193 5.21375 5.28792 5.36064 5.43323 5.50367 5.57197 5.64284 5.71521 5.78662 5.85866 5.92885 6.00131 6.07349 7.95524 7.96135 7.96495 7.96861 7.97111 7.97306 7.9788 7.98367 7.98991 7.99392 7.99739 8.00165 8.0042 8.00636 8.00602 8.00574 8.00384 8.00247 8.00014 7.99952 
1.5 1.5 1.5 1.5 1.5 1.5 1.5 1.5 1.5 1.5 1.4832 3.94936 4.01692 4.08553 4.15632 4.22833 4.30146 4.37464 4.44978 4.52387 4.60298 4.68056 4.76028 4.83247 4.91064 4.99224 5.0736 5.15133 5.22368 5.29847 5.37205 5.44479 5.51604 5.58585 5.65728 5.72917 5.80118 5.87399 5.94626 6.01864 6.09035 7.98755 7.98378 7.98082 7.97606 7.97515 7.97322 7.97506 7.97786 7.98237 7.98676 7.99019 7.9973 8.00182 8.00667 8.00714 8.00782 8.00608 8.00467 8.00165 8.00078 
1.5 1.5 1.5 1.5 1.5 1.5 1.5 1.5 1.5 1.5 1.48238 3.94378 4.01145 4.08222 4.15242 4.22535 4.30041 4.37476 4.45147 4.52605 4.60649 4.68516 4.76667 4.83886 4.91775 4.99985 5.08193 5.16017 5.23266 5.30802 5.38241 5.45651 5.52853 5.5991 5.67106 5.74348 5.8166 5.89013 5.96252 6.03644 6.10704 8.0179 8.00515 7.99667 7.98309 7.97911 7.97335 7.97182 7.97292 7.9766 7.98126 7.98569 7.99381 8.00003 8.00679 8.00816 8.00946 8.0076 8.00634 8.00304 8.00189 
1.5 1.5 1.5 1.5 1.5 1.5 1.5 1.5 1.5 1.5 1.48144 3.93824 4.00572 4.07555 4.14804 4.22232 4.29835 4.37262 4.45041 4.5259 4.6076 4.68909 4.77021 4.84345 4.92366 5.00604 5.089 5.16723 5.24017 5.31751 5.39181 5.46716 5.54034 5.6137 5.68499 5.75833 5.83186 5.90552 5.97922 6.05291 6.12432 8.05286 8.03085 8.01247 7.98966 7.98197 7.97234 7.9683 7.96877 7.97232 7.976 7.98221 7.99164 7.99871 8.00668 8.00825 8.01083 8.00868 8.00805 8.0042 8.00288 
1.5 1.5 1.5 1.5 1.5 1.5 1.5 1.5 1.5 1.5 1.47996 3.9282 3.99726 4.06653 4.13829 4.21509 4.29348 4.36914 4.44804 4.52464 4.60854 4.69221 4.77454 4.84869 4.92921 5.01129 5.09358 5.17203 5.24497 5.32131 5.39832 5.47512 5.54966 5.62147 5.69548 5.76905 5.84327 5.91664 5.99025 6.06408 6.13538 8.08264 8.04737 8.0206 7.99163 7.9824 7.97083 7.96669 7.96739 7.97209 7.97553 7.98239 7.99049 7.99834 8.00606 8.00764 8.0103 8.00894 8.00738 8.00505 8.00339 
1.5 1.5 1.5 1.5 1.5 1.5 1.5 1.5 1.5 1.5 1.47969 3.92801 3.99694 4.06579 4.13821 4.2143 4.29088 4.3675 4.44462 4.52069 4.60594 4.68912 4.76737 4.84337 4.92393 5.00628 5.08849 5.16709 5.24023 5.31739 5.3967 5.47639 5.55378 5.62827 5.70528 5.78146 5.85473 5.92643 6.00074 6.07099 6.14554 8.11502 8.07636 8.0312 7.99391 7.981 7.96789 7.96438 7.96831 7.97333 7.98077 7.98459 7.99451 7.99966 8.0056 8.00672 8.0077 8.00733 8.00648 8.00418 8.00346 
1.5 1.5 1.5 1.5 1.5 1.5 1.5 1.5 1.5 1.5 1.48007 3.93196 4.00011 4.0721 4.14351 4.22064 4.30078 4.37899 4.46015 4.53807 4.62411 4.70759 4.79126 4.86495 4.94351 5.02247 5.10029 5.17566 5.24673 5.32069 5.39702 5.473 5.54762 5.61921 5.69401 5.76949 5.84505 5.9179 5.98873 6.05882 6.12537 8.05729 8.04945 8.00103 7.9781 7.97395 7.96656 7.97082 7.97587 7.98493 7.99004 7.99535 8.00023 8.00254 8.00458 8.00446 8.00435 8.00373 8.00323 8.00272 8.00277 
1.5 1.5 1.5 1.5 1.5 1.5 1.5 1.5 1.5 1.5 1.48012 3.93413 4.00318 4.07311 4.14646 4.22491 4.30687 4.38486 4.46669 4.54653 4.63415 4.72098 4.80297 4.87695 4.95502 5.03277 5.11008 5.18532 5.25751 5.33299 5.41156 5.49019 5.56733 5.6417 5.71827 5.79179 5.86349 5.93006 5.98968 6.05148 6.10418 7.92392 7.98288 7.97149 7.96196 7.96702 7.96867 7.9789 7.9869 7.9962 8.00159 8.0059 8.00708 8.00611 8.00389 8.00242 8.00081 8.00017 7.99998 8.0006 8.00163 
1.5 1.5 1.5 1.5 1.5 1.5 1.5 1.5 1.5 1.5 1.48098 3.93933 4.00734 4.07754 4.15308 4.23038 4.31409 4.39282 4.47756 4.55708 4.64538 4.73283 4.8148 4.88776 4.96466 5.0416 5.11715 5.1911 5.26248 5.33674 5.41412 5.49186 5.57136 5.64496 5.72283 5.79991 5.87271 5.94172 6.0003 6.06276 6.1106 7.91844 7.87449 7.93471 7.94092 7.95611 7.97287 7.99068 8.00162 8.014 8.01563 8.01843 8.01453 8.00996 8.00334 8.00051 7.99732 7.99623 7.99628 7.99784 7.99989 
1.5 1.5 1.5 1.5 1.5 1.5 1.5 1.5 1.5 1.5 1.48229 3.94575 4.01408 4.08431 4.15903 4.23861 4.32311 4.40377 4.4894 4.56955 4.6615 4.74581 4.82667 4.89939 4.97492 5.04938 5.12351 5.19541 5.267 5.33962 5.41551 5.4929 5.57049 5.64596 5.72589 5.79879 5.87238 5.94077 5.99894 6.06094 6.10986 7.91445 7.87813 7.90266 7.93543 7.95801 7.98361 8.00711 8.01907 8.03091 8.03015 8.02974 8.02132 8.01323 8.0028 7.99863 7.99459 7.99331 7.99264 7.99467 7.99762 
1.5 1.5 1.5 1.5 1.5 1.5 1.5 1.5 1.5 1.5 1.48385 3.95208 4.02206 4.09392 4.16921 4.24639 4.33283 4.41469 4.49982 4.58093 4.66849 4.7549 4.83457 4.90748 4.98148 5.05271 5.12549 5.19775 5.26988 5.34534 5.41708 5.49413 5.57259 5.64722 5.72252 5.79853 5.87208 5.94085 5.99873 6.05935 6.10579 7.89374 7.86403 7.90476 7.94804 7.9652 7.99972 8.02588 8.03824 8.04835 8.04522 8.04122 8.0275 8.01616 8.00259 7.99787 7.992 7.99066 7.99019 7.99153 7.9951 
1.5 1.5 1.5 1.5 1.5 1.5 1.5 1.5 1.5 1.5 1.48634 3.9647 4.03543 4.10186 4.18228 4.25888 4.34257 4.42608 4.51268 4.59375 4.67964 4.76632 4.84521 4.9146 4.98633 5.0549 5.12013 5.19505 5.26374 5.33811 5.41122 5.48719 5.56344 5.63801 5.71555 5.79104 5.8647 5.93352 5.99016 6.05241 6.09985 7.88994 7.86803 7.90855 7.99303 7.9968 8.03335 8.05308 8.05829 8.06434 8.0548 8.04731 8.0312 8.01751 8.00243 7.99726 7.99233 7.98951 7.98851 7.98835 7.99226 
1.5 1.5 1.5 1.5 1.5 1.5 1.5 1.5 1.5 1.5 1.49107 3.99759 4.06673 4.13368 4.20152 4.27564 4.36306 4.43675 4.51992 4.606 4.6856 4.76532 4.84646 4.91588 4.99004 5.05755 5.12078 5.18907 5.25498 5.32721 5.40233 5.47917 5.55623 5.62738 5.70594 5.78865 5.86427 5.93215 5.98608 6.05109 6.09042 7.86999 7.87533 7.96722 8.05557 8.03647 8.06772 8.07667 8.07743 8.07543 8.0626 8.05216 8.03381 8.01872 8.00311 7.99839 7.99251 7.98864 7.98763 7.98551 7.9893 
1.5 1.5 1.5 1.5 1.5 1.5 1.5 1.5 1.5 1.5 1.49516 4.02565 4.09676 4.16835 4.24489 4.32378 4.40447 4.47797 4.5543 4.63262 4.70851 4.78416 4.86315 4.9328 4.99987 5.06003 5.11923 5.18736 5.25546 5.32808 5.39655 5.46673 5.53588 5.60612 5.67929 5.75442 5.82907 5.90153 5.9683 6.03461 6.0705 7.89902 7.97962 8.04428 8.08571 8.07323 8.09244 8.09148 8.08592 8.08016 8.06588 8.05453 8.03519 8.02021 8.00521 8.00059 7.99522 7.99068 7.98768 7.98509 7.9874 
1.5 1.5 1.5 1.5 1.5 1.5 1.5 1.5 1.5 1.5 1.50217 4.07589 4.13936 4.20332 4.27209 4.34501 4.42419 4.50397 4.58253 4.66792 4.75111 4.82441 4.89134 4.95192 5.01386 5.07481 5.12765 5.18834 5.25608 5.32462 5.38164 5.44036 5.50162 5.57109 5.64266 5.7226 5.81049 5.88127 5.94984 6.0165 6.07589 8.00268 8.0886 8.10771 8.11678 8.10943 8.10649 8.09865 8.08968 8.08045 8.06658 8.0549 8.03622 8.02184 8.00772 8.00332 7.99915 7.99331 7.99005 7.98416 7.98565 
1.5 1.5 1.5 1.5 1.5 1.5 1.5 1.5 1.5 1.5 1.50855 4.12619 4.19364 4.26087 4.33502 4.40621 4.47273 4.54798 4.61027 4.674 4.75293 4.82702 4.91443 5.00104 5.07087 5.12571 5.17282 5.22182 5.28281 5.34424 5.38597 5.43363 5.48815 5.5542 5.61822 5.69029 5.76381 5.84332 5.92245 5.99705 6.08632 8.05498 8.12441 8.08304 8.11253 8.10162 8.10101 8.09556 8.08657 8.07823 8.06486 8.05301 8.03671 8.02375 8.01161 8.00799 8.00443 7.99722 7.99289 7.98595 7.98497 
1.5 1.5 1.5 1.5 1.5 1.5 1.5 1.5 1.5 1.5 1.51626 4.18087 4.247 4.30675 4.37 4.44634 4.51237 4.59683 4.66691 4.7412 4.81635 4.88289 4.95242 5.0254 5.11292 5.2037 5.27316 5.29361 5.3457 5.38506 5.39779 5.41436 5.44822 5.50329 5.55653 5.62832 5.70481 5.79889 5.88776 5.97791 6.11324 8.06829 8.0763 8.07831 8.09572 8.08821 8.08867 8.08342 8.0775 8.06907 8.06097 8.05115 8.03831 8.02774 8.01715 8.01302 8.00908 8.00068 7.99571 7.988 7.98515 
1.5 1.5 1.5 1.5 1.5 1.5 1.5 1.5 1.5 1.5 1.52574 4.26615 4.34217 4.40751 4.47188 4.53783 4.5982 4.66652 4.72325 4.78546 4.85044 4.92364 5.01262 5.09981 5.19018 5.27688 5.37259 5.36927 5.41271 5.42759 5.40406 5.39212 5.40569 5.45279 5.49401 5.56118 5.6374 5.73962 5.84102 5.94635 6.10967 7.98728 8.03139 8.03987 8.06956 8.06243 8.06453 8.06474 8.06311 8.06002 8.05492 8.04963 8.04008 8.0315 8.02187 8.01776 8.01361 8.00458 7.99906 7.99055 7.98572 
1.5 1.5 1.5 1.5 1.5 1.5 1.5 1.5 1.5 1.5 1.53135 4.31453 4.39618 4.48284 4.57094 4.65093 4.72683 4.79665 4.85343 4.9112 4.95485 5.00397 5.06 5.13021 5.23016 5.34613 5.47872 5.45315 5.48766 5.46896 5.40931 5.36215 5.35755 5.39941 5.43446 5.50353 5.58363 5.6927 5.79569 5.90022 6.08934 7.89252 7.98547 8.01287 8.03984 8.03276 8.03407 8.04009 8.04482 8.05022 8.04894 8.04804 8.04204 8.03537 8.02718 8.02264 8.01825 8.00837 8.00206 7.99296 7.98682 
1.5 1.5 1.5 1.5 1.5 1.5 1.5 1.5 1.5 1.5 1.53755 4.37503 4.46405 4.55711 4.6502 4.72386 4.80208 4.86854 4.92305 4.97555 5.00889 5.05144 5.11301 5.18784 5.29264 5.43004 5.59283 5.54101 5.56367 5.52245 5.4327 5.35918 5.33873 5.37469 5.40038 5.4654 5.54308 5.65287 5.75664 5.86541 6.06204 7.80213 7.95486 7.9762 8.00946 8.00112 8.00131 8.01408 8.02624 8.03976 8.04235 8.04603 8.04407 8.03962 8.03292 8.02725 8.0218 8.01116 8.00421 7.9959 7.98837 
1.5 1.5 1.5 1.5 1.5 1.5 1.5 1.5 1.5 1.5 1.54023 4.41192 4.50997 4.61003 4.70821 4.78541 4.86096 4.92567 4.97868 5.02448 5.04832 5.10213 5.16071 5.24078 5.35907 5.51852 5.68581 5.63675 5.65932 5.59095 5.46755 5.3633 5.3232 5.35253 5.37108 5.43575 5.51559 5.63075 5.73837 5.85272 6.04741 7.79499 7.91592 7.94605 7.96698 7.96785 7.96948 7.98874 8.0079 8.03048 8.03787 8.047 8.04747 8.04353 8.03599 8.0301 8.02422 8.01341 8.00653 7.99777 7.98955 
1.5 1.5 1.5 1.5 1.5 1.5 1.5 1.5 1.5 1.5 1.54049 4.41474 4.50942 4.61423 4.71082 4.80516 4.89111 4.96428 5.03264 5.08084 5.10845 5.14793 5.21094 5.2895 5.40826 5.56473 5.73205 5.6773 5.70136 5.6271 5.50352 5.38817 5.34307 5.37111 5.38453 5.44459 5.51974 5.62814 5.73221 5.84138 5.99587 7.77718 7.87804 7.91942 7.93742 7.94182 7.94521 7.97011 7.99502 8.02486 8.03505 8.0474 8.04947 8.04582 8.03829 8.03213 8.026 8.01501 8.00796 7.99915 7.99054 
1.5 1.5 1.5 1.5 1.5 1.5 1.5 1.5 1.5 1.5 1.53865 4.41327 4.51212 4.62749 4.73089 4.82975 4.91881 5.00209 5.09029 5.11356 5.12889 5.16682 5.22813 5.31065 5.41839 5.56952 5.735 5.68528 5.71912 5.63892 5.50932 5.39007 5.34058 5.36976 5.38849 5.45607 5.53744 5.64463 5.73767 5.8281 5.96586 7.76958 7.85677 7.90032 7.92635 7.93188 7.93576 7.96258 7.99113 8.02215 8.03292 8.04587 8.04939 8.04668 8.04042 8.03345 8.02666 8.01532 8.00785 7.99974 7.99124 
1.5 1.5 1.5 1.5 1.5 1.5 1.5 1.5 1.5 1.5 1.54055 4.41344 4.50815 4.61504 4.71064 4.80813 4.8893 4.97084 5.03262 5.07876 5.10066 5.14801 5.20993 5.2913 5.40898 5.56748 5.73053 5.67638 5.70125 5.62687 5.50245 5.38668 5.34088 5.36852 5.38112 5.44006 5.51402 5.62123 5.72512 5.83413 5.98877 7.77045 7.87148 7.91408 7.93085 7.93527 7.94218 7.96486 7.99202 8.02306 8.03415 8.04736 8.04994 8.0469 8.03864 8.03225 8.0259 8.015 8.00847 7.99952 7.99093 
1.5 1.5 1.5 1.5 1.5 1.5 1.5 1.5 1.5 1.5 1.54034 4.41125 4.50782 4.61595 4.70711 4.79515 4.86188 4.92769 4.98015 5.02348 5.04997 5.08967 5.15617 5.23751 5.35792 5.51725 5.68343 5.63457 5.65708 5.58854 5.46509 5.36056 5.32053 5.34957 5.36756 5.43082 5.5088 5.62192 5.72758 5.83954 6.03415 7.78192 7.90246 7.93097 7.95287 7.95522 7.96099 7.97946 8.00225 8.0275 8.03556 8.04678 8.04794 8.04412 8.03637 8.0302 8.02402 8.01343 8.0067 7.99892 7.99028 
1.5 1.5 1.5 1.5 1.5 1.5 1.5 1.5 1.5 1.5 1.53759 4.37514 4.46398 4.56066 4.6544 4.73314 4.80421 4.87199 4.9233 4.97374 4.99999 5.04508 5.109 5.18449 5.2887 5.42355 5.5911 5.53637 5.55869 5.5169 5.4277 5.3542 5.33392 5.36972 5.39505 5.45922 5.53573 5.64428 5.74703 5.85496 6.05012 7.78489 7.93528 7.95882 7.98898 7.9853 7.9876 8.00131 8.01939 8.03638 8.04077 8.04611 8.04494 8.04053 8.03358 8.02745 8.02153 8.01093 8.00405 7.99596 7.98898 
1.5 1.5 1.5 1.5 1.5 1.5 1.5 1.5 1.5 1.5 1.53124 4.31433 4.39576 4.48596 4.57429 4.66031 4.73083 4.80057 4.85412 4.90976 4.95019 4.99122 5.05342 5.12351 5.22368 5.33698 5.47569 5.44955 5.48287 5.46492 5.40639 5.35971 5.35526 5.39715 5.43136 5.49916 5.57797 5.68522 5.78679 5.89071 6.07728 7.87027 7.95844 7.98899 8.01643 8.01314 8.01473 8.02621 8.03756 8.04737 8.04765 8.04849 8.04298 8.0365 8.02791 8.02324 8.0181 8.00821 8.00201 7.99324 7.9873 
1.5 1.5 1.5 1.5 1.5 1.5 1.5 1.5 1.5 1.5 1.5253 4.26475 4.34059 4.40852 4.47266 4.54362 4.60106 4.66605 4.72222 4.78364 4.84658 4.91718 5.00806 5.09484 5.1874 5.27602 5.37133 5.37067 5.41015 5.42594 5.40297 5.39134 5.40494 5.45172 5.49205 5.55779 5.63333 5.73276 5.83231 5.93584 6.09913 7.96429 8.00272 8.01641 8.04213 8.04101 8.04451 8.05183 8.05656 8.05805 8.05401 8.04998 8.04073 8.03226 8.0225 8.01799 8.01358 8.00447 7.99895 7.99052 7.98592 
1.5 1.5 1.5 1.5 1.5 1.5 1.5 1.5 1.5 1.5 1.5157 4.17928 4.24696 4.30825 4.3716 4.44975 4.51394 4.59781 4.66658 4.74006 4.81321 4.87885 4.94868 5.02276 5.11224 5.2014 5.27204 5.29443 5.34676 5.38866 5.40044 5.41686 5.45032 5.50519 5.55707 5.62689 5.70136 5.79074 5.88 5.96907 6.10393 8.0461 8.0506 8.05076 8.06436 8.06728 8.07076 8.07286 8.07269 8.06841 8.05983 8.05155 8.03871 8.02819 8.01758 8.01329 8.00919 8.00077 7.99561 7.98789 7.985 
1.5 1.5 1.5 1.5 1.5 1.5 1.5 1.5 1.5 1.5 1.50815 4.1252 4.19478 4.2635 4.33644 4.40911 4.47514 4.54949 4.61078 4.67477 4.75096 4.8246 4.91265 5.00021 5.07132 5.12621 5.17502 5.2259 5.2856 5.34575 5.3894 5.43721 5.49174 5.55719 5.61954 5.69112 5.76367 5.84172 5.91941 5.99264 6.08325 8.03991 8.10657 8.075 8.08583 8.09103 8.09524 8.09404 8.08571 8.07934 8.06508 8.05304 8.03651 8.02397 8.01207 8.00837 8.00487 7.99747 7.99296 7.98581 7.9846 
1.5 1.5 1.5 1.5 1.5 1.5 1.5 1.5 1.5 1.5 1.50162 4.07626 4.14165 4.2075 4.2751 4.34829 4.42756 4.50665 4.58777 4.67173 4.7542 4.82857 4.89898 4.96214 5.01918 5.08015 5.13196 5.19404 5.26106 5.32889 5.38582 5.44334 5.50387 5.57048 5.64198 5.72183 5.80332 5.88092 5.94977 6.01689 6.07795 7.99832 8.09576 8.08745 8.09342 8.0993 8.10201 8.09775 8.09129 8.08286 8.0672 8.05443 8.03551 8.02125 8.00789 8.00418 8.00024 7.99412 7.99047 7.98396 7.98496 
1.5 1.5 1.5 1.5 1.5 1.5 1.5 1.5 1.5 1.5 1.49497 4.03165 4.10032 4.17352 4.24807 4.32684 4.40858 4.48453 4.56092 4.63763 4.71353 4.79148 4.86771 4.9391 5.00618 5.06657 5.12681 5.19481 5.2626 5.33406 5.40193 5.47149 5.53988 5.60918 5.68018 5.75488 5.82972 5.90249 5.96948 6.0386 6.0785 7.90176 8.02005 8.06225 8.095 8.0943 8.10471 8.09974 8.09161 8.07965 8.06599 8.05243 8.03353 8.0191 8.00502 8.00091 7.99668 7.99147 7.98875 7.98487 7.98649 
1.5 1.5 1.5 1.5 1.5 1.5 1.5 1.5 1.5 1.5 1.49012 4.00339 4.07067 4.14015 4.21128 4.2873 4.36851 4.44603 4.52819 4.61093 4.69218 4.77352 4.85502 4.92984 4.99917 5.06707 5.13063 5.19861 5.26671 5.33681 5.4093 5.48308 5.55761 5.63076 5.70687 5.78439 5.85926 5.92935 5.98628 6.05222 6.10499 7.89076 7.93899 8.01473 8.08518 8.07523 8.09429 8.0932 8.08561 8.07537 8.06257 8.0497 8.03158 8.01679 8.00245 7.99839 7.99395 7.98998 7.98807 7.9851 7.98833 
1.5 1.5 1.5 1.5 1.5 1.5 1.5 1.5 1.5 1.5 1.48626 3.97171 4.0397 4.11098 4.18479 4.2647 4.3459 4.42831 4.51458 4.59704 4.68367 4.76854 4.85139 4.92238 4.99537 5.06441 5.13108 5.20484 5.27403 5.34723 5.41984 5.49477 5.57063 5.64421 5.72142 5.79813 5.87349 5.94269 5.99801 6.05898 6.11555 7.89731 7.92451 7.9669 8.06398 8.05335 8.07796 8.08013 8.07422 8.06674 8.05586 8.04491 8.02827 8.01469 8.00075 7.99668 7.9922 7.98895 7.98838 7.9875 7.99083 
1.5 1.5 1.5 1.5 1.5 1.5 1.5 1.5 1.5 1.5 1.48325 3.95478 4.02374 4.09684 4.17136 4.25168 4.33447 4.4164 4.50043 4.58304 4.67143 4.75851 4.84004 4.91435 4.99049 5.06242 5.1367 5.20765 5.27874 5.3535 5.42674 5.50351 5.57951 5.65341 5.73063 5.80818 5.883 5.95274 6.00808 6.06779 6.12333 7.90117 7.92435 7.95159 8.03649 8.03287 8.05445 8.06158 8.05812 8.0542 8.04579 8.03765 8.02402 8.01268 8.00013 7.99613 7.99102 7.99017 7.98973 7.99076 7.99374 
1.5 1.5 1.5 1.5 1.5 1.5 1.5 1.5 1.5 1.5 1.48164 3.94344 4.01329 4.08479 4.15849 4.2392 4.32255 4.40303 4.48782 4.57046 4.66253 4.74876 4.83139 4.90513 4.98284 5.05908 5.13346 5.20698 5.27846 5.35102 5.42701 5.50462 5.58287 5.6575 5.73769 5.81304 5.88813 5.95853 6.01562 6.07663 6.13308 7.93102 7.9333 7.95696 8.01632 8.01655 8.03367 8.04148 8.03971 8.03864 8.03316 8.02788 8.01766 8.00936 7.99982 7.99623 7.99305 7.99231 7.99179 7.99391 7.99642 
1.5 1.5 1.5 1.5 1.5 1.5 1.5 1.5 1.5 1.5 1.48031 3.93433 4.00423 4.07489 4.15049 4.22843 4.31077 4.39217 4.47661 4.55767 4.64766 4.73637 4.81967 4.89343 4.97227 5.05071 5.12783 5.20214 5.27376 5.34875 5.42633 5.50471 5.58364 5.65881 5.73742 5.81722 5.89154 5.96249 6.01998 6.08239 6.13791 7.93662 7.94561 7.99027 8.00507 8.00792 8.01729 8.02145 8.02073 8.02176 8.01933 8.01751 8.01187 8.00663 8.00021 7.99793 7.99542 7.9953 7.99535 7.99703 7.99894 
1.5 1.5 1.5 1.5 1.5 1.5 1.5 1.5 1.5 1.5 1.47929 3.92747 3.99758 4.06792 4.14361 4.22079 4.30358 4.38208 4.4643 4.54516 4.63513 4.72342 4.80693 4.88147 4.96123 5.04018 5.1194 5.19525 5.26828 5.345 5.42435 5.50425 5.58291 5.65773 5.73501 5.81046 5.88414 5.9528 6.01298 6.07623 6.13147 7.96872 8.04126 8.01316 8.00933 8.0052 8.00131 8.00396 8.00341 8.00394 8.00607 8.0067 8.00536 8.00348 8.00053 7.99981 7.99865 7.9987 7.99889 7.99982 8.00098 
1.5 1.5 1.5 1.5 1.5 1.5 1.5 1.5 1.5 1.5 1.47896 3.9239 3.99306 4.06344 4.13745 4.21458 4.2961 4.37328 4.45499 4.5342 4.62485 4.70962 4.79278 4.86685 4.94709 5.02759 5.10814 5.18442 5.25612 5.33169 5.40908 5.4872 5.56312 5.63579 5.7122 5.79145 5.87047 5.94578 6.0175 6.08947 6.15265 8.10708 8.0784 8.03386 8.00917 8.00036 7.9915 7.98973 7.98887 7.99163 7.99413 7.99606 7.99957 8.00077 8.00213 8.00219 8.0024 8.00227 8.00208 8.00208 8.0025 
1.5 1.5 1.5 1.5 1.5 1.5 1.5 1.5 1.5 1.5 1.4781 3.92006 3.98735 4.05791 4.13151 4.20619 4.28501 4.36018 4.44014 4.5178 4.60371 4.68764 4.76695 4.84353 4.92519 5.00932 5.09367 5.17391 5.24796 5.32697 5.40819 5.49027 5.57076 5.64696 5.72611 5.80349 5.88018 5.9523 6.02642 6.09591 6.1614 8.1334 8.07381 8.04043 8.00679 7.9953 7.98387 7.97958 7.97911 7.98237 7.98605 7.98985 7.99557 7.99914 8.00361 8.0046 8.00547 8.00522 8.00511 8.00374 8.00351 
1.5 1.5 1.5 1.5 1.5 1.5 1.5 1.5 1.5 1.5 1.47805 3.9168 3.98446 4.05515 4.12728 4.2042 4.28117 4.35786 4.43804 4.51605 4.60443 4.68535 4.77098 4.84576 4.92765 5.01199 5.09674 5.17723 5.25159 5.33032 5.40988 5.48935 5.56637 5.63982 5.71567 5.79115 5.86709 5.94074 6.01441 6.08864 6.156 8.11827 8.06458 8.03636 8.00155 7.9913 7.97961 7.97363 7.97341 7.97626 7.9789 7.98473 7.99149 7.99814 8.00486 8.00611 8.0083 8.00765 8.00637 8.00505 8.00383 
1.5 1.5 1.5 1.5 1.5 1.5 1.5 1.5 1.5 1.5 1.47933 3.92434 3.99253 4.06181 4.13423 4.20771 4.2835 4.35885 4.43731 4.51391 4.5985 4.68135 4.76412 4.83802 4.92011 5.00531 5.09098 5.17101 5.24487 5.32273 5.40074 5.47883 5.55454 5.62746 5.70273 5.77811 5.85355 5.92703 6.00038 6.07375 6.14191 8.08109 8.04409 8.02353 7.99378 7.98566 7.97562 7.97082 7.97164 7.97485 7.9797 7.98426 7.99277 7.99896 8.00593 8.00716 8.00922 8.00771 8.0073 8.00443 8.00351 
1.5 1.5 1.5 1.5 1.5 1.5 1.5 1.5 1.5 1.5 1.48006 3.92839 3.99594 4.06508 4.13638 4.20941 4.28419 4.35822 4.43537 4.51095 4.5943 4.67417 4.75798 4.83086 4.91182 4.99664 5.08135 5.16152 5.23514 5.31257 5.38968 5.4666 5.54113 5.61298 5.68702 5.76096 5.83518 5.90824 5.98026 6.05355 6.1225 8.04311 8.0184 8.00629 7.98523 7.97979 7.97285 7.96983 7.97224 7.97616 7.98132 7.98597 7.99379 8.00024 8.00642 8.00754 8.00853 8.00714 8.00645 8.00351 8.00262 
1.5 1.5 1.5 1.5 1.5 1.5 1.5 1.5 1.5 1.5 1.48073 3.93262 3.99988 4.06818 4.13785 4.21004 4.28278 4.35621 4.4314 4.50591 4.58895 4.66653 4.7487 4.82133 4.90208 4.98648 5.07104 5.15123 5.22473 5.30153 5.37763 5.45301 5.52633 5.59727 5.6702 5.74309 5.81631 5.88856 5.96025 6.03223 6.10192 8.00469 7.99221 7.98639 7.97524 7.97317 7.96949 7.9712 7.97477 7.98038 7.98577 7.99047 7.99771 8.00223 8.00667 8.00701 8.0077 8.00582 8.00472 8.00206 8.00134 
1.5 1.5 1.5 1.5 1.5 1.5 1.5 1.5 1.5 1.5 1.48119 3.93519 4.00172 4.06952 4.13915 4.20977 4.2816 4.35385 4.42776 4.50152 4.58211 4.66166 4.74147 4.81418 4.89402 4.97732 5.0609 5.14026 5.21329 5.28981 5.36539 5.44022 5.51261 5.58283 5.65456 5.72641 5.79849 5.86998 5.94053 6.01139 6.08187 7.96918 7.96791 7.96712 7.96566 7.96697 7.96748 7.97325 7.97887 7.98642 7.99134 7.9961 8.00144 8.00442 8.00669 8.00632 8.00605 8.00411 8.00277 8.00046 7.99983 
1.5 1.5 1.5 1.5 1.5 1.5 1.5 1.5 1.5 1.5 1.48149 3.93751 4.00385 4.07123 4.13938 4.2093 4.28062 4.35137 4.42478 4.49853 4.57946 4.65733 4.73587 4.80829 4.88747 4.9702 5.05302 5.13172 5.20422 5.28062 5.35586 5.43064 5.5024 5.57219 5.6429 5.71386 5.78479 5.8555 5.92547 5.99548 6.06687 7.94342 7.95006 7.95257 7.95805 7.96196 7.96556 7.97504 7.98247 7.99197 7.99632 8.00087 8.00459 8.00601 8.00665 8.00568 8.00486 8.00267 8.00088 7.99905 7.99855 
1.5 1.5 1.5 1.5 1.5 1.5 1.5 1.5 1.5 1.5 1.48169 3.93942 4.00525 4.0724 4.14036 4.20974 4.28079 4.35034 4.42329 4.49585 4.57445 4.65285 4.73068 4.80304 4.88187 4.96371 5.04617 5.12452 5.19686 5.27258 5.34779 5.42238 5.49366 5.56313 5.63277 5.70259 5.77231 5.84236 5.91231 5.98224 6.05421 7.92386 7.93388 7.94005 7.95077 7.95767 7.96477 7.97726 7.98619 7.99726 8.00105 8.00529 8.0076 8.00805 8.00701 8.00526 8.00353 8.00114 7.99947 7.99793 7.99744 
1.5 1.5 1.5 1.5 1.5 1.5 1.5 1.5 1.5 1.5 1.48167 3.94117 4.00728 4.07407 4.14093 4.20918 4.27878 4.34746 4.41871 4.49157 4.57173 4.64906 4.72667 4.79866 4.87681 4.95717 5.03757 5.11451 5.18675 5.26309 5.3393 5.41492 5.48719 5.55711 5.62663 5.69536 5.76354 5.83202 5.90117 5.97031 6.04227 7.90251 7.91809 7.928 7.94471 7.95485 7.96535 7.98081 7.99126 8.00312 8.00611 8.00979 8.01032 8.00916 8.00681 8.00453 8.00224 7.9996 7.99784 7.9964 7.99567 
