5
s 38 2 44
r 8 0.01 0 7.01701 0.05
r 10 0.01 0 6.76352 0.05
r 12 0.01 0 6.51496 0.05
r 14 0.01 0 6.58513 0.05
r 16 0.01 0 6.24356 0.05
r 18 0.01 0 5.86362 0.05
r 20 0.01 0 5.47271 0.05
r 22 0.01 0 5.06545 0.05
r 24 0.01 0 4.64457 0.05
r 26 0.01 0 4.20845 0.05
r 28 0.01 0 3.7561 0.05
r 48 0.01 0 3.60866 0.05
r 50 0.01 0 4.01717 0.05
r 52 0.01 0 4.41375 0.05
r 54 0.01 0 4.80058 0.05
r 56 0.01 0 5.18677 0.05
r 58 0.01 0 5.57101 0.05
r 60 0.01 0 5.96405 0.05
r 62 0.01 0 6.3968 0.05
r 64 0.01 0 6.82435 0.05
r 66 0.01 0 6.76273 0.05
r 68 0.01 0 7.01803 0.05
r 8 0.01 1 7.63101 0.05
r 10 0.01 1 7.32525 0.05
r 12 0.01 1 6.99715 0.05
r 14 0.01 1 6.64368 0.05
r 16 0.01 1 6.34071 0.05
r 18 0.01 1 6.01304 0.05
r 20 0.01 1 5.66646 0.05
r 22 0.01 1 5.3237 0.05
r 24 0.01 1 5.02958 0.05
r 26 0.01 1 4.74821 0.05
r 28 0.01 1 4.48839 0.05
r 48 0.01 1 4.43677 0.05
r 50 0.01 1 4.69648 0.05
r 52 0.01 1 4.97035 0.05
r 54 0.01 1 5.26609 0.05
r 56 0.01 1 5.60412 0.05
r 58 0.01 1 5.95852 0.05
r 60 0.01 1 6.27803 0.05
r 62 0.01 1 6.66501 0.05
r 64 0.01 1 6.99624 0.05
r 66 0.01 1 7.3242 0.05
r 68 0.01 1 7.6273 0.05
s 44 2 44
r 14 0.01 0 6.96738 0.05
r 16 0.01 0 6.71596 0.05
r 18 0.01 0 6.46266 0.05
r 20 0.01 0 6.51856 0.05
r 22 0.01 0 6.17004 0.05
r 24 0.01 0 5.78969 0.05
r 26 0.01 0 5.398 0.05
r 28 0.01 0 4.99351 0.05
r 30 0.01 0 4.57562 0.05
r 32 0.01 0 4.13844 0.05
r 34 0.01 0 3.68939 0.05
r 54 0.01 0 3.54295 0.05
r 56 0.01 0 3.94979 0.05
r 58 0.01 0 4.34576 0.05
r 60 0.01 0 4.7391 0.05
r 62 0.01 0 5.17167 0.05
r 64 0.01 0 5.60139 0.05
r 66 0.01 0 6.02877 0.05
r 68 0.01 0 6.45715 0.05
r 70 0.01 0 6.46286 0.05
r 72 0.01 0 6.7157 0.05
r 74 0.01 0 6.96614 0.05
r 14 0.01 1 7.5703 0.05
r 16 0.01 1 7.23411 0.05
r 18 0.01 1 6.91469 0.05
r 20 0.01 1 6.60462 0.05
r 22 0.01 1 6.27896 0.05
r 24 0.01 1 5.92994 0.05
r 26 0.01 1 5.60229 0.05
r 28 0.01 1 5.26628 0.05
r 30 0.01 1 4.9732 0.05
r 32 0.01 1 4.69309 0.05
r 34 0.01 1 4.43823 0.05
r 54 0.01 1 4.38651 0.05
r 56 0.01 1 4.64203 0.05
r 58 0.01 1 4.916 0.05
r 60 0.01 1 5.22267 0.05
r 62 0.01 1 5.61986 0.05
r 64 0.01 1 5.92425 0.05
r 66 0.01 1 6.27662 0.05
r 68 0.01 1 6.58321 0.05
r 70 0.01 1 6.90385 0.05
r 72 0.01 1 7.25677 0.05
r 74 0.01 1 7.56197 0.05
s 50 2 44
r 20 0.01 0 6.96738 0.05
r 22 0.01 0 6.71573 0.05
r 24 0.01 0 6.46265 0.05
r 26 0.01 0 6.53073 0.05
r 28 0.01 0 6.13108 0.05
r 30 0.01 0 5.72024 0.05
r 32 0.01 0 5.30108 0.05
r 34 0.01 0 4.87319 0.05
r 36 0.01 0 4.44493 0.05
r 38 0.01 0 4.00071 0.05
r 40 0.01 0 3.54967 0.05
r 60 0.01 0 3.54967 0.05
r 62 0.01 0 4.00071 0.05
r 64 0.01 0 4.44493 0.05
r 66 0.01 0 4.87319 0.05
r 68 0.01 0 5.30108 0.05
r 70 0.01 0 5.72024 0.05
r 72 0.01 0 6.13108 0.05
r 74 0.01 0 6.53073 0.05
r 76 0.01 0 6.46567 0.05
r 78 0.01 0 6.71495 0.05
r 80 0.01 0 6.96682 0.05
r 20 0.01 1 7.5621 0.05
r 22 0.01 1 7.25677 0.05
r 24 0.01 1 6.90385 0.05
r 26 0.01 1 6.60164 0.05
r 28 0.01 1 6.27625 0.05
r 30 0.01 1 5.92839 0.05
r 32 0.01 1 5.61982 0.05
r 34 0.01 1 5.26506 0.05
r 36 0.01 1 4.97317 0.05
r 38 0.01 1 4.69309 0.05
r 40 0.01 1 4.40583 0.05
r 60 0.01 1 4.40596 0.05
r 62 0.01 1 4.69309 0.05
r 64 0.01 1 4.9732 0.05
r 66 0.01 1 5.26506 0.05
r 68 0.01 1 5.61986 0.05
r 70 0.01 1 5.92341 0.05
r 72 0.01 1 6.27634 0.05
r 74 0.01 1 6.58317 0.05
r 76 0.01 1 6.90377 0.05
r 78 0.01 1 7.25677 0.05
r 80 0.01 1 7.56711 0.05
s 56 2 44
r 26 0.01 0 6.96684 0.05
r 28 0.01 0 6.71519 0.05
r 30 0.01 0 6.46246 0.05
r 32 0.01 0 6.45715 0.05
r 34 0.01 0 6.02877 0.05
r 36 0.01 0 5.60139 0.05
r 38 0.01 0 5.17167 0.05
r 40 0.01 0 4.7391 0.05
r 42 0.01 0 4.34576 0.05
r 44 0.01 0 3.94979 0.05
r 46 0.01 0 3.54295 0.05
r 66 0.01 0 3.68939 0.05
r 68 0.01 0 4.13844 0.05
r 70 0.01 0 4.57562 0.05
r 72 0.01 0 4.99351 0.05
r 74 0.01 0 5.39838 0.05
r 76 0.01 0 5.78973 0.05
r 78 0.01 0 6.17004 0.05
r 80 0.01 0 6.51855 0.05
r 82 0.01 0 6.46217 0.05
r 84 0.01 0 6.78861 0.05
r 86 0.01 0 6.96616 0.05
r 26 0.01 1 7.5621 0.05
r 28 0.01 1 7.25677 0.05
r 30 0.01 1 6.90374 0.05
r 32 0.01 1 6.57895 0.05
r 34 0.01 1 6.27626 0.05
r 36 0.01 1 5.92563 0.05
r 38 0.01 1 5.61986 0.05
r 40 0.01 1 5.22283 0.05
r 42 0.01 1 4.91677 0.05
r 44 0.01 1 4.64203 0.05
r 46 0.01 1 4.38798 0.05
r 66 0.01 1 4.43823 0.05
r 68 0.01 1 4.69309 0.05
r 70 0.01 1 4.9732 0.05
r 72 0.01 1 5.26546 0.05
r 74 0.01 1 5.60611 0.05
r 76 0.01 1 5.93152 0.05
r 78 0.01 1 6.27895 0.05
r 80 0.01 1 6.60462 0.05
r 82 0.01 1 6.90641 0.05
r 84 0.01 1 7.234 0.05
r 86 0.01 1 7.57029 0.05
s 62 2 44
r 32 0.01 0 7.01809 0.05
r 34 0.01 0 6.76569 0.05
r 36 0.01 0 6.82447 0.05
r 38 0.01 0 6.3968 0.05
r 40 0.01 0 5.96405 0.05
r 42 0.01 0 5.57101 0.05
r 44 0.01 0 5.18677 0.05
r 46 0.01 0 4.80058 0.05
r 48 0.01 0 4.41375 0.05
r 50 0.01 0 4.01717 0.05
r 52 0.01 0 3.60866 0.05
r 72 0.01 0 3.7561 0.05
r 74 0.01 0 4.20845 0.05
r 76 0.01 0 4.64457 0.05
r 78 0.01 0 5.06545 0.05
r 80 0.01 0 5.47078 0.05
r 82 0.01 0 5.86362 0.05
r 84 0.01 0 6.24356 0.05
r 86 0.01 0 6.58543 0.05
r 88 0.01 0 6.51597 0.05
r 90 0.01 0 6.76334 0.05
r 92 0.01 0 7.01782 0.05
r 32 0.01 1 7.62725 0.05
r 34 0.01 1 7.3242 0.05
r 36 0.01 1 6.99624 0.05
r 38 0.01 1 6.66501 0.05
r 40 0.01 1 6.27043 0.05
r 42 0.01 1 5.93788 0.05
r 44 0.01 1 5.60404 0.05
r 46 0.01 1 5.26609 0.05
r 48 0.01 1 4.97035 0.05
r 50 0.01 1 4.69648 0.05
r 52 0.01 1 4.43677 0.05
r 72 0.01 1 4.48839 0.05
r 74 0.01 1 4.74821 0.05
r 76 0.01 1 5.02958 0.05
r 78 0.01 1 5.32365 0.05
r 80 0.01 1 5.67223 0.05
r 82 0.01 1 6.01321 0.05
r 84 0.01 1 6.34091 0.05
r 86 0.01 1 6.64368 0.05
r 88 0.01 1 6.99715 0.05
r 90 0.01 1 7.32536 0.05
r 92 0.01 1 7.63056 0.05
