5
s 38 2 98
r 8 0.01 0 7.01701 0.01
r 10 0.01 0 6.76352 0.01
r 12 0.01 0 6.51496 0.01
r 14 0.01 0 6.58513 0.01
r 16 0.01 0 6.24356 0.01
r 18 0.01 0 5.86362 0.01
r 20 0.01 0 5.47271 0.01
r 22 0.01 0 5.06545 0.01
r 24 0.01 0 4.64457 0.01
r 26 0.01 0 4.20845 0.01
r 28 0.01 0 3.7561 0.01
r 48 0.01 0 3.7561 0.01
r 50 0.01 0 4.20845 0.01
r 52 0.01 0 4.64457 0.01
r 54 0.01 0 5.06545 0.01
r 56 0.01 0 5.47271 0.01
r 58 0.01 0 5.86362 0.01
r 60 0.01 0 6.24356 0.01
r 62 0.01 0 6.58514 0.01
r 64 0.01 0 6.51539 0.01
r 66 0.01 0 6.76273 0.01
r 68 0.01 0 7.01803 0.01
r 8 0.01 1 7.63101 0.01
r 10 0.01 1 7.32525 0.01
r 12 0.01 1 6.99715 0.01
r 14 0.01 1 6.64368 0.01
r 16 0.01 1 6.34071 0.01
r 18 0.01 1 6.01304 0.01
r 20 0.01 1 5.66646 0.01
r 22 0.01 1 5.3237 0.01
r 24 0.01 1 5.02958 0.01
r 26 0.01 1 4.74821 0.01
r 28 0.01 1 4.48839 0.01
r 48 0.01 1 4.48839 0.01
r 50 0.01 1 4.74821 0.01
r 52 0.01 1 5.02958 0.01
r 54 0.01 1 5.32366 0.01
r 56 0.01 1 5.67252 0.01
r 58 0.01 1 6.013 0.01
r 60 0.01 1 6.34071 0.01
r 62 0.01 1 6.64364 0.01
r 64 0.01 1 6.99715 0.01
r 66 0.01 1 7.32525 0.01
r 68 0.01 1 7.62846 0.01
r 8 0.01 4 9.63834 0.01
r 10 0.01 4 9.38628 0.01
r 12 0.01 4 9.1369 0.01
r 14 0.01 4 9.16301 0.01
r 16 0.01 4 8.7943 0.01
r 18 0.01 4 8.41216 0.01
r 20 0.01 4 8.01477 0.01
r 22 0.01 4 7.60022 0.01
r 24 0.01 4 7.16753 0.01
r 26 0.01 4 6.71898 0.01
r 28 0.01 4 6.25591 0.01
r 48 0.01 4 6.25591 0.01
r 50 0.01 4 6.71898 0.01
r 52 0.01 4 7.16753 0.01
r 54 0.01 4 7.60022 0.01
r 56 0.01 4 8.01477 0.01
r 58 0.01 4 8.41216 0.01
r 60 0.01 4 8.7943 0.01
r 62 0.01 4 9.163 0.01
r 64 0.01 4 9.13711 0.01
r 66 0.01 4 9.38622 0.01
r 68 0.01 4 9.63845 0.01
r 70 0.01 4 9.88567 0.01
r 72 0.01 4 10.1382 0.01
r 74 0.01 4 10.3885 0.01
r 76 0.01 4 10.6369 0.01
r 78 0.01 4 10.888 0.01
r 8 0.01 5 10.1671 0.01
r 10 0.01 5 9.83965 0.01
r 12 0.01 5 9.50997 0.01
r 14 0.01 5 9.18392 0.01
r 16 0.01 5 8.86128 0.01
r 18 0.01 5 8.53952 0.01
r 20 0.01 5 8.22993 0.01
r 22 0.01 5 7.92316 0.01
r 24 0.01 5 7.63336 0.01
r 26 0.01 5 7.36081 0.01
r 28 0.01 5 7.11238 0.01
r 48 0.01 5 7.11238 0.01
r 50 0.01 5 7.36081 0.01
r 52 0.01 5 7.63335 0.01
r 54 0.01 5 7.92325 0.01
r 56 0.01 5 8.22975 0.01
r 58 0.01 5 8.53956 0.01
r 60 0.01 5 8.86128 0.01
r 62 0.01 5 9.18392 0.01
r 64 0.01 5 9.50995 0.01
r 66 0.01 5 9.83965 0.01
r 68 0.01 5 10.1671 0.01
r 70 0.01 5 10.4931 0.01
r 72 0.01 5 10.8214 0.01
r 74 0.01 5 11.1492 0.01
r 76 0.01 5 11.4839 0.01
r 78 0.01 5 11.8046 0.01
s 44 2 104
r 14 0.01 0 7.01849 0.01
r 16 0.01 0 6.76335 0.01
r 18 0.01 0 6.51494 0.01
r 20 0.01 0 6.58528 0.01
r 22 0.01 0 6.24356 0.01
r 24 0.01 0 5.86362 0.01
r 26 0.01 0 5.47271 0.01
r 28 0.01 0 5.06545 0.01
r 30 0.01 0 4.64457 0.01
r 32 0.01 0 4.20845 0.01
r 34 0.01 0 3.7561 0.01
r 54 0.01 0 3.7561 0.01
r 56 0.01 0 4.20845 0.01
r 58 0.01 0 4.64457 0.01
r 60 0.01 0 5.06545 0.01
r 62 0.01 0 5.47271 0.01
r 64 0.01 0 5.86362 0.01
r 66 0.01 0 6.24356 0.01
r 68 0.01 0 6.58512 0.01
r 70 0.01 0 6.51569 0.01
r 72 0.01 0 6.76338 0.01
r 74 0.01 0 7.02195 0.01
r 14 0.01 1 7.63108 0.01
r 16 0.01 1 7.32525 0.01
r 18 0.01 1 6.99715 0.01
r 20 0.01 1 6.64366 0.01
r 22 0.01 1 6.34073 0.01
r 24 0.01 1 6.01304 0.01
r 26 0.01 1 5.67342 0.01
r 28 0.01 1 5.32366 0.01
r 30 0.01 1 5.02958 0.01
r 32 0.01 1 4.74821 0.01
r 34 0.01 1 4.48839 0.01
r 54 0.01 1 4.48839 0.01
r 56 0.01 1 4.74821 0.01
r 58 0.01 1 5.02958 0.01
r 60 0.01 1 5.32366 0.01
r 62 0.01 1 5.66615 0.01
r 64 0.01 1 6.01301 0.01
r 66 0.01 1 6.3228 0.01
r 68 0.01 1 6.64369 0.01
r 70 0.01 1 6.99715 0.01
r 72 0.01 1 7.32536 0.01
r 74 0.01 1 7.62858 0.01
r 8 0.01 4 10.3887 0.01
r 10 0.01 4 10.1381 0.01
r 12 0.01 4 9.88556 0.01
r 14 0.01 4 9.6385 0.01
r 16 0.01 4 9.38591 0.01
r 18 0.01 4 9.13692 0.01
r 20 0.01 4 9.16319 0.01
r 22 0.01 4 8.7943 0.01
r 24 0.01 4 8.41216 0.01
r 26 0.01 4 8.01477 0.01
r 28 0.01 4 7.60022 0.01
r 30 0.01 4 7.16753 0.01
r 32 0.01 4 6.71898 0.01
r 34 0.01 4 6.25591 0.01
r 54 0.01 4 6.25591 0.01
r 56 0.01 4 6.71898 0.01
r 58 0.01 4 7.16753 0.01
r 60 0.01 4 7.60022 0.01
r 62 0.01 4 8.01477 0.01
r 64 0.01 4 8.41216 0.01
r 66 0.01 4 8.7943 0.01
r 68 0.01 4 9.163 0.01
r 70 0.01 4 9.13687 0.01
r 72 0.01 4 9.38567 0.01
r 74 0.01 4 9.63834 0.01
r 76 0.01 4 9.88528 0.01
r 78 0.01 4 10.138 0.01
r 80 0.01 4 10.3886 0.01
r 82 0.01 4 10.6361 0.01
r 84 0.01 4 10.889 0.01
r 8 0.01 5 11.1494 0.01
r 10 0.01 5 10.8209 0.01
r 12 0.01 5 10.4931 0.01
r 14 0.01 5 10.1671 0.01
r 16 0.01 5 9.83991 0.01
r 18 0.01 5 9.51 0.01
r 20 0.01 5 9.18392 0.01
r 22 0.01 5 8.86126 0.01
r 24 0.01 5 8.53946 0.01
r 26 0.01 5 8.22993 0.01
r 28 0.01 5 7.92321 0.01
r 30 0.01 5 7.63508 0.01
r 32 0.01 5 7.36081 0.01
r 34 0.01 5 7.11238 0.01
r 54 0.01 5 7.11203 0.01
r 56 0.01 5 7.36081 0.01
r 58 0.01 5 7.63513 0.01
r 60 0.01 5 7.92326 0.01
r 62 0.01 5 8.22973 0.01
r 64 0.01 5 8.53947 0.01
r 66 0.01 5 8.86125 0.01
r 68 0.01 5 9.18392 0.01
r 70 0.01 5 9.50995 0.01
r 72 0.01 5 9.83979 0.01
r 74 0.01 5 10.1671 0.01
r 76 0.01 5 10.4928 0.01
r 78 0.01 5 10.8209 0.01
r 80 0.01 5 11.1492 0.01
r 82 0.01 5 11.4839 0.01
r 84 0.01 5 11.8045 0.01
s 50 2 108
r 20 0.01 0 7.02342 0.01
r 22 0.01 0 6.76526 0.01
r 24 0.01 0 6.51499 0.01
r 26 0.01 0 6.58513 0.01
r 28 0.01 0 6.24356 0.01
r 30 0.01 0 5.86362 0.01
r 32 0.01 0 5.47271 0.01
r 34 0.01 0 5.06545 0.01
r 36 0.01 0 4.64457 0.01
r 38 0.01 0 4.20845 0.01
r 40 0.01 0 3.7561 0.01
r 60 0.01 0 3.7561 0.01
r 62 0.01 0 4.20845 0.01
r 64 0.01 0 4.64457 0.01
r 66 0.01 0 5.06545 0.01
r 68 0.01 0 5.47369 0.01
r 70 0.01 0 5.86362 0.01
r 72 0.01 0 6.24356 0.01
r 74 0.01 0 6.58538 0.01
r 76 0.01 0 6.51499 0.01
r 78 0.01 0 6.7632 0.01
r 80 0.01 0 7.01778 0.01
r 20 0.01 1 7.62843 0.01
r 22 0.01 1 7.32525 0.01
r 24 0.01 1 6.99715 0.01
r 26 0.01 1 6.64362 0.01
r 28 0.01 1 6.34071 0.01
r 30 0.01 1 6.0131 0.01
r 32 0.01 1 5.67276 0.01
r 34 0.01 1 5.32366 0.01
r 36 0.01 1 5.02958 0.01
r 38 0.01 1 4.74821 0.01
r 40 0.01 1 4.48839 0.01
r 60 0.01 1 4.48839 0.01
r 62 0.01 1 4.74821 0.01
r 64 0.01 1 5.02958 0.01
r 66 0.01 1 5.32366 0.01
r 68 0.01 1 5.66694 0.01
r 70 0.01 1 6.0131 0.01
r 72 0.01 1 6.3407 0.01
r 74 0.01 1 6.64366 0.01
r 76 0.01 1 6.99715 0.01
r 78 0.01 1 7.32525 0.01
r 80 0.01 1 7.62836 0.01
r 10 0.01 4 10.8882 0.01
r 12 0.01 4 10.6357 0.01
r 14 0.01 4 10.3882 0.01
r 16 0.01 4 10.1378 0.01
r 18 0.01 4 9.88544 0.01
r 20 0.01 4 9.63845 0.01
r 22 0.01 4 9.38646 0.01
r 24 0.01 4 9.13692 0.01
r 26 0.01 4 9.163 0.01
r 28 0.01 4 8.7943 0.01
r 30 0.01 4 8.41216 0.01
r 32 0.01 4 8.01477 0.01
r 34 0.01 4 7.60022 0.01
r 36 0.01 4 7.16753 0.01
r 38 0.01 4 6.71898 0.01
r 40 0.01 4 6.25591 0.01
r 60 0.01 4 6.25591 0.01
r 62 0.01 4 6.71898 0.01
r 64 0.01 4 7.16753 0.01
r 66 0.01 4 7.60022 0.01
r 68 0.01 4 8.01477 0.01
r 70 0.01 4 8.41216 0.01
r 72 0.01 4 8.7943 0.01
r 74 0.01 4 9.163 0.01
r 76 0.01 4 9.13692 0.01
r 78 0.01 4 9.38552 0.01
r 80 0.01 4 9.63832 0.01
r 82 0.01 4 9.88574 0.01
r 84 0.01 4 10.1382 0.01
r 86 0.01 4 10.3887 0.01
r 88 0.01 4 10.6362 0.01
r 90 0.01 4 10.8882 0.01
r 10 0.01 5 11.8051 0.01
r 12 0.01 5 11.4839 0.01
r 14 0.01 5 11.1489 0.01
r 16 0.01 5 10.8216 0.01
r 18 0.01 5 10.4931 0.01
r 20 0.01 5 10.1671 0.01
r 22 0.01 5 9.83965 0.01
r 24 0.01 5 9.50997 0.01
r 26 0.01 5 9.18392 0.01
r 28 0.01 5 8.86126 0.01
r 30 0.01 5 8.53946 0.01
r 32 0.01 5 8.22975 0.01
r 34 0.01 5 7.92377 0.01
r 36 0.01 5 7.63593 0.01
r 38 0.01 5 7.36081 0.01
r 40 0.01 5 7.11238 0.01
r 60 0.01 5 7.11238 0.01
r 62 0.01 5 7.36082 0.01
r 64 0.01 5 7.63542 0.01
r 66 0.01 5 7.92316 0.01
r 68 0.01 5 8.22993 0.01
r 70 0.01 5 8.53945 0.01
r 72 0.01 5 8.86127 0.01
r 74 0.01 5 9.18392 0.01
r 76 0.01 5 9.51 0.01
r 78 0.01 5 9.8399 0.01
r 80 0.01 5 10.1668 0.01
r 82 0.01 5 10.4927 0.01
r 84 0.01 5 10.8216 0.01
r 86 0.01 5 11.1493 0.01
r 88 0.01 5 11.4767 0.01
r 90 0.01 5 11.8045 0.01
s 56 2 104
r 26 0.01 0 7.01703 0.01
r 28 0.01 0 6.76358 0.01
r 30 0.01 0 6.515 0.01
r 32 0.01 0 6.58531 0.01
r 34 0.01 0 6.24356 0.01
r 36 0.01 0 5.86362 0.01
r 38 0.01 0 5.47271 0.01
r 40 0.01 0 5.06545 0.01
r 42 0.01 0 4.64457 0.01
r 44 0.01 0 4.20845 0.01
r 46 0.01 0 3.7561 0.01
r 66 0.01 0 3.7561 0.01
r 68 0.01 0 4.20845 0.01
r 70 0.01 0 4.64457 0.01
r 72 0.01 0 5.06545 0.01
r 74 0.01 0 5.47271 0.01
r 76 0.01 0 5.86362 0.01
r 78 0.01 0 6.24356 0.01
r 80 0.01 0 6.58512 0.01
r 82 0.01 0 6.51463 0.01
r 84 0.01 0 6.76337 0.01
r 86 0.01 0 7.017 0.01
r 26 0.01 1 7.63091 0.01
r 28 0.01 1 7.32525 0.01
r 30 0.01 1 6.99715 0.01
r 32 0.01 1 6.64365 0.01
r 34 0.01 1 6.32626 0.01
r 36 0.01 1 6.01304 0.01
r 38 0.01 1 5.67256 0.01
r 40 0.01 1 5.32365 0.01
r 42 0.01 1 5.02958 0.01
r 44 0.01 1 4.74821 0.01
r 46 0.01 1 4.48839 0.01
r 66 0.01 1 4.48839 0.01
r 68 0.01 1 4.74821 0.01
r 70 0.01 1 5.02958 0.01
r 72 0.01 1 5.32366 0.01
r 74 0.01 1 5.67252 0.01
r 76 0.01 1 6.01304 0.01
r 78 0.01 1 6.34068 0.01
r 80 0.01 1 6.64369 0.01
r 82 0.01 1 6.99715 0.01
r 84 0.01 1 7.32525 0.01
r 86 0.01 1 7.62834 0.01
r 16 0.01 4 10.8882 0.01
r 18 0.01 4 10.6359 0.01
r 20 0.01 4 10.3881 0.01
r 22 0.01 4 10.1374 0.01
r 24 0.01 4 9.88513 0.01
r 26 0.01 4 9.63862 0.01
r 28 0.01 4 9.38592 0.01
r 30 0.01 4 9.13692 0.01
r 32 0.01 4 9.163 0.01
r 34 0.01 4 8.7943 0.01
r 36 0.01 4 8.41216 0.01
r 38 0.01 4 8.01477 0.01
r 40 0.01 4 7.60022 0.01
r 42 0.01 4 7.16753 0.01
r 44 0.01 4 6.71898 0.01
r 46 0.01 4 6.25591 0.01
r 66 0.01 4 6.25591 0.01
r 68 0.01 4 6.71898 0.01
r 70 0.01 4 7.16753 0.01
r 72 0.01 4 7.60022 0.01
r 74 0.01 4 8.01477 0.01
r 76 0.01 4 8.41216 0.01
r 78 0.01 4 8.7943 0.01
r 80 0.01 4 9.16319 0.01
r 82 0.01 4 9.13687 0.01
r 84 0.01 4 9.38598 0.01
r 86 0.01 4 9.63809 0.01
r 88 0.01 4 9.88548 0.01
r 90 0.01 4 10.1378 0.01
r 92 0.01 4 10.3887 0.01
r 16 0.01 5 11.8051 0.01
r 18 0.01 5 11.4766 0.01
r 20 0.01 5 11.1492 0.01
r 22 0.01 5 10.821 0.01
r 24 0.01 5 10.4932 0.01
r 26 0.01 5 10.1671 0.01
r 28 0.01 5 9.83965 0.01
r 30 0.01 5 9.50997 0.01
r 32 0.01 5 9.18392 0.01
r 34 0.01 5 8.86128 0.01
r 36 0.01 5 8.53945 0.01
r 38 0.01 5 8.22991 0.01
r 40 0.01 5 7.92316 0.01
r 42 0.01 5 7.6332 0.01
r 44 0.01 5 7.36081 0.01
r 46 0.01 5 7.11203 0.01
r 66 0.01 5 7.11204 0.01
r 68 0.01 5 7.36074 0.01
r 70 0.01 5 7.63558 0.01
r 72 0.01 5 7.92355 0.01
r 74 0.01 5 8.22998 0.01
r 76 0.01 5 8.53953 0.01
r 78 0.01 5 8.86131 0.01
r 80 0.01 5 9.18392 0.01
r 82 0.01 5 9.50995 0.01
r 84 0.01 5 9.83966 0.01
r 86 0.01 5 10.1671 0.01
r 88 0.01 5 10.4934 0.01
r 90 0.01 5 10.8209 0.01
r 92 0.01 5 11.1488 0.01
s 62 2 98
r 32 0.01 0 7.01809 0.01
r 34 0.01 0 6.76569 0.01
r 36 0.01 0 6.51488 0.01
r 38 0.01 0 6.58512 0.01
r 40 0.01 0 6.24356 0.01
r 42 0.01 0 5.86362 0.01
r 44 0.01 0 5.47369 0.01
r 46 0.01 0 5.06545 0.01
r 48 0.01 0 4.64457 0.01
r 50 0.01 0 4.20845 0.01
r 52 0.01 0 3.7561 0.01
r 72 0.01 0 3.7561 0.01
r 74 0.01 0 4.20845 0.01
r 76 0.01 0 4.64457 0.01
r 78 0.01 0 5.06545 0.01
r 80 0.01 0 5.47078 0.01
r 82 0.01 0 5.86362 0.01
r 84 0.01 0 6.24356 0.01
r 86 0.01 0 6.58543 0.01
r 88 0.01 0 6.51597 0.01
r 90 0.01 0 6.76334 0.01
r 92 0.01 0 7.01782 0.01
r 32 0.01 1 7.62986 0.01
r 34 0.01 1 7.32525 0.01
r 36 0.01 1 6.99715 0.01
r 38 0.01 1 6.64368 0.01
r 40 0.01 1 6.34072 0.01
r 42 0.01 1 6.0131 0.01
r 44 0.01 1 5.66341 0.01
r 46 0.01 1 5.32366 0.01
r 48 0.01 1 5.02958 0.01
r 50 0.01 1 4.74821 0.01
r 52 0.01 1 4.48839 0.01
r 72 0.01 1 4.48839 0.01
r 74 0.01 1 4.74821 0.01
r 76 0.01 1 5.02958 0.01
r 78 0.01 1 5.32365 0.01
r 80 0.01 1 5.67223 0.01
r 82 0.01 1 6.01321 0.01
r 84 0.01 1 6.34091 0.01
r 86 0.01 1 6.64368 0.01
r 88 0.01 1 6.99715 0.01
r 90 0.01 1 7.32536 0.01
r 92 0.01 1 7.63056 0.01
r 22 0.01 4 10.8882 0.01
r 24 0.01 4 10.6361 0.01
r 26 0.01 4 10.3884 0.01
r 28 0.01 4 10.1378 0.01
r 30 0.01 4 9.88565 0.01
r 32 0.01 4 9.63848 0.01
r 34 0.01 4 9.38587 0.01
r 36 0.01 4 9.1369 0.01
r 38 0.01 4 9.163 0.01
r 40 0.01 4 8.7943 0.01
r 42 0.01 4 8.41216 0.01
r 44 0.01 4 8.01477 0.01
r 46 0.01 4 7.60022 0.01
r 48 0.01 4 7.16753 0.01
r 50 0.01 4 6.71898 0.01
r 52 0.01 4 6.25591 0.01
r 72 0.01 4 6.25591 0.01
r 74 0.01 4 6.71898 0.01
r 76 0.01 4 7.16753 0.01
r 78 0.01 4 7.60022 0.01
r 80 0.01 4 8.01477 0.01
r 82 0.01 4 8.41216 0.01
r 84 0.01 4 8.7943 0.01
r 86 0.01 4 9.16319 0.01
r 88 0.01 4 9.13692 0.01
r 90 0.01 4 9.38641 0.01
r 92 0.01 4 9.63827 0.01
r 22 0.01 5 11.805 0.01
r 24 0.01 5 11.4839 0.01
r 26 0.01 5 11.1493 0.01
r 28 0.01 5 10.821 0.01
r 30 0.01 5 10.4931 0.01
r 32 0.01 5 10.1671 0.01
r 34 0.01 5 9.83965 0.01
r 36 0.01 5 9.51 0.01
r 38 0.01 5 9.18392 0.01
r 40 0.01 5 8.86127 0.01
r 42 0.01 5 8.53946 0.01
r 44 0.01 5 8.22973 0.01
r 46 0.01 5 7.92326 0.01
r 48 0.01 5 7.63659 0.01
r 50 0.01 5 7.36081 0.01
r 52 0.01 5 7.11238 0.01
r 72 0.01 5 7.11238 0.01
r 74 0.01 5 7.36081 0.01
r 76 0.01 5 7.63561 0.01
r 78 0.01 5 7.92317 0.01
r 80 0.01 5 8.22975 0.01
r 82 0.01 5 8.53956 0.01
r 84 0.01 5 8.86135 0.01
r 86 0.01 5 9.18392 0.01
r 88 0.01 5 9.50995 0.01
r 90 0.01 5 9.83966 0.01
r 92 0.01 5 10.1671 0.01
