5
s 38 2 54
r 8 0.01 4 9.63834 0.05
r 10 0.01 4 9.38628 0.05
r 12 0.01 4 9.1369 0.05
r 14 0.01 4 9.16301 0.05
r 16 0.01 4 8.7943 0.05
r 18 0.01 4 8.41216 0.05
r 20 0.01 4 8.01477 0.05
r 22 0.01 4 7.60022 0.05
r 24 0.01 4 7.16753 0.05
r 26 0.01 4 6.71898 0.05
r 28 0.01 4 6.25591 0.05
r 48 0.01 4 6.10673 0.05
r 50 0.01 4 6.52239 0.05
r 52 0.01 4 6.92979 0.05
r 54 0.01 4 7.32164 0.05
r 56 0.01 4 7.70696 0.05
r 58 0.01 4 8.09199 0.05
r 60 0.01 4 8.48446 0.05
r 62 0.01 4 8.91517 0.05
r 64 0.01 4 9.34631 0.05
r 66 0.01 4 9.3862 0.05
r 68 0.01 4 9.63844 0.05
r 70 0.01 4 9.88571 0.05
r 72 0.01 4 10.1382 0.05
r 74 0.01 4 10.3887 0.05
r 76 0.01 4 10.6367 0.05
r 78 0.01 4 10.888 0.05
r 8 0.01 5 10.1671 0.05
r 10 0.01 5 9.83965 0.05
r 12 0.01 5 9.50997 0.05
r 14 0.01 5 9.18392 0.05
r 16 0.01 5 8.86128 0.05
r 18 0.01 5 8.53952 0.05
r 20 0.01 5 8.22993 0.05
r 22 0.01 5 7.92316 0.05
r 24 0.01 5 7.63336 0.05
r 26 0.01 5 7.36081 0.05
r 28 0.01 5 7.11238 0.05
r 48 0.01 5 7.0649 0.05
r 50 0.01 5 7.30819 0.05
r 52 0.01 5 7.58115 0.05
r 54 0.01 5 7.8601 0.05
r 56 0.01 5 8.16011 0.05
r 58 0.01 5 8.47697 0.05
r 60 0.01 5 8.81577 0.05
r 62 0.01 5 9.16906 0.05
r 64 0.01 5 9.49503 0.05
r 66 0.01 5 9.82178 0.05
r 68 0.01 5 10.1539 0.05
r 70 0.01 5 10.4776 0.05
r 72 0.01 5 10.8103 0.05
r 74 0.01 5 11.1375 0.05
r 76 0.01 5 11.466 0.05
r 78 0.01 5 11.7929 0.05
s 44 2 60
r 8 0.01 4 10.3353 0.05
r 10 0.01 4 10.0863 0.05
r 12 0.01 4 9.83458 0.05
r 14 0.01 4 9.58504 0.05
r 16 0.01 4 9.33551 0.05
r 18 0.01 4 9.08444 0.05
r 20 0.01 4 9.11169 0.05
r 22 0.01 4 8.74452 0.05
r 24 0.01 4 8.36344 0.05
r 26 0.01 4 7.9693 0.05
r 28 0.01 4 7.5586 0.05
r 30 0.01 4 7.13073 0.05
r 32 0.01 4 6.68364 0.05
r 34 0.01 4 6.22363 0.05
r 54 0.01 4 6.07701 0.05
r 56 0.01 4 6.49104 0.05
r 58 0.01 4 6.8949 0.05
r 60 0.01 4 7.29299 0.05
r 62 0.01 4 7.72371 0.05
r 64 0.01 4 8.15492 0.05
r 66 0.01 4 8.58205 0.05
r 68 0.01 4 9.00741 0.05
r 70 0.01 4 9.08412 0.05
r 72 0.01 4 9.33546 0.05
r 74 0.01 4 9.58403 0.05
r 76 0.01 4 9.83461 0.05
r 78 0.01 4 10.086 0.05
r 80 0.01 4 10.335 0.05
r 82 0.01 4 10.5859 0.05
r 84 0.01 4 10.8351 0.05
r 8 0.01 5 11.1027 0.05
r 10 0.01 5 10.7747 0.05
r 12 0.01 5 10.447 0.05
r 14 0.01 5 10.1152 0.05
r 16 0.01 5 9.78601 0.05
r 18 0.01 5 9.45736 0.05
r 20 0.01 5 9.1295 0.05
r 22 0.01 5 8.80514 0.05
r 24 0.01 5 8.49075 0.05
r 26 0.01 5 8.17484 0.05
r 28 0.01 5 7.8708 0.05
r 30 0.01 5 7.58372 0.05
r 32 0.01 5 7.30936 0.05
r 34 0.01 5 7.0629 0.05
r 54 0.01 5 7.01256 0.05
r 56 0.01 5 7.25514 0.05
r 58 0.01 5 7.52531 0.05
r 60 0.01 5 7.82361 0.05
r 62 0.01 5 8.16734 0.05
r 64 0.01 5 8.48022 0.05
r 66 0.01 5 8.79515 0.05
r 68 0.01 5 9.12275 0.05
r 70 0.01 5 9.4461 0.05
r 72 0.01 5 9.77402 0.05
r 74 0.01 5 10.1016 0.05
r 76 0.01 5 10.4302 0.05
r 78 0.01 5 10.7588 0.05
r 80 0.01 5 11.0858 0.05
r 82 0.01 5 11.4137 0.05
r 84 0.01 5 11.7412 0.05
s 50 2 64
r 10 0.01 4 10.8353 0.05
r 12 0.01 4 10.5857 0.05
r 14 0.01 4 10.3351 0.05
r 16 0.01 4 10.0849 0.05
r 18 0.01 4 9.83554 0.05
r 20 0.01 4 9.58412 0.05
r 22 0.01 4 9.33563 0.05
r 24 0.01 4 9.08445 0.05
r 26 0.01 4 9.08304 0.05
r 28 0.01 4 8.68484 0.05
r 30 0.01 4 8.27359 0.05
r 32 0.01 4 7.85266 0.05
r 34 0.01 4 7.42722 0.05
r 36 0.01 4 6.99282 0.05
r 38 0.01 4 6.53995 0.05
r 40 0.01 4 6.0829 0.05
r 60 0.01 4 6.0829 0.05
r 62 0.01 4 6.53995 0.05
r 64 0.01 4 6.99282 0.05
r 66 0.01 4 7.42722 0.05
r 68 0.01 4 7.85266 0.05
r 70 0.01 4 8.27359 0.05
r 72 0.01 4 8.68484 0.05
r 74 0.01 4 9.0821 0.05
r 76 0.01 4 9.0847 0.05
r 78 0.01 4 9.33582 0.05
r 80 0.01 4 9.58436 0.05
r 82 0.01 4 9.83441 0.05
r 84 0.01 4 10.0852 0.05
r 86 0.01 4 10.3348 0.05
r 88 0.01 4 10.5865 0.05
r 90 0.01 4 10.8347 0.05
r 10 0.01 5 11.7412 0.05
r 12 0.01 5 11.4139 0.05
r 14 0.01 5 11.0854 0.05
r 16 0.01 5 10.7578 0.05
r 18 0.01 5 10.4297 0.05
r 20 0.01 5 10.1014 0.05
r 22 0.01 5 9.77417 0.05
r 24 0.01 5 9.44601 0.05
r 26 0.01 5 9.12275 0.05
r 28 0.01 5 8.79515 0.05
r 30 0.01 5 8.48022 0.05
r 32 0.01 5 8.16818 0.05
r 34 0.01 5 7.86781 0.05
r 36 0.01 5 7.57919 0.05
r 38 0.01 5 7.3095 0.05
r 40 0.01 5 7.03748 0.05
r 60 0.01 5 7.03648 0.05
r 62 0.01 5 7.30941 0.05
r 64 0.01 5 7.58214 0.05
r 66 0.01 5 7.86781 0.05
r 68 0.01 5 8.16819 0.05
r 70 0.01 5 8.48044 0.05
r 72 0.01 5 8.79515 0.05
r 74 0.01 5 9.12275 0.05
r 76 0.01 5 9.4461 0.05
r 78 0.01 5 9.774 0.05
r 80 0.01 5 10.1013 0.05
r 82 0.01 5 10.4296 0.05
r 84 0.01 5 10.7588 0.05
r 86 0.01 5 11.0854 0.05
r 88 0.01 5 11.414 0.05
r 90 0.01 5 11.7412 0.05
s 56 2 60
r 16 0.01 4 10.8351 0.05
r 18 0.01 4 10.5856 0.05
r 20 0.01 4 10.3356 0.05
r 22 0.01 4 10.0848 0.05
r 24 0.01 4 9.83505 0.05
r 26 0.01 4 9.58427 0.05
r 28 0.01 4 9.33532 0.05
r 30 0.01 4 9.08442 0.05
r 32 0.01 4 9.00742 0.05
r 34 0.01 4 8.58207 0.05
r 36 0.01 4 8.15492 0.05
r 38 0.01 4 7.72371 0.05
r 40 0.01 4 7.29299 0.05
r 42 0.01 4 6.8949 0.05
r 44 0.01 4 6.49104 0.05
r 46 0.01 4 6.07701 0.05
r 66 0.01 4 6.22363 0.05
r 68 0.01 4 6.68364 0.05
r 70 0.01 4 7.12898 0.05
r 72 0.01 4 7.5586 0.05
r 74 0.01 4 7.9693 0.05
r 76 0.01 4 8.36344 0.05
r 78 0.01 4 8.74452 0.05
r 80 0.01 4 9.11169 0.05
r 82 0.01 4 9.08438 0.05
r 84 0.01 4 9.33615 0.05
r 86 0.01 4 9.58462 0.05
r 88 0.01 4 9.83578 0.05
r 90 0.01 4 10.0861 0.05
r 92 0.01 4 10.3357 0.05
r 16 0.01 5 11.7412 0.05
r 18 0.01 5 11.4134 0.05
r 20 0.01 5 11.0856 0.05
r 22 0.01 5 10.7578 0.05
r 24 0.01 5 10.4306 0.05
r 26 0.01 5 10.1022 0.05
r 28 0.01 5 9.77402 0.05
r 30 0.01 5 9.44601 0.05
r 32 0.01 5 9.12275 0.05
r 34 0.01 5 8.79515 0.05
r 36 0.01 5 8.48045 0.05
r 38 0.01 5 8.16734 0.05
r 40 0.01 5 7.82442 0.05
r 42 0.01 5 7.52818 0.05
r 44 0.01 5 7.25513 0.05
r 46 0.01 5 7.01159 0.05
r 66 0.01 5 7.06255 0.05
r 68 0.01 5 7.30936 0.05
r 70 0.01 5 7.58367 0.05
r 72 0.01 5 7.8708 0.05
r 74 0.01 5 8.17484 0.05
r 76 0.01 5 8.49074 0.05
r 78 0.01 5 8.80514 0.05
r 80 0.01 5 9.1295 0.05
r 82 0.01 5 9.45736 0.05
r 84 0.01 5 9.78556 0.05
r 86 0.01 5 10.1151 0.05
r 88 0.01 5 10.4467 0.05
r 90 0.01 5 10.7747 0.05
r 92 0.01 5 11.0964 0.05
s 62 2 54
r 22 0.01 4 10.8882 0.05
r 24 0.01 4 10.636 0.05
r 26 0.01 4 10.3884 0.05
r 28 0.01 4 10.1381 0.05
r 30 0.01 4 9.88591 0.05
r 32 0.01 4 9.63848 0.05
r 34 0.01 4 9.3857 0.05
r 36 0.01 4 9.34631 0.05
r 38 0.01 4 8.91517 0.05
r 40 0.01 4 8.48431 0.05
r 42 0.01 4 8.09199 0.05
r 44 0.01 4 7.70696 0.05
r 46 0.01 4 7.32164 0.05
r 48 0.01 4 6.92844 0.05
r 50 0.01 4 6.52291 0.05
r 52 0.01 4 6.10673 0.05
r 72 0.01 4 6.25591 0.05
r 74 0.01 4 6.71898 0.05
r 76 0.01 4 7.16753 0.05
r 78 0.01 4 7.60022 0.05
r 80 0.01 4 8.01477 0.05
r 82 0.01 4 8.41216 0.05
r 84 0.01 4 8.7943 0.05
r 86 0.01 4 9.16319 0.05
r 88 0.01 4 9.13692 0.05
r 90 0.01 4 9.38641 0.05
r 92 0.01 4 9.63827 0.05
r 22 0.01 5 11.7929 0.05
r 24 0.01 5 11.4664 0.05
r 26 0.01 5 11.1375 0.05
r 28 0.01 5 10.8103 0.05
r 30 0.01 5 10.4789 0.05
r 32 0.01 5 10.1539 0.05
r 34 0.01 5 9.82255 0.05
r 36 0.01 5 9.49503 0.05
r 38 0.01 5 9.16894 0.05
r 40 0.01 5 8.81581 0.05
r 42 0.01 5 8.47672 0.05
r 44 0.01 5 8.16322 0.05
r 46 0.01 5 7.86023 0.05
r 48 0.01 5 7.58114 0.05
r 50 0.01 5 7.30824 0.05
r 52 0.01 5 7.06489 0.05
r 72 0.01 5 7.11238 0.05
r 74 0.01 5 7.36081 0.05
r 76 0.01 5 7.63561 0.05
r 78 0.01 5 7.92317 0.05
r 80 0.01 5 8.22975 0.05
r 82 0.01 5 8.53956 0.05
r 84 0.01 5 8.86135 0.05
r 86 0.01 5 9.18392 0.05
r 88 0.01 5 9.50995 0.05
r 90 0.01 5 9.83966 0.05
r 92 0.01 5 10.1671 0.05
