5
s 38 2 54
r 8 0.01 4 9.6579 0.01
r 10 0.01 4 9.40855 0.01
r 12 0.01 4 9.16164 0.01
r 14 0.01 4 9.16692 0.01
r 16 0.01 4 8.80526 0.01
r 18 0.01 4 8.42312 0.01
r 20 0.01 4 8.02679 0.01
r 22 0.01 4 7.61482 0.01
r 24 0.01 4 7.18876 0.01
r 26 0.01 4 6.73822 0.01
r 28 0.01 4 6.26606 0.01
r 48 0.01 4 6.11729 0.01
r 50 0.01 4 6.53463 0.01
r 52 0.01 4 6.94025 0.01
r 54 0.01 4 7.33758 0.01
r 56 0.01 4 7.73819 0.01
r 58 0.01 4 8.09977 0.01
r 60 0.01 4 8.46659 0.01
r 62 0.01 4 8.84409 0.01
r 64 0.01 4 9.228 0.01
r 66 0.01 4 9.60863 0.01
r 68 0.01 4 9.63618 0.01
r 70 0.01 4 9.88662 0.01
r 72 0.01 4 10.1351 0.01
r 74 0.01 4 10.3893 0.01
r 76 0.01 4 10.6382 0.01
r 78 0.01 4 10.8868 0.01
r 8 0.01 5 10.1688 0.01
r 10 0.01 5 9.83961 0.01
r 12 0.01 5 9.51206 0.01
r 14 0.01 5 9.18621 0.01
r 16 0.01 5 8.85883 0.01
r 18 0.01 5 8.53883 0.01
r 20 0.01 5 8.22453 0.01
r 22 0.01 5 7.92288 0.01
r 24 0.01 5 7.63217 0.01
r 26 0.01 5 7.35841 0.01
r 28 0.01 5 7.10641 0.01
r 48 0.01 5 7.03501 0.01
r 50 0.01 5 7.26266 0.01
r 52 0.01 5 7.5307 0.01
r 54 0.01 5 7.82614 0.01
r 56 0.01 5 8.12265 0.01
r 58 0.01 5 8.45005 0.01
r 60 0.01 5 8.78173 0.01
r 62 0.01 5 9.13332 0.01
r 64 0.01 5 9.48324 0.01
r 66 0.01 5 9.83157 0.01
r 68 0.01 5 10.1668 0.01
r 70 0.01 5 10.497 0.01
r 72 0.01 5 10.8217 0.01
r 74 0.01 5 11.1468 0.01
r 76 0.01 5 11.473 0.01
r 78 0.01 5 11.8008 0.01
s 44 2 60
r 8 0.01 4 10.3493 0.01
r 10 0.01 4 10.1013 0.01
r 12 0.01 4 9.85446 0.01
r 14 0.01 4 9.60877 0.01
r 16 0.01 4 9.35934 0.01
r 18 0.01 4 9.10561 0.01
r 20 0.01 4 9.11533 0.01
r 22 0.01 4 8.74646 0.01
r 24 0.01 4 8.35892 0.01
r 26 0.01 4 7.95801 0.01
r 28 0.01 4 7.5439 0.01
r 30 0.01 4 7.11026 0.01
r 32 0.01 4 6.65623 0.01
r 34 0.01 4 6.19049 0.01
r 54 0.01 4 6.07767 0.01
r 56 0.01 4 6.49154 0.01
r 58 0.01 4 6.9027 0.01
r 60 0.01 4 7.31831 0.01
r 62 0.01 4 7.74453 0.01
r 64 0.01 4 8.12685 0.01
r 66 0.01 4 8.50881 0.01
r 68 0.01 4 8.8991 0.01
r 70 0.01 4 9.28717 0.01
r 72 0.01 4 9.33558 0.01
r 74 0.01 4 9.58591 0.01
r 76 0.01 4 9.83655 0.01
r 78 0.01 4 10.0874 0.01
r 80 0.01 4 10.3381 0.01
r 82 0.01 4 10.5862 0.01
r 84 0.01 4 10.8389 0.01
r 8 0.01 5 11.1091 0.01
r 10 0.01 5 10.782 0.01
r 12 0.01 5 10.455 0.01
r 14 0.01 5 10.1245 0.01
r 16 0.01 5 9.79468 0.01
r 18 0.01 5 9.46524 0.01
r 20 0.01 5 9.13836 0.01
r 22 0.01 5 8.81441 0.01
r 24 0.01 5 8.49603 0.01
r 26 0.01 5 8.18546 0.01
r 28 0.01 5 7.88512 0.01
r 30 0.01 5 7.58901 0.01
r 32 0.01 5 7.31348 0.01
r 34 0.01 5 7.06079 0.01
r 54 0.01 5 6.98031 0.01
r 56 0.01 5 7.22288 0.01
r 58 0.01 5 7.50049 0.01
r 60 0.01 5 7.80143 0.01
r 62 0.01 5 8.12265 0.01
r 64 0.01 5 8.45058 0.01
r 66 0.01 5 8.78086 0.01
r 68 0.01 5 9.11328 0.01
r 70 0.01 5 9.44394 0.01
r 72 0.01 5 9.77565 0.01
r 74 0.01 5 10.0983 0.01
r 76 0.01 5 10.4246 0.01
r 78 0.01 5 10.7516 0.01
r 80 0.01 5 11.0798 0.01
r 82 0.01 5 11.4088 0.01
r 84 0.01 5 11.7379 0.01
s 50 2 64
r 10 0.01 4 10.8269 0.01
r 12 0.01 4 10.5808 0.01
r 14 0.01 4 10.3366 0.01
r 16 0.01 4 10.1006 0.01
r 18 0.01 4 9.82973 0.01
r 20 0.01 4 9.57925 0.01
r 22 0.01 4 9.32702 0.01
r 24 0.01 4 9.07257 0.01
r 26 0.01 4 9.03619 0.01
r 28 0.01 4 8.639 0.01
r 30 0.01 4 8.2421 0.01
r 32 0.01 4 7.85089 0.01
r 34 0.01 4 7.42615 0.01
r 36 0.01 4 6.98736 0.01
r 38 0.01 4 6.54297 0.01
r 40 0.01 4 6.10273 0.01
r 60 0.01 4 6.10192 0.01
r 62 0.01 4 6.54193 0.01
r 64 0.01 4 6.98591 0.01
r 66 0.01 4 7.42598 0.01
r 68 0.01 4 7.85133 0.01
r 70 0.01 4 8.24037 0.01
r 72 0.01 4 8.63803 0.01
r 74 0.01 4 9.0341 0.01
r 76 0.01 4 9.07469 0.01
r 78 0.01 4 9.32629 0.01
r 80 0.01 4 9.57765 0.01
r 82 0.01 4 9.82792 0.01
r 84 0.01 4 10.0786 0.01
r 86 0.01 4 10.3289 0.01
r 88 0.01 4 10.5726 0.01
r 90 0.01 4 10.8191 0.01
r 10 0.01 5 11.7439 0.01
r 12 0.01 5 11.4165 0.01
r 14 0.01 5 11.0864 0.01
r 16 0.01 5 10.7558 0.01
r 18 0.01 5 10.4253 0.01
r 20 0.01 5 10.0979 0.01
r 22 0.01 5 9.76877 0.01
r 24 0.01 5 9.43994 0.01
r 26 0.01 5 9.11585 0.01
r 28 0.01 5 8.79118 0.01
r 30 0.01 5 8.47023 0.01
r 32 0.01 5 8.15182 0.01
r 34 0.01 5 7.85088 0.01
r 36 0.01 5 7.54483 0.01
r 38 0.01 5 7.27408 0.01
r 40 0.01 5 7.00293 0.01
r 60 0.01 5 7.00775 0.01
r 62 0.01 5 7.27128 0.01
r 64 0.01 5 7.54673 0.01
r 66 0.01 5 7.85375 0.01
r 68 0.01 5 8.15281 0.01
r 70 0.01 5 8.46977 0.01
r 72 0.01 5 8.79118 0.01
r 74 0.01 5 9.11727 0.01
r 76 0.01 5 9.43979 0.01
r 78 0.01 5 9.77009 0.01
r 80 0.01 5 10.0977 0.01
r 82 0.01 5 10.4246 0.01
r 84 0.01 5 10.7529 0.01
r 86 0.01 5 11.0828 0.01
r 88 0.01 5 11.4112 0.01
r 90 0.01 5 11.7377 0.01
s 56 2 60
r 16 0.01 4 10.8422 0.01
r 18 0.01 4 10.5904 0.01
r 20 0.01 4 10.3376 0.01
r 22 0.01 4 10.0863 0.01
r 24 0.01 4 9.83504 0.01
r 26 0.01 4 9.58352 0.01
r 28 0.01 4 9.33378 0.01
r 30 0.01 4 9.28762 0.01
r 32 0.01 4 8.89837 0.01
r 34 0.01 4 8.50842 0.01
r 36 0.01 4 8.1262 0.01
r 38 0.01 4 7.74373 0.01
r 40 0.01 4 7.32022 0.01
r 42 0.01 4 6.90351 0.01
r 44 0.01 4 6.49133 0.01
r 46 0.01 4 6.07745 0.01
r 66 0.01 4 6.19028 0.01
r 68 0.01 4 6.65483 0.01
r 70 0.01 4 7.1074 0.01
r 72 0.01 4 7.54163 0.01
r 74 0.01 4 7.95582 0.01
r 76 0.01 4 8.3572 0.01
r 78 0.01 4 8.74405 0.01
r 80 0.01 4 9.10992 0.01
r 82 0.01 4 9.09775 0.01
r 84 0.01 4 9.34882 0.01
r 86 0.01 4 9.59967 0.01
r 88 0.01 4 9.84311 0.01
r 90 0.01 4 10.0896 0.01
r 92 0.01 4 10.3377 0.01
r 16 0.01 5 11.7388 0.01
r 18 0.01 5 11.4082 0.01
r 20 0.01 5 11.0788 0.01
r 22 0.01 5 10.7502 0.01
r 24 0.01 5 10.4234 0.01
r 26 0.01 5 10.0971 0.01
r 28 0.01 5 9.77521 0.01
r 30 0.01 5 9.44215 0.01
r 32 0.01 5 9.11244 0.01
r 34 0.01 5 8.78105 0.01
r 36 0.01 5 8.44842 0.01
r 38 0.01 5 8.11997 0.01
r 40 0.01 5 7.80012 0.01
r 42 0.01 5 7.49951 0.01
r 44 0.01 5 7.22446 0.01
r 46 0.01 5 6.97711 0.01
r 66 0.01 5 7.06115 0.01
r 68 0.01 5 7.31376 0.01
r 70 0.01 5 7.58795 0.01
r 72 0.01 5 7.88829 0.01
r 74 0.01 5 8.18345 0.01
r 76 0.01 5 8.49534 0.01
r 78 0.01 5 8.81281 0.01
r 80 0.01 5 9.13612 0.01
r 82 0.01 5 9.4623 0.01
r 84 0.01 5 9.79131 0.01
r 86 0.01 5 10.1209 0.01
r 88 0.01 5 10.4496 0.01
r 90 0.01 5 10.7758 0.01
r 92 0.01 5 11.1014 0.01
s 62 2 54
r 22 0.01 4 10.8882 0.01
r 24 0.01 4 10.6363 0.01
r 26 0.01 4 10.3865 0.01
r 28 0.01 4 10.1347 0.01
r 30 0.01 4 9.88532 0.01
r 32 0.01 4 9.63492 0.01
r 34 0.01 4 9.60892 0.01
r 36 0.01 4 9.22682 0.01
r 38 0.01 4 8.84391 0.01
r 40 0.01 4 8.46651 0.01
r 42 0.01 4 8.09969 0.01
r 44 0.01 4 7.73839 0.01
r 46 0.01 4 7.33625 0.01
r 48 0.01 4 6.93857 0.01
r 50 0.01 4 6.53347 0.01
r 52 0.01 4 6.1163 0.01
r 72 0.01 4 6.26471 0.01
r 74 0.01 4 6.73584 0.01
r 76 0.01 4 7.18642 0.01
r 78 0.01 4 7.61467 0.01
r 80 0.01 4 8.02368 0.01
r 82 0.01 4 8.41997 0.01
r 84 0.01 4 8.80211 0.01
r 86 0.01 4 8.90271 0.01
r 88 0.01 4 9.14634 0.01
r 90 0.01 4 9.39421 0.01
r 92 0.01 4 9.64313 0.01
r 22 0.01 5 11.7987 0.01
r 24 0.01 5 11.4718 0.01
r 26 0.01 5 11.1456 0.01
r 28 0.01 5 10.8216 0.01
r 30 0.01 5 10.4956 0.01
r 32 0.01 5 10.1662 0.01
r 34 0.01 5 9.83047 0.01
r 36 0.01 5 9.48205 0.01
r 38 0.01 5 9.1344 0.01
r 40 0.01 5 8.78456 0.01
r 42 0.01 5 8.44221 0.01
r 44 0.01 5 8.12523 0.01
r 46 0.01 5 7.81891 0.01
r 48 0.01 5 7.54208 0.01
r 50 0.01 5 7.2664 0.01
r 52 0.01 5 7.02554 0.01
r 72 0.01 5 7.10598 0.01
r 74 0.01 5 7.35594 0.01
r 76 0.01 5 7.62943 0.01
r 78 0.01 5 7.92068 0.01
r 80 0.01 5 8.22125 0.01
r 82 0.01 5 8.53493 0.01
r 84 0.01 5 8.85614 0.01
r 86 0.01 5 9.1793 0.01
r 88 0.01 5 9.50695 0.01
r 90 0.01 5 9.83481 0.01
r 92 0.01 5 10.1605 0.01
