5
s 38 2 98
r 8 0.01 0 7.01407 0.01
r 10 0.01 0 6.76072 0.01
r 12 0.01 0 6.51042 0.01
r 14 0.01 0 6.26517 0.01
r 16 0.01 0 6.22877 0.01
r 18 0.01 0 5.84787 0.01
r 20 0.01 0 5.45889 0.01
r 22 0.01 0 5.05737 0.01
r 24 0.01 0 4.64656 0.01
r 26 0.01 0 4.21752 0.01
r 28 0.01 0 3.75487 0.01
r 48 0.01 0 3.61002 0.01
r 50 0.01 0 4.0171 0.01
r 52 0.01 0 4.4179 0.01
r 54 0.01 0 4.81475 0.01
r 56 0.01 0 5.21409 0.01
r 58 0.01 0 5.6217 0.01
r 60 0.01 0 5.89293 0.01
r 62 0.01 0 6.24836 0.01
r 64 0.01 0 6.59464 0.01
r 66 0.01 0 6.93344 0.01
r 68 0.01 0 7.27981 0.01
r 8 0.01 1 7.66933 0.01
r 10 0.01 1 7.35799 0.01
r 12 0.01 1 6.94152 0.01
r 14 0.01 1 6.61224 0.01
r 16 0.01 1 6.29067 0.01
r 18 0.01 1 5.96889 0.01
r 20 0.01 1 5.65475 0.01
r 22 0.01 1 5.31272 0.01
r 24 0.01 1 5.02028 0.01
r 26 0.01 1 4.73049 0.01
r 28 0.01 1 4.47662 0.01
r 48 0.01 1 4.43847 0.01
r 50 0.01 1 4.69772 0.01
r 52 0.01 1 4.96407 0.01
r 54 0.01 1 5.26055 0.01
r 56 0.01 1 5.5718 0.01
r 58 0.01 1 5.90376 0.01
r 60 0.01 1 6.27363 0.01
r 62 0.01 1 6.64019 0.01
r 64 0.01 1 6.94952 0.01
r 66 0.01 1 7.26986 0.01
r 68 0.01 1 7.6028 0.01
r 8 0.01 4 9.63459 0.01
r 10 0.01 4 9.38642 0.01
r 12 0.01 4 9.13358 0.01
r 14 0.01 4 8.88528 0.01
r 16 0.01 4 8.79467 0.01
r 18 0.01 4 8.40467 0.01
r 20 0.01 4 8.00664 0.01
r 22 0.01 4 7.59873 0.01
r 24 0.01 4 7.17928 0.01
r 26 0.01 4 6.72727 0.01
r 28 0.01 4 6.2586 0.01
r 48 0.01 4 6.11725 0.01
r 50 0.01 4 6.52971 0.01
r 52 0.01 4 6.93429 0.01
r 54 0.01 4 7.33153 0.01
r 56 0.01 4 7.72959 0.01
r 58 0.01 4 8.13797 0.01
r 60 0.01 4 8.45998 0.01
r 62 0.01 4 8.81442 0.01
r 64 0.01 4 9.15947 0.01
r 66 0.01 4 9.49854 0.01
r 68 0.01 4 9.84438 0.01
r 70 0.01 4 9.8804 0.01
r 72 0.01 4 10.1283 0.01
r 74 0.01 4 10.3772 0.01
r 76 0.01 4 10.6295 0.01
r 78 0.01 4 10.8878 0.01
r 8 0.01 5 10.1663 0.01
r 10 0.01 5 9.83552 0.01
r 12 0.01 5 9.5048 0.01
r 14 0.01 5 9.17798 0.01
r 16 0.01 5 8.85076 0.01
r 18 0.01 5 8.52984 0.01
r 20 0.01 5 8.22157 0.01
r 22 0.01 5 7.91348 0.01
r 24 0.01 5 7.61891 0.01
r 26 0.01 5 7.34673 0.01
r 28 0.01 5 7.09559 0.01
r 48 0.01 5 7.063 0.01
r 50 0.01 5 7.30084 0.01
r 52 0.01 5 7.56404 0.01
r 54 0.01 5 7.85106 0.01
r 56 0.01 5 8.16041 0.01
r 58 0.01 5 8.49204 0.01
r 60 0.01 5 8.81212 0.01
r 62 0.01 5 9.15947 0.01
r 64 0.01 5 9.4972 0.01
r 66 0.01 5 9.82749 0.01
r 68 0.01 5 10.1715 0.01
r 70 0.01 5 10.4987 0.01
r 72 0.01 5 10.8194 0.01
r 74 0.01 5 11.1378 0.01
r 76 0.01 5 11.4631 0.01
r 78 0.01 5 11.7898 0.01
s 44 2 104
r 14 0.01 0 6.97271 0.01
r 16 0.01 0 6.71961 0.01
r 18 0.01 0 6.46963 0.01
r 20 0.01 0 6.5061 0.01
r 22 0.01 0 6.12223 0.01
r 24 0.01 0 5.73235 0.01
r 26 0.01 0 5.35534 0.01
r 28 0.01 0 4.98712 0.01
r 30 0.01 0 4.59386 0.01
r 32 0.01 0 4.14083 0.01
r 34 0.01 0 3.68019 0.01
r 54 0.01 0 3.53619 0.01
r 56 0.01 0 3.93823 0.01
r 58 0.01 0 4.34688 0.01
r 60 0.01 0 4.76703 0.01
r 62 0.01 0 5.19945 0.01
r 64 0.01 0 5.53814 0.01
r 66 0.01 0 5.87709 0.01
r 68 0.01 0 6.22248 0.01
r 70 0.01 0 6.576 0.01
r 72 0.01 0 6.93956 0.01
r 74 0.01 0 6.96193 0.01
r 14 0.01 1 7.54166 0.01
r 16 0.01 1 7.21551 0.01
r 18 0.01 1 6.89526 0.01
r 20 0.01 1 6.57181 0.01
r 22 0.01 1 6.26506 0.01
r 24 0.01 1 5.93686 0.01
r 26 0.01 1 5.61396 0.01
r 28 0.01 1 5.27645 0.01
r 30 0.01 1 4.98919 0.01
r 32 0.01 1 4.71087 0.01
r 34 0.01 1 4.45118 0.01
r 54 0.01 1 4.38928 0.01
r 56 0.01 1 4.6484 0.01
r 58 0.01 1 4.93843 0.01
r 60 0.01 1 5.2379 0.01
r 62 0.01 1 5.56643 0.01
r 64 0.01 1 5.92242 0.01
r 66 0.01 1 6.25849 0.01
r 68 0.01 1 6.56246 0.01
r 70 0.01 1 6.88193 0.01
r 72 0.01 1 7.20375 0.01
r 74 0.01 1 7.52292 0.01
r 8 0.01 4 10.3411 0.01
r 10 0.01 4 10.0894 0.01
r 12 0.01 4 9.84023 0.01
r 14 0.01 4 9.59162 0.01
r 16 0.01 4 9.34007 0.01
r 18 0.01 4 9.08844 0.01
r 20 0.01 4 9.08891 0.01
r 22 0.01 4 8.70157 0.01
r 24 0.01 4 8.31264 0.01
r 26 0.01 4 7.9368 0.01
r 28 0.01 4 7.55666 0.01
r 30 0.01 4 7.12465 0.01
r 32 0.01 4 6.66607 0.01
r 34 0.01 4 6.20017 0.01
r 54 0.01 4 6.06974 0.01
r 56 0.01 4 6.47669 0.01
r 58 0.01 4 6.88581 0.01
r 60 0.01 4 7.30554 0.01
r 62 0.01 4 7.73769 0.01
r 64 0.01 4 8.11487 0.01
r 66 0.01 4 8.45199 0.01
r 68 0.01 4 8.79906 0.01
r 70 0.01 4 9.15102 0.01
r 72 0.01 4 9.5148 0.01
r 74 0.01 4 9.57448 0.01
r 76 0.01 4 9.82814 0.01
r 78 0.01 4 10.0832 0.01
r 80 0.01 4 10.3376 0.01
r 82 0.01 4 10.5953 0.01
r 84 0.01 4 10.8516 0.01
r 8 0.01 5 11.1058 0.01
r 10 0.01 5 10.7756 0.01
r 12 0.01 5 10.4448 0.01
r 14 0.01 5 10.1167 0.01
r 16 0.01 5 9.78786 0.01
r 18 0.01 5 9.45955 0.01
r 20 0.01 5 9.13442 0.01
r 22 0.01 5 8.80883 0.01
r 24 0.01 5 8.49016 0.01
r 26 0.01 5 8.17846 0.01
r 28 0.01 5 7.87742 0.01
r 30 0.01 5 7.59021 0.01
r 32 0.01 5 7.32203 0.01
r 34 0.01 5 7.07023 0.01
r 54 0.01 5 7.00915 0.01
r 56 0.01 5 7.25696 0.01
r 58 0.01 5 7.53267 0.01
r 60 0.01 5 7.8302 0.01
r 62 0.01 5 8.14862 0.01
r 64 0.01 5 8.47025 0.01
r 66 0.01 5 8.78468 0.01
r 68 0.01 5 9.10589 0.01
r 70 0.01 5 9.43662 0.01
r 72 0.01 5 9.76293 0.01
r 74 0.01 5 10.0924 0.01
r 76 0.01 5 10.4173 0.01
r 78 0.01 5 10.7429 0.01
r 80 0.01 5 11.0688 0.01
r 82 0.01 5 11.3967 0.01
r 84 0.01 5 11.7281 0.01
s 50 2 108
r 20 0.01 0 6.96135 0.01
r 22 0.01 0 6.7109 0.01
r 24 0.01 0 6.73581 0.01
r 26 0.01 0 6.35782 0.01
r 28 0.01 0 5.97645 0.01
r 30 0.01 0 5.60547 0.01
r 32 0.01 0 5.24734 0.01
r 34 0.01 0 4.90447 0.01
r 36 0.01 0 4.45295 0.01
r 38 0.01 0 4.00429 0.01
r 40 0.01 0 3.56779 0.01
r 60 0.01 0 3.56238 0.01
r 62 0.01 0 4.00167 0.01
r 64 0.01 0 4.45052 0.01
r 66 0.01 0 4.90124 0.01
r 68 0.01 0 5.24605 0.01
r 70 0.01 0 5.5909 0.01
r 72 0.01 0 5.95487 0.01
r 74 0.01 0 6.32647 0.01
r 76 0.01 0 6.69519 0.01
r 78 0.01 0 6.70619 0.01
r 80 0.01 0 6.95919 0.01
r 20 0.01 1 7.53982 0.01
r 22 0.01 1 7.23851 0.01
r 24 0.01 1 6.90299 0.01
r 26 0.01 1 6.57977 0.01
r 28 0.01 1 6.25198 0.01
r 30 0.01 1 5.92179 0.01
r 32 0.01 1 5.60592 0.01
r 34 0.01 1 5.26836 0.01
r 36 0.01 1 4.97444 0.01
r 38 0.01 1 4.69069 0.01
r 40 0.01 1 4.42712 0.01
r 60 0.01 1 4.41319 0.01
r 62 0.01 1 4.67448 0.01
r 64 0.01 1 4.96206 0.01
r 66 0.01 1 5.25303 0.01
r 68 0.01 1 5.59811 0.01
r 70 0.01 1 5.8985 0.01
r 72 0.01 1 6.23108 0.01
r 74 0.01 1 6.53626 0.01
r 76 0.01 1 6.8685 0.01
r 78 0.01 1 7.22161 0.01
r 80 0.01 1 7.51521 0.01
r 10 0.01 4 10.8303 0.01
r 12 0.01 4 10.5808 0.01
r 14 0.01 4 10.333 0.01
r 16 0.01 4 10.0797 0.01
r 18 0.01 4 9.82831 0.01
r 20 0.01 4 9.57831 0.01
r 22 0.01 4 9.32954 0.01
r 24 0.01 4 9.31369 0.01
r 26 0.01 4 8.93814 0.01
r 28 0.01 4 8.55578 0.01
r 30 0.01 4 8.18382 0.01
r 32 0.01 4 7.82439 0.01
r 34 0.01 4 7.44506 0.01
r 36 0.01 4 6.99213 0.01
r 38 0.01 4 6.5409 0.01
r 40 0.01 4 6.10004 0.01
r 60 0.01 4 6.09636 0.01
r 62 0.01 4 6.53573 0.01
r 64 0.01 4 6.98884 0.01
r 66 0.01 4 7.44066 0.01
r 68 0.01 4 7.83814 0.01
r 70 0.01 4 8.1769 0.01
r 72 0.01 4 8.54041 0.01
r 74 0.01 4 8.91128 0.01
r 76 0.01 4 9.27861 0.01
r 78 0.01 4 9.32275 0.01
r 80 0.01 4 9.5777 0.01
r 82 0.01 4 9.83459 0.01
r 84 0.01 4 10.0924 0.01
r 86 0.01 4 10.3493 0.01
r 88 0.01 4 10.5887 0.01
r 90 0.01 4 10.8313 0.01
r 10 0.01 5 11.7438 0.01
r 12 0.01 5 11.4133 0.01
r 14 0.01 5 11.0844 0.01
r 16 0.01 5 10.7569 0.01
r 18 0.01 5 10.4289 0.01
r 20 0.01 5 10.1025 0.01
r 22 0.01 5 9.77439 0.01
r 24 0.01 5 9.44697 0.01
r 26 0.01 5 9.12303 0.01
r 28 0.01 5 8.80175 0.01
r 30 0.01 5 8.48224 0.01
r 32 0.01 5 8.16898 0.01
r 34 0.01 5 7.86885 0.01
r 36 0.01 5 7.57834 0.01
r 38 0.01 5 7.30673 0.01
r 40 0.01 5 7.04085 0.01
r 60 0.01 5 7.02977 0.01
r 62 0.01 5 7.29016 0.01
r 64 0.01 5 7.56344 0.01
r 66 0.01 5 7.85424 0.01
r 68 0.01 5 8.15397 0.01
r 70 0.01 5 8.46777 0.01
r 72 0.01 5 8.78956 0.01
r 74 0.01 5 9.10897 0.01
r 76 0.01 5 9.43559 0.01
r 78 0.01 5 9.76122 0.01
r 80 0.01 5 10.0947 0.01
r 82 0.01 5 10.4217 0.01
r 84 0.01 5 10.7514 0.01
r 86 0.01 5 11.0821 0.01
r 88 0.01 5 11.4118 0.01
r 90 0.01 5 11.7365 0.01
s 56 2 104
r 26 0.01 0 6.97589 0.01
r 28 0.01 0 6.9767 0.01
r 30 0.01 0 6.60514 0.01
r 32 0.01 0 6.24755 0.01
r 34 0.01 0 5.89552 0.01
r 36 0.01 0 5.55043 0.01
r 38 0.01 0 5.20147 0.01
r 40 0.01 0 4.76928 0.01
r 42 0.01 0 4.3483 0.01
r 44 0.01 0 3.93743 0.01
r 46 0.01 0 3.53628 0.01
r 66 0.01 0 3.67681 0.01
r 68 0.01 0 4.13666 0.01
r 70 0.01 0 4.58935 0.01
r 72 0.01 0 5.03014 0.01
r 74 0.01 0 5.36358 0.01
r 76 0.01 0 5.72579 0.01
r 78 0.01 0 6.10507 0.01
r 80 0.01 0 6.48626 0.01
r 82 0.01 0 6.49061 0.01
r 84 0.01 0 6.74521 0.01
r 86 0.01 0 7.00119 0.01
r 26 0.01 1 7.55959 0.01
r 28 0.01 1 7.21695 0.01
r 30 0.01 1 6.90917 0.01
r 32 0.01 1 6.58576 0.01
r 34 0.01 1 6.24767 0.01
r 36 0.01 1 5.95261 0.01
r 38 0.01 1 5.57349 0.01
r 40 0.01 1 5.2439 0.01
r 42 0.01 1 4.93565 0.01
r 44 0.01 1 4.64883 0.01
r 46 0.01 1 4.38708 0.01
r 66 0.01 1 4.44083 0.01
r 68 0.01 1 4.69585 0.01
r 70 0.01 1 4.97958 0.01
r 72 0.01 1 5.27122 0.01
r 74 0.01 1 5.63011 0.01
r 76 0.01 1 5.91621 0.01
r 78 0.01 1 6.2347 0.01
r 80 0.01 1 6.58842 0.01
r 82 0.01 1 6.89655 0.01
r 84 0.01 1 7.2179 0.01
r 86 0.01 1 7.55877 0.01
r 16 0.01 4 10.8365 0.01
r 18 0.01 4 10.5859 0.01
r 20 0.01 4 10.3365 0.01
r 22 0.01 4 10.0866 0.01
r 24 0.01 4 9.83627 0.01
r 26 0.01 4 9.58663 0.01
r 28 0.01 4 9.55023 0.01
r 30 0.01 4 9.17814 0.01
r 32 0.01 4 8.81906 0.01
r 34 0.01 4 8.46749 0.01
r 36 0.01 4 8.12432 0.01
r 38 0.01 4 7.74162 0.01
r 40 0.01 4 7.30871 0.01
r 42 0.01 4 6.88834 0.01
r 44 0.01 4 6.47704 0.01
r 46 0.01 4 6.06975 0.01
r 66 0.01 4 6.19851 0.01
r 68 0.01 4 6.66284 0.01
r 70 0.01 4 7.12046 0.01
r 72 0.01 4 7.56713 0.01
r 74 0.01 4 7.94697 0.01
r 76 0.01 4 8.31207 0.01
r 78 0.01 4 8.69147 0.01
r 80 0.01 4 9.07366 0.01
r 82 0.01 4 9.11015 0.01
r 84 0.01 4 9.36695 0.01
r 86 0.01 4 9.62177 0.01
r 88 0.01 4 9.86287 0.01
r 90 0.01 4 10.1042 0.01
r 92 0.01 4 10.3493 0.01
r 16 0.01 5 11.7395 0.01
r 18 0.01 5 11.4127 0.01
r 20 0.01 5 11.0855 0.01
r 22 0.01 5 10.7615 0.01
r 24 0.01 5 10.4282 0.01
r 26 0.01 5 10.1019 0.01
r 28 0.01 5 9.77726 0.01
r 30 0.01 5 9.45047 0.01
r 32 0.01 5 9.12379 0.01
r 34 0.01 5 8.79865 0.01
r 36 0.01 5 8.48238 0.01
r 38 0.01 5 8.15728 0.01
r 40 0.01 5 7.83626 0.01
r 42 0.01 5 7.53758 0.01
r 44 0.01 5 7.25673 0.01
r 46 0.01 5 7.0097 0.01
r 66 0.01 5 7.06343 0.01
r 68 0.01 5 7.31447 0.01
r 70 0.01 5 7.58107 0.01
r 72 0.01 5 7.87321 0.01
r 74 0.01 5 8.18003 0.01
r 76 0.01 5 8.48706 0.01
r 78 0.01 5 8.81026 0.01
r 80 0.01 5 9.13889 0.01
r 82 0.01 5 9.46592 0.01
r 84 0.01 5 9.79683 0.01
r 86 0.01 5 10.1283 0.01
r 88 0.01 5 10.4563 0.01
r 90 0.01 5 10.7818 0.01
r 92 0.01 5 11.1062 0.01
s 62 2 98
r 32 0.01 0 7.30011 0.01
r 34 0.01 0 6.94655 0.01
r 36 0.01 0 6.60233 0.01
r 38 0.01 0 6.24516 0.01
r 40 0.01 0 5.88658 0.01
r 42 0.01 0 5.62068 0.01
r 44 0.01 0 5.21068 0.01
r 46 0.01 0 4.81066 0.01
r 48 0.01 0 4.415 0.01
r 50 0.01 0 4.01438 0.01
r 52 0.01 0 3.60329 0.01
r 72 0.01 0 3.75508 0.01
r 74 0.01 0 4.2141 0.01
r 76 0.01 0 4.65135 0.01
r 78 0.01 0 5.06827 0.01
r 80 0.01 0 5.47742 0.01
r 82 0.01 0 5.87285 0.01
r 84 0.01 0 6.2407 0.01
r 86 0.01 0 6.59038 0.01
r 88 0.01 0 6.54934 0.01
r 90 0.01 0 6.79163 0.01
r 92 0.01 0 7.03763 0.01
r 32 0.01 1 7.65294 0.01
r 34 0.01 1 7.28733 0.01
r 36 0.01 1 6.94228 0.01
r 38 0.01 1 6.62404 0.01
r 40 0.01 1 6.24808 0.01
r 42 0.01 1 5.8976 0.01
r 44 0.01 1 5.56291 0.01
r 46 0.01 1 5.25062 0.01
r 48 0.01 1 4.95215 0.01
r 50 0.01 1 4.67939 0.01
r 52 0.01 1 4.4265 0.01
r 72 0.01 1 4.48694 0.01
r 74 0.01 1 4.7388 0.01
r 76 0.01 1 5.02252 0.01
r 78 0.01 1 5.32029 0.01
r 80 0.01 1 5.63301 0.01
r 82 0.01 1 5.96909 0.01
r 84 0.01 1 6.28975 0.01
r 86 0.01 1 6.62854 0.01
r 88 0.01 1 6.96415 0.01
r 90 0.01 1 7.29298 0.01
r 92 0.01 1 7.6543 0.01
r 22 0.01 4 10.8775 0.01
r 24 0.01 4 10.6268 0.01
r 26 0.01 4 10.3778 0.01
r 28 0.01 4 10.1326 0.01
r 30 0.01 4 9.88455 0.01
r 32 0.01 4 9.86626 0.01
r 34 0.01 4 9.51446 0.01
r 36 0.01 4 9.17167 0.01
r 38 0.01 4 8.81594 0.01
r 40 0.01 4 8.45573 0.01
r 42 0.01 4 8.13729 0.01
r 44 0.01 4 7.72678 0.01
r 46 0.01 4 7.32641 0.01
r 48 0.01 4 6.93116 0.01
r 50 0.01 4 6.52588 0.01
r 52 0.01 4 6.11437 0.01
r 72 0.01 4 6.25811 0.01
r 74 0.01 4 6.72792 0.01
r 76 0.01 4 7.18072 0.01
r 78 0.01 4 7.60649 0.01
r 80 0.01 4 8.01998 0.01
r 82 0.01 4 8.42036 0.01
r 84 0.01 4 8.80802 0.01
r 86 0.01 4 9.17196 0.01
r 88 0.01 4 9.17062 0.01
r 90 0.01 4 9.41273 0.01
r 92 0.01 4 9.65651 0.01
r 22 0.01 5 11.7929 0.01
r 24 0.01 5 11.4645 0.01
r 26 0.01 5 11.1378 0.01
r 28 0.01 5 10.8146 0.01
r 30 0.01 5 10.5008 0.01
r 32 0.01 5 10.1769 0.01
r 34 0.01 5 9.83143 0.01
r 36 0.01 5 9.49949 0.01
r 38 0.01 5 9.16573 0.01
r 40 0.01 5 8.82113 0.01
r 42 0.01 5 8.48854 0.01
r 44 0.01 5 8.15137 0.01
r 46 0.01 5 7.84 0.01
r 48 0.01 5 7.5574 0.01
r 50 0.01 5 7.28799 0.01
r 52 0.01 5 7.05395 0.01
r 72 0.01 5 7.09833 0.01
r 74 0.01 5 7.35086 0.01
r 76 0.01 5 7.6249 0.01
r 78 0.01 5 7.92075 0.01
r 80 0.01 5 8.23043 0.01
r 82 0.01 5 8.53924 0.01
r 84 0.01 5 8.86395 0.01
r 86 0.01 5 9.19129 0.01
r 88 0.01 5 9.51567 0.01
r 90 0.01 5 9.84166 0.01
r 92 0.01 5 10.1654 0.01
