5
s 38 2 44
r 8 0.01 0 7.01701 0.01
r 10 0.01 0 6.76352 0.01
r 12 0.01 0 6.51496 0.01
r 14 0.01 0 6.58513 0.01
r 16 0.01 0 6.24356 0.01
r 18 0.01 0 5.86362 0.01
r 20 0.01 0 5.47271 0.01
r 22 0.01 0 5.06545 0.01
r 24 0.01 0 4.64457 0.01
r 26 0.01 0 4.20845 0.01
r 28 0.01 0 3.7561 0.01
r 48 0.01 0 3.7561 0.01
r 50 0.01 0 4.20845 0.01
r 52 0.01 0 4.64457 0.01
r 54 0.01 0 5.06545 0.01
r 56 0.01 0 5.47271 0.01
r 58 0.01 0 5.86362 0.01
r 60 0.01 0 6.24356 0.01
r 62 0.01 0 6.58514 0.01
r 64 0.01 0 6.51539 0.01
r 66 0.01 0 6.76273 0.01
r 68 0.01 0 7.01803 0.01
r 8 0.01 1 7.63101 0.01
r 10 0.01 1 7.32525 0.01
r 12 0.01 1 6.99715 0.01
r 14 0.01 1 6.64368 0.01
r 16 0.01 1 6.34071 0.01
r 18 0.01 1 6.01304 0.01
r 20 0.01 1 5.66646 0.01
r 22 0.01 1 5.3237 0.01
r 24 0.01 1 5.02958 0.01
r 26 0.01 1 4.74821 0.01
r 28 0.01 1 4.48839 0.01
r 48 0.01 1 4.48839 0.01
r 50 0.01 1 4.74821 0.01
r 52 0.01 1 5.02958 0.01
r 54 0.01 1 5.32366 0.01
r 56 0.01 1 5.67252 0.01
r 58 0.01 1 6.013 0.01
r 60 0.01 1 6.34071 0.01
r 62 0.01 1 6.64364 0.01
r 64 0.01 1 6.99715 0.01
r 66 0.01 1 7.32525 0.01
r 68 0.01 1 7.62846 0.01
s 44 2 44
r 14 0.01 0 7.01849 0.01
r 16 0.01 0 6.76335 0.01
r 18 0.01 0 6.51494 0.01
r 20 0.01 0 6.58528 0.01
r 22 0.01 0 6.24356 0.01
r 24 0.01 0 5.86362 0.01
r 26 0.01 0 5.47271 0.01
r 28 0.01 0 5.06545 0.01
r 30 0.01 0 4.64457 0.01
r 32 0.01 0 4.20845 0.01
r 34 0.01 0 3.7561 0.01
r 54 0.01 0 3.7561 0.01
r 56 0.01 0 4.20845 0.01
r 58 0.01 0 4.64457 0.01
r 60 0.01 0 5.06545 0.01
r 62 0.01 0 5.47271 0.01
r 64 0.01 0 5.86362 0.01
r 66 0.01 0 6.24356 0.01
r 68 0.01 0 6.58512 0.01
r 70 0.01 0 6.51569 0.01
r 72 0.01 0 6.76338 0.01
r 74 0.01 0 7.02195 0.01
r 14 0.01 1 7.63108 0.01
r 16 0.01 1 7.32525 0.01
r 18 0.01 1 6.99715 0.01
r 20 0.01 1 6.64366 0.01
r 22 0.01 1 6.34073 0.01
r 24 0.01 1 6.01304 0.01
r 26 0.01 1 5.67342 0.01
r 28 0.01 1 5.32366 0.01
r 30 0.01 1 5.02958 0.01
r 32 0.01 1 4.74821 0.01
r 34 0.01 1 4.48839 0.01
r 54 0.01 1 4.48839 0.01
r 56 0.01 1 4.74821 0.01
r 58 0.01 1 5.02958 0.01
r 60 0.01 1 5.32366 0.01
r 62 0.01 1 5.66615 0.01
r 64 0.01 1 6.01301 0.01
r 66 0.01 1 6.3228 0.01
r 68 0.01 1 6.64369 0.01
r 70 0.01 1 6.99715 0.01
r 72 0.01 1 7.32536 0.01
r 74 0.01 1 7.62858 0.01
s 50 2 44
r 20 0.01 0 7.02342 0.01
r 22 0.01 0 6.76526 0.01
r 24 0.01 0 6.51499 0.01
r 26 0.01 0 6.58513 0.01
r 28 0.01 0 6.24356 0.01
r 30 0.01 0 5.86362 0.01
r 32 0.01 0 5.47271 0.01
r 34 0.01 0 5.06545 0.01
r 36 0.01 0 4.64457 0.01
r 38 0.01 0 4.20845 0.01
r 40 0.01 0 3.7561 0.01
r 60 0.01 0 3.7561 0.01
r 62 0.01 0 4.20845 0.01
r 64 0.01 0 4.64457 0.01
r 66 0.01 0 5.06545 0.01
r 68 0.01 0 5.47369 0.01
r 70 0.01 0 5.86362 0.01
r 72 0.01 0 6.24356 0.01
r 74 0.01 0 6.58538 0.01
r 76 0.01 0 6.51499 0.01
r 78 0.01 0 6.7632 0.01
r 80 0.01 0 7.01778 0.01
r 20 0.01 1 7.62843 0.01
r 22 0.01 1 7.32525 0.01
r 24 0.01 1 6.99715 0.01
r 26 0.01 1 6.64362 0.01
r 28 0.01 1 6.34071 0.01
r 30 0.01 1 6.0131 0.01
r 32 0.01 1 5.67276 0.01
r 34 0.01 1 5.32366 0.01
r 36 0.01 1 5.02958 0.01
r 38 0.01 1 4.74821 0.01
r 40 0.01 1 4.48839 0.01
r 60 0.01 1 4.48839 0.01
r 62 0.01 1 4.74821 0.01
r 64 0.01 1 5.02958 0.01
r 66 0.01 1 5.32366 0.01
r 68 0.01 1 5.66694 0.01
r 70 0.01 1 6.0131 0.01
r 72 0.01 1 6.3407 0.01
r 74 0.01 1 6.64366 0.01
r 76 0.01 1 6.99715 0.01
r 78 0.01 1 7.32525 0.01
r 80 0.01 1 7.62836 0.01
s 56 2 44
r 26 0.01 0 7.01703 0.01
r 28 0.01 0 6.76358 0.01
r 30 0.01 0 6.515 0.01
r 32 0.01 0 6.58531 0.01
r 34 0.01 0 6.24356 0.01
r 36 0.01 0 5.86362 0.01
r 38 0.01 0 5.47271 0.01
r 40 0.01 0 5.06545 0.01
r 42 0.01 0 4.64457 0.01
r 44 0.01 0 4.20845 0.01
r 46 0.01 0 3.7561 0.01
r 66 0.01 0 3.7561 0.01
r 68 0.01 0 4.20845 0.01
r 70 0.01 0 4.64457 0.01
r 72 0.01 0 5.06545 0.01
r 74 0.01 0 5.47271 0.01
r 76 0.01 0 5.86362 0.01
r 78 0.01 0 6.24356 0.01
r 80 0.01 0 6.58512 0.01
r 82 0.01 0 6.51463 0.01
r 84 0.01 0 6.76337 0.01
r 86 0.01 0 7.017 0.01
r 26 0.01 1 7.63091 0.01
r 28 0.01 1 7.32525 0.01
r 30 0.01 1 6.99715 0.01
r 32 0.01 1 6.64365 0.01
r 34 0.01 1 6.32626 0.01
r 36 0.01 1 6.01304 0.01
r 38 0.01 1 5.67256 0.01
r 40 0.01 1 5.32365 0.01
r 42 0.01 1 5.02958 0.01
r 44 0.01 1 4.74821 0.01
r 46 0.01 1 4.48839 0.01
r 66 0.01 1 4.48839 0.01
r 68 0.01 1 4.74821 0.01
r 70 0.01 1 5.02958 0.01
r 72 0.01 1 5.32366 0.01
r 74 0.01 1 5.67252 0.01
r 76 0.01 1 6.01304 0.01
r 78 0.01 1 6.34068 0.01
r 80 0.01 1 6.64369 0.01
r 82 0.01 1 6.99715 0.01
r 84 0.01 1 7.32525 0.01
r 86 0.01 1 7.62834 0.01
s 62 2 44
r 32 0.01 0 7.01809 0.01
r 34 0.01 0 6.76569 0.01
r 36 0.01 0 6.51488 0.01
r 38 0.01 0 6.58512 0.01
r 40 0.01 0 6.24356 0.01
r 42 0.01 0 5.86362 0.01
r 44 0.01 0 5.47369 0.01
r 46 0.01 0 5.06545 0.01
r 48 0.01 0 4.64457 0.01
r 50 0.01 0 4.20845 0.01
r 52 0.01 0 3.7561 0.01
r 72 0.01 0 3.7561 0.01
r 74 0.01 0 4.20845 0.01
r 76 0.01 0 4.64457 0.01
r 78 0.01 0 5.06545 0.01
r 80 0.01 0 5.47078 0.01
r 82 0.01 0 5.86362 0.01
r 84 0.01 0 6.24356 0.01
r 86 0.01 0 6.58543 0.01
r 88 0.01 0 6.51597 0.01
r 90 0.01 0 6.76334 0.01
r 92 0.01 0 7.01782 0.01
r 32 0.01 1 7.62986 0.01
r 34 0.01 1 7.32525 0.01
r 36 0.01 1 6.99715 0.01
r 38 0.01 1 6.64368 0.01
r 40 0.01 1 6.34072 0.01
r 42 0.01 1 6.0131 0.01
r 44 0.01 1 5.66341 0.01
r 46 0.01 1 5.32366 0.01
r 48 0.01 1 5.02958 0.01
r 50 0.01 1 4.74821 0.01
r 52 0.01 1 4.48839 0.01
r 72 0.01 1 4.48839 0.01
r 74 0.01 1 4.74821 0.01
r 76 0.01 1 5.02958 0.01
r 78 0.01 1 5.32365 0.01
r 80 0.01 1 5.67223 0.01
r 82 0.01 1 6.01321 0.01
r 84 0.01 1 6.34091 0.01
r 86 0.01 1 6.64368 0.01
r 88 0.01 1 6.99715 0.01
r 90 0.01 1 7.32536 0.01
r 92 0.01 1 7.63056 0.01
