5
s 38 2 44
r 8 0.01 0 7.04425 0.01
r 10 0.01 0 6.79301 0.01
r 12 0.01 0 6.54583 0.01
r 14 0.01 0 6.29956 0.01
r 16 0.01 0 6.24568 0.01
r 18 0.01 0 5.86949 0.01
r 20 0.01 0 5.47282 0.01
r 22 0.01 0 5.07525 0.01
r 24 0.01 0 4.65914 0.01
r 26 0.01 0 4.2258 0.01
r 28 0.01 0 3.75995 0.01
r 48 0.01 0 3.61144 0.01
r 50 0.01 0 4.01642 0.01
r 52 0.01 0 4.41576 0.01
r 54 0.01 0 4.81268 0.01
r 56 0.01 0 5.20926 0.01
r 58 0.01 0 5.54032 0.01
r 60 0.01 0 5.8906 0.01
r 62 0.01 0 6.24595 0.01
r 64 0.01 0 6.58931 0.01
r 66 0.01 0 6.9292 0.01
r 68 0.01 0 7.27559 0.01
r 8 0.01 1 7.65299 0.01
r 10 0.01 1 7.3412 0.01
r 12 0.01 1 7.00563 0.01
r 14 0.01 1 6.67752 0.01
r 16 0.01 1 6.34204 0.01
r 18 0.01 1 6.01282 0.01
r 20 0.01 1 5.68434 0.01
r 22 0.01 1 5.33073 0.01
r 24 0.01 1 5.03589 0.01
r 26 0.01 1 4.74311 0.01
r 28 0.01 1 4.49293 0.01
r 48 0.01 1 4.41819 0.01
r 50 0.01 1 4.67913 0.01
r 52 0.01 1 4.94968 0.01
r 54 0.01 1 5.24936 0.01
r 56 0.01 1 5.56622 0.01
r 58 0.01 1 5.90559 0.01
r 60 0.01 1 6.26897 0.01
r 62 0.01 1 6.62634 0.01
r 64 0.01 1 6.95187 0.01
r 66 0.01 1 7.31085 0.01
r 68 0.01 1 7.6172 0.01
s 44 2 44
r 14 0.01 0 7.00636 0.01
r 16 0.01 0 6.7414 0.01
r 18 0.01 0 6.48225 0.01
r 20 0.01 0 6.5066 0.01
r 22 0.01 0 6.10799 0.01
r 24 0.01 0 5.72827 0.01
r 26 0.01 0 5.35467 0.01
r 28 0.01 0 5.01609 0.01
r 30 0.01 0 4.58945 0.01
r 32 0.01 0 4.13547 0.01
r 34 0.01 0 3.67618 0.01
r 54 0.01 0 3.53772 0.01
r 56 0.01 0 3.93939 0.01
r 58 0.01 0 4.34675 0.01
r 60 0.01 0 4.76693 0.01
r 62 0.01 0 5.19811 0.01
r 64 0.01 0 5.54239 0.01
r 66 0.01 0 5.8803 0.01
r 68 0.01 0 6.227 0.01
r 70 0.01 0 6.58069 0.01
r 72 0.01 0 6.93569 0.01
r 74 0.01 0 7.29296 0.01
r 14 0.01 1 7.62207 0.01
r 16 0.01 1 7.2683 0.01
r 18 0.01 1 6.92775 0.01
r 20 0.01 1 6.60302 0.01
r 22 0.01 1 6.27755 0.01
r 24 0.01 1 5.93567 0.01
r 26 0.01 1 5.61523 0.01
r 28 0.01 1 5.2786 0.01
r 30 0.01 1 4.9808 0.01
r 32 0.01 1 4.70416 0.01
r 34 0.01 1 4.4366 0.01
r 54 0.01 1 4.38758 0.01
r 56 0.01 1 4.65041 0.01
r 58 0.01 1 4.94403 0.01
r 60 0.01 1 5.25201 0.01
r 62 0.01 1 5.57911 0.01
r 64 0.01 1 5.90901 0.01
r 66 0.01 1 6.24349 0.01
r 68 0.01 1 6.57913 0.01
r 70 0.01 1 6.88566 0.01
r 72 0.01 1 7.23472 0.01
r 74 0.01 1 7.54882 0.01
s 50 2 44
r 20 0.01 0 6.9597 0.01
r 22 0.01 0 6.70398 0.01
r 24 0.01 0 6.70312 0.01
r 26 0.01 0 6.32948 0.01
r 28 0.01 0 5.9569 0.01
r 30 0.01 0 5.5954 0.01
r 32 0.01 0 5.23645 0.01
r 34 0.01 0 4.89667 0.01
r 36 0.01 0 4.44829 0.01
r 38 0.01 0 4.00467 0.01
r 40 0.01 0 3.56904 0.01
r 60 0.01 0 3.56745 0.01
r 62 0.01 0 4.00331 0.01
r 64 0.01 0 4.44589 0.01
r 66 0.01 0 4.89447 0.01
r 68 0.01 0 5.34229 0.01
r 70 0.01 0 5.60245 0.01
r 72 0.01 0 5.95701 0.01
r 74 0.01 0 6.31468 0.01
r 76 0.01 0 6.67823 0.01
r 78 0.01 0 6.71427 0.01
r 80 0.01 0 6.97365 0.01
r 20 0.01 1 7.56921 0.01
r 22 0.01 1 7.25113 0.01
r 24 0.01 1 6.89644 0.01
r 26 0.01 1 6.5669 0.01
r 28 0.01 1 6.2363 0.01
r 30 0.01 1 5.92151 0.01
r 32 0.01 1 5.56495 0.01
r 34 0.01 1 5.25211 0.01
r 36 0.01 1 4.95866 0.01
r 38 0.01 1 4.67157 0.01
r 40 0.01 1 4.41051 0.01
r 60 0.01 1 4.42382 0.01
r 62 0.01 1 4.69015 0.01
r 64 0.01 1 4.97628 0.01
r 66 0.01 1 5.27301 0.01
r 68 0.01 1 5.58357 0.01
r 70 0.01 1 5.93672 0.01
r 72 0.01 1 6.23785 0.01
r 74 0.01 1 6.55226 0.01
r 76 0.01 1 6.90322 0.01
r 78 0.01 1 7.21972 0.01
r 80 0.01 1 7.63842 0.01
s 56 2 44
r 26 0.01 0 7.32819 0.01
r 28 0.01 0 6.95638 0.01
r 30 0.01 0 6.59018 0.01
r 32 0.01 0 6.23369 0.01
r 34 0.01 0 5.89869 0.01
r 36 0.01 0 5.53882 0.01
r 38 0.01 0 5.19784 0.01
r 40 0.01 0 4.76652 0.01
r 42 0.01 0 4.34691 0.01
r 44 0.01 0 3.93883 0.01
r 46 0.01 0 3.53691 0.01
r 66 0.01 0 3.67756 0.01
r 68 0.01 0 4.13659 0.01
r 70 0.01 0 4.58914 0.01
r 72 0.01 0 5.03221 0.01
r 74 0.01 0 5.35874 0.01
r 76 0.01 0 5.72073 0.01
r 78 0.01 0 6.10635 0.01
r 80 0.01 0 6.47764 0.01
r 82 0.01 0 6.49673 0.01
r 84 0.01 0 6.76448 0.01
r 86 0.01 0 7.01559 0.01
r 26 0.01 1 7.56549 0.01
r 28 0.01 1 7.24872 0.01
r 30 0.01 1 6.9001 0.01
r 32 0.01 1 6.56792 0.01
r 34 0.01 1 6.23669 0.01
r 36 0.01 1 5.89996 0.01
r 38 0.01 1 5.57069 0.01
r 40 0.01 1 5.24567 0.01
r 42 0.01 1 4.94578 0.01
r 44 0.01 1 4.65124 0.01
r 46 0.01 1 4.39055 0.01
r 66 0.01 1 4.46602 0.01
r 68 0.01 1 4.71614 0.01
r 70 0.01 1 4.99784 0.01
r 72 0.01 1 5.28801 0.01
r 74 0.01 1 5.62768 0.01
r 76 0.01 1 5.93496 0.01
r 78 0.01 1 6.26758 0.01
r 80 0.01 1 6.5834 0.01
r 82 0.01 1 6.91876 0.01
r 84 0.01 1 7.29372 0.01
r 86 0.01 1 7.63709 0.01
s 62 2 44
r 32 0.01 0 7.30021 0.01
r 34 0.01 0 6.93822 0.01
r 36 0.01 0 6.59155 0.01
r 38 0.01 0 6.24375 0.01
r 40 0.01 0 5.89188 0.01
r 42 0.01 0 5.61435 0.01
r 44 0.01 0 5.20799 0.01
r 46 0.01 0 4.80867 0.01
r 48 0.01 0 4.41289 0.01
r 50 0.01 0 4.01454 0.01
r 52 0.01 0 3.6097 0.01
r 72 0.01 0 3.7619 0.01
r 74 0.01 0 4.22291 0.01
r 76 0.01 0 4.66156 0.01
r 78 0.01 0 5.07687 0.01
r 80 0.01 0 5.47041 0.01
r 82 0.01 0 5.85174 0.01
r 84 0.01 0 6.2352 0.01
r 86 0.01 0 6.60681 0.01
r 88 0.01 0 6.54857 0.01
r 90 0.01 0 6.80165 0.01
r 92 0.01 0 7.04568 0.01
r 32 0.01 1 7.61917 0.01
r 34 0.01 1 7.29581 0.01
r 36 0.01 1 6.95037 0.01
r 38 0.01 1 6.63538 0.01
r 40 0.01 1 6.27024 0.01
r 42 0.01 1 5.91181 0.01
r 44 0.01 1 5.57557 0.01
r 46 0.01 1 5.26214 0.01
r 48 0.01 1 4.96327 0.01
r 50 0.01 1 4.70031 0.01
r 52 0.01 1 4.43688 0.01
r 72 0.01 1 4.49323 0.01
r 74 0.01 1 4.74519 0.01
r 76 0.01 1 5.03414 0.01
r 78 0.01 1 5.32654 0.01
r 80 0.01 1 5.65892 0.01
r 82 0.01 1 5.98542 0.01
r 84 0.01 1 6.33629 0.01
r 86 0.01 1 6.67035 0.01
r 88 0.01 1 6.99979 0.01
r 90 0.01 1 7.3351 0.01
r 92 0.01 1 7.6532 0.01
