51 51 1.5 0.33
0 2 4 6 8 10 12 14 16 18 20 22 24 26 28 30 32 34 36 38 40 42 44 46 48 50 52 54 56 58 60 62 64 66 68 70 72 74 76 78 80 82 84 86 88 90 92 94 96 98 100 
0 0 0 0 0 0 0 0 0 0 0 0 0 0 0 0 0 0 0 0 0 0 0 0 0 0 0 0 0 0 0 0 0 0 0 0 0 0 0 0 0 0 0 0 0 0 0 0 0 0 0 
0 0.2 0.4 0.6 0.8 1 1.2 1.4 1.6 1.8 2 2.2 2.4 2.6 2.8 3 3.2 3.4 3.6 3.8 4 4.2 4.4 4.6 4.8 5 5.2 5.4 5.6 5.8 6 6.2 6.4 6.6 6.8 7 7.2 7.4 7.6 7.8 8 8.2 8.4 8.6 8.8 9 9.2 9.4 9.6 9.8 10 
1.5 1.5 1.5 1.5 1.5 1.5 1.5 1.5 1.5 1.5 1.5 1.89 1.98 2.07 2.16 2.25 2.34 2.43 2.52 2.61 2.7 2.79 2.88 2.97 3.06 3.2192 3.24002 3.26059 3.28198 3.30344 3.32473 3.34616 3.36782 3.38953 3.41143 3.43397 3.45733 3.48254 3.5094 3.53808 3.56902 3.60209 3.63763 3.67561 3.71488 3.7549 3.79295 3.82912 3.8624 3.8913 3.91944 
1.5 1.5 1.5 1.5 1.5 1.5 1.5 1.5 1.5 1.5 1.5 1.89 1.98 2.07 2.16 2.25 2.34 2.43 2.52 2.61 2.7 2.79 2.88 2.97 3.06 3.21871 3.23957 3.26029 3.28159 3.30275 3.32409 3.34551 3.36724 3.38917 3.41147 3.43441 3.45805 3.48312 3.50978 3.5384 3.56932 3.60218 3.63749 3.67489 3.71432 3.75327 3.79118 3.82652 3.85979 3.88962 3.91719 
1.5 1.5 1.5 1.5 1.5 1.5 1.5 1.5 1.5 1.5 1.5 1.89 1.98 2.07 2.16 2.25 2.34 2.43 2.52 2.61 2.7 2.79 2.88 2.97 3.06 3.21851 3.23928 3.26019 3.28143 3.30237 3.32364 3.34522 3.36738 3.38955 3.41197 3.43496 3.4586 3.48353 3.51026 3.53886 3.56922 3.60198 3.6372 3.67416 3.71247 3.75115 3.78945 3.82503 3.85715 3.88575 3.91373 
1.5 1.5 1.5 1.5 1.5 1.5 1.5 1.5 1.5 1.5 1.5 1.89 1.98 2.07 2.16 2.25 2.34 2.43 2.52 2.61 2.7 2.79 2.88 2.97 3.06 3.21812 3.23876 3.25955 3.28074 3.30199 3.32331 3.34494 3.36718 3.38972 3.41229 3.43549 3.45921 3.48413 3.51073 3.53921 3.56924 3.60166 3.63668 3.67354 3.71164 3.74926 3.78636 3.8215 3.85522 3.88398 3.91044 
1.5 1.5 1.5 1.5 1.5 1.5 1.5 1.5 1.5 1.5 1.5 1.89 1.98 2.07 2.16 2.25 2.34 2.43 2.52 2.61 2.7 2.79 2.88 2.97 3.06 3.21788 3.23826 3.25869 3.27966 3.30103 3.32272 3.34474 3.36726 3.38995 3.41271 3.43603 3.4599 3.48506 3.51132 3.5395 3.56931 3.60135 3.63566 3.67178 3.70909 3.74669 3.78348 3.81819 3.85053 3.87899 3.90596 
1.5 1.5 1.5 1.5 1.5 1.5 1.5 1.5 1.5 1.5 1.5 1.89 1.98 2.07 2.16 2.25 2.34 2.43 2.52 2.61 2.7 2.79 2.88 2.97 3.06 3.21723 3.23738 3.25773 3.2789 3.30023 3.32228 3.34452 3.36726 3.39007 3.41319 3.43672 3.46082 3.48591 3.51197 3.5397 3.56921 3.60107 3.63475 3.67007 3.7066 3.7435 3.77957 3.81384 3.84564 3.87393 3.90025 
1.5 1.5 1.5 1.5 1.5 1.5 1.5 1.5 1.5 1.5 1.5 1.89 1.98 2.07 2.16 2.25 2.34 2.43 2.52 2.61 2.7 2.79 2.88 2.97 3.06 3.21664 3.23643 3.25683 3.27778 3.29944 3.32183 3.34432 3.36735 3.3903 3.41374 3.4374 3.46164 3.4867 3.51247 3.5399 3.56909 3.60056 3.63346 3.66801 3.7037 3.73979 3.77523 3.80905 3.84034 3.86821 3.894 
1.5 1.5 1.5 1.5 1.5 1.5 1.5 1.5 1.5 1.5 1.5 1.89 1.98 2.07 2.16 2.25 2.34 2.43 2.52 2.61 2.7 2.79 2.88 2.97 3.06 3.21602 3.23544 3.25573 3.2766 3.29862 3.3211 3.34402 3.36722 3.39037 3.41417 3.43791 3.46234 3.48729 3.51301 3.53993 3.56891 3.59966 3.63208 3.66602 3.70067 3.73573 3.77051 3.80369 3.8344 3.86202 3.88721 
1.5 1.5 1.5 1.5 1.5 1.5 1.5 1.5 1.5 1.5 1.5 1.89 1.98 2.07 2.16 2.25 2.34 2.43 2.52 2.61 2.7 2.79 2.88 2.97 3.06 3.21521 3.23434 3.2546 3.27549 3.29778 3.3208 3.34391 3.36727 3.39067 3.41441 3.43847 3.46331 3.48791 3.51335 3.54003 3.56848 3.59869 3.63059 3.66333 3.69721 3.73141 3.76545 3.79846 3.82868 3.85538 3.88025 
1.5 1.5 1.5 1.5 1.5 1.5 1.5 1.5 1.5 1.5 1.5 1.89 1.98 2.07 2.16 2.25 2.34 2.43 2.52 2.61 2.7 2.79 2.88 2.97 3.06 3.2141 3.23285 3.25331 3.27431 3.29695 3.32028 3.34389 3.36724 3.39087 3.41472 3.43892 3.46363 3.48815 3.51354 3.54005 3.56801 3.5976 3.62852 3.66055 3.69364 3.72683 3.76014 3.7921 3.82204 3.84794 3.87338 
1.5 1.5 1.5 1.5 1.5 1.5 1.5 1.5 1.5 1.5 1.5 1.89 1.98 2.07 2.16 2.25 2.34 2.43 2.52 2.61 2.7 2.79 2.88 2.97 3.06 3.21298 3.23125 3.25177 3.27327 3.29599 3.31965 3.34378 3.36727 3.39104 3.41496 3.43918 3.46381 3.48852 3.51377 3.5399 3.56734 3.59629 3.6264 3.65751 3.68959 3.72194 3.75442 3.78576 3.81518 3.84055 3.86647 
1.5 1.5 1.5 1.5 1.5 1.5 1.5 1.5 1.5 1.5 1.5 1.89 1.98 2.07 2.16 2.25 2.34 2.43 2.52 2.61 2.7 2.79 2.88 2.97 3.06 3.21127 3.22963 3.25027 3.27203 3.29518 3.3193 3.34357 3.36731 3.39125 3.41515 3.43923 3.46386 3.48855 3.51382 3.53958 3.56661 3.59485 3.62426 3.65434 3.68538 3.71672 3.74849 3.77919 3.80826 3.83306 3.86005 
1.5 1.5 1.5 1.5 1.5 1.5 1.5 1.5 1.5 1.5 1.5 1.89 1.98 2.07 2.16 2.25 2.34 2.43 2.52 2.61 2.7 2.79 2.88 2.97 3.06 3.20923 3.22772 3.24906 3.2713 3.29485 3.31907 3.34373 3.36744 3.39118 3.41515 3.43929 3.46375 3.4885 3.51377 3.53924 3.56603 3.59337 3.6219 3.65123 3.68119 3.71156 3.7424 3.77253 3.80135 3.82571 3.85372 
1.5 1.5 1.5 1.5 1.5 1.5 1.5 1.5 1.5 1.5 1.5 1.89 1.98 2.07 2.16 2.25 2.34 2.43 2.52 2.61 2.7 2.79 2.88 2.97 3.06 3.20949 3.22577 3.24704 3.2699 3.29435 3.31898 3.34379 3.36789 3.39186 3.41554 3.43961 3.46369 3.4882 3.51341 3.53865 3.5651 3.59182 3.61951 3.64799 3.67682 3.70635 3.73627 3.76572 3.79432 3.81876 3.84708 
1.5 1.5 1.5 1.5 1.5 1.5 1.5 1.5 1.5 1.5 1.5 1.89 1.98 2.07 2.16 2.25 2.34 2.43 2.52 2.61 2.7 2.79 2.88 2.97 3.06 3.20561 3.22382 3.24559 3.26912 3.29402 3.31856 3.34351 3.36736 3.39136 3.41512 3.43931 3.46388 3.48877 3.51383 3.53882 3.56436 3.59015 3.61694 3.64434 3.67224 3.7007 3.72989 3.75921 3.78781 3.81174 3.84041 
1.5 1.5 1.5 1.5 1.5 1.5 1.5 1.5 1.5 1.5 1.5 1.89 1.98 2.07 2.16 2.25 2.34 2.43 2.52 2.61 2.7 2.79 2.88 2.97 3.06 3.20049 3.22302 3.24474 3.26902 3.29408 3.31891 3.34359 3.36732 3.39109 3.41479 3.43855 3.46258 3.48737 3.51241 3.53785 3.56394 3.58959 3.61532 3.64151 3.66753 3.69528 3.72352 3.75264 3.78127 3.80593 3.83475 
1.5 1.5 1.5 1.5 1.5 1.5 1.5 1.5 1.5 1.5 1.5 1.89 1.98 2.07 2.16 2.25 2.34 2.43 2.52 2.61 2.7 2.79 2.88 2.97 3.06 3.19898 3.22121 3.24422 3.26993 3.29529 3.31996 3.34433 3.36797 3.39176 3.41565 3.43914 3.46325 3.48759 3.51231 3.53716 3.56199 3.58698 3.61298 3.63907 3.66452 3.69058 3.71779 3.74619 3.77471 3.80136 3.82663 
1.5 1.5 1.5 1.5 1.5 1.5 1.5 1.5 1.5 1.5 1.5 1.89 1.98 2.07 2.16 2.25 2.34 2.43 2.52 2.61 2.7 2.79 2.88 2.97 3.06 3.20067 3.22161 3.24512 3.27126 3.29654 3.32054 3.34437 3.36788 3.39158 3.41576 3.43966 3.46363 3.48819 3.51281 3.53755 3.562 3.58609 3.61063 3.63456 3.66017 3.68595 3.71271 3.74191 3.76998 3.79874 3.8185 
1.5 1.5 1.5 1.5 1.5 1.5 1.5 1.5 1.5 1.5 1.5 1.89 1.98 2.07 2.16 2.25 2.34 2.43 2.52 2.61 2.7 2.79 2.88 2.97 3.06 3.20188 3.22183 3.24557 3.27164 3.29771 3.32173 3.34579 3.36923 3.39273 3.41648 3.4402 3.46349 3.48771 3.51249 3.53729 3.56188 3.58612 3.6101 3.63367 3.65579 3.68041 3.70736 3.73644 3.76583 3.79622 3.81037 
1.5 1.5 1.5 1.5 1.5 1.5 1.5 1.5 1.5 1.5 1.5 1.89 1.98 2.07 2.16 2.25 2.34 2.43 2.52 2.61 2.7 2.79 2.88 2.97 3.06 3.20016 3.2225 3.2452 3.27241 3.29814 3.3218 3.34547 3.36877 3.39261 3.41702 3.44134 3.46592 3.48969 3.5137 3.5376 3.56129 3.58495 3.60871 3.63256 3.65486 3.67703 3.70278 3.73079 3.75887 3.79011 3.80957 
1.5 1.5 1.5 1.5 1.5 1.5 1.5 1.5 1.5 1.5 1.5 1.89 1.98 2.07 2.16 2.25 2.34 2.43 2.52 2.61 2.7 2.79 2.88 2.97 3.06 3.19773 3.22344 3.24511 3.27257 3.29866 3.32183 3.34505 3.36839 3.39258 3.41678 3.44054 3.46427 3.48882 3.51397 3.53903 3.56355 3.58666 3.60904 3.63137 3.65272 3.67401 3.69933 3.72727 3.7551 3.77897 3.81149 
1.5 1.5 1.5 1.5 1.5 1.5 1.5 1.5 1.5 1.5 1.5 1.89 1.98 2.07 2.16 2.25 2.34 2.43 2.52 2.61 2.7 2.79 2.88 2.97 3.06 3.19973 3.2229 3.24561 3.27285 3.29843 3.322 3.34478 3.36817 3.39207 3.41648 3.44042 3.46377 3.48787 3.51304 3.53772 3.56184 3.58611 3.60976 3.63331 3.65368 3.67311 3.69701 3.72364 3.75171 3.77392 3.8094 
1.5 1.5 1.5 1.5 1.5 1.5 1.5 1.5 1.5 1.5 1.5 1.89 1.98 2.07 2.16 2.25 2.34 2.43 2.52 2.61 2.7 2.79 2.88 2.97 3.06 3.20174 3.22253 3.2456 3.27218 3.2977 3.32123 3.3445 3.36783 3.3917 3.41611 3.44035 3.46319 3.48686 3.51233 3.53713 3.56121 3.58505 3.60857 3.6318 3.65229 3.67343 3.69747 3.72297 3.75085 3.77307 3.80454 
1.5 1.5 1.5 1.5 1.5 1.5 1.5 1.5 1.5 1.5 1.5 1.89 1.98 2.07 2.16 2.25 2.34 2.43 2.52 2.61 2.7 2.79 2.88 2.97 3.06 3.19731 3.22246 3.24608 3.27271 3.29797 3.32106 3.34373 3.36697 3.39067 3.41531 3.43967 3.46251 3.48613 3.51165 3.53628 3.56042 3.58468 3.60833 3.63123 3.65061 3.67059 3.69426 3.72291 3.75297 3.77864 3.79784 
1.5 1.5 1.5 1.5 1.5 1.5 1.5 1.5 1.5 1.5 1.5 1.89 1.98 2.07 2.16 2.25 2.34 2.43 2.52 2.61 2.7 2.79 2.88 2.97 3.06 3.19394 3.22396 3.24572 3.27293 3.29769 3.32122 3.34414 3.36757 3.39124 3.41556 3.43895 3.46126 3.48471 3.51063 3.53557 3.55993 3.58372 3.60697 3.63096 3.65059 3.67071 3.69386 3.7214 3.75118 3.78329 3.79542 
1.5 1.5 1.5 1.5 1.5 1.5 1.5 1.5 1.5 1.5 1.5 1.89 1.98 2.07 2.16 2.25 2.34 2.43 2.52 2.61 2.7 2.79 2.88 2.97 3.06 3.19417 3.22517 3.24547 3.27283 3.29792 3.32117 3.34395 3.36756 3.39195 3.41586 3.43889 3.46196 3.48564 3.51064 3.53462 3.55833 3.58262 3.60679 3.63142 3.65113 3.67072 3.69354 3.7212 3.75026 3.78309 3.79602 
1.5 1.5 1.5 1.5 1.5 1.5 1.5 1.5 1.5 1.5 1.5 1.89 1.98 2.07 2.16 2.25 2.34 2.43 2.52 2.61 2.7 2.79 2.88 2.97 3.06 3.19847 3.22474 3.24604 3.27284 3.29769 3.32133 3.34409 3.36773 3.39118 3.41557 3.43903 3.46165 3.48545 3.51101 3.53565 3.56015 3.58385 3.60698 3.63062 3.64972 3.66995 3.69319 3.72152 3.75124 3.78488 3.79458 
1.5 1.5 1.5 1.5 1.5 1.5 1.5 1.5 1.5 1.5 1.5 1.89 1.98 2.07 2.16 2.25 2.34 2.43 2.52 2.61 2.7 2.79 2.88 2.97 3.06 3.20101 3.22414 3.24593 3.27283 3.2979 3.3211 3.34388 3.36723 3.39107 3.41547 3.43973 3.46281 3.48613 3.51178 3.53643 3.56074 3.5851 3.60876 3.63134 3.65046 3.67003 3.69316 3.72241 3.75296 3.7799 3.79771 
1.5 1.5 1.5 1.5 1.5 1.5 1.5 1.5 1.5 1.5 1.5 1.89 1.98 2.07 2.16 2.25 2.34 2.43 2.52 2.61 2.7 2.79 2.88 2.97 3.06 3.19833 3.22326 3.24585 3.27211 3.2975 3.32095 3.34433 3.36799 3.39175 3.4163 3.44029 3.46363 3.48702 3.51255 3.53746 3.56167 3.58575 3.60885 3.63188 3.6515 3.67252 3.69644 3.72293 3.75078 3.77426 3.80464 
1.5 1.5 1.5 1.5 1.5 1.5 1.5 1.5 1.5 1.5 1.5 1.89 1.98 2.07 2.16 2.25 2.34 2.43 2.52 2.61 2.7 2.79 2.88 2.97 3.06 3.19555 3.22422 3.2457 3.27301 3.2981 3.32165 3.34472 3.36819 3.39206 3.41657 3.44037 3.46373 3.48804 3.51327 3.53806 3.56228 3.5866 3.60981 3.63299 3.65267 3.67205 3.69599 3.72348 3.75262 3.77577 3.80839 
1.5 1.5 1.5 1.5 1.5 1.5 1.5 1.5 1.5 1.5 1.5 1.89 1.98 2.07 2.16 2.25 2.34 2.43 2.52 2.61 2.7 2.79 2.88 2.97 3.06 3.19603 3.22499 3.2452 3.27265 3.29823 3.32176 3.34496 3.36824 3.39244 3.4164 3.44014 3.46393 3.48857 3.51387 3.53923 3.56392 3.58751 3.6091 3.63105 3.65151 3.67264 3.69836 3.72677 3.75618 3.78116 3.8104 
1.5 1.5 1.5 1.5 1.5 1.5 1.5 1.5 1.5 1.5 1.5 1.89 1.98 2.07 2.16 2.25 2.34 2.43 2.52 2.61 2.7 2.79 2.88 2.97 3.06 3.19781 3.22342 3.24509 3.27216 3.29783 3.32173 3.3453 3.36862 3.39205 3.41629 3.44041 3.46483 3.48979 3.51374 3.53805 3.56171 3.58516 3.60839 3.63174 3.6531 3.67535 3.70128 3.72998 3.76012 3.79069 3.8108 
1.5 1.5 1.5 1.5 1.5 1.5 1.5 1.5 1.5 1.5 1.5 1.89 1.98 2.07 2.16 2.25 2.34 2.43 2.52 2.61 2.7 2.79 2.88 2.97 3.06 3.19988 3.22164 3.24501 3.27153 3.29753 3.32148 3.3455 3.36875 3.39217 3.41589 3.43944 3.46292 3.48756 3.51237 3.53744 3.56221 3.58611 3.60927 3.63182 3.65381 3.67785 3.70548 3.73633 3.76632 3.79277 3.81639 
1.5 1.5 1.5 1.5 1.5 1.5 1.5 1.5 1.5 1.5 1.5 1.89 1.98 2.07 2.16 2.25 2.34 2.43 2.52 2.61 2.7 2.79 2.88 2.97 3.06 3.20119 3.22133 3.24483 3.27093 3.29632 3.32043 3.34435 3.36769 3.39097 3.41464 3.43884 3.46295 3.48766 3.51259 3.53707 3.56152 3.58535 3.60887 3.6328 3.65731 3.68295 3.71039 3.7403 3.77008 3.79557 3.82489 
1.5 1.5 1.5 1.5 1.5 1.5 1.5 1.5 1.5 1.5 1.5 1.89 1.98 2.07 2.16 2.25 2.34 2.43 2.52 2.61 2.7 2.79 2.88 2.97 3.06 3.20011 3.22174 3.24402 3.26937 3.2952 3.31999 3.34438 3.36772 3.39095 3.41471 3.4381 3.46203 3.48672 3.51173 3.53654 3.56148 3.58589 3.61046 3.63512 3.6595 3.68576 3.71425 3.7454 3.77589 3.80404 3.82895 
1.5 1.5 1.5 1.5 1.5 1.5 1.5 1.5 1.5 1.5 1.5 1.89 1.98 2.07 2.16 2.25 2.34 2.43 2.52 2.61 2.7 2.79 2.88 2.97 3.06 3.20082 3.22318 3.24488 3.26915 3.29464 3.31918 3.34363 3.36711 3.3908 3.41432 3.43801 3.46207 3.48643 3.51136 3.53644 3.56182 3.58644 3.61127 3.63631 3.66215 3.69021 3.71993 3.75116 3.78167 3.81261 3.83121 
1.5 1.5 1.5 1.5 1.5 1.5 1.5 1.5 1.5 1.5 1.5 1.89 1.98 2.07 2.16 2.25 2.34 2.43 2.52 2.61 2.7 2.79 2.88 2.97 3.06 3.2076 3.22436 3.24599 3.26936 3.29449 3.31926 3.34417 3.36764 3.39125 3.4146 3.43814 3.46224 3.4867 3.51147 3.53639 3.56149 3.58639 3.61216 3.63843 3.66561 3.69473 3.72517 3.75686 3.78735 3.81643 3.83724 
1.5 1.5 1.5 1.5 1.5 1.5 1.5 1.5 1.5 1.5 1.5 1.89 1.98 2.07 2.16 2.25 2.34 2.43 2.52 2.61 2.7 2.79 2.88 2.97 3.06 3.21517 3.22768 3.2484 3.27112 3.29558 3.32014 3.34478 3.36839 3.39194 3.41523 3.43845 3.46211 3.48601 3.5106 3.53566 3.56118 3.58693 3.61342 3.64067 3.66906 3.69911 3.73029 3.76247 3.79271 3.82065 3.84331 
1.5 1.5 1.5 1.5 1.5 1.5 1.5 1.5 1.5 1.5 1.5 1.89 1.98 2.07 2.16 2.25 2.34 2.43 2.52 2.61 2.7 2.79 2.88 2.97 3.06 3.21438 3.23018 3.25117 3.2731 3.29696 3.32118 3.34543 3.36869 3.39196 3.415 3.4382 3.4619 3.4857 3.51029 3.53529 3.56112 3.58763 3.61476 3.64309 3.67255 3.70345 3.73535 3.7677 3.7981 3.82552 3.84792 
1.5 1.5 1.5 1.5 1.5 1.5 1.5 1.5 1.5 1.5 1.5 1.89 1.98 2.07 2.16 2.25 2.34 2.43 2.52 2.61 2.7 2.79 2.88 2.97 3.06 3.21678 3.23304 3.25342 3.27458 3.29809 3.32206 3.3461 3.3694 3.3924 3.41535 3.43843 3.46178 3.48557 3.50998 3.53489 3.56114 3.58828 3.61642 3.64542 3.676 3.70773 3.74024 3.77261 3.80281 3.83034 3.85237 
1.5 1.5 1.5 1.5 1.5 1.5 1.5 1.5 1.5 1.5 1.5 1.89 1.98 2.07 2.16 2.25 2.34 2.43 2.52 2.61 2.7 2.79 2.88 2.97 3.06 3.21932 3.23573 3.25606 3.27683 3.29983 3.32344 3.34701 3.37014 3.39293 3.41557 3.43846 3.46179 3.48528 3.50947 3.53459 3.56109 3.58882 3.61779 3.64791 3.67945 3.71182 3.74487 3.77715 3.80726 3.83465 3.85713 
1.5 1.5 1.5 1.5 1.5 1.5 1.5 1.5 1.5 1.5 1.5 1.89 1.98 2.07 2.16 2.25 2.34 2.43 2.52 2.61 2.7 2.79 2.88 2.97 3.06 3.22137 3.23835 3.2586 3.27921 3.30164 3.32471 3.3479 3.37082 3.39327 3.41574 3.43844 3.46163 3.48495 3.50896 3.53439 3.56126 3.58945 3.61933 3.65035 3.68279 3.71567 3.74906 3.78134 3.81143 3.83861 3.86185 
1.5 1.5 1.5 1.5 1.5 1.5 1.5 1.5 1.5 1.5 1.5 1.89 1.98 2.07 2.16 2.25 2.34 2.43 2.52 2.61 2.7 2.79 2.88 2.97 3.06 3.22265 3.24073 3.26085 3.28143 3.30323 3.32598 3.34889 3.37138 3.39364 3.41599 3.43842 3.46146 3.48472 3.5088 3.53414 3.56124 3.59009 3.62075 3.65253 3.6857 3.71935 3.75303 3.78532 3.81509 3.84212 3.86621 
1.5 1.5 1.5 1.5 1.5 1.5 1.5 1.5 1.5 1.5 1.5 1.89 1.98 2.07 2.16 2.25 2.34 2.43 2.52 2.61 2.7 2.79 2.88 2.97 3.06 3.22412 3.24298 3.26302 3.28354 3.30496 3.3273 3.34959 3.37194 3.39397 3.41612 3.43818 3.46106 3.48432 3.50845 3.53394 3.56131 3.59066 3.62192 3.65462 3.68862 3.72275 3.75662 3.78889 3.81868 3.84527 3.8704 
1.5 1.5 1.5 1.5 1.5 1.5 1.5 1.5 1.5 1.5 1.5 1.89 1.98 2.07 2.16 2.25 2.34 2.43 2.52 2.61 2.7 2.79 2.88 2.97 3.06 3.2253 3.2448 3.26509 3.28545 3.30682 3.32852 3.35033 3.37243 3.39413 3.4161 3.43809 3.46065 3.48389 3.5081 3.53363 3.5613 3.59128 3.62319 3.65651 3.69122 3.7259 3.75993 3.79207 3.82174 3.84835 3.87375 
1.5 1.5 1.5 1.5 1.5 1.5 1.5 1.5 1.5 1.5 1.5 1.89 1.98 2.07 2.16 2.25 2.34 2.43 2.52 2.61 2.7 2.79 2.88 2.97 3.06 3.22653 3.2466 3.26676 3.28728 3.30834 3.32962 3.351 3.37264 3.39427 3.41602 3.43782 3.46023 3.48335 3.50769 3.53359 3.56144 3.59177 3.62427 3.65828 3.69355 3.72856 3.76294 3.79489 3.82459 3.85103 3.87659 
1.5 1.5 1.5 1.5 1.5 1.5 1.5 1.5 1.5 1.5 1.5 1.89 1.98 2.07 2.16 2.25 2.34 2.43 2.52 2.61 2.7 2.79 2.88 2.97 3.06 3.22765 3.24799 3.26823 3.28885 3.3095 3.33053 3.35155 3.37294 3.39433 3.41576 3.43753 3.45971 3.48283 3.50728 3.53351 3.5616 3.59218 3.62527 3.65995 3.69566 3.73126 3.76555 3.7974 3.82689 3.8533 3.87876 
1.5 1.5 1.5 1.5 1.5 1.5 1.5 1.5 1.5 1.5 1.5 1.89 1.98 2.07 2.16 2.25 2.34 2.43 2.52 2.61 2.7 2.79 2.88 2.97 3.06 3.22829 3.24884 3.26928 3.29001 3.31058 3.33125 3.35198 3.37307 3.39422 3.41557 3.43724 3.45927 3.48244 3.50699 3.53339 3.56171 3.59251 3.62593 3.66121 3.69734 3.73308 3.76741 3.79925 3.82879 3.85493 3.88039 
1.5 1.5 1.5 1.5 1.5 1.5 1.5 1.5 1.5 1.5 1.5 1.89 1.98 2.07 2.16 2.25 2.34 2.43 2.52 2.61 2.7 2.79 2.88 2.97 3.06 3.22889 3.24969 3.2701 3.29089 3.31128 3.33187 3.35242 3.37322 3.39412 3.41528 3.43703 3.45903 3.48215 3.50659 3.53307 3.56162 3.59294 3.62659 3.66214 3.69868 3.73467 3.76896 3.80076 3.83018 3.85621 3.88168 
1.5 1.5 1.5 1.5 1.5 1.5 1.5 1.5 1.5 1.5 1.5 1.89 1.98 2.07 2.16 2.25 2.34 2.43 2.52 2.61 2.7 2.79 2.88 2.97 3.06 3.22948 3.25023 3.27054 3.29144 3.31202 3.3323 3.35257 3.37327 3.39402 3.41496 3.43666 3.45867 3.4819 3.50645 3.53302 3.56185 3.59327 3.62727 3.66312 3.69965 3.73589 3.77032 3.80197 3.8315 3.85724 3.88292 
1.5 1.5 1.5 1.5 1.5 1.5 1.5 1.5 1.5 1.5 1.5 1.89 1.98 2.07 2.16 2.25 2.34 2.43 2.52 2.61 2.7 2.79 2.88 2.97 3.06 3.22988 3.25082 3.27133 3.29222 3.31268 3.33283 3.35322 3.37358 3.39415 3.41483 3.43612 3.45811 3.4815 3.50618 3.53277 3.56191 3.59348 3.62761 3.66419 3.70108 3.73752 3.77143 3.80331 3.83233 3.85849 3.88376 
