51 51 1.5 0.33
0 2 4 6 8 10 12 14 16 18 20 22 24 26 28 30 32 34 36 38 40 42 44 46 48 50 52 54 56 58 60 62 64 66 68 70 72 74 76 78 80 82 84 86 88 90 92 94 96 98 100 
0 0 0 0 0 0 0 0 0 0 0 0 0 0 0 0 0 0 0 0 0 0 0 0 0 0 0 0 0 0 0 0 0 0 0 0 0 0 0 0 0 0 0 0 0 0 0 0 0 0 0 
0 0.2 0.4 0.6 0.8 1 1.2 1.4 1.6 1.8 2 2.2 2.4 2.6 2.8 3 3.2 3.4 3.6 3.8 4 4.2 4.4 4.6 4.8 5 5.2 5.4 5.6 5.8 6 6.2 6.4 6.6 6.8 7 7.2 7.4 7.6 7.8 8 8.2 8.4 8.6 8.8 9 9.2 9.4 9.6 9.8 10 
1.5 1.5 1.5 1.5 1.5 1.5 1.5 1.5 1.5 1.5 1.5 1.0925 1.1445 1.1965 1.2486 1.3006 1.3526 1.4046 1.4566 1.5087 1.5607 1.6127 1.6647 1.7168 1.7688 3.15461 3.17775 3.20315 3.23149 3.26348 3.29911 3.33771 3.37747 3.41787 3.45935 3.50235 3.54738 3.59254 3.63714 3.68013 3.72275 3.7624 3.8033 3.84411 3.88646 3.92739 3.96615 3.99907 4.03096 4.0611 4.089 
1.5 1.5 1.5 1.5 1.5 1.5 1.5 1.5 1.5 1.5 1.5 1.0925 1.1445 1.1965 1.2486 1.3006 1.3526 1.4046 1.4566 1.5087 1.5607 1.6127 1.6647 1.7168 1.7688 3.15628 3.17919 3.20376 3.23201 3.26427 3.30023 3.33817 3.37761 3.41798 3.45838 3.50047 3.5446 3.5886 3.6342 3.6795 3.72048 3.76037 3.79969 3.84061 3.88343 3.92107 3.95763 3.99099 4.02229 4.05469 4.07884 
1.5 1.5 1.5 1.5 1.5 1.5 1.5 1.5 1.5 1.5 1.5 1.0925 1.1445 1.1965 1.2486 1.3006 1.3526 1.4046 1.4566 1.5087 1.5607 1.6127 1.6647 1.7168 1.7688 3.1584 3.1809 3.20468 3.23287 3.26478 3.29995 3.33741 3.37643 3.41634 3.45654 3.49838 3.54178 3.58652 3.6306 3.67433 3.71736 3.75833 3.79838 3.83594 3.87492 3.91351 3.95276 3.98643 4.01375 4.04078 4.06769 
1.5 1.5 1.5 1.5 1.5 1.5 1.5 1.5 1.5 1.5 1.5 1.0925 1.1445 1.1965 1.2486 1.3006 1.3526 1.4046 1.4566 1.5087 1.5607 1.6127 1.6647 1.7168 1.7688 3.15993 3.1826 3.20627 3.23446 3.26574 3.30036 3.33671 3.37495 3.41448 3.45513 3.49625 3.53929 3.5839 3.62825 3.67207 3.71321 3.75369 3.79462 3.83265 3.87026 3.90515 3.94089 3.97524 4.00872 4.0362 4.05861 
1.5 1.5 1.5 1.5 1.5 1.5 1.5 1.5 1.5 1.5 1.5 1.0925 1.1445 1.1965 1.2486 1.3006 1.3526 1.4046 1.4566 1.5087 1.5607 1.6127 1.6647 1.7168 1.7688 3.16178 3.18473 3.20881 3.2364 3.26708 3.30057 3.33605 3.37285 3.41181 3.45183 3.49328 3.53611 3.57877 3.62224 3.6655 3.70805 3.74837 3.78682 3.82411 3.86019 3.89615 3.93094 3.96423 3.99462 4.02086 4.04678 
1.5 1.5 1.5 1.5 1.5 1.5 1.5 1.5 1.5 1.5 1.5 1.0925 1.1445 1.1965 1.2486 1.3006 1.3526 1.4046 1.4566 1.5087 1.5607 1.6127 1.6647 1.7168 1.7688 3.16458 3.18721 3.21132 3.23869 3.26844 3.30097 3.33442 3.37069 3.40917 3.44885 3.49032 3.53202 3.57391 3.61597 3.65822 3.70054 3.74089 3.77893 3.81559 3.84963 3.88437 3.918 3.95038 3.98047 4.00605 4.03193 
1.5 1.5 1.5 1.5 1.5 1.5 1.5 1.5 1.5 1.5 1.5 1.0925 1.1445 1.1965 1.2486 1.3006 1.3526 1.4046 1.4566 1.5087 1.5607 1.6127 1.6647 1.7168 1.7688 3.16723 3.19025 3.21465 3.24097 3.27033 3.30139 3.33352 3.3684 3.4065 3.44548 3.48631 3.52702 3.56837 3.6095 3.65104 3.69264 3.73414 3.76992 3.80552 3.83868 3.87152 3.90372 3.93518 3.96515 3.9915 4.01731 
1.5 1.5 1.5 1.5 1.5 1.5 1.5 1.5 1.5 1.5 1.5 1.0925 1.1445 1.1965 1.2486 1.3006 1.3526 1.4046 1.4566 1.5087 1.5607 1.6127 1.6647 1.7168 1.7688 3.17077 3.19395 3.21744 3.24402 3.27213 3.30133 3.33289 3.36655 3.40298 3.44152 3.48174 3.52161 3.562 3.6025 3.64274 3.68253 3.72224 3.75858 3.79511 3.82618 3.85763 3.88846 3.91962 3.94865 3.9749 4.0018 
1.5 1.5 1.5 1.5 1.5 1.5 1.5 1.5 1.5 1.5 1.5 1.0925 1.1445 1.1965 1.2486 1.3006 1.3526 1.4046 1.4566 1.5087 1.5607 1.6127 1.6647 1.7168 1.7688 3.17405 3.19761 3.2211 3.24715 3.27398 3.30209 3.33221 3.36472 3.39988 3.43763 3.47665 3.51644 3.55544 3.5946 3.63343 3.6723 3.71077 3.74837 3.7813 3.81234 3.84337 3.87262 3.90365 3.93276 3.95866 3.98576 
1.5 1.5 1.5 1.5 1.5 1.5 1.5 1.5 1.5 1.5 1.5 1.0925 1.1445 1.1965 1.2486 1.3006 1.3526 1.4046 1.4566 1.5087 1.5607 1.6127 1.6647 1.7168 1.7688 3.17729 3.2012 3.22455 3.25067 3.27636 3.30306 3.33198 3.36309 3.39674 3.43357 3.47131 3.50993 3.54839 3.58645 3.62403 3.661 3.6987 3.73421 3.76726 3.79765 3.82759 3.85548 3.88548 3.91479 3.94159 3.96946 
1.5 1.5 1.5 1.5 1.5 1.5 1.5 1.5 1.5 1.5 1.5 1.0925 1.1445 1.1965 1.2486 1.3006 1.3526 1.4046 1.4566 1.5087 1.5607 1.6127 1.6647 1.7168 1.7688 3.17958 3.20445 3.22835 3.25416 3.27937 3.30497 3.33164 3.36205 3.39372 3.42917 3.46632 3.50325 3.54079 3.57764 3.61362 3.64935 3.68505 3.71966 3.75217 3.78182 3.81058 3.83816 3.86712 3.89718 3.92451 3.95329 
1.5 1.5 1.5 1.5 1.5 1.5 1.5 1.5 1.5 1.5 1.5 1.0925 1.1445 1.1965 1.2486 1.3006 1.3526 1.4046 1.4566 1.5087 1.5607 1.6127 1.6647 1.7168 1.7688 3.18187 3.20708 3.23189 3.25785 3.28245 3.30692 3.33245 3.36079 3.39131 3.42502 3.46033 3.49629 3.53313 3.56849 3.60319 3.63749 3.67124 3.70434 3.73609 3.76575 3.7935 3.82059 3.84916 3.87922 3.90703 3.93661 
1.5 1.5 1.5 1.5 1.5 1.5 1.5 1.5 1.5 1.5 1.5 1.0925 1.1445 1.1965 1.2486 1.3006 1.3526 1.4046 1.4566 1.5087 1.5607 1.6127 1.6647 1.7168 1.7688 3.18368 3.20912 3.23419 3.26164 3.28547 3.3084 3.33375 3.35999 3.38893 3.42183 3.45578 3.48972 3.52573 3.55986 3.59221 3.62499 3.65749 3.68904 3.72016 3.74903 3.77563 3.80227 3.83091 3.86117 3.89 3.91989 
1.5 1.5 1.5 1.5 1.5 1.5 1.5 1.5 1.5 1.5 1.5 1.0925 1.1445 1.1965 1.2486 1.3006 1.3526 1.4046 1.4566 1.5087 1.5607 1.6127 1.6647 1.7168 1.7688 3.18472 3.21169 3.23879 3.26636 3.28884 3.31099 3.33469 3.36003 3.3879 3.41877 3.45169 3.48437 3.51867 3.55126 3.58232 3.61326 3.64374 3.67421 3.70383 3.73147 3.75802 3.78427 3.81257 3.84347 3.87286 3.90335 
1.5 1.5 1.5 1.5 1.5 1.5 1.5 1.5 1.5 1.5 1.5 1.0925 1.1445 1.1965 1.2486 1.3006 1.3526 1.4046 1.4566 1.5087 1.5607 1.6127 1.6647 1.7168 1.7688 3.18557 3.21156 3.2408 3.27309 3.2941 3.3149 3.33794 3.36155 3.38715 3.41673 3.44712 3.47862 3.51071 3.54268 3.57232 3.6024 3.6312 3.66056 3.68819 3.71518 3.74103 3.76679 3.79499 3.82608 3.85504 3.88813 
1.5 1.5 1.5 1.5 1.5 1.5 1.5 1.5 1.5 1.5 1.5 1.0925 1.1445 1.1965 1.2486 1.3006 1.3526 1.4046 1.4566 1.5087 1.5607 1.6127 1.6647 1.7168 1.7688 3.18612 3.21286 3.24323 3.27503 3.299 3.31868 3.34096 3.36446 3.38883 3.4164 3.44479 3.47421 3.50434 3.5334 3.56154 3.58966 3.61836 3.64458 3.67348 3.69804 3.72502 3.75105 3.77866 3.80968 3.83817 3.87192 
1.5 1.5 1.5 1.5 1.5 1.5 1.5 1.5 1.5 1.5 1.5 1.0925 1.1445 1.1965 1.2486 1.3006 1.3526 1.4046 1.4566 1.5087 1.5607 1.6127 1.6647 1.7168 1.7688 3.18641 3.21268 3.24494 3.27606 3.30054 3.32141 3.34368 3.36691 3.39152 3.41864 3.4451 3.47276 3.50088 3.52956 3.55761 3.58266 3.60779 3.63483 3.65991 3.68445 3.70911 3.73552 3.76099 3.7926 3.82269 3.85605 
1.5 1.5 1.5 1.5 1.5 1.5 1.5 1.5 1.5 1.5 1.5 1.0925 1.1445 1.1965 1.2486 1.3006 1.3526 1.4046 1.4566 1.5087 1.5607 1.6127 1.6647 1.7168 1.7688 3.18593 3.20729 3.24949 3.2784 3.30298 3.32311 3.34562 3.36848 3.39311 3.41896 3.44505 3.47045 3.49727 3.52594 3.55311 3.57855 3.60223 3.62631 3.64733 3.67272 3.6955 3.71887 3.74849 3.77976 3.80601 3.84174 
1.5 1.5 1.5 1.5 1.5 1.5 1.5 1.5 1.5 1.5 1.5 1.0925 1.1445 1.1965 1.2486 1.3006 1.3526 1.4046 1.4566 1.5087 1.5607 1.6127 1.6647 1.7168 1.7688 3.18549 3.20667 3.24733 3.27758 3.30357 3.32487 3.34867 3.37174 3.39616 3.42026 3.44524 3.46933 3.49555 3.52359 3.54926 3.57415 3.59774 3.62006 3.64202 3.66218 3.68719 3.71162 3.73726 3.76817 3.79446 3.82871 
1.5 1.5 1.5 1.5 1.5 1.5 1.5 1.5 1.5 1.5 1.5 1.0925 1.1445 1.1965 1.2486 1.3006 1.3526 1.4046 1.4566 1.5087 1.5607 1.6127 1.6647 1.7168 1.7688 3.18517 3.21062 3.24548 3.27775 3.30356 3.32243 3.34679 3.37177 3.39741 3.42243 3.44648 3.47047 3.49563 3.52171 3.54674 3.57109 3.59284 3.61436 3.63565 3.65768 3.67955 3.70504 3.72962 3.75916 3.78586 3.81329 
1.5 1.5 1.5 1.5 1.5 1.5 1.5 1.5 1.5 1.5 1.5 1.0925 1.1445 1.1965 1.2486 1.3006 1.3526 1.4046 1.4566 1.5087 1.5607 1.6127 1.6647 1.7168 1.7688 3.18452 3.21094 3.24544 3.27526 3.30456 3.32296 3.34634 3.3709 3.39575 3.42024 3.44461 3.46882 3.4947 3.52086 3.54536 3.56919 3.58995 3.61033 3.62964 3.65204 3.67294 3.69901 3.72506 3.75393 3.77943 3.80237 
1.5 1.5 1.5 1.5 1.5 1.5 1.5 1.5 1.5 1.5 1.5 1.0925 1.1445 1.1965 1.2486 1.3006 1.3526 1.4046 1.4566 1.5087 1.5607 1.6127 1.6647 1.7168 1.7688 3.1838 3.20876 3.24435 3.27663 3.3032 3.32285 3.34606 3.36953 3.39458 3.41891 3.44319 3.46678 3.49211 3.51706 3.54184 3.56567 3.58633 3.60788 3.62814 3.64947 3.67012 3.69519 3.72041 3.74953 3.77544 3.79715 
1.5 1.5 1.5 1.5 1.5 1.5 1.5 1.5 1.5 1.5 1.5 1.0925 1.1445 1.1965 1.2486 1.3006 1.3526 1.4046 1.4566 1.5087 1.5607 1.6127 1.6647 1.7168 1.7688 3.1835 3.20312 3.24389 3.27364 3.30131 3.32166 3.34478 3.36872 3.39398 3.4178 3.44118 3.46471 3.48909 3.51351 3.53776 3.56094 3.58264 3.60472 3.6254 3.64755 3.66921 3.69335 3.71911 3.74727 3.77337 3.79407 
1.5 1.5 1.5 1.5 1.5 1.5 1.5 1.5 1.5 1.5 1.5 1.0925 1.1445 1.1965 1.2486 1.3006 1.3526 1.4046 1.4566 1.5087 1.5607 1.6127 1.6647 1.7168 1.7688 3.18287 3.20402 3.24586 3.27501 3.30176 3.32077 3.34296 3.36646 3.39092 3.41574 3.43902 3.46299 3.48696 3.5111 3.53465 3.55744 3.57931 3.6022 3.62328 3.64603 3.66648 3.69161 3.72033 3.74855 3.775 3.78971 
1.5 1.5 1.5 1.5 1.5 1.5 1.5 1.5 1.5 1.5 1.5 1.0925 1.1445 1.1965 1.2486 1.3006 1.3526 1.4046 1.4566 1.5087 1.5607 1.6127 1.6647 1.7168 1.7688 3.18249 3.20779 3.24355 3.27626 3.30412 3.32216 3.34464 3.36752 3.39006 3.41357 3.43623 3.45959 3.48282 3.50722 3.53142 3.55483 3.57684 3.60079 3.62169 3.64578 3.66808 3.692 3.72027 3.74938 3.7776 3.78852 
1.5 1.5 1.5 1.5 1.5 1.5 1.5 1.5 1.5 1.5 1.5 1.0925 1.1445 1.1965 1.2486 1.3006 1.3526 1.4046 1.4566 1.5087 1.5607 1.6127 1.6647 1.7168 1.7688 3.18261 3.20851 3.24382 3.27414 3.30429 3.32281 3.34455 3.36849 3.39133 3.41475 3.43615 3.45876 3.4815 3.5047 3.5287 3.55239 3.57586 3.60109 3.62259 3.64658 3.66981 3.69193 3.72057 3.74898 3.77822 3.7886 
1.5 1.5 1.5 1.5 1.5 1.5 1.5 1.5 1.5 1.5 1.5 1.0925 1.1445 1.1965 1.2486 1.3006 1.3526 1.4046 1.4566 1.5087 1.5607 1.6127 1.6647 1.7168 1.7688 3.18279 3.20796 3.24376 3.27662 3.30405 3.32232 3.34458 3.36748 3.38927 3.41372 3.43619 3.45953 3.48384 3.5069 3.53061 3.55534 3.57744 3.6009 3.62195 3.64559 3.66858 3.69244 3.72141 3.75013 3.77851 3.78851 
1.5 1.5 1.5 1.5 1.5 1.5 1.5 1.5 1.5 1.5 1.5 1.0925 1.1445 1.1965 1.2486 1.3006 1.3526 1.4046 1.4566 1.5087 1.5607 1.6127 1.6647 1.7168 1.7688 3.18347 3.20425 3.24583 3.27571 3.30214 3.32084 3.34296 3.36643 3.39094 3.41573 3.43894 3.46263 3.48602 3.51052 3.53454 3.55808 3.58077 3.60275 3.62427 3.64637 3.66725 3.6931 3.72233 3.75055 3.77664 3.79062 
1.5 1.5 1.5 1.5 1.5 1.5 1.5 1.5 1.5 1.5 1.5 1.0925 1.1445 1.1965 1.2486 1.3006 1.3526 1.4046 1.4566 1.5087 1.5607 1.6127 1.6647 1.7168 1.7688 3.18407 3.20315 3.24459 3.27397 3.30166 3.3222 3.34523 3.36869 3.3938 3.41802 3.44136 3.46476 3.48901 3.51326 3.53809 3.56175 3.58388 3.6052 3.62664 3.64831 3.67094 3.69529 3.72158 3.74907 3.77519 3.79575 
1.5 1.5 1.5 1.5 1.5 1.5 1.5 1.5 1.5 1.5 1.5 1.0925 1.1445 1.1965 1.2486 1.3006 1.3526 1.4046 1.4566 1.5087 1.5607 1.6127 1.6647 1.7168 1.7688 3.18469 3.20872 3.24477 3.27632 3.30348 3.3226 3.34596 3.37042 3.39565 3.41987 3.4437 3.4668 3.4913 3.51637 3.54195 3.56619 3.58743 3.60891 3.62947 3.65092 3.67193 3.69688 3.72301 3.75154 3.77742 3.79942 
1.5 1.5 1.5 1.5 1.5 1.5 1.5 1.5 1.5 1.5 1.5 1.0925 1.1445 1.1965 1.2486 1.3006 1.3526 1.4046 1.4566 1.5087 1.5607 1.6127 1.6647 1.7168 1.7688 3.18557 3.21076 3.2454 3.27514 3.30426 3.32286 3.34601 3.37099 3.39644 3.42145 3.44538 3.46915 3.49425 3.52066 3.54554 3.5691 3.59063 3.61111 3.63094 3.65366 3.67522 3.70133 3.72801 3.75655 3.78251 3.80591 
1.5 1.5 1.5 1.5 1.5 1.5 1.5 1.5 1.5 1.5 1.5 1.0925 1.1445 1.1965 1.2486 1.3006 1.3526 1.4046 1.4566 1.5087 1.5607 1.6127 1.6647 1.7168 1.7688 3.18633 3.20953 3.24535 3.27768 3.30333 3.32248 3.3468 3.37188 3.39751 3.42319 3.44717 3.47078 3.49634 3.52125 3.54629 3.57046 3.5931 3.61468 3.6366 3.65931 3.68159 3.70793 3.73364 3.76289 3.7894 3.81756 
1.5 1.5 1.5 1.5 1.5 1.5 1.5 1.5 1.5 1.5 1.5 1.0925 1.1445 1.1965 1.2486 1.3006 1.3526 1.4046 1.4566 1.5087 1.5607 1.6127 1.6647 1.7168 1.7688 3.18682 3.20594 3.24701 3.27763 3.30337 3.32465 3.34881 3.37177 3.39632 3.42085 3.44568 3.46951 3.49556 3.5226 3.54869 3.57418 3.59726 3.62021 3.64262 3.66571 3.68956 3.7153 3.74124 3.77245 3.79787 3.83308 
1.5 1.5 1.5 1.5 1.5 1.5 1.5 1.5 1.5 1.5 1.5 1.0925 1.1445 1.1965 1.2486 1.3006 1.3526 1.4046 1.4566 1.5087 1.5607 1.6127 1.6647 1.7168 1.7688 3.18731 3.20667 3.24844 3.27861 3.30298 3.32338 3.34561 3.36818 3.39333 3.41904 3.4453 3.47056 3.49721 3.52487 3.55103 3.57711 3.60173 3.62544 3.64948 3.67414 3.69827 3.72504 3.75279 3.78461 3.81261 3.8471 
1.5 1.5 1.5 1.5 1.5 1.5 1.5 1.5 1.5 1.5 1.5 1.0925 1.1445 1.1965 1.2486 1.3006 1.3526 1.4046 1.4566 1.5087 1.5607 1.6127 1.6647 1.7168 1.7688 3.18746 3.21158 3.24538 3.27669 3.30114 3.32079 3.34318 3.36663 3.3907 3.41745 3.44408 3.47051 3.49883 3.52643 3.55324 3.58051 3.60688 3.63312 3.65909 3.68498 3.71095 3.73895 3.76728 3.79924 3.82755 3.86107 
1.5 1.5 1.5 1.5 1.5 1.5 1.5 1.5 1.5 1.5 1.5 1.0925 1.1445 1.1965 1.2486 1.3006 1.3526 1.4046 1.4566 1.5087 1.5607 1.6127 1.6647 1.7168 1.7688 3.18681 3.21205 3.24323 3.27468 3.29869 3.3188 3.34081 3.364 3.38859 3.4151 3.4424 3.47068 3.49968 3.52859 3.55693 3.58572 3.61405 3.6432 3.67113 3.69877 3.72638 3.75347 3.78211 3.81393 3.84198 3.87664 
1.5 1.5 1.5 1.5 1.5 1.5 1.5 1.5 1.5 1.5 1.5 1.0925 1.1445 1.1965 1.2486 1.3006 1.3526 1.4046 1.4566 1.5087 1.5607 1.6127 1.6647 1.7168 1.7688 3.18577 3.21033 3.24039 3.27287 3.29388 3.3143 3.33716 3.36077 3.3855 3.41359 3.44201 3.47161 3.50242 3.5333 3.56307 3.59346 3.62379 3.65456 3.68375 3.71218 3.74082 3.76817 3.79739 3.82922 3.85811 3.89191 
1.5 1.5 1.5 1.5 1.5 1.5 1.5 1.5 1.5 1.5 1.5 1.0925 1.1445 1.1965 1.2486 1.3006 1.3526 1.4046 1.4566 1.5087 1.5607 1.6127 1.6647 1.7168 1.7688 3.18422 3.21017 3.23772 3.26561 3.28783 3.30928 3.33304 3.35779 3.38446 3.41388 3.44405 3.47492 3.50722 3.53855 3.56963 3.60092 3.63298 3.66544 3.69702 3.72674 3.75589 3.78348 3.81304 3.84485 3.87509 3.90655 
1.5 1.5 1.5 1.5 1.5 1.5 1.5 1.5 1.5 1.5 1.5 1.0925 1.1445 1.1965 1.2486 1.3006 1.3526 1.4046 1.4566 1.5087 1.5607 1.6127 1.6647 1.7168 1.7688 3.18077 3.20617 3.23198 3.25915 3.28301 3.3061 3.33049 3.35615 3.3842 3.41444 3.44583 3.47791 3.51127 3.54428 3.57658 3.60902 3.64344 3.67694 3.71031 3.74127 3.77114 3.7995 3.82937 3.86087 3.89028 3.92069 
1.5 1.5 1.5 1.5 1.5 1.5 1.5 1.5 1.5 1.5 1.5 1.0925 1.1445 1.1965 1.2486 1.3006 1.3526 1.4046 1.4566 1.5087 1.5607 1.6127 1.6647 1.7168 1.7688 3.17746 3.20261 3.22724 3.25368 3.27805 3.30211 3.32729 3.35447 3.38374 3.41497 3.44818 3.48131 3.51575 3.54955 3.58395 3.61839 3.65382 3.68857 3.72323 3.75526 3.78609 3.81519 3.84512 3.87623 3.90544 3.93536 
1.5 1.5 1.5 1.5 1.5 1.5 1.5 1.5 1.5 1.5 1.5 1.0925 1.1445 1.1965 1.2486 1.3006 1.3526 1.4046 1.4566 1.5087 1.5607 1.6127 1.6647 1.7168 1.7688 3.1729 3.1976 3.22145 3.24751 3.27234 3.2981 3.32405 3.35259 3.38309 3.41598 3.45068 3.48566 3.52123 3.55643 3.59184 3.62742 3.66397 3.70079 3.73596 3.76884 3.80033 3.82965 3.86038 3.89196 3.92051 3.94961 
1.5 1.5 1.5 1.5 1.5 1.5 1.5 1.5 1.5 1.5 1.5 1.0925 1.1445 1.1965 1.2486 1.3006 1.3526 1.4046 1.4566 1.5087 1.5607 1.6127 1.6647 1.7168 1.7688 3.16815 3.19197 3.21551 3.2412 3.26706 3.29364 3.32124 3.35118 3.38251 3.41757 3.45334 3.48958 3.52646 3.56275 3.59962 3.63644 3.67493 3.7126 3.74838 3.7816 3.81377 3.84412 3.8761 3.90718 3.93493 3.96298 
1.5 1.5 1.5 1.5 1.5 1.5 1.5 1.5 1.5 1.5 1.5 1.0925 1.1445 1.1965 1.2486 1.3006 1.3526 1.4046 1.4566 1.5087 1.5607 1.6127 1.6647 1.7168 1.7688 3.16218 3.18605 3.20879 3.23529 3.26205 3.28943 3.31884 3.3499 3.38244 3.41844 3.45539 3.49324 3.53101 3.56904 3.60728 3.64556 3.68479 3.72304 3.7596 3.79361 3.82624 3.85781 3.88998 3.92092 3.94899 3.97577 
1.5 1.5 1.5 1.5 1.5 1.5 1.5 1.5 1.5 1.5 1.5 1.0925 1.1445 1.1965 1.2486 1.3006 1.3526 1.4046 1.4566 1.5087 1.5607 1.6127 1.6647 1.7168 1.7688 3.15644 3.1795 3.20297 3.22881 3.25671 3.28559 3.31617 3.3483 3.38283 3.41985 3.45833 3.49689 3.53592 3.57547 3.61529 3.65424 3.69448 3.73279 3.76933 3.80452 3.83784 3.87066 3.90385 3.93444 3.9617 3.98939 
1.5 1.5 1.5 1.5 1.5 1.5 1.5 1.5 1.5 1.5 1.5 1.0925 1.1445 1.1965 1.2486 1.3006 1.3526 1.4046 1.4566 1.5087 1.5607 1.6127 1.6647 1.7168 1.7688 3.15081 3.17347 3.19692 3.22307 3.25194 3.28186 3.31345 3.34712 3.38316 3.42083 3.46052 3.50005 3.54055 3.58101 3.62205 3.66287 3.70327 3.74163 3.7786 3.81413 3.84839 3.88244 3.916 3.94724 3.97512 4.00119 
1.5 1.5 1.5 1.5 1.5 1.5 1.5 1.5 1.5 1.5 1.5 1.0925 1.1445 1.1965 1.2486 1.3006 1.3526 1.4046 1.4566 1.5087 1.5607 1.6127 1.6647 1.7168 1.7688 3.14542 3.16789 3.19177 3.21813 3.24696 3.27847 3.31122 3.34616 3.38331 3.42213 3.46218 3.50297 3.54442 3.58646 3.62831 3.67044 3.71096 3.74976 3.78718 3.82255 3.85787 3.89352 3.92776 3.95924 3.98625 4.0129 
1.5 1.5 1.5 1.5 1.5 1.5 1.5 1.5 1.5 1.5 1.5 1.0925 1.1445 1.1965 1.2486 1.3006 1.3526 1.4046 1.4566 1.5087 1.5607 1.6127 1.6647 1.7168 1.7688 3.14043 3.16239 3.18609 3.21297 3.24288 3.27516 3.30936 3.34565 3.38397 3.4232 3.46383 3.50579 3.54841 3.59156 3.63445 3.67708 3.71767 3.75648 3.79354 3.8305 3.86715 3.90339 3.93821 3.96928 3.99696 4.02401 
1.5 1.5 1.5 1.5 1.5 1.5 1.5 1.5 1.5 1.5 1.5 1.0925 1.1445 1.1965 1.2486 1.3006 1.3526 1.4046 1.4566 1.5087 1.5607 1.6127 1.6647 1.7168 1.7688 3.13634 3.15887 3.18233 3.20955 3.23978 3.27247 3.30757 3.34506 3.38413 3.42387 3.46529 3.50793 3.55127 3.59526 3.63898 3.68186 3.7221 3.76134 3.79922 3.83643 3.87384 3.91073 3.94552 3.97767 4.00558 4.03227 
1.5 1.5 1.5 1.5 1.5 1.5 1.5 1.5 1.5 1.5 1.5 1.0925 1.1445 1.1965 1.2486 1.3006 1.3526 1.4046 1.4566 1.5087 1.5607 1.6127 1.6647 1.7168 1.7688 3.13307 3.1554 3.17922 3.20624 3.23675 3.27066 3.30641 3.34422 3.38399 3.42414 3.46614 3.51023 3.55421 3.59923 3.64308 3.6858 3.72574 3.76455 3.80346 3.84217 3.88024 3.91744 3.95181 3.98381 4.01303 4.04012 
1.5 1.5 1.5 1.5 1.5 1.5 1.5 1.5 1.5 1.5 1.5 1.0925 1.1445 1.1965 1.2486 1.3006 1.3526 1.4046 1.4566 1.5087 1.5607 1.6127 1.6647 1.7168 1.7688 3.12988 3.15238 3.17629 3.20353 3.23385 3.26854 3.30558 3.34403 3.38417 3.42482 3.46718 3.51198 3.55746 3.60236 3.6469 3.68897 3.72936 3.76867 3.80743 3.84665 3.88493 3.9234 3.95711 3.99029 4.02003 4.04864 
1.5 1.5 1.5 1.5 1.5 1.5 1.5 1.5 1.5 1.5 1.5 1.0925 1.1445 1.1965 1.2486 1.3006 1.3526 1.4046 1.4566 1.5087 1.5607 1.6127 1.6647 1.7168 1.7688 3.12693 3.14947 3.17342 3.20084 3.23133 3.26568 3.30297 3.34213 3.38256 3.42475 3.46857 3.51452 3.56022 3.60566 3.6494 3.69153 3.73147 3.77118 3.81136 3.85244 3.89171 3.92907 3.96342 3.99626 4.02761 4.0563 
