5
s 30 2 31
r 20 0.01 6 5.80764 0.01
r 22 0.01 6 5.24473 0.01
r 24 0.01 6 4.75517 0.01
r 26 0.01 6 4.26932 0.01
r 28 0.01 6 4.01397 0.01
r 30 0.01 6 3.83023 0.01
r 32 0.01 6 4.02244 0.01
r 34 0.01 6 4.26895 0.01
r 36 0.01 6 4.71699 0.01
r 38 0.01 6 5.24527 0.01
r 40 0.01 6 5.80762 0.01
r 42 0.01 6 6.36955 0.01
r 44 0.01 6 6.93104 0.01
r 46 0.01 6 7.49032 0.01
r 48 0.01 6 8.04755 0.01
r 50 0.01 6 8.60151 0.01
r 52 0.01 6 9.15051 0.01
r 54 0.01 6 9.6956 0.01
r 56 0.01 6 10.2303 0.01
r 58 0.01 6 10.7644 0.01
r 60 0.01 6 11.2905 0.01
r 62 0.01 6 11.8106 0.01
r 64 0.01 6 12.3236 0.01
r 66 0.01 6 12.8295 0.01
r 68 0.01 6 13.3342 0.01
r 70 0.01 6 13.8196 0.01
r 72 0.01 6 14.3058 0.01
r 74 0.01 6 14.7805 0.01
r 76 0.01 6 15.2506 0.01
r 78 0.01 6 15.7166 0.01
r 80 0.01 6 16.2163 0.01
s 40 2 31
r 20 0.01 6 8.60151 0.01
r 22 0.01 6 8.04755 0.01
r 24 0.01 6 7.49032 0.01
r 26 0.01 6 6.93104 0.01
r 28 0.01 6 6.36955 0.01
r 30 0.01 6 5.80764 0.01
r 32 0.01 6 5.24513 0.01
r 34 0.01 6 4.76045 0.01
r 36 0.01 6 4.26905 0.01
r 38 0.01 6 4.01465 0.01
r 40 0.01 6 3.8297 0.01
r 42 0.01 6 4.02186 0.01
r 44 0.01 6 4.26972 0.01
r 46 0.01 6 4.75858 0.01
r 48 0.01 6 5.24549 0.01
r 50 0.01 6 5.80762 0.01
r 52 0.01 6 6.36955 0.01
r 54 0.01 6 6.93104 0.01
r 56 0.01 6 7.49032 0.01
r 58 0.01 6 8.04755 0.01
r 60 0.01 6 8.60151 0.01
r 62 0.01 6 9.15028 0.01
r 64 0.01 6 9.6956 0.01
r 66 0.01 6 10.2303 0.01
r 68 0.01 6 10.7644 0.01
r 70 0.01 6 11.2905 0.01
r 72 0.01 6 11.8106 0.01
r 74 0.01 6 12.3235 0.01
r 76 0.01 6 12.8295 0.01
r 78 0.01 6 13.3342 0.01
r 80 0.01 6 13.8201 0.01
s 50 2 31
r 20 0.01 6 11.2905 0.01
r 22 0.01 6 10.7644 0.01
r 24 0.01 6 10.2303 0.01
r 26 0.01 6 9.6956 0.01
r 28 0.01 6 9.15028 0.01
r 30 0.01 6 8.60151 0.01
r 32 0.01 6 8.04755 0.01
r 34 0.01 6 7.49032 0.01
r 36 0.01 6 6.93104 0.01
r 38 0.01 6 6.36955 0.01
r 40 0.01 6 5.80764 0.01
r 42 0.01 6 5.24636 0.01
r 44 0.01 6 4.71769 0.01
r 46 0.01 6 4.26901 0.01
r 48 0.01 6 4.00965 0.01
r 50 0.01 6 3.83031 0.01
r 52 0.01 6 4.00969 0.01
r 54 0.01 6 4.26963 0.01
r 56 0.01 6 4.75914 0.01
r 58 0.01 6 5.24489 0.01
r 60 0.01 6 5.80762 0.01
r 62 0.01 6 6.36955 0.01
r 64 0.01 6 6.93104 0.01
r 66 0.01 6 7.49032 0.01
r 68 0.01 6 8.04755 0.01
r 70 0.01 6 8.60151 0.01
r 72 0.01 6 9.15028 0.01
r 74 0.01 6 9.6956 0.01
r 76 0.01 6 10.2303 0.01
r 78 0.01 6 10.7644 0.01
r 80 0.01 6 11.2905 0.01
s 60 2 31
r 20 0.01 6 13.8196 0.01
r 22 0.01 6 13.3342 0.01
r 24 0.01 6 12.8295 0.01
r 26 0.01 6 12.324 0.01
r 28 0.01 6 11.8106 0.01
r 30 0.01 6 11.2905 0.01
r 32 0.01 6 10.7644 0.01
r 34 0.01 6 10.2303 0.01
r 36 0.01 6 9.6956 0.01
r 38 0.01 6 9.15028 0.01
r 40 0.01 6 8.60151 0.01
r 42 0.01 6 8.04755 0.01
r 44 0.01 6 7.49032 0.01
r 46 0.01 6 6.93104 0.01
r 48 0.01 6 6.36955 0.01
r 50 0.01 6 5.80764 0.01
r 52 0.01 6 5.24528 0.01
r 54 0.01 6 4.71582 0.01
r 56 0.01 6 4.26955 0.01
r 58 0.01 6 4.01052 0.01
r 60 0.01 6 3.83006 0.01
r 62 0.01 6 3.96021 0.01
r 64 0.01 6 4.26941 0.01
r 66 0.01 6 4.76582 0.01
r 68 0.01 6 5.24522 0.01
r 70 0.01 6 5.80762 0.01
r 72 0.01 6 6.36955 0.01
r 74 0.01 6 6.93104 0.01
r 76 0.01 6 7.49032 0.01
r 78 0.01 6 8.04755 0.01
r 80 0.01 6 8.60151 0.01
s 70 2 31
r 20 0.01 6 16.2163 0.01
r 22 0.01 6 15.7165 0.01
r 24 0.01 6 15.2506 0.01
r 26 0.01 6 14.7805 0.01
r 28 0.01 6 14.3058 0.01
r 30 0.01 6 13.8196 0.01
r 32 0.01 6 13.3342 0.01
r 34 0.01 6 12.8295 0.01
r 36 0.01 6 12.3235 0.01
r 38 0.01 6 11.8106 0.01
r 40 0.01 6 11.2905 0.01
r 42 0.01 6 10.7644 0.01
r 44 0.01 6 10.2303 0.01
r 46 0.01 6 9.6956 0.01
r 48 0.01 6 9.15028 0.01
r 50 0.01 6 8.60151 0.01
r 52 0.01 6 8.04755 0.01
r 54 0.01 6 7.49032 0.01
r 56 0.01 6 6.93104 0.01
r 58 0.01 6 6.36955 0.01
r 60 0.01 6 5.80764 0.01
r 62 0.01 6 5.2455 0.01
r 64 0.01 6 4.75582 0.01
r 66 0.01 6 4.26916 0.01
r 68 0.01 6 3.95501 0.01
r 70 0.01 6 3.82994 0.01
r 72 0.01 6 3.9484 0.01
r 74 0.01 6 4.2699 0.01
r 76 0.01 6 4.7654 0.01
r 78 0.01 6 5.24533 0.01
r 80 0.01 6 5.80762 0.01
