5
s 30 2 31
r 20 0.01 6 5.88248 0.01
r 22 0.01 6 5.2728 0.01
r 24 0.01 6 4.74528 0.01
r 26 0.01 6 4.27497 0.01
r 28 0.01 6 4.03156 0.01
r 30 0.01 6 3.83717 0.01
r 32 0.01 6 3.96018 0.01
r 34 0.01 6 4.27456 0.01
r 36 0.01 6 4.73892 0.01
r 38 0.01 6 5.27183 0.01
r 40 0.01 6 5.87973 0.01
r 42 0.01 6 6.50369 0.01
r 44 0.01 6 7.12743 0.01
r 46 0.01 6 7.74196 0.01
r 48 0.01 6 8.36422 0.01
r 50 0.01 6 8.98038 0.01
r 52 0.01 6 9.58821 0.01
r 54 0.01 6 10.1904 0.01
r 56 0.01 6 10.7878 0.01
r 58 0.01 6 11.3772 0.01
r 60 0.01 6 11.9585 0.01
r 62 0.01 6 12.5322 0.01
r 64 0.01 6 13.0954 0.01
r 66 0.01 6 13.6504 0.01
r 68 0.01 6 14.1998 0.01
r 70 0.01 6 14.7336 0.01
r 72 0.01 6 15.2633 0.01
r 74 0.01 6 15.7916 0.01
r 76 0.01 6 16.3126 0.01
r 78 0.01 6 16.8288 0.01
r 80 0.01 6 17.3254 0.01
s 40 2 31
r 20 0.01 6 8.98059 0.01
r 22 0.01 6 8.36346 0.01
r 24 0.01 6 7.74181 0.01
r 26 0.01 6 7.12769 0.01
r 28 0.01 6 6.50384 0.01
r 30 0.01 6 5.88389 0.01
r 32 0.01 6 5.27318 0.01
r 34 0.01 6 4.75311 0.01
r 36 0.01 6 4.27187 0.01
r 38 0.01 6 4.03041 0.01
r 40 0.01 6 3.83665 0.01
r 42 0.01 6 4.03255 0.01
r 44 0.01 6 4.27817 0.01
r 46 0.01 6 4.74611 0.01
r 48 0.01 6 5.2736 0.01
r 50 0.01 6 5.88422 0.01
r 52 0.01 6 6.50467 0.01
r 54 0.01 6 7.12 0.01
r 56 0.01 6 7.74378 0.01
r 58 0.01 6 8.36483 0.01
r 60 0.01 6 8.97986 0.01
r 62 0.01 6 9.58773 0.01
r 64 0.01 6 10.1905 0.01
r 66 0.01 6 10.7878 0.01
r 68 0.01 6 11.3773 0.01
r 70 0.01 6 11.9588 0.01
r 72 0.01 6 12.5319 0.01
r 74 0.01 6 13.0952 0.01
r 76 0.01 6 13.6506 0.01
r 78 0.01 6 14.2004 0.01
r 80 0.01 6 14.7308 0.01
s 50 2 31
r 20 0.01 6 11.9583 0.01
r 22 0.01 6 11.3773 0.01
r 24 0.01 6 10.7878 0.01
r 26 0.01 6 10.1907 0.01
r 28 0.01 6 9.58823 0.01
r 30 0.01 6 8.98048 0.01
r 32 0.01 6 8.36434 0.01
r 34 0.01 6 7.74236 0.01
r 36 0.01 6 7.12755 0.01
r 38 0.01 6 6.50396 0.01
r 40 0.01 6 5.88011 0.01
r 42 0.01 6 5.27372 0.01
r 44 0.01 6 4.75483 0.01
r 46 0.01 6 4.272 0.01
r 48 0.01 6 3.95999 0.01
r 50 0.01 6 3.83739 0.01
r 52 0.01 6 4.03165 0.01
r 54 0.01 6 4.26906 0.01
r 56 0.01 6 4.74068 0.01
r 58 0.01 6 5.27337 0.01
r 60 0.01 6 5.88417 0.01
r 62 0.01 6 6.50442 0.01
r 64 0.01 6 7.12905 0.01
r 66 0.01 6 7.74321 0.01
r 68 0.01 6 8.36475 0.01
r 70 0.01 6 8.98018 0.01
r 72 0.01 6 9.58815 0.01
r 74 0.01 6 10.1905 0.01
r 76 0.01 6 10.7875 0.01
r 78 0.01 6 11.3771 0.01
r 80 0.01 6 11.958 0.01
s 60 2 31
r 20 0.01 6 14.73 0.01
r 22 0.01 6 14.2003 0.01
r 24 0.01 6 13.6507 0.01
r 26 0.01 6 13.0954 0.01
r 28 0.01 6 12.5319 0.01
r 30 0.01 6 11.9589 0.01
r 32 0.01 6 11.3773 0.01
r 34 0.01 6 10.7879 0.01
r 36 0.01 6 10.1905 0.01
r 38 0.01 6 9.58776 0.01
r 40 0.01 6 8.98006 0.01
r 42 0.01 6 8.36472 0.01
r 44 0.01 6 7.74289 0.01
r 46 0.01 6 7.12833 0.01
r 48 0.01 6 6.50402 0.01
r 50 0.01 6 5.88011 0.01
r 52 0.01 6 5.27196 0.01
r 54 0.01 6 4.74508 0.01
r 56 0.01 6 4.27415 0.01
r 58 0.01 6 3.96022 0.01
r 60 0.01 6 3.83708 0.01
r 62 0.01 6 4.03117 0.01
r 64 0.01 6 4.27699 0.01
r 66 0.01 6 4.73873 0.01
r 68 0.01 6 5.27202 0.01
r 70 0.01 6 5.87997 0.01
r 72 0.01 6 6.50391 0.01
r 74 0.01 6 7.12761 0.01
r 76 0.01 6 7.7416 0.01
r 78 0.01 6 8.36311 0.01
r 80 0.01 6 8.98023 0.01
s 70 2 31
r 20 0.01 6 17.3183 0.01
r 22 0.01 6 16.8261 0.01
r 24 0.01 6 16.3113 0.01
r 26 0.01 6 15.7915 0.01
r 28 0.01 6 15.2635 0.01
r 30 0.01 6 14.7336 0.01
r 32 0.01 6 14.1998 0.01
r 34 0.01 6 13.6501 0.01
r 36 0.01 6 13.0955 0.01
r 38 0.01 6 12.5321 0.01
r 40 0.01 6 11.9585 0.01
r 42 0.01 6 11.3773 0.01
r 44 0.01 6 10.7878 0.01
r 46 0.01 6 10.1906 0.01
r 48 0.01 6 9.58801 0.01
r 50 0.01 6 8.98025 0.01
r 52 0.01 6 8.36487 0.01
r 54 0.01 6 7.74279 0.01
r 56 0.01 6 7.12818 0.01
r 58 0.01 6 6.5043 0.01
r 60 0.01 6 5.88404 0.01
r 62 0.01 6 5.27185 0.01
r 64 0.01 6 4.73871 0.01
r 66 0.01 6 4.28988 0.01
r 68 0.01 6 3.96033 0.01
r 70 0.01 6 3.83685 0.01
r 72 0.01 6 4.03124 0.01
r 74 0.01 6 4.27229 0.01
r 76 0.01 6 4.75122 0.01
r 78 0.01 6 5.27086 0.01
r 80 0.01 6 5.88151 0.01
