5
s 30 2 31
r 20 0.01 6 5.88414 0.01
r 22 0.01 6 5.27181 0.01
r 24 0.01 6 4.73431 0.01
r 26 0.01 6 4.27519 0.01
r 28 0.01 6 4.03216 0.01
r 30 0.01 6 3.83719 0.01
r 32 0.01 6 4.01863 0.01
r 34 0.01 6 4.28158 0.01
r 36 0.01 6 4.73306 0.01
r 38 0.01 6 5.27189 0.01
r 40 0.01 6 5.87991 0.01
r 42 0.01 6 6.50396 0.01
r 44 0.01 6 7.12765 0.01
r 46 0.01 6 7.74193 0.01
r 48 0.01 6 8.364 0.01
r 50 0.01 6 8.97951 0.01
r 52 0.01 6 9.58817 0.01
r 54 0.01 6 10.1911 0.01
r 56 0.01 6 10.788 0.01
r 58 0.01 6 11.3773 0.01
r 60 0.01 6 11.9583 0.01
r 62 0.01 6 12.5317 0.01
r 64 0.01 6 13.0955 0.01
r 66 0.01 6 13.6508 0.01
r 68 0.01 6 14.1994 0.01
r 70 0.01 6 14.7336 0.01
r 72 0.01 6 15.2632 0.01
r 74 0.01 6 15.7888 0.01
r 76 0.01 6 16.3123 0.01
r 78 0.01 6 16.8141 0.01
r 80 0.01 6 17.3094 0.01
s 40 2 31
r 20 0.01 6 8.97952 0.01
r 22 0.01 6 8.364 0.01
r 24 0.01 6 7.74193 0.01
r 26 0.01 6 7.12765 0.01
r 28 0.01 6 6.50396 0.01
r 30 0.01 6 5.88414 0.01
r 32 0.01 6 5.2733 0.01
r 34 0.01 6 4.73294 0.01
r 36 0.01 6 4.27187 0.01
r 38 0.01 6 4.03107 0.01
r 40 0.01 6 3.8366 0.01
r 42 0.01 6 4.03394 0.01
r 44 0.01 6 4.27381 0.01
r 46 0.01 6 4.73299 0.01
r 48 0.01 6 5.2737 0.01
r 50 0.01 6 5.87991 0.01
r 52 0.01 6 6.50396 0.01
r 54 0.01 6 7.12765 0.01
r 56 0.01 6 7.74193 0.01
r 58 0.01 6 8.364 0.01
r 60 0.01 6 8.97952 0.01
r 62 0.01 6 9.58817 0.01
r 64 0.01 6 10.1911 0.01
r 66 0.01 6 10.788 0.01
r 68 0.01 6 11.3773 0.01
r 70 0.01 6 11.9583 0.01
r 72 0.01 6 12.5318 0.01
r 74 0.01 6 13.0955 0.01
r 76 0.01 6 13.6508 0.01
r 78 0.01 6 14.1994 0.01
r 80 0.01 6 14.7336 0.01
s 50 2 31
r 20 0.01 6 11.9583 0.01
r 22 0.01 6 11.3773 0.01
r 24 0.01 6 10.788 0.01
r 26 0.01 6 10.1911 0.01
r 28 0.01 6 9.58819 0.01
r 30 0.01 6 8.97952 0.01
r 32 0.01 6 8.364 0.01
r 34 0.01 6 7.74193 0.01
r 36 0.01 6 7.12765 0.01
r 38 0.01 6 6.50396 0.01
r 40 0.01 6 5.88414 0.01
r 42 0.01 6 5.27349 0.01
r 44 0.01 6 4.7335 0.01
r 46 0.01 6 4.27189 0.01
r 48 0.01 6 4.03106 0.01
r 50 0.01 6 3.83727 0.01
r 52 0.01 6 4.03206 0.01
r 54 0.01 6 4.264 0.01
r 56 0.01 6 4.73309 0.01
r 58 0.01 6 5.27343 0.01
r 60 0.01 6 5.87991 0.01
r 62 0.01 6 6.50396 0.01
r 64 0.01 6 7.12765 0.01
r 66 0.01 6 7.74193 0.01
r 68 0.01 6 8.364 0.01
r 70 0.01 6 8.97951 0.01
r 72 0.01 6 9.58817 0.01
r 74 0.01 6 10.1911 0.01
r 76 0.01 6 10.788 0.01
r 78 0.01 6 11.3773 0.01
r 80 0.01 6 11.9583 0.01
s 60 2 31
r 20 0.01 6 14.7336 0.01
r 22 0.01 6 14.1994 0.01
r 24 0.01 6 13.6508 0.01
r 26 0.01 6 13.0955 0.01
r 28 0.01 6 12.5317 0.01
r 30 0.01 6 11.9583 0.01
r 32 0.01 6 11.3773 0.01
r 34 0.01 6 10.788 0.01
r 36 0.01 6 10.1911 0.01
r 38 0.01 6 9.58819 0.01
r 40 0.01 6 8.97951 0.01
r 42 0.01 6 8.364 0.01
r 44 0.01 6 7.74193 0.01
r 46 0.01 6 7.12765 0.01
r 48 0.01 6 6.50396 0.01
r 50 0.01 6 5.88414 0.01
r 52 0.01 6 5.27182 0.01
r 54 0.01 6 4.73305 0.01
r 56 0.01 6 4.27497 0.01
r 58 0.01 6 4.03153 0.01
r 60 0.01 6 3.837 0.01
r 62 0.01 6 4.03301 0.01
r 64 0.01 6 4.27154 0.01
r 66 0.01 6 4.73348 0.01
r 68 0.01 6 5.27203 0.01
r 70 0.01 6 5.87991 0.01
r 72 0.01 6 6.50396 0.01
r 74 0.01 6 7.12765 0.01
r 76 0.01 6 7.74193 0.01
r 78 0.01 6 8.364 0.01
r 80 0.01 6 8.97952 0.01
s 70 2 31
r 20 0.01 6 17.3094 0.01
r 22 0.01 6 16.8141 0.01
r 24 0.01 6 16.3123 0.01
r 26 0.01 6 15.7888 0.01
r 28 0.01 6 15.2632 0.01
r 30 0.01 6 14.7336 0.01
r 32 0.01 6 14.1994 0.01
r 34 0.01 6 13.6508 0.01
r 36 0.01 6 13.0955 0.01
r 38 0.01 6 12.5317 0.01
r 40 0.01 6 11.9583 0.01
r 42 0.01 6 11.3773 0.01
r 44 0.01 6 10.788 0.01
r 46 0.01 6 10.1911 0.01
r 48 0.01 6 9.58819 0.01
r 50 0.01 6 8.97951 0.01
r 52 0.01 6 8.364 0.01
r 54 0.01 6 7.74193 0.01
r 56 0.01 6 7.12765 0.01
r 58 0.01 6 6.50396 0.01
r 60 0.01 6 5.88414 0.01
r 62 0.01 6 5.27192 0.01
r 64 0.01 6 4.73294 0.01
r 66 0.01 6 4.28988 0.01
r 68 0.01 6 4.01839 0.01
r 70 0.01 6 3.83687 0.01
r 72 0.01 6 4.03167 0.01
r 74 0.01 6 4.28402 0.01
r 76 0.01 6 4.73394 0.01
r 78 0.01 6 5.27213 0.01
r 80 0.01 6 5.87991 0.01
