5
s 30 2 31
r 20 0.01 6 5.93344 0.01
r 22 0.01 6 5.28302 0.01
r 24 0.01 6 4.74056 0.01
r 26 0.01 6 4.2805 0.01
r 28 0.01 6 4.0342 0.01
r 30 0.01 6 3.84027 0.01
r 32 0.01 6 4.03415 0.01
r 34 0.01 6 4.28014 0.01
r 36 0.01 6 4.74115 0.01
r 38 0.01 6 5.2821 0.01
r 40 0.01 6 5.91854 0.01
r 42 0.01 6 6.51283 0.01
r 44 0.01 6 7.14574 0.01
r 46 0.01 6 7.76409 0.01
r 48 0.01 6 8.38582 0.01
r 50 0.01 6 8.98768 0.01
r 52 0.01 6 9.596 0.01
r 54 0.01 6 10.199 0.01
r 56 0.01 6 10.7953 0.01
r 58 0.01 6 11.3839 0.01
r 60 0.01 6 11.9646 0.01
r 62 0.01 6 12.5375 0.01
r 64 0.01 6 13.1014 0.01
r 66 0.01 6 13.6571 0.01
r 68 0.01 6 14.2056 0.01
r 70 0.01 6 14.7393 0.01
r 72 0.01 6 15.2691 0.01
r 74 0.01 6 15.7948 0.01
r 76 0.01 6 16.3185 0.01
r 78 0.01 6 16.8404 0.01
r 80 0.01 6 17.339 0.01
s 40 2 31
r 20 0.01 6 8.98768 0.01
r 22 0.01 6 8.38582 0.01
r 24 0.01 6 7.76409 0.01
r 26 0.01 6 7.14574 0.01
r 28 0.01 6 6.51283 0.01
r 30 0.01 6 5.93344 0.01
r 32 0.01 6 5.28129 0.01
r 34 0.01 6 4.74069 0.01
r 36 0.01 6 4.29934 0.01
r 38 0.01 6 4.03453 0.01
r 40 0.01 6 3.83959 0.01
r 42 0.01 6 4.03503 0.01
r 44 0.01 6 4.28305 0.01
r 46 0.01 6 4.75815 0.01
r 48 0.01 6 5.28244 0.01
r 50 0.01 6 5.91854 0.01
r 52 0.01 6 6.51283 0.01
r 54 0.01 6 7.14574 0.01
r 56 0.01 6 7.76409 0.01
r 58 0.01 6 8.38582 0.01
r 60 0.01 6 8.98768 0.01
r 62 0.01 6 9.596 0.01
r 64 0.01 6 10.199 0.01
r 66 0.01 6 10.7953 0.01
r 68 0.01 6 11.3839 0.01
r 70 0.01 6 11.9646 0.01
r 72 0.01 6 12.5375 0.01
r 74 0.01 6 13.1016 0.01
r 76 0.01 6 13.6571 0.01
r 78 0.01 6 14.2056 0.01
r 80 0.01 6 14.7393 0.01
s 50 2 31
r 20 0.01 6 11.9646 0.01
r 22 0.01 6 11.3839 0.01
r 24 0.01 6 10.7953 0.01
r 26 0.01 6 10.199 0.01
r 28 0.01 6 9.596 0.01
r 30 0.01 6 8.98768 0.01
r 32 0.01 6 8.38582 0.01
r 34 0.01 6 7.76409 0.01
r 36 0.01 6 7.14574 0.01
r 38 0.01 6 6.51283 0.01
r 40 0.01 6 5.93344 0.01
r 42 0.01 6 5.28218 0.01
r 44 0.01 6 4.74305 0.01
r 46 0.01 6 4.29939 0.01
r 48 0.01 6 4.03448 0.01
r 50 0.01 6 3.84039 0.01
r 52 0.01 6 4.03539 0.01
r 54 0.01 6 4.27867 0.01
r 56 0.01 6 4.74057 0.01
r 58 0.01 6 5.2824 0.01
r 60 0.01 6 5.91854 0.01
r 62 0.01 6 6.51283 0.01
r 64 0.01 6 7.14574 0.01
r 66 0.01 6 7.76409 0.01
r 68 0.01 6 8.38582 0.01
r 70 0.01 6 8.98768 0.01
r 72 0.01 6 9.596 0.01
r 74 0.01 6 10.199 0.01
r 76 0.01 6 10.7953 0.01
r 78 0.01 6 11.3839 0.01
r 80 0.01 6 11.9646 0.01
s 60 2 31
r 20 0.01 6 14.7393 0.01
r 22 0.01 6 14.2056 0.01
r 24 0.01 6 13.6571 0.01
r 26 0.01 6 13.1014 0.01
r 28 0.01 6 12.5375 0.01
r 30 0.01 6 11.9646 0.01
r 32 0.01 6 11.3839 0.01
r 34 0.01 6 10.7953 0.01
r 36 0.01 6 10.199 0.01
r 38 0.01 6 9.596 0.01
r 40 0.01 6 8.98768 0.01
r 42 0.01 6 8.38582 0.01
r 44 0.01 6 7.76409 0.01
r 46 0.01 6 7.14574 0.01
r 48 0.01 6 6.51283 0.01
r 50 0.01 6 5.93344 0.01
r 52 0.01 6 5.28379 0.01
r 54 0.01 6 4.74175 0.01
r 56 0.01 6 4.27631 0.01
r 58 0.01 6 4.03436 0.01
r 60 0.01 6 3.84011 0.01
r 62 0.01 6 4.03554 0.01
r 64 0.01 6 4.2843 0.01
r 66 0.01 6 4.7431 0.01
r 68 0.01 6 5.29691 0.01
r 70 0.01 6 5.91854 0.01
r 72 0.01 6 6.51283 0.01
r 74 0.01 6 7.14574 0.01
r 76 0.01 6 7.76409 0.01
r 78 0.01 6 8.38582 0.01
r 80 0.01 6 8.98768 0.01
s 70 2 31
r 20 0.01 6 17.339 0.01
r 22 0.01 6 16.8404 0.01
r 24 0.01 6 16.3185 0.01
r 26 0.01 6 15.7948 0.01
r 28 0.01 6 15.2691 0.01
r 30 0.01 6 14.7393 0.01
r 32 0.01 6 14.2056 0.01
r 34 0.01 6 13.6571 0.01
r 36 0.01 6 13.1014 0.01
r 38 0.01 6 12.5375 0.01
r 40 0.01 6 11.9646 0.01
r 42 0.01 6 11.3839 0.01
r 44 0.01 6 10.7953 0.01
r 46 0.01 6 10.199 0.01
r 48 0.01 6 9.596 0.01
r 50 0.01 6 8.98768 0.01
r 52 0.01 6 8.38582 0.01
r 54 0.01 6 7.76409 0.01
r 56 0.01 6 7.14574 0.01
r 58 0.01 6 6.51283 0.01
r 60 0.01 6 5.93344 0.01
r 62 0.01 6 5.28229 0.01
r 64 0.01 6 4.74248 0.01
r 66 0.01 6 4.28166 0.01
r 68 0.01 6 4.03459 0.01
r 70 0.01 6 3.83997 0.01
r 72 0.01 6 4.03142 0.01
r 74 0.01 6 4.28427 0.01
r 76 0.01 6 4.74048 0.01
r 78 0.01 6 5.29686 0.01
r 80 0.01 6 5.91854 0.01
