76 81 1.5 0.33
0 2 4 6 8 10 12 14 16 18 20 22 24 26 28 30 32 34 36 38 40 42 44 46 48 50 52 54 56 58 60 62 64 66 68 70 72 74 76 78 80 82 84 86 88 90 92 94 96 98 100 102 104 106 108 110 112 114 116 118 120 122 124 126 128 130 132 134 136 138 140 142 144 146 148 150 
0 0 0 0 0 0 0 0 0 0 0 0 0 0 0 0 0 0 0 0 0 0 0 0 0 0 0 0 0 0 0 0 0 0 0 0 0 0 0 0 0 0 0 0 0 0 0 0 0 0 0 0 0 0 0 0 0 0 0 0 0 0 0 0 0 0 0 0 0 0 0 0 0 0 0 0 
0 0.2 0.4 0.6 0.8 1 1.2 1.4 1.6 1.8 2 2.2 2.4 2.6 2.8 3 3.2 3.4 3.6 3.8 4 4.2 4.4 4.6 4.8 5 5.2 5.4 5.6 5.8 6 6.2 6.4 6.6 6.8 7 7.2 7.4 7.6 7.8 8 8.2 8.4 8.6 8.8 9 9.2 9.4 9.6 9.8 10 10.2 10.4 10.6 10.8 11 11.2 11.4 11.6 11.8 12 12.2 12.4 12.6 12.8 13 13.2 13.4 13.6 13.8 14 14.2 14.4 14.6 14.8 15 15.2 15.4 15.6 15.8 16 
1.5 1.5 1.5 1.5 1.5 1.5 1.5 1.5 1.5 1.5 1.5 0.9808 3.66993 3.69035 3.70741 3.72664 3.74621 3.76683 3.78742 3.80558 3.82818 3.84951 3.87217 3.89113 3.91232 3.93553 3.9568 3.97941 3.99849 4.02115 4.04256 4.06384 4.08618 4.10513 4.12759 4.14989 4.16987 4.19225 4.21127 4.23361 4.25543 4.27437 4.29695 4.31576 4.33768 4.35754 4.37601 4.39625 4.4143 4.43348 4.45089 4.81858 4.82453 4.82993 4.83475 4.83954 4.84454 4.84813 4.85309 4.85624 4.86085 4.86535 4.86877 4.87381 4.87744 4.88244 4.88729 4.89156 4.89694 4.90147 4.90685 4.91217 4.91718 4.92276 4.92789 4.93353 4.93907 4.94456 4.95027 4.95576 4.96151 
1.5 1.5 1.5 1.5 1.5 1.5 1.5 1.5 1.5 1.5 1.5 1.0289 1.0173 3.66587 3.67831 3.70191 3.72295 3.74434 3.765 3.78605 3.80839 3.83089 3.85409 3.87589 3.89995 3.92468 3.94771 3.97263 3.99363 4.01605 4.03934 4.05992 4.08302 4.10171 4.12383 4.14438 4.1634 4.18414 4.2025 4.22255 4.24255 4.26109 4.28112 4.30019 4.32098 4.34083 4.35943 4.38065 4.39912 4.41995 4.4388 4.80598 4.81449 4.82135 4.82852 4.83455 4.84095 4.8467 4.8523 4.85693 4.86177 4.86672 4.87065 4.8756 4.87926 4.88397 4.88881 4.89277 4.89809 4.90241 4.90783 4.91301 4.9181 4.92375 4.92899 4.9347 4.94033 4.94592 4.9516 4.9572 4.96288 
1.5 1.5 1.5 1.5 1.5 1.5 1.5 1.5 1.5 1.5 1.5 1.053 1.0655 1.078 3.6021 3.62226 3.64077 3.66943 3.69459 3.71804 3.7484 3.78061 3.81119 3.83832 3.86714 3.89727 3.9263 3.95026 3.97382 4.00024 4.02272 4.04546 4.06918 4.08849 4.1106 4.13064 4.14938 4.16852 4.18722 4.20623 4.2244 4.24225 4.26097 4.27856 4.29711 4.31539 4.33316 4.35225 4.37029 4.39 4.40878 4.42751 4.79402 4.80104 4.81019 4.81747 4.825 4.83329 4.83982 4.84701 4.85297 4.85914 4.86499 4.8705 4.87553 4.88047 4.88576 4.89007 4.89539 4.89968 4.90476 4.90981 4.91439 4.91985 4.92477 4.93026 4.93567 4.941 4.94674 4.95246 4.95779 
1.5 1.5 1.5 1.5 1.5 1.5 1.5 1.5 1.5 1.5 1.5 1.053 1.0655 1.078 3.57673 3.59121 3.61071 3.6293 3.64913 3.66422 3.68916 3.71412 3.7494 3.77463 3.8092 3.84877 3.88477 3.92394 3.95028 3.99027 4.01869 4.04706 4.07135 4.09203 4.1157 4.13604 4.15324 4.17322 4.19068 4.20838 4.22508 4.24197 4.25892 4.27534 4.29224 4.30893 4.32648 4.34362 4.36141 4.37951 4.39797 4.41579 4.77991 4.78645 4.79603 4.80405 4.81192 4.8222 4.82945 4.83957 4.84652 4.85465 4.86258 4.86934 4.87584 4.88173 4.88738 4.89285 4.89802 4.90274 4.90759 4.91276 4.91709 4.92239 4.92708 4.93238 4.93778 4.9427 4.94848 4.95383 4.95994 
1.5 1.5 1.5 1.5 1.5 1.5 1.5 1.5 1.5 1.5 1.5 1.053 1.0655 1.078 3.57474 3.5935 3.60852 3.62576 3.64329 3.65928 3.67689 3.69616 3.72138 3.74497 3.76557 3.79867 3.82731 3.8651 3.89525 3.92874 3.96541 3.99966 4.03622 4.06067 4.09674 4.12667 4.15179 4.17175 4.19368 4.21581 4.23215 4.24896 4.26569 4.28256 4.29797 4.31387 4.33041 4.34579 4.36248 4.37854 4.39556 4.41244 4.77289 4.7789 4.78539 4.79212 4.79856 4.80668 4.81345 4.8225 4.83021 4.8377 4.84748 4.85461 4.86433 4.8716 4.87942 4.888 4.89466 4.90215 4.90812 4.91449 4.92048 4.92614 4.93143 4.93685 4.94224 4.94725 4.95291 4.95789 4.96349 
1.5 1.5 1.5 1.5 1.5 1.5 1.5 1.5 1.5 1.5 1.5 1.0289 1.0173 3.58624 3.60248 3.61816 3.6322 3.64734 3.66181 3.677 3.69111 3.70707 3.72353 3.73978 3.76058 3.78163 3.80814 3.83419 3.85682 3.89033 3.92556 3.95716 3.995 4.02082 4.06005 4.09644 4.12451 4.15987 4.18466 4.21762 4.24226 4.26015 4.27546 4.29146 4.30489 4.31941 4.335 4.34687 4.36267 4.37584 4.3915 4.40644 4.76266 4.76771 4.7726 4.77846 4.78395 4.79087 4.79733 4.80575 4.81375 4.82127 4.83191 4.83945 4.8509 4.85928 4.86803 4.87916 4.88677 4.89707 4.90453 4.91245 4.92117 4.9277 4.93499 4.94095 4.94724 4.95361 4.95883 4.96428 4.96935 
1.5 1.5 1.5 1.5 1.5 1.5 1.5 1.5 1.5 1.5 1.5 1.0289 1.0173 3.58036 3.59576 3.6134 3.63039 3.64763 3.66397 3.68049 3.69803 3.71398 3.73067 3.74562 3.75947 3.78286 3.79892 3.82175 3.84487 3.8652 3.89668 3.92548 3.96015 3.99117 4.02414 4.05703 4.09038 4.12128 4.14994 4.18526 4.20994 4.23747 4.26158 4.28555 4.30492 4.31457 4.32697 4.33471 4.34638 4.35428 4.3679 4.38011 4.72846 4.73388 4.73854 4.74511 4.75075 4.7599 4.76758 4.77981 4.78937 4.79854 4.81263 4.82128 4.83573 4.84568 4.8559 4.86991 4.87836 4.89145 4.89985 4.90884 4.91998 4.92722 4.93675 4.94358 4.95089 4.95946 4.96592 4.97304 4.97879 
1.5 1.5 1.5 1.5 1.5 1.5 1.5 1.5 1.5 1.5 1.5 1.0675 1.0944 1.1214 1.1484 3.56805 3.58136 3.5975 3.61575 3.63322 3.6507 3.66853 3.68946 3.70908 3.72479 3.74716 3.77474 3.79863 3.81747 3.84602 3.8712 3.90098 3.93278 3.95931 3.99256 4.02517 4.05127 4.08373 4.10665 4.13708 4.1631 4.184 4.20944 4.22886 4.24907 4.26816 4.28684 4.30052 4.31242 4.32205 4.33531 4.34793 4.68293 4.68574 4.68892 4.69851 4.70487 4.71692 4.72596 4.74321 4.75591 4.76823 4.78847 4.79935 4.81968 4.83164 4.84421 4.86212 4.87153 4.8872 4.89674 4.9071 4.92013 4.92793 4.93951 4.94679 4.95481 4.96358 4.97076 4.98019 4.98694 
1.5 1.5 1.5 1.5 1.5 1.5 1.5 1.5 1.5 1.5 1.5 1.0771 1.1136 1.1503 1.1869 1.2235 3.56291 3.5799 3.59266 3.61043 3.63064 3.65065 3.66933 3.68723 3.70515 3.7256 3.75133 3.77694 3.79779 3.82448 3.85502 3.88333 3.91565 3.94503 3.97902 4.00971 4.03306 4.06274 4.08453 4.11056 4.12872 4.14628 4.16115 4.17605 4.18506 4.19496 4.20806 4.21019 4.22215 4.22739 4.23815 4.24857 4.56601 4.55949 4.59469 4.60894 4.61958 4.64429 4.65941 4.69184 4.70982 4.72847 4.75797 4.7712 4.79954 4.81454 4.83093 4.85418 4.86499 4.88491 4.8958 4.90765 4.92259 4.93097 4.94351 4.95103 4.95982 4.96835 4.97516 4.98392 4.99095 
1.5 1.5 1.5 1.5 1.5 1.5 1.5 1.5 1.5 1.5 1.5 1.0771 1.1136 1.1503 1.1869 1.2235 3.57069 3.5893 3.60254 3.61322 3.63235 3.6492 3.66637 3.68423 3.69802 3.71555 3.74008 3.76385 3.78504 3.80634 3.8347 3.86251 3.89289 3.92314 3.9567 3.98661 4.01339 4.03833 4.05798 4.08093 4.09374 4.1107 4.1203 4.13408 4.139 4.14697 4.15701 4.16057 4.16893 4.17145 4.18771 4.20282 4.28193 4.50315 4.54136 4.58358 4.59552 4.61707 4.63115 4.662 4.68144 4.7018 4.73463 4.75022 4.78002 4.79513 4.81176 4.8379 4.84964 4.87149 4.88347 4.89642 4.91382 4.92282 4.93717 4.94539 4.95477 4.96534 4.97218 4.98114 4.98826 
1.5 1.5 1.5 1.5 1.5 1.5 1.5 1.5 1.5 1.5 1.5 1.0675 1.0944 1.1214 1.1484 3.56639 3.59133 3.59608 3.61079 3.62344 3.63927 3.65989 3.67698 3.69408 3.70953 3.73224 3.75379 3.77502 3.79396 3.81526 3.83988 3.86572 3.8932 3.9195 3.94546 3.97146 3.99596 4.02037 4.04291 4.06339 4.08212 4.10073 4.11397 4.12701 4.13723 4.14793 4.16039 4.18001 4.20075 4.21602 4.23382 4.25098 4.34249 4.55898 4.56261 4.59857 4.61805 4.63147 4.63696 4.65445 4.67479 4.69183 4.71795 4.73163 4.76196 4.78073 4.79884 4.82394 4.83489 4.85896 4.87255 4.88665 4.90633 4.91641 4.93344 4.94284 4.95392 4.96719 4.97521 4.98619 4.99359 
1.5 1.5 1.5 1.5 1.5 1.5 1.5 1.5 1.5 1.5 1.5 1.0675 1.0944 1.1214 1.1484 3.59138 3.61767 3.60415 3.60291 3.60814 3.61345 3.62203 3.62507 3.63431 3.64818 3.66212 3.67929 3.7055 3.72862 3.76239 3.79828 3.83257 3.86907 3.89245 3.92773 3.95778 3.982 4.00851 4.02793 4.05562 4.08272 4.10096 4.13375 4.1595 4.1939 4.22423 4.24774 4.27623 4.29469 4.30654 4.31513 4.32965 4.41968 4.62484 4.61568 4.63358 4.64033 4.64641 4.65229 4.65611 4.67014 4.68525 4.70784 4.71982 4.74469 4.76024 4.7786 4.80803 4.82206 4.84629 4.85869 4.87353 4.89752 4.90857 4.92904 4.93936 4.95162 4.96756 4.97688 4.99174 5.0011 
1.5 1.5 1.5 1.5 1.5 1.5 1.5 1.5 1.5 1.5 1.5 1.0675 1.0944 1.1214 1.1484 3.58235 3.59091 3.60263 3.59409 3.59211 3.59748 3.60175 3.60537 3.61882 3.62667 3.63707 3.64855 3.67017 3.68818 3.70859 3.73812 3.76152 3.79906 3.82184 3.8606 3.90064 3.9394 3.98857 4.01806 4.06814 4.10775 4.14459 4.19352 4.22129 4.26244 4.28568 4.31326 4.33167 4.34754 4.3493 4.34986 4.36816 4.37312 4.61836 4.61511 4.625 4.62058 4.62167 4.62795 4.63631 4.64623 4.66551 4.68714 4.699 4.72652 4.74365 4.75954 4.78901 4.80544 4.83597 4.85392 4.87011 4.89385 4.90537 4.92897 4.93982 4.95334 4.96845 4.9777 4.99085 5.00812 
1.5 1.5 1.5 1.5 1.5 1.5 1.5 1.5 1.5 1.5 1.5 1.0771 1.1136 1.1503 1.1869 1.2234 3.51968 3.53841 3.54628 3.5343 3.54237 3.55422 3.56402 3.57699 3.58968 3.60548 3.62811 3.64816 3.66643 3.69036 3.72004 3.75019 3.79014 3.8182 3.8643 3.91581 3.95348 4.01001 4.0463 4.10462 4.14954 4.19363 4.24936 4.27565 4.31144 4.33345 4.3514 4.37596 4.39232 4.39105 4.39488 4.40692 4.49265 4.65735 4.65894 4.66361 4.65549 4.65078 4.65114 4.648 4.65317 4.66619 4.68401 4.6968 4.72003 4.73544 4.75157 4.7797 4.79081 4.8222 4.84096 4.8592 4.88834 4.90114 4.92433 4.9351 4.94947 4.96766 4.97706 4.98178 5.01459 
1.5 1.5 1.5 1.5 1.5 1.5 1.5 1.5 1.5 1.5 1.5 1.0891 1.1377 1.1862 1.2346 1.283 1.3317 1.3806 3.43939 3.42592 3.4623 3.48888 3.51576 3.53674 3.56079 3.59193 3.62514 3.656 3.68385 3.72024 3.7533 3.7873 3.8259 3.85201 3.89096 3.92736 3.96462 4.01012 4.03925 4.08908 4.13285 4.17064 4.22518 4.25933 4.30942 4.34815 4.37853 4.4048 4.41893 4.41716 4.41462 4.42008 4.50896 4.69336 4.67296 4.67842 4.67429 4.66636 4.66626 4.65659 4.66645 4.67753 4.68982 4.69962 4.72002 4.73603 4.74988 4.77435 4.7861 4.81119 4.83011 4.84865 4.87572 4.892 4.91897 4.93051 4.94302 4.96159 4.97285 4.98057 5.00864 
1.5 1.5 1.5 1.5 1.5 1.5 1.5 1.5 1.5 1.5 1.5 1.0891 1.1373 1.1852 1.2324 1.2797 1.3283 1.3783 3.469 3.48345 3.50856 3.53455 3.55954 3.58183 3.60676 3.63484 3.66013 3.69438 3.71936 3.75369 3.78467 3.81774 3.85427 3.88346 3.91739 3.95162 3.98356 4.01948 4.05212 4.09453 4.13506 4.16989 4.22232 4.25302 4.30444 4.33433 4.3657 4.40924 4.44508 4.46609 4.47514 4.48488 4.55821 4.75544 4.71672 4.71762 4.71346 4.70135 4.69664 4.67853 4.69 4.69584 4.705 4.71219 4.72659 4.73982 4.75342 4.77284 4.78228 4.80479 4.8184 4.83717 4.86389 4.87618 4.90697 4.92101 4.93824 4.95075 4.96323 4.98289 4.99268 
1.5 1.5 1.5 1.5 1.5 1.5 1.5 1.5 1.5 1.5 1.5 1.0836 1.1258 1.1657 1.203 1.2409 1.2844 3.47603 3.48179 3.50633 3.53239 3.55698 3.5845 3.60626 3.63721 3.67483 3.70782 3.73909 3.76558 3.80216 3.83329 3.8626 3.89472 3.91828 3.95143 3.9808 4.01025 4.04123 4.06768 4.11017 4.14282 4.17739 4.22422 4.25438 4.30216 4.33794 4.37244 4.42382 4.44587 4.46882 4.49045 4.52254 4.60678 4.60824 4.74272 4.76245 4.75943 4.73794 4.72875 4.69381 4.69775 4.70051 4.70338 4.71161 4.7216 4.73259 4.7438 4.7653 4.77742 4.79622 4.8084 4.82022 4.85049 4.86211 4.88572 4.9043 4.9205 4.94467 4.9431 4.97465 4.9641 
1.5 1.5 1.5 1.5 1.5 1.5 1.5 1.5 1.5 1.5 1.5 1.083 1.1225 1.155 1.1793 1.2058 1.2492 3.5137 3.53263 3.54573 3.57036 3.59487 3.61825 3.63759 3.66048 3.69211 3.72054 3.75256 3.77948 3.81143 3.8427 3.8723 3.90522 3.92584 3.95839 3.9947 4.02206 4.0588 4.08209 4.13294 4.17046 4.21039 4.26189 4.29652 4.34727 4.38962 4.4184 4.46171 4.48731 4.48825 4.49222 4.54575 4.59211 4.52396 4.7251 4.72614 4.73439 4.71629 4.70744 4.679 4.68693 4.69049 4.69689 4.70598 4.72106 4.73098 4.74193 4.76153 4.77303 4.79695 4.80921 4.8147 4.8399 4.85644 4.87523 4.89355 4.91122 4.93448 4.94878 4.97115 4.94197 
1.5 1.5 1.5 1.5 1.5 1.5 1.5 1.5 1.5 1.5 1.5 1.0817 1.1165 1.1354 1.1363 1.1418 1.1853 3.54189 3.56451 3.57777 3.60833 3.63333 3.66169 3.68566 3.71473 3.74873 3.78136 3.81297 3.83311 3.87196 3.89733 3.92416 3.95468 3.97617 4.00554 4.03285 4.05739 4.08448 4.10329 4.14004 4.16946 4.20195 4.24632 4.27798 4.32838 4.36356 4.40049 4.43586 4.45909 4.45537 4.46251 4.48651 4.44966 4.43663 4.68082 4.69006 4.7026 4.69628 4.69441 4.68047 4.68621 4.69517 4.70276 4.70905 4.72164 4.73448 4.74398 4.75926 4.77021 4.78999 4.80512 4.81782 4.83232 4.84931 4.8671 4.88353 4.90009 4.9223 4.93752 4.98404 4.92684 
1.5 1.5 1.5 1.5 1.5 1.5 1.5 1.5 1.5 1.5 1.5 1.0855 1.1202 1.1291 1.1087 1.0962 1.1449 1.2547 3.537 3.54377 3.57193 3.59965 3.62593 3.64848 3.67472 3.70747 3.74465 3.78275 3.81093 3.862 3.89578 3.92956 3.97085 3.99954 4.04217 4.08051 4.11009 4.15077 4.18069 4.21502 4.25095 4.27726 4.31686 4.33909 4.36327 4.38879 4.40606 4.43292 4.45632 4.46735 4.48593 4.61924 4.54092 4.54907 4.79322 4.78964 4.78735 4.76756 4.76271 4.7301 4.73065 4.72981 4.72524 4.72832 4.73161 4.73963 4.74522 4.75589 4.76566 4.78201 4.79543 4.80933 4.82543 4.84051 4.85834 4.87474 4.88983 4.9068 4.92179 4.98015 4.91467 
1.5 1.5 1.5 1.5 1.5 1.5 1.5 1.5 1.5 1.5 1.5 1.0889 1.1252 1.1312 1.1029 1.0837 1.1364 1.2609 1.3945 3.56158 3.58481 3.60981 3.63379 3.65588 3.67534 3.70027 3.72905 3.75445 3.78239 3.8083 3.8346 3.8631 3.89136 3.91258 3.94265 3.977 4.00353 4.04269 4.07002 4.11568 4.16585 4.19689 4.24959 4.27894 4.32963 4.37566 4.40904 4.4523 4.47565 4.4889 4.49705 4.60013 4.54722 4.56648 4.80233 4.80548 4.79551 4.78727 4.78062 4.74968 4.7468 4.7451 4.73926 4.74111 4.74061 4.7467 4.75198 4.75691 4.76429 4.77749 4.78859 4.79804 4.81013 4.82992 4.84735 4.8616 4.87599 4.89383 4.90807 4.96421 4.92467 
1.5 1.5 1.5 1.5 1.5 1.5 1.5 1.5 1.5 1.5 1.5 1.0928 1.1347 1.1508 1.1376 1.1323 1.1882 1.3053 1.4301 1.5258 3.55974 3.57128 3.59341 3.61124 3.62769 3.64759 3.66547 3.69096 3.70896 3.72803 3.74758 3.77167 3.80039 3.8178 3.84233 3.87473 3.90799 3.94624 3.97418 4.01756 4.07009 4.1078 4.17913 4.22222 4.29892 4.35858 4.4036 4.47468 4.51571 4.54791 4.55567 4.60434 4.60598 4.58217 4.81673 4.79598 4.78015 4.7867 4.77998 4.74716 4.75064 4.74956 4.74757 4.75023 4.74873 4.75472 4.76046 4.76124 4.76488 4.77565 4.78516 4.79044 4.80261 4.81488 4.8437 4.85393 4.86633 4.88142 4.89572 4.95318 4.93056 
1.5 1.5 1.5 1.5 1.5 1.5 1.5 1.5 1.5 1.5 1.5 1.0909 1.1349 1.1629 1.173 1.1877 1.2404 1.331 1.4263 3.57244 3.59002 3.59656 3.60933 3.62113 3.63648 3.65006 3.66061 3.67298 3.68819 3.70131 3.71707 3.73329 3.75814 3.78025 3.80736 3.84504 3.88039 3.92545 3.96158 4.01702 4.07972 4.11606 4.19285 4.2325 4.30142 4.3507 4.38303 4.44615 4.47302 4.50417 4.51848 4.54652 4.56918 4.6422 4.63339 4.76066 4.77942 4.81539 4.81734 4.76719 4.76847 4.75865 4.76044 4.7661 4.76044 4.76476 4.76919 4.77238 4.77488 4.77904 4.78587 4.7872 4.80059 4.81242 4.83308 4.84761 4.85842 4.87455 4.88098 4.92394 4.91894 
1.5 1.5 1.5 1.5 1.5 1.5 1.5 1.5 1.5 1.5 1.5 1.0882 1.1329 1.1705 1.1999 1.2316 1.2802 1.3459 3.50466 3.51997 3.53582 3.55507 3.57832 3.6009 3.62224 3.64098 3.65988 3.68354 3.70594 3.72667 3.75748 3.78793 3.82028 3.84768 3.8862 3.92668 3.96002 3.99755 4.02916 4.06804 4.10668 4.12582 4.17143 4.19557 4.23233 4.26095 4.27774 4.31914 4.34463 4.37712 4.39136 4.41156 4.42299 4.43915 4.58922 4.64165 4.70155 4.74646 4.77382 4.75691 4.75961 4.75379 4.76894 4.77428 4.77864 4.78766 4.79265 4.79806 4.80061 4.80228 4.8041 4.80991 4.81992 4.82637 4.83725 4.84923 4.86098 4.87434 4.88178 4.90549 4.91891 
1.5 1.5 1.5 1.5 1.5 1.5 1.5 1.5 1.5 1.5 1.5 1.0928 1.1442 1.1932 1.2397 1.2868 1.3395 1.3977 1.4566 3.4367 3.44849 3.48404 3.51934 3.54183 3.57238 3.60986 3.64892 3.69208 3.71745 3.75933 3.79202 3.82553 3.85764 3.87644 3.9108 3.93961 3.96599 3.99311 4.01367 4.04034 4.06496 4.07948 4.11458 4.13613 4.1728 4.2015 4.22437 4.26825 4.29399 4.34323 4.37312 4.40565 4.43886 4.46359 4.51598 5.00807 4.82944 4.84355 4.84941 4.8452 4.83068 4.82419 4.81103 4.80416 4.80651 4.80739 4.80615 4.80998 4.81178 4.81535 4.82296 4.82981 4.8393 4.84635 4.85708 4.86296 4.87259 4.87822 4.88302 4.90351 4.89833 
1.5 1.5 1.5 1.5 1.5 1.5 1.5 1.5 1.5 1.5 1.5 1.0963 1.1518 1.2069 1.2613 1.3158 1.3717 1.4289 1.4862 1.5429 3.48331 3.50874 3.53315 3.55255 3.57408 3.59398 3.62284 3.65427 3.68185 3.70827 3.73524 3.76454 3.79304 3.81495 3.85094 3.8853 3.91414 3.95167 3.97797 4.01849 4.05201 4.07464 4.11587 4.1376 4.16122 4.17695 4.19585 4.20703 4.21988 4.21758 4.21943 4.22394 4.21621 4.22227 4.24044 4.47973 4.48378 4.53962 4.5582 4.59394 4.6127 4.62673 4.66944 4.68855 4.72543 4.74667 4.76278 4.79069 4.79791 4.82157 4.83436 4.8465 4.86003 4.8689 4.87908 4.88706 4.89639 4.90908 4.90322 4.92514 4.90399 
1.5 1.5 1.5 1.5 1.5 1.5 1.5 1.5 1.5 1.5 1.5 1.1079 1.1753 1.2425 1.3098 1.3769 1.4444 1.5121 1.5797 1.6473 3.47412 3.49059 3.5073 3.52429 3.54102 3.56128 3.5825 3.60489 3.62753 3.65599 3.67742 3.70118 3.7312 3.75634 3.78928 3.82244 3.84961 3.89373 3.92152 3.9624 4.00305 4.03643 4.08464 4.1119 4.14962 4.18004 4.20186 4.21804 4.2302 4.23264 4.23079 4.23518 4.21918 4.22156 4.28908 4.43758 4.45325 4.48413 4.5229 4.54866 4.57723 4.58145 4.63021 4.64892 4.69246 4.71737 4.74125 4.77726 4.79382 4.82332 4.83268 4.84404 4.86132 4.87367 4.88846 4.89621 4.90564 4.92118 4.92416 4.92453 4.93459 
1.5 1.5 1.5 1.5 1.5 1.5 1.5 1.5 1.5 1.5 1.5 1.1079 1.1753 1.2428 1.3102 1.3776 1.445 1.5125 1.5799 1.6474 3.51445 3.51979 3.52698 3.53796 3.54423 3.55471 3.56162 3.56962 3.583 3.60293 3.61995 3.63246 3.66477 3.6894 3.72377 3.75228 3.78147 3.82463 3.85031 3.8925 3.9422 3.97291 4.02903 4.06039 4.11708 4.1598 4.1908 4.23896 4.26797 4.31511 4.33103 4.35306 4.35496 4.38178 4.59951 4.61238 4.62511 4.62397 4.63555 4.65711 4.66329 4.64039 4.67089 4.68067 4.71034 4.72984 4.75397 4.78211 4.79278 4.82126 4.83803 4.85124 4.86677 4.8701 4.88358 4.89631 4.90872 4.92027 4.93189 4.91498 4.94295 
1.5 1.5 1.5 1.5 1.5 1.5 1.5 1.5 1.5 1.5 1.5 1.1079 1.1753 1.2428 1.3102 1.3776 1.4451 1.5125 1.5799 1.6474 3.53464 3.53975 3.55904 3.5798 3.59331 3.60516 3.61516 3.62461 3.63795 3.65558 3.65972 3.66605 3.67365 3.68632 3.70083 3.71127 3.73 3.75054 3.77281 3.80456 3.84942 3.87925 3.93766 3.97169 4.03912 4.0933 4.13059 4.21296 4.25414 4.32757 4.36539 4.41366 4.4516 4.5699 4.55345 4.72649 4.76006 4.73591 4.72954 4.74485 4.73982 4.72756 4.74094 4.74495 4.75829 4.76787 4.77857 4.79909 4.81028 4.82284 4.83585 4.85135 4.87157 4.87406 4.88132 4.88437 4.89313 4.91233 4.9314 4.91335 4.94492 
1.5 1.5 1.5 1.5 1.5 1.5 1.5 1.5 1.5 1.5 1.5 1.0964 1.1522 1.2081 1.264 1.3198 1.3757 1.4316 1.4875 1.5434 3.5524 3.5664 3.58092 3.59961 3.61896 3.62687 3.64359 3.65131 3.66335 3.68305 3.69084 3.70431 3.7141 3.72749 3.73487 3.74348 3.752 3.76413 3.77689 3.7915 3.81865 3.83841 3.87899 3.90633 3.97041 4.02608 4.06662 4.1571 4.20517 4.30926 4.35908 4.41971 4.47843 4.5775 4.66953 4.61428 4.87463 4.86692 4.86884 4.86641 4.85325 4.8366 4.81661 4.81407 4.80771 4.80929 4.8107 4.8071 4.81491 4.81958 4.83031 4.83796 4.85017 4.86241 4.87243 4.8759 4.87773 4.88836 4.9058 4.89026 4.95953 
1.5 1.5 1.5 1.5 1.5 1.5 1.5 1.5 1.5 1.5 1.5 1.0964 1.1522 1.2081 1.264 1.3198 1.3757 1.4316 1.4875 1.5434 3.54316 3.55154 3.57418 3.59364 3.6175 3.62525 3.64228 3.66389 3.68188 3.68804 3.69946 3.71815 3.73429 3.74935 3.76601 3.78711 3.80456 3.82514 3.84273 3.86832 3.89816 3.92143 3.96108 3.98586 4.03199 4.07083 4.09971 4.16075 4.19166 4.27107 4.31365 4.36233 4.4185 4.48661 4.62705 4.54902 4.8119 4.82672 4.83798 4.81938 4.82134 4.80469 4.79421 4.78972 4.78376 4.7874 4.785 4.78505 4.78925 4.79467 4.80386 4.81573 4.82969 4.83814 4.85903 4.87501 4.8816 4.89005 4.90278 4.8994 4.97847 
1.5 1.5 1.5 1.5 1.5 1.5 1.5 1.5 1.5 1.5 1.5 1.1176 1.1946 1.2717 1.3488 1.4258 1.5029 1.58 1.657 1.7341 3.52811 3.53342 3.55243 3.5655 3.58586 3.59356 3.60871 3.6327 3.64256 3.65704 3.67766 3.69905 3.73202 3.75626 3.78571 3.81911 3.84824 3.88353 3.9065 3.93469 3.96059 3.98027 4.0172 4.04008 4.08581 4.12435 4.15467 4.21431 4.24877 4.3273 4.36225 4.40481 4.44525 4.49488 4.68328 4.559 4.80668 4.80739 4.81273 4.7697 4.76794 4.74172 4.7214 4.72039 4.71367 4.71968 4.72173 4.72746 4.73785 4.74984 4.76676 4.78099 4.80625 4.81905 4.84183 4.85954 4.88001 4.89701 4.90486 4.9101 4.97861 
1.5 1.5 1.5 1.5 1.5 1.5 1.5 1.5 1.5 1.5 1.5 1.1327 1.2249 1.3171 1.4093 1.5015 1.5937 1.686 1.7782 1.8703 3.54084 3.5518 3.58112 3.59932 3.62044 3.6343 3.64845 3.66515 3.67665 3.68266 3.68986 3.69218 3.70184 3.71419 3.72441 3.7489 3.76635 3.80537 3.83522 3.88285 3.93961 3.96151 4.02277 4.056 4.11759 4.16435 4.19658 4.25448 4.28601 4.33727 4.35735 4.38565 4.39424 4.45709 4.45949 4.38992 4.63683 4.64254 4.66266 4.63198 4.63573 4.62265 4.61677 4.62742 4.62579 4.63322 4.64114 4.65673 4.67102 4.69407 4.71624 4.73748 4.77079 4.78852 4.82563 4.83864 4.86111 4.90773 4.91416 4.92134 4.97705 
1.5 1.5 1.5 1.5 1.5 1.5 1.5 1.5 1.5 1.5 1.5 1.1257 1.2109 1.2961 1.3814 1.4665 1.5518 1.6371 1.7223 1.8075 3.52178 3.53669 3.55277 3.56678 3.57962 3.58708 3.60317 3.61279 3.62293 3.63671 3.65832 3.67848 3.70117 3.73221 3.76187 3.79146 3.82164 3.85477 3.87795 3.918 3.97167 3.98822 4.03702 4.06807 4.12412 4.16161 4.19877 4.25247 4.28342 4.3481 4.37264 4.40633 4.42515 4.4499 4.52747 4.62792 4.70815 4.69882 4.7064 4.6946 4.68239 4.66332 4.63422 4.63181 4.62349 4.62975 4.63172 4.63577 4.64292 4.6667 4.68367 4.70257 4.73909 4.75315 4.79309 4.8172 4.84019 4.87661 4.89192 4.95349 4.92758 
1.5 1.5 1.5 1.5 1.5 1.5 1.5 1.5 1.5 1.5 1.5 1.1176 1.1946 1.2717 1.3488 1.4258 1.5029 1.58 1.657 1.7341 3.47112 3.47869 3.49374 3.51245 3.53126 3.5521 3.57195 3.59568 3.61613 3.64079 3.66701 3.69233 3.72723 3.75404 3.78955 3.82876 3.86108 3.89898 3.92083 3.96055 4.00677 4.01307 4.04714 4.06859 4.1039 4.13148 4.15643 4.19577 4.22242 4.27173 4.29741 4.32885 4.34938 4.3675 4.37842 4.57758 4.6563 4.6511 4.66346 4.6649 4.66377 4.65769 4.63131 4.63268 4.63246 4.63283 4.63133 4.63681 4.64284 4.66114 4.67483 4.68294 4.71272 4.72669 4.76884 4.79194 4.82197 4.85002 4.86065 4.97733 4.88157 
1.5 1.5 1.5 1.5 1.5 1.5 1.5 1.5 1.5 1.5 1.5 1.1176 1.1946 1.2717 1.3488 1.4258 1.5029 1.58 1.657 1.7341 3.49997 3.52286 3.52694 3.53641 3.54396 3.55166 3.56413 3.57433 3.58864 3.60646 3.62941 3.65554 3.70167 3.73149 3.77639 3.82449 3.86257 3.91059 3.94562 3.99964 4.02335 4.04051 4.07383 4.09475 4.12223 4.14143 4.15827 4.18154 4.19742 4.2266 4.24655 4.27052 4.28122 4.29913 4.31024 4.3802 4.60891 4.59742 4.60744 4.62574 4.64061 4.64509 4.63493 4.6405 4.64705 4.64799 4.65162 4.65459 4.65447 4.66979 4.68121 4.68821 4.71102 4.72395 4.75514 4.77095 4.79405 4.82048 4.82631 4.92298 4.85996 
1.5 1.5 1.5 1.5 1.5 1.5 1.5 1.5 1.5 1.5 1.5 1.1257 1.2109 1.2961 1.3814 1.4665 1.5518 1.6371 1.7223 1.8075 3.49438 3.50913 3.52474 3.54145 3.55767 3.5785 3.59679 3.6161 3.63602 3.65414 3.67888 3.70318 3.7291 3.7566 3.78346 3.81934 3.84896 3.8824 3.90769 3.94495 3.9863 4.00249 4.03851 4.06675 4.10941 4.14387 4.17046 4.21518 4.24244 4.28687 4.33124 4.36712 4.39197 4.41619 4.44052 4.46144 4.7315 4.73005 4.75289 4.77652 4.76512 4.75611 4.70087 4.69615 4.69001 4.6866 4.68172 4.67257 4.66798 4.67695 4.68833 4.69401 4.703 4.7151 4.74129 4.75544 4.76573 4.78112 4.78939 4.84998 4.84236 
1.5 1.5 1.5 1.5 1.5 1.5 1.5 1.5 1.5 1.5 1.5 1.1257 1.2109 1.2961 1.3814 1.4665 1.5518 1.6371 1.7223 1.8075 3.52075 3.53667 3.54999 3.56482 3.57897 3.59016 3.60704 3.62405 3.63602 3.65533 3.67872 3.70271 3.73048 3.75719 3.78811 3.81888 3.84193 3.87007 3.89008 3.92452 3.97252 3.98338 4.0277 4.05571 4.10976 4.15572 4.18952 4.25491 4.29172 4.36126 4.41914 4.47129 4.52476 4.5599 4.58933 4.61654 4.883 4.8604 4.88084 4.87114 4.86 4.83108 4.75932 4.74942 4.72971 4.72077 4.71316 4.6992 4.69405 4.69244 4.70034 4.70592 4.70654 4.71756 4.73524 4.74169 4.75111 4.75879 4.76588 4.79547 4.84504 
1.5 1.5 1.5 1.5 1.5 1.5 1.5 1.5 1.5 1.5 1.5 1.1387 1.237 1.3353 1.4335 1.5318 1.6301 1.7283 1.8266 1.9249 3.50569 3.51152 3.53928 3.55947 3.58198 3.59781 3.61949 3.64723 3.6681 3.68673 3.70424 3.71855 3.73542 3.75084 3.76809 3.79241 3.81183 3.84268 3.86863 3.90722 3.94447 3.96392 4.00773 4.03417 4.08126 4.11928 4.14726 4.19874 4.23123 4.28514 4.32113 4.36074 4.3851 4.40124 4.41089 4.48876 4.47137 4.7034 4.70784 4.70886 4.71835 4.73341 4.70551 4.70448 4.71044 4.71042 4.7135 4.71149 4.71175 4.71362 4.7169 4.72328 4.72437 4.73579 4.74174 4.74877 4.75357 4.75838 4.77096 4.7884 4.85189 
1.5 1.5 1.5 1.5 1.5 1.5 1.5 1.5 1.5 1.5 1.5 1.144 1.2476 1.3512 1.4547 1.5583 1.6618 1.7654 1.869 1.9725 3.50309 3.51352 3.53558 3.55187 3.57267 3.58725 3.60434 3.62939 3.65033 3.66844 3.69049 3.71462 3.7456 3.76834 3.79553 3.81933 3.84629 3.87314 3.8926 3.91391 3.93428 3.95195 3.98004 4.00035 4.03249 4.06102 4.08762 4.12581 4.14956 4.19193 4.22388 4.25457 4.28563 4.31186 4.33571 4.4417 4.45109 4.66561 4.66424 4.67642 4.6791 4.69404 4.6963 4.68109 4.68869 4.69133 4.69789 4.699 4.70217 4.70908 4.71569 4.72855 4.73498 4.7436 4.75417 4.75651 4.76465 4.77556 4.7849 4.78604 4.85912 
1.5 1.5 1.5 1.5 1.5 1.5 1.5 1.5 1.5 1.5 1.5 1.1327 1.2249 1.3171 1.4093 1.5015 1.5937 1.686 1.7782 1.8703 3.52956 3.5447 3.56958 3.5894 3.60912 3.62074 3.63901 3.66256 3.67994 3.69689 3.71422 3.73414 3.75412 3.77279 3.79379 3.81452 3.83548 3.85485 3.8698 3.88759 3.90592 3.92286 3.94094 3.9569 3.97935 3.99984 4.01833 4.05087 4.07516 4.11869 4.15754 4.19261 4.22608 4.25148 4.27907 4.34584 4.4343 4.6006 4.60889 4.62636 4.63049 4.63498 4.65872 4.66135 4.65853 4.66922 4.67689 4.68671 4.69257 4.70129 4.71446 4.72761 4.73676 4.74616 4.76032 4.76392 4.77801 4.79052 4.79671 4.79846 4.86352 
1.5 1.5 1.5 1.5 1.5 1.5 1.5 1.5 1.5 1.5 1.5 1.1257 1.2109 1.2961 1.3814 1.4665 1.5518 1.6371 1.7223 1.8075 3.53331 3.5477 3.57536 3.59593 3.60969 3.62645 3.64859 3.66758 3.68043 3.69942 3.72262 3.73916 3.75607 3.77282 3.79003 3.80472 3.81953 3.83347 3.84854 3.86296 3.87755 3.8912 3.91437 3.93473 3.96471 3.99284 4.01886 4.05456 4.07639 4.11397 4.14325 4.17235 4.19698 4.21653 4.23645 4.26633 4.34505 4.54601 4.54849 4.5602 4.57384 4.58507 4.60444 4.64962 4.63927 4.6527 4.66373 4.67859 4.68982 4.7052 4.70976 4.72035 4.73613 4.7459 4.76186 4.77234 4.78489 4.79776 4.80618 4.80988 4.88016 
1.5 1.5 1.5 1.5 1.5 1.5 1.5 1.5 1.5 1.5 1.5 1.1387 1.237 1.3353 1.4335 1.5318 1.6301 1.7283 1.8266 1.9249 3.51885 3.52584 3.55416 3.56928 3.58841 3.60868 3.6286 3.65026 3.66853 3.68848 3.70963 3.72633 3.74211 3.75447 3.77437 3.79356 3.81154 3.83213 3.85142 3.87437 3.90055 3.91855 3.93881 3.95522 3.98085 4.00285 4.02171 4.05334 4.07727 4.1109 4.13931 4.16685 4.20837 4.23084 4.24752 4.26242 4.30591 4.46616 4.56265 4.57535 4.60068 4.60986 4.62414 4.65923 4.64854 4.64447 4.65389 4.67156 4.682 4.69039 4.70213 4.70876 4.73224 4.74602 4.76601 4.77545 4.78643 4.80179 4.80648 4.82071 4.87552 
1.5 1.5 1.5 1.5 1.5 1.5 1.5 1.5 1.5 1.5 1.5 1.144 1.2476 1.3512 1.4547 1.5583 1.6618 1.7654 1.869 1.9725 3.51302 3.52553 3.5442 3.56162 3.57842 3.59554 3.61207 3.62876 3.64503 3.66303 3.68574 3.70422 3.72364 3.74086 3.76478 3.79335 3.81484 3.84193 3.86244 3.8929 3.92271 3.94967 3.98092 3.99567 4.02332 4.04567 4.06461 4.0869 4.10349 4.12305 4.13842 4.15506 4.17997 4.20112 4.21428 4.22716 4.23928 4.32725 4.54824 4.53023 4.54978 4.5743 4.59165 4.61186 4.64511 4.6276 4.64276 4.6649 4.67234 4.6954 4.7086 4.72432 4.7459 4.75672 4.77288 4.78304 4.79558 4.80811 4.81749 4.83294 4.87104 
1.5 1.5 1.5 1.5 1.5 1.5 1.5 1.5 1.5 1.5 1.5 1.144 1.2476 1.3512 1.4547 1.5583 1.6618 1.7654 1.869 1.9725 3.51849 3.53935 3.55797 3.57508 3.59355 3.61055 3.62992 3.64721 3.6634 3.68268 3.69843 3.71214 3.72831 3.74091 3.76014 3.7855 3.80374 3.83359 3.85484 3.88394 3.92041 3.9492 3.99933 4.01541 4.0522 4.08025 4.10077 4.1266 4.14479 4.16088 4.17223 4.18557 4.1893 4.1971 4.19369 4.20058 4.20856 4.24176 4.50385 4.51744 4.54766 4.57091 4.58438 4.60232 4.6672 4.64073 4.65901 4.68108 4.69424 4.71785 4.7286 4.73917 4.7519 4.75646 4.77727 4.78588 4.79534 4.80993 4.81444 4.84321 4.8578 
1.5 1.5 1.5 1.5 1.5 1.5 1.5 1.5 1.5 1.5 1.5 1.1487 1.2569 1.3652 1.4735 1.5816 1.6899 1.7982 1.9064 2.0146 3.51288 3.53483 3.552 3.56684 3.58301 3.60302 3.62422 3.64626 3.66671 3.68687 3.70659 3.72777 3.75129 3.76637 3.79179 3.82019 3.84207 3.86958 3.89008 3.91551 3.93915 3.9672 4.00078 4.01512 4.04557 4.07149 4.09323 4.12448 4.14604 4.17679 4.20066 4.22442 4.25881 4.28304 4.30812 4.32937 4.3516 4.37205 4.82554 4.70404 4.72902 4.72509 4.7184 4.72782 4.75945 4.72322 4.72933 4.73338 4.73668 4.7391 4.74466 4.74528 4.75194 4.75813 4.77136 4.78059 4.79051 4.79738 4.80338 4.8389 4.83242 
1.5 1.5 1.5 1.5 1.5 1.5 1.5 1.5 1.5 1.5 1.5 1.1487 1.2569 1.3652 1.4735 1.5816 1.6899 1.7982 1.9064 2.0146 3.50034 3.51317 3.53348 3.55425 3.57202 3.59078 3.61582 3.64177 3.66102 3.68873 3.7149 3.74147 3.76929 3.78822 3.81901 3.84935 3.87307 3.89933 3.91844 3.9442 3.96543 3.99235 4.01103 4.0307 4.05511 4.07618 4.09426 4.12142 4.1409 4.17102 4.19657 4.22318 4.26405 4.29194 4.32842 4.35364 4.3783 4.40018 4.80285 4.75783 4.77378 4.77337 4.77196 4.7741 4.8104 4.77629 4.77253 4.76246 4.75832 4.75639 4.75768 4.75494 4.75487 4.76084 4.76635 4.77662 4.78343 4.79276 4.7998 4.82747 4.82879 
1.5 1.5 1.5 1.5 1.5 1.5 1.5 1.5 1.5 1.5 1.5 1.1387 1.237 1.3353 1.4335 1.5318 1.6301 1.7283 1.8266 1.9249 3.50761 3.52509 3.54129 3.55598 3.57194 3.58762 3.60547 3.62874 3.64784 3.67115 3.69507 3.7184 3.74631 3.76676 3.79726 3.82798 3.85203 3.88227 3.90564 3.93679 3.96253 3.98433 4.01604 4.03917 4.07125 4.09768 4.11939 4.15035 4.17321 4.20189 4.22308 4.24255 4.26534 4.28035 4.30237 4.32325 4.34555 4.37593 4.78572 4.76651 4.7739 4.78358 4.78944 4.79786 4.82337 4.7999 4.78762 4.77339 4.77295 4.76509 4.7672 4.76358 4.76084 4.76398 4.76548 4.77544 4.786 4.79309 4.79939 4.81984 4.83509 
1.5 1.5 1.5 1.5 1.5 1.5 1.5 1.5 1.5 1.5 1.5 1.144 1.2476 1.3512 1.4547 1.5583 1.6618 1.7654 1.869 1.9725 3.52232 3.54245 3.55651 3.57057 3.58401 3.59618 3.60965 3.62536 3.64237 3.6602 3.68012 3.70213 3.72783 3.7469 3.77445 3.80363 3.82896 3.85878 3.87796 3.90472 3.93602 3.9629 4.00063 4.02514 4.05936 4.08772 4.11091 4.13966 4.15783 4.1819 4.19965 4.21921 4.24554 4.26508 4.2908 4.31294 4.336 4.35984 4.72259 4.7373 4.7422 4.75814 4.76845 4.78242 4.79728 4.78446 4.78592 4.77641 4.77833 4.77507 4.77576 4.77282 4.7698 4.77286 4.77801 4.78206 4.78869 4.7981 4.80235 4.82679 4.83926 
1.5 1.5 1.5 1.5 1.5 1.5 1.5 1.5 1.5 1.5 1.5 1.1529 1.2653 1.3776 1.4901 1.6024 1.7149 1.8272 1.9396 2.052 3.52066 3.53754 3.55324 3.56688 3.58297 3.59622 3.61471 3.63361 3.65137 3.67092 3.69318 3.71547 3.73949 3.76044 3.78543 3.81051 3.83028 3.85326 3.87239 3.89874 3.9239 3.94314 3.96753 3.98591 4.01244 4.0351 4.05414 4.08074 4.10095 4.12635 4.14578 4.16432 4.18727 4.20423 4.22754 4.25014 4.27211 4.30029 4.31922 4.65908 4.68671 4.70814 4.73129 4.7438 4.76722 4.7575 4.78106 4.78356 4.78145 4.78134 4.78349 4.78479 4.78063 4.78428 4.78745 4.78696 4.79351 4.79359 4.8002 4.82145 4.84017 
1.5 1.5 1.5 1.5 1.5 1.5 1.5 1.5 1.5 1.5 1.5 1.1566 1.2727 1.3888 1.5049 1.621 1.7372 1.8533 1.9694 2.0855 3.53395 3.5514 3.56921 3.58307 3.59933 3.61398 3.63499 3.65698 3.67527 3.69767 3.71911 3.73969 3.76266 3.78115 3.80349 3.82247 3.84209 3.86543 3.8842 3.90578 3.92402 3.94051 3.95967 3.97532 3.99068 4.00502 4.01883 4.0334 4.04727 4.06563 4.0849 4.10535 4.12886 4.147 4.17285 4.19452 4.21408 4.24705 4.26975 4.61325 4.6522 4.67614 4.71678 4.72518 4.76351 4.7619 4.77795 4.80362 4.79654 4.79663 4.79842 4.79881 4.7984 4.79938 4.79346 4.79548 4.80164 4.80077 4.80579 4.81779 4.83783 
1.5 1.5 1.5 1.5 1.5 1.5 1.5 1.5 1.5 1.5 1.5 1.1529 1.2653 1.3776 1.4901 1.6024 1.7149 1.8272 1.9396 2.052 3.5435 3.56308 3.58354 3.59726 3.61511 3.63789 3.65936 3.6799 3.69758 3.71675 3.73516 3.75397 3.77199 3.78735 3.80691 3.82996 3.84884 3.86696 3.88203 3.90013 3.91632 3.93194 3.94774 3.96299 3.97895 3.99527 4.01157 4.02484 4.03856 4.04974 4.06245 4.0729 4.08893 4.10545 4.12953 4.15371 4.17628 4.2147 4.23923 4.58634 4.632 4.66358 4.70292 4.71424 4.76371 4.7626 4.77555 4.80177 4.81034 4.80635 4.80534 4.80978 4.80664 4.80726 4.80163 4.79964 4.8065 4.80648 4.80582 4.81556 4.82633 
1.5 1.5 1.5 1.5 1.5 1.5 1.5 1.5 1.5 1.5 1.5 1.1529 1.2653 1.3776 1.4901 1.6024 1.7149 1.8272 1.9396 2.052 3.54261 3.56393 3.58253 3.5979 3.61569 3.63205 3.65079 3.67032 3.68841 3.70707 3.72642 3.74758 3.76809 3.78698 3.80794 3.82519 3.84509 3.86559 3.88336 3.90281 3.92083 3.94089 3.95971 3.97626 3.9887 3.99994 4.01164 4.02122 4.03411 4.04558 4.06029 4.07449 4.09251 4.10878 4.13194 4.15688 4.17801 4.21415 4.23847 4.58458 4.63213 4.65524 4.68911 4.70643 4.75518 4.75306 4.76873 4.79272 4.81105 4.81018 4.80618 4.80782 4.80921 4.8109 4.80262 4.8029 4.80342 4.80356 4.81082 4.8114 4.80943 
1.5 1.5 1.5 1.5 1.5 1.5 1.5 1.5 1.5 1.5 1.5 1.1529 1.2653 1.3776 1.4901 1.6024 1.7149 1.8272 1.9396 2.052 3.51824 3.5271 3.55191 3.57066 3.58935 3.61109 3.63439 3.66053 3.68051 3.70738 3.73084 3.75448 3.77913 3.79843 3.82224 3.84329 3.85985 3.88247 3.89963 3.91701 3.92993 3.94148 3.95766 3.97291 3.98804 4.00355 4.01936 4.03607 4.05239 4.07077 4.08877 4.10595 4.12736 4.14507 4.1689 4.18995 4.20994 4.24027 4.26061 4.59628 4.64106 4.65375 4.68385 4.70456 4.74241 4.74398 4.75963 4.77821 4.80362 4.80046 4.79734 4.80122 4.80008 4.80371 4.79541 4.79763 4.79843 4.80401 4.80714 4.82049 4.79278 
1.5 1.5 1.5 1.5 1.5 1.5 1.5 1.5 1.5 1.5 1.5 1.1529 1.2653 1.3776 1.4901 1.6024 1.7149 1.8272 1.9396 2.052 3.53319 3.54371 3.56817 3.58958 3.60823 3.62892 3.65152 3.67555 3.69508 3.71844 3.73957 3.76115 3.78083 3.79985 3.8201 3.83803 3.8524 3.87022 3.88912 3.90763 3.92659 3.9439 3.96221 3.98279 4.00472 4.02486 4.04245 4.06376 4.08127 4.10258 4.12096 4.13928 4.16137 4.17943 4.20226 4.22232 4.24186 4.26864 4.28795 4.62019 4.65115 4.66762 4.69484 4.71668 4.72817 4.73494 4.75147 4.76825 4.78622 4.78371 4.78329 4.78634 4.78521 4.78606 4.78595 4.79397 4.79884 4.80034 4.79874 4.83969 4.79198 
1.5 1.5 1.5 1.5 1.5 1.5 1.5 1.5 1.5 1.5 1.5 1.1566 1.2727 1.3888 1.5049 1.621 1.7372 1.8533 1.9694 2.0855 3.53266 3.55051 3.57173 3.58998 3.60797 3.62494 3.64502 3.6658 3.68251 3.70275 3.72206 3.74219 3.76288 3.78034 3.8016 3.82266 3.83999 3.85945 3.88041 3.90148 3.92309 3.94093 3.96096 3.98157 4.00598 4.02796 4.04626 4.07029 4.08882 4.11291 4.13218 4.15191 4.17429 4.19163 4.21171 4.22886 4.24673 4.26956 4.28742 4.30693 4.63627 4.66789 4.69585 4.70243 4.71035 4.71936 4.7288 4.7501 4.75887 4.75815 4.75934 4.76471 4.76873 4.76949 4.77523 4.78586 4.79316 4.79259 4.80177 4.86178 4.78473 
1.5 1.5 1.5 1.5 1.5 1.5 1.5 1.5 1.5 1.5 1.5 1.1629 1.2854 1.4079 1.5305 1.6529 1.7754 1.8979 2.0203 2.1428 3.50989 3.5229 3.54574 3.56311 3.58187 3.60065 3.62121 3.64387 3.66177 3.68433 3.70587 3.72641 3.74864 3.76635 3.78853 3.81009 3.8268 3.8487 3.86907 3.89146 3.9148 3.93292 3.9564 3.97866 4.00605 4.02995 4.04944 4.07604 4.09499 4.12043 4.13961 4.1601 4.18337 4.20127 4.22249 4.24032 4.25802 4.27876 4.29588 4.31667 4.63899 4.67668 4.69036 4.69273 4.70432 4.71161 4.72439 4.73542 4.73411 4.73955 4.7463 4.75294 4.7593 4.76345 4.77499 4.788 4.79458 4.80289 4.82073 4.86495 4.80029 
1.5 1.5 1.5 1.5 1.5 1.5 1.5 1.5 1.5 1.5 1.5 1.1629 1.2854 1.4079 1.5305 1.6529 1.7754 1.8979 2.0203 2.1428 3.49475 3.50503 3.52358 3.53931 3.55666 3.57624 3.59626 3.61627 3.63375 3.65583 3.67705 3.69832 3.72146 3.73986 3.76325 3.78507 3.805 3.83173 3.85106 3.87569 3.90026 3.91703 3.94581 3.96591 3.99463 4.01671 4.03845 4.0662 4.08599 4.11324 4.13366 4.15461 4.17917 4.19731 4.21918 4.23719 4.25558 4.2762 4.2933 4.3136 4.64448 4.6717 4.6778 4.68625 4.69311 4.70346 4.71816 4.71668 4.71883 4.72606 4.73836 4.74515 4.75476 4.76638 4.78209 4.7899 4.80086 4.81774 4.82866 4.8702 4.82114 
1.5 1.5 1.5 1.5 1.5 1.5 1.5 1.5 1.5 1.5 1.5 1.1566 1.2727 1.3888 1.5049 1.621 1.7372 1.8533 1.9694 2.0855 3.49784 3.5118 3.52597 3.53938 3.55495 3.57232 3.59111 3.61028 3.62904 3.64912 3.66817 3.68736 3.70777 3.72454 3.74424 3.7639 3.7849 3.80683 3.82628 3.84903 3.87397 3.89489 3.92506 3.9458 3.9762 4.00137 4.02184 4.05133 4.07129 4.09946 4.11957 4.14064 4.1654 4.18346 4.2058 4.22399 4.24274 4.26374 4.2808 4.30152 4.6321 4.64972 4.66025 4.67135 4.68694 4.70141 4.70063 4.70889 4.71425 4.72243 4.73144 4.74138 4.76029 4.77162 4.7849 4.79304 4.80936 4.83038 4.83351 4.8741 4.8472 
1.5 1.5 1.5 1.5 1.5 1.5 1.5 1.5 1.5 1.5 1.5 1.1566 1.2727 1.3888 1.5049 1.621 1.7372 1.8533 1.9694 2.0855 3.51948 3.53504 3.5494 3.56037 3.57349 3.58776 3.60236 3.61697 3.63097 3.64912 3.66833 3.68631 3.70507 3.72182 3.74074 3.76257 3.78094 3.80213 3.81872 3.84145 3.86637 3.88512 3.91203 3.93124 3.95949 3.98329 4.00311 4.03137 4.0512 4.0789 4.09962 4.12095 4.14597 4.16395 4.18602 4.2035 4.22171 4.24314 4.26025 4.28307 4.61314 4.63444 4.64869 4.66612 4.68085 4.67969 4.68499 4.70013 4.70603 4.71696 4.72565 4.74395 4.7631 4.77164 4.78954 4.79933 4.82144 4.83628 4.84824 4.87242 4.87125 
1.5 1.5 1.5 1.5 1.5 1.5 1.5 1.5 1.5 1.5 1.5 1.1599 1.2794 1.3988 1.5183 1.6377 1.7572 1.8767 1.9961 2.1156 3.54391 3.55711 3.56963 3.58107 3.5921 3.60158 3.61408 3.62583 3.63911 3.64962 3.66382 3.68549 3.70439 3.72301 3.74461 3.76805 3.78842 3.81334 3.83324 3.85841 3.88258 3.90107 3.92618 3.94425 3.96833 3.98685 4.00542 4.02696 4.04335 4.06471 4.0825 4.10053 4.12153 4.13939 4.16122 4.18029 4.19921 4.22297 4.24132 4.26508 4.59277 4.61783 4.63611 4.64376 4.65141 4.65711 4.66738 4.68523 4.69376 4.70998 4.72425 4.73995 4.76351 4.77503 4.79576 4.81207 4.8298 4.84882 4.86064 4.87472 4.88805 
1.5 1.5 1.5 1.5 1.5 1.5 1.5 1.5 1.5 1.5 1.5 1.1629 1.2854 1.4079 1.5305 1.6529 1.7754 1.8979 2.0203 2.1428 3.54863 3.56212 3.57557 3.58697 3.59835 3.60946 3.62138 3.63446 3.64735 3.65809 3.67346 3.69097 3.71237 3.73197 3.75519 3.78088 3.80484 3.83118 3.85125 3.87783 3.90274 3.92149 3.94667 3.96436 3.98644 4.00507 4.02184 4.04052 4.05637 4.07318 4.08833 4.10362 4.11953 4.13455 4.15144 4.16871 4.18518 4.20462 4.22159 4.24135 4.57057 4.59077 4.59861 4.60755 4.6231 4.6347 4.64801 4.66958 4.68319 4.70358 4.71752 4.73761 4.76597 4.77669 4.80523 4.82263 4.83686 4.8608 4.87026 4.88715 4.90221 
1.5 1.5 1.5 1.5 1.5 1.5 1.5 1.5 1.5 1.5 1.5 1.1657 1.2909 1.4162 1.5414 1.6666 1.7919 1.9172 2.0424 2.1676 3.54043 3.5513 3.56915 3.5808 3.5939 3.60652 3.61829 3.63415 3.64962 3.66303 3.68002 3.70047 3.71878 3.74162 3.76564 3.79286 3.81589 3.84277 3.86279 3.89016 3.91524 3.93417 3.95937 3.9775 3.99958 4.01756 4.03358 4.05013 4.0649 4.07849 4.09146 4.10479 4.11571 4.12891 4.13905 4.15141 4.16345 4.17588 4.18974 4.20683 4.22433 4.55305 4.57185 4.58243 4.59923 4.61494 4.62969 4.65752 4.66812 4.69086 4.71206 4.73107 4.76102 4.77845 4.8102 4.82305 4.84485 4.8658 4.87554 4.89678 4.90955 
1.5 1.5 1.5 1.5 1.5 1.5 1.5 1.5 1.5 1.5 1.5 1.1387 1.237 1.3353 1.4335 1.5318 1.6301 1.7283 1.8266 1.9249 3.51934 3.52296 3.54918 3.56446 3.58018 3.59766 3.61421 3.63746 3.65444 3.67515 3.69412 3.7155 3.73747 3.75527 3.7847 3.80775 3.83214 3.85981 3.8806 3.90846 3.93245 3.95125 3.97586 3.99345 4.01441 4.03141 4.04701 4.06179 4.07596 4.08747 4.09912 4.11138 4.12009 4.13226 4.14118 4.15308 4.16471 4.17638 4.19026 4.205 4.22104 4.53812 4.56462 4.57313 4.59393 4.61182 4.62648 4.65285 4.66276 4.6956 4.71722 4.73938 4.77478 4.79048 4.8236 4.83959 4.85523 4.87719 4.88833 4.90912 4.92015 
1.5 1.5 1.5 1.5 1.5 1.5 1.5 1.5 1.5 1.5 1.5 1.1387 1.237 1.3353 1.4335 1.5318 1.6301 1.7283 1.8266 1.9249 3.5128 3.51754 3.5443 3.56489 3.58235 3.60023 3.61962 3.64281 3.66232 3.68286 3.70445 3.72342 3.74854 3.76286 3.79439 3.81873 3.84023 3.86628 3.88767 3.91419 3.93751 3.95586 3.9788 3.99586 4.01581 4.03217 4.04755 4.06207 4.07602 4.08813 4.10069 4.11373 4.12361 4.13652 4.14609 4.15797 4.16975 4.18148 4.19517 4.20995 4.2258 4.54418 4.57105 4.58209 4.60551 4.62092 4.63316 4.66358 4.68059 4.71775 4.74106 4.7616 4.79545 4.81034 4.84026 4.85204 4.86857 4.88919 4.89947 4.91727 4.92815 
1.5 1.5 1.5 1.5 1.5 1.5 1.5 1.5 1.5 1.5 1.5 1.1387 1.237 1.3353 1.4335 1.5318 1.6301 1.7283 1.8266 1.9249 3.51974 3.52808 3.55314 3.57293 3.58892 3.60704 3.62901 3.64866 3.66909 3.68919 3.71025 3.72774 3.75078 3.76824 3.79686 3.81838 3.84036 3.86484 3.88547 3.9109 3.93294 3.95061 3.97295 3.98999 4.00984 4.02545 4.04223 4.05752 4.0722 4.08506 4.09772 4.11089 4.1217 4.13478 4.14579 4.15881 4.17072 4.18506 4.19977 4.21959 4.24023 4.57597 4.59813 4.60848 4.63232 4.64984 4.66955 4.7056 4.72318 4.75555 4.77218 4.79052 4.81932 4.83169 4.85651 4.86776 4.88172 4.89861 4.90743 4.92215 4.93236 
1.5 1.5 1.5 1.5 1.5 1.5 1.5 1.5 1.5 1.5 1.5 1.1387 1.237 1.3353 1.4335 1.5318 1.6301 1.7283 1.8266 1.9249 3.53178 3.53857 3.56319 3.58014 3.5959 3.61386 3.63355 3.65304 3.66989 3.68993 3.70832 3.72675 3.74425 3.76815 3.79168 3.81317 3.83415 3.85905 3.87835 3.90256 3.92248 3.94204 3.96424 3.98115 4.00049 4.01689 4.03244 4.04787 4.06232 4.07616 4.08984 4.10284 4.11649 4.13037 4.14682 4.16501 4.18246 4.20568 4.22452 4.25141 4.27395 4.61611 4.64035 4.65526 4.68716 4.70779 4.72638 4.75319 4.76484 4.79115 4.80508 4.82054 4.84198 4.8524 4.87092 4.88017 4.89116 4.90371 4.91147 4.92458 4.93289 
1.5 1.5 1.5 1.5 1.5 1.5 1.5 1.5 1.5 1.5 1.5 1.1387 1.237 1.3353 1.4335 1.5318 1.6301 1.7283 1.8266 1.9249 3.54171 3.551 3.57146 3.5869 3.60166 3.61634 3.63408 3.65095 3.66645 3.68281 3.69835 3.71807 3.74168 3.76055 3.78202 3.80482 3.82746 3.85119 3.86978 3.89325 3.91421 3.93153 3.95264 3.96897 3.98815 4.00476 4.01987 4.03681 4.05162 4.06942 4.08681 4.10444 4.12703 4.14525 4.17041 4.19179 4.21226 4.24201 4.26312 4.29621 4.32178 4.6782 4.70746 4.72017 4.745 4.7576 4.77203 4.79392 4.80455 4.82291 4.83317 4.8445 4.85911 4.8671 4.87937 4.88709 4.89554 4.90577 4.91284 4.92268 4.92976 
1.5 1.5 1.5 1.5 1.5 1.5 1.5 1.5 1.5 1.5 1.5 1.1387 1.237 1.3353 1.4335 1.5318 1.6301 1.7283 1.8266 1.9249 3.54071 3.55346 3.56906 3.58294 3.59627 3.61078 3.62659 3.64306 3.6566 3.67055 3.6903 3.71373 3.73438 3.75232 3.77561 3.79951 3.82016 3.84239 3.86032 3.88222 3.9036 3.92027 3.9419 3.95831 3.98044 3.99991 4.01767 4.0426 4.06136 4.08863 4.11082 4.13235 4.16298 4.1844 4.21709 4.2418 4.26667 4.29958 4.32092 4.35228 4.37487 4.73634 4.75669 4.76685 4.7853 4.79583 4.80725 4.82194 4.83006 4.84234 4.85058 4.85912 4.86906 4.87609 4.88437 4.89086 4.89795 4.90481 4.91071 4.91578 4.92166 
1.5 1.5 1.5 1.5 1.5 1.5 1.5 1.5 1.5 1.5 1.5 1.1387 1.237 1.3353 1.4335 1.5318 1.6301 1.7283 1.8266 1.9249 3.52688 3.54164 3.55553 3.56937 3.58209 3.59818 3.61404 3.62859 3.64479 3.66368 3.68515 3.70537 3.72754 3.74576 3.76845 3.78984 3.81078 3.83358 3.85086 3.87412 3.89701 3.91728 3.94566 3.96542 3.99591 4.01957 4.04313 4.07554 4.09696 4.1296 4.15318 4.1769 4.20751 4.22733 4.25688 4.27806 4.2999 4.32727 4.34663 4.37274 4.39268 4.41322 4.78192 4.79049 4.80375 4.81236 4.82148 4.83221 4.83937 4.84819 4.85442 4.86133 4.86785 4.87352 4.8788 4.88411 4.88937 4.89442 4.89991 4.90435 4.90992 
1.5 1.5 1.5 1.5 1.5 1.5 1.5 1.5 1.5 1.5 1.5 1.1387 1.237 1.3353 1.4335 1.5318 1.6301 1.7283 1.8266 1.9249 3.51847 3.53257 3.54665 3.5595 3.57389 3.59015 3.60527 3.62657 3.64454 3.66576 3.68808 3.70975 3.73407 3.75209 3.77802 3.80632 3.82982 3.85845 3.87964 3.91093 3.94183 3.96356 3.99711 4.01862 4.05116 4.07712 4.09747 4.12776 4.14757 4.17643 4.19748 4.2194 4.24659 4.26573 4.29151 4.31135 4.33168 4.35566 4.37395 4.39651 4.41494 4.4338 4.80181 4.80915 4.81834 4.82482 4.83191 4.83863 4.84435 4.84981 4.85501 4.86037 4.8651 4.87053 4.87523 4.88061 4.88596 4.89093 4.89654 4.90177 4.90706 
1.5 1.5 1.5 1.5 1.5 1.5 1.5 1.5 1.5 1.5 1.5 1.1387 1.237 1.3353 1.4335 1.5318 1.6301 1.7283 1.8266 1.9249 3.52252 3.53417 3.54845 3.56277 3.58142 3.60153 3.62494 3.64792 3.66728 3.6939 3.72065 3.74868 3.7791 3.8013 3.83334 3.86428 3.88938 3.91943 3.9405 3.97048 3.99852 4.01873 4.04856 4.0686 4.0976 4.1212 4.1406 4.16755 4.18659 4.21223 4.23201 4.25242 4.27616 4.29427 4.31674 4.33502 4.35377 4.37411 4.3913 4.41019 4.42679 4.44385 4.80943 4.81537 4.82113 4.8265 4.83206 4.83693 4.84231 4.84685 4.85193 4.85706 4.86177 4.86723 4.8721 4.87755 4.88291 4.88833 4.89406 4.8991 4.90528 
1.5 1.5 1.5 1.5 1.5 1.5 1.5 1.5 1.5 1.5 1.5 1.1387 1.237 1.3353 1.4335 1.5318 1.6301 1.7283 1.8266 1.9249 3.57454 3.58217 3.60807 3.62681 3.64781 3.66928 3.69388 3.72026 3.74246 3.76758 3.79358 3.81894 3.84697 3.86731 3.89555 3.92284 3.94504 3.97234 3.99203 4.0186 4.04187 4.06338 4.08796 4.10912 4.13466 4.15631 4.17483 4.19847 4.21649 4.23851 4.25651 4.27512 4.29495 4.31187 4.33053 4.34712 4.36403 4.3811 4.39727 4.41348 4.4292 4.44506 4.80891 4.81443 4.81914 4.82429 4.8295 4.83401 4.83935 4.84388 4.84905 4.85425 4.85903 4.86455 4.86955 4.87503 4.88051 4.88582 4.89147 4.89681 4.9026 
1.5 1.5 1.5 1.5 1.5 1.5 1.5 1.5 1.5 1.5 1.5 1.1387 1.237 1.3353 1.4335 1.5318 1.6301 1.7283 1.8266 1.9249 3.65558 3.67384 3.69407 3.71075 3.72961 3.74888 3.7698 3.79298 3.81155 3.83595 3.85774 3.88042 3.90503 3.92411 3.9488 3.9726 3.99298 4.01679 4.03539 4.05844 4.0806 4.09882 4.12132 4.13926 4.16069 4.17968 4.19697 4.21674 4.23364 4.25218 4.26878 4.28582 4.30285 4.31893 4.33523 4.3509 4.36673 4.38207 4.39775 4.41271 4.42803 4.44337 4.80619 4.81157 4.81606 4.82132 4.82654 4.83126 4.83675 4.84154 4.84678 4.85211 4.85702 4.86252 4.86749 4.87292 4.87831 4.88358 4.88921 4.89449 4.89984 
1.5 1.5 1.5 1.5 1.5 1.5 1.5 1.5 1.5 1.5 1.5 1.1387 1.237 1.3353 1.4335 1.5318 1.6301 1.7283 1.8266 1.9249 3.71689 3.73511 3.7542 3.77075 3.78859 3.80675 3.82597 3.8466 3.86421 3.88489 3.90517 3.92529 3.94662 3.96451 3.98591 4.00556 4.02528 4.0459 4.06343 4.08424 4.10272 4.11985 4.13836 4.15603 4.1744 4.19099 4.20792 4.22519 4.24137 4.25784 4.27368 4.28979 4.3054 4.32109 4.33635 4.35171 4.36714 4.38188 4.39744 4.412 4.42718 4.44236 4.80472 4.80999 4.81418 4.81931 4.82437 4.82889 4.8343 4.83905 4.84436 4.84969 4.8548 4.86041 4.86569 4.87126 4.87685 4.88242 4.88817 4.89367 4.89922 
1.5 1.5 1.5 1.5 1.5 1.5 1.5 1.5 1.5 1.5 1.5 1.1387 1.237 1.3353 1.4335 1.5318 1.6301 1.7283 1.8266 1.9249 3.76664 3.78408 3.80122 3.81738 3.83407 3.85101 3.86852 3.88623 3.90284 3.92075 3.93875 3.95653 3.97489 3.99175 4.01006 4.02814 4.04532 4.06334 4.07997 4.09747 4.11501 4.1314 4.14853 4.16484 4.1814 4.19753 4.21349 4.22937 4.24514 4.26047 4.2759 4.29151 4.30634 4.32182 4.33651 4.35168 4.36688 4.38128 4.39674 4.4111 4.42623 4.44133 4.80342 4.80869 4.81287 4.81801 4.82309 4.82762 4.83303 4.83778 4.84306 4.84839 4.85343 4.85901 4.86426 4.8698 4.87538 4.88087 4.88657 4.89216 4.89787 
