0 10.2018
2 10.199
4 10.4008
6 10.4024
8 10.3991
10 10.408
12 10.4048
14 10.3956
16 10.3482
18 10.5066
20 10.4057
22 10.3862
24 10.2774
26 10.3741
28 10.4344
30 10.4236
32 10.4385
34 10.3778
36 10.0477
38 10.2254
40 10.197
42 10.2392
44 10.7223
46 10.8702
48 10.998
50 10.9996
52 10.9596
54 10.8241
56 10.5968
58 10.5556
60 10.72
62 10.7579
64 10.6262
66 10.9867
68 11.0983
70 11.1675
72 11.3333
74 11.2588
76 10.963
78 11.0229
80 11.0359
82 11.0975
84 11.3953
86 11.5009
88 11.577
90 11.6327
92 11.6478
94 11.6634
96 11.6873
98 11.8582
100 11.8346
102 11.8387
104 11.8304
106 11.8113
108 11.8035
110 12.006
112 12.0114
114 12.0216
116 12.0377
118 12.0306
120 12.0446
122 12.0671
124 12.2498
126 12.2238
128 12.2102
130 12.2085
132 12.1995
134 12.1987
136 12.2008
138 12.3983
140 12.3991
142 12.401
144 12.405
146 12.4023
148 12.3916
150 12.4019
