5
s 30 2 34
r 2 0.01 6 9.93825 0.01
r 10 0.01 6 7.75999 0.01
r 18 0.01 6 5.71004 0.01
r 42 0.01 6 5.92272 0.01
r 50 0.01 6 8.07045 0.01
r 58 0.01 6 10.2432 0.01
r 66 0.01 6 12.1692 0.01
r 74 0.01 6 13.858 0.01
r 82 0.01 6 15.5504 0.01
r 90 0.01 6 17.2416 0.01
r 98 0.01 6 18.9803 0.01
r 106 0.01 6 20.6605 0.01
r 114 0.01 6 22.1734 0.01
r 122 0.01 6 23.7581 0.01
r 130 0.01 6 25.4081 0.01
r 138 0.01 6 27.0591 0.01
r 146 0.01 6 28.6253 0.01
r 2 0.01 12 10.2407 0.01
r 10 0.01 12 8.6019 0.01
r 18 0.01 12 7.23242 0.01
r 42 0.01 12 7.23591 0.01
r 50 0.01 12 8.69613 0.01
r 58 0.01 12 10.4012 0.01
r 66 0.01 12 12.179 0.01
r 74 0.01 12 13.911 0.01
r 82 0.01 12 15.6609 0.01
r 90 0.01 12 17.3988 0.01
r 98 0.01 12 19.2041 0.01
r 106 0.01 12 20.9814 0.01
r 114 0.01 12 22.7065 0.01
r 122 0.01 12 24.4646 0.01
r 130 0.01 12 26.2779 0.01
r 138 0.01 12 28.0147 0.01
r 146 0.01 12 29.7814 0.01
s 50 2 32
r 2 0.01 6 14.5094 0.01
r 10 0.01 6 12.8196 0.01
r 18 0.01 6 11.1553 0.01
r 26 0.01 6 9.1986 0.01
r 34 0.01 6 7.01058 0.01
r 66 0.01 6 6.96885 0.01
r 74 0.01 6 9.23339 0.01
r 82 0.01 6 11.3944 0.01
r 90 0.01 6 13.2537 0.01
r 98 0.01 6 14.9692 0.01
r 106 0.01 6 16.6696 0.01
r 114 0.01 6 18.3855 0.01
r 122 0.01 6 20.0804 0.01
r 130 0.01 6 21.8398 0.01
r 138 0.01 6 23.5418 0.01
r 146 0.01 6 25.1752 0.01
r 2 0.01 12 14.6604 0.01
r 10 0.01 12 12.8631 0.01
r 18 0.01 12 11.1939 0.01
r 26 0.01 12 9.55268 0.01
r 34 0.01 12 7.92233 0.01
r 66 0.01 12 8.13049 0.01
r 74 0.01 12 9.78429 0.01
r 82 0.01 12 11.5246 0.01
r 90 0.01 12 13.2663 0.01
r 98 0.01 12 15.0692 0.01
r 106 0.01 12 16.85 0.01
r 114 0.01 12 18.5772 0.01
r 122 0.01 12 20.3349 0.01
r 130 0.01 12 22.1459 0.01
r 138 0.01 12 23.883 0.01
r 146 0.01 12 25.649 0.01
s 70 2 34
r 2 0.01 6 18.8014 0.01
r 10 0.01 6 17.1179 0.01
r 18 0.01 6 15.5229 0.01
r 26 0.01 6 13.9215 0.01
r 34 0.01 6 12.2389 0.01
r 42 0.01 6 10.3956 0.01
r 50 0.01 6 8.11434 0.01
r 58 0.01 6 5.89569 0.01
r 82 0.01 6 5.74017 0.01
r 90 0.01 6 7.95575 0.01
r 98 0.01 6 10.1853 0.01
r 106 0.01 6 12.266 0.01
r 114 0.01 6 14.1202 0.01
r 122 0.01 6 15.8622 0.01
r 130 0.01 6 17.6097 0.01
r 138 0.01 6 19.3096 0.01
r 146 0.01 6 20.9966 0.01
r 2 0.01 12 19.1055 0.01
r 10 0.01 12 17.309 0.01
r 18 0.01 12 15.6651 0.01
r 26 0.01 12 13.9663 0.01
r 34 0.01 12 12.2656 0.01
r 42 0.01 12 10.6211 0.01
r 50 0.01 12 8.97549 0.01
r 58 0.01 12 7.49799 0.01
r 82 0.01 12 7.52209 0.01
r 90 0.01 12 8.95147 0.01
r 98 0.01 12 10.6442 0.01
r 106 0.01 12 12.4114 0.01
r 114 0.01 12 14.138 0.01
r 122 0.01 12 15.8964 0.01
r 130 0.01 12 17.7075 0.01
r 138 0.01 12 19.4449 0.01
r 146 0.01 12 21.2114 0.01
s 90 2 32
r 2 0.01 6 22.868 0.01
r 10 0.01 6 21.3037 0.01
r 18 0.01 6 19.708 0.01
r 26 0.01 6 18.1014 0.01
r 34 0.01 6 16.4345 0.01
r 42 0.01 6 14.8613 0.01
r 50 0.01 6 13.2379 0.01
r 58 0.01 6 11.3357 0.01
r 66 0.01 6 9.09697 0.01
r 74 0.01 6 6.76205 0.01
r 106 0.01 6 6.67511 0.01
r 114 0.01 6 8.8919 0.01
r 122 0.01 6 11.0861 0.01
r 130 0.01 6 13.2808 0.01
r 138 0.01 6 15.0737 0.01
r 146 0.01 6 16.8029 0.01
r 2 0.01 12 23.4249 0.01
r 10 0.01 12 21.6292 0.01
r 18 0.01 12 19.9905 0.01
r 26 0.01 12 18.291 0.01
r 34 0.01 12 16.5872 0.01
r 42 0.01 12 14.9513 0.01
r 50 0.01 12 13.2442 0.01
r 58 0.01 12 11.5181 0.01
r 66 0.01 12 9.73836 0.01
r 74 0.01 12 8.19695 0.01
r 106 0.01 12 8.31908 0.01
r 114 0.01 12 9.84701 0.01
r 122 0.01 12 11.5558 0.01
r 130 0.01 12 13.3763 0.01
r 138 0.01 12 15.1126 0.01
r 146 0.01 12 16.8808 0.01
s 110 2 34
r 2 0.01 6 26.6765 0.01
r 10 0.01 6 25.1857 0.01
r 18 0.01 6 23.6953 0.01
r 26 0.01 6 22.2728 0.01
r 34 0.01 6 20.6107 0.01
r 42 0.01 6 19.1585 0.01
r 50 0.01 6 17.5342 0.01
r 58 0.01 6 15.8355 0.01
r 66 0.01 6 14.0883 0.01
r 74 0.01 6 12.1934 0.01
r 82 0.01 6 10.0722 0.01
r 90 0.01 6 7.79847 0.01
r 98 0.01 6 5.51183 0.01
r 122 0.01 6 5.45732 0.01
r 130 0.01 6 7.72386 0.01
r 138 0.01 6 9.96952 0.01
r 146 0.01 6 12.217 0.01
r 2 0.01 12 27.8677 0.01
r 10 0.01 12 26.073 0.01
r 18 0.01 12 24.4358 0.01
r 26 0.01 12 22.7377 0.01
r 34 0.01 12 21.0313 0.01
r 42 0.01 12 19.3955 0.01
r 50 0.01 12 17.6897 0.01
r 58 0.01 12 15.969 0.01
r 66 0.01 12 14.1531 0.01
r 74 0.01 12 12.3582 0.01
r 82 0.01 12 10.6481 0.01
r 90 0.01 12 9.07249 0.01
r 98 0.01 12 7.75673 0.01
r 122 0.01 12 7.82327 0.01
r 130 0.01 12 9.17943 0.01
r 138 0.01 12 10.7979 0.01
r 146 0.01 12 12.5566 0.01
