5
s 30 2 34
r 2 0.01 6 9.49995 0.01
r 10 0.01 6 7.423 0.01
r 18 0.01 6 5.56012 0.01
r 42 0.01 6 5.7521 0.01
r 50 0.01 6 7.76558 0.01
r 58 0.01 6 9.82214 0.01
r 66 0.01 6 11.7434 0.01
r 74 0.01 6 13.5939 0.01
r 82 0.01 6 15.2502 0.01
r 90 0.01 6 16.8937 0.01
r 98 0.01 6 18.5571 0.01
r 106 0.01 6 20.2109 0.01
r 114 0.01 6 21.8535 0.01
r 122 0.01 6 23.5089 0.01
r 130 0.01 6 25.2181 0.01
r 138 0.01 6 26.8563 0.01
r 146 0.01 6 28.4945 0.01
r 2 0.01 12 9.94345 0.01
r 10 0.01 12 8.36967 0.01
r 18 0.01 12 7.14614 0.01
r 42 0.01 12 7.38958 0.01
r 50 0.01 12 8.67561 0.01
r 58 0.01 12 10.2862 0.01
r 66 0.01 12 11.9021 0.01
r 74 0.01 12 13.6129 0.01
r 82 0.01 12 15.2753 0.01
r 90 0.01 12 16.9319 0.01
r 98 0.01 12 18.6041 0.01
r 106 0.01 12 20.2839 0.01
r 114 0.01 12 21.9403 0.01
r 122 0.01 12 23.6358 0.01
r 130 0.01 12 25.3876 0.01
r 138 0.01 12 27.062 0.01
r 146 0.01 12 28.7568 0.01
s 50 2 32
r 2 0.01 6 14.2063 0.01
r 10 0.01 6 12.519 0.01
r 18 0.01 6 10.7074 0.01
r 26 0.01 6 8.81436 0.01
r 34 0.01 6 6.75646 0.01
r 66 0.01 6 6.73982 0.01
r 74 0.01 6 8.83174 0.01
r 82 0.01 6 10.839 0.01
r 90 0.01 6 12.7746 0.01
r 98 0.01 6 14.5045 0.01
r 106 0.01 6 16.1691 0.01
r 114 0.01 6 17.8254 0.01
r 122 0.01 6 19.4981 0.01
r 130 0.01 6 21.2215 0.01
r 138 0.01 6 22.8783 0.01
r 146 0.01 6 24.5343 0.01
r 2 0.01 12 14.238 0.01
r 10 0.01 12 12.5595 0.01
r 18 0.01 12 11.0258 0.01
r 26 0.01 12 9.45337 0.01
r 34 0.01 12 7.97 0.01
r 66 0.01 12 8.02874 0.01
r 74 0.01 12 9.5459 0.01
r 82 0.01 12 11.1865 0.01
r 90 0.01 12 12.8493 0.01
r 98 0.01 12 14.5216 0.01
r 106 0.01 12 16.2008 0.01
r 114 0.01 12 17.8595 0.01
r 122 0.01 12 19.5527 0.01
r 130 0.01 12 21.3061 0.01
r 138 0.01 12 22.9806 0.01
r 146 0.01 12 24.6747 0.01
s 70 2 34
r 2 0.01 6 18.3388 0.01
r 10 0.01 6 16.6823 0.01
r 18 0.01 6 15.1575 0.01
r 26 0.01 6 13.5878 0.01
r 34 0.01 6 11.8105 0.01
r 42 0.01 6 9.90311 0.01
r 50 0.01 6 7.80848 0.01
r 58 0.01 6 5.75107 0.01
r 82 0.01 6 5.60979 0.01
r 90 0.01 6 7.66878 0.01
r 98 0.01 6 9.72619 0.01
r 106 0.01 6 11.7169 0.01
r 114 0.01 6 13.6448 0.01
r 122 0.01 6 15.3265 0.01
r 130 0.01 6 17.0661 0.01
r 138 0.01 6 18.7304 0.01
r 146 0.01 6 20.4052 0.01
r 2 0.01 12 18.3869 0.01
r 10 0.01 12 16.7173 0.01
r 18 0.01 12 15.1849 0.01
r 26 0.01 12 13.6036 0.01
r 34 0.01 12 11.9723 0.01
r 42 0.01 12 10.3807 0.01
r 50 0.01 12 8.78682 0.01
r 58 0.01 12 7.48624 0.01
r 82 0.01 12 7.47174 0.01
r 90 0.01 12 8.72992 0.01
r 98 0.01 12 10.3091 0.01
r 106 0.01 12 11.9912 0.01
r 114 0.01 12 13.6485 0.01
r 122 0.01 12 15.3435 0.01
r 130 0.01 12 17.0966 0.01
r 138 0.01 12 18.7714 0.01
r 146 0.01 12 20.4657 0.01
s 90 2 32
r 2 0.01 6 22.4208 0.01
r 10 0.01 6 20.7792 0.01
r 18 0.01 6 19.2636 0.01
r 26 0.01 6 17.707 0.01
r 34 0.01 6 16.0887 0.01
r 42 0.01 6 14.5149 0.01
r 50 0.01 6 12.7541 0.01
r 58 0.01 6 10.8155 0.01
r 66 0.01 6 8.70389 0.01
r 74 0.01 6 6.56647 0.01
r 106 0.01 6 6.50344 0.01
r 114 0.01 6 8.5583 0.01
r 122 0.01 6 10.618 0.01
r 130 0.01 6 12.6769 0.01
r 138 0.01 6 14.531 0.01
r 146 0.01 6 16.2163 0.01
r 2 0.01 12 22.5351 0.01
r 10 0.01 12 20.8625 0.01
r 18 0.01 12 19.3332 0.01
r 26 0.01 12 17.7492 0.01
r 34 0.01 12 16.1192 0.01
r 42 0.01 12 14.5333 0.01
r 50 0.01 12 12.8292 0.01
r 58 0.01 12 11.2011 0.01
r 66 0.01 12 9.48382 0.01
r 74 0.01 12 7.99991 0.01
r 106 0.01 12 8.0539 0.01
r 114 0.01 12 9.48556 0.01
r 122 0.01 12 11.1121 0.01
r 130 0.01 12 12.8674 0.01
r 138 0.01 12 14.5425 0.01
r 146 0.01 12 16.2374 0.01
s 110 2 34
r 2 0.01 6 26.513 0.01
r 10 0.01 6 24.8894 0.01
r 18 0.01 6 23.3892 0.01
r 26 0.01 6 21.8488 0.01
r 34 0.01 6 20.2414 0.01
r 42 0.01 6 18.6762 0.01
r 50 0.01 6 16.9877 0.01
r 58 0.01 6 15.3631 0.01
r 66 0.01 6 13.6352 0.01
r 74 0.01 6 11.6636 0.01
r 82 0.01 6 9.65016 0.01
r 90 0.01 6 7.55138 0.01
r 98 0.01 6 5.42413 0.01
r 122 0.01 6 5.38355 0.01
r 130 0.01 6 7.56067 0.01
r 138 0.01 6 9.6355 0.01
r 146 0.01 6 11.6602 0.01
r 2 0.01 12 26.7184 0.01
r 10 0.01 12 25.0469 0.01
r 18 0.01 12 23.5249 0.01
r 26 0.01 12 21.9338 0.01
r 34 0.01 12 20.3037 0.01
r 42 0.01 12 18.7171 0.01
r 50 0.01 12 17.0138 0.01
r 58 0.01 12 15.3909 0.01
r 66 0.01 12 13.6445 0.01
r 74 0.01 12 11.9492 0.01
r 82 0.01 12 10.289 0.01
r 90 0.01 12 8.75736 0.01
r 98 0.01 12 7.48979 0.01
r 122 0.01 12 7.55244 0.01
r 130 0.01 12 8.84605 0.01
r 138 0.01 12 10.3896 0.01
r 146 0.01 12 12.0698 0.01
