5
s 30 2 31
r 20 0.01 0 4.47773 0.01
r 22 0.01 0 4.12605 0.01
r 24 0.01 0 3.77296 0.01
r 26 0.01 0 2.97845 0.01
r 28 0.01 0 1.88091 0.01
r 30 0.01 0 1.32667 0.01
r 32 0.01 0 1.88091 0.01
r 34 0.01 0 2.97845 0.01
r 36 0.01 0 3.77296 0.01
r 38 0.01 0 4.12605 0.01
r 40 0.01 0 4.47734 0.01
r 42 0.01 0 4.82797 0.01
r 44 0.01 0 5.17614 0.01
r 46 0.01 0 5.52261 0.01
r 48 0.01 0 5.86355 0.01
r 50 0.01 0 6.20311 0.01
r 52 0.01 0 6.53834 0.01
r 54 0.01 0 6.87009 0.01
r 56 0.01 0 7.19655 0.01
r 58 0.01 0 7.52394 0.01
r 60 0.01 0 7.84094 0.01
r 62 0.01 0 8.15134 0.01
r 64 0.01 0 8.46273 0.01
r 66 0.01 0 8.76679 0.01
r 68 0.01 0 9.06515 0.01
r 70 0.01 0 9.35794 0.01
r 72 0.01 0 9.64442 0.01
r 74 0.01 0 9.92762 0.01
r 76 0.01 0 10.2069 0.01
r 78 0.01 0 10.4777 0.01
r 80 0.01 0 10.7463 0.01
s 40 2 31
r 20 0.01 0 6.20311 0.01
r 22 0.01 0 5.86342 0.01
r 24 0.01 0 5.52261 0.01
r 26 0.01 0 5.17614 0.01
r 28 0.01 0 4.82797 0.01
r 30 0.01 0 4.47773 0.01
r 32 0.01 0 4.12605 0.01
r 34 0.01 0 3.77296 0.01
r 36 0.01 0 2.97845 0.01
r 38 0.01 0 1.88091 0.01
r 40 0.01 0 1.32667 0.01
r 42 0.01 0 1.88091 0.01
r 44 0.01 0 2.97845 0.01
r 46 0.01 0 3.77296 0.01
r 48 0.01 0 4.12605 0.01
r 50 0.01 0 4.47773 0.01
r 52 0.01 0 4.82797 0.01
r 54 0.01 0 5.17614 0.01
r 56 0.01 0 5.52261 0.01
r 58 0.01 0 5.86355 0.01
r 60 0.01 0 6.20311 0.01
r 62 0.01 0 6.53835 0.01
r 64 0.01 0 6.86994 0.01
r 66 0.01 0 7.19656 0.01
r 68 0.01 0 7.52395 0.01
r 70 0.01 0 7.84087 0.01
r 72 0.01 0 8.15145 0.01
r 74 0.01 0 8.46275 0.01
r 76 0.01 0 8.76679 0.01
r 78 0.01 0 9.06515 0.01
r 80 0.01 0 9.35794 0.01
s 50 2 31
r 20 0.01 0 7.84087 0.01
r 22 0.01 0 7.52394 0.01
r 24 0.01 0 7.19673 0.01
r 26 0.01 0 6.86994 0.01
r 28 0.01 0 6.53835 0.01
r 30 0.01 0 6.20277 0.01
r 32 0.01 0 5.86355 0.01
r 34 0.01 0 5.52261 0.01
r 36 0.01 0 5.17614 0.01
r 38 0.01 0 4.82797 0.01
r 40 0.01 0 4.47773 0.01
r 42 0.01 0 4.12605 0.01
r 44 0.01 0 3.77296 0.01
r 46 0.01 0 2.97845 0.01
r 48 0.01 0 1.88091 0.01
r 50 0.01 0 1.32667 0.01
r 52 0.01 0 1.88091 0.01
r 54 0.01 0 2.97845 0.01
r 56 0.01 0 3.77296 0.01
r 58 0.01 0 4.12605 0.01
r 60 0.01 0 4.47734 0.01
r 62 0.01 0 4.82797 0.01
r 64 0.01 0 5.17614 0.01
r 66 0.01 0 5.52261 0.01
r 68 0.01 0 5.86355 0.01
r 70 0.01 0 6.20277 0.01
r 72 0.01 0 6.53835 0.01
r 74 0.01 0 6.87003 0.01
r 76 0.01 0 7.19656 0.01
r 78 0.01 0 7.52395 0.01
r 80 0.01 0 7.84087 0.01
s 60 2 31
r 20 0.01 0 9.35794 0.01
r 22 0.01 0 9.06515 0.01
r 24 0.01 0 8.76679 0.01
r 26 0.01 0 8.46359 0.01
r 28 0.01 0 8.1514 0.01
r 30 0.01 0 7.84087 0.01
r 32 0.01 0 7.52395 0.01
r 34 0.01 0 7.19673 0.01
r 36 0.01 0 6.86958 0.01
r 38 0.01 0 6.53835 0.01
r 40 0.01 0 6.20311 0.01
r 42 0.01 0 5.86355 0.01
r 44 0.01 0 5.52261 0.01
r 46 0.01 0 5.17614 0.01
r 48 0.01 0 4.82797 0.01
r 50 0.01 0 4.47773 0.01
r 52 0.01 0 4.12605 0.01
r 54 0.01 0 3.77296 0.01
r 56 0.01 0 2.97845 0.01
r 58 0.01 0 1.88091 0.01
r 60 0.01 0 1.32667 0.01
r 62 0.01 0 1.88091 0.01
r 64 0.01 0 2.97845 0.01
r 66 0.01 0 3.77296 0.01
r 68 0.01 0 4.12605 0.01
r 70 0.01 0 4.47773 0.01
r 72 0.01 0 4.82797 0.01
r 74 0.01 0 5.17614 0.01
r 76 0.01 0 5.52261 0.01
r 78 0.01 0 5.86355 0.01
r 80 0.01 0 6.20311 0.01
s 70 2 31
r 20 0.01 0 10.7463 0.01
r 22 0.01 0 10.4777 0.01
r 24 0.01 0 10.2069 0.01
r 26 0.01 0 9.92758 0.01
r 28 0.01 0 9.64444 0.01
r 30 0.01 0 9.35794 0.01
r 32 0.01 0 9.06515 0.01
r 34 0.01 0 8.76679 0.01
r 36 0.01 0 8.46281 0.01
r 38 0.01 0 8.15144 0.01
r 40 0.01 0 7.84087 0.01
r 42 0.01 0 7.52395 0.01
r 44 0.01 0 7.19673 0.01
r 46 0.01 0 6.87003 0.01
r 48 0.01 0 6.53833 0.01
r 50 0.01 0 6.20311 0.01
r 52 0.01 0 5.86355 0.01
r 54 0.01 0 5.52261 0.01
r 56 0.01 0 5.17614 0.01
r 58 0.01 0 4.82797 0.01
r 60 0.01 0 4.47734 0.01
r 62 0.01 0 4.12605 0.01
r 64 0.01 0 3.77296 0.01
r 66 0.01 0 2.97845 0.01
r 68 0.01 0 1.88091 0.01
r 70 0.01 0 1.32667 0.01
r 72 0.01 0 1.88091 0.01
r 74 0.01 0 2.97845 0.01
r 76 0.01 0 3.77296 0.01
r 78 0.01 0 4.12605 0.01
r 80 0.01 0 4.47734 0.01
