5
s 30 2 31
r 20 0.01 6 5.27689 0.01
r 22 0.01 6 4.66522 0.01
r 24 0.01 6 4.06891 0.01
r 26 0.01 6 3.52787 0.01
r 28 0.01 6 3.14447 0.01
r 30 0.01 6 2.97594 0.01
r 32 0.01 6 3.14586 0.01
r 34 0.01 6 3.52745 0.01
r 36 0.01 6 4.07539 0.01
r 38 0.01 6 4.66522 0.01
r 40 0.01 6 5.27689 0.01
r 42 0.01 6 5.88041 0.01
r 44 0.01 6 6.49009 0.01
r 46 0.01 6 7.09727 0.01
r 48 0.01 6 7.70114 0.01
r 50 0.01 6 8.30058 0.01
r 52 0.01 6 8.89153 0.01
r 54 0.01 6 9.47896 0.01
r 56 0.01 6 10.06 0.01
r 58 0.01 6 10.6253 0.01
r 60 0.01 6 11.185 0.01
r 62 0.01 6 11.7351 0.01
r 64 0.01 6 12.2781 0.01
r 66 0.01 6 12.8138 0.01
r 68 0.01 6 13.3408 0.01
r 70 0.01 6 13.857 0.01
r 72 0.01 6 14.365 0.01
r 74 0.01 6 14.8635 0.01
r 76 0.01 6 15.3533 0.01
r 78 0.01 6 15.8333 0.01
r 80 0.01 6 16.3042 0.01
s 40 2 31
r 20 0.01 6 8.30056 0.01
r 22 0.01 6 7.70114 0.01
r 24 0.01 6 7.09727 0.01
r 26 0.01 6 6.49009 0.01
r 28 0.01 6 5.88041 0.01
r 30 0.01 6 5.27689 0.01
r 32 0.01 6 4.66522 0.01
r 34 0.01 6 4.06891 0.01
r 36 0.01 6 3.52786 0.01
r 38 0.01 6 3.14241 0.01
r 40 0.01 6 2.97556 0.01
r 42 0.01 6 3.14436 0.01
r 44 0.01 6 3.52741 0.01
r 46 0.01 6 4.07539 0.01
r 48 0.01 6 4.66522 0.01
r 50 0.01 6 5.27689 0.01
r 52 0.01 6 5.88041 0.01
r 54 0.01 6 6.49009 0.01
r 56 0.01 6 7.09727 0.01
r 58 0.01 6 7.70114 0.01
r 60 0.01 6 8.30056 0.01
r 62 0.01 6 8.89153 0.01
r 64 0.01 6 9.47896 0.01
r 66 0.01 6 10.06 0.01
r 68 0.01 6 10.6253 0.01
r 70 0.01 6 11.185 0.01
r 72 0.01 6 11.7351 0.01
r 74 0.01 6 12.2781 0.01
r 76 0.01 6 12.8138 0.01
r 78 0.01 6 13.3408 0.01
r 80 0.01 6 13.857 0.01
s 50 2 31
r 20 0.01 6 11.185 0.01
r 22 0.01 6 10.6253 0.01
r 24 0.01 6 10.06 0.01
r 26 0.01 6 9.47896 0.01
r 28 0.01 6 8.89153 0.01
r 30 0.01 6 8.30056 0.01
r 32 0.01 6 7.70114 0.01
r 34 0.01 6 7.09727 0.01
r 36 0.01 6 6.49009 0.01
r 38 0.01 6 5.88041 0.01
r 40 0.01 6 5.27689 0.01
r 42 0.01 6 4.66522 0.01
r 44 0.01 6 4.06891 0.01
r 46 0.01 6 3.52785 0.01
r 48 0.01 6 3.14589 0.01
r 50 0.01 6 2.97613 0.01
r 52 0.01 6 3.14389 0.01
r 54 0.01 6 3.52745 0.01
r 56 0.01 6 4.07539 0.01
r 58 0.01 6 4.66522 0.01
r 60 0.01 6 5.27689 0.01
r 62 0.01 6 5.88041 0.01
r 64 0.01 6 6.49009 0.01
r 66 0.01 6 7.09727 0.01
r 68 0.01 6 7.70114 0.01
r 70 0.01 6 8.30056 0.01
r 72 0.01 6 8.89153 0.01
r 74 0.01 6 9.47896 0.01
r 76 0.01 6 10.06 0.01
r 78 0.01 6 10.6253 0.01
r 80 0.01 6 11.185 0.01
s 60 2 31
r 20 0.01 6 13.857 0.01
r 22 0.01 6 13.3408 0.01
r 24 0.01 6 12.8138 0.01
r 26 0.01 6 12.2781 0.01
r 28 0.01 6 11.7351 0.01
r 30 0.01 6 11.185 0.01
r 32 0.01 6 10.6253 0.01
r 34 0.01 6 10.06 0.01
r 36 0.01 6 9.47896 0.01
r 38 0.01 6 8.89153 0.01
r 40 0.01 6 8.30056 0.01
r 42 0.01 6 7.70114 0.01
r 44 0.01 6 7.09727 0.01
r 46 0.01 6 6.49009 0.01
r 48 0.01 6 5.88041 0.01
r 50 0.01 6 5.27689 0.01
r 52 0.01 6 4.66522 0.01
r 54 0.01 6 4.06891 0.01
r 56 0.01 6 3.52785 0.01
r 58 0.01 6 3.14443 0.01
r 60 0.01 6 2.97567 0.01
r 62 0.01 6 3.14487 0.01
r 64 0.01 6 3.5274 0.01
r 66 0.01 6 4.07539 0.01
r 68 0.01 6 4.66522 0.01
r 70 0.01 6 5.27689 0.01
r 72 0.01 6 5.88041 0.01
r 74 0.01 6 6.49009 0.01
r 76 0.01 6 7.09727 0.01
r 78 0.01 6 7.70114 0.01
r 80 0.01 6 8.30056 0.01
s 70 2 31
r 20 0.01 6 16.3042 0.01
r 22 0.01 6 15.8333 0.01
r 24 0.01 6 15.3533 0.01
r 26 0.01 6 14.8634 0.01
r 28 0.01 6 14.365 0.01
r 30 0.01 6 13.857 0.01
r 32 0.01 6 13.3408 0.01
r 34 0.01 6 12.8138 0.01
r 36 0.01 6 12.2781 0.01
r 38 0.01 6 11.7351 0.01
r 40 0.01 6 11.185 0.01
r 42 0.01 6 10.6253 0.01
r 44 0.01 6 10.06 0.01
r 46 0.01 6 9.47896 0.01
r 48 0.01 6 8.89153 0.01
r 50 0.01 6 8.30056 0.01
r 52 0.01 6 7.70114 0.01
r 54 0.01 6 7.09727 0.01
r 56 0.01 6 6.49009 0.01
r 58 0.01 6 5.88041 0.01
r 60 0.01 6 5.27689 0.01
r 62 0.01 6 4.66522 0.01
r 64 0.01 6 4.06891 0.01
r 66 0.01 6 3.5278 0.01
r 68 0.01 6 3.14581 0.01
r 70 0.01 6 2.9756 0.01
r 72 0.01 6 3.14295 0.01
r 74 0.01 6 3.5278 0.01
r 76 0.01 6 4.07539 0.01
r 78 0.01 6 4.66522 0.01
r 80 0.01 6 5.27689 0.01
