5
s 30 2 31
r 20 0.01 0 4.64942 0.01
r 22 0.01 0 4.25233 0.01
r 24 0.01 0 3.93005 0.01
r 26 0.01 0 2.97845 0.01
r 28 0.01 0 1.88091 0.01
r 30 0.01 0 1.32667 0.01
r 32 0.01 0 1.88091 0.01
r 34 0.01 0 2.97845 0.01
r 36 0.01 0 3.93005 0.01
r 38 0.01 0 4.25233 0.01
r 40 0.01 0 4.64942 0.01
r 42 0.01 0 5.0444 0.01
r 44 0.01 0 5.43651 0.01
r 46 0.01 0 5.82499 0.01
r 48 0.01 0 6.20971 0.01
r 50 0.01 0 6.59006 0.01
r 52 0.01 0 6.96459 0.01
r 54 0.01 0 7.33768 0.01
r 56 0.01 0 7.69878 0.01
r 58 0.01 0 8.05717 0.01
r 60 0.01 0 8.40806 0.01
r 62 0.01 0 8.75396 0.01
r 64 0.01 0 9.09273 0.01
r 66 0.01 0 9.42305 0.01
r 68 0.01 0 9.7458 0.01
r 70 0.01 0 10.0696 0.01
r 72 0.01 0 10.3791 0.01
r 74 0.01 0 10.6824 0.01
r 76 0.01 0 10.9848 0.01
r 78 0.01 0 11.276 0.01
r 80 0.01 0 11.5604 0.01
s 40 2 31
r 20 0.01 0 6.59006 0.01
r 22 0.01 0 6.20971 0.01
r 24 0.01 0 5.82499 0.01
r 26 0.01 0 5.43651 0.01
r 28 0.01 0 5.0444 0.01
r 30 0.01 0 4.64942 0.01
r 32 0.01 0 4.25233 0.01
r 34 0.01 0 3.93005 0.01
r 36 0.01 0 2.97845 0.01
r 38 0.01 0 1.88091 0.01
r 40 0.01 0 1.32667 0.01
r 42 0.01 0 1.88091 0.01
r 44 0.01 0 2.97845 0.01
r 46 0.01 0 3.93005 0.01
r 48 0.01 0 4.25233 0.01
r 50 0.01 0 4.64942 0.01
r 52 0.01 0 5.0444 0.01
r 54 0.01 0 5.43651 0.01
r 56 0.01 0 5.82499 0.01
r 58 0.01 0 6.20971 0.01
r 60 0.01 0 6.59006 0.01
r 62 0.01 0 6.96459 0.01
r 64 0.01 0 7.33768 0.01
r 66 0.01 0 7.69878 0.01
r 68 0.01 0 8.05717 0.01
r 70 0.01 0 8.40806 0.01
r 72 0.01 0 8.75396 0.01
r 74 0.01 0 9.09273 0.01
r 76 0.01 0 9.42353 0.01
r 78 0.01 0 9.7458 0.01
r 80 0.01 0 10.0696 0.01
s 50 2 31
r 20 0.01 0 8.40806 0.01
r 22 0.01 0 8.05717 0.01
r 24 0.01 0 7.69878 0.01
r 26 0.01 0 7.33702 0.01
r 28 0.01 0 6.96459 0.01
r 30 0.01 0 6.59006 0.01
r 32 0.01 0 6.20971 0.01
r 34 0.01 0 5.82499 0.01
r 36 0.01 0 5.43651 0.01
r 38 0.01 0 5.0444 0.01
r 40 0.01 0 4.64942 0.01
r 42 0.01 0 4.25233 0.01
r 44 0.01 0 3.93005 0.01
r 46 0.01 0 2.97845 0.01
r 48 0.01 0 1.88091 0.01
r 50 0.01 0 1.32667 0.01
r 52 0.01 0 1.88091 0.01
r 54 0.01 0 2.97845 0.01
r 56 0.01 0 3.93005 0.01
r 58 0.01 0 4.25233 0.01
r 60 0.01 0 4.64942 0.01
r 62 0.01 0 5.0444 0.01
r 64 0.01 0 5.43651 0.01
r 66 0.01 0 5.82499 0.01
r 68 0.01 0 6.20971 0.01
r 70 0.01 0 6.59006 0.01
r 72 0.01 0 6.96459 0.01
r 74 0.01 0 7.33768 0.01
r 76 0.01 0 7.69878 0.01
r 78 0.01 0 8.05717 0.01
r 80 0.01 0 8.40806 0.01
s 60 2 31
r 20 0.01 0 10.0696 0.01
r 22 0.01 0 9.7458 0.01
r 24 0.01 0 9.42309 0.01
r 26 0.01 0 9.09273 0.01
r 28 0.01 0 8.75396 0.01
r 30 0.01 0 8.40806 0.01
r 32 0.01 0 8.05717 0.01
r 34 0.01 0 7.69878 0.01
r 36 0.01 0 7.33768 0.01
r 38 0.01 0 6.96459 0.01
r 40 0.01 0 6.59006 0.01
r 42 0.01 0 6.20971 0.01
r 44 0.01 0 5.82499 0.01
r 46 0.01 0 5.43651 0.01
r 48 0.01 0 5.0444 0.01
r 50 0.01 0 4.64942 0.01
r 52 0.01 0 4.25233 0.01
r 54 0.01 0 3.93005 0.01
r 56 0.01 0 2.97845 0.01
r 58 0.01 0 1.88091 0.01
r 60 0.01 0 1.32667 0.01
r 62 0.01 0 1.88091 0.01
r 64 0.01 0 2.97845 0.01
r 66 0.01 0 3.93005 0.01
r 68 0.01 0 4.25233 0.01
r 70 0.01 0 4.64942 0.01
r 72 0.01 0 5.0444 0.01
r 74 0.01 0 5.43646 0.01
r 76 0.01 0 5.82499 0.01
r 78 0.01 0 6.20971 0.01
r 80 0.01 0 6.59006 0.01
s 70 2 31
r 20 0.01 0 11.5604 0.01
r 22 0.01 0 11.276 0.01
r 24 0.01 0 10.9848 0.01
r 26 0.01 0 10.6824 0.01
r 28 0.01 0 10.3796 0.01
r 30 0.01 0 10.0696 0.01
r 32 0.01 0 9.7458 0.01
r 34 0.01 0 9.42305 0.01
r 36 0.01 0 9.09273 0.01
r 38 0.01 0 8.75396 0.01
r 40 0.01 0 8.40806 0.01
r 42 0.01 0 8.05717 0.01
r 44 0.01 0 7.69878 0.01
r 46 0.01 0 7.33768 0.01
r 48 0.01 0 6.96459 0.01
r 50 0.01 0 6.59006 0.01
r 52 0.01 0 6.20971 0.01
r 54 0.01 0 5.82499 0.01
r 56 0.01 0 5.43651 0.01
r 58 0.01 0 5.0444 0.01
r 60 0.01 0 4.64942 0.01
r 62 0.01 0 4.25233 0.01
r 64 0.01 0 3.93005 0.01
r 66 0.01 0 2.97845 0.01
r 68 0.01 0 1.88091 0.01
r 70 0.01 0 1.32667 0.01
r 72 0.01 0 1.88091 0.01
r 74 0.01 0 2.97845 0.01
r 76 0.01 0 3.93005 0.01
r 78 0.01 0 4.25233 0.01
r 80 0.01 0 4.64942 0.01
