5
s 30 2 62
r 20 0.01 7 5.31623 0.01
r 22 0.01 7 4.923 0.01
r 24 0.01 7 4.52852 0.01
r 26 0.01 7 4.13121 0.01
r 28 0.01 7 3.67801 0.01
r 30 0.01 7 3.50366 0.01
r 32 0.01 7 3.67801 0.01
r 34 0.01 7 4.13115 0.01
r 36 0.01 7 4.52852 0.01
r 38 0.01 7 4.92295 0.01
r 40 0.01 7 5.31623 0.01
r 42 0.01 7 5.71043 0.01
r 44 0.01 7 6.09692 0.01
r 46 0.01 7 6.48274 0.01
r 48 0.01 7 6.8661 0.01
r 50 0.01 7 7.23959 0.01
r 52 0.01 7 7.61167 0.01
r 54 0.01 7 7.97808 0.01
r 56 0.01 7 8.33904 0.01
r 58 0.01 7 8.6924 0.01
r 60 0.01 7 9.04659 0.01
r 62 0.01 7 9.38276 0.01
r 64 0.01 7 9.72381 0.01
r 66 0.01 7 10.0755 0.01
r 68 0.01 7 10.3846 0.01
r 70 0.01 7 10.7078 0.01
r 72 0.01 7 11.0203 0.01
r 74 0.01 7 11.3193 0.01
r 76 0.01 7 11.6158 0.01
r 78 0.01 7 11.9151 0.01
r 80 0.01 7 12.1976 0.01
r 20 0.01 8 6.12466 0.01
r 22 0.01 8 5.44255 0.01
r 24 0.01 8 4.75592 0.01
r 26 0.01 8 4.14925 0.01
r 28 0.01 8 3.6877 0.01
r 30 0.01 8 3.50843 0.01
r 32 0.01 8 3.68789 0.01
r 34 0.01 8 4.14967 0.01
r 36 0.01 8 4.76497 0.01
r 38 0.01 8 5.44694 0.01
r 40 0.01 8 6.12466 0.01
r 42 0.01 8 6.7605 0.01
r 44 0.01 8 7.40091 0.01
r 46 0.01 8 8.04086 0.01
r 48 0.01 8 8.68231 0.01
r 50 0.01 8 9.32287 0.01
r 52 0.01 8 9.96856 0.01
r 54 0.01 8 10.6093 0.01
r 56 0.01 8 11.2457 0.01
r 58 0.01 8 11.8897 0.01
r 60 0.01 8 12.5282 0.01
r 62 0.01 8 13.1687 0.01
r 64 0.01 8 13.8144 0.01
r 66 0.01 8 14.4553 0.01
r 68 0.01 8 15.1011 0.01
r 70 0.01 8 15.6582 0.01
r 72 0.01 8 16.2065 0.01
r 74 0.01 8 16.7437 0.01
r 76 0.01 8 17.2659 0.01
r 78 0.01 8 17.7799 0.01
r 80 0.01 8 18.2806 0.01
s 40 2 62
r 20 0.01 7 7.23959 0.01
r 22 0.01 7 6.8661 0.01
r 24 0.01 7 6.48274 0.01
r 26 0.01 7 6.09692 0.01
r 28 0.01 7 5.71043 0.01
r 30 0.01 7 5.31623 0.01
r 32 0.01 7 4.92295 0.01
r 34 0.01 7 4.52852 0.01
r 36 0.01 7 4.13115 0.01
r 38 0.01 7 3.67801 0.01
r 40 0.01 7 3.50366 0.01
r 42 0.01 7 3.67801 0.01
r 44 0.01 7 4.13115 0.01
r 46 0.01 7 4.52852 0.01
r 48 0.01 7 4.923 0.01
r 50 0.01 7 5.31623 0.01
r 52 0.01 7 5.71043 0.01
r 54 0.01 7 6.09692 0.01
r 56 0.01 7 6.48274 0.01
r 58 0.01 7 6.8661 0.01
r 60 0.01 7 7.23959 0.01
r 62 0.01 7 7.61167 0.01
r 64 0.01 7 7.97808 0.01
r 66 0.01 7 8.33904 0.01
r 68 0.01 7 8.6924 0.01
r 70 0.01 7 9.04659 0.01
r 72 0.01 7 9.38276 0.01
r 74 0.01 7 9.72381 0.01
r 76 0.01 7 10.0755 0.01
r 78 0.01 7 10.3846 0.01
r 80 0.01 7 10.7078 0.01
r 20 0.01 8 9.32287 0.01
r 22 0.01 8 8.68231 0.01
r 24 0.01 8 8.04086 0.01
r 26 0.01 8 7.40091 0.01
r 28 0.01 8 6.7605 0.01
r 30 0.01 8 6.12466 0.01
r 32 0.01 8 5.44255 0.01
r 34 0.01 8 4.7761 0.01
r 36 0.01 8 4.15063 0.01
r 38 0.01 8 3.6848 0.01
r 40 0.01 8 3.50797 0.01
r 42 0.01 8 3.68572 0.01
r 44 0.01 8 4.14948 0.01
r 46 0.01 8 4.7637 0.01
r 48 0.01 8 5.44694 0.01
r 50 0.01 8 6.12466 0.01
r 52 0.01 8 6.7605 0.01
r 54 0.01 8 7.40091 0.01
r 56 0.01 8 8.04086 0.01
r 58 0.01 8 8.68364 0.01
r 60 0.01 8 9.32287 0.01
r 62 0.01 8 9.96856 0.01
r 64 0.01 8 10.6093 0.01
r 66 0.01 8 11.2497 0.01
r 68 0.01 8 11.8897 0.01
r 70 0.01 8 12.5282 0.01
r 72 0.01 8 13.1687 0.01
r 74 0.01 8 13.8144 0.01
r 76 0.01 8 14.4553 0.01
r 78 0.01 8 15.1011 0.01
r 80 0.01 8 15.6582 0.01
s 50 2 62
r 20 0.01 7 9.04659 0.01
r 22 0.01 7 8.6924 0.01
r 24 0.01 7 8.33904 0.01
r 26 0.01 7 7.97808 0.01
r 28 0.01 7 7.61167 0.01
r 30 0.01 7 7.23959 0.01
r 32 0.01 7 6.8661 0.01
r 34 0.01 7 6.48274 0.01
r 36 0.01 7 6.09692 0.01
r 38 0.01 7 5.71043 0.01
r 40 0.01 7 5.31623 0.01
r 42 0.01 7 4.923 0.01
r 44 0.01 7 4.52852 0.01
r 46 0.01 7 4.13121 0.01
r 48 0.01 7 3.67801 0.01
r 50 0.01 7 3.50366 0.01
r 52 0.01 7 3.67801 0.01
r 54 0.01 7 4.13115 0.01
r 56 0.01 7 4.52852 0.01
r 58 0.01 7 4.92295 0.01
r 60 0.01 7 5.31623 0.01
r 62 0.01 7 5.71043 0.01
r 64 0.01 7 6.09692 0.01
r 66 0.01 7 6.48274 0.01
r 68 0.01 7 6.8661 0.01
r 70 0.01 7 7.23959 0.01
r 72 0.01 7 7.61167 0.01
r 74 0.01 7 7.97808 0.01
r 76 0.01 7 8.33904 0.01
r 78 0.01 7 8.6924 0.01
r 80 0.01 7 9.04659 0.01
r 20 0.01 8 12.5282 0.01
r 22 0.01 8 11.8897 0.01
r 24 0.01 8 11.2457 0.01
r 26 0.01 8 10.6093 0.01
r 28 0.01 8 9.96856 0.01
r 30 0.01 8 9.32287 0.01
r 32 0.01 8 8.68231 0.01
r 34 0.01 8 8.04086 0.01
r 36 0.01 8 7.40091 0.01
r 38 0.01 8 6.7605 0.01
r 40 0.01 8 6.12466 0.01
r 42 0.01 8 5.44255 0.01
r 44 0.01 8 4.77687 0.01
r 46 0.01 8 4.14989 0.01
r 48 0.01 8 3.68705 0.01
r 50 0.01 8 3.50857 0.01
r 52 0.01 8 3.68682 0.01
r 54 0.01 8 4.15006 0.01
r 56 0.01 8 4.77551 0.01
r 58 0.01 8 5.44694 0.01
r 60 0.01 8 6.12466 0.01
r 62 0.01 8 6.7605 0.01
r 64 0.01 8 7.40091 0.01
r 66 0.01 8 8.04086 0.01
r 68 0.01 8 8.68231 0.01
r 70 0.01 8 9.32287 0.01
r 72 0.01 8 9.96856 0.01
r 74 0.01 8 10.6093 0.01
r 76 0.01 8 11.2497 0.01
r 78 0.01 8 11.8897 0.01
r 80 0.01 8 12.5282 0.01
s 60 2 62
r 20 0.01 7 10.7078 0.01
r 22 0.01 7 10.3846 0.01
r 24 0.01 7 10.0755 0.01
r 26 0.01 7 9.72381 0.01
r 28 0.01 7 9.38276 0.01
r 30 0.01 7 9.04659 0.01
r 32 0.01 7 8.6924 0.01
r 34 0.01 7 8.33904 0.01
r 36 0.01 7 7.97808 0.01
r 38 0.01 7 7.61167 0.01
r 40 0.01 7 7.23959 0.01
r 42 0.01 7 6.8661 0.01
r 44 0.01 7 6.48274 0.01
r 46 0.01 7 6.09692 0.01
r 48 0.01 7 5.71043 0.01
r 50 0.01 7 5.31623 0.01
r 52 0.01 7 4.923 0.01
r 54 0.01 7 4.52852 0.01
r 56 0.01 7 4.13121 0.01
r 58 0.01 7 3.67801 0.01
r 60 0.01 7 3.50366 0.01
r 62 0.01 7 3.67801 0.01
r 64 0.01 7 4.13115 0.01
r 66 0.01 7 4.52852 0.01
r 68 0.01 7 4.92295 0.01
r 70 0.01 7 5.31663 0.01
r 72 0.01 7 5.71043 0.01
r 74 0.01 7 6.09692 0.01
r 76 0.01 7 6.48274 0.01
r 78 0.01 7 6.8661 0.01
r 80 0.01 7 7.23959 0.01
r 20 0.01 8 15.6582 0.01
r 22 0.01 8 15.1011 0.01
r 24 0.01 8 14.4553 0.01
r 26 0.01 8 13.8144 0.01
r 28 0.01 8 13.1687 0.01
r 30 0.01 8 12.5282 0.01
r 32 0.01 8 11.8897 0.01
r 34 0.01 8 11.2456 0.01
r 36 0.01 8 10.6093 0.01
r 38 0.01 8 9.96856 0.01
r 40 0.01 8 9.323 0.01
r 42 0.01 8 8.68231 0.01
r 44 0.01 8 8.04086 0.01
r 46 0.01 8 7.40091 0.01
r 48 0.01 8 6.7605 0.01
r 50 0.01 8 6.12466 0.01
r 52 0.01 8 5.44255 0.01
r 54 0.01 8 4.76492 0.01
r 56 0.01 8 4.14944 0.01
r 58 0.01 8 3.68789 0.01
r 60 0.01 8 3.50812 0.01
r 62 0.01 8 3.68623 0.01
r 64 0.01 8 4.14936 0.01
r 66 0.01 8 4.77977 0.01
r 68 0.01 8 5.44694 0.01
r 70 0.01 8 6.12466 0.01
r 72 0.01 8 6.7605 0.01
r 74 0.01 8 7.40091 0.01
r 76 0.01 8 8.04086 0.01
r 78 0.01 8 8.68231 0.01
r 80 0.01 8 9.32287 0.01
s 70 2 62
r 20 0.01 7 12.1976 0.01
r 22 0.01 7 11.9151 0.01
r 24 0.01 7 11.6158 0.01
r 26 0.01 7 11.3193 0.01
r 28 0.01 7 11.0203 0.01
r 30 0.01 7 10.7078 0.01
r 32 0.01 7 10.3846 0.01
r 34 0.01 7 10.0755 0.01
r 36 0.01 7 9.72381 0.01
r 38 0.01 7 9.38276 0.01
r 40 0.01 7 9.04659 0.01
r 42 0.01 7 8.6924 0.01
r 44 0.01 7 8.33904 0.01
r 46 0.01 7 7.97808 0.01
r 48 0.01 7 7.61167 0.01
r 50 0.01 7 7.23959 0.01
r 52 0.01 7 6.8661 0.01
r 54 0.01 7 6.48274 0.01
r 56 0.01 7 6.09692 0.01
r 58 0.01 7 5.71043 0.01
r 60 0.01 7 5.31623 0.01
r 62 0.01 7 4.923 0.01
r 64 0.01 7 4.52852 0.01
r 66 0.01 7 4.13115 0.01
r 68 0.01 7 3.67801 0.01
r 70 0.01 7 3.50366 0.01
r 72 0.01 7 3.67801 0.01
r 74 0.01 7 4.13121 0.01
r 76 0.01 7 4.52852 0.01
r 78 0.01 7 4.923 0.01
r 80 0.01 7 5.31623 0.01
r 20 0.01 8 18.2805 0.01
r 22 0.01 8 17.7799 0.01
r 24 0.01 8 17.2659 0.01
r 26 0.01 8 16.7437 0.01
r 28 0.01 8 16.2065 0.01
r 30 0.01 8 15.6582 0.01
r 32 0.01 8 15.1011 0.01
r 34 0.01 8 14.4553 0.01
r 36 0.01 8 13.8144 0.01
r 38 0.01 8 13.1687 0.01
r 40 0.01 8 12.5282 0.01
r 42 0.01 8 11.8897 0.01
r 44 0.01 8 11.2456 0.01
r 46 0.01 8 10.6093 0.01
r 48 0.01 8 9.96856 0.01
r 50 0.01 8 9.32287 0.01
r 52 0.01 8 8.68364 0.01
r 54 0.01 8 8.04086 0.01
r 56 0.01 8 7.40091 0.01
r 58 0.01 8 6.7605 0.01
r 60 0.01 8 6.12466 0.01
r 62 0.01 8 5.44255 0.01
r 64 0.01 8 4.76474 0.01
r 66 0.01 8 4.15064 0.01
r 68 0.01 8 3.68573 0.01
r 70 0.01 8 3.50802 0.01
r 72 0.01 8 3.68786 0.01
r 74 0.01 8 4.14915 0.01
r 76 0.01 8 4.76454 0.01
r 78 0.01 8 5.44694 0.01
r 80 0.01 8 6.12466 0.01
