1
s    50.000     2.000   20
r    60.000     0.010    0     0.000     0.000
r    65.000     0.010    0     0.000     0.000
r    70.000     0.010    0     0.000     0.000
r    75.000     0.010    0     0.000     0.000
r    80.000     0.010    0     0.000     0.000
r    60.000     0.010    4     0.000     0.000
r    65.000     0.010    4     0.000     0.000
r    70.000     0.010    4     0.000     0.000
r    75.000     0.010    4     0.000     0.000
r    80.000     0.010    4     0.000     0.000
r    60.000     0.010    1     0.000     0.000
r    65.000     0.010    1     0.000     0.000
r    70.000     0.010    1     0.000     0.000
r    75.000     0.010    1     0.000     0.000
r    80.000     0.010    1     0.000     0.000
r    60.000     0.010    5     0.000     0.000
r    65.000     0.010    5     0.000     0.000
r    70.000     0.010    5     0.000     0.000
r    75.000     0.010    5     0.000     0.000
r    80.000     0.010    5     0.000     0.000
