1
s 50 2 20
r 60 0.01 0 3.7561 0.01
r 65 0.01 0 4.85896 0.01
r 70 0.01 0 5.86362 0.01
r 75 0.01 0 6.39083 0.01
r 80 0.01 0 7.01778 0.01
r 60 0.01 4 6.25591 0.01
r 65 0.01 4 7.38505 0.01
r 70 0.01 4 8.41216 0.01
r 75 0.01 4 9.01247 0.01
r 80 0.01 4 9.63832 0.01
r 60 0.01 1 4.48839 0.01
r 65 0.01 1 5.17919 0.01
r 70 0.01 1 6.0131 0.01
r 75 0.01 1 6.82887 0.01
r 80 0.01 1 7.62836 0.01
r 60 0.01 5 7.11238 0.01
r 65 0.01 5 7.77586 0.01
r 70 0.01 5 8.53945 0.01
r 75 0.01 5 9.34858 0.01
r 80 0.01 5 10.1668 0.01
