76 81 1.5 0.33
0 2 4 6 8 10 12 14 16 18 20 22 24 26 28 30 32 34 36 38 40 42 44 46 48 50 52 54 56 58 60 62 64 66 68 70 72 74 76 78 80 82 84 86 88 90 92 94 96 98 100 102 104 106 108 110 112 114 116 118 120 122 124 126 128 130 132 134 136 138 140 142 144 146 148 150 
0 0 0 0 0 0 0 0 0 0 0 0 0 0 0 0 0 0 0 0 0 0 0 0 0 0 0 0 0 0 0 0 0 0 0 0 0 0 0 0 0 0 0 0 0 0 0 0 0 0 0 0 0 0 0 0 0 0 0 0 0 0 0 0 0 0 0 0 0 0 0 0 0 0 0 0 
0 0.2 0.4 0.6 0.8 1 1.2 1.4 1.6 1.8 2 2.2 2.4 2.6 2.8 3 3.2 3.4 3.6 3.8 4 4.2 4.4 4.6 4.8 5 5.2 5.4 5.6 5.8 6 6.2 6.4 6.6 6.8 7 7.2 7.4 7.6 7.8 8 8.2 8.4 8.6 8.8 9 9.2 9.4 9.6 9.8 10 10.2 10.4 10.6 10.8 11 11.2 11.4 11.6 11.8 12 12.2 12.4 12.6 12.8 13 13.2 13.4 13.6 13.8 14 14.2 14.4 14.6 14.8 15 15.2 15.4 15.6 15.8 16 
1.5 1.5 1.5 1.5 1.5 1.5 1.5 1.5 1.5 1.5 1.5 1.6967 6.055 6.0895 6.1239 6.1585 6.193 6.2274 6.2619 6.2964 6.3309 6.3654 6.3999 6.4343 6.4688 6.5034 6.5378 6.5723 6.6068 6.6412 6.6758 6.7103 6.7447 6.7792 6.8137 6.8482 6.8827 6.9172 6.9516 6.9861 7.0207 7.0551 7.0896 7.1241 7.1585 7.1931 7.2276 7.2621 7.2965 7.331 7.3656 8 8.02 8.04 8.06 8.08 8.1 8.12 8.14 8.16 8.18 8.2 8.22 8.24 8.26 8.28 8.3 8.32 8.34 8.36 8.38 8.4 8.42 8.44 8.46 8.48 8.5 8.52 8.54 8.56 8.58 
1.5 1.5 1.5 1.5 1.5 1.5 1.5 1.5 1.5 1.5 1.5 1.78 1.76 6.055 6.0904 6.1257 6.1612 6.1966 6.232 6.2673 6.3027 6.3382 6.3736 6.4089 6.4443 6.4797 6.5152 6.5505 6.5859 6.6213 6.6567 6.6921 6.7275 6.7629 6.7983 6.8336 6.8691 6.9045 6.9399 6.9752 7.0106 7.0461 7.0815 7.1168 7.1522 7.1876 7.2231 7.2584 7.2938 7.3292 7.3646 8 8.02 8.04 8.06 8.08 8.1 8.12 8.14 8.16 8.18 8.2 8.22 8.24 8.26 8.28 8.3 8.32 8.34 8.36 8.38 8.4 8.42 8.44 8.46 8.48 8.5 8.52 8.54 8.56 8.58 
1.5 1.5 1.5 1.5 1.5 1.5 1.5 1.5 1.5 1.5 1.5 1.8217 1.8433 1.865 6.055 6.0913 6.1277 6.1641 6.2004 6.2368 6.2731 6.3094 6.3459 6.3822 6.4185 6.4548 6.4912 6.5276 6.5639 6.6003 6.6366 6.6729 6.7094 6.7457 6.782 6.8184 6.8547 6.8911 6.9275 6.9638 7.0001 7.0364 7.0729 7.1092 7.1455 7.1819 7.2182 7.2546 7.291 7.3273 7.3636 8 8.02 8.04 8.06 8.08 8.1 8.12 8.14 8.16 8.18 8.2 8.22 8.24 8.26 8.28 8.3 8.32 8.34 8.36 8.38 8.4 8.42 8.44 8.46 8.48 8.5 8.52 8.54 8.56 8.58 
1.5 1.5 1.5 1.5 1.5 1.5 1.5 1.5 1.5 1.5 1.5 1.8217 1.8433 1.865 6.055 6.0913 6.1277 6.1641 6.2004 6.2368 6.2731 6.3094 6.3459 6.3822 6.4185 6.4548 6.4912 6.5276 6.5639 6.6003 6.6366 6.6729 6.7094 6.7457 6.782 6.8184 6.8547 6.8911 6.9275 6.9638 7.0001 7.0364 7.0729 7.1092 7.1455 7.1819 7.2182 7.2546 7.291 7.3273 7.3636 8 8.02 8.04 8.06 8.08 8.1 8.12 8.14 8.16 8.18 8.2 8.22 8.24 8.26 8.28 8.3 8.32 8.34 8.36 8.38 8.4 8.42 8.44 8.46 8.48 8.5 8.52 8.54 8.56 8.58 
1.5 1.5 1.5 1.5 1.5 1.5 1.5 1.5 1.5 1.5 1.5 1.8217 1.8433 1.865 6.055 6.0913 6.1277 6.1641 6.2004 6.2368 6.2731 6.3094 6.3459 6.3822 6.4185 6.4548 6.4912 6.5276 6.5639 6.6003 6.6366 6.6729 6.7094 6.7457 6.782 6.8184 6.8547 6.8911 6.9275 6.9638 7.0001 7.0364 7.0729 7.1092 7.1455 7.1819 7.2182 7.2546 7.291 7.3273 7.3636 8 8.02 8.04 8.06 8.08 8.1 8.12 8.14 8.16 8.18 8.2 8.22 8.24 8.26 8.28 8.3 8.32 8.34 8.36 8.38 8.4 8.42 8.44 8.46 8.48 8.5 8.52 8.54 8.56 8.58 
1.5 1.5 1.5 1.5 1.5 1.5 1.5 1.5 1.5 1.5 1.5 1.78 1.76 6.055 6.0904 6.1257 6.1612 6.1966 6.232 6.2673 6.3027 6.3382 6.3736 6.4089 6.4443 6.4797 6.5152 6.5505 6.5859 6.6213 6.6567 6.6921 6.7275 6.7629 6.7983 6.8336 6.8691 6.9045 6.9399 6.9752 7.0106 7.0461 7.0815 7.1168 7.1522 7.1876 7.2231 7.2584 7.2938 7.3292 7.3646 8 8.02 8.04 8.06 8.08 8.1 8.12 8.14 8.16 8.18 8.2 8.22 8.24 8.26 8.28 8.3 8.32 8.34 8.36 8.38 8.4 8.42 8.44 8.46 8.48 8.5 8.52 8.54 8.56 8.58 
1.5 1.5 1.5 1.5 1.5 1.5 1.5 1.5 1.5 1.5 1.5 1.78 1.76 6.055 6.0904 6.1257 6.1612 6.1966 6.232 6.2673 6.3027 6.3382 6.3736 6.4089 6.4443 6.4797 6.5152 6.5505 6.5859 6.6213 6.6567 6.6921 6.7275 6.7629 6.7983 6.8336 6.8691 6.9045 6.9399 6.9752 7.0106 7.0461 7.0815 7.1168 7.1522 7.1876 7.2231 7.2584 7.2938 7.3292 7.3646 8 8.02 8.04 8.06 8.08 8.1 8.12 8.14 8.16 8.18 8.2 8.22 8.24 8.26 8.28 8.3 8.32 8.34 8.36 8.38 8.4 8.42 8.44 8.46 8.48 8.5 8.52 8.54 8.56 8.58 
1.5 1.5 1.5 1.5 1.5 1.5 1.5 1.5 1.5 1.5 1.5 1.8467 1.8933 1.94 1.9867 6.055 6.0923 6.1297 6.1671 6.2045 6.2418 6.2791 6.3165 6.3539 6.3913 6.4286 6.466 6.5033 6.5407 6.5781 6.6154 6.6528 6.6901 6.7275 6.7649 6.8022 6.8396 6.8769 6.9143 6.9517 6.989 7.0264 7.0637 7.1012 7.1385 7.1758 7.2132 7.2505 7.288 7.3253 7.3626 8 8.02 8.04 8.06 8.08 8.1 8.12 8.14 8.16 8.18 8.2 8.22 8.24 8.26 8.28 8.3 8.32 8.34 8.36 8.38 8.4 8.42 8.44 8.46 8.48 8.5 8.52 8.54 8.56 8.58 
1.5 1.5 1.5 1.5 1.5 1.5 1.5 1.5 1.5 1.5 1.5 1.8634 1.9266 1.99 2.0534 2.1166 6.055 6.0934 6.1318 6.1703 6.2087 6.2471 6.2856 6.324 6.3625 6.4009 6.4393 6.4777 6.5161 6.5546 6.593 6.6314 6.6698 6.7082 6.7468 6.7852 6.8236 6.862 6.9004 6.9389 6.9773 7.0157 7.0541 7.0925 7.131 7.1694 7.2079 7.2463 7.2847 7.3232 7.3616 8 8.02 8.04 8.06 8.08 8.1 8.12 8.14 8.16 8.18 8.2 8.22 8.24 8.26 8.28 8.3 8.32 8.34 8.36 8.38 8.4 8.42 8.44 8.46 8.48 8.5 8.52 8.54 8.56 8.58 
1.5 1.5 1.5 1.5 1.5 1.5 1.5 1.5 1.5 1.5 1.5 1.8634 1.9266 1.99 2.0534 2.1166 6.055 6.0934 6.1318 6.1703 6.2087 6.2471 6.2856 6.324 6.3625 6.4009 6.4393 6.4777 6.5161 6.5546 6.593 6.6314 6.6698 6.7082 6.7468 6.7852 6.8236 6.862 6.9004 6.9389 6.9773 7.0157 7.0541 7.0925 7.131 7.1694 7.2079 7.2463 7.2847 7.3232 7.3616 8 8.02 8.04 8.06 8.08 8.1 8.12 8.14 8.16 8.18 8.2 8.22 8.24 8.26 8.28 8.3 8.32 8.34 8.36 8.38 8.4 8.42 8.44 8.46 8.48 8.5 8.52 8.54 8.56 8.58 
1.5 1.5 1.5 1.5 1.5 1.5 1.5 1.5 1.5 1.5 1.5 1.8467 1.8933 1.94 1.9867 6.055 6.0923 6.1297 6.1671 6.2045 6.2418 6.2791 6.3165 6.3539 6.3913 6.4286 6.466 6.5033 6.5407 6.5781 6.6154 6.6528 6.6901 6.7275 6.7649 6.8022 6.8396 6.8769 6.9143 6.9517 6.989 7.0264 7.0637 7.1012 7.1385 7.1758 7.2132 7.2505 7.288 7.3253 7.3626 8 8.02 8.04 8.06 8.08 8.1 8.12 8.14 8.16 8.18 8.2 8.22 8.24 8.26 8.28 8.3 8.32 8.34 8.36 8.38 8.4 8.42 8.44 8.46 8.48 8.5 8.52 8.54 8.56 8.58 
1.5 1.5 1.5 1.5 1.5 1.5 1.5 1.5 1.5 1.5 1.5 1.8467 1.8933 1.94 1.9867 6.055 6.0923 6.1297 6.1671 6.2045 6.2418 6.2791 6.3165 6.3539 6.3913 6.4286 6.466 6.5033 6.5407 6.5781 6.6154 6.6528 6.6901 6.7275 6.7649 6.8022 6.8396 6.8769 6.9143 6.9517 6.989 7.0264 7.0637 7.1012 7.1385 7.1758 7.2132 7.2505 7.288 7.3253 7.3626 8 8.02 8.04 8.06 8.08 8.1 8.12 8.14 8.16 8.18 8.2 8.22 8.24 8.26 8.28 8.3 8.32 8.34 8.36 8.38 8.4 8.42 8.44 8.46 8.48 8.5 8.52 8.54 8.56 8.58 
1.5 1.5 1.5 1.5 1.5 1.5 1.5 1.5 1.5 1.5 1.5 1.8467 1.8933 1.94 1.9867 6.055 6.0923 6.1297 6.1671 6.2045 6.2418 6.2791 6.3165 6.3539 6.3913 6.4286 6.466 6.5033 6.5407 6.5781 6.6154 6.6528 6.6901 6.7275 6.7649 6.8022 6.8396 6.8769 6.9143 6.9517 6.989 7.0264 7.0637 7.1012 7.1385 7.1758 7.2132 7.2505 7.288 7.3253 7.3626 8 8.02 8.04 8.06 8.08 8.1 8.12 8.14 8.16 8.18 8.2 8.22 8.24 8.26 8.28 8.3 8.32 8.34 8.36 8.38 8.4 8.42 8.44 8.46 8.48 8.5 8.52 8.54 8.56 8.58 
1.5 1.5 1.5 1.5 1.5 1.5 1.5 1.5 1.5 1.5 1.5 1.8634 1.9266 1.99 2.0533 2.1165 6.055 6.0934 6.1318 6.1703 6.2087 6.2471 6.2856 6.324 6.3625 6.4009 6.4393 6.4777 6.5161 6.5546 6.593 6.6314 6.6698 6.7082 6.7468 6.7852 6.8236 6.862 6.9004 6.9389 6.9773 7.0157 7.0541 7.0925 7.131 7.1694 7.2079 7.2463 7.2847 7.3232 7.3616 8 8.02 8.04 8.06 8.08 8.1 8.12 8.14 8.16 8.18 8.2 8.22 8.24 8.26 8.28 8.3 8.32 8.34 8.36 8.38 8.4 8.42 8.44 8.46 8.48 8.5 8.52 8.54 8.56 8.58 
1.5 1.5 1.5 1.5 1.5 1.5 1.5 1.5 1.5 1.5 1.5 1.8842 1.9682 2.0521 2.1359 2.2196 2.3038 2.3884 6.055 6.097 6.139 6.1811 6.2231 6.2652 6.3072 6.3492 6.3913 6.4333 6.4753 6.5173 6.5593 6.6014 6.6435 6.6855 6.7275 6.7695 6.8116 6.8536 6.8956 6.9376 6.9796 7.0218 7.0638 7.1058 7.1478 7.1898 7.2319 7.2739 7.3159 7.3579 8 8.02 8.04 8.06 8.08 8.1 8.12 8.14 8.16 8.18 8.2 8.22 8.24 8.26 8.28 8.3 8.32 8.34 8.36 8.38 8.4 8.42 8.44 8.46 8.48 8.5 8.52 8.54 8.56 8.58 8.6 
1.5 1.5 1.5 1.5 1.5 1.5 1.5 1.5 1.5 1.5 1.5 1.8841 1.9676 2.0504 2.132 2.2138 2.298 2.3845 6.055 6.097 6.139 6.1811 6.2231 6.2652 6.3072 6.3492 6.3913 6.4333 6.4753 6.5173 6.5593 6.6014 6.6435 6.6855 6.7275 6.7695 6.8116 6.8536 6.8956 6.9376 6.9796 7.0218 7.0638 7.1058 7.1478 7.1898 7.2319 7.2739 7.3159 7.3579 8 8.02 8.04 8.06 8.08 8.1 8.12 8.14 8.16 8.18 8.2 8.22 8.24 8.26 8.28 8.3 8.32 8.34 8.36 8.38 8.4 8.42 8.44 8.46 8.48 8.5 8.52 8.54 8.56 8.58 8.6 
1.5 1.5 1.5 1.5 1.5 1.5 1.5 1.5 1.5 1.5 1.5 1.8747 1.9476 2.0167 2.0812 2.1468 2.222 6.055 6.0957 6.1365 6.1773 6.2181 6.2588 6.2995 6.3403 6.3811 6.4218 6.4626 6.5033 6.5441 6.5849 6.6256 6.6664 6.7071 6.7478 6.7887 6.8294 6.8702 6.9109 6.9516 6.9925 7.0332 7.0739 7.1147 7.1554 7.1963 7.237 7.2777 7.3185 7.3592 8 8.02 8.04 8.06 8.08 8.1 8.12 8.14 8.16 8.18 8.2 8.22 8.24 8.26 8.28 8.3 8.32 8.34 8.36 8.38 8.4 8.42 8.44 8.46 8.48 8.5 8.52 8.54 8.56 8.58 8.6 
1.5 1.5 1.5 1.5 1.5 1.5 1.5 1.5 1.5 1.5 1.5 1.8736 1.942 1.9981 2.0402 2.086 2.1612 6.055 6.0957 6.1365 6.1773 6.2181 6.2588 6.2995 6.3403 6.3811 6.4218 6.4626 6.5033 6.5441 6.5849 6.6256 6.6664 6.7071 6.7478 6.7887 6.8294 6.8702 6.9109 6.9516 6.9925 7.0332 7.0739 7.1147 7.1554 7.1963 7.237 7.2777 7.3185 7.3592 8 8.02 8.04 8.06 8.08 8.1 8.12 8.14 8.16 8.18 8.2 8.22 8.24 8.26 8.28 8.3 8.32 8.34 8.36 8.38 8.4 8.42 8.44 8.46 8.48 8.5 8.52 8.54 8.56 8.58 8.6 
1.5 1.5 1.5 1.5 1.5 1.5 1.5 1.5 1.5 1.5 1.5 1.8714 1.9316 1.9643 1.9658 1.9754 2.0506 6.055 6.097 6.139 6.1811 6.2231 6.2652 6.3072 6.3492 6.3913 6.4333 6.4753 6.5173 6.5593 6.6014 6.6435 6.6855 6.7275 6.7695 6.8116 6.8536 6.8956 6.9376 6.9796 7.0218 7.0638 7.1058 7.1478 7.1898 7.2319 7.2739 7.3159 7.3579 8 8.02 8.04 8.06 8.08 8.1 8.12 8.14 8.16 8.18 8.2 8.22 8.24 8.26 8.28 8.3 8.32 8.34 8.36 8.38 8.4 8.42 8.44 8.46 8.48 8.5 8.52 8.54 8.56 8.58 8.6 8.62 
1.5 1.5 1.5 1.5 1.5 1.5 1.5 1.5 1.5 1.5 1.5 1.878 1.938 1.9533 1.9181 1.8964 1.9806 2.1706 6.055 6.0984 6.1417 6.1852 6.2286 6.2719 6.3153 6.3587 6.4021 6.4455 6.4889 6.5322 6.5756 6.6191 6.6624 6.7057 6.7491 6.7924 6.8358 6.8792 6.9225 6.9659 7.0093 7.0527 7.0961 7.1395 7.1828 7.2263 7.2698 7.3131 7.3566 8 8.02 8.04 8.06 8.08 8.1 8.12 8.14 8.16 8.18 8.2 8.22 8.24 8.26 8.28 8.3 8.32 8.34 8.36 8.38 8.4 8.42 8.44 8.46 8.48 8.5 8.52 8.54 8.56 8.58 8.6 8.62 
1.5 1.5 1.5 1.5 1.5 1.5 1.5 1.5 1.5 1.5 1.5 1.8838 1.9466 1.9569 1.908 1.8748 1.966 2.1813 2.4125 6.055 6.0998 6.1446 6.1895 6.2344 6.2792 6.324 6.3688 6.4136 6.4583 6.5031 6.5478 6.5927 6.6375 6.6822 6.7269 6.7716 6.8163 6.8612 6.906 6.9508 6.9956 7.0404 7.0853 7.1302 7.175 7.2199 7.2649 7.3099 7.3548 8 8.02 8.04 8.06 8.08 8.1 8.12 8.14 8.16 8.18 8.2 8.22 8.24 8.26 8.28 8.3 8.32 8.34 8.36 8.38 8.4 8.42 8.44 8.46 8.48 8.5 8.52 8.54 8.56 8.58 8.6 8.62 
1.5 1.5 1.5 1.5 1.5 1.5 1.5 1.5 1.5 1.5 1.5 1.8905 1.963 1.9908 1.9681 1.9589 2.0556 2.2581 2.4741 2.6397 6.055 6.1014 6.1477 6.1941 6.2403 6.2867 6.333 6.3791 6.4255 6.4716 6.5177 6.5638 6.6098 6.6559 6.7019 6.7479 6.7939 6.84 6.8863 6.9325 6.9788 7.0252 7.0717 7.1184 7.165 7.2117 7.2584 7.3051 7.352 8 8.02 8.04 8.06 8.08 8.1 8.12 8.14 8.16 8.18 8.2 8.22 8.24 8.26 8.28 8.3 8.32 8.34 8.36 8.38 8.4 8.42 8.44 8.46 8.48 8.5 8.52 8.54 8.56 8.58 8.6 8.62 
1.5 1.5 1.5 1.5 1.5 1.5 1.5 1.5 1.5 1.5 1.5 1.8872 1.9634 2.0119 2.0293 2.0547 2.1459 2.3026 2.4675 6.055 6.0998 6.1445 6.1893 6.234 6.2787 6.3232 6.3677 6.4121 6.4563 6.5004 6.5444 6.5883 6.6321 6.6757 6.7193 6.7629 6.8066 6.8505 6.8947 6.939 6.9837 7.0286 7.074 7.1195 7.1653 7.2112 7.2573 7.3034 7.3494 8 8.02 8.04 8.06 8.08 8.1 8.12 8.14 8.16 8.18 8.2 8.22 8.24 8.26 8.28 8.3 8.32 8.34 8.36 8.38 8.4 8.42 8.44 8.46 8.48 8.5 8.52 8.54 8.56 8.58 8.6 8.62 
1.5 1.5 1.5 1.5 1.5 1.5 1.5 1.5 1.5 1.5 1.5 1.8825 1.9599 2.0249 2.0759 2.1306 2.2148 2.3284 6.055 6.0982 6.1414 6.1848 6.2279 6.2709 6.3137 6.3564 6.3988 6.4409 6.4826 6.5239 6.5648 6.6055 6.6456 6.6856 6.7254 6.7653 6.8056 6.8462 6.8874 6.9295 6.9724 7.0163 7.061 7.1065 7.1526 7.1992 7.2461 7.293 7.3398 8 8.02 8.04 8.06 8.08 8.1 8.12 8.14 8.16 8.18 8.2 8.22 8.24 8.26 8.28 8.3 8.32 8.34 8.36 8.38 8.4 8.42 8.44 8.46 8.48 8.5 8.52 8.54 8.56 8.58 8.6 8.62 
1.5 1.5 1.5 1.5 1.5 1.5 1.5 1.5 1.5 1.5 1.5 1.8905 1.9794 2.0643 2.1447 2.2261 2.3173 2.418 2.5199 6.0546 6.0991 6.1435 6.1878 6.2318 6.2753 6.3183 6.3607 6.4024 6.4431 6.4829 6.5216 6.5595 6.5966 6.633 6.6692 6.7055 6.7425 6.7806 6.8203 6.8619 6.9056 6.9515 6.9996 7.0496 7.1012 7.1538 7.2072 7.2607 7.3139 8 8.02 8.04 8.06 8.08 8.1 8.12 8.14 8.16 8.18 8.2 8.22 8.24 8.26 8.28 8.3 8.32 8.34 8.36 8.38 8.4 8.42 8.44 8.46 8.48 8.5 8.52 8.54 8.56 8.58 8.6 8.62 
1.5 1.5 1.5 1.5 1.5 1.5 1.5 1.5 1.5 1.5 1.5 1.8966 1.9926 2.0879 2.182 2.2763 2.373 2.472 2.5712 2.6693 6.0536 6.0992 6.1442 6.1889 6.2325 6.2751 6.3164 6.3561 6.3941 6.4298 6.4636 6.4954 6.5255 6.5545 6.5827 6.6114 6.6414 6.6737 6.7094 6.7489 6.793 6.8416 6.8948 6.9521 7.0125 7.0752 7.1392 7.2037 7.2677 8 8.02 8.04 8.06 8.08 8.1 8.12 8.14 8.16 8.18 8.2 8.22 8.24 8.26 8.28 8.3 8.32 8.34 8.36 8.38 8.4 8.42 8.44 8.46 8.48 8.5 8.52 8.54 8.56 8.58 8.6 8.62 
1.5 1.5 1.5 1.5 1.5 1.5 1.5 1.5 1.5 1.5 1.5 1.9167 2.0332 2.1496 2.2659 2.3821 2.4988 2.6159 2.7329 2.8499 6.055 6.0975 6.1416 6.1846 6.2264 6.266 6.3034 6.3379 6.3693 6.3971 6.4211 6.4417 6.4591 6.4745 6.4891 6.5041 6.5215 6.543 6.5702 6.6046 6.6468 6.6974 6.7557 6.8213 6.8925 6.9679 7.0456 7.1238 7.2012 8 8.02 8.04 8.06 8.08 8.1 8.12 8.14 8.16 8.18 8.2 8.22 8.24 8.26 8.28 8.3 8.32 8.34 8.36 8.38 8.4 8.42 8.44 8.46 8.48 8.5 8.52 8.54 8.56 8.58 8.6 8.62 
1.5 1.5 1.5 1.5 1.5 1.5 1.5 1.5 1.5 1.5 1.5 1.9167 2.0333 2.15 2.2666 2.3832 2.4999 2.6166 2.7333 2.85 6.055 6.0955 6.1385 6.1799 6.2192 6.2555 6.2884 6.3169 6.3406 6.3591 6.3719 6.3794 6.3823 6.3821 6.3806 6.3798 6.3826 6.3915 6.4091 6.4374 6.4776 6.5302 6.5946 6.6698 6.7536 6.8436 6.9371 7.0314 7.1244 8 8.02 8.04 8.06 8.08 8.1 8.12 8.14 8.16 8.18 8.2 8.22 8.24 8.26 8.28 8.3 8.32 8.34 8.36 8.38 8.4 8.42 8.44 8.46 8.48 8.5 8.52 8.54 8.56 8.58 8.6 8.62 
1.5 1.5 1.5 1.5 1.5 1.5 1.5 1.5 1.5 1.5 1.5 1.9167 2.0333 2.15 2.2667 2.3833 2.5 2.6167 2.7333 2.85 6.055 6.0923 6.1328 6.1713 6.207 6.2391 6.2666 6.2887 6.3046 6.3137 6.3157 6.3109 6.3002 6.2855 6.2691 6.2537 6.2428 6.2398 6.248 6.2697 6.3066 6.3593 6.4273 6.5088 6.6015 6.7021 6.8071 6.9132 7.0175 7.1179 8 8.02 8.04 8.06 8.08 8.1 8.12 8.14 8.16 8.18 8.2 8.22 8.24 8.26 8.28 8.3 8.32 8.34 8.36 8.38 8.4 8.42 8.44 8.46 8.48 8.5 8.52 8.54 8.56 8.58 8.6 
1.5 1.5 1.5 1.5 1.5 1.5 1.5 1.5 1.5 1.5 1.5 1.8967 1.9933 2.09 2.1867 2.2833 2.38 2.4767 2.5733 2.67 6.05 6.0917 6.1318 6.1697 6.2047 6.2357 6.2617 6.2819 6.2954 6.3013 6.2996 6.2906 6.2753 6.2556 6.2339 6.2134 6.1978 6.1907 6.1957 6.2155 6.2517 6.3051 6.375 6.4598 6.5565 6.6617 6.7718 6.8832 6.9927 7.0977 8 8.02 8.04 8.06 8.08 8.1 8.12 8.14 8.16 8.18 8.2 8.22 8.24 8.26 8.28 8.3 8.32 8.34 8.36 8.38 8.4 8.42 8.44 8.46 8.48 8.5 8.52 8.54 8.56 8.58 8.6 
1.5 1.5 1.5 1.5 1.5 1.5 1.5 1.5 1.5 1.5 1.5 1.8967 1.9933 2.09 2.1867 2.2833 2.38 2.4767 2.5733 2.67 6.0504 6.0909 6.1299 6.167 6.2012 6.2318 6.2579 6.2786 6.2931 6.3007 6.3012 6.2949 6.2828 6.2668 6.2488 6.232 6.2197 6.2152 6.222 6.2422 6.2776 6.3289 6.3955 6.4756 6.5668 6.6659 6.7694 6.8741 6.9771 7.0759 7.1689 8 8.02 8.04 8.06 8.08 8.1 8.12 8.14 8.16 8.18 8.2 8.22 8.24 8.26 8.28 8.3 8.32 8.34 8.36 8.38 8.4 8.42 8.44 8.46 8.48 8.5 8.52 8.54 8.56 8.58 
1.5 1.5 1.5 1.5 1.5 1.5 1.5 1.5 1.5 1.5 1.5 1.9334 2.0666 2.2 2.3334 2.4666 2.6 2.7334 2.8666 3 6.055 6.0984 6.1326 6.1709 6.2071 6.2406 6.2704 6.296 6.3167 6.332 6.342 6.3465 6.3464 6.3432 6.3386 6.3349 6.3347 6.3407 6.3552 6.3805 6.4178 6.4673 6.5288 6.601 6.6818 6.7688 6.8593 6.9507 7.0406 7.1274 7.2098 8 8.02 8.04 8.06 8.08 8.1 8.12 8.14 8.16 8.18 8.2 8.22 8.24 8.26 8.28 8.3 8.32 8.34 8.36 8.38 8.4 8.42 8.44 8.46 8.48 8.5 8.52 8.54 8.56 8.58 
1.5 1.5 1.5 1.5 1.5 1.5 1.5 1.5 1.5 1.5 1.5 1.9596 2.119 2.2786 2.4381 2.5976 2.7571 2.9167 3.0762 3.2357 6.055 6.097 6.1391 6.1811 6.2089 6.2442 6.2772 6.3076 6.3346 6.3579 6.3776 6.3938 6.407 6.418 6.4281 6.4388 6.4519 6.4692 6.492 6.522 6.5598 6.606 6.6601 6.7213 6.7882 6.8592 6.9325 7.0065 7.0795 7.1504 7.2182 7.2825 8 8.02 8.04 8.06 8.08 8.1 8.12 8.14 8.16 8.18 8.2 8.22 8.24 8.26 8.28 8.3 8.32 8.34 8.36 8.38 8.4 8.42 8.44 8.46 8.48 8.5 8.52 8.54 8.56 
1.5 1.5 1.5 1.5 1.5 1.5 1.5 1.5 1.5 1.5 1.5 1.9475 2.0948 2.2423 2.3898 2.5371 2.6846 2.8321 2.9795 3.1269 6.055 6.097 6.1391 6.1758 6.2151 6.2533 6.2903 6.3257 6.3592 6.3907 6.4201 6.4476 6.4734 6.4979 6.5218 6.5461 6.5719 6.5999 6.6311 6.6663 6.706 6.7504 6.7992 6.852 6.9081 6.9664 7.0263 7.0864 7.1459 7.2041 7.2607 7.3154 8 8.02 8.04 8.06 8.08 8.1 8.12 8.14 8.16 8.18 8.2 8.22 8.24 8.26 8.28 8.3 8.32 8.34 8.36 8.38 8.4 8.42 8.44 8.46 8.48 8.5 8.52 8.54 8.56 
1.5 1.5 1.5 1.5 1.5 1.5 1.5 1.5 1.5 1.5 1.5 1.9334 2.0666 2.2 2.3334 2.4666 2.6 2.7334 2.8666 3 6.055 6.0958 6.1348 6.1747 6.2141 6.2531 6.2915 6.329 6.3656 6.4014 6.4361 6.4699 6.5028 6.5351 6.5673 6.5996 6.6325 6.6665 6.702 6.7396 6.7793 6.8211 6.8651 6.911 6.9585 7.0072 7.0564 7.1058 7.1549 7.2034 7.2513 7.2981 7.3438 8 8.02 8.04 8.06 8.08 8.1 8.12 8.14 8.16 8.18 8.2 8.22 8.24 8.26 8.28 8.3 8.32 8.34 8.36 8.38 8.4 8.42 8.44 8.46 8.48 8.5 8.52 8.54 
1.5 1.5 1.5 1.5 1.5 1.5 1.5 1.5 1.5 1.5 1.5 1.9334 2.0666 2.2 2.3334 2.4666 2.6 2.7334 2.8666 3 6.055 6.0958 6.1358 6.1763 6.2164 6.2565 6.2963 6.3357 6.3747 6.4135 6.4518 6.4898 6.5273 6.5646 6.6018 6.6392 6.6767 6.7147 6.7533 6.7928 6.8331 6.8743 6.9164 6.9592 7.0027 7.0468 7.0909 7.1353 7.1794 7.2233 7.267 7.3102 7.3529 8 8.02 8.04 8.06 8.08 8.1 8.12 8.14 8.16 8.18 8.2 8.22 8.24 8.26 8.28 8.3 8.32 8.34 8.36 8.38 8.4 8.42 8.44 8.46 8.48 8.5 8.52 8.54 
1.5 1.5 1.5 1.5 1.5 1.5 1.5 1.5 1.5 1.5 1.5 1.9475 2.0948 2.2423 2.3898 2.5371 2.6846 2.8321 2.9795 3.1269 6.055 6.0946 6.1341 6.1733 6.2127 6.252 6.2913 6.3303 6.3693 6.4081 6.4468 6.4855 6.5239 6.5623 6.6006 6.6389 6.6775 6.716 6.7549 6.7939 6.8333 6.8731 6.9131 6.9534 6.9939 7.0345 7.0754 7.1161 7.1568 7.1975 7.238 7.2785 7.3187 7.3588 8 8.02 8.04 8.06 8.08 8.1 8.12 8.14 8.16 8.18 8.2 8.22 8.24 8.26 8.28 8.3 8.32 8.34 8.36 8.38 8.4 8.42 8.44 8.46 8.48 8.5 8.52 
1.5 1.5 1.5 1.5 1.5 1.5 1.5 1.5 1.5 1.5 1.5 1.9475 2.0948 2.2423 2.3898 2.5371 2.6846 2.8321 2.9795 3.1269 6.055 6.0946 6.1341 6.1736 6.213 6.2526 6.2921 6.3314 6.3709 6.4102 6.4494 6.4888 6.528 6.5672 6.6064 6.6455 6.6849 6.7241 6.7635 6.8029 6.8423 6.8821 6.9217 6.9615 7.0013 7.0411 7.0812 7.121 7.1609 7.2008 7.2406 7.2806 7.3203 7.3599 8 8.02 8.04 8.06 8.08 8.1 8.12 8.14 8.16 8.18 8.2 8.22 8.24 8.26 8.28 8.3 8.32 8.34 8.36 8.38 8.4 8.42 8.44 8.46 8.48 8.5 8.52 
1.5 1.5 1.5 1.5 1.5 1.5 1.5 1.5 1.5 1.5 1.5 1.97 2.14 2.31 2.48 2.65 2.82 2.99 3.16 3.33 6.055 6.0934 6.1319 6.1703 6.2087 6.2471 6.2856 6.3239 6.3623 6.4007 6.439 6.4774 6.5157 6.5541 6.5924 6.6307 6.669 6.7074 6.7459 6.7843 6.8227 6.8611 6.8995 6.9381 6.9765 7.015 7.0535 7.092 7.1306 7.1691 7.2076 7.2461 7.2845 7.3231 7.3616 8 8.02 8.04 8.06 8.08 8.1 8.12 8.14 8.16 8.18 8.2 8.22 8.24 8.26 8.28 8.3 8.32 8.34 8.36 8.38 8.4 8.42 8.44 8.46 8.48 8.5 
1.5 1.5 1.5 1.5 1.5 1.5 1.5 1.5 1.5 1.5 1.5 1.9792 2.1583 2.3375 2.5167 2.6958 2.875 3.0542 3.2333 3.4125 6.055 6.0934 6.1319 6.1703 6.2087 6.2471 6.2856 6.324 6.3624 6.4009 6.4393 6.4777 6.5161 6.5544 6.5929 6.6313 6.6697 6.7081 6.7465 6.785 6.8234 6.8618 6.9002 6.9386 6.9771 7.0156 7.054 7.0925 7.131 7.1695 7.2079 7.2463 7.2847 7.3231 7.3616 8 8.02 8.04 8.06 8.08 8.1 8.12 8.14 8.16 8.18 8.2 8.22 8.24 8.26 8.28 8.3 8.32 8.34 8.36 8.38 8.4 8.42 8.44 8.46 8.48 8.5 
1.5 1.5 1.5 1.5 1.5 1.5 1.5 1.5 1.5 1.5 1.5 1.9596 2.119 2.2786 2.4381 2.5976 2.7571 2.9167 3.0762 3.2357 6.055 6.0924 6.1297 6.1671 6.2044 6.2418 6.2791 6.3166 6.3539 6.3912 6.4286 6.4659 6.5034 6.5407 6.5781 6.6154 6.6527 6.6902 6.7275 6.7649 6.8022 6.8395 6.877 6.9143 6.9517 6.989 7.0263 7.0638 7.1011 7.1385 7.1758 7.2132 7.2506 7.2879 7.3253 7.3626 8 8.02 8.04 8.06 8.08 8.1 8.12 8.14 8.16 8.18 8.2 8.22 8.24 8.26 8.28 8.3 8.32 8.34 8.36 8.38 8.4 8.42 8.44 8.46 8.48 
1.5 1.5 1.5 1.5 1.5 1.5 1.5 1.5 1.5 1.5 1.5 1.9475 2.0948 2.2423 2.3898 2.5371 2.6846 2.8321 2.9795 3.1269 6.055 6.0924 6.1297 6.1671 6.2044 6.2418 6.2792 6.3165 6.3539 6.3912 6.4286 6.466 6.5034 6.5407 6.578 6.6154 6.6528 6.6902 6.7275 6.7648 6.8022 6.8396 6.877 6.9143 6.9516 6.989 7.0264 7.0638 7.1011 7.1385 7.1758 7.2132 7.2506 7.2879 7.3253 7.3626 8 8.02 8.04 8.06 8.08 8.1 8.12 8.14 8.16 8.18 8.2 8.22 8.24 8.26 8.28 8.3 8.32 8.34 8.36 8.38 8.4 8.42 8.44 8.46 8.48 
1.5 1.5 1.5 1.5 1.5 1.5 1.5 1.5 1.5 1.5 1.5 1.97 2.14 2.31 2.48 2.65 2.82 2.99 3.16 3.33 6.055 6.0924 6.1297 6.1671 6.2044 6.2418 6.2791 6.3165 6.3539 6.3913 6.4286 6.466 6.5033 6.5407 6.5781 6.6154 6.6528 6.6901 6.7275 6.7649 6.8022 6.8396 6.8769 6.9143 6.9517 6.989 7.0264 7.0637 7.1012 7.1385 7.1758 7.2132 7.2505 7.288 7.3253 7.3626 8 8.02 8.04 8.06 8.08 8.1 8.12 8.14 8.16 8.18 8.2 8.22 8.24 8.26 8.28 8.3 8.32 8.34 8.36 8.38 8.4 8.42 8.44 8.46 8.48 
1.5 1.5 1.5 1.5 1.5 1.5 1.5 1.5 1.5 1.5 1.5 1.9792 2.1583 2.3375 2.5167 2.6958 2.875 3.0542 3.2333 3.4125 6.055 6.0914 6.1277 6.1641 6.2004 6.2368 6.2731 6.3094 6.3458 6.3822 6.4185 6.4549 6.4912 6.5275 6.564 6.6003 6.6366 6.673 6.7093 6.7457 6.782 6.8184 6.8547 6.891 6.9275 6.9638 7.0001 7.0365 7.0728 7.1092 7.1456 7.1819 7.2182 7.2546 7.291 7.3273 7.3636 8 8.02 8.04 8.06 8.08 8.1 8.12 8.14 8.16 8.18 8.2 8.22 8.24 8.26 8.28 8.3 8.32 8.34 8.36 8.38 8.4 8.42 8.44 8.46 
1.5 1.5 1.5 1.5 1.5 1.5 1.5 1.5 1.5 1.5 1.5 1.9792 2.1583 2.3375 2.5167 2.6958 2.875 3.0542 3.2333 3.4125 6.055 6.0914 6.1277 6.1641 6.2004 6.2368 6.2731 6.3094 6.3458 6.3822 6.4185 6.4549 6.4912 6.5275 6.564 6.6003 6.6366 6.673 6.7093 6.7457 6.782 6.8184 6.8547 6.891 6.9275 6.9638 7.0001 7.0365 7.0728 7.1092 7.1456 7.1819 7.2182 7.2546 7.291 7.3273 7.3636 8 8.02 8.04 8.06 8.08 8.1 8.12 8.14 8.16 8.18 8.2 8.22 8.24 8.26 8.28 8.3 8.32 8.34 8.36 8.38 8.4 8.42 8.44 8.46 
1.5 1.5 1.5 1.5 1.5 1.5 1.5 1.5 1.5 1.5 1.5 1.9873 2.1745 2.3618 2.5491 2.7362 2.9235 3.1108 3.298 3.4853 6.055 6.0914 6.1277 6.1641 6.2004 6.2368 6.2731 6.3095 6.3458 6.3821 6.4186 6.4549 6.4912 6.5275 6.5639 6.6003 6.6366 6.673 6.7093 6.7456 6.7821 6.8184 6.8547 6.8911 6.9274 6.9638 7.0002 7.0365 7.0728 7.1091 7.1456 7.1819 7.2182 7.2546 7.2909 7.3273 7.3637 8 8.02 8.04 8.06 8.08 8.1 8.12 8.14 8.16 8.18 8.2 8.22 8.24 8.26 8.28 8.3 8.32 8.34 8.36 8.38 8.4 8.42 8.44 8.46 
1.5 1.5 1.5 1.5 1.5 1.5 1.5 1.5 1.5 1.5 1.5 1.9873 2.1745 2.3618 2.5491 2.7362 2.9235 3.1108 3.298 3.4853 6.055 6.0904 6.1258 6.1612 6.1966 6.232 6.2674 6.3028 6.3381 6.3735 6.409 6.4444 6.4797 6.5151 6.5505 6.586 6.6213 6.6567 6.6921 6.7275 6.7629 6.7983 6.8337 6.8691 6.9044 6.9399 6.9753 7.0107 7.046 7.0814 7.1169 7.1523 7.1876 7.223 7.2584 7.2939 7.3292 7.3646 8 8.02 8.04 8.06 8.08 8.1 8.12 8.14 8.16 8.18 8.2 8.22 8.24 8.26 8.28 8.3 8.32 8.34 8.36 8.38 8.4 8.42 8.44 
1.5 1.5 1.5 1.5 1.5 1.5 1.5 1.5 1.5 1.5 1.5 1.97 2.14 2.31 2.48 2.65 2.82 2.99 3.16 3.33 6.055 6.0904 6.1258 6.1612 6.1966 6.232 6.2673 6.3027 6.3382 6.3736 6.4089 6.4443 6.4797 6.5152 6.5505 6.5859 6.6213 6.6567 6.6921 6.7275 6.7629 6.7983 6.8336 6.8691 6.9045 6.9399 6.9752 7.0106 7.0461 7.0815 7.1168 7.1522 7.1876 7.2231 7.2584 7.2938 7.3292 7.3646 8 8.02 8.04 8.06 8.08 8.1 8.12 8.14 8.16 8.18 8.2 8.22 8.24 8.26 8.28 8.3 8.32 8.34 8.36 8.38 8.4 8.42 8.44 
1.5 1.5 1.5 1.5 1.5 1.5 1.5 1.5 1.5 1.5 1.5 1.9792 2.1583 2.3375 2.5167 2.6958 2.875 3.0542 3.2333 3.4125 6.055 6.0904 6.1258 6.1612 6.1966 6.232 6.2674 6.3027 6.3381 6.3736 6.409 6.4443 6.4797 6.5151 6.5506 6.5859 6.6213 6.6567 6.6921 6.7275 6.7629 6.7983 6.8337 6.869 6.9045 6.9399 6.9753 7.0106 7.046 7.0815 7.1169 7.1522 7.1876 7.223 7.2585 7.2938 7.3292 7.3646 8 8.02 8.04 8.06 8.08 8.1 8.12 8.14 8.16 8.18 8.2 8.22 8.24 8.26 8.28 8.3 8.32 8.34 8.36 8.38 8.4 8.42 8.44 
1.5 1.5 1.5 1.5 1.5 1.5 1.5 1.5 1.5 1.5 1.5 1.9945 2.1889 2.3833 2.5778 2.7722 2.9667 3.1611 3.3555 3.55 6.055 6.0904 6.1258 6.1612 6.1966 6.232 6.2674 6.3028 6.3382 6.3735 6.4089 6.4444 6.4798 6.5151 6.5505 6.5859 6.6214 6.6567 6.6921 6.7275 6.7629 6.7983 6.8337 6.8691 6.9045 6.9398 6.9753 7.0107 7.0461 7.0814 7.1168 7.1523 7.1877 7.223 7.2584 7.2938 7.3293 7.3646 8 8.02 8.04 8.06 8.08 8.1 8.12 8.14 8.16 8.18 8.2 8.22 8.24 8.26 8.28 8.3 8.32 8.34 8.36 8.38 8.4 8.42 8.44 
1.5 1.5 1.5 1.5 1.5 1.5 1.5 1.5 1.5 1.5 1.5 2.0009 2.2017 2.4026 2.6035 2.8044 3.0053 3.2062 3.407 3.6079 6.055 6.0895 6.124 6.1585 6.1929 6.2274 6.2619 6.2964 6.3309 6.3654 6.3999 6.4343 6.4689 6.5034 6.5378 6.5723 6.6068 6.6413 6.6758 6.7103 6.7447 6.7792 6.8138 6.8482 6.8827 6.9172 6.9516 6.9862 7.0207 7.0551 7.0896 7.1241 7.1586 7.1931 7.2276 7.262 7.2965 7.3311 7.3655 8 8.02 8.04 8.06 8.08 8.1 8.12 8.14 8.16 8.18 8.2 8.22 8.24 8.26 8.28 8.3 8.32 8.34 8.36 8.38 8.4 8.42 
1.5 1.5 1.5 1.5 1.5 1.5 1.5 1.5 1.5 1.5 1.5 1.9945 2.1889 2.3833 2.5778 2.7722 2.9667 3.1611 3.3555 3.55 6.055 6.0895 6.124 6.1585 6.1929 6.2274 6.2619 6.2964 6.3309 6.3654 6.3998 6.4344 6.4689 6.5033 6.5378 6.5723 6.6068 6.6413 6.6758 6.7102 6.7447 6.7793 6.8137 6.8482 6.8827 6.9171 6.9517 6.9862 7.0206 7.0551 7.0896 7.1241 7.1586 7.1931 7.2275 7.262 7.2966 7.331 7.3655 8 8.02 8.04 8.06 8.08 8.1 8.12 8.14 8.16 8.18 8.2 8.22 8.24 8.26 8.28 8.3 8.32 8.34 8.36 8.38 8.4 8.42 
1.5 1.5 1.5 1.5 1.5 1.5 1.5 1.5 1.5 1.5 1.5 1.9945 2.1889 2.3833 2.5778 2.7722 2.9667 3.1611 3.3555 3.55 6.055 6.0895 6.124 6.1585 6.1929 6.2274 6.2619 6.2964 6.3309 6.3654 6.3998 6.4344 6.4689 6.5033 6.5378 6.5723 6.6068 6.6413 6.6758 6.7102 6.7447 6.7793 6.8137 6.8482 6.8827 6.9171 6.9517 6.9862 7.0206 7.0551 7.0896 7.1241 7.1586 7.1931 7.2275 7.262 7.2966 7.331 7.3655 8 8.02 8.04 8.06 8.08 8.1 8.12 8.14 8.16 8.18 8.2 8.22 8.24 8.26 8.28 8.3 8.32 8.34 8.36 8.38 8.4 8.42 
1.5 1.5 1.5 1.5 1.5 1.5 1.5 1.5 1.5 1.5 1.5 1.9945 2.1889 2.3833 2.5778 2.7722 2.9667 3.1611 3.3555 3.55 6.055 6.0895 6.124 6.1585 6.1929 6.2274 6.2619 6.2964 6.3309 6.3654 6.3998 6.4344 6.4689 6.5033 6.5378 6.5723 6.6068 6.6413 6.6758 6.7102 6.7447 6.7793 6.8137 6.8482 6.8827 6.9171 6.9517 6.9862 7.0206 7.0551 7.0896 7.1241 7.1586 7.1931 7.2275 7.262 7.2966 7.331 7.3655 8 8.02 8.04 8.06 8.08 8.1 8.12 8.14 8.16 8.18 8.2 8.22 8.24 8.26 8.28 8.3 8.32 8.34 8.36 8.38 8.4 8.42 
1.5 1.5 1.5 1.5 1.5 1.5 1.5 1.5 1.5 1.5 1.5 1.9945 2.1889 2.3833 2.5778 2.7722 2.9667 3.1611 3.3555 3.55 6.055 6.0895 6.124 6.1585 6.1929 6.2274 6.2619 6.2964 6.3309 6.3654 6.3998 6.4344 6.4689 6.5033 6.5378 6.5723 6.6068 6.6413 6.6758 6.7102 6.7447 6.7793 6.8137 6.8482 6.8827 6.9171 6.9517 6.9862 7.0206 7.0551 7.0896 7.1241 7.1586 7.1931 7.2275 7.262 7.2966 7.331 7.3655 8 8.02 8.04 8.06 8.08 8.1 8.12 8.14 8.16 8.18 8.2 8.22 8.24 8.26 8.28 8.3 8.32 8.34 8.36 8.38 8.4 8.42 
1.5 1.5 1.5 1.5 1.5 1.5 1.5 1.5 1.5 1.5 1.5 2.0009 2.2017 2.4026 2.6035 2.8044 3.0053 3.2062 3.407 3.6079 6.055 6.0895 6.124 6.1585 6.1929 6.2274 6.2619 6.2964 6.3309 6.3654 6.3999 6.4343 6.4689 6.5034 6.5378 6.5723 6.6068 6.6413 6.6758 6.7103 6.7447 6.7792 6.8138 6.8482 6.8827 6.9172 6.9516 6.9862 7.0207 7.0551 7.0896 7.1241 7.1586 7.1931 7.2276 7.262 7.2965 7.3311 7.3655 8 8.02 8.04 8.06 8.08 8.1 8.12 8.14 8.16 8.18 8.2 8.22 8.24 8.26 8.28 8.3 8.32 8.34 8.36 8.38 8.4 8.42 
1.5 1.5 1.5 1.5 1.5 1.5 1.5 1.5 1.5 1.5 1.5 2.0119 2.2238 2.4357 2.6477 2.8595 3.0714 3.2834 3.4952 3.7071 6.055 6.0886 6.1223 6.1559 6.1895 6.2231 6.2568 6.2904 6.324 6.3576 6.3912 6.4249 6.4585 6.4921 6.5258 6.5594 6.593 6.6266 6.6602 6.6939 6.7275 6.7611 6.7947 6.8283 6.862 6.8956 6.9292 6.9629 6.9965 7.0302 7.0638 7.0974 7.131 7.1646 7.1983 7.2319 7.2655 7.2991 7.3327 7.3664 8 8.02 8.04 8.06 8.08 8.1 8.12 8.14 8.16 8.18 8.2 8.22 8.24 8.26 8.28 8.3 8.32 8.34 8.36 8.38 8.4 
1.5 1.5 1.5 1.5 1.5 1.5 1.5 1.5 1.5 1.5 1.5 2.0119 2.2238 2.4357 2.6477 2.8595 3.0714 3.2834 3.4952 3.7071 6.055 6.0886 6.1223 6.1559 6.1895 6.2231 6.2568 6.2904 6.324 6.3576 6.3912 6.4249 6.4585 6.4921 6.5258 6.5594 6.593 6.6266 6.6602 6.6939 6.7275 6.7611 6.7947 6.8283 6.862 6.8956 6.9292 6.9629 6.9965 7.0302 7.0638 7.0974 7.131 7.1646 7.1983 7.2319 7.2655 7.2991 7.3327 7.3664 8 8.02 8.04 8.06 8.08 8.1 8.12 8.14 8.16 8.18 8.2 8.22 8.24 8.26 8.28 8.3 8.32 8.34 8.36 8.38 8.4 
1.5 1.5 1.5 1.5 1.5 1.5 1.5 1.5 1.5 1.5 1.5 2.0009 2.2017 2.4026 2.6035 2.8044 3.0053 3.2062 3.407 3.6079 6.055 6.0886 6.1223 6.1559 6.1895 6.2231 6.2568 6.2904 6.324 6.3576 6.3912 6.4248 6.4585 6.4921 6.5257 6.5594 6.593 6.6267 6.6603 6.6939 6.7275 6.7611 6.7948 6.8284 6.862 6.8956 6.9292 6.9629 6.9965 7.0301 7.0637 7.0973 7.131 7.1646 7.1983 7.2319 7.2655 7.2992 7.3328 7.3664 8 8.02 8.04 8.06 8.08 8.1 8.12 8.14 8.16 8.18 8.2 8.22 8.24 8.26 8.28 8.3 8.32 8.34 8.36 8.38 8.4 
1.5 1.5 1.5 1.5 1.5 1.5 1.5 1.5 1.5 1.5 1.5 2.0009 2.2017 2.4026 2.6035 2.8044 3.0053 3.2062 3.407 3.6079 6.055 6.0886 6.1223 6.1559 6.1895 6.2231 6.2568 6.2904 6.324 6.3576 6.3912 6.4248 6.4585 6.4921 6.5257 6.5594 6.593 6.6267 6.6603 6.6939 6.7275 6.7611 6.7948 6.8284 6.862 6.8956 6.9292 6.9629 6.9965 7.0301 7.0637 7.0973 7.131 7.1646 7.1983 7.2319 7.2655 7.2992 7.3328 7.3664 8 8.02 8.04 8.06 8.08 8.1 8.12 8.14 8.16 8.18 8.2 8.22 8.24 8.26 8.28 8.3 8.32 8.34 8.36 8.38 8.4 
1.5 1.5 1.5 1.5 1.5 1.5 1.5 1.5 1.5 1.5 1.5 2.0067 2.2133 2.42 2.6267 2.8333 3.04 3.2467 3.4533 3.66 6.055 6.0886 6.1223 6.1559 6.1895 6.2231 6.2568 6.2904 6.324 6.3576 6.3912 6.4249 6.4585 6.4922 6.5258 6.5594 6.593 6.6266 6.6603 6.6939 6.7275 6.7611 6.7947 6.8284 6.862 6.8956 6.9292 6.9628 6.9965 7.0301 7.0638 7.0974 7.131 7.1647 7.1983 7.2319 7.2655 7.2991 7.3328 7.3664 8 8.02 8.04 8.06 8.08 8.1 8.12 8.14 8.16 8.18 8.2 8.22 8.24 8.26 8.28 8.3 8.32 8.34 8.36 8.38 8.4 
1.5 1.5 1.5 1.5 1.5 1.5 1.5 1.5 1.5 1.5 1.5 2.0119 2.2238 2.4357 2.6477 2.8595 3.0714 3.2834 3.4952 3.7071 6.055 6.0886 6.1223 6.1559 6.1895 6.2231 6.2568 6.2904 6.324 6.3576 6.3912 6.4249 6.4585 6.4921 6.5258 6.5594 6.593 6.6266 6.6602 6.6939 6.7275 6.7611 6.7947 6.8283 6.862 6.8956 6.9292 6.9629 6.9965 7.0302 7.0638 7.0974 7.131 7.1646 7.1983 7.2319 7.2655 7.2991 7.3327 7.3664 8 8.02 8.04 8.06 8.08 8.1 8.12 8.14 8.16 8.18 8.2 8.22 8.24 8.26 8.28 8.3 8.32 8.34 8.36 8.38 8.4 
1.5 1.5 1.5 1.5 1.5 1.5 1.5 1.5 1.5 1.5 1.5 2.0167 2.2333 2.45 2.6667 2.8833 3.1 3.3167 3.5333 3.75 6.055 6.0878 6.1206 6.1534 6.1862 6.219 6.2518 6.2846 6.3174 6.3502 6.383 6.4159 6.4487 6.4814 6.5142 6.5471 6.5799 6.6127 6.6455 6.6783 6.7111 6.7439 6.7767 6.8095 6.8423 6.8752 6.9079 6.9407 6.9735 7.0063 7.0392 7.072 7.1048 7.1375 7.1703 7.2032 7.236 7.2688 7.3016 7.3344 7.3672 8 8.02 8.04 8.06 8.08 8.1 8.12 8.14 8.16 8.18 8.2 8.22 8.24 8.26 8.28 8.3 8.32 8.34 8.36 8.38 
1.5 1.5 1.5 1.5 1.5 1.5 1.5 1.5 1.5 1.5 1.5 1.97 2.14 2.31 2.48 2.65 2.82 2.99 3.16 3.33 6.055 6.0878 6.1206 6.1534 6.1862 6.219 6.2518 6.2846 6.3174 6.3502 6.383 6.4159 6.4487 6.4815 6.5142 6.547 6.5799 6.6127 6.6455 6.6783 6.7111 6.7439 6.7767 6.8095 6.8423 6.8751 6.908 6.9408 6.9735 7.0063 7.0391 7.072 7.1048 7.1376 7.1703 7.2031 7.236 7.2688 7.3016 7.3344 7.3672 8 8.02 8.04 8.06 8.08 8.1 8.12 8.14 8.16 8.18 8.2 8.22 8.24 8.26 8.28 8.3 8.32 8.34 8.36 8.38 
1.5 1.5 1.5 1.5 1.5 1.5 1.5 1.5 1.5 1.5 1.5 1.97 2.14 2.31 2.48 2.65 2.82 2.99 3.16 3.33 6.055 6.0878 6.1206 6.1534 6.1862 6.219 6.2518 6.2846 6.3174 6.3502 6.383 6.4159 6.4487 6.4814 6.5142 6.5471 6.5799 6.6127 6.6455 6.6783 6.7111 6.7439 6.7767 6.8095 6.8423 6.8752 6.9079 6.9407 6.9735 7.0063 7.0392 7.072 7.1048 7.1375 7.1703 7.2032 7.236 7.2688 7.3016 7.3344 7.3672 8 8.02 8.04 8.06 8.08 8.1 8.12 8.14 8.16 8.18 8.2 8.22 8.24 8.26 8.28 8.3 8.32 8.34 8.36 8.38 
1.5 1.5 1.5 1.5 1.5 1.5 1.5 1.5 1.5 1.5 1.5 1.97 2.14 2.31 2.48 2.65 2.82 2.99 3.16 3.33 6.055 6.0878 6.1206 6.1534 6.1862 6.219 6.2518 6.2846 6.3174 6.3502 6.383 6.4159 6.4486 6.4814 6.5143 6.5471 6.5799 6.6127 6.6454 6.6783 6.7111 6.7439 6.7767 6.8095 6.8424 6.8751 6.9079 6.9407 6.9735 7.0064 7.0392 7.072 7.1047 7.1375 7.1704 7.2032 7.236 7.2688 7.3015 7.3344 7.3672 8 8.02 8.04 8.06 8.08 8.1 8.12 8.14 8.16 8.18 8.2 8.22 8.24 8.26 8.28 8.3 8.32 8.34 8.36 8.38 
1.5 1.5 1.5 1.5 1.5 1.5 1.5 1.5 1.5 1.5 1.5 1.97 2.14 2.31 2.48 2.65 2.82 2.99 3.16 3.33 6.055 6.0878 6.1206 6.1534 6.1862 6.219 6.2518 6.2846 6.3174 6.3502 6.383 6.4159 6.4486 6.4814 6.5143 6.5471 6.5799 6.6127 6.6454 6.6783 6.7111 6.7439 6.7767 6.8095 6.8424 6.8751 6.9079 6.9407 6.9735 7.0064 7.0392 7.072 7.1047 7.1375 7.1704 7.2032 7.236 7.2688 7.3015 7.3344 7.3672 8 8.02 8.04 8.06 8.08 8.1 8.12 8.14 8.16 8.18 8.2 8.22 8.24 8.26 8.28 8.3 8.32 8.34 8.36 8.38 
1.5 1.5 1.5 1.5 1.5 1.5 1.5 1.5 1.5 1.5 1.5 1.97 2.14 2.31 2.48 2.65 2.82 2.99 3.16 3.33 6.055 6.0878 6.1206 6.1534 6.1862 6.219 6.2518 6.2846 6.3174 6.3502 6.383 6.4159 6.4487 6.4815 6.5142 6.547 6.5799 6.6127 6.6455 6.6783 6.7111 6.7439 6.7767 6.8095 6.8423 6.8751 6.908 6.9408 6.9735 7.0063 7.0391 7.072 7.1048 7.1376 7.1703 7.2031 7.236 7.2688 7.3016 7.3344 7.3672 8 8.02 8.04 8.06 8.08 8.1 8.12 8.14 8.16 8.18 8.2 8.22 8.24 8.26 8.28 8.3 8.32 8.34 8.36 8.38 
1.5 1.5 1.5 1.5 1.5 1.5 1.5 1.5 1.5 1.5 1.5 1.97 2.14 2.31 2.48 2.65 2.82 2.99 3.16 3.33 6.055 6.0878 6.1206 6.1534 6.1862 6.219 6.2518 6.2846 6.3174 6.3502 6.383 6.4159 6.4487 6.4815 6.5143 6.5471 6.5798 6.6127 6.6455 6.6783 6.7111 6.7439 6.7767 6.8095 6.8423 6.8751 6.9079 6.9408 6.9736 7.0063 7.0391 7.0719 7.1048 7.1376 7.1704 7.2032 7.2359 7.2688 7.3016 7.3344 7.3672 8 8.02 8.04 8.06 8.08 8.1 8.12 8.14 8.16 8.18 8.2 8.22 8.24 8.26 8.28 8.3 8.32 8.34 8.36 8.38 
1.5 1.5 1.5 1.5 1.5 1.5 1.5 1.5 1.5 1.5 1.5 1.97 2.14 2.31 2.48 2.65 2.82 2.99 3.16 3.33 6.055 6.087 6.119 6.1511 6.1831 6.2151 6.2471 6.2792 6.3112 6.3432 6.3752 6.4073 6.4393 6.4713 6.5033 6.5353 6.5673 6.5994 6.6314 6.6635 6.6955 6.7275 6.7596 6.7916 6.8236 6.8556 6.8876 6.9197 6.9517 6.9837 7.0157 7.0477 7.0798 7.1118 7.1438 7.1758 7.2078 7.2399 7.2719 7.3039 7.3359 7.3679 8 8.02 8.04 8.06 8.08 8.1 8.12 8.14 8.16 8.18 8.2 8.22 8.24 8.26 8.28 8.3 8.32 8.34 8.36 
1.5 1.5 1.5 1.5 1.5 1.5 1.5 1.5 1.5 1.5 1.5 1.97 2.14 2.31 2.48 2.65 2.82 2.99 3.16 3.33 6.055 6.087 6.119 6.1511 6.1831 6.2151 6.2471 6.2792 6.3112 6.3432 6.3752 6.4073 6.4393 6.4713 6.5033 6.5353 6.5673 6.5994 6.6314 6.6635 6.6955 6.7275 6.7596 6.7916 6.8236 6.8556 6.8876 6.9197 6.9517 6.9837 7.0157 7.0477 7.0798 7.1118 7.1438 7.1758 7.2078 7.2399 7.2719 7.3039 7.3359 7.3679 8 8.02 8.04 8.06 8.08 8.1 8.12 8.14 8.16 8.18 8.2 8.22 8.24 8.26 8.28 8.3 8.32 8.34 8.36 
1.5 1.5 1.5 1.5 1.5 1.5 1.5 1.5 1.5 1.5 1.5 1.97 2.14 2.31 2.48 2.65 2.82 2.99 3.16 3.33 6.055 6.087 6.119 6.1511 6.1831 6.2151 6.2471 6.2792 6.3112 6.3432 6.3752 6.4073 6.4393 6.4713 6.5033 6.5353 6.5674 6.5994 6.6314 6.6634 6.6954 6.7275 6.7595 6.7915 6.8236 6.8556 6.8877 6.9197 6.9517 6.9837 7.0157 7.0478 7.0798 7.1118 7.1438 7.1758 7.2079 7.2399 7.2719 7.3039 7.3359 7.368 8 8.02 8.04 8.06 8.08 8.1 8.12 8.14 8.16 8.18 8.2 8.22 8.24 8.26 8.28 8.3 8.32 8.34 8.36 
1.5 1.5 1.5 1.5 1.5 1.5 1.5 1.5 1.5 1.5 1.5 1.97 2.14 2.31 2.48 2.65 2.82 2.99 3.16 3.33 6.055 6.087 6.119 6.1511 6.1831 6.2151 6.2471 6.2792 6.3112 6.3432 6.3752 6.4073 6.4393 6.4713 6.5033 6.5353 6.5674 6.5994 6.6314 6.6634 6.6954 6.7275 6.7595 6.7915 6.8236 6.8556 6.8877 6.9197 6.9517 6.9837 7.0157 7.0478 7.0798 7.1118 7.1438 7.1758 7.2079 7.2399 7.2719 7.3039 7.3359 7.368 8 8.02 8.04 8.06 8.08 8.1 8.12 8.14 8.16 8.18 8.2 8.22 8.24 8.26 8.28 8.3 8.32 8.34 8.36 
1.5 1.5 1.5 1.5 1.5 1.5 1.5 1.5 1.5 1.5 1.5 1.97 2.14 2.31 2.48 2.65 2.82 2.99 3.16 3.33 6.055 6.087 6.119 6.1511 6.1831 6.2151 6.2471 6.2792 6.3112 6.3432 6.3752 6.4073 6.4393 6.4713 6.5033 6.5353 6.5673 6.5994 6.6314 6.6635 6.6955 6.7275 6.7596 6.7916 6.8236 6.8556 6.8876 6.9197 6.9517 6.9837 7.0157 7.0477 7.0798 7.1118 7.1438 7.1758 7.2078 7.2399 7.2719 7.3039 7.3359 7.3679 8 8.02 8.04 8.06 8.08 8.1 8.12 8.14 8.16 8.18 8.2 8.22 8.24 8.26 8.28 8.3 8.32 8.34 8.36 
1.5 1.5 1.5 1.5 1.5 1.5 1.5 1.5 1.5 1.5 1.5 1.97 2.14 2.31 2.48 2.65 2.82 2.99 3.16 3.33 6.055 6.087 6.119 6.1511 6.1831 6.2151 6.2471 6.2792 6.3112 6.3432 6.3752 6.4073 6.4393 6.4713 6.5033 6.5354 6.5674 6.5994 6.6314 6.6635 6.6955 6.7275 6.7595 6.7915 6.8236 6.8556 6.8876 6.9196 6.9516 6.9837 7.0157 7.0477 7.0797 7.1117 7.1438 7.1759 7.2079 7.2399 7.2719 7.304 7.336 7.368 8 8.02 8.04 8.06 8.08 8.1 8.12 8.14 8.16 8.18 8.2 8.22 8.24 8.26 8.28 8.3 8.32 8.34 8.36 
1.5 1.5 1.5 1.5 1.5 1.5 1.5 1.5 1.5 1.5 1.5 1.97 2.14 2.31 2.48 2.65 2.82 2.99 3.16 3.33 6.055 6.087 6.119 6.1511 6.1831 6.2151 6.2471 6.2792 6.3112 6.3432 6.3752 6.4073 6.4393 6.4713 6.5033 6.5354 6.5674 6.5994 6.6314 6.6635 6.6955 6.7275 6.7595 6.7915 6.8236 6.8556 6.8876 6.9196 6.9516 6.9837 7.0157 7.0477 7.0797 7.1117 7.1438 7.1759 7.2079 7.2399 7.2719 7.304 7.336 7.368 8 8.02 8.04 8.06 8.08 8.1 8.12 8.14 8.16 8.18 8.2 8.22 8.24 8.26 8.28 8.3 8.32 8.34 8.36 
