76 81 1.5 0.33
0 2 4 6 8 10 12 14 16 18 20 22 24 26 28 30 32 34 36 38 40 42 44 46 48 50 52 54 56 58 60 62 64 66 68 70 72 74 76 78 80 82 84 86 88 90 92 94 96 98 100 102 104 106 108 110 112 114 116 118 120 122 124 126 128 130 132 134 136 138 140 142 144 146 148 150 
0 0 0 0 0 0 0 0 0 0 0 0 0 0 0 0 0 0 0 0 0 0 0 0 0 0 0 0 0 0 0 0 0 0 0 0 0 0 0 0 0 0 0 0 0 0 0 0 0 0 0 0 0 0 0 0 0 0 0 0 0 0 0 0 0 0 0 0 0 0 0 0 0 0 0 0 
0 0.2 0.4 0.6 0.8 1 1.2 1.4 1.6 1.8 2 2.2 2.4 2.6 2.8 3 3.2 3.4 3.6 3.8 4 4.2 4.4 4.6 4.8 5 5.2 5.4 5.6 5.8 6 6.2 6.4 6.6 6.8 7 7.2 7.4 7.6 7.8 8 8.2 8.4 8.6 8.8 9 9.2 9.4 9.6 9.8 10 10.2 10.4 10.6 10.8 11 11.2 11.4 11.6 11.8 12 12.2 12.4 12.6 12.8 13 13.2 13.4 13.6 13.8 14 14.2 14.4 14.6 14.8 15 15.2 15.4 15.6 15.8 16 
1.5 1.5 1.5 1.5 1.5 1.5 1.5 1.5 1.5 1.5 1.5 1.42319 3.5 3.5199 3.5398 3.5598 3.5798 3.5997 3.6196 3.6395 3.6595 3.6794 3.6994 3.7192 3.7392 3.7592 3.7791 3.799 3.819 3.8388 3.8588 3.8788 3.8987 3.9186 3.9386 3.9585 3.9784 3.9984 4.0183 4.0382 4.0582 4.0781 4.098 4.118 4.1379 4.1579 4.1778 4.1977 4.2176 4.2376 4.2576 4.6243 4.6358 4.6474 4.659 4.6705 4.6821 4.6936 4.7052 4.7168 4.7283 4.7399 4.7514 4.763 4.7746 4.7861 4.7977 4.8092 4.8208 4.8324 4.8439 4.8555 4.8671 4.8786 4.8902 4.9017 4.9133 4.9249 4.9364 4.948 4.9595 
1.5 1.5 1.5 1.5 1.5 1.5 1.5 1.5 1.5 1.5 1.5 1.28115 1.56414 3.5 3.5205 3.5409 3.5614 3.5818 3.6023 3.6227 3.6432 3.6637 3.6842 3.7046 3.725 3.7455 3.766 3.7864 3.8069 3.8273 3.8478 3.8683 3.8887 3.9092 3.9297 3.9501 3.9706 3.991 4.0115 4.0319 4.0524 4.0729 4.0934 4.1138 4.1342 4.1547 4.1752 4.1956 4.2161 4.2365 4.257 4.6243 4.6358 4.6474 4.659 4.6705 4.6821 4.6936 4.7052 4.7168 4.7283 4.7399 4.7514 4.763 4.7746 4.7861 4.7977 4.8092 4.8208 4.8324 4.8439 4.8555 4.8671 4.8786 4.8902 4.9017 4.9133 4.9249 4.9364 4.948 4.9595 
1.5 1.5 1.5 1.5 1.5 1.5 1.5 1.5 1.5 1.5 1.5 1.20959 1.42443 1.6342 3.5 3.521 3.542 3.5631 3.584 3.6051 3.6261 3.6471 3.6682 3.6891 3.7101 3.7311 3.7521 3.7732 3.7942 3.8152 3.8362 3.8572 3.8783 3.8992 3.9202 3.9413 3.9623 3.9833 4.0043 4.0253 4.0463 4.0673 4.0884 4.1094 4.1303 4.1514 4.1724 4.1934 4.2145 4.2354 4.2564 4.6243 4.6358 4.6474 4.659 4.6705 4.6821 4.6936 4.7052 4.7168 4.7283 4.7399 4.7514 4.763 4.7746 4.7861 4.7977 4.8092 4.8208 4.8324 4.8439 4.8555 4.8671 4.8786 4.8902 4.9017 4.9133 4.9249 4.9364 4.948 4.9595 
1.5 1.5 1.5 1.5 1.5 1.5 1.5 1.5 1.5 1.5 1.5 1.21059 1.42559 1.6358 3.5 3.521 3.542 3.5631 3.584 3.6051 3.6261 3.6471 3.6682 3.6891 3.7101 3.7311 3.7521 3.7732 3.7942 3.8152 3.8362 3.8572 3.8783 3.8992 3.9202 3.9413 3.9623 3.9833 4.0043 4.0253 4.0463 4.0673 4.0884 4.1094 4.1303 4.1514 4.1724 4.1934 4.2145 4.2354 4.2564 4.6243 4.6358 4.6474 4.659 4.6705 4.6821 4.6936 4.7052 4.7168 4.7283 4.7399 4.7514 4.763 4.7746 4.7861 4.7977 4.8092 4.8208 4.8324 4.8439 4.8555 4.8671 4.8786 4.8902 4.9017 4.9133 4.9249 4.9364 4.948 4.9595 
1.5 1.5 1.5 1.5 1.5 1.5 1.5 1.5 1.5 1.5 1.5 1.21106 1.42648 1.6372 3.5 3.521 3.542 3.5631 3.584 3.6051 3.6261 3.6471 3.6682 3.6891 3.7101 3.7311 3.7521 3.7732 3.7942 3.8152 3.8362 3.8572 3.8783 3.8992 3.9202 3.9413 3.9623 3.9833 4.0043 4.0253 4.0463 4.0673 4.0884 4.1094 4.1303 4.1514 4.1724 4.1934 4.2145 4.2354 4.2564 4.6243 4.6358 4.6474 4.659 4.6705 4.6821 4.6936 4.7052 4.7168 4.7283 4.7399 4.7514 4.763 4.7746 4.7861 4.7977 4.8092 4.8208 4.8324 4.8439 4.8555 4.8671 4.8786 4.8902 4.9017 4.9133 4.9249 4.9364 4.948 4.9595 
1.5 1.5 1.5 1.5 1.5 1.5 1.5 1.5 1.5 1.5 1.5 1.28287 1.56672 3.5 3.5205 3.5409 3.5614 3.5818 3.6023 3.6227 3.6432 3.6637 3.6842 3.7046 3.725 3.7455 3.766 3.7864 3.8069 3.8273 3.8478 3.8683 3.8887 3.9092 3.9297 3.9501 3.9706 3.991 4.0115 4.0319 4.0524 4.0729 4.0934 4.1138 4.1342 4.1547 4.1752 4.1956 4.2161 4.2365 4.257 4.6243 4.6358 4.6474 4.659 4.6705 4.6821 4.6936 4.7052 4.7168 4.7283 4.7399 4.7514 4.763 4.7746 4.7861 4.7977 4.8092 4.8208 4.8324 4.8439 4.8555 4.8671 4.8786 4.8902 4.9017 4.9133 4.9249 4.9364 4.948 4.9595 
1.5 1.5 1.5 1.5 1.5 1.5 1.5 1.5 1.5 1.5 1.5 1.28025 1.56278 3.5 3.5205 3.5409 3.5614 3.5818 3.6023 3.6227 3.6432 3.6637 3.6842 3.7046 3.725 3.7455 3.766 3.7864 3.8069 3.8273 3.8478 3.8683 3.8887 3.9092 3.9297 3.9501 3.9706 3.991 4.0115 4.0319 4.0524 4.0729 4.0934 4.1138 4.1342 4.1547 4.1752 4.1956 4.2161 4.2365 4.257 4.6243 4.6358 4.6474 4.659 4.6705 4.6821 4.6936 4.7052 4.7168 4.7283 4.7399 4.7514 4.763 4.7746 4.7861 4.7977 4.8092 4.8208 4.8324 4.8439 4.8555 4.8671 4.8786 4.8902 4.9017 4.9133 4.9249 4.9364 4.948 4.9595 
1.5 1.5 1.5 1.5 1.5 1.5 1.5 1.5 1.5 1.5 1.5 1.16045 1.33173 1.49975 1.66577 3.5 3.5216 3.5432 3.5648 3.5864 3.608 3.6295 3.6512 3.6728 3.6944 3.716 3.7376 3.7591 3.7808 3.8024 3.8239 3.8455 3.8671 3.8887 3.9103 3.9319 3.9535 3.9751 3.9967 4.0183 4.0399 4.0615 4.0831 4.1047 4.1263 4.1479 4.1695 4.191 4.2127 4.2343 4.2558 4.6243 4.6358 4.6474 4.659 4.6705 4.6821 4.6936 4.7052 4.7168 4.7283 4.7399 4.7514 4.763 4.7746 4.7861 4.7977 4.8092 4.8208 4.8324 4.8439 4.8555 4.8671 4.8786 4.8902 4.9017 4.9133 4.9249 4.9364 4.948 4.9595 
1.5 1.5 1.5 1.5 1.5 1.5 1.5 1.5 1.5 1.5 1.5 1.12402 1.26546 1.40421 1.54011 1.67327 3.5 3.5222 3.5444 3.5666 3.5888 3.611 3.6333 3.6555 3.6777 3.6999 3.7221 3.7443 3.7665 3.7888 3.811 3.8332 3.8554 3.8776 3.8999 3.9221 3.9443 3.9665 3.9887 4.0109 4.0331 4.0553 4.0775 4.0997 4.122 4.1442 4.1664 4.1886 4.2108 4.2331 4.2553 4.6243 4.6358 4.6474 4.659 4.6705 4.6821 4.6936 4.7052 4.7168 4.7283 4.7399 4.7514 4.763 4.7746 4.7861 4.7977 4.8092 4.8208 4.8324 4.8439 4.8555 4.8671 4.8786 4.8902 4.9017 4.9133 4.9249 4.9364 4.948 4.9595 
1.5 1.5 1.5 1.5 1.5 1.5 1.5 1.5 1.5 1.5 1.5 1.11404 1.25302 1.38945 1.52217 1.65493 3.5 3.5222 3.5444 3.5666 3.5888 3.611 3.6333 3.6555 3.6777 3.6999 3.7221 3.7443 3.7665 3.7888 3.811 3.8332 3.8554 3.8776 3.8999 3.9221 3.9443 3.9665 3.9887 4.0109 4.0331 4.0553 4.0775 4.0997 4.122 4.1442 4.1664 4.1886 4.2108 4.2331 4.2553 4.6243 4.6358 4.6474 4.659 4.6705 4.6821 4.6936 4.7052 4.7168 4.7283 4.7399 4.7514 4.763 4.7746 4.7861 4.7977 4.8092 4.8208 4.8324 4.8439 4.8555 4.8671 4.8786 4.8902 4.9017 4.9133 4.9249 4.9364 4.948 4.9595 
1.5 1.5 1.5 1.5 1.5 1.5 1.5 1.5 1.5 1.5 1.5 1.12673 1.28797 1.44478 1.59627 3.5 3.5216 3.5432 3.5648 3.5864 3.608 3.6295 3.6512 3.6728 3.6944 3.716 3.7376 3.7591 3.7808 3.8024 3.8239 3.8455 3.8671 3.8887 3.9103 3.9319 3.9535 3.9751 3.9967 4.0183 4.0399 4.0615 4.0831 4.1047 4.1263 4.1479 4.1695 4.191 4.2127 4.2343 4.2558 4.6243 4.6358 4.6474 4.659 4.6705 4.6821 4.6936 4.7052 4.7168 4.7283 4.7399 4.7514 4.763 4.7746 4.7861 4.7977 4.8092 4.8208 4.8324 4.8439 4.8555 4.8671 4.8786 4.8902 4.9017 4.9133 4.9249 4.9364 4.948 4.9595 
1.5 1.5 1.5 1.5 1.5 1.5 1.5 1.5 1.5 1.5 1.5 1.1081 1.26371 1.41445 1.56076 3.5 3.5216 3.5432 3.5648 3.5864 3.608 3.6295 3.6512 3.6728 3.6944 3.716 3.7376 3.7591 3.7808 3.8024 3.8239 3.8455 3.8671 3.8887 3.9103 3.9319 3.9535 3.9751 3.9967 4.0183 4.0399 4.0615 4.0831 4.1047 4.1263 4.1479 4.1695 4.191 4.2127 4.2343 4.2558 4.6243 4.6358 4.6474 4.659 4.6705 4.6821 4.6936 4.7052 4.7168 4.7283 4.7399 4.7514 4.763 4.7746 4.7861 4.7977 4.8092 4.8208 4.8324 4.8439 4.8555 4.8671 4.8786 4.8902 4.9017 4.9133 4.9249 4.9364 4.948 4.9595 
1.5 1.5 1.5 1.5 1.5 1.5 1.5 1.5 1.5 1.5 1.5 1.08709 1.23669 1.38064 1.51899 3.5 3.5216 3.5432 3.5648 3.5864 3.608 3.6295 3.6512 3.6728 3.6944 3.716 3.7376 3.7591 3.7808 3.8024 3.8239 3.8455 3.8671 3.8887 3.9103 3.9319 3.9535 3.9751 3.9967 4.0183 4.0399 4.0615 4.0831 4.1047 4.1263 4.1479 4.1695 4.191 4.2127 4.2343 4.2558 4.6243 4.6358 4.6474 4.659 4.6705 4.6821 4.6936 4.7052 4.7168 4.7283 4.7399 4.7514 4.763 4.7746 4.7861 4.7977 4.8092 4.8208 4.8324 4.8439 4.8555 4.8671 4.8786 4.8902 4.9017 4.9133 4.9249 4.9364 4.948 4.9595 
1.5 1.5 1.5 1.5 1.5 1.5 1.5 1.5 1.5 1.5 1.5 1.0419 1.1627 1.27903 1.39141 1.49387 3.5 3.5222 3.5444 3.5666 3.5888 3.611 3.6333 3.6555 3.6777 3.6999 3.7221 3.7443 3.7665 3.7888 3.811 3.8332 3.8554 3.8776 3.8999 3.9221 3.9443 3.9665 3.9887 4.0109 4.0331 4.0553 4.0775 4.0997 4.122 4.1442 4.1664 4.1886 4.2108 4.2331 4.2553 4.6243 4.6358 4.6474 4.659 4.6705 4.6821 4.6936 4.7052 4.7168 4.7283 4.7399 4.7514 4.763 4.7746 4.7861 4.7977 4.8092 4.8208 4.8324 4.8439 4.8555 4.8671 4.8786 4.8902 4.9017 4.9133 4.9249 4.9364 4.948 4.9595 
1.5 1.5 1.5 1.5 1.5 1.5 1.5 1.5 1.5 1.5 1.5 0.998944 1.08828 1.17487 1.25764 1.34003 1.41781 1.49543 3.5 3.5243 3.5486 3.5729 3.5972 3.6215 3.6458 3.6701 3.6944 3.7187 3.7429 3.7672 3.7915 3.8158 3.8402 3.8645 3.8887 3.913 3.9373 3.9616 3.9859 4.0102 4.0345 4.0588 4.0831 4.1074 4.1317 4.156 4.1803 4.2046 4.2288 4.2531 4.6243 4.6358 4.6474 4.659 4.6705 4.6821 4.6936 4.7052 4.7168 4.7283 4.7399 4.7514 4.763 4.7746 4.7861 4.7977 4.8092 4.8208 4.8324 4.8439 4.8555 4.8671 4.8786 4.8902 4.9017 4.9133 4.9249 4.9364 4.948 4.9595 4.9711 
1.5 1.5 1.5 1.5 1.5 1.5 1.5 1.5 1.5 1.5 1.5 0.992287 1.08049 1.16588 1.2491 1.3296 1.40608 1.47701 3.5 3.5243 3.5486 3.5729 3.5972 3.6215 3.6458 3.6701 3.6944 3.7187 3.7429 3.7672 3.7915 3.8158 3.8402 3.8645 3.8887 3.913 3.9373 3.9616 3.9859 4.0102 4.0345 4.0588 4.0831 4.1074 4.1317 4.156 4.1803 4.2046 4.2288 4.2531 4.6243 4.6358 4.6474 4.659 4.6705 4.6821 4.6936 4.7052 4.7168 4.7283 4.7399 4.7514 4.763 4.7746 4.7861 4.7977 4.8092 4.8208 4.8324 4.8439 4.8555 4.8671 4.8786 4.8902 4.9017 4.9133 4.9249 4.9364 4.948 4.9595 4.9711 
1.5 1.5 1.5 1.5 1.5 1.5 1.5 1.5 1.5 1.5 1.5 1.02314 1.12727 1.22809 1.32626 1.42109 1.51256 3.5 3.5235 3.5471 3.5707 3.5943 3.6178 3.6413 3.6649 3.6885 3.712 3.7356 3.7591 3.7827 3.8063 3.8298 3.8534 3.8769 3.9005 3.9241 3.9476 3.9712 3.9947 4.0183 4.0419 4.0654 4.089 4.1125 4.1361 4.1597 4.1832 4.2068 4.2303 4.2539 4.6243 4.6358 4.6474 4.659 4.6705 4.6821 4.6936 4.7052 4.7168 4.7283 4.7399 4.7514 4.763 4.7746 4.7861 4.7977 4.8092 4.8208 4.8324 4.8439 4.8555 4.8671 4.8786 4.8902 4.9017 4.9133 4.9249 4.9364 4.948 4.9595 4.9711 
1.5 1.5 1.5 1.5 1.5 1.5 1.5 1.5 1.5 1.5 1.5 1.04195 1.15004 1.25511 1.35748 1.45677 1.55287 3.5 3.5235 3.5471 3.5707 3.5943 3.6178 3.6413 3.6649 3.6885 3.712 3.7356 3.7591 3.7827 3.8063 3.8298 3.8534 3.8769 3.9005 3.9241 3.9476 3.9712 3.9947 4.0183 4.0419 4.0654 4.089 4.1125 4.1361 4.1597 4.1832 4.2068 4.2303 4.2539 4.6243 4.6358 4.6474 4.659 4.6705 4.6821 4.6936 4.7052 4.7168 4.7283 4.7399 4.7514 4.763 4.7746 4.7861 4.7977 4.8092 4.8208 4.8324 4.8439 4.8555 4.8671 4.8786 4.8902 4.9017 4.9133 4.9249 4.9364 4.948 4.9595 4.9711 
1.5 1.5 1.5 1.5 1.5 1.5 1.5 1.5 1.5 1.5 1.5 1.06267 1.17524 1.28522 1.39227 1.49717 1.59908 3.5 3.5243 3.5486 3.5729 3.5972 3.6215 3.6458 3.6701 3.6944 3.7187 3.7429 3.7672 3.7915 3.8158 3.8402 3.8645 3.8887 3.913 3.9373 3.9616 3.9859 4.0102 4.0345 4.0588 4.0831 4.1074 4.1317 4.156 4.1803 4.2046 4.2288 4.2531 4.6243 4.6358 4.6474 4.659 4.6705 4.6821 4.6936 4.7052 4.7168 4.7283 4.7399 4.7514 4.763 4.7746 4.7861 4.7977 4.8092 4.8208 4.8324 4.8439 4.8555 4.8671 4.8786 4.8902 4.9017 4.9133 4.9249 4.9364 4.948 4.9595 4.9711 4.9827 
1.5 1.5 1.5 1.5 1.5 1.5 1.5 1.5 1.5 1.5 1.5 1.06462 1.16696 1.26741 1.36588 1.46447 1.56015 1.65427 3.5 3.5251 3.5501 3.5753 3.6003 3.6254 3.6505 3.6755 3.7006 3.7257 3.7508 3.7758 3.8009 3.8261 3.8511 3.8761 3.9012 3.9262 3.9513 3.9764 4.0014 4.0265 4.0516 4.0767 4.1018 4.1269 4.1519 4.1771 4.2022 4.2272 4.2524 4.6243 4.6358 4.6474 4.659 4.6705 4.6821 4.6936 4.7052 4.7168 4.7283 4.7399 4.7514 4.763 4.7746 4.7861 4.7977 4.8092 4.8208 4.8324 4.8439 4.8555 4.8671 4.8786 4.8902 4.9017 4.9133 4.9249 4.9364 4.948 4.9595 4.9711 4.9827 
1.5 1.5 1.5 1.5 1.5 1.5 1.5 1.5 1.5 1.5 1.5 1.06122 1.15368 1.24481 1.33548 1.42298 1.51016 1.59653 1.68178 3.5 3.5259 3.5518 3.5777 3.6037 3.6296 3.6555 3.6814 3.7073 3.7331 3.759 3.7849 3.8108 3.8367 3.8625 3.8884 3.9142 3.9401 3.966 3.9919 4.0178 4.0437 4.0696 4.0955 4.1215 4.1474 4.1734 4.1994 4.2254 4.2513 4.6243 4.6358 4.6474 4.659 4.6705 4.6821 4.6936 4.7052 4.7168 4.7283 4.7399 4.7514 4.763 4.7746 4.7861 4.7977 4.8092 4.8208 4.8324 4.8439 4.8555 4.8671 4.8786 4.8902 4.9017 4.9133 4.9249 4.9364 4.948 4.9595 4.9711 4.9827 
1.5 1.5 1.5 1.5 1.5 1.5 1.5 1.5 1.5 1.5 1.5 1.05232 1.13584 1.21811 1.29913 1.37937 1.45858 1.53642 1.61377 1.68975 3.5 3.5268 3.5536 3.5804 3.6071 3.6339 3.6607 3.6873 3.7142 3.7408 3.7675 3.7941 3.8207 3.8473 3.8739 3.9005 3.9271 3.9538 3.9805 4.0072 4.034 4.0608 4.0877 4.1147 4.1416 4.1686 4.1956 4.2226 4.2497 4.6243 4.6358 4.6474 4.659 4.6705 4.6821 4.6936 4.7052 4.7168 4.7283 4.7399 4.7514 4.763 4.7746 4.7861 4.7977 4.8092 4.8208 4.8324 4.8439 4.8555 4.8671 4.8786 4.8902 4.9017 4.9133 4.9249 4.9364 4.948 4.9595 4.9711 4.9827 
1.5 1.5 1.5 1.5 1.5 1.5 1.5 1.5 1.5 1.5 1.5 1.05715 1.14888 1.23922 1.32803 1.41592 1.50226 1.58711 1.67141 3.5 3.5259 3.5517 3.5776 3.6035 3.6293 3.655 3.6808 3.7064 3.732 3.7575 3.7829 3.8083 3.8336 3.8588 3.884 3.9092 3.9345 3.9598 3.9854 4.011 4.0368 4.0628 4.089 4.1153 4.1418 4.1683 4.195 4.2216 4.2482 4.6243 4.6358 4.6474 4.659 4.6705 4.6821 4.6936 4.7052 4.7168 4.7283 4.7399 4.7514 4.763 4.7746 4.7861 4.7977 4.8092 4.8208 4.8324 4.8439 4.8555 4.8671 4.8786 4.8902 4.9017 4.9133 4.9249 4.9364 4.948 4.9595 4.9711 4.9827 
1.5 1.5 1.5 1.5 1.5 1.5 1.5 1.5 1.5 1.5 1.5 1.06014 1.16142 1.2608 1.35843 1.45412 1.54836 1.64116 3.5 3.525 3.5499 3.575 3.5999 3.6248 3.6495 3.6742 3.6987 3.7231 3.7472 3.771 3.7947 3.8182 3.8414 3.8645 3.8875 3.9106 3.9339 3.9573 3.9812 4.0055 4.0303 4.0557 4.0815 4.1078 4.1345 4.1614 4.1885 4.2156 4.2427 4.6243 4.6358 4.6474 4.659 4.6705 4.6821 4.6936 4.7052 4.7168 4.7283 4.7399 4.7514 4.763 4.7746 4.7861 4.7977 4.8092 4.8208 4.8324 4.8439 4.8555 4.8671 4.8786 4.8902 4.9017 4.9133 4.9249 4.9364 4.948 4.9595 4.9711 4.9827 
1.5 1.5 1.5 1.5 1.5 1.5 1.5 1.5 1.5 1.5 1.5 1.04136 1.13029 1.21749 1.30332 1.38758 1.47038 1.55208 1.62967 3.4998 3.5255 3.5512 3.5768 3.6022 3.6273 3.6522 3.6767 3.7008 3.7243 3.7473 3.7697 3.7916 3.8131 3.8341 3.855 3.876 3.8974 3.9194 3.9424 3.9664 3.9917 4.0182 4.046 4.0749 4.1047 4.1351 4.166 4.1969 4.2277 4.6243 4.6358 4.6474 4.659 4.6705 4.6821 4.6936 4.7052 4.7168 4.7283 4.7399 4.7514 4.763 4.7746 4.7861 4.7977 4.8092 4.8208 4.8324 4.8439 4.8555 4.8671 4.8786 4.8902 4.9017 4.9133 4.9249 4.9364 4.948 4.9595 4.9711 4.9827 
1.5 1.5 1.5 1.5 1.5 1.5 1.5 1.5 1.5 1.5 1.5 1.02469 1.10372 1.18081 1.25691 1.33152 1.40505 1.47548 1.54654 1.61278 3.4992 3.5255 3.5516 3.5774 3.6026 3.6272 3.6511 3.674 3.696 3.7166 3.7362 3.7546 3.772 3.7887 3.805 3.8216 3.839 3.8576 3.8783 3.9011 3.9266 3.9547 3.9854 4.0186 4.0535 4.0897 4.1267 4.164 4.201 4.6243 4.6358 4.6474 4.659 4.6705 4.6821 4.6936 4.7052 4.7168 4.7283 4.7399 4.7514 4.763 4.7746 4.7861 4.7977 4.8092 4.8208 4.8324 4.8439 4.8555 4.8671 4.8786 4.8902 4.9017 4.9133 4.9249 4.9364 4.948 4.9595 4.9711 4.9827 
1.5 1.5 1.5 1.5 1.5 1.5 1.5 1.5 1.5 1.5 1.5 1.03667 1.11776 1.19756 1.27559 1.35342 1.42975 1.50528 1.57926 1.65207 3.5 3.5246 3.5501 3.5749 3.5991 3.622 3.6436 3.6635 3.6817 3.6977 3.7116 3.7235 3.7336 3.7425 3.7509 3.7596 3.7697 3.7821 3.7978 3.8177 3.8421 3.8713 3.905 3.9429 3.9841 4.0277 4.0726 4.1178 4.1625 4.6243 4.6358 4.6474 4.659 4.6705 4.6821 4.6936 4.7052 4.7168 4.7283 4.7399 4.7514 4.763 4.7746 4.7861 4.7977 4.8092 4.8208 4.8324 4.8439 4.8555 4.8671 4.8786 4.8902 4.9017 4.9133 4.9249 4.9364 4.948 4.9595 4.9711 4.9827 
1.5 1.5 1.5 1.5 1.5 1.5 1.5 1.5 1.5 1.5 1.5 1.04917 1.13231 1.21429 1.2951 1.37483 1.45355 1.53176 1.60845 1.68339 3.5 3.5234 3.5483 3.5722 3.5949 3.6159 3.6349 3.6514 3.6651 3.6758 3.6832 3.6875 3.6892 3.6891 3.6882 3.6877 3.6894 3.6945 3.7047 3.721 3.7443 3.7747 3.8119 3.8554 3.9038 3.9558 4.0099 4.0644 4.1182 4.6243 4.6358 4.6474 4.659 4.6705 4.6821 4.6936 4.7052 4.7168 4.7283 4.7399 4.7514 4.763 4.7746 4.7861 4.7977 4.8092 4.8208 4.8324 4.8439 4.8555 4.8671 4.8786 4.8902 4.9017 4.9133 4.9249 4.9364 4.948 4.9595 4.9711 4.9827 
1.5 1.5 1.5 1.5 1.5 1.5 1.5 1.5 1.5 1.5 1.5 1.06331 1.14878 1.2332 1.31655 1.39907 1.48064 1.56142 1.6414 1.71996 3.5 3.5216 3.545 3.5672 3.5879 3.6064 3.6223 3.6351 3.6443 3.6495 3.6507 3.6479 3.6417 3.6332 3.6238 3.6149 3.6086 3.6068 3.6116 3.6241 3.6454 3.6759 3.7152 3.7623 3.8159 3.874 3.9347 3.9961 4.0564 4.1144 4.6243 4.6358 4.6474 4.659 4.6705 4.6821 4.6936 4.7052 4.7168 4.7283 4.7399 4.7514 4.763 4.7746 4.7861 4.7977 4.8092 4.8208 4.8324 4.8439 4.8555 4.8671 4.8786 4.8902 4.9017 4.9133 4.9249 4.9364 4.948 4.9595 4.9711 
1.5 1.5 1.5 1.5 1.5 1.5 1.5 1.5 1.5 1.5 1.5 1.0751 1.16246 1.24895 1.3349 1.41937 1.50347 1.58663 1.66919 1.75056 3.4971 3.5212 3.5444 3.5663 3.5865 3.6045 3.6195 3.6312 3.639 3.6424 3.6414 3.6362 3.6273 3.616 3.6034 3.5916 3.5825 3.5784 3.5813 3.5928 3.6137 3.6446 3.685 3.734 3.7899 3.8507 3.9143 3.9787 4.042 4.1027 4.6243 4.6358 4.6474 4.659 4.6705 4.6821 4.6936 4.7052 4.7168 4.7283 4.7399 4.7514 4.763 4.7746 4.7861 4.7977 4.8092 4.8208 4.8324 4.8439 4.8555 4.8671 4.8786 4.8902 4.9017 4.9133 4.9249 4.9364 4.948 4.9595 4.9711 
1.5 1.5 1.5 1.5 1.5 1.5 1.5 1.5 1.5 1.5 1.5 1.08328 1.17195 1.25989 1.34681 1.43335 1.51921 1.60416 1.68865 1.7722 3.4973 3.5208 3.5433 3.5647 3.5845 3.6022 3.6173 3.6292 3.6376 3.642 3.6423 3.6387 3.6317 3.6224 3.612 3.6023 3.5952 3.5926 3.5965 3.6082 3.6287 3.6583 3.6968 3.7431 3.7958 3.8531 3.9129 3.9735 4.033 4.0901 4.1439 4.6243 4.6358 4.6474 4.659 4.6705 4.6821 4.6936 4.7052 4.7168 4.7283 4.7399 4.7514 4.763 4.7746 4.7861 4.7977 4.8092 4.8208 4.8324 4.8439 4.8555 4.8671 4.8786 4.8902 4.9017 4.9133 4.9249 4.9364 4.948 4.9595 
1.5 1.5 1.5 1.5 1.5 1.5 1.5 1.5 1.5 1.5 1.5 1.08787 1.17734 1.26609 1.35395 1.44143 1.52824 1.61433 1.69997 1.78444 3.5 3.5251 3.5449 3.567 3.5879 3.6073 3.6245 3.6393 3.6513 3.6601 3.6659 3.6685 3.6684 3.6666 3.6639 3.6618 3.6617 3.6651 3.6735 3.6882 3.7097 3.7383 3.7739 3.8156 3.8623 3.9126 3.9649 4.0177 4.0697 4.1199 4.1675 4.6243 4.6358 4.6474 4.659 4.6705 4.6821 4.6936 4.7052 4.7168 4.7283 4.7399 4.7514 4.763 4.7746 4.7861 4.7977 4.8092 4.8208 4.8324 4.8439 4.8555 4.8671 4.8786 4.8902 4.9017 4.9133 4.9249 4.9364 4.948 4.9595 
1.5 1.5 1.5 1.5 1.5 1.5 1.5 1.5 1.5 1.5 1.5 1.08935 1.17909 1.26825 1.35684 1.4447 1.53149 1.61799 1.7041 1.7898 3.5 3.5243 3.5486 3.5729 3.589 3.6094 3.6284 3.646 3.6616 3.6751 3.6865 3.6958 3.7035 3.7098 3.7157 3.7218 3.7294 3.7394 3.7526 3.7699 3.7918 3.8185 3.8498 3.8851 3.9238 3.9649 4.0072 4.05 4.0922 4.1332 4.1724 4.2095 4.6243 4.6358 4.6474 4.659 4.6705 4.6821 4.6936 4.7052 4.7168 4.7283 4.7399 4.7514 4.763 4.7746 4.7861 4.7977 4.8092 4.8208 4.8324 4.8439 4.8555 4.8671 4.8786 4.8902 4.9017 4.9133 4.9249 4.9364 4.948 
1.5 1.5 1.5 1.5 1.5 1.5 1.5 1.5 1.5 1.5 1.5 1.08736 1.1768 1.26551 1.35353 1.44072 1.52754 1.61347 1.6989 1.78374 3.5 3.5243 3.5486 3.5698 3.5925 3.6146 3.636 3.6565 3.6758 3.694 3.711 3.7269 3.7418 3.756 3.7698 3.7839 3.7988 3.815 3.833 3.8534 3.8763 3.902 3.9302 3.9607 3.9931 4.0268 4.0614 4.0962 4.1306 4.1642 4.1969 4.2286 4.6243 4.6358 4.6474 4.659 4.6705 4.6821 4.6936 4.7052 4.7168 4.7283 4.7399 4.7514 4.763 4.7746 4.7861 4.7977 4.8092 4.8208 4.8324 4.8439 4.8555 4.8671 4.8786 4.8902 4.9017 4.9133 4.9249 4.9364 4.948 
1.5 1.5 1.5 1.5 1.5 1.5 1.5 1.5 1.5 1.5 1.5 1.08555 1.17469 1.26306 1.35069 1.43747 1.5239 1.60938 1.69447 1.77848 3.5 3.5236 3.5461 3.5692 3.592 3.6145 3.6367 3.6584 3.6795 3.7002 3.7203 3.7398 3.7588 3.7775 3.7961 3.8148 3.8338 3.8535 3.874 3.8957 3.9187 3.9428 3.9683 3.9948 4.0223 4.0504 4.0788 4.1074 4.1358 4.1638 4.1915 4.2186 4.245 4.6243 4.6358 4.6474 4.659 4.6705 4.6821 4.6936 4.7052 4.7168 4.7283 4.7399 4.7514 4.763 4.7746 4.7861 4.7977 4.8092 4.8208 4.8324 4.8439 4.8555 4.8671 4.8786 4.8902 4.9017 4.9133 4.9249 4.9364 
1.5 1.5 1.5 1.5 1.5 1.5 1.5 1.5 1.5 1.5 1.5 1.08317 1.17178 1.25944 1.34578 1.43272 1.51832 1.60319 1.68741 1.76841 3.5 3.5236 3.5467 3.5701 3.5933 3.6165 3.6395 3.6623 3.6848 3.7072 3.7294 3.7513 3.773 3.7946 3.8161 3.8377 3.8594 3.8813 3.9036 3.9265 3.9498 3.9736 3.9979 4.0227 4.0478 4.0733 4.0988 4.1245 4.1499 4.1753 4.2006 4.2255 4.2502 4.6243 4.6358 4.6474 4.659 4.6705 4.6821 4.6936 4.7052 4.7168 4.7283 4.7399 4.7514 4.763 4.7746 4.7861 4.7977 4.8092 4.8208 4.8324 4.8439 4.8555 4.8671 4.8786 4.8902 4.9017 4.9133 4.9249 4.9364 
1.5 1.5 1.5 1.5 1.5 1.5 1.5 1.5 1.5 1.5 1.5 1.09185 1.18204 1.27159 1.36047 1.44856 1.53616 1.62319 1.70969 1.7954 3.5 3.5229 3.5457 3.5684 3.5912 3.6139 3.6366 3.6591 3.6817 3.7041 3.7265 3.7488 3.771 3.7932 3.8154 3.8375 3.8598 3.8821 3.9046 3.9271 3.9499 3.9729 3.996 4.0193 4.0427 4.0662 4.0898 4.1134 4.1369 4.1604 4.1838 4.2072 4.2305 4.2536 4.6243 4.6358 4.6474 4.659 4.6705 4.6821 4.6936 4.7052 4.7168 4.7283 4.7399 4.7514 4.763 4.7746 4.7861 4.7977 4.8092 4.8208 4.8324 4.8439 4.8555 4.8671 4.8786 4.8902 4.9017 4.9133 4.9249 
1.5 1.5 1.5 1.5 1.5 1.5 1.5 1.5 1.5 1.5 1.5 1.10069 1.19233 1.2836 1.37429 1.46428 1.5539 1.64295 1.73173 1.81995 3.5 3.5229 3.5457 3.5686 3.5913 3.6142 3.6371 3.6598 3.6826 3.7053 3.728 3.7508 3.7734 3.7961 3.8187 3.8413 3.8641 3.8868 3.9095 3.9323 3.9551 3.9781 4.001 4.024 4.047 4.07 4.0932 4.1162 4.1392 4.1623 4.1853 4.2084 4.2314 4.2543 4.6243 4.6358 4.6474 4.659 4.6705 4.6821 4.6936 4.7052 4.7168 4.7283 4.7399 4.7514 4.763 4.7746 4.7861 4.7977 4.8092 4.8208 4.8324 4.8439 4.8555 4.8671 4.8786 4.8902 4.9017 4.9133 4.9249 
1.5 1.5 1.5 1.5 1.5 1.5 1.5 1.5 1.5 1.5 1.5 1.11137 1.20491 1.29806 1.3908 1.48313 1.57514 1.66664 1.75804 1.84887 3.5 3.5222 3.5445 3.5666 3.5888 3.611 3.6333 3.6554 3.6776 3.6998 3.722 3.7442 3.7663 3.7885 3.8106 3.8328 3.8549 3.8771 3.8994 3.9216 3.9438 3.966 3.9882 4.0105 4.0327 4.0549 4.0772 4.0994 4.1217 4.144 4.1662 4.1885 4.2107 4.233 4.2553 4.6243 4.6358 4.6474 4.659 4.6705 4.6821 4.6936 4.7052 4.7168 4.7283 4.7399 4.7514 4.763 4.7746 4.7861 4.7977 4.8092 4.8208 4.8324 4.8439 4.8555 4.8671 4.8786 4.8902 4.9017 4.9133 
1.5 1.5 1.5 1.5 1.5 1.5 1.5 1.5 1.5 1.5 1.5 1.12147 1.21675 1.31176 1.40645 1.501 1.59534 1.68932 1.78326 1.87708 3.5 3.5222 3.5445 3.5666 3.5888 3.611 3.6333 3.6555 3.6777 3.6999 3.7221 3.7443 3.7665 3.7887 3.8109 3.8331 3.8553 3.8775 3.8997 3.922 3.9442 3.9664 3.9886 4.0108 4.033 4.0553 4.0775 4.0997 4.122 4.1442 4.1664 4.1886 4.2108 4.233 4.2553 4.6243 4.6358 4.6474 4.659 4.6705 4.6821 4.6936 4.7052 4.7168 4.7283 4.7399 4.7514 4.763 4.7746 4.7861 4.7977 4.8092 4.8208 4.8324 4.8439 4.8555 4.8671 4.8786 4.8902 4.9017 4.9133 
1.5 1.5 1.5 1.5 1.5 1.5 1.5 1.5 1.5 1.5 1.5 1.13069 1.2276 1.32439 1.4209 1.51744 1.61386 1.71009 1.80631 1.90259 3.5 3.5216 3.5432 3.5648 3.5864 3.608 3.6295 3.6512 3.6728 3.6943 3.716 3.7375 3.7592 3.7808 3.8024 3.8239 3.8455 3.8672 3.8887 3.9103 3.9319 3.9535 3.9751 3.9967 4.0183 4.0399 4.0614 4.0831 4.1047 4.1263 4.1479 4.1695 4.1911 4.2127 4.2343 4.2558 4.6243 4.6358 4.6474 4.659 4.6705 4.6821 4.6936 4.7052 4.7168 4.7283 4.7399 4.7514 4.763 4.7746 4.7861 4.7977 4.8092 4.8208 4.8324 4.8439 4.8555 4.8671 4.8786 4.8902 4.9017 
1.5 1.5 1.5 1.5 1.5 1.5 1.5 1.5 1.5 1.5 1.5 1.13903 1.23741 1.33577 1.43402 1.53241 1.63075 1.72903 1.82739 1.92569 3.5 3.5216 3.5432 3.5648 3.5864 3.608 3.6296 3.6512 3.6728 3.6943 3.716 3.7376 3.7592 3.7808 3.8023 3.8239 3.8455 3.8672 3.8887 3.9103 3.9319 3.9535 3.9751 3.9967 4.0183 4.0399 4.0615 4.0831 4.1047 4.1263 4.1479 4.1695 4.1911 4.2127 4.2343 4.2558 4.6243 4.6358 4.6474 4.659 4.6705 4.6821 4.6936 4.7052 4.7168 4.7283 4.7399 4.7514 4.763 4.7746 4.7861 4.7977 4.8092 4.8208 4.8324 4.8439 4.8555 4.8671 4.8786 4.8902 4.9017 
1.5 1.5 1.5 1.5 1.5 1.5 1.5 1.5 1.5 1.5 1.5 1.14663 1.24634 1.34617 1.44597 1.54604 1.64627 1.74645 1.84685 1.94741 3.5 3.5216 3.5432 3.5648 3.5864 3.608 3.6295 3.6512 3.6728 3.6944 3.716 3.7376 3.7591 3.7808 3.8024 3.8239 3.8455 3.8671 3.8887 3.9103 3.9319 3.9535 3.9751 3.9967 4.0183 4.0399 4.0615 4.0831 4.1047 4.1263 4.1479 4.1695 4.191 4.2127 4.2343 4.2558 4.6243 4.6358 4.6474 4.659 4.6705 4.6821 4.6936 4.7052 4.7168 4.7283 4.7399 4.7514 4.763 4.7746 4.7861 4.7977 4.8092 4.8208 4.8324 4.8439 4.8555 4.8671 4.8786 4.8902 4.9017 
1.5 1.5 1.5 1.5 1.5 1.5 1.5 1.5 1.5 1.5 1.5 1.15355 1.25448 1.35563 1.45708 1.55863 1.6605 1.76234 1.86472 1.96741 3.5 3.521 3.542 3.5631 3.584 3.6051 3.6261 3.6471 3.6681 3.6891 3.7101 3.7312 3.7521 3.7731 3.7942 3.8152 3.8362 3.8572 3.8782 3.8992 3.9202 3.9413 3.9623 3.9832 4.0043 4.0253 4.0463 4.0673 4.0883 4.1094 4.1304 4.1514 4.1724 4.1934 4.2145 4.2354 4.2564 4.6243 4.6358 4.6474 4.659 4.6705 4.6821 4.6936 4.7052 4.7168 4.7283 4.7399 4.7514 4.763 4.7746 4.7861 4.7977 4.8092 4.8208 4.8324 4.8439 4.8555 4.8671 4.8786 4.8902 
1.5 1.5 1.5 1.5 1.5 1.5 1.5 1.5 1.5 1.5 1.5 1.15892 1.26082 1.36305 1.46548 1.56839 1.67157 1.77484 1.87866 1.98295 3.5 3.521 3.542 3.5631 3.584 3.6051 3.6261 3.6471 3.6681 3.6891 3.7101 3.7312 3.7521 3.7731 3.7942 3.8152 3.8362 3.8572 3.8782 3.8992 3.9202 3.9413 3.9623 3.9832 4.0043 4.0253 4.0463 4.0673 4.0883 4.1094 4.1304 4.1514 4.1724 4.1934 4.2145 4.2354 4.2564 4.6243 4.6358 4.6474 4.659 4.6705 4.6821 4.6936 4.7052 4.7168 4.7283 4.7399 4.7514 4.763 4.7746 4.7861 4.7977 4.8092 4.8208 4.8324 4.8439 4.8555 4.8671 4.8786 4.8902 
1.5 1.5 1.5 1.5 1.5 1.5 1.5 1.5 1.5 1.5 1.5 1.16388 1.26673 1.36995 1.47346 1.57752 1.68196 1.7872 1.89179 1.99754 3.5 3.521 3.542 3.5631 3.584 3.6051 3.6261 3.6471 3.6681 3.6891 3.7102 3.7312 3.7521 3.7731 3.7942 3.8152 3.8362 3.8572 3.8782 3.8992 3.9203 3.9413 3.9623 3.9833 4.0043 4.0253 4.0464 4.0673 4.0883 4.1093 4.1304 4.1514 4.1724 4.1934 4.2144 4.2354 4.2565 4.6243 4.6358 4.6474 4.659 4.6705 4.6821 4.6936 4.7052 4.7168 4.7283 4.7399 4.7514 4.763 4.7746 4.7861 4.7977 4.8092 4.8208 4.8324 4.8439 4.8555 4.8671 4.8786 4.8902 
1.5 1.5 1.5 1.5 1.5 1.5 1.5 1.5 1.5 1.5 1.5 1.1633 1.26602 1.36914 1.47249 1.57638 1.68063 1.78505 1.89009 1.9958 3.5 3.5205 3.5409 3.5614 3.5818 3.6023 3.6228 3.6432 3.6636 3.6841 3.7046 3.7251 3.7455 3.766 3.7864 3.8069 3.8273 3.8478 3.8683 3.8887 3.9092 3.9297 3.9501 3.9706 3.991 4.0115 4.032 4.0524 4.0728 4.0933 4.1138 4.1343 4.1547 4.1751 4.1956 4.2161 4.2365 4.257 4.6243 4.6358 4.6474 4.659 4.6705 4.6821 4.6936 4.7052 4.7168 4.7283 4.7399 4.7514 4.763 4.7746 4.7861 4.7977 4.8092 4.8208 4.8324 4.8439 4.8555 4.8671 4.8786 
1.5 1.5 1.5 1.5 1.5 1.5 1.5 1.5 1.5 1.5 1.5 1.16281 1.26544 1.36848 1.47182 1.57558 1.67976 1.78406 1.88908 1.99472 3.5 3.5205 3.5409 3.5614 3.5818 3.6023 3.6227 3.6432 3.6637 3.6842 3.7046 3.725 3.7455 3.766 3.7864 3.8069 3.8273 3.8478 3.8683 3.8887 3.9092 3.9297 3.9501 3.9706 3.991 4.0115 4.0319 4.0524 4.0729 4.0934 4.1138 4.1342 4.1547 4.1752 4.1956 4.2161 4.2365 4.257 4.6243 4.6358 4.6474 4.659 4.6705 4.6821 4.6936 4.7052 4.7168 4.7283 4.7399 4.7514 4.763 4.7746 4.7861 4.7977 4.8092 4.8208 4.8324 4.8439 4.8555 4.8671 4.8786 
1.5 1.5 1.5 1.5 1.5 1.5 1.5 1.5 1.5 1.5 1.5 1.16196 1.26446 1.36733 1.47058 1.57414 1.67814 1.78236 1.8871 1.99244 3.5 3.5205 3.5409 3.5614 3.5818 3.6023 3.6228 3.6432 3.6636 3.6842 3.7046 3.725 3.7455 3.766 3.7865 3.8069 3.8273 3.8478 3.8683 3.8887 3.9092 3.9297 3.9501 3.9705 3.991 4.0115 4.032 4.0524 4.0728 4.0934 4.1138 4.1342 4.1547 4.1751 4.1957 4.2161 4.2365 4.257 4.6243 4.6358 4.6474 4.659 4.6705 4.6821 4.6936 4.7052 4.7168 4.7283 4.7399 4.7514 4.763 4.7746 4.7861 4.7977 4.8092 4.8208 4.8324 4.8439 4.8555 4.8671 4.8786 
1.5 1.5 1.5 1.5 1.5 1.5 1.5 1.5 1.5 1.5 1.5 1.16186 1.26432 1.36718 1.47018 1.57383 1.67776 1.78195 1.88661 1.99156 3.5 3.5205 3.5409 3.5614 3.5818 3.6023 3.6228 3.6432 3.6637 3.6841 3.7046 3.7251 3.7455 3.766 3.7864 3.8069 3.8274 3.8478 3.8683 3.8887 3.9092 3.9297 3.9501 3.9706 3.991 4.0114 4.032 4.0524 4.0729 4.0933 4.1138 4.1343 4.1547 4.1751 4.1956 4.2161 4.2366 4.257 4.6243 4.6358 4.6474 4.659 4.6705 4.6821 4.6936 4.7052 4.7168 4.7283 4.7399 4.7514 4.763 4.7746 4.7861 4.7977 4.8092 4.8208 4.8324 4.8439 4.8555 4.8671 4.8786 
1.5 1.5 1.5 1.5 1.5 1.5 1.5 1.5 1.5 1.5 1.5 1.16288 1.26554 1.3686 1.47184 1.57574 1.67992 1.7844 1.88928 1.99501 3.5 3.5199 3.5399 3.5598 3.5797 3.5997 3.6196 3.6395 3.6595 3.6794 3.6994 3.7192 3.7392 3.7592 3.7791 3.799 3.819 3.8389 3.8588 3.8788 3.8987 3.9186 3.9386 3.9585 3.9784 3.9984 4.0183 4.0383 4.0582 4.0781 4.098 4.118 4.1379 4.1579 4.1778 4.1977 4.2176 4.2376 4.2575 4.6243 4.6358 4.6474 4.659 4.6705 4.6821 4.6936 4.7052 4.7168 4.7283 4.7399 4.7514 4.763 4.7746 4.7861 4.7977 4.8092 4.8208 4.8324 4.8439 4.8555 4.8671 
1.5 1.5 1.5 1.5 1.5 1.5 1.5 1.5 1.5 1.5 1.5 1.16534 1.26842 1.37194 1.47584 1.58012 1.68488 1.78995 1.89551 2.00131 3.5 3.5199 3.5399 3.5598 3.5797 3.5997 3.6196 3.6395 3.6595 3.6794 3.6993 3.7193 3.7392 3.7591 3.7791 3.799 3.819 3.8389 3.8588 3.8787 3.8987 3.9187 3.9386 3.9585 3.9784 3.9983 4.0183 4.0383 4.0582 4.0781 4.098 4.118 4.1379 4.1579 4.1777 4.1977 4.2177 4.2376 4.2575 4.6243 4.6358 4.6474 4.659 4.6705 4.6821 4.6936 4.7052 4.7168 4.7283 4.7399 4.7514 4.763 4.7746 4.7861 4.7977 4.8092 4.8208 4.8324 4.8439 4.8555 4.8671 
1.5 1.5 1.5 1.5 1.5 1.5 1.5 1.5 1.5 1.5 1.5 1.16908 1.27287 1.37706 1.48172 1.58703 1.69278 1.79887 1.90551 2.01281 3.5 3.5199 3.5399 3.5598 3.5797 3.5997 3.6196 3.6395 3.6595 3.6794 3.6993 3.7193 3.7392 3.7591 3.7791 3.799 3.819 3.8389 3.8588 3.8787 3.8987 3.9187 3.9386 3.9585 3.9784 3.9983 4.0183 4.0383 4.0582 4.0781 4.098 4.118 4.1379 4.1579 4.1777 4.1977 4.2177 4.2376 4.2575 4.6243 4.6358 4.6474 4.659 4.6705 4.6821 4.6936 4.7052 4.7168 4.7283 4.7399 4.7514 4.763 4.7746 4.7861 4.7977 4.8092 4.8208 4.8324 4.8439 4.8555 4.8671 
1.5 1.5 1.5 1.5 1.5 1.5 1.5 1.5 1.5 1.5 1.5 1.17406 1.27873 1.38406 1.48964 1.59619 1.7032 1.81065 1.91865 2.02805 3.5 3.5199 3.5399 3.5598 3.5797 3.5997 3.6196 3.6395 3.6595 3.6794 3.6993 3.7193 3.7392 3.7591 3.7791 3.799 3.819 3.8389 3.8588 3.8787 3.8987 3.9187 3.9386 3.9585 3.9784 3.9983 4.0183 4.0383 4.0582 4.0781 4.098 4.118 4.1379 4.1579 4.1777 4.1977 4.2177 4.2376 4.2575 4.6243 4.6358 4.6474 4.659 4.6705 4.6821 4.6936 4.7052 4.7168 4.7283 4.7399 4.7514 4.763 4.7746 4.7861 4.7977 4.8092 4.8208 4.8324 4.8439 4.8555 4.8671 
1.5 1.5 1.5 1.5 1.5 1.5 1.5 1.5 1.5 1.5 1.5 1.17825 1.2837 1.38984 1.49638 1.60392 1.71198 1.82057 1.92999 2.04042 3.5 3.5199 3.5399 3.5598 3.5797 3.5997 3.6196 3.6395 3.6595 3.6794 3.6993 3.7193 3.7392 3.7591 3.7791 3.799 3.819 3.8389 3.8588 3.8787 3.8987 3.9187 3.9386 3.9585 3.9784 3.9983 4.0183 4.0383 4.0582 4.0781 4.098 4.118 4.1379 4.1579 4.1777 4.1977 4.2177 4.2376 4.2575 4.6243 4.6358 4.6474 4.659 4.6705 4.6821 4.6936 4.7052 4.7168 4.7283 4.7399 4.7514 4.763 4.7746 4.7861 4.7977 4.8092 4.8208 4.8324 4.8439 4.8555 4.8671 
1.5 1.5 1.5 1.5 1.5 1.5 1.5 1.5 1.5 1.5 1.5 1.18282 1.28915 1.39614 1.50444 1.61237 1.72158 1.8314 1.94191 2.05368 3.5 3.5199 3.5399 3.5598 3.5797 3.5997 3.6196 3.6395 3.6595 3.6794 3.6994 3.7192 3.7392 3.7592 3.7791 3.799 3.819 3.8389 3.8588 3.8788 3.8987 3.9186 3.9386 3.9585 3.9784 3.9984 4.0183 4.0383 4.0582 4.0781 4.098 4.118 4.1379 4.1579 4.1778 4.1977 4.2176 4.2376 4.2575 4.6243 4.6358 4.6474 4.659 4.6705 4.6821 4.6936 4.7052 4.7168 4.7283 4.7399 4.7514 4.763 4.7746 4.7861 4.7977 4.8092 4.8208 4.8324 4.8439 4.8555 4.8671 
1.5 1.5 1.5 1.5 1.5 1.5 1.5 1.5 1.5 1.5 1.5 1.17784 1.2832 1.38921 1.49564 1.60306 1.71099 1.81941 1.92843 2.0389 3.5 3.5194 3.5389 3.5583 3.5777 3.5972 3.6166 3.6361 3.6555 3.6749 3.6943 3.7138 3.7332 3.7527 3.7721 3.7916 3.811 3.8304 3.8498 3.8693 3.8887 3.9082 3.9276 3.947 3.9665 3.9859 4.0053 4.0248 4.0442 4.0637 4.0831 4.1025 4.122 4.1414 4.1609 4.1803 4.1997 4.2191 4.2386 4.258 4.6243 4.6358 4.6474 4.659 4.6705 4.6821 4.6936 4.7052 4.7168 4.7283 4.7399 4.7514 4.763 4.7746 4.7861 4.7977 4.8092 4.8208 4.8324 4.8439 4.8555 
1.5 1.5 1.5 1.5 1.5 1.5 1.5 1.5 1.5 1.5 1.5 1.17302 1.27751 1.38259 1.48797 1.59427 1.70102 1.8082 1.91607 2.02473 3.5 3.5194 3.5389 3.5583 3.5777 3.5972 3.6166 3.6361 3.6555 3.6749 3.6943 3.7138 3.7332 3.7527 3.7721 3.7916 3.811 3.8304 3.8498 3.8693 3.8887 3.9082 3.9276 3.947 3.9665 3.9859 4.0053 4.0248 4.0442 4.0637 4.0831 4.1025 4.122 4.1414 4.1609 4.1803 4.1997 4.2191 4.2386 4.258 4.6243 4.6358 4.6474 4.659 4.6705 4.6821 4.6936 4.7052 4.7168 4.7283 4.7399 4.7514 4.763 4.7746 4.7861 4.7977 4.8092 4.8208 4.8324 4.8439 4.8555 
1.5 1.5 1.5 1.5 1.5 1.5 1.5 1.5 1.5 1.5 1.5 1.16721 1.27067 1.37455 1.47877 1.58363 1.68893 1.79456 1.90064 2.00755 3.5 3.5194 3.5389 3.5583 3.5777 3.5972 3.6166 3.6361 3.6555 3.6749 3.6943 3.7138 3.7332 3.7527 3.7721 3.7916 3.811 3.8305 3.8499 3.8693 3.8887 3.9082 3.9276 3.9471 3.9665 3.9859 4.0053 4.0248 4.0442 4.0636 4.0831 4.1025 4.122 4.1414 4.1609 4.1803 4.1997 4.2192 4.2386 4.258 4.6243 4.6358 4.6474 4.659 4.6705 4.6821 4.6936 4.7052 4.7168 4.7283 4.7399 4.7514 4.763 4.7746 4.7861 4.7977 4.8092 4.8208 4.8324 4.8439 4.8555 
1.5 1.5 1.5 1.5 1.5 1.5 1.5 1.5 1.5 1.5 1.5 1.16196 1.26445 1.36733 1.47045 1.57404 1.67796 1.78217 1.88679 1.9918 3.5 3.5194 3.5389 3.5583 3.5777 3.5972 3.6166 3.6361 3.6555 3.6749 3.6943 3.7138 3.7332 3.7527 3.7721 3.7916 3.811 3.8305 3.8499 3.8693 3.8887 3.9082 3.9276 3.9471 3.9665 3.9859 4.0053 4.0248 4.0442 4.0636 4.0831 4.1025 4.122 4.1414 4.1609 4.1803 4.1997 4.2192 4.2386 4.258 4.6243 4.6358 4.6474 4.659 4.6705 4.6821 4.6936 4.7052 4.7168 4.7283 4.7399 4.7514 4.763 4.7746 4.7861 4.7977 4.8092 4.8208 4.8324 4.8439 4.8555 
1.5 1.5 1.5 1.5 1.5 1.5 1.5 1.5 1.5 1.5 1.5 1.15744 1.25913 1.36107 1.46333 1.56585 1.6687 1.77174 1.87518 1.97902 3.5 3.5194 3.5389 3.5583 3.5777 3.5972 3.6166 3.6361 3.6555 3.6749 3.6943 3.7138 3.7332 3.7527 3.7721 3.7916 3.811 3.8304 3.8499 3.8693 3.8887 3.9082 3.9276 3.9471 3.9665 3.9859 4.0053 4.0247 4.0442 4.0636 4.0831 4.1025 4.122 4.1414 4.1609 4.1803 4.1997 4.2191 4.2386 4.258 4.6243 4.6358 4.6474 4.659 4.6705 4.6821 4.6936 4.7052 4.7168 4.7283 4.7399 4.7514 4.763 4.7746 4.7861 4.7977 4.8092 4.8208 4.8324 4.8439 4.8555 
1.5 1.5 1.5 1.5 1.5 1.5 1.5 1.5 1.5 1.5 1.5 1.15376 1.25478 1.35604 1.45731 1.55912 1.66108 1.76316 1.86555 1.96828 3.5 3.5194 3.5389 3.5583 3.5777 3.5972 3.6166 3.6361 3.6555 3.6749 3.6943 3.7138 3.7332 3.7527 3.7721 3.7916 3.811 3.8304 3.8498 3.8693 3.8887 3.9082 3.9276 3.947 3.9665 3.9859 4.0053 4.0248 4.0442 4.0637 4.0831 4.1025 4.122 4.1414 4.1609 4.1803 4.1997 4.2191 4.2386 4.258 4.6243 4.6358 4.6474 4.659 4.6705 4.6821 4.6936 4.7052 4.7168 4.7283 4.7399 4.7514 4.763 4.7746 4.7861 4.7977 4.8092 4.8208 4.8324 4.8439 4.8555 
1.5 1.5 1.5 1.5 1.5 1.5 1.5 1.5 1.5 1.5 1.5 1.15089 1.25139 1.35209 1.45289 1.55393 1.65517 1.75651 1.85811 1.95994 3.5 3.519 3.5379 3.5569 3.5758 3.5948 3.6138 3.6327 3.6517 3.6706 3.6896 3.7086 3.7276 3.7465 3.7654 3.7845 3.8034 3.8224 3.8413 3.8603 3.8792 3.8982 3.9172 3.9361 3.9551 3.9741 3.993 4.012 4.0309 4.0499 4.0689 4.0879 4.1068 4.1257 4.1447 4.1637 4.1827 4.2016 4.2206 4.2395 4.2585 4.6243 4.6358 4.6474 4.659 4.6705 4.6821 4.6936 4.7052 4.7168 4.7283 4.7399 4.7514 4.763 4.7746 4.7861 4.7977 4.8092 4.8208 4.8324 4.8439 
1.5 1.5 1.5 1.5 1.5 1.5 1.5 1.5 1.5 1.5 1.5 1.14862 1.24871 1.34892 1.44928 1.54978 1.65046 1.75121 1.85222 1.95339 3.5 3.519 3.5379 3.5569 3.5758 3.5948 3.6138 3.6327 3.6517 3.6706 3.6896 3.7086 3.7276 3.7465 3.7654 3.7844 3.8034 3.8224 3.8413 3.8603 3.8792 3.8982 3.9172 3.9361 3.9551 3.974 3.9931 4.012 4.0309 4.0499 4.0688 4.0879 4.1068 4.1258 4.1447 4.1636 4.1827 4.2016 4.2206 4.2395 4.2585 4.6243 4.6358 4.6474 4.659 4.6705 4.6821 4.6936 4.7052 4.7168 4.7283 4.7399 4.7514 4.763 4.7746 4.7861 4.7977 4.8092 4.8208 4.8324 4.8439 
1.5 1.5 1.5 1.5 1.5 1.5 1.5 1.5 1.5 1.5 1.5 1.14676 1.24653 1.34644 1.44628 1.54642 1.64668 1.74695 1.84745 1.94797 3.5 3.519 3.5379 3.5569 3.5758 3.5948 3.6138 3.6327 3.6517 3.6706 3.6896 3.7086 3.7276 3.7465 3.7654 3.7845 3.8034 3.8224 3.8413 3.8603 3.8792 3.8982 3.9172 3.9361 3.9551 3.9741 3.993 4.012 4.0309 4.0499 4.0689 4.0879 4.1068 4.1257 4.1447 4.1637 4.1827 4.2016 4.2206 4.2395 4.2585 4.6243 4.6358 4.6474 4.659 4.6705 4.6821 4.6936 4.7052 4.7168 4.7283 4.7399 4.7514 4.763 4.7746 4.7861 4.7977 4.8092 4.8208 4.8324 4.8439 
1.5 1.5 1.5 1.5 1.5 1.5 1.5 1.5 1.5 1.5 1.5 1.14525 1.24475 1.34435 1.44393 1.54373 1.64363 1.74352 1.84362 1.94379 3.5 3.519 3.5379 3.5569 3.5758 3.5948 3.6138 3.6327 3.6517 3.6706 3.6896 3.7086 3.7275 3.7465 3.7655 3.7845 3.8034 3.8224 3.8413 3.8603 3.8792 3.8982 3.9172 3.9361 3.9551 3.974 3.993 4.012 4.0309 4.0499 4.0689 4.0879 4.1068 4.1257 4.1447 4.1637 4.1827 4.2016 4.2205 4.2395 4.2585 4.6243 4.6358 4.6474 4.659 4.6705 4.6821 4.6936 4.7052 4.7168 4.7283 4.7399 4.7514 4.763 4.7746 4.7861 4.7977 4.8092 4.8208 4.8324 4.8439 
1.5 1.5 1.5 1.5 1.5 1.5 1.5 1.5 1.5 1.5 1.5 1.14393 1.24319 1.34248 1.44185 1.54132 1.6409 1.74044 1.84018 1.94002 3.5 3.519 3.5379 3.5569 3.5758 3.5948 3.6138 3.6327 3.6517 3.6706 3.6896 3.7086 3.7275 3.7465 3.7655 3.7845 3.8034 3.8224 3.8413 3.8603 3.8792 3.8982 3.9172 3.9361 3.9551 3.974 3.993 4.012 4.0309 4.0499 4.0689 4.0879 4.1068 4.1257 4.1447 4.1637 4.1827 4.2016 4.2205 4.2395 4.2585 4.6243 4.6358 4.6474 4.659 4.6705 4.6821 4.6936 4.7052 4.7168 4.7283 4.7399 4.7514 4.763 4.7746 4.7861 4.7977 4.8092 4.8208 4.8324 4.8439 
1.5 1.5 1.5 1.5 1.5 1.5 1.5 1.5 1.5 1.5 1.5 1.14264 1.24164 1.34075 1.43976 1.53894 1.63819 1.7374 1.83678 1.9362 3.5 3.519 3.5379 3.5569 3.5758 3.5948 3.6138 3.6327 3.6517 3.6706 3.6896 3.7086 3.7276 3.7465 3.7654 3.7844 3.8034 3.8224 3.8413 3.8603 3.8792 3.8982 3.9172 3.9361 3.9551 3.974 3.9931 4.012 4.0309 4.0499 4.0688 4.0879 4.1068 4.1258 4.1447 4.1636 4.1827 4.2016 4.2206 4.2395 4.2585 4.6243 4.6358 4.6474 4.659 4.6705 4.6821 4.6936 4.7052 4.7168 4.7283 4.7399 4.7514 4.763 4.7746 4.7861 4.7977 4.8092 4.8208 4.8324 4.8439 
1.5 1.5 1.5 1.5 1.5 1.5 1.5 1.5 1.5 1.5 1.5 1.14128 1.24005 1.33885 1.43758 1.53647 1.63538 1.73424 1.83325 1.93226 3.5 3.519 3.5379 3.5569 3.5758 3.5948 3.6138 3.6327 3.6517 3.6706 3.6896 3.7086 3.7276 3.7465 3.7655 3.7845 3.8034 3.8224 3.8413 3.8603 3.8792 3.8982 3.9172 3.9361 3.9551 3.974 3.993 4.012 4.031 4.0499 4.0688 4.0878 4.1068 4.1258 4.1447 4.1637 4.1826 4.2016 4.2206 4.2395 4.2585 4.6243 4.6358 4.6474 4.659 4.6705 4.6821 4.6936 4.7052 4.7168 4.7283 4.7399 4.7514 4.763 4.7746 4.7861 4.7977 4.8092 4.8208 4.8324 4.8439 
1.5 1.5 1.5 1.5 1.5 1.5 1.5 1.5 1.5 1.5 1.5 1.13985 1.23837 1.33691 1.43535 1.53392 1.6325 1.731 1.82962 1.92826 3.5 3.5185 3.537 3.5555 3.574 3.5925 3.611 3.6296 3.6481 3.6666 3.6851 3.7036 3.7221 3.7406 3.7591 3.7776 3.7961 3.8147 3.8332 3.8517 3.8702 3.8887 3.9073 3.9258 3.9443 3.9628 3.9813 3.9998 4.0183 4.0368 4.0553 4.0738 4.0924 4.1109 4.1294 4.1479 4.1664 4.1849 4.2034 4.2219 4.2404 4.2589 4.6243 4.6358 4.6474 4.659 4.6705 4.6821 4.6936 4.7052 4.7168 4.7283 4.7399 4.7514 4.763 4.7746 4.7861 4.7977 4.8092 4.8208 4.8324 
1.5 1.5 1.5 1.5 1.5 1.5 1.5 1.5 1.5 1.5 1.5 1.13846 1.23672 1.33497 1.43314 1.53139 1.62965 1.7278 1.82604 1.92434 3.5 3.5185 3.537 3.5555 3.574 3.5925 3.611 3.6296 3.6481 3.6666 3.6851 3.7036 3.7221 3.7406 3.7591 3.7776 3.7961 3.8147 3.8332 3.8517 3.8702 3.8887 3.9073 3.9258 3.9443 3.9628 3.9813 3.9998 4.0183 4.0368 4.0553 4.0738 4.0924 4.1109 4.1294 4.1479 4.1664 4.1849 4.2034 4.2219 4.2404 4.2589 4.6243 4.6358 4.6474 4.659 4.6705 4.6821 4.6936 4.7052 4.7168 4.7283 4.7399 4.7514 4.763 4.7746 4.7861 4.7977 4.8092 4.8208 4.8324 
1.5 1.5 1.5 1.5 1.5 1.5 1.5 1.5 1.5 1.5 1.5 1.13716 1.23518 1.33319 1.43107 1.52902 1.62696 1.72478 1.82267 1.92056 3.5 3.5185 3.537 3.5555 3.574 3.5925 3.611 3.6296 3.6481 3.6666 3.6851 3.7036 3.7221 3.7406 3.7591 3.7776 3.7962 3.8147 3.8332 3.8517 3.8702 3.8887 3.9072 3.9257 3.9443 3.9628 3.9813 3.9998 4.0183 4.0368 4.0553 4.0739 4.0924 4.1109 4.1294 4.1479 4.1664 4.1849 4.2034 4.2219 4.2404 4.259 4.6243 4.6358 4.6474 4.659 4.6705 4.6821 4.6936 4.7052 4.7168 4.7283 4.7399 4.7514 4.763 4.7746 4.7861 4.7977 4.8092 4.8208 4.8324 
1.5 1.5 1.5 1.5 1.5 1.5 1.5 1.5 1.5 1.5 1.5 1.13606 1.23388 1.33167 1.42929 1.52699 1.62465 1.72216 1.81974 1.9172 3.5 3.5185 3.537 3.5555 3.574 3.5925 3.611 3.6296 3.6481 3.6666 3.6851 3.7036 3.7221 3.7406 3.7591 3.7776 3.7962 3.8147 3.8332 3.8517 3.8702 3.8887 3.9072 3.9257 3.9443 3.9628 3.9813 3.9998 4.0183 4.0368 4.0553 4.0739 4.0924 4.1109 4.1294 4.1479 4.1664 4.1849 4.2034 4.2219 4.2404 4.259 4.6243 4.6358 4.6474 4.659 4.6705 4.6821 4.6936 4.7052 4.7168 4.7283 4.7399 4.7514 4.763 4.7746 4.7861 4.7977 4.8092 4.8208 4.8324 
1.5 1.5 1.5 1.5 1.5 1.5 1.5 1.5 1.5 1.5 1.5 1.13525 1.23293 1.33051 1.42802 1.52551 1.62296 1.72026 1.8176 1.91476 3.5 3.5185 3.537 3.5555 3.574 3.5925 3.611 3.6296 3.6481 3.6666 3.6851 3.7036 3.7221 3.7406 3.7591 3.7776 3.7961 3.8147 3.8332 3.8517 3.8702 3.8887 3.9073 3.9258 3.9443 3.9628 3.9813 3.9998 4.0183 4.0368 4.0553 4.0738 4.0924 4.1109 4.1294 4.1479 4.1664 4.1849 4.2034 4.2219 4.2404 4.2589 4.6243 4.6358 4.6474 4.659 4.6705 4.6821 4.6936 4.7052 4.7168 4.7283 4.7399 4.7514 4.763 4.7746 4.7861 4.7977 4.8092 4.8208 4.8324 
1.5 1.5 1.5 1.5 1.5 1.5 1.5 1.5 1.5 1.5 1.5 1.13476 1.23236 1.32987 1.42722 1.52467 1.62203 1.71922 1.81645 1.91369 3.5 3.5185 3.537 3.5555 3.574 3.5925 3.611 3.6296 3.6481 3.6666 3.6851 3.7036 3.7221 3.7406 3.7591 3.7777 3.7962 3.8147 3.8332 3.8517 3.8702 3.8887 3.9072 3.9257 3.9443 3.9628 3.9813 3.9998 4.0183 4.0368 4.0553 4.0738 4.0923 4.1108 4.1294 4.1479 4.1664 4.1849 4.2034 4.222 4.2405 4.259 4.6243 4.6358 4.6474 4.659 4.6705 4.6821 4.6936 4.7052 4.7168 4.7283 4.7399 4.7514 4.763 4.7746 4.7861 4.7977 4.8092 4.8208 4.8324 
1.5 1.5 1.5 1.5 1.5 1.5 1.5 1.5 1.5 1.5 1.5 1.13458 1.23214 1.32967 1.42702 1.5244 1.62173 1.71891 1.81614 1.91336 3.5 3.5185 3.537 3.5555 3.574 3.5925 3.611 3.6296 3.6481 3.6666 3.6851 3.7036 3.7221 3.7406 3.7591 3.7777 3.7962 3.8147 3.8332 3.8517 3.8702 3.8887 3.9072 3.9257 3.9443 3.9628 3.9813 3.9998 4.0183 4.0368 4.0553 4.0738 4.0923 4.1108 4.1294 4.1479 4.1664 4.1849 4.2034 4.222 4.2405 4.259 4.6243 4.6358 4.6474 4.659 4.6705 4.6821 4.6936 4.7052 4.7168 4.7283 4.7399 4.7514 4.763 4.7746 4.7861 4.7977 4.8092 4.8208 4.8324 
