76 81 1.5 0.33
0 2 4 6 8 10 12 14 16 18 20 22 24 26 28 30 32 34 36 38 40 42 44 46 48 50 52 54 56 58 60 62 64 66 68 70 72 74 76 78 80 82 84 86 88 90 92 94 96 98 100 102 104 106 108 110 112 114 116 118 120 122 124 126 128 130 132 134 136 138 140 142 144 146 148 150 
0 0 0 0 0 0 0 0 0 0 0 0 0 0 0 0 0 0 0 0 0 0 0 0 0 0 0 0 0 0 0 0 0 0 0 0 0 0 0 0 0 0 0 0 0 0 0 0 0 0 0 0 0 0 0 0 0 0 0 0 0 0 0 0 0 0 0 0 0 0 0 0 0 0 0 0 
0 0.2 0.4 0.6 0.8 1 1.2 1.4 1.6 1.8 2 2.2 2.4 2.6 2.8 3 3.2 3.4 3.6 3.8 4 4.2 4.4 4.6 4.8 5 5.2 5.4 5.6 5.8 6 6.2 6.4 6.6 6.8 7 7.2 7.4 7.6 7.8 8 8.2 8.4 8.6 8.8 9 9.2 9.4 9.6 9.8 10 10.2 10.4 10.6 10.8 11 11.2 11.4 11.6 11.8 12 12.2 12.4 12.6 12.8 13 13.2 13.4 13.6 13.8 14 14.2 14.4 14.6 14.8 15 15.2 15.4 15.6 15.8 16 
1.5 1.5 1.5 1.5 1.5 1.5 1.5 1.5 1.5 1.5 1.5 1.42438 3.5 3.5199 3.5398 3.5598 3.5798 3.5997 3.6196 3.6395 3.6595 3.6794 3.6994 3.7192 3.7392 3.7592 3.7791 3.799 3.819 3.8388 3.8588 3.8788 3.8987 3.9186 3.9386 3.9585 3.9784 3.9984 4.0183 4.0382 4.0582 4.0781 4.098 4.118 4.1379 4.1579 4.1778 4.1977 4.2176 4.2376 4.2576 4.6243 4.6358 4.6474 4.659 4.6705 4.6821 4.6936 4.7052 4.7168 4.7283 4.7399 4.7514 4.763 4.7746 4.7861 4.7977 4.8092 4.8208 4.8324 4.8439 4.8555 4.8671 4.8786 4.8902 4.9017 4.9133 4.9249 4.9364 4.948 4.9595 
1.5 1.5 1.5 1.5 1.5 1.5 1.5 1.5 1.5 1.5 1.5 1.28189 1.56512 3.5 3.5205 3.5409 3.5614 3.5818 3.6023 3.6227 3.6432 3.6637 3.6842 3.7046 3.725 3.7455 3.766 3.7864 3.8069 3.8273 3.8478 3.8683 3.8887 3.9092 3.9297 3.9501 3.9706 3.991 4.0115 4.0319 4.0524 4.0729 4.0934 4.1138 4.1342 4.1547 4.1752 4.1956 4.2161 4.2365 4.257 4.6243 4.6358 4.6474 4.659 4.6705 4.6821 4.6936 4.7052 4.7168 4.7283 4.7399 4.7514 4.763 4.7746 4.7861 4.7977 4.8092 4.8208 4.8324 4.8439 4.8555 4.8671 4.8786 4.8902 4.9017 4.9133 4.9249 4.9364 4.948 4.9595 
1.5 1.5 1.5 1.5 1.5 1.5 1.5 1.5 1.5 1.5 1.5 1.21011 1.4251 1.63504 3.5 3.521 3.542 3.5631 3.584 3.6051 3.6261 3.6471 3.6682 3.6891 3.7101 3.7311 3.7521 3.7732 3.7942 3.8152 3.8362 3.8572 3.8783 3.8992 3.9202 3.9413 3.9623 3.9833 4.0043 4.0253 4.0463 4.0673 4.0884 4.1094 4.1303 4.1514 4.1724 4.1934 4.2145 4.2354 4.2564 4.6243 4.6358 4.6474 4.659 4.6705 4.6821 4.6936 4.7052 4.7168 4.7283 4.7399 4.7514 4.763 4.7746 4.7861 4.7977 4.8092 4.8208 4.8324 4.8439 4.8555 4.8671 4.8786 4.8902 4.9017 4.9133 4.9249 4.9364 4.948 4.9595 
1.5 1.5 1.5 1.5 1.5 1.5 1.5 1.5 1.5 1.5 1.5 1.21095 1.42608 1.63642 3.5 3.521 3.542 3.5631 3.584 3.6051 3.6261 3.6471 3.6682 3.6891 3.7101 3.7311 3.7521 3.7732 3.7942 3.8152 3.8362 3.8572 3.8783 3.8992 3.9202 3.9413 3.9623 3.9833 4.0043 4.0253 4.0463 4.0673 4.0884 4.1094 4.1303 4.1514 4.1724 4.1934 4.2145 4.2354 4.2564 4.6243 4.6358 4.6474 4.659 4.6705 4.6821 4.6936 4.7052 4.7168 4.7283 4.7399 4.7514 4.763 4.7746 4.7861 4.7977 4.8092 4.8208 4.8324 4.8439 4.8555 4.8671 4.8786 4.8902 4.9017 4.9133 4.9249 4.9364 4.948 4.9595 
1.5 1.5 1.5 1.5 1.5 1.5 1.5 1.5 1.5 1.5 1.5 1.21119 1.42669 1.63756 3.5 3.521 3.542 3.5631 3.584 3.6051 3.6261 3.6471 3.6682 3.6891 3.7101 3.7311 3.7521 3.7732 3.7942 3.8152 3.8362 3.8572 3.8783 3.8992 3.9202 3.9413 3.9623 3.9833 4.0043 4.0253 4.0463 4.0673 4.0884 4.1094 4.1303 4.1514 4.1724 4.1934 4.2145 4.2354 4.2564 4.6243 4.6358 4.6474 4.659 4.6705 4.6821 4.6936 4.7052 4.7168 4.7283 4.7399 4.7514 4.763 4.7746 4.7861 4.7977 4.8092 4.8208 4.8324 4.8439 4.8555 4.8671 4.8786 4.8902 4.9017 4.9133 4.9249 4.9364 4.948 4.9595 
1.5 1.5 1.5 1.5 1.5 1.5 1.5 1.5 1.5 1.5 1.5 1.28272 1.5665 3.5 3.5205 3.5409 3.5614 3.5818 3.6023 3.6227 3.6432 3.6637 3.6842 3.7046 3.725 3.7455 3.766 3.7864 3.8069 3.8273 3.8478 3.8683 3.8887 3.9092 3.9297 3.9501 3.9706 3.991 4.0115 4.0319 4.0524 4.0729 4.0934 4.1138 4.1342 4.1547 4.1752 4.1956 4.2161 4.2365 4.257 4.6243 4.6358 4.6474 4.659 4.6705 4.6821 4.6936 4.7052 4.7168 4.7283 4.7399 4.7514 4.763 4.7746 4.7861 4.7977 4.8092 4.8208 4.8324 4.8439 4.8555 4.8671 4.8786 4.8902 4.9017 4.9133 4.9249 4.9364 4.948 4.9595 
1.5 1.5 1.5 1.5 1.5 1.5 1.5 1.5 1.5 1.5 1.5 1.27976 1.56205 3.5 3.5205 3.5409 3.5614 3.5818 3.6023 3.6227 3.6432 3.6637 3.6842 3.7046 3.725 3.7455 3.766 3.7864 3.8069 3.8273 3.8478 3.8683 3.8887 3.9092 3.9297 3.9501 3.9706 3.991 4.0115 4.0319 4.0524 4.0729 4.0934 4.1138 4.1342 4.1547 4.1752 4.1956 4.2161 4.2365 4.257 4.6243 4.6358 4.6474 4.659 4.6705 4.6821 4.6936 4.7052 4.7168 4.7283 4.7399 4.7514 4.763 4.7746 4.7861 4.7977 4.8092 4.8208 4.8324 4.8439 4.8555 4.8671 4.8786 4.8902 4.9017 4.9133 4.9249 4.9364 4.948 4.9595 
1.5 1.5 1.5 1.5 1.5 1.5 1.5 1.5 1.5 1.5 1.5 1.15975 1.33081 1.49853 1.66432 3.5 3.5216 3.5432 3.5648 3.5864 3.608 3.6295 3.6512 3.6728 3.6944 3.716 3.7376 3.7591 3.7808 3.8024 3.8239 3.8455 3.8671 3.8887 3.9103 3.9319 3.9535 3.9751 3.9967 4.0183 4.0399 4.0615 4.0831 4.1047 4.1263 4.1479 4.1695 4.191 4.2127 4.2343 4.2558 4.6243 4.6358 4.6474 4.659 4.6705 4.6821 4.6936 4.7052 4.7168 4.7283 4.7399 4.7514 4.763 4.7746 4.7861 4.7977 4.8092 4.8208 4.8324 4.8439 4.8555 4.8671 4.8786 4.8902 4.9017 4.9133 4.9249 4.9364 4.948 4.9595 
1.5 1.5 1.5 1.5 1.5 1.5 1.5 1.5 1.5 1.5 1.5 1.12307 1.26426 1.40273 1.5383 1.67111 3.5 3.5222 3.5444 3.5666 3.5888 3.611 3.6333 3.6555 3.6777 3.6999 3.7221 3.7443 3.7665 3.7888 3.811 3.8332 3.8554 3.8776 3.8999 3.9221 3.9443 3.9665 3.9887 4.0109 4.0331 4.0553 4.0775 4.0997 4.122 4.1442 4.1664 4.1886 4.2108 4.2331 4.2553 4.6243 4.6358 4.6474 4.659 4.6705 4.6821 4.6936 4.7052 4.7168 4.7283 4.7399 4.7514 4.763 4.7746 4.7861 4.7977 4.8092 4.8208 4.8324 4.8439 4.8555 4.8671 4.8786 4.8902 4.9017 4.9133 4.9249 4.9364 4.948 4.9595 
1.5 1.5 1.5 1.5 1.5 1.5 1.5 1.5 1.5 1.5 1.5 1.11287 1.25154 1.38765 1.52 1.65241 3.5 3.5222 3.5444 3.5666 3.5888 3.611 3.6333 3.6555 3.6777 3.6999 3.7221 3.7443 3.7665 3.7888 3.811 3.8332 3.8554 3.8776 3.8999 3.9221 3.9443 3.9665 3.9887 4.0109 4.0331 4.0553 4.0775 4.0997 4.122 4.1442 4.1664 4.1886 4.2108 4.2331 4.2553 4.6243 4.6358 4.6474 4.659 4.6705 4.6821 4.6936 4.7052 4.7168 4.7283 4.7399 4.7514 4.763 4.7746 4.7861 4.7977 4.8092 4.8208 4.8324 4.8439 4.8555 4.8671 4.8786 4.8902 4.9017 4.9133 4.9249 4.9364 4.948 4.9595 
1.5 1.5 1.5 1.5 1.5 1.5 1.5 1.5 1.5 1.5 1.5 1.12524 1.28602 1.44234 1.59328 3.5 3.5216 3.5432 3.5648 3.5864 3.608 3.6295 3.6512 3.6728 3.6944 3.716 3.7376 3.7591 3.7808 3.8024 3.8239 3.8455 3.8671 3.8887 3.9103 3.9319 3.9535 3.9751 3.9967 4.0183 4.0399 4.0615 4.0831 4.1047 4.1263 4.1479 4.1695 4.191 4.2127 4.2343 4.2558 4.6243 4.6358 4.6474 4.659 4.6705 4.6821 4.6936 4.7052 4.7168 4.7283 4.7399 4.7514 4.763 4.7746 4.7861 4.7977 4.8092 4.8208 4.8324 4.8439 4.8555 4.8671 4.8786 4.8902 4.9017 4.9133 4.9249 4.9364 4.948 4.9595 
1.5 1.5 1.5 1.5 1.5 1.5 1.5 1.5 1.5 1.5 1.5 1.10638 1.26148 1.41165 1.55735 3.5 3.5216 3.5432 3.5648 3.5864 3.608 3.6295 3.6512 3.6728 3.6944 3.716 3.7376 3.7591 3.7808 3.8024 3.8239 3.8455 3.8671 3.8887 3.9103 3.9319 3.9535 3.9751 3.9967 4.0183 4.0399 4.0615 4.0831 4.1047 4.1263 4.1479 4.1695 4.191 4.2127 4.2343 4.2558 4.6243 4.6358 4.6474 4.659 4.6705 4.6821 4.6936 4.7052 4.7168 4.7283 4.7399 4.7514 4.763 4.7746 4.7861 4.7977 4.8092 4.8208 4.8324 4.8439 4.8555 4.8671 4.8786 4.8902 4.9017 4.9133 4.9249 4.9364 4.948 4.9595 
1.5 1.5 1.5 1.5 1.5 1.5 1.5 1.5 1.5 1.5 1.5 1.08517 1.23421 1.37755 1.51526 3.5 3.5216 3.5432 3.5648 3.5864 3.608 3.6295 3.6512 3.6728 3.6944 3.716 3.7376 3.7591 3.7808 3.8024 3.8239 3.8455 3.8671 3.8887 3.9103 3.9319 3.9535 3.9751 3.9967 4.0183 4.0399 4.0615 4.0831 4.1047 4.1263 4.1479 4.1695 4.191 4.2127 4.2343 4.2558 4.6243 4.6358 4.6474 4.659 4.6705 4.6821 4.6936 4.7052 4.7168 4.7283 4.7399 4.7514 4.763 4.7746 4.7861 4.7977 4.8092 4.8208 4.8324 4.8439 4.8555 4.8671 4.8786 4.8902 4.9017 4.9133 4.9249 4.9364 4.948 4.9595 
1.5 1.5 1.5 1.5 1.5 1.5 1.5 1.5 1.5 1.5 1.5 1.03992 1.16023 1.27604 1.38788 1.48975 3.5 3.5222 3.5444 3.5666 3.5888 3.611 3.6333 3.6555 3.6777 3.6999 3.7221 3.7443 3.7665 3.7888 3.811 3.8332 3.8554 3.8776 3.8999 3.9221 3.9443 3.9665 3.9887 4.0109 4.0331 4.0553 4.0775 4.0997 4.122 4.1442 4.1664 4.1886 4.2108 4.2331 4.2553 4.6243 4.6358 4.6474 4.659 4.6705 4.6821 4.6936 4.7052 4.7168 4.7283 4.7399 4.7514 4.763 4.7746 4.7861 4.7977 4.8092 4.8208 4.8324 4.8439 4.8555 4.8671 4.8786 4.8902 4.9017 4.9133 4.9249 4.9364 4.948 4.9595 
1.5 1.5 1.5 1.5 1.5 1.5 1.5 1.5 1.5 1.5 1.5 0.996961 1.08592 1.17212 1.25448 1.33645 1.41378 1.49095 3.5 3.5243 3.5486 3.5729 3.5972 3.6215 3.6458 3.6701 3.6944 3.7187 3.7429 3.7672 3.7915 3.8158 3.8402 3.8645 3.8887 3.913 3.9373 3.9616 3.9859 4.0102 4.0345 4.0588 4.0831 4.1074 4.1317 4.156 4.1803 4.2046 4.2288 4.2531 4.6243 4.6358 4.6474 4.659 4.6705 4.6821 4.6936 4.7052 4.7168 4.7283 4.7399 4.7514 4.763 4.7746 4.7861 4.7977 4.8092 4.8208 4.8324 4.8439 4.8555 4.8671 4.8786 4.8902 4.9017 4.9133 4.9249 4.9364 4.948 4.9595 4.9711 
1.5 1.5 1.5 1.5 1.5 1.5 1.5 1.5 1.5 1.5 1.5 0.990246 1.07807 1.16307 1.24587 1.32595 1.40199 1.4725 3.5 3.5243 3.5486 3.5729 3.5972 3.6215 3.6458 3.6701 3.6944 3.7187 3.7429 3.7672 3.7915 3.8158 3.8402 3.8645 3.8887 3.913 3.9373 3.9616 3.9859 4.0102 4.0345 4.0588 4.0831 4.1074 4.1317 4.156 4.1803 4.2046 4.2288 4.2531 4.6243 4.6358 4.6474 4.659 4.6705 4.6821 4.6936 4.7052 4.7168 4.7283 4.7399 4.7514 4.763 4.7746 4.7861 4.7977 4.8092 4.8208 4.8324 4.8439 4.8555 4.8671 4.8786 4.8902 4.9017 4.9133 4.9249 4.9364 4.948 4.9595 4.9711 
1.5 1.5 1.5 1.5 1.5 1.5 1.5 1.5 1.5 1.5 1.5 1.02092 1.12457 1.22489 1.32253 1.41681 1.50771 3.5 3.5235 3.5471 3.5707 3.5943 3.6178 3.6413 3.6649 3.6885 3.712 3.7356 3.7591 3.7827 3.8063 3.8298 3.8534 3.8769 3.9005 3.9241 3.9476 3.9712 3.9947 4.0183 4.0419 4.0654 4.089 4.1125 4.1361 4.1597 4.1832 4.2068 4.2303 4.2539 4.6243 4.6358 4.6474 4.659 4.6705 4.6821 4.6936 4.7052 4.7168 4.7283 4.7399 4.7514 4.763 4.7746 4.7861 4.7977 4.8092 4.8208 4.8324 4.8439 4.8555 4.8671 4.8786 4.8902 4.9017 4.9133 4.9249 4.9364 4.948 4.9595 4.9711 
1.5 1.5 1.5 1.5 1.5 1.5 1.5 1.5 1.5 1.5 1.5 1.0396 1.14719 1.25171 1.3535 1.45219 1.54768 3.5 3.5235 3.5471 3.5707 3.5943 3.6178 3.6413 3.6649 3.6885 3.712 3.7356 3.7591 3.7827 3.8063 3.8298 3.8534 3.8769 3.9005 3.9241 3.9476 3.9712 3.9947 4.0183 4.0419 4.0654 4.089 4.1125 4.1361 4.1597 4.1832 4.2068 4.2303 4.2539 4.6243 4.6358 4.6474 4.659 4.6705 4.6821 4.6936 4.7052 4.7168 4.7283 4.7399 4.7514 4.763 4.7746 4.7861 4.7977 4.8092 4.8208 4.8324 4.8439 4.8555 4.8671 4.8786 4.8902 4.9017 4.9133 4.9249 4.9364 4.948 4.9595 4.9711 
1.5 1.5 1.5 1.5 1.5 1.5 1.5 1.5 1.5 1.5 1.5 1.06023 1.17226 1.28166 1.3881 1.49234 1.59358 3.5 3.5243 3.5486 3.5729 3.5972 3.6215 3.6458 3.6701 3.6944 3.7187 3.7429 3.7672 3.7915 3.8158 3.8402 3.8645 3.8887 3.913 3.9373 3.9616 3.9859 4.0102 4.0345 4.0588 4.0831 4.1074 4.1317 4.156 4.1803 4.2046 4.2288 4.2531 4.6243 4.6358 4.6474 4.659 4.6705 4.6821 4.6936 4.7052 4.7168 4.7283 4.7399 4.7514 4.763 4.7746 4.7861 4.7977 4.8092 4.8208 4.8324 4.8439 4.8555 4.8671 4.8786 4.8902 4.9017 4.9133 4.9249 4.9364 4.948 4.9595 4.9711 4.9827 
1.5 1.5 1.5 1.5 1.5 1.5 1.5 1.5 1.5 1.5 1.5 1.06219 1.16403 1.26396 1.36188 1.45986 1.55492 1.64838 3.5 3.5251 3.5501 3.5753 3.6003 3.6254 3.6505 3.6755 3.7006 3.7257 3.7508 3.7758 3.8009 3.8261 3.8511 3.8761 3.9012 3.9262 3.9513 3.9764 4.0014 4.0265 4.0516 4.0767 4.1018 4.1269 4.1519 4.1771 4.2022 4.2272 4.2524 4.6243 4.6358 4.6474 4.659 4.6705 4.6821 4.6936 4.7052 4.7168 4.7283 4.7399 4.7514 4.763 4.7746 4.7861 4.7977 4.8092 4.8208 4.8324 4.8439 4.8555 4.8671 4.8786 4.8902 4.9017 4.9133 4.9249 4.9364 4.948 4.9595 4.9711 4.9827 
1.5 1.5 1.5 1.5 1.5 1.5 1.5 1.5 1.5 1.5 1.5 1.05883 1.15086 1.24153 1.3317 1.4187 1.50534 1.59114 1.67581 3.5 3.5259 3.5518 3.5777 3.6037 3.6296 3.6555 3.6814 3.7073 3.7331 3.759 3.7849 3.8108 3.8367 3.8625 3.8884 3.9142 3.9401 3.966 3.9919 4.0178 4.0437 4.0696 4.0955 4.1215 4.1474 4.1734 4.1994 4.2254 4.2513 4.6243 4.6358 4.6474 4.659 4.6705 4.6821 4.6936 4.7052 4.7168 4.7283 4.7399 4.7514 4.763 4.7746 4.7861 4.7977 4.8092 4.8208 4.8324 4.8439 4.8555 4.8671 4.8786 4.8902 4.9017 4.9133 4.9249 4.9364 4.948 4.9595 4.9711 4.9827 
1.5 1.5 1.5 1.5 1.5 1.5 1.5 1.5 1.5 1.5 1.5 1.05003 1.13318 1.21504 1.29564 1.37544 1.45419 1.53154 1.60839 1.68386 3.5 3.5268 3.5536 3.5804 3.6071 3.6339 3.6607 3.6873 3.7142 3.7408 3.7675 3.7941 3.8207 3.8473 3.8739 3.9005 3.9271 3.9538 3.9805 4.0072 4.034 4.0608 4.0877 4.1147 4.1416 4.1686 4.1956 4.2226 4.2497 4.6243 4.6358 4.6474 4.659 4.6705 4.6821 4.6936 4.7052 4.7168 4.7283 4.7399 4.7514 4.763 4.7746 4.7861 4.7977 4.8092 4.8208 4.8324 4.8439 4.8555 4.8671 4.8786 4.8902 4.9017 4.9133 4.9249 4.9364 4.948 4.9595 4.9711 4.9827 
1.5 1.5 1.5 1.5 1.5 1.5 1.5 1.5 1.5 1.5 1.5 1.0549 1.14623 1.23614 1.32448 1.41189 1.49772 1.58204 1.66579 3.5 3.5259 3.5517 3.5776 3.6035 3.6293 3.655 3.6808 3.7064 3.732 3.7575 3.7829 3.8083 3.8336 3.8588 3.884 3.9092 3.9345 3.9598 3.9854 4.011 4.0368 4.0628 4.089 4.1153 4.1418 4.1683 4.195 4.2216 4.2482 4.6243 4.6358 4.6474 4.659 4.6705 4.6821 4.6936 4.7052 4.7168 4.7283 4.7399 4.7514 4.763 4.7746 4.7861 4.7977 4.8092 4.8208 4.8324 4.8439 4.8555 4.8671 4.8786 4.8902 4.9017 4.9133 4.9249 4.9364 4.948 4.9595 4.9711 4.9827 
1.5 1.5 1.5 1.5 1.5 1.5 1.5 1.5 1.5 1.5 1.5 1.05795 1.1588 1.25771 1.35484 1.45001 1.5437 1.63591 3.5 3.525 3.5499 3.575 3.5999 3.6248 3.6495 3.6742 3.6987 3.7231 3.7472 3.771 3.7947 3.8182 3.8414 3.8645 3.8875 3.9106 3.9339 3.9573 3.9812 4.0055 4.0303 4.0557 4.0815 4.1078 4.1345 4.1614 4.1885 4.2156 4.2427 4.6243 4.6358 4.6474 4.659 4.6705 4.6821 4.6936 4.7052 4.7168 4.7283 4.7399 4.7514 4.763 4.7746 4.7861 4.7977 4.8092 4.8208 4.8324 4.8439 4.8555 4.8671 4.8786 4.8902 4.9017 4.9133 4.9249 4.9364 4.948 4.9595 4.9711 4.9827 
1.5 1.5 1.5 1.5 1.5 1.5 1.5 1.5 1.5 1.5 1.5 1.03932 1.12788 1.2147 1.30012 1.38395 1.46631 1.54754 1.62468 3.4998 3.5255 3.5512 3.5768 3.6022 3.6273 3.6522 3.6767 3.7008 3.7243 3.7473 3.7697 3.7916 3.8131 3.8341 3.855 3.876 3.8974 3.9194 3.9424 3.9664 3.9917 4.0182 4.046 4.0749 4.1047 4.1351 4.166 4.1969 4.2277 4.6243 4.6358 4.6474 4.659 4.6705 4.6821 4.6936 4.7052 4.7168 4.7283 4.7399 4.7514 4.763 4.7746 4.7861 4.7977 4.8092 4.8208 4.8324 4.8439 4.8555 4.8671 4.8786 4.8902 4.9017 4.9133 4.9249 4.9364 4.948 4.9595 4.9711 4.9827 
1.5 1.5 1.5 1.5 1.5 1.5 1.5 1.5 1.5 1.5 1.5 1.02277 1.10149 1.17826 1.25402 1.32828 1.40144 1.4715 1.54218 1.60803 3.4992 3.5255 3.5516 3.5774 3.6026 3.6272 3.6511 3.674 3.696 3.7166 3.7362 3.7546 3.772 3.7887 3.805 3.8216 3.839 3.8576 3.8783 3.9011 3.9266 3.9547 3.9854 4.0186 4.0535 4.0897 4.1267 4.164 4.201 4.6243 4.6358 4.6474 4.659 4.6705 4.6821 4.6936 4.7052 4.7168 4.7283 4.7399 4.7514 4.763 4.7746 4.7861 4.7977 4.8092 4.8208 4.8324 4.8439 4.8555 4.8671 4.8786 4.8902 4.9017 4.9133 4.9249 4.9364 4.948 4.9595 4.9711 4.9827 
1.5 1.5 1.5 1.5 1.5 1.5 1.5 1.5 1.5 1.5 1.5 1.03475 1.11552 1.19499 1.27267 1.35015 1.4261 1.50122 1.57481 1.64719 3.5 3.5246 3.5501 3.5749 3.5991 3.622 3.6436 3.6635 3.6817 3.6977 3.7116 3.7235 3.7336 3.7425 3.7509 3.7596 3.7697 3.7821 3.7978 3.8177 3.8421 3.8713 3.905 3.9429 3.9841 4.0277 4.0726 4.1178 4.1625 4.6243 4.6358 4.6474 4.659 4.6705 4.6821 4.6936 4.7052 4.7168 4.7283 4.7399 4.7514 4.763 4.7746 4.7861 4.7977 4.8092 4.8208 4.8324 4.8439 4.8555 4.8671 4.8786 4.8902 4.9017 4.9133 4.9249 4.9364 4.948 4.9595 4.9711 4.9827 
1.5 1.5 1.5 1.5 1.5 1.5 1.5 1.5 1.5 1.5 1.5 1.04723 1.13005 1.21169 1.29215 1.3715 1.44983 1.52763 1.6039 1.6784 3.5 3.5234 3.5483 3.5722 3.5949 3.6159 3.6349 3.6514 3.6651 3.6758 3.6832 3.6875 3.6892 3.6891 3.6882 3.6877 3.6894 3.6945 3.7047 3.721 3.7443 3.7747 3.8119 3.8554 3.9038 3.9558 4.0099 4.0644 4.1182 4.6243 4.6358 4.6474 4.659 4.6705 4.6821 4.6936 4.7052 4.7168 4.7283 4.7399 4.7514 4.763 4.7746 4.7861 4.7977 4.8092 4.8208 4.8324 4.8439 4.8555 4.8671 4.8786 4.8902 4.9017 4.9133 4.9249 4.9364 4.948 4.9595 4.9711 4.9827 
1.5 1.5 1.5 1.5 1.5 1.5 1.5 1.5 1.5 1.5 1.5 1.06134 1.14648 1.23056 1.31354 1.39567 1.47684 1.55718 1.63672 1.71484 3.5 3.5216 3.545 3.5672 3.5879 3.6064 3.6223 3.6351 3.6443 3.6495 3.6507 3.6479 3.6417 3.6332 3.6238 3.6149 3.6086 3.6068 3.6116 3.6241 3.6454 3.6759 3.7152 3.7623 3.8159 3.874 3.9347 3.9961 4.0564 4.1144 4.6243 4.6358 4.6474 4.659 4.6705 4.6821 4.6936 4.7052 4.7168 4.7283 4.7399 4.7514 4.763 4.7746 4.7861 4.7977 4.8092 4.8208 4.8324 4.8439 4.8555 4.8671 4.8786 4.8902 4.9017 4.9133 4.9249 4.9364 4.948 4.9595 4.9711 
1.5 1.5 1.5 1.5 1.5 1.5 1.5 1.5 1.5 1.5 1.5 1.07311 1.16013 1.24627 1.33183 1.41591 1.49959 1.58232 1.66442 1.74532 3.4971 3.5212 3.5444 3.5663 3.5865 3.6045 3.6195 3.6312 3.639 3.6424 3.6414 3.6362 3.6273 3.616 3.6034 3.5916 3.5825 3.5784 3.5813 3.5928 3.6137 3.6446 3.685 3.734 3.7899 3.8507 3.9143 3.9787 4.042 4.1027 4.6243 4.6358 4.6474 4.659 4.6705 4.6821 4.6936 4.7052 4.7168 4.7283 4.7399 4.7514 4.763 4.7746 4.7861 4.7977 4.8092 4.8208 4.8324 4.8439 4.8555 4.8671 4.8786 4.8902 4.9017 4.9133 4.9249 4.9364 4.948 4.9595 4.9711 
1.5 1.5 1.5 1.5 1.5 1.5 1.5 1.5 1.5 1.5 1.5 1.0813 1.16964 1.25722 1.34376 1.42989 1.51533 1.59983 1.68384 1.76691 3.4973 3.5208 3.5433 3.5647 3.5845 3.6022 3.6173 3.6292 3.6376 3.642 3.6423 3.6387 3.6317 3.6224 3.612 3.6023 3.5952 3.5926 3.5965 3.6082 3.6287 3.6583 3.6968 3.7431 3.7958 3.8531 3.9129 3.9735 4.033 4.0901 4.1439 4.6243 4.6358 4.6474 4.659 4.6705 4.6821 4.6936 4.7052 4.7168 4.7283 4.7399 4.7514 4.763 4.7746 4.7861 4.7977 4.8092 4.8208 4.8324 4.8439 4.8555 4.8671 4.8786 4.8902 4.9017 4.9133 4.9249 4.9364 4.948 4.9595 
1.5 1.5 1.5 1.5 1.5 1.5 1.5 1.5 1.5 1.5 1.5 1.08593 1.17507 1.26346 1.35094 1.43802 1.52441 1.61005 1.69523 1.77921 3.5 3.5251 3.5449 3.567 3.5879 3.6073 3.6245 3.6393 3.6513 3.6601 3.6659 3.6685 3.6684 3.6666 3.6639 3.6618 3.6617 3.6651 3.6735 3.6882 3.7097 3.7383 3.7739 3.8156 3.8623 3.9126 3.9649 4.0177 4.0697 4.1199 4.1675 4.6243 4.6358 4.6474 4.659 4.6705 4.6821 4.6936 4.7052 4.7168 4.7283 4.7399 4.7514 4.763 4.7746 4.7861 4.7977 4.8092 4.8208 4.8324 4.8439 4.8555 4.8671 4.8786 4.8902 4.9017 4.9133 4.9249 4.9364 4.948 4.9595 
1.5 1.5 1.5 1.5 1.5 1.5 1.5 1.5 1.5 1.5 1.5 1.08747 1.1769 1.2657 1.35393 1.44139 1.52778 1.61385 1.6995 1.78472 3.5 3.5243 3.5486 3.5729 3.589 3.6094 3.6284 3.646 3.6616 3.6751 3.6865 3.6958 3.7035 3.7098 3.7157 3.7218 3.7294 3.7394 3.7526 3.7699 3.7918 3.8185 3.8498 3.8851 3.9238 3.9649 4.0072 4.05 4.0922 4.1332 4.1724 4.2095 4.6243 4.6358 4.6474 4.659 4.6705 4.6821 4.6936 4.7052 4.7168 4.7283 4.7399 4.7514 4.763 4.7746 4.7861 4.7977 4.8092 4.8208 4.8324 4.8439 4.8555 4.8671 4.8786 4.8902 4.9017 4.9133 4.9249 4.9364 4.948 
1.5 1.5 1.5 1.5 1.5 1.5 1.5 1.5 1.5 1.5 1.5 1.08561 1.17476 1.26314 1.35082 1.43766 1.52409 1.60962 1.69463 1.77905 3.5 3.5243 3.5486 3.5698 3.5925 3.6146 3.636 3.6565 3.6758 3.694 3.711 3.7269 3.7418 3.756 3.7698 3.7839 3.7988 3.815 3.833 3.8534 3.8763 3.902 3.9302 3.9607 3.9931 4.0268 4.0614 4.0962 4.1306 4.1642 4.1969 4.2286 4.6243 4.6358 4.6474 4.659 4.6705 4.6821 4.6936 4.7052 4.7168 4.7283 4.7399 4.7514 4.763 4.7746 4.7861 4.7977 4.8092 4.8208 4.8324 4.8439 4.8555 4.8671 4.8786 4.8902 4.9017 4.9133 4.9249 4.9364 4.948 
1.5 1.5 1.5 1.5 1.5 1.5 1.5 1.5 1.5 1.5 1.5 1.08397 1.17283 1.26091 1.34824 1.4347 1.52077 1.60589 1.69061 1.77424 3.5 3.5236 3.5461 3.5692 3.592 3.6145 3.6367 3.6584 3.6795 3.7002 3.7203 3.7398 3.7588 3.7775 3.7961 3.8148 3.8338 3.8535 3.874 3.8957 3.9187 3.9428 3.9683 3.9948 4.0223 4.0504 4.0788 4.1074 4.1358 4.1638 4.1915 4.2186 4.245 4.6243 4.6358 4.6474 4.659 4.6705 4.6821 4.6936 4.7052 4.7168 4.7283 4.7399 4.7514 4.763 4.7746 4.7861 4.7977 4.8092 4.8208 4.8324 4.8439 4.8555 4.8671 4.8786 4.8902 4.9017 4.9133 4.9249 4.9364 
1.5 1.5 1.5 1.5 1.5 1.5 1.5 1.5 1.5 1.5 1.5 1.08177 1.17015 1.25756 1.34363 1.43029 1.51559 1.60013 1.68403 1.76469 3.5 3.5236 3.5467 3.5701 3.5933 3.6165 3.6395 3.6623 3.6848 3.7072 3.7294 3.7513 3.773 3.7946 3.8161 3.8377 3.8594 3.8813 3.9036 3.9265 3.9498 3.9736 3.9979 4.0227 4.0478 4.0733 4.0988 4.1245 4.1499 4.1753 4.2006 4.2255 4.2502 4.6243 4.6358 4.6474 4.659 4.6705 4.6821 4.6936 4.7052 4.7168 4.7283 4.7399 4.7514 4.763 4.7746 4.7861 4.7977 4.8092 4.8208 4.8324 4.8439 4.8555 4.8671 4.8786 4.8902 4.9017 4.9133 4.9249 4.9364 
1.5 1.5 1.5 1.5 1.5 1.5 1.5 1.5 1.5 1.5 1.5 1.09065 1.18064 1.26997 1.35862 1.44645 1.53379 1.62055 1.70676 1.79218 3.5 3.5229 3.5457 3.5684 3.5912 3.6139 3.6366 3.6591 3.6817 3.7041 3.7265 3.7488 3.771 3.7932 3.8154 3.8375 3.8598 3.8821 3.9046 3.9271 3.9499 3.9729 3.996 4.0193 4.0427 4.0662 4.0898 4.1134 4.1369 4.1604 4.1838 4.2072 4.2305 4.2536 4.6243 4.6358 4.6474 4.659 4.6705 4.6821 4.6936 4.7052 4.7168 4.7283 4.7399 4.7514 4.763 4.7746 4.7861 4.7977 4.8092 4.8208 4.8324 4.8439 4.8555 4.8671 4.8786 4.8902 4.9017 4.9133 4.9249 
1.5 1.5 1.5 1.5 1.5 1.5 1.5 1.5 1.5 1.5 1.5 1.0997 1.19118 1.28226 1.37275 1.46254 1.55195 1.64076 1.7293 1.81726 3.5 3.5229 3.5457 3.5686 3.5913 3.6142 3.6371 3.6598 3.6826 3.7053 3.728 3.7508 3.7734 3.7961 3.8187 3.8413 3.8641 3.8868 3.9095 3.9323 3.9551 3.9781 4.001 4.024 4.047 4.07 4.0932 4.1162 4.1392 4.1623 4.1853 4.2084 4.2314 4.2543 4.6243 4.6358 4.6474 4.659 4.6705 4.6821 4.6936 4.7052 4.7168 4.7283 4.7399 4.7514 4.763 4.7746 4.7861 4.7977 4.8092 4.8208 4.8324 4.8439 4.8555 4.8671 4.8786 4.8902 4.9017 4.9133 4.9249 
1.5 1.5 1.5 1.5 1.5 1.5 1.5 1.5 1.5 1.5 1.5 1.11062 1.20403 1.29704 1.38962 1.48179 1.57363 1.66495 1.75615 1.84679 3.5 3.5222 3.5445 3.5666 3.5888 3.611 3.6333 3.6554 3.6776 3.6998 3.722 3.7442 3.7663 3.7885 3.8106 3.8328 3.8549 3.8771 3.8994 3.9216 3.9438 3.966 3.9882 4.0105 4.0327 4.0549 4.0772 4.0994 4.1217 4.144 4.1662 4.1885 4.2107 4.233 4.2553 4.6243 4.6358 4.6474 4.659 4.6705 4.6821 4.6936 4.7052 4.7168 4.7283 4.7399 4.7514 4.763 4.7746 4.7861 4.7977 4.8092 4.8208 4.8324 4.8439 4.8555 4.8671 4.8786 4.8902 4.9017 4.9133 
1.5 1.5 1.5 1.5 1.5 1.5 1.5 1.5 1.5 1.5 1.5 1.12097 1.21616 1.31108 1.40566 1.50011 1.59434 1.6882 1.78199 1.8757 3.5 3.5222 3.5445 3.5666 3.5888 3.611 3.6333 3.6555 3.6777 3.6999 3.7221 3.7443 3.7665 3.7887 3.8109 3.8331 3.8553 3.8775 3.8997 3.922 3.9442 3.9664 3.9886 4.0108 4.033 4.0553 4.0775 4.0997 4.122 4.1442 4.1664 4.1886 4.2108 4.233 4.2553 4.6243 4.6358 4.6474 4.659 4.6705 4.6821 4.6936 4.7052 4.7168 4.7283 4.7399 4.7514 4.763 4.7746 4.7861 4.7977 4.8092 4.8208 4.8324 4.8439 4.8555 4.8671 4.8786 4.8902 4.9017 4.9133 
1.5 1.5 1.5 1.5 1.5 1.5 1.5 1.5 1.5 1.5 1.5 1.13045 1.22732 1.32406 1.42053 1.51702 1.61338 1.70955 1.80572 1.90194 3.5 3.5216 3.5432 3.5648 3.5864 3.608 3.6295 3.6512 3.6728 3.6943 3.716 3.7375 3.7592 3.7808 3.8024 3.8239 3.8455 3.8672 3.8887 3.9103 3.9319 3.9535 3.9751 3.9967 4.0183 4.0399 4.0614 4.0831 4.1047 4.1263 4.1479 4.1695 4.1911 4.2127 4.2343 4.2558 4.6243 4.6358 4.6474 4.659 4.6705 4.6821 4.6936 4.7052 4.7168 4.7283 4.7399 4.7514 4.763 4.7746 4.7861 4.7977 4.8092 4.8208 4.8324 4.8439 4.8555 4.8671 4.8786 4.8902 4.9017 
1.5 1.5 1.5 1.5 1.5 1.5 1.5 1.5 1.5 1.5 1.5 1.13906 1.23744 1.33581 1.43407 1.53246 1.6308 1.72909 1.82746 1.92576 3.5 3.5216 3.5432 3.5648 3.5864 3.608 3.6296 3.6512 3.6728 3.6943 3.716 3.7376 3.7592 3.7808 3.8023 3.8239 3.8455 3.8672 3.8887 3.9103 3.9319 3.9535 3.9751 3.9967 4.0183 4.0399 4.0615 4.0831 4.1047 4.1263 4.1479 4.1695 4.1911 4.2127 4.2343 4.2558 4.6243 4.6358 4.6474 4.659 4.6705 4.6821 4.6936 4.7052 4.7168 4.7283 4.7399 4.7514 4.763 4.7746 4.7861 4.7977 4.8092 4.8208 4.8324 4.8439 4.8555 4.8671 4.8786 4.8902 4.9017 
1.5 1.5 1.5 1.5 1.5 1.5 1.5 1.5 1.5 1.5 1.5 1.14691 1.24667 1.34656 1.44641 1.54655 1.64685 1.7471 1.84758 1.94822 3.5 3.5216 3.5432 3.5648 3.5864 3.608 3.6295 3.6512 3.6728 3.6944 3.716 3.7376 3.7591 3.7808 3.8024 3.8239 3.8455 3.8671 3.8887 3.9103 3.9319 3.9535 3.9751 3.9967 4.0183 4.0399 4.0615 4.0831 4.1047 4.1263 4.1479 4.1695 4.191 4.2127 4.2343 4.2558 4.6243 4.6358 4.6474 4.659 4.6705 4.6821 4.6936 4.7052 4.7168 4.7283 4.7399 4.7514 4.763 4.7746 4.7861 4.7977 4.8092 4.8208 4.8324 4.8439 4.8555 4.8671 4.8786 4.8902 4.9017 
1.5 1.5 1.5 1.5 1.5 1.5 1.5 1.5 1.5 1.5 1.5 1.15407 1.2551 1.35635 1.45792 1.55959 1.66159 1.76356 1.8661 1.96894 3.5 3.521 3.542 3.5631 3.584 3.6051 3.6261 3.6471 3.6681 3.6891 3.7101 3.7312 3.7521 3.7731 3.7942 3.8152 3.8362 3.8572 3.8782 3.8992 3.9202 3.9413 3.9623 3.9832 4.0043 4.0253 4.0463 4.0673 4.0883 4.1094 4.1304 4.1514 4.1724 4.1934 4.2145 4.2354 4.2564 4.6243 4.6358 4.6474 4.659 4.6705 4.6821 4.6936 4.7052 4.7168 4.7283 4.7399 4.7514 4.763 4.7746 4.7861 4.7977 4.8092 4.8208 4.8324 4.8439 4.8555 4.8671 4.8786 4.8902 
1.5 1.5 1.5 1.5 1.5 1.5 1.5 1.5 1.5 1.5 1.5 1.15967 1.26171 1.36408 1.46668 1.56976 1.67312 1.77658 1.88062 1.98513 3.5 3.521 3.542 3.5631 3.584 3.6051 3.6261 3.6471 3.6681 3.6891 3.7101 3.7312 3.7521 3.7731 3.7942 3.8152 3.8362 3.8572 3.8782 3.8992 3.9202 3.9413 3.9623 3.9832 4.0043 4.0253 4.0463 4.0673 4.0883 4.1094 4.1304 4.1514 4.1724 4.1934 4.2145 4.2354 4.2564 4.6243 4.6358 4.6474 4.659 4.6705 4.6821 4.6936 4.7052 4.7168 4.7283 4.7399 4.7514 4.763 4.7746 4.7861 4.7977 4.8092 4.8208 4.8324 4.8439 4.8555 4.8671 4.8786 4.8902 
1.5 1.5 1.5 1.5 1.5 1.5 1.5 1.5 1.5 1.5 1.5 1.16482 1.26785 1.37125 1.47497 1.57926 1.68393 1.78943 1.89428 2.00031 3.5 3.521 3.542 3.5631 3.584 3.6051 3.6261 3.6471 3.6681 3.6891 3.7102 3.7312 3.7521 3.7731 3.7942 3.8152 3.8362 3.8572 3.8782 3.8992 3.9203 3.9413 3.9623 3.9833 4.0043 4.0253 4.0464 4.0673 4.0883 4.1093 4.1304 4.1514 4.1724 4.1934 4.2144 4.2354 4.2565 4.6243 4.6358 4.6474 4.659 4.6705 4.6821 4.6936 4.7052 4.7168 4.7283 4.7399 4.7514 4.763 4.7746 4.7861 4.7977 4.8092 4.8208 4.8324 4.8439 4.8555 4.8671 4.8786 4.8902 
1.5 1.5 1.5 1.5 1.5 1.5 1.5 1.5 1.5 1.5 1.5 1.16438 1.2673 1.37063 1.47421 1.57835 1.68287 1.78758 1.89292 1.99895 3.5 3.5205 3.5409 3.5614 3.5818 3.6023 3.6228 3.6432 3.6636 3.6841 3.7046 3.7251 3.7455 3.766 3.7864 3.8069 3.8273 3.8478 3.8683 3.8887 3.9092 3.9297 3.9501 3.9706 3.991 4.0115 4.032 4.0524 4.0728 4.0933 4.1138 4.1343 4.1547 4.1751 4.1956 4.2161 4.2365 4.257 4.6243 4.6358 4.6474 4.659 4.6705 4.6821 4.6936 4.7052 4.7168 4.7283 4.7399 4.7514 4.763 4.7746 4.7861 4.7977 4.8092 4.8208 4.8324 4.8439 4.8555 4.8671 4.8786 
1.5 1.5 1.5 1.5 1.5 1.5 1.5 1.5 1.5 1.5 1.5 1.164 1.26685 1.37013 1.47373 1.57777 1.68225 1.78686 1.89222 1.99823 3.5 3.5205 3.5409 3.5614 3.5818 3.6023 3.6227 3.6432 3.6637 3.6842 3.7046 3.725 3.7455 3.766 3.7864 3.8069 3.8273 3.8478 3.8683 3.8887 3.9092 3.9297 3.9501 3.9706 3.991 4.0115 4.0319 4.0524 4.0729 4.0934 4.1138 4.1342 4.1547 4.1752 4.1956 4.2161 4.2365 4.257 4.6243 4.6358 4.6474 4.659 4.6705 4.6821 4.6936 4.7052 4.7168 4.7283 4.7399 4.7514 4.763 4.7746 4.7861 4.7977 4.8092 4.8208 4.8324 4.8439 4.8555 4.8671 4.8786 
1.5 1.5 1.5 1.5 1.5 1.5 1.5 1.5 1.5 1.5 1.5 1.16325 1.26598 1.36911 1.47264 1.5765 1.68082 1.78539 1.8905 1.99623 3.5 3.5205 3.5409 3.5614 3.5818 3.6023 3.6228 3.6432 3.6636 3.6842 3.7046 3.725 3.7455 3.766 3.7865 3.8069 3.8273 3.8478 3.8683 3.8887 3.9092 3.9297 3.9501 3.9705 3.991 4.0115 4.032 4.0524 4.0728 4.0934 4.1138 4.1342 4.1547 4.1751 4.1957 4.2161 4.2365 4.257 4.6243 4.6358 4.6474 4.659 4.6705 4.6821 4.6936 4.7052 4.7168 4.7283 4.7399 4.7514 4.763 4.7746 4.7861 4.7977 4.8092 4.8208 4.8324 4.8439 4.8555 4.8671 4.8786 
1.5 1.5 1.5 1.5 1.5 1.5 1.5 1.5 1.5 1.5 1.5 1.16322 1.26594 1.36908 1.47237 1.57634 1.68062 1.78518 1.89022 1.99559 3.5 3.5205 3.5409 3.5614 3.5818 3.6023 3.6228 3.6432 3.6637 3.6841 3.7046 3.7251 3.7455 3.766 3.7864 3.8069 3.8274 3.8478 3.8683 3.8887 3.9092 3.9297 3.9501 3.9706 3.991 4.0114 4.032 4.0524 4.0729 4.0933 4.1138 4.1343 4.1547 4.1751 4.1956 4.2161 4.2366 4.257 4.6243 4.6358 4.6474 4.659 4.6705 4.6821 4.6936 4.7052 4.7168 4.7283 4.7399 4.7514 4.763 4.7746 4.7861 4.7977 4.8092 4.8208 4.8324 4.8439 4.8555 4.8671 4.8786 
1.5 1.5 1.5 1.5 1.5 1.5 1.5 1.5 1.5 1.5 1.5 1.1643 1.26723 1.37056 1.47412 1.57835 1.68288 1.78775 1.89303 1.99919 3.5 3.5199 3.5399 3.5598 3.5797 3.5997 3.6196 3.6395 3.6595 3.6794 3.6994 3.7192 3.7392 3.7592 3.7791 3.799 3.819 3.8389 3.8588 3.8788 3.8987 3.9186 3.9386 3.9585 3.9784 3.9984 4.0183 4.0383 4.0582 4.0781 4.098 4.118 4.1379 4.1579 4.1778 4.1977 4.2176 4.2376 4.2575 4.6243 4.6358 4.6474 4.659 4.6705 4.6821 4.6936 4.7052 4.7168 4.7283 4.7399 4.7514 4.763 4.7746 4.7861 4.7977 4.8092 4.8208 4.8324 4.8439 4.8555 4.8671 
1.5 1.5 1.5 1.5 1.5 1.5 1.5 1.5 1.5 1.5 1.5 1.16682 1.27018 1.374 1.47822 1.58285 1.68798 1.79345 1.89943 2.00569 3.5 3.5199 3.5399 3.5598 3.5797 3.5997 3.6196 3.6395 3.6595 3.6794 3.6993 3.7193 3.7392 3.7591 3.7791 3.799 3.819 3.8389 3.8588 3.8787 3.8987 3.9187 3.9386 3.9585 3.9784 3.9983 4.0183 4.0383 4.0582 4.0781 4.098 4.118 4.1379 4.1579 4.1777 4.1977 4.2177 4.2376 4.2575 4.6243 4.6358 4.6474 4.659 4.6705 4.6821 4.6936 4.7052 4.7168 4.7283 4.7399 4.7514 4.763 4.7746 4.7861 4.7977 4.8092 4.8208 4.8324 4.8439 4.8555 4.8671 
1.5 1.5 1.5 1.5 1.5 1.5 1.5 1.5 1.5 1.5 1.5 1.17063 1.27471 1.37921 1.4842 1.58988 1.69603 1.80254 1.90962 2.01739 3.5 3.5199 3.5399 3.5598 3.5797 3.5997 3.6196 3.6395 3.6595 3.6794 3.6993 3.7193 3.7392 3.7591 3.7791 3.799 3.819 3.8389 3.8588 3.8787 3.8987 3.9187 3.9386 3.9585 3.9784 3.9983 4.0183 4.0383 4.0582 4.0781 4.098 4.118 4.1379 4.1579 4.1777 4.1977 4.2177 4.2376 4.2575 4.6243 4.6358 4.6474 4.659 4.6705 4.6821 4.6936 4.7052 4.7168 4.7283 4.7399 4.7514 4.763 4.7746 4.7861 4.7977 4.8092 4.8208 4.8324 4.8439 4.8555 4.8671 
1.5 1.5 1.5 1.5 1.5 1.5 1.5 1.5 1.5 1.5 1.5 1.17567 1.28064 1.3863 1.49224 1.59917 1.70659 1.81449 1.92296 2.03287 3.5 3.5199 3.5399 3.5598 3.5797 3.5997 3.6196 3.6395 3.6595 3.6794 3.6993 3.7193 3.7392 3.7591 3.7791 3.799 3.819 3.8389 3.8588 3.8787 3.8987 3.9187 3.9386 3.9585 3.9784 3.9983 4.0183 4.0383 4.0582 4.0781 4.098 4.118 4.1379 4.1579 4.1777 4.1977 4.2177 4.2376 4.2575 4.6243 4.6358 4.6474 4.659 4.6705 4.6821 4.6936 4.7052 4.7168 4.7283 4.7399 4.7514 4.763 4.7746 4.7861 4.7977 4.8092 4.8208 4.8324 4.8439 4.8555 4.8671 
1.5 1.5 1.5 1.5 1.5 1.5 1.5 1.5 1.5 1.5 1.5 1.1799 1.28566 1.39215 1.49906 1.607 1.71548 1.82454 1.93446 2.04542 3.5 3.5199 3.5399 3.5598 3.5797 3.5997 3.6196 3.6395 3.6595 3.6794 3.6993 3.7193 3.7392 3.7591 3.7791 3.799 3.819 3.8389 3.8588 3.8787 3.8987 3.9187 3.9386 3.9585 3.9784 3.9983 4.0183 4.0383 4.0582 4.0781 4.098 4.118 4.1379 4.1579 4.1777 4.1977 4.2177 4.2376 4.2575 4.6243 4.6358 4.6474 4.659 4.6705 4.6821 4.6936 4.7052 4.7168 4.7283 4.7399 4.7514 4.763 4.7746 4.7861 4.7977 4.8092 4.8208 4.8324 4.8439 4.8555 4.8671 
1.5 1.5 1.5 1.5 1.5 1.5 1.5 1.5 1.5 1.5 1.5 1.1845 1.29114 1.39847 1.50716 1.61549 1.72514 1.83542 1.94642 2.0587 3.5 3.5199 3.5399 3.5598 3.5797 3.5997 3.6196 3.6395 3.6595 3.6794 3.6994 3.7192 3.7392 3.7592 3.7791 3.799 3.819 3.8389 3.8588 3.8788 3.8987 3.9186 3.9386 3.9585 3.9784 3.9984 4.0183 4.0383 4.0582 4.0781 4.098 4.118 4.1379 4.1579 4.1778 4.1977 4.2176 4.2376 4.2575 4.6243 4.6358 4.6474 4.659 4.6705 4.6821 4.6936 4.7052 4.7168 4.7283 4.7399 4.7514 4.763 4.7746 4.7861 4.7977 4.8092 4.8208 4.8324 4.8439 4.8555 4.8671 
1.5 1.5 1.5 1.5 1.5 1.5 1.5 1.5 1.5 1.5 1.5 1.17943 1.28509 1.39142 1.49821 1.60601 1.71435 1.82322 1.9327 2.04368 3.5 3.5194 3.5389 3.5583 3.5777 3.5972 3.6166 3.6361 3.6555 3.6749 3.6943 3.7138 3.7332 3.7527 3.7721 3.7916 3.811 3.8304 3.8498 3.8693 3.8887 3.9082 3.9276 3.947 3.9665 3.9859 4.0053 4.0248 4.0442 4.0637 4.0831 4.1025 4.122 4.1414 4.1609 4.1803 4.1997 4.2191 4.2386 4.258 4.6243 4.6358 4.6474 4.659 4.6705 4.6821 4.6936 4.7052 4.7168 4.7283 4.7399 4.7514 4.763 4.7746 4.7861 4.7977 4.8092 4.8208 4.8324 4.8439 4.8555 
1.5 1.5 1.5 1.5 1.5 1.5 1.5 1.5 1.5 1.5 1.5 1.17448 1.27924 1.38462 1.49032 1.59697 1.7041 1.81168 1.91997 2.02908 3.5 3.5194 3.5389 3.5583 3.5777 3.5972 3.6166 3.6361 3.6555 3.6749 3.6943 3.7138 3.7332 3.7527 3.7721 3.7916 3.811 3.8304 3.8498 3.8693 3.8887 3.9082 3.9276 3.947 3.9665 3.9859 4.0053 4.0248 4.0442 4.0637 4.0831 4.1025 4.122 4.1414 4.1609 4.1803 4.1997 4.2191 4.2386 4.258 4.6243 4.6358 4.6474 4.659 4.6705 4.6821 4.6936 4.7052 4.7168 4.7283 4.7399 4.7514 4.763 4.7746 4.7861 4.7977 4.8092 4.8208 4.8324 4.8439 4.8555 
1.5 1.5 1.5 1.5 1.5 1.5 1.5 1.5 1.5 1.5 1.5 1.16849 1.27218 1.37632 1.48082 1.58598 1.6916 1.79758 1.90402 2.01134 3.5 3.5194 3.5389 3.5583 3.5777 3.5972 3.6166 3.6361 3.6555 3.6749 3.6943 3.7138 3.7332 3.7527 3.7721 3.7916 3.811 3.8305 3.8499 3.8693 3.8887 3.9082 3.9276 3.9471 3.9665 3.9859 4.0053 4.0248 4.0442 4.0636 4.0831 4.1025 4.122 4.1414 4.1609 4.1803 4.1997 4.2192 4.2386 4.258 4.6243 4.6358 4.6474 4.659 4.6705 4.6821 4.6936 4.7052 4.7168 4.7283 4.7399 4.7514 4.763 4.7746 4.7861 4.7977 4.8092 4.8208 4.8324 4.8439 4.8555 
1.5 1.5 1.5 1.5 1.5 1.5 1.5 1.5 1.5 1.5 1.5 1.16301 1.26569 1.36878 1.47212 1.57596 1.68015 1.78464 1.88956 1.99489 3.5 3.5194 3.5389 3.5583 3.5777 3.5972 3.6166 3.6361 3.6555 3.6749 3.6943 3.7138 3.7332 3.7527 3.7721 3.7916 3.811 3.8305 3.8499 3.8693 3.8887 3.9082 3.9276 3.9471 3.9665 3.9859 4.0053 4.0248 4.0442 4.0636 4.0831 4.1025 4.122 4.1414 4.1609 4.1803 4.1997 4.2192 4.2386 4.258 4.6243 4.6358 4.6474 4.659 4.6705 4.6821 4.6936 4.7052 4.7168 4.7283 4.7399 4.7514 4.763 4.7746 4.7861 4.7977 4.8092 4.8208 4.8324 4.8439 4.8555 
1.5 1.5 1.5 1.5 1.5 1.5 1.5 1.5 1.5 1.5 1.5 1.15824 1.26007 1.36217 1.46459 1.5673 1.67035 1.7736 1.87726 1.98133 3.5 3.5194 3.5389 3.5583 3.5777 3.5972 3.6166 3.6361 3.6555 3.6749 3.6943 3.7138 3.7332 3.7527 3.7721 3.7916 3.811 3.8304 3.8499 3.8693 3.8887 3.9082 3.9276 3.9471 3.9665 3.9859 4.0053 4.0247 4.0442 4.0636 4.0831 4.1025 4.122 4.1414 4.1609 4.1803 4.1997 4.2191 4.2386 4.258 4.6243 4.6358 4.6474 4.659 4.6705 4.6821 4.6936 4.7052 4.7168 4.7283 4.7399 4.7514 4.763 4.7746 4.7861 4.7977 4.8092 4.8208 4.8324 4.8439 4.8555 
1.5 1.5 1.5 1.5 1.5 1.5 1.5 1.5 1.5 1.5 1.5 1.15431 1.25542 1.35679 1.45817 1.56011 1.6622 1.76442 1.86697 1.96985 3.5 3.5194 3.5389 3.5583 3.5777 3.5972 3.6166 3.6361 3.6555 3.6749 3.6943 3.7138 3.7332 3.7527 3.7721 3.7916 3.811 3.8304 3.8498 3.8693 3.8887 3.9082 3.9276 3.947 3.9665 3.9859 4.0053 4.0248 4.0442 4.0637 4.0831 4.1025 4.122 4.1414 4.1609 4.1803 4.1997 4.2191 4.2386 4.258 4.6243 4.6358 4.6474 4.659 4.6705 4.6821 4.6936 4.7052 4.7168 4.7283 4.7399 4.7514 4.763 4.7746 4.7861 4.7977 4.8092 4.8208 4.8324 4.8439 4.8555 
1.5 1.5 1.5 1.5 1.5 1.5 1.5 1.5 1.5 1.5 1.5 1.15121 1.25176 1.35253 1.45339 1.5545 1.65583 1.75725 1.85894 1.96086 3.5 3.519 3.5379 3.5569 3.5758 3.5948 3.6138 3.6327 3.6517 3.6706 3.6896 3.7086 3.7276 3.7465 3.7654 3.7845 3.8034 3.8224 3.8413 3.8603 3.8792 3.8982 3.9172 3.9361 3.9551 3.9741 3.993 4.012 4.0309 4.0499 4.0689 4.0879 4.1068 4.1257 4.1447 4.1637 4.1827 4.2016 4.2206 4.2395 4.2585 4.6243 4.6358 4.6474 4.659 4.6705 4.6821 4.6936 4.7052 4.7168 4.7283 4.7399 4.7514 4.763 4.7746 4.7861 4.7977 4.8092 4.8208 4.8324 4.8439 
1.5 1.5 1.5 1.5 1.5 1.5 1.5 1.5 1.5 1.5 1.5 1.14874 1.24885 1.34908 1.44947 1.55 1.65071 1.75149 1.85254 1.95376 3.5 3.519 3.5379 3.5569 3.5758 3.5948 3.6138 3.6327 3.6517 3.6706 3.6896 3.7086 3.7276 3.7465 3.7654 3.7844 3.8034 3.8224 3.8413 3.8603 3.8792 3.8982 3.9172 3.9361 3.9551 3.974 3.9931 4.012 4.0309 4.0499 4.0688 4.0879 4.1068 4.1258 4.1447 4.1636 4.1827 4.2016 4.2206 4.2395 4.2585 4.6243 4.6358 4.6474 4.659 4.6705 4.6821 4.6936 4.7052 4.7168 4.7283 4.7399 4.7514 4.763 4.7746 4.7861 4.7977 4.8092 4.8208 4.8324 4.8439 
1.5 1.5 1.5 1.5 1.5 1.5 1.5 1.5 1.5 1.5 1.5 1.14672 1.24648 1.34638 1.4462 1.54635 1.64659 1.74685 1.84733 1.94784 3.5 3.519 3.5379 3.5569 3.5758 3.5948 3.6138 3.6327 3.6517 3.6706 3.6896 3.7086 3.7276 3.7465 3.7654 3.7845 3.8034 3.8224 3.8413 3.8603 3.8792 3.8982 3.9172 3.9361 3.9551 3.9741 3.993 4.012 4.0309 4.0499 4.0689 4.0879 4.1068 4.1257 4.1447 4.1637 4.1827 4.2016 4.2206 4.2395 4.2585 4.6243 4.6358 4.6474 4.659 4.6705 4.6821 4.6936 4.7052 4.7168 4.7283 4.7399 4.7514 4.763 4.7746 4.7861 4.7977 4.8092 4.8208 4.8324 4.8439 
1.5 1.5 1.5 1.5 1.5 1.5 1.5 1.5 1.5 1.5 1.5 1.14511 1.24458 1.34415 1.4437 1.54346 1.64333 1.74317 1.84322 1.94334 3.5 3.519 3.5379 3.5569 3.5758 3.5948 3.6138 3.6327 3.6517 3.6706 3.6896 3.7086 3.7275 3.7465 3.7655 3.7845 3.8034 3.8224 3.8413 3.8603 3.8792 3.8982 3.9172 3.9361 3.9551 3.974 3.993 4.012 4.0309 4.0499 4.0689 4.0879 4.1068 4.1257 4.1447 4.1637 4.1827 4.2016 4.2205 4.2395 4.2585 4.6243 4.6358 4.6474 4.659 4.6705 4.6821 4.6936 4.7052 4.7168 4.7283 4.7399 4.7514 4.763 4.7746 4.7861 4.7977 4.8092 4.8208 4.8324 4.8439 
1.5 1.5 1.5 1.5 1.5 1.5 1.5 1.5 1.5 1.5 1.5 1.14373 1.24295 1.34221 1.44153 1.54096 1.64048 1.73997 1.83965 1.93941 3.5 3.519 3.5379 3.5569 3.5758 3.5948 3.6138 3.6327 3.6517 3.6706 3.6896 3.7086 3.7275 3.7465 3.7655 3.7845 3.8034 3.8224 3.8413 3.8603 3.8792 3.8982 3.9172 3.9361 3.9551 3.974 3.993 4.012 4.0309 4.0499 4.0689 4.0879 4.1068 4.1257 4.1447 4.1637 4.1827 4.2016 4.2205 4.2395 4.2585 4.6243 4.6358 4.6474 4.659 4.6705 4.6821 4.6936 4.7052 4.7168 4.7283 4.7399 4.7514 4.763 4.7746 4.7861 4.7977 4.8092 4.8208 4.8324 4.8439 
1.5 1.5 1.5 1.5 1.5 1.5 1.5 1.5 1.5 1.5 1.5 1.14243 1.2414 1.34046 1.43942 1.53856 1.63776 1.73692 1.83624 1.93561 3.5 3.519 3.5379 3.5569 3.5758 3.5948 3.6138 3.6327 3.6517 3.6706 3.6896 3.7086 3.7276 3.7465 3.7654 3.7844 3.8034 3.8224 3.8413 3.8603 3.8792 3.8982 3.9172 3.9361 3.9551 3.974 3.9931 4.012 4.0309 4.0499 4.0688 4.0879 4.1068 4.1258 4.1447 4.1636 4.1827 4.2016 4.2206 4.2395 4.2585 4.6243 4.6358 4.6474 4.659 4.6705 4.6821 4.6936 4.7052 4.7168 4.7283 4.7399 4.7514 4.763 4.7746 4.7861 4.7977 4.8092 4.8208 4.8324 4.8439 
1.5 1.5 1.5 1.5 1.5 1.5 1.5 1.5 1.5 1.5 1.5 1.14111 1.23984 1.33861 1.43731 1.53616 1.63503 1.73385 1.83281 1.93177 3.5 3.519 3.5379 3.5569 3.5758 3.5948 3.6138 3.6327 3.6517 3.6706 3.6896 3.7086 3.7276 3.7465 3.7655 3.7845 3.8034 3.8224 3.8413 3.8603 3.8792 3.8982 3.9172 3.9361 3.9551 3.974 3.993 4.012 4.031 4.0499 4.0688 4.0878 4.1068 4.1258 4.1447 4.1637 4.1826 4.2016 4.2206 4.2395 4.2585 4.6243 4.6358 4.6474 4.659 4.6705 4.6821 4.6936 4.7052 4.7168 4.7283 4.7399 4.7514 4.763 4.7746 4.7861 4.7977 4.8092 4.8208 4.8324 4.8439 
1.5 1.5 1.5 1.5 1.5 1.5 1.5 1.5 1.5 1.5 1.5 1.13973 1.23823 1.33674 1.43516 1.5337 1.63225 1.73072 1.82932 1.92792 3.5 3.5185 3.537 3.5555 3.574 3.5925 3.611 3.6296 3.6481 3.6666 3.6851 3.7036 3.7221 3.7406 3.7591 3.7776 3.7961 3.8147 3.8332 3.8517 3.8702 3.8887 3.9073 3.9258 3.9443 3.9628 3.9813 3.9998 4.0183 4.0368 4.0553 4.0738 4.0924 4.1109 4.1294 4.1479 4.1664 4.1849 4.2034 4.2219 4.2404 4.2589 4.6243 4.6358 4.6474 4.659 4.6705 4.6821 4.6936 4.7052 4.7168 4.7283 4.7399 4.7514 4.763 4.7746 4.7861 4.7977 4.8092 4.8208 4.8324 
1.5 1.5 1.5 1.5 1.5 1.5 1.5 1.5 1.5 1.5 1.5 1.13839 1.23664 1.33488 1.43303 1.53127 1.62951 1.72764 1.82588 1.92415 3.5 3.5185 3.537 3.5555 3.574 3.5925 3.611 3.6296 3.6481 3.6666 3.6851 3.7036 3.7221 3.7406 3.7591 3.7776 3.7961 3.8147 3.8332 3.8517 3.8702 3.8887 3.9073 3.9258 3.9443 3.9628 3.9813 3.9998 4.0183 4.0368 4.0553 4.0738 4.0924 4.1109 4.1294 4.1479 4.1664 4.1849 4.2034 4.2219 4.2404 4.2589 4.6243 4.6358 4.6474 4.659 4.6705 4.6821 4.6936 4.7052 4.7168 4.7283 4.7399 4.7514 4.763 4.7746 4.7861 4.7977 4.8092 4.8208 4.8324 
1.5 1.5 1.5 1.5 1.5 1.5 1.5 1.5 1.5 1.5 1.5 1.13714 1.23516 1.33315 1.43104 1.52898 1.62691 1.72473 1.82261 1.9205 3.5 3.5185 3.537 3.5555 3.574 3.5925 3.611 3.6296 3.6481 3.6666 3.6851 3.7036 3.7221 3.7406 3.7591 3.7776 3.7962 3.8147 3.8332 3.8517 3.8702 3.8887 3.9072 3.9257 3.9443 3.9628 3.9813 3.9998 4.0183 4.0368 4.0553 4.0739 4.0924 4.1109 4.1294 4.1479 4.1664 4.1849 4.2034 4.2219 4.2404 4.259 4.6243 4.6358 4.6474 4.659 4.6705 4.6821 4.6936 4.7052 4.7168 4.7283 4.7399 4.7514 4.763 4.7746 4.7861 4.7977 4.8092 4.8208 4.8324 
1.5 1.5 1.5 1.5 1.5 1.5 1.5 1.5 1.5 1.5 1.5 1.13607 1.23389 1.33169 1.4293 1.52701 1.62467 1.72219 1.81976 1.91723 3.5 3.5185 3.537 3.5555 3.574 3.5925 3.611 3.6296 3.6481 3.6666 3.6851 3.7036 3.7221 3.7406 3.7591 3.7776 3.7962 3.8147 3.8332 3.8517 3.8702 3.8887 3.9072 3.9257 3.9443 3.9628 3.9813 3.9998 4.0183 4.0368 4.0553 4.0739 4.0924 4.1109 4.1294 4.1479 4.1664 4.1849 4.2034 4.2219 4.2404 4.259 4.6243 4.6358 4.6474 4.659 4.6705 4.6821 4.6936 4.7052 4.7168 4.7283 4.7399 4.7514 4.763 4.7746 4.7861 4.7977 4.8092 4.8208 4.8324 
1.5 1.5 1.5 1.5 1.5 1.5 1.5 1.5 1.5 1.5 1.5 1.13529 1.23297 1.33056 1.42807 1.52557 1.62303 1.72034 1.81769 1.91486 3.5 3.5185 3.537 3.5555 3.574 3.5925 3.611 3.6296 3.6481 3.6666 3.6851 3.7036 3.7221 3.7406 3.7591 3.7776 3.7961 3.8147 3.8332 3.8517 3.8702 3.8887 3.9073 3.9258 3.9443 3.9628 3.9813 3.9998 4.0183 4.0368 4.0553 4.0738 4.0924 4.1109 4.1294 4.1479 4.1664 4.1849 4.2034 4.2219 4.2404 4.2589 4.6243 4.6358 4.6474 4.659 4.6705 4.6821 4.6936 4.7052 4.7168 4.7283 4.7399 4.7514 4.763 4.7746 4.7861 4.7977 4.8092 4.8208 4.8324 
1.5 1.5 1.5 1.5 1.5 1.5 1.5 1.5 1.5 1.5 1.5 1.13481 1.23241 1.32994 1.4273 1.52476 1.62213 1.71933 1.81658 1.91383 3.5 3.5185 3.537 3.5555 3.574 3.5925 3.611 3.6296 3.6481 3.6666 3.6851 3.7036 3.7221 3.7406 3.7591 3.7777 3.7962 3.8147 3.8332 3.8517 3.8702 3.8887 3.9072 3.9257 3.9443 3.9628 3.9813 3.9998 4.0183 4.0368 4.0553 4.0738 4.0923 4.1108 4.1294 4.1479 4.1664 4.1849 4.2034 4.222 4.2405 4.259 4.6243 4.6358 4.6474 4.659 4.6705 4.6821 4.6936 4.7052 4.7168 4.7283 4.7399 4.7514 4.763 4.7746 4.7861 4.7977 4.8092 4.8208 4.8324 
1.5 1.5 1.5 1.5 1.5 1.5 1.5 1.5 1.5 1.5 1.5 1.13463 1.23221 1.32975 1.42711 1.5245 1.62184 1.71904 1.81628 1.91351 3.5 3.5185 3.537 3.5555 3.574 3.5925 3.611 3.6296 3.6481 3.6666 3.6851 3.7036 3.7221 3.7406 3.7591 3.7777 3.7962 3.8147 3.8332 3.8517 3.8702 3.8887 3.9072 3.9257 3.9443 3.9628 3.9813 3.9998 4.0183 4.0368 4.0553 4.0738 4.0923 4.1108 4.1294 4.1479 4.1664 4.1849 4.2034 4.222 4.2405 4.259 4.6243 4.6358 4.6474 4.659 4.6705 4.6821 4.6936 4.7052 4.7168 4.7283 4.7399 4.7514 4.763 4.7746 4.7861 4.7977 4.8092 4.8208 4.8324 
