5
s 30 2 17
r 2 0.01 7 7.43279 0.01
r 10 0.01 7 6.19744 0.01
r 18 0.01 7 5.15727 0.01
r 42 0.01 7 5.47781 0.01
r 50 0.01 7 6.6934 0.01
r 58 0.01 7 7.92815 0.01
r 66 0.01 7 8.94912 0.01
r 74 0.01 7 9.88878 0.01
r 82 0.01 7 10.9158 0.01
r 90 0.01 7 11.8659 0.01
r 98 0.01 7 12.8406 0.01
r 106 0.01 7 13.8066 0.01
r 114 0.01 7 14.7307 0.01
r 122 0.01 7 15.7008 0.01
r 130 0.01 7 16.7153 0.01
r 138 0.01 7 17.6772 0.01
r 146 0.01 7 18.6354 0.01
s 50 2 16
r 2 0.01 7 10.2469 0.01
r 10 0.01 7 9.24924 0.01
r 18 0.01 7 8.45241 0.01
r 26 0.01 7 7.31005 0.01
r 34 0.01 7 6.14384 0.01
r 66 0.01 7 6.24473 0.01
r 74 0.01 7 7.52009 0.01
r 82 0.01 7 8.73515 0.01
r 90 0.01 7 9.70467 0.01
r 98 0.01 7 10.7089 0.01
r 106 0.01 7 11.714 0.01
r 114 0.01 7 12.6777 0.01
r 122 0.01 7 13.6487 0.01
r 130 0.01 7 14.6631 0.01
r 138 0.01 7 15.625 0.01
r 146 0.01 7 16.5831 0.01
s 70 2 17
r 2 0.01 7 12.6235 0.01
r 10 0.01 7 11.6591 0.01
r 18 0.01 7 10.8894 0.01
r 26 0.01 7 9.91798 0.01
r 34 0.01 7 8.99811 0.01
r 42 0.01 7 8.16954 0.01
r 50 0.01 7 6.86984 0.01
r 58 0.01 7 5.59195 0.01
r 82 0.01 7 5.50467 0.01
r 90 0.01 7 6.69199 0.01
r 98 0.01 7 7.95205 0.01
r 106 0.01 7 9.1612 0.01
r 114 0.01 7 10.1515 0.01
r 122 0.01 7 11.1499 0.01
r 130 0.01 7 12.1995 0.01
r 138 0.01 7 13.1792 0.01
r 146 0.01 7 14.1372 0.01
s 90 2 16
r 2 0.01 7 14.8837 0.01
r 10 0.01 7 13.9503 0.01
r 18 0.01 7 13.2238 0.01
r 26 0.01 7 12.2727 0.01
r 34 0.01 7 11.373 0.01
r 42 0.01 7 10.5736 0.01
r 50 0.01 7 9.60585 0.01
r 58 0.01 7 8.58936 0.01
r 66 0.01 7 7.28344 0.01
r 74 0.01 7 6.00542 0.01
r 106 0.01 7 5.92122 0.01
r 114 0.01 7 7.1801 0.01
r 122 0.01 7 8.43778 0.01
r 130 0.01 7 9.65464 0.01
r 138 0.01 7 10.6628 0.01
r 146 0.01 7 11.6571 0.01
s 110 2 17
r 2 0.01 7 17.247 0.01
r 10 0.01 7 16.3138 0.01
r 18 0.01 7 15.5979 0.01
r 26 0.01 7 14.6706 0.01
r 34 0.01 7 13.789 0.01
r 42 0.01 7 13.0388 0.01
r 50 0.01 7 12.0933 0.01
r 58 0.01 7 11.1412 0.01
r 66 0.01 7 10.0731 0.01
r 74 0.01 7 9.08946 0.01
r 82 0.01 7 7.8764 0.01
r 90 0.01 7 6.55143 0.01
r 98 0.01 7 5.2759 0.01
r 122 0.01 7 5.24506 0.01
r 130 0.01 7 6.59384 0.01
r 138 0.01 7 7.88447 0.01
r 146 0.01 7 9.09739 0.01
