5
s 30 2 31
r 20 0.01 0 4.17366 0.01
r 22 0.01 0 3.89681 0.01
r 24 0.01 0 3.61991 0.01
r 26 0.01 0 2.97845 0.01
r 28 0.01 0 1.88091 0.01
r 30 0.01 0 1.32667 0.01
r 32 0.01 0 1.88091 0.01
r 34 0.01 0 2.97845 0.01
r 36 0.01 0 3.61991 0.01
r 38 0.01 0 3.89681 0.01
r 40 0.01 0 4.17366 0.01
r 42 0.01 0 4.44891 0.01
r 44 0.01 0 4.72461 0.01
r 46 0.01 0 4.99712 0.01
r 48 0.01 0 5.2697 0.01
r 50 0.01 0 5.54052 0.01
r 52 0.01 0 5.80832 0.01
r 54 0.01 0 6.07487 0.01
r 56 0.01 0 6.33793 0.01
r 58 0.01 0 6.59965 0.01
r 60 0.01 0 6.85938 0.01
r 62 0.01 0 7.11525 0.01
r 64 0.01 0 7.37059 0.01
r 66 0.01 0 7.62094 0.01
r 68 0.01 0 7.86781 0.01
r 70 0.01 0 8.11179 0.01
r 72 0.01 0 8.35503 0.01
r 74 0.01 0 8.59399 0.01
r 76 0.01 0 8.83091 0.01
r 78 0.01 0 9.06313 0.01
r 80 0.01 0 9.29173 0.01
s 40 2 31
r 20 0.01 0 5.54052 0.01
r 22 0.01 0 5.2697 0.01
r 24 0.01 0 4.99712 0.01
r 26 0.01 0 4.72461 0.01
r 28 0.01 0 4.44891 0.01
r 30 0.01 0 4.17366 0.01
r 32 0.01 0 3.89681 0.01
r 34 0.01 0 3.61991 0.01
r 36 0.01 0 2.97845 0.01
r 38 0.01 0 1.88091 0.01
r 40 0.01 0 1.32667 0.01
r 42 0.01 0 1.88091 0.01
r 44 0.01 0 2.97845 0.01
r 46 0.01 0 3.61991 0.01
r 48 0.01 0 3.89681 0.01
r 50 0.01 0 4.17366 0.01
r 52 0.01 0 4.44891 0.01
r 54 0.01 0 4.72461 0.01
r 56 0.01 0 4.99712 0.01
r 58 0.01 0 5.2697 0.01
r 60 0.01 0 5.54052 0.01
r 62 0.01 0 5.80832 0.01
r 64 0.01 0 6.07487 0.01
r 66 0.01 0 6.33793 0.01
r 68 0.01 0 6.59965 0.01
r 70 0.01 0 6.85938 0.01
r 72 0.01 0 7.11525 0.01
r 74 0.01 0 7.37059 0.01
r 76 0.01 0 7.62094 0.01
r 78 0.01 0 7.86781 0.01
r 80 0.01 0 8.11179 0.01
s 50 2 31
r 20 0.01 0 6.85938 0.01
r 22 0.01 0 6.59965 0.01
r 24 0.01 0 6.33793 0.01
r 26 0.01 0 6.07487 0.01
r 28 0.01 0 5.80832 0.01
r 30 0.01 0 5.54052 0.01
r 32 0.01 0 5.2697 0.01
r 34 0.01 0 4.99712 0.01
r 36 0.01 0 4.72461 0.01
r 38 0.01 0 4.44891 0.01
r 40 0.01 0 4.17366 0.01
r 42 0.01 0 3.89681 0.01
r 44 0.01 0 3.61991 0.01
r 46 0.01 0 2.97845 0.01
r 48 0.01 0 1.88091 0.01
r 50 0.01 0 1.32667 0.01
r 52 0.01 0 1.88091 0.01
r 54 0.01 0 2.97845 0.01
r 56 0.01 0 3.61991 0.01
r 58 0.01 0 3.89681 0.01
r 60 0.01 0 4.17366 0.01
r 62 0.01 0 4.44893 0.01
r 64 0.01 0 4.72461 0.01
r 66 0.01 0 4.99712 0.01
r 68 0.01 0 5.2697 0.01
r 70 0.01 0 5.54052 0.01
r 72 0.01 0 5.80832 0.01
r 74 0.01 0 6.07487 0.01
r 76 0.01 0 6.33793 0.01
r 78 0.01 0 6.59965 0.01
r 80 0.01 0 6.85938 0.01
s 60 2 31
r 20 0.01 0 8.11179 0.01
r 22 0.01 0 7.86781 0.01
r 24 0.01 0 7.62094 0.01
r 26 0.01 0 7.37162 0.01
r 28 0.01 0 7.11433 0.01
r 30 0.01 0 6.85938 0.01
r 32 0.01 0 6.59965 0.01
r 34 0.01 0 6.33793 0.01
r 36 0.01 0 6.07487 0.01
r 38 0.01 0 5.80832 0.01
r 40 0.01 0 5.54052 0.01
r 42 0.01 0 5.2697 0.01
r 44 0.01 0 4.99712 0.01
r 46 0.01 0 4.72461 0.01
r 48 0.01 0 4.44891 0.01
r 50 0.01 0 4.17366 0.01
r 52 0.01 0 3.89681 0.01
r 54 0.01 0 3.61991 0.01
r 56 0.01 0 2.97845 0.01
r 58 0.01 0 1.88091 0.01
r 60 0.01 0 1.32667 0.01
r 62 0.01 0 1.88091 0.01
r 64 0.01 0 2.97845 0.01
r 66 0.01 0 3.61991 0.01
r 68 0.01 0 3.89681 0.01
r 70 0.01 0 4.17366 0.01
r 72 0.01 0 4.44891 0.01
r 74 0.01 0 4.72461 0.01
r 76 0.01 0 4.99712 0.01
r 78 0.01 0 5.2697 0.01
r 80 0.01 0 5.54052 0.01
s 70 2 31
r 20 0.01 0 9.29173 0.01
r 22 0.01 0 9.06443 0.01
r 24 0.01 0 8.83091 0.01
r 26 0.01 0 8.59399 0.01
r 28 0.01 0 8.35503 0.01
r 30 0.01 0 8.11179 0.01
r 32 0.01 0 7.86781 0.01
r 34 0.01 0 7.62094 0.01
r 36 0.01 0 7.37162 0.01
r 38 0.01 0 7.11525 0.01
r 40 0.01 0 6.85938 0.01
r 42 0.01 0 6.59965 0.01
r 44 0.01 0 6.33793 0.01
r 46 0.01 0 6.07487 0.01
r 48 0.01 0 5.80832 0.01
r 50 0.01 0 5.54052 0.01
r 52 0.01 0 5.2697 0.01
r 54 0.01 0 4.99712 0.01
r 56 0.01 0 4.72461 0.01
r 58 0.01 0 4.44891 0.01
r 60 0.01 0 4.17366 0.01
r 62 0.01 0 3.89681 0.01
r 64 0.01 0 3.61991 0.01
r 66 0.01 0 2.97845 0.01
r 68 0.01 0 1.88091 0.01
r 70 0.01 0 1.32667 0.01
r 72 0.01 0 1.88091 0.01
r 74 0.01 0 2.97845 0.01
r 76 0.01 0 3.61991 0.01
r 78 0.01 0 3.89681 0.01
r 80 0.01 0 4.17366 0.01
