5
s 30 2 31
r 20 0.01 6 4.92677 0.01
r 22 0.01 6 4.44708 0.01
r 24 0.01 6 3.96997 0.01
r 26 0.01 6 3.49696 0.01
r 28 0.01 6 3.12425 0.01
r 30 0.01 6 2.96046 0.01
r 32 0.01 6 3.12522 0.01
r 34 0.01 6 3.49665 0.01
r 36 0.01 6 3.96675 0.01
r 38 0.01 6 4.44708 0.01
r 40 0.01 6 4.92677 0.01
r 42 0.01 6 5.40482 0.01
r 44 0.01 6 5.88183 0.01
r 46 0.01 6 6.35694 0.01
r 48 0.01 6 6.82912 0.01
r 50 0.01 6 7.29899 0.01
r 52 0.01 6 7.76581 0.01
r 54 0.01 6 8.22928 0.01
r 56 0.01 6 8.68912 0.01
r 58 0.01 6 9.14494 0.01
r 60 0.01 6 9.59676 0.01
r 62 0.01 6 10.0441 0.01
r 64 0.01 6 10.4866 0.01
r 66 0.01 6 10.9246 0.01
r 68 0.01 6 11.357 0.01
r 70 0.01 6 11.7849 0.01
r 72 0.01 6 12.2077 0.01
r 74 0.01 6 12.6258 0.01
r 76 0.01 6 13.0368 0.01
r 78 0.01 6 13.4438 0.01
r 80 0.01 6 13.8447 0.01
s 40 2 31
r 20 0.01 6 7.29899 0.01
r 22 0.01 6 6.82912 0.01
r 24 0.01 6 6.35694 0.01
r 26 0.01 6 5.88183 0.01
r 28 0.01 6 5.40482 0.01
r 30 0.01 6 4.92677 0.01
r 32 0.01 6 4.44708 0.01
r 34 0.01 6 3.96997 0.01
r 36 0.01 6 3.49695 0.01
r 38 0.01 6 3.12235 0.01
r 40 0.01 6 2.96016 0.01
r 42 0.01 6 3.12439 0.01
r 44 0.01 6 3.49674 0.01
r 46 0.01 6 3.96675 0.01
r 48 0.01 6 4.44708 0.01
r 50 0.01 6 4.92677 0.01
r 52 0.01 6 5.40482 0.01
r 54 0.01 6 5.88183 0.01
r 56 0.01 6 6.35694 0.01
r 58 0.01 6 6.82912 0.01
r 60 0.01 6 7.29899 0.01
r 62 0.01 6 7.76581 0.01
r 64 0.01 6 8.22918 0.01
r 66 0.01 6 8.68912 0.01
r 68 0.01 6 9.14494 0.01
r 70 0.01 6 9.59676 0.01
r 72 0.01 6 10.0441 0.01
r 74 0.01 6 10.4866 0.01
r 76 0.01 6 10.9246 0.01
r 78 0.01 6 11.357 0.01
r 80 0.01 6 11.7849 0.01
s 50 2 31
r 20 0.01 6 9.59668 0.01
r 22 0.01 6 9.14494 0.01
r 24 0.01 6 8.68912 0.01
r 26 0.01 6 8.22928 0.01
r 28 0.01 6 7.76581 0.01
r 30 0.01 6 7.29899 0.01
r 32 0.01 6 6.82912 0.01
r 34 0.01 6 6.35694 0.01
r 36 0.01 6 5.88183 0.01
r 38 0.01 6 5.40482 0.01
r 40 0.01 6 4.92677 0.01
r 42 0.01 6 4.44708 0.01
r 44 0.01 6 3.96997 0.01
r 46 0.01 6 3.49747 0.01
r 48 0.01 6 3.12423 0.01
r 50 0.01 6 2.96061 0.01
r 52 0.01 6 3.12414 0.01
r 54 0.01 6 3.49686 0.01
r 56 0.01 6 3.96675 0.01
r 58 0.01 6 4.44708 0.01
r 60 0.01 6 4.92677 0.01
r 62 0.01 6 5.40482 0.01
r 64 0.01 6 5.88183 0.01
r 66 0.01 6 6.35694 0.01
r 68 0.01 6 6.82912 0.01
r 70 0.01 6 7.29899 0.01
r 72 0.01 6 7.76581 0.01
r 74 0.01 6 8.22928 0.01
r 76 0.01 6 8.68912 0.01
r 78 0.01 6 9.14494 0.01
r 80 0.01 6 9.59676 0.01
s 60 2 31
r 20 0.01 6 11.7849 0.01
r 22 0.01 6 11.357 0.01
r 24 0.01 6 10.9246 0.01
r 26 0.01 6 10.4866 0.01
r 28 0.01 6 10.0441 0.01
r 30 0.01 6 9.59676 0.01
r 32 0.01 6 9.14494 0.01
r 34 0.01 6 8.68912 0.01
r 36 0.01 6 8.22928 0.01
r 38 0.01 6 7.76581 0.01
r 40 0.01 6 7.29899 0.01
r 42 0.01 6 6.82912 0.01
r 44 0.01 6 6.35694 0.01
r 46 0.01 6 5.88183 0.01
r 48 0.01 6 5.40482 0.01
r 50 0.01 6 4.92678 0.01
r 52 0.01 6 4.44708 0.01
r 54 0.01 6 3.96997 0.01
r 56 0.01 6 3.49742 0.01
r 58 0.01 6 3.12381 0.01
r 60 0.01 6 2.96024 0.01
r 62 0.01 6 3.12405 0.01
r 64 0.01 6 3.49685 0.01
r 66 0.01 6 3.96675 0.01
r 68 0.01 6 4.44708 0.01
r 70 0.01 6 4.92677 0.01
r 72 0.01 6 5.40482 0.01
r 74 0.01 6 5.88184 0.01
r 76 0.01 6 6.35694 0.01
r 78 0.01 6 6.82912 0.01
r 80 0.01 6 7.29899 0.01
s 70 2 31
r 20 0.01 6 13.8447 0.01
r 22 0.01 6 13.4438 0.01
r 24 0.01 6 13.0368 0.01
r 26 0.01 6 12.6258 0.01
r 28 0.01 6 12.2077 0.01
r 30 0.01 6 11.7849 0.01
r 32 0.01 6 11.357 0.01
r 34 0.01 6 10.9246 0.01
r 36 0.01 6 10.4866 0.01
r 38 0.01 6 10.0441 0.01
r 40 0.01 6 9.59676 0.01
r 42 0.01 6 9.14494 0.01
r 44 0.01 6 8.68912 0.01
r 46 0.01 6 8.22928 0.01
r 48 0.01 6 7.76581 0.01
r 50 0.01 6 7.29899 0.01
r 52 0.01 6 6.82912 0.01
r 54 0.01 6 6.35694 0.01
r 56 0.01 6 5.88183 0.01
r 58 0.01 6 5.40482 0.01
r 60 0.01 6 4.92677 0.01
r 62 0.01 6 4.44708 0.01
r 64 0.01 6 3.96997 0.01
r 66 0.01 6 3.49734 0.01
r 68 0.01 6 3.12419 0.01
r 70 0.01 6 2.96018 0.01
r 72 0.01 6 3.12336 0.01
r 74 0.01 6 3.49687 0.01
r 76 0.01 6 3.96675 0.01
r 78 0.01 6 4.44708 0.01
r 80 0.01 6 4.92677 0.01
