5
s 30 2 62
r 20 0.01 7 4.85137 0.01
r 22 0.01 7 4.59934 0.01
r 24 0.01 7 4.32482 0.01
r 26 0.01 7 4.05744 0.01
r 28 0.01 7 3.75689 0.01
r 30 0.01 7 3.48757 0.01
r 32 0.01 7 3.75689 0.01
r 34 0.01 7 4.05744 0.01
r 36 0.01 7 4.32482 0.01
r 38 0.01 7 4.59934 0.01
r 40 0.01 7 4.85137 0.01
r 42 0.01 7 5.12376 0.01
r 44 0.01 7 5.41846 0.01
r 46 0.01 7 5.68843 0.01
r 48 0.01 7 5.9656 0.01
r 50 0.01 7 6.2371 0.01
r 52 0.01 7 6.50021 0.01
r 54 0.01 7 6.76317 0.01
r 56 0.01 7 7.02206 0.01
r 58 0.01 7 7.27907 0.01
r 60 0.01 7 7.53423 0.01
r 62 0.01 7 7.79322 0.01
r 64 0.01 7 8.04232 0.01
r 66 0.01 7 8.28876 0.01
r 68 0.01 7 8.53326 0.01
r 70 0.01 7 8.7763 0.01
r 72 0.01 7 9.01435 0.01
r 74 0.01 7 9.24903 0.01
r 76 0.01 7 9.48211 0.01
r 78 0.01 7 9.71078 0.01
r 80 0.01 7 9.95209 0.01
r 20 0.01 8 5.53967 0.01
r 22 0.01 8 5.06035 0.01
r 24 0.01 8 4.58054 0.01
r 26 0.01 8 4.1141 0.01
r 28 0.01 8 3.67397 0.01
r 30 0.01 8 3.49181 0.01
r 32 0.01 8 3.67248 0.01
r 34 0.01 8 4.10735 0.01
r 36 0.01 8 4.58054 0.01
r 38 0.01 8 5.06035 0.01
r 40 0.01 8 5.53967 0.01
r 42 0.01 8 6.01673 0.01
r 44 0.01 8 6.49252 0.01
r 46 0.01 8 6.96657 0.01
r 48 0.01 8 7.43745 0.01
r 50 0.01 8 7.90616 0.01
r 52 0.01 8 8.37169 0.01
r 54 0.01 8 8.83349 0.01
r 56 0.01 8 9.29153 0.01
r 58 0.01 8 9.74781 0.01
r 60 0.01 8 10.1949 0.01
r 62 0.01 8 10.6405 0.01
r 64 0.01 8 11.0809 0.01
r 66 0.01 8 11.5184 0.01
r 68 0.01 8 11.9483 0.01
r 70 0.01 8 12.3742 0.01
r 72 0.01 8 12.794 0.01
r 74 0.01 8 13.2101 0.01
r 76 0.01 8 13.6206 0.01
r 78 0.01 8 14.0245 0.01
r 80 0.01 8 14.4239 0.01
s 40 2 62
r 20 0.01 7 6.2371 0.01
r 22 0.01 7 5.9656 0.01
r 24 0.01 7 5.68843 0.01
r 26 0.01 7 5.41846 0.01
r 28 0.01 7 5.12376 0.01
r 30 0.01 7 4.85137 0.01
r 32 0.01 7 4.59934 0.01
r 34 0.01 7 4.32482 0.01
r 36 0.01 7 4.05744 0.01
r 38 0.01 7 3.75689 0.01
r 40 0.01 7 3.48757 0.01
r 42 0.01 7 3.75689 0.01
r 44 0.01 7 4.05744 0.01
r 46 0.01 7 4.32482 0.01
r 48 0.01 7 4.59934 0.01
r 50 0.01 7 4.85139 0.01
r 52 0.01 7 5.12377 0.01
r 54 0.01 7 5.41846 0.01
r 56 0.01 7 5.68843 0.01
r 58 0.01 7 5.9656 0.01
r 60 0.01 7 6.2371 0.01
r 62 0.01 7 6.50021 0.01
r 64 0.01 7 6.76317 0.01
r 66 0.01 7 7.02206 0.01
r 68 0.01 7 7.27907 0.01
r 70 0.01 7 7.53423 0.01
r 72 0.01 7 7.79322 0.01
r 74 0.01 7 8.04232 0.01
r 76 0.01 7 8.28876 0.01
r 78 0.01 7 8.53326 0.01
r 80 0.01 7 8.7763 0.01
r 20 0.01 8 7.90616 0.01
r 22 0.01 8 7.43745 0.01
r 24 0.01 8 6.96657 0.01
r 26 0.01 8 6.49252 0.01
r 28 0.01 8 6.01673 0.01
r 30 0.01 8 5.53967 0.01
r 32 0.01 8 5.06035 0.01
r 34 0.01 8 4.58054 0.01
r 36 0.01 8 4.1141 0.01
r 38 0.01 8 3.67084 0.01
r 40 0.01 8 3.49139 0.01
r 42 0.01 8 3.67332 0.01
r 44 0.01 8 4.10735 0.01
r 46 0.01 8 4.58054 0.01
r 48 0.01 8 5.06035 0.01
r 50 0.01 8 5.53967 0.01
r 52 0.01 8 6.01673 0.01
r 54 0.01 8 6.49252 0.01
r 56 0.01 8 6.96657 0.01
r 58 0.01 8 7.43745 0.01
r 60 0.01 8 7.90616 0.01
r 62 0.01 8 8.37169 0.01
r 64 0.01 8 8.83349 0.01
r 66 0.01 8 9.29153 0.01
r 68 0.01 8 9.74781 0.01
r 70 0.01 8 10.1949 0.01
r 72 0.01 8 10.6405 0.01
r 74 0.01 8 11.0809 0.01
r 76 0.01 8 11.5184 0.01
r 78 0.01 8 11.9483 0.01
r 80 0.01 8 12.3742 0.01
s 50 2 62
r 20 0.01 7 7.53423 0.01
r 22 0.01 7 7.27907 0.01
r 24 0.01 7 7.02206 0.01
r 26 0.01 7 6.76317 0.01
r 28 0.01 7 6.50021 0.01
r 30 0.01 7 6.2371 0.01
r 32 0.01 7 5.9656 0.01
r 34 0.01 7 5.68843 0.01
r 36 0.01 7 5.41846 0.01
r 38 0.01 7 5.12376 0.01
r 40 0.01 7 4.85137 0.01
r 42 0.01 7 4.59934 0.01
r 44 0.01 7 4.32482 0.01
r 46 0.01 7 4.05744 0.01
r 48 0.01 7 3.75689 0.01
r 50 0.01 7 3.48757 0.01
r 52 0.01 7 3.75689 0.01
r 54 0.01 7 4.05744 0.01
r 56 0.01 7 4.32482 0.01
r 58 0.01 7 4.59934 0.01
r 60 0.01 7 4.85139 0.01
r 62 0.01 7 5.12376 0.01
r 64 0.01 7 5.41846 0.01
r 66 0.01 7 5.68843 0.01
r 68 0.01 7 5.9656 0.01
r 70 0.01 7 6.2371 0.01
r 72 0.01 7 6.50021 0.01
r 74 0.01 7 6.76317 0.01
r 76 0.01 7 7.02206 0.01
r 78 0.01 7 7.27907 0.01
r 80 0.01 7 7.53423 0.01
r 20 0.01 8 10.1949 0.01
r 22 0.01 8 9.74781 0.01
r 24 0.01 8 9.29153 0.01
r 26 0.01 8 8.83349 0.01
r 28 0.01 8 8.37169 0.01
r 30 0.01 8 7.90616 0.01
r 32 0.01 8 7.43745 0.01
r 34 0.01 8 6.96657 0.01
r 36 0.01 8 6.49252 0.01
r 38 0.01 8 6.01673 0.01
r 40 0.01 8 5.53967 0.01
r 42 0.01 8 5.06035 0.01
r 44 0.01 8 4.58054 0.01
r 46 0.01 8 4.1141 0.01
r 48 0.01 8 3.67048 0.01
r 50 0.01 8 3.49198 0.01
r 52 0.01 8 3.6701 0.01
r 54 0.01 8 4.10735 0.01
r 56 0.01 8 4.58054 0.01
r 58 0.01 8 5.06035 0.01
r 60 0.01 8 5.53967 0.01
r 62 0.01 8 6.01673 0.01
r 64 0.01 8 6.49252 0.01
r 66 0.01 8 6.96657 0.01
r 68 0.01 8 7.43745 0.01
r 70 0.01 8 7.90616 0.01
r 72 0.01 8 8.37169 0.01
r 74 0.01 8 8.83349 0.01
r 76 0.01 8 9.29153 0.01
r 78 0.01 8 9.74781 0.01
r 80 0.01 8 10.1949 0.01
s 60 2 62
r 20 0.01 7 8.7763 0.01
r 22 0.01 7 8.53326 0.01
r 24 0.01 7 8.28876 0.01
r 26 0.01 7 8.04232 0.01
r 28 0.01 7 7.79322 0.01
r 30 0.01 7 7.53423 0.01
r 32 0.01 7 7.27907 0.01
r 34 0.01 7 7.02206 0.01
r 36 0.01 7 6.76317 0.01
r 38 0.01 7 6.50021 0.01
r 40 0.01 7 6.2371 0.01
r 42 0.01 7 5.9656 0.01
r 44 0.01 7 5.68843 0.01
r 46 0.01 7 5.41846 0.01
r 48 0.01 7 5.12377 0.01
r 50 0.01 7 4.85139 0.01
r 52 0.01 7 4.59934 0.01
r 54 0.01 7 4.32482 0.01
r 56 0.01 7 4.05744 0.01
r 58 0.01 7 3.75689 0.01
r 60 0.01 7 3.48757 0.01
r 62 0.01 7 3.75689 0.01
r 64 0.01 7 4.05744 0.01
r 66 0.01 7 4.32482 0.01
r 68 0.01 7 4.59934 0.01
r 70 0.01 7 4.85137 0.01
r 72 0.01 7 5.12376 0.01
r 74 0.01 7 5.41846 0.01
r 76 0.01 7 5.68843 0.01
r 78 0.01 7 5.9656 0.01
r 80 0.01 7 6.2371 0.01
r 20 0.01 8 12.3742 0.01
r 22 0.01 8 11.9483 0.01
r 24 0.01 8 11.5184 0.01
r 26 0.01 8 11.0809 0.01
r 28 0.01 8 10.6405 0.01
r 30 0.01 8 10.1949 0.01
r 32 0.01 8 9.74781 0.01
r 34 0.01 8 9.29153 0.01
r 36 0.01 8 8.83349 0.01
r 38 0.01 8 8.37169 0.01
r 40 0.01 8 7.90616 0.01
r 42 0.01 8 7.43745 0.01
r 44 0.01 8 6.96657 0.01
r 46 0.01 8 6.49252 0.01
r 48 0.01 8 6.01673 0.01
r 50 0.01 8 5.53967 0.01
r 52 0.01 8 5.06035 0.01
r 54 0.01 8 4.58054 0.01
r 56 0.01 8 4.1141 0.01
r 58 0.01 8 3.67314 0.01
r 60 0.01 8 3.49168 0.01
r 62 0.01 8 3.67427 0.01
r 64 0.01 8 4.10735 0.01
r 66 0.01 8 4.58054 0.01
r 68 0.01 8 5.06035 0.01
r 70 0.01 8 5.53967 0.01
r 72 0.01 8 6.01673 0.01
r 74 0.01 8 6.49252 0.01
r 76 0.01 8 6.96657 0.01
r 78 0.01 8 7.43745 0.01
r 80 0.01 8 7.90616 0.01
s 70 2 62
r 20 0.01 7 9.95209 0.01
r 22 0.01 7 9.71078 0.01
r 24 0.01 7 9.48211 0.01
r 26 0.01 7 9.24903 0.01
r 28 0.01 7 9.01435 0.01
r 30 0.01 7 8.7763 0.01
r 32 0.01 7 8.53326 0.01
r 34 0.01 7 8.28876 0.01
r 36 0.01 7 8.04232 0.01
r 38 0.01 7 7.79322 0.01
r 40 0.01 7 7.53423 0.01
r 42 0.01 7 7.27907 0.01
r 44 0.01 7 7.02206 0.01
r 46 0.01 7 6.76317 0.01
r 48 0.01 7 6.50021 0.01
r 50 0.01 7 6.2371 0.01
r 52 0.01 7 5.9656 0.01
r 54 0.01 7 5.68843 0.01
r 56 0.01 7 5.41846 0.01
r 58 0.01 7 5.12377 0.01
r 60 0.01 7 4.85137 0.01
r 62 0.01 7 4.59934 0.01
r 64 0.01 7 4.32482 0.01
r 66 0.01 7 4.05744 0.01
r 68 0.01 7 3.75689 0.01
r 70 0.01 7 3.48757 0.01
r 72 0.01 7 3.75689 0.01
r 74 0.01 7 4.05744 0.01
r 76 0.01 7 4.32482 0.01
r 78 0.01 7 4.59934 0.01
r 80 0.01 7 4.85137 0.01
r 20 0.01 8 14.4239 0.01
r 22 0.01 8 14.0245 0.01
r 24 0.01 8 13.6206 0.01
r 26 0.01 8 13.2101 0.01
r 28 0.01 8 12.794 0.01
r 30 0.01 8 12.3742 0.01
r 32 0.01 8 11.9483 0.01
r 34 0.01 8 11.5184 0.01
r 36 0.01 8 11.0809 0.01
r 38 0.01 8 10.6405 0.01
r 40 0.01 8 10.1949 0.01
r 42 0.01 8 9.74781 0.01
r 44 0.01 8 9.29153 0.01
r 46 0.01 8 8.83349 0.01
r 48 0.01 8 8.37169 0.01
r 50 0.01 8 7.90616 0.01
r 52 0.01 8 7.43745 0.01
r 54 0.01 8 6.96657 0.01
r 56 0.01 8 6.49252 0.01
r 58 0.01 8 6.01673 0.01
r 60 0.01 8 5.53967 0.01
r 62 0.01 8 5.06035 0.01
r 64 0.01 8 4.58054 0.01
r 66 0.01 8 4.1141 0.01
r 68 0.01 8 3.67333 0.01
r 70 0.01 8 3.49117 0.01
r 72 0.01 8 3.6742 0.01
r 74 0.01 8 4.10735 0.01
r 76 0.01 8 4.58054 0.01
r 78 0.01 8 5.06035 0.01
r 80 0.01 8 5.53967 0.01
