5
s 30 2 93
r 20 0.01 0 3.68734 0.01
r 22 0.01 0 3.40933 0.01
r 24 0.01 0 3.15386 0.01
r 26 0.01 0 2.97967 0.01
r 28 0.01 0 1.88169 0.01
r 30 0.01 0 1.32722 0.01
r 32 0.01 0 1.8817 0.01
r 34 0.01 0 2.9797 0.01
r 36 0.01 0 3.2529 0.01
r 38 0.01 0 3.56941 0.01
r 40 0.01 0 3.92029 0.01
r 42 0.01 0 4.26223 0.01
r 44 0.01 0 4.55446 0.01
r 46 0.01 0 4.77146 0.01
r 48 0.01 0 5.04505 0.01
r 50 0.01 0 5.36763 0.01
r 52 0.01 0 5.68213 0.01
r 54 0.01 0 5.98196 0.01
r 56 0.01 0 6.24556 0.01
r 58 0.01 0 6.47567 0.01
r 60 0.01 0 6.71397 0.01
r 62 0.01 0 6.98801 0.01
r 64 0.01 0 7.32894 0.01
r 66 0.01 0 7.63846 0.01
r 68 0.01 0 7.84242 0.01
r 70 0.01 0 8.07445 0.01
r 72 0.01 0 8.3274 0.01
r 74 0.01 0 8.59788 0.01
r 76 0.01 0 8.84462 0.01
r 78 0.01 0 9.15548 0.01
r 80 0.01 0 9.38862 0.01
r 20 0.01 7 4.34485 0.01
r 22 0.01 7 4.0628 0.01
r 24 0.01 7 3.79335 0.01
r 26 0.01 7 3.59231 0.01
r 28 0.01 7 3.42947 0.01
r 30 0.01 7 3.13979 0.01
r 32 0.01 7 3.36512 0.01
r 34 0.01 7 3.65315 0.01
r 36 0.01 7 3.94269 0.01
r 38 0.01 7 4.28543 0.01
r 40 0.01 7 4.6383 0.01
r 42 0.01 7 4.97267 0.01
r 44 0.01 7 5.21268 0.01
r 46 0.01 7 5.42572 0.01
r 48 0.01 7 5.73853 0.01
r 50 0.01 7 6.06118 0.01
r 52 0.01 7 6.38674 0.01
r 54 0.01 7 6.63923 0.01
r 56 0.01 7 6.90047 0.01
r 58 0.01 7 7.11808 0.01
r 60 0.01 7 7.36911 0.01
r 62 0.01 7 7.67033 0.01
r 64 0.01 7 8.02987 0.01
r 66 0.01 7 8.28464 0.01
r 68 0.01 7 8.48612 0.01
r 70 0.01 7 8.72538 0.01
r 72 0.01 7 8.99978 0.01
r 74 0.01 7 9.25083 0.01
r 76 0.01 7 9.53184 0.01
r 78 0.01 7 9.83214 0.01
r 80 0.01 7 10.0168 0.01
r 20 0.01 8 5.22724 0.01
r 22 0.01 8 5.26102 0.01
r 24 0.01 8 4.81702 0.01
r 26 0.01 8 3.90883 0.01
r 28 0.01 8 3.50772 0.01
r 30 0.01 8 3.15147 0.01
r 32 0.01 8 3.49292 0.01
r 34 0.01 8 3.80627 0.01
r 36 0.01 8 4.25247 0.01
r 38 0.01 8 4.75248 0.01
r 40 0.01 8 5.28154 0.01
r 42 0.01 8 5.79756 0.01
r 44 0.01 8 6.30658 0.01
r 46 0.01 8 6.73098 0.01
r 48 0.01 8 7.16049 0.01
r 50 0.01 8 7.68053 0.01
r 52 0.01 8 8.20036 0.01
r 54 0.01 8 8.7044 0.01
r 56 0.01 8 9.15858 0.01
r 58 0.01 8 9.62085 0.01
r 60 0.01 8 10.0418 0.01
r 62 0.01 8 10.4447 0.01
r 64 0.01 8 10.8903 0.01
r 66 0.01 8 11.3943 0.01
r 68 0.01 8 11.8221 0.01
r 70 0.01 8 12.2312 0.01
r 72 0.01 8 12.6745 0.01
r 74 0.01 8 13.1374 0.01
r 76 0.01 8 13.5688 0.01
r 78 0.01 8 14.006 0.01
r 80 0.01 8 14.4398 0.01
s 40 2 93
r 20 0.01 0 5.14676 0.01
r 22 0.01 0 4.87628 0.01
r 24 0.01 0 4.62326 0.01
r 26 0.01 0 4.43412 0.01
r 28 0.01 0 4.23966 0.01
r 30 0.01 0 3.92116 0.01
r 32 0.01 0 3.60932 0.01
r 34 0.01 0 3.32122 0.01
r 36 0.01 0 2.98009 0.01
r 38 0.01 0 1.88195 0.01
r 40 0.01 0 1.3274 0.01
r 42 0.01 0 1.88195 0.01
r 44 0.01 0 2.98008 0.01
r 46 0.01 0 3.46139 0.01
r 48 0.01 0 3.73943 0.01
r 50 0.01 0 4.07929 0.01
r 52 0.01 0 4.41441 0.01
r 54 0.01 0 4.73294 0.01
r 56 0.01 0 5.01096 0.01
r 58 0.01 0 5.25525 0.01
r 60 0.01 0 5.50591 0.01
r 62 0.01 0 5.78895 0.01
r 64 0.01 0 6.14682 0.01
r 66 0.01 0 6.47329 0.01
r 68 0.01 0 6.6851 0.01
r 70 0.01 0 6.92176 0.01
r 72 0.01 0 7.18987 0.01
r 74 0.01 0 7.4745 0.01
r 76 0.01 0 7.72895 0.01
r 78 0.01 0 8.0621 0.01
r 80 0.01 0 8.30583 0.01
r 20 0.01 7 5.87065 0.01
r 22 0.01 7 5.60017 0.01
r 24 0.01 7 5.34156 0.01
r 26 0.01 7 5.14522 0.01
r 28 0.01 7 4.98032 0.01
r 30 0.01 7 4.69351 0.01
r 32 0.01 7 4.36494 0.01
r 34 0.01 7 4.07387 0.01
r 36 0.01 7 3.79361 0.01
r 38 0.01 7 3.56884 0.01
r 40 0.01 7 3.35009 0.01
r 42 0.01 7 3.57876 0.01
r 44 0.01 7 3.9329 0.01
r 46 0.01 7 4.15245 0.01
r 48 0.01 7 4.48531 0.01
r 50 0.01 7 4.82634 0.01
r 52 0.01 7 5.16221 0.01
r 54 0.01 7 5.44934 0.01
r 56 0.01 7 5.72125 0.01
r 58 0.01 7 5.94347 0.01
r 60 0.01 7 6.20665 0.01
r 62 0.01 7 6.56983 0.01
r 64 0.01 7 6.888 0.01
r 66 0.01 7 7.16142 0.01
r 68 0.01 7 7.37 0.01
r 70 0.01 7 7.62515 0.01
r 72 0.01 7 7.91834 0.01
r 74 0.01 7 8.17615 0.01
r 76 0.01 7 8.43861 0.01
r 78 0.01 7 8.77461 0.01
r 80 0.01 7 8.97471 0.01
r 20 0.01 8 7.58627 0.01
r 22 0.01 8 7.14892 0.01
r 24 0.01 8 6.73662 0.01
r 26 0.01 8 6.83624 0.01
r 28 0.01 8 5.86527 0.01
r 30 0.01 8 5.34354 0.01
r 32 0.01 8 4.85019 0.01
r 34 0.01 8 4.40118 0.01
r 36 0.01 8 4.06551 0.01
r 38 0.01 8 3.68092 0.01
r 40 0.01 8 3.35258 0.01
r 42 0.01 8 3.6917 0.01
r 44 0.01 8 4.17638 0.01
r 46 0.01 8 4.57475 0.01
r 48 0.01 8 5.30058 0.01
r 50 0.01 8 5.84645 0.01
r 52 0.01 8 6.54465 0.01
r 54 0.01 8 6.59856 0.01
r 56 0.01 8 7.07514 0.01
r 58 0.01 8 7.55558 0.01
r 60 0.01 8 7.99894 0.01
r 62 0.01 8 8.41379 0.01
r 64 0.01 8 8.86659 0.01
r 66 0.01 8 9.33687 0.01
r 68 0.01 8 9.80463 0.01
r 70 0.01 8 10.2167 0.01
r 72 0.01 8 10.6537 0.01
r 74 0.01 8 11.1432 0.01
r 76 0.01 8 11.5705 0.01
r 78 0.01 8 12.0203 0.01
r 80 0.01 8 12.4657 0.01
s 50 2 93
r 20 0.01 0 6.51965 0.01
r 22 0.01 0 6.26225 0.01
r 24 0.01 0 6.02123 0.01
r 26 0.01 0 5.84104 0.01
r 28 0.01 0 5.66233 0.01
r 30 0.01 0 5.3661 0.01
r 32 0.01 0 5.07163 0.01
r 34 0.01 0 4.79981 0.01
r 36 0.01 0 4.54221 0.01
r 38 0.01 0 4.32345 0.01
r 40 0.01 0 4.10071 0.01
r 42 0.01 0 3.80247 0.01
r 44 0.01 0 3.45748 0.01
r 46 0.01 0 2.97958 0.01
r 48 0.01 0 1.88163 0.01
r 50 0.01 0 1.32717 0.01
r 52 0.01 0 1.88162 0.01
r 54 0.01 0 2.97957 0.01
r 56 0.01 0 3.66826 0.01
r 58 0.01 0 3.92763 0.01
r 60 0.01 0 4.18405 0.01
r 62 0.01 0 4.48021 0.01
r 64 0.01 0 4.86261 0.01
r 66 0.01 0 5.21127 0.01
r 68 0.01 0 5.43728 0.01
r 70 0.01 0 5.67997 0.01
r 72 0.01 0 5.95833 0.01
r 74 0.01 0 6.2575 0.01
r 76 0.01 0 6.52618 0.01
r 78 0.01 0 6.8685 0.01
r 80 0.01 0 7.12978 0.01
r 20 0.01 7 7.26617 0.01
r 22 0.01 7 7.01008 0.01
r 24 0.01 7 6.76158 0.01
r 26 0.01 7 6.57603 0.01
r 28 0.01 7 6.4216 0.01
r 30 0.01 7 6.15095 0.01
r 32 0.01 7 5.83621 0.01
r 34 0.01 7 5.56864 0.01
r 36 0.01 7 5.29781 0.01
r 38 0.01 7 5.08327 0.01
r 40 0.01 7 4.86487 0.01
r 42 0.01 7 4.62392 0.01
r 44 0.01 7 4.29698 0.01
r 46 0.01 7 3.95546 0.01
r 48 0.01 7 3.72665 0.01
r 50 0.01 7 3.50037 0.01
r 52 0.01 7 3.72137 0.01
r 54 0.01 7 4.14412 0.01
r 56 0.01 7 4.43042 0.01
r 58 0.01 7 4.66122 0.01
r 60 0.01 7 4.93418 0.01
r 62 0.01 7 5.26989 0.01
r 64 0.01 7 5.6475 0.01
r 66 0.01 7 5.94674 0.01
r 68 0.01 7 6.16371 0.01
r 70 0.01 7 6.42406 0.01
r 72 0.01 7 6.7171 0.01
r 74 0.01 7 7.00557 0.01
r 76 0.01 7 7.27639 0.01
r 78 0.01 7 7.63222 0.01
r 80 0.01 7 7.84035 0.01
r 20 0.01 8 9.93133 0.01
r 22 0.01 8 9.50959 0.01
r 24 0.01 8 9.09682 0.01
r 26 0.01 8 8.73164 0.01
r 28 0.01 8 8.29323 0.01
r 30 0.01 8 7.79798 0.01
r 32 0.01 8 7.33034 0.01
r 34 0.01 8 6.8672 0.01
r 36 0.01 8 6.44105 0.01
r 38 0.01 8 6.45025 0.01
r 40 0.01 8 5.64011 0.01
r 42 0.01 8 5.06348 0.01
r 44 0.01 8 4.6464 0.01
r 46 0.01 8 4.25648 0.01
r 48 0.01 8 3.79932 0.01
r 50 0.01 8 3.51236 0.01
r 52 0.01 8 3.83929 0.01
r 54 0.01 8 4.36523 0.01
r 56 0.01 8 4.87812 0.01
r 58 0.01 8 5.66436 0.01
r 60 0.01 8 7.34578 0.01
r 62 0.01 8 6.89927 0.01
r 64 0.01 8 6.77076 0.01
r 66 0.01 8 7.24341 0.01
r 68 0.01 8 8.00168 0.01
r 70 0.01 8 8.1395 0.01
r 72 0.01 8 8.58523 0.01
r 74 0.01 8 9.08591 0.01
r 76 0.01 8 9.52118 0.01
r 78 0.01 8 9.96991 0.01
r 80 0.01 8 10.4282 0.01
s 60 2 93
r 20 0.01 0 7.80246 0.01
r 22 0.01 0 7.55857 0.01
r 24 0.01 0 7.32509 0.01
r 26 0.01 0 7.15284 0.01
r 28 0.01 0 6.98682 0.01
r 30 0.01 0 6.7027 0.01
r 32 0.01 0 6.42643 0.01
r 34 0.01 0 6.17206 0.01
r 36 0.01 0 5.92873 0.01
r 38 0.01 0 5.72357 0.01
r 40 0.01 0 5.51354 0.01
r 42 0.01 0 5.23633 0.01
r 44 0.01 0 4.91017 0.01
r 46 0.01 0 4.63432 0.01
r 48 0.01 0 4.41535 0.01
r 50 0.01 0 4.19326 0.01
r 52 0.01 0 3.93739 0.01
r 54 0.01 0 3.65242 0.01
r 56 0.01 0 2.98008 0.01
r 58 0.01 0 1.88195 0.01
r 60 0.01 0 1.3274 0.01
r 62 0.01 0 1.88196 0.01
r 64 0.01 0 2.9801 0.01
r 66 0.01 0 3.75778 0.01
r 68 0.01 0 4.08971 0.01
r 70 0.01 0 4.33935 0.01
r 72 0.01 0 4.62533 0.01
r 74 0.01 0 4.94385 0.01
r 76 0.01 0 5.21967 0.01
r 78 0.01 0 5.58313 0.01
r 80 0.01 0 5.86254 0.01
r 20 0.01 7 8.53054 0.01
r 22 0.01 7 8.28446 0.01
r 24 0.01 7 8.04782 0.01
r 26 0.01 7 7.87146 0.01
r 28 0.01 7 7.72587 0.01
r 30 0.01 7 7.47443 0.01
r 32 0.01 7 7.16174 0.01
r 34 0.01 7 6.90946 0.01
r 36 0.01 7 6.66038 0.01
r 38 0.01 7 6.46061 0.01
r 40 0.01 7 6.25291 0.01
r 42 0.01 7 6.02745 0.01
r 44 0.01 7 5.70242 0.01
r 46 0.01 7 5.38716 0.01
r 48 0.01 7 5.16585 0.01
r 50 0.01 7 4.94862 0.01
r 52 0.01 7 4.72376 0.01
r 54 0.01 7 4.44258 0.01
r 56 0.01 7 4.14194 0.01
r 58 0.01 7 3.70274 0.01
r 60 0.01 7 3.53045 0.01
r 62 0.01 7 3.76054 0.01
r 64 0.01 7 4.28425 0.01
r 66 0.01 7 4.60116 0.01
r 68 0.01 7 4.82418 0.01
r 70 0.01 7 5.09582 0.01
r 72 0.01 7 5.40459 0.01
r 74 0.01 7 5.69767 0.01
r 76 0.01 7 6.00013 0.01
r 78 0.01 7 6.41045 0.01
r 80 0.01 7 6.58208 0.01
r 20 0.01 8 12.1718 0.01
r 22 0.01 8 11.7804 0.01
r 24 0.01 8 11.3843 0.01
r 26 0.01 8 11.0347 0.01
r 28 0.01 8 10.6042 0.01
r 30 0.01 8 10.1386 0.01
r 32 0.01 8 9.69228 0.01
r 34 0.01 8 9.25158 0.01
r 36 0.01 8 8.8558 0.01
r 38 0.01 8 8.43972 0.01
r 40 0.01 8 8.04289 0.01
r 42 0.01 8 7.58533 0.01
r 44 0.01 8 7.14063 0.01
r 46 0.01 8 9.62717 0.01
r 48 0.01 8 8.86958 0.01
r 50 0.01 8 5.90458 0.01
r 52 0.01 8 5.37285 0.01
r 54 0.01 8 4.7448 0.01
r 56 0.01 8 4.41005 0.01
r 58 0.01 8 3.86965 0.01
r 60 0.01 8 3.5324 0.01
r 62 0.01 8 3.86422 0.01
r 64 0.01 8 4.41003 0.01
r 66 0.01 8 4.90447 0.01
r 68 0.01 8 5.96265 0.01
r 70 0.01 8 6.12307 0.01
r 72 0.01 8 6.50505 0.01
r 74 0.01 8 6.99323 0.01
r 76 0.01 8 7.44048 0.01
r 78 0.01 8 7.93854 0.01
r 80 0.01 8 8.41648 0.01
s 70 2 93
r 20 0.01 0 9.1014 0.01
r 22 0.01 0 8.8654 0.01
r 24 0.01 0 8.64643 0.01
r 26 0.01 0 8.48389 0.01
r 28 0.01 0 8.33122 0.01
r 30 0.01 0 8.06283 0.01
r 32 0.01 0 7.79398 0.01
r 34 0.01 0 7.5511 0.01
r 36 0.01 0 7.32112 0.01
r 38 0.01 0 7.12902 0.01
r 40 0.01 0 6.92896 0.01
r 42 0.01 0 6.67445 0.01
r 44 0.01 0 6.36826 0.01
r 46 0.01 0 6.10594 0.01
r 48 0.01 0 5.899 0.01
r 50 0.01 0 5.68814 0.01
r 52 0.01 0 5.45015 0.01
r 54 0.01 0 5.1783 0.01
r 56 0.01 0 4.86907 0.01
r 58 0.01 0 4.57956 0.01
r 60 0.01 0 4.35463 0.01
r 62 0.01 0 4.18694 0.01
r 64 0.01 0 3.76424 0.01
r 66 0.01 0 2.98035 0.01
r 68 0.01 0 1.88212 0.01
r 70 0.01 0 1.32752 0.01
r 72 0.01 0 1.88211 0.01
r 74 0.01 0 2.98033 0.01
r 76 0.01 0 3.75701 0.01
r 78 0.01 0 4.29182 0.01
r 80 0.01 0 4.58451 0.01
r 20 0.01 7 9.90059 0.01
r 22 0.01 7 9.66452 0.01
r 24 0.01 7 9.43612 0.01
r 26 0.01 7 9.26995 0.01
r 28 0.01 7 9.14248 0.01
r 30 0.01 7 8.90807 0.01
r 32 0.01 7 8.61016 0.01
r 34 0.01 7 8.36963 0.01
r 36 0.01 7 8.12314 0.01
r 38 0.01 7 7.93814 0.01
r 40 0.01 7 7.73589 0.01
r 42 0.01 7 7.53389 0.01
r 44 0.01 7 7.22726 0.01
r 46 0.01 7 6.92775 0.01
r 48 0.01 7 6.71533 0.01
r 50 0.01 7 6.51675 0.01
r 52 0.01 7 6.2937 0.01
r 54 0.01 7 6.02903 0.01
r 56 0.01 7 5.7557 0.01
r 58 0.01 7 5.4318 0.01
r 60 0.01 7 5.17389 0.01
r 62 0.01 7 5.0252 0.01
r 64 0.01 7 4.80003 0.01
r 66 0.01 7 4.46162 0.01
r 68 0.01 7 4.01524 0.01
r 70 0.01 7 3.86577 0.01
r 72 0.01 7 4.04526 0.01
r 74 0.01 7 4.48627 0.01
r 76 0.01 7 4.79355 0.01
r 78 0.01 7 5.17725 0.01
r 80 0.01 7 5.41089 0.01
r 20 0.01 8 14.4298 0.01
r 22 0.01 8 14.0592 0.01
r 24 0.01 8 13.6804 0.01
r 26 0.01 8 13.3173 0.01
r 28 0.01 8 12.9172 0.01
r 30 0.01 8 12.4544 0.01
r 32 0.01 8 12.0089 0.01
r 34 0.01 8 11.5797 0.01
r 36 0.01 8 11.1685 0.01
r 38 0.01 8 10.7617 0.01
r 40 0.01 8 10.3725 0.01
r 42 0.01 8 9.92218 0.01
r 44 0.01 8 9.47754 0.01
r 46 0.01 8 9.1086 0.01
r 48 0.01 8 8.66254 0.01
r 50 0.01 8 8.64701 0.01
r 52 0.01 8 8.15722 0.01
r 54 0.01 8 7.66556 0.01
r 56 0.01 8 6.84971 0.01
r 58 0.01 8 6.61844 0.01
r 60 0.01 8 6.63553 0.01
r 62 0.01 8 5.41372 0.01
r 64 0.01 8 4.92404 0.01
r 66 0.01 8 4.70165 0.01
r 68 0.01 8 4.18052 0.01
r 70 0.01 8 3.86681 0.01
r 72 0.01 8 4.1699 0.01
r 74 0.01 8 4.63112 0.01
r 76 0.01 8 5.04718 0.01
r 78 0.01 8 5.4828 0.01
r 80 0.01 8 5.92677 0.01
