63 81 1.5 0.33
0 2 4 6 8 10 12 14 16 18 20 22 24 26 28 30 32 34 36 38 40 42 44 46 48 50 52 54 56 58 60 62 64 66 68 70 72 74 76 78 80 82 84 86 88 90 92 94 96 98 100 102 104 106 108 110 112 114 116 118 120 122 124 
0 0 0 0 0 0 0 0 0 0 0 0 0 0 0 0 0 0 0 0 0 0 0 0 0 0 0 0 0 0 0 0 0 0 0 0 0 0 0 0 0 0 0 0 0 0 0 0 0 0 0 0 0 0 0 0 0 0 0 0 0 0 0 
0 0.2 0.4 0.6 0.8 1 1.2 1.4 1.6 1.8 2 2.2 2.4 2.6 2.8 3 3.2 3.4 3.6 3.8 4 4.2 4.4 4.6 4.8 5 5.2 5.4 5.6 5.8 6 6.2 6.4 6.6 6.8 7 7.2 7.4 7.6 7.8 8 8.2 8.4 8.6 8.8 9 9.2 9.4 9.6 9.8 10 10.2 10.4 10.6 10.8 11 11.2 11.4 11.6 11.8 12 12.2 12.4 12.6 12.8 13 13.2 13.4 13.6 13.8 14 14.2 14.4 14.6 14.8 15 15.2 15.4 15.6 15.8 16 
1.5 1.5 1.5 1.5 1.5 1.5 1.5 1.5 1.5 1.5 1.5 0.932857 0.976778 1.02064 1.06444 1.10803 1.1517 1.19538 1.23891 1.28243 1.32574 1.3692 1.41267 1.4561 1.4995 2.98734 3.00916 3.03097 3.05255 3.07409 3.09538 3.11692 3.13848 3.16002 3.1816 3.2029 3.22451 3.24604 3.26757 3.28911 3.31037 3.33194 3.35333 3.37482 3.39621 3.41759 3.43907 3.46049 3.48198 3.50333 3.5248 3.54635 3.56769 3.58919 3.61073 3.63206 3.65365 3.67504 3.69659 3.71812 3.73951 3.76098 3.78248 3.80405 3.82552 3.84704 3.86858 3.89016 3.91181 3.9333 3.95491 3.97655 3.99808 4.01987 4.04157 4.06269 4.08518 4.10678 4.12818 4.15001 4.17171 
1.5 1.5 1.5 1.5 1.5 1.5 1.5 1.5 1.5 1.5 1.5 0.933961 0.977878 1.02194 1.06584 1.10958 1.15338 1.19701 1.24082 1.28453 1.32803 1.37157 1.41521 1.45875 1.50188 2.99186 3.01372 3.03524 3.0569 3.07858 3.1 3.12161 3.14321 3.16485 3.18661 3.20803 3.22976 3.2513 3.27299 3.29476 3.3162 3.3379 3.35942 3.38106 3.40269 3.42414 3.44573 3.46722 3.48876 3.51027 3.5317 3.55325 3.57456 3.59601 3.61753 3.63873 3.6602 3.68145 3.70289 3.72427 3.74546 3.76679 3.78814 3.80926 3.83081 3.85213 3.87352 3.8949 3.91614 3.93769 3.95912 3.98068 4.00209 4.02344 4.0452 4.06631 4.08845 4.10975 4.13077 4.15305 4.1747 
1.5 1.5 1.5 1.5 1.5 1.5 1.5 1.5 1.5 1.5 1.5 0.934652 0.979019 1.02297 1.06701 1.11085 1.15451 1.19862 1.24226 1.28613 1.3297 1.37308 1.41706 1.46089 1.50399 2.99536 3.01636 3.03886 3.06046 3.08224 3.10351 3.12457 3.14674 3.16839 3.18978 3.21157 3.23292 3.25492 3.27661 3.29806 3.31987 3.34128 3.36332 3.38506 3.40641 3.42839 3.45014 3.47181 3.4935 3.5149 3.5368 3.55857 3.58009 3.60174 3.62322 3.64487 3.66651 3.68793 3.70951 3.73085 3.75232 3.77375 3.79513 3.81654 3.83763 3.85906 3.88035 3.90159 3.92291 3.94381 3.96517 3.98658 4.00775 4.02907 4.04988 4.07153 4.093 4.11404 4.13541 4.15598 4.1773 
1.5 1.5 1.5 1.5 1.5 1.5 1.5 1.5 1.5 1.5 1.5 0.936266 0.980417 1.02451 1.06848 1.11259 1.15669 1.20063 1.24456 1.2882 1.33227 1.37623 1.41986 1.46381 1.50651 3.00278 3.02506 3.04673 3.06837 3.08948 3.11152 3.13316 3.15499 3.17656 3.19792 3.21974 3.2415 3.26303 3.28469 3.30604 3.32781 3.34907 3.37106 3.3927 3.41379 3.43578 3.45698 3.47894 3.50049 3.52164 3.54349 3.56478 3.58654 3.60806 3.62931 3.65096 3.67219 3.69384 3.71503 3.73652 3.758 3.77912 3.8007 3.82206 3.84327 3.86455 3.88557 3.907 3.92809 3.94935 3.97054 3.99154 4.01313 4.0339 4.05581 4.07725 4.09764 4.11959 4.13967 4.16173 4.18333 
1.5 1.5 1.5 1.5 1.5 1.5 1.5 1.5 1.5 1.5 1.5 0.937975 0.982366 1.02616 1.07059 1.11486 1.15918 1.20299 1.24701 1.29123 1.3356 1.37971 1.42291 1.46717 1.51108 3.01152 3.03365 3.05429 3.07628 3.09834 3.12031 3.142 3.16317 3.18496 3.20752 3.22869 3.25044 3.2714 3.29306 3.31559 3.33669 3.35791 3.37933 3.40092 3.42284 3.44434 3.46554 3.48699 3.50845 3.53023 3.55167 3.57301 3.59434 3.61578 3.63754 3.65875 3.68005 3.70133 3.72272 3.74421 3.76532 3.78646 3.80774 3.82911 3.85027 3.87149 3.89254 3.91367 3.93509 3.95613 3.97734 3.99848 4.01966 4.04146 4.06275 4.08434 4.10464 4.12599 4.14874 4.1688 4.19109 
1.5 1.5 1.5 1.5 1.5 1.5 1.5 1.5 1.5 1.5 1.5 0.941171 0.985969 1.03051 1.07521 1.11961 1.164 1.20882 1.25331 1.29813 1.34226 1.38676 1.43121 1.47565 1.52034 3.02674 3.04872 3.0711 3.09273 3.11499 3.13608 3.15788 3.17982 3.20157 3.22377 3.24481 3.26651 3.28802 3.30958 3.33146 3.35242 3.37391 3.39525 3.4166 3.43774 3.45914 3.48044 3.50167 3.52289 3.54386 3.56507 3.5863 3.60726 3.62836 3.64946 3.67029 3.6914 3.71228 3.73329 3.75427 3.7751 3.79604 3.81701 3.83809 3.859 3.8801 3.90114 3.92222 3.94348 3.96451 3.98574 4.00718 4.02853 4.05013 4.07155 4.09327 4.11441 4.13584 4.15807 4.17857 4.20079 
1.5 1.5 1.5 1.5 1.5 1.5 1.5 1.5 1.5 1.5 1.5 0.944895 0.989391 1.0348 1.07982 1.12471 1.16972 1.21425 1.25955 1.30467 1.3493 1.39432 1.43932 1.48345 1.52993 3.04421 3.06581 3.08825 3.11005 3.13155 3.15345 3.17532 3.19726 3.21916 3.24075 3.26231 3.2838 3.30528 3.32668 3.34783 3.36914 3.39031 3.41144 3.43243 3.45324 3.47432 3.49525 3.51615 3.53698 3.55741 3.57836 3.59922 3.61979 3.64048 3.6612 3.68167 3.70242 3.72273 3.74365 3.76435 3.7849 3.80558 3.82634 3.8472 3.86802 3.88898 3.90992 3.93064 3.95212 3.97324 3.99448 4.01592 4.03736 4.05903 4.08055 4.10224 4.12374 4.14521 4.16774 4.18896 4.21062 
1.5 1.5 1.5 1.5 1.5 1.5 1.5 1.5 1.5 1.5 1.5 0.949973 0.995432 1.04079 1.08597 1.13176 1.17725 1.22293 1.26835 1.31353 1.3593 1.40486 1.45048 1.4964 1.54172 3.06668 3.08732 3.11015 3.13192 3.15339 3.1753 3.19709 3.21851 3.24089 3.26243 3.2838 3.30501 3.32627 3.34738 3.36818 3.38917 3.40993 3.43061 3.45122 3.47132 3.49212 3.51253 3.53286 3.55317 3.57285 3.5935 3.61349 3.63382 3.654 3.67419 3.6942 3.71414 3.7346 3.7549 3.77519 3.79544 3.8154 3.83626 3.85686 3.87745 3.89823 3.91904 3.93993 3.96099 3.98202 4.00323 4.02467 4.04605 4.06775 4.08921 4.1109 4.13286 4.15406 4.17669 4.19858 4.21962 
1.5 1.5 1.5 1.5 1.5 1.5 1.5 1.5 1.5 1.5 1.5 0.95652 1.00253 1.04848 1.09435 1.14073 1.18704 1.23344 1.27967 1.32561 1.37222 1.41857 1.46519 1.51056 1.55772 3.09517 3.11547 3.13825 3.15859 3.181 3.20277 3.22439 3.24628 3.26758 3.28928 3.31031 3.331 3.35184 3.37236 3.39258 3.41303 3.43313 3.45328 3.47311 3.49224 3.51262 3.5323 3.55163 3.57156 3.5902 3.6105 3.63015 3.64914 3.6691 3.68863 3.70811 3.72781 3.74698 3.76718 3.78701 3.80687 3.82679 3.84686 3.86706 3.88737 3.90781 3.92832 3.94906 3.96982 3.99073 4.01179 4.03305 4.05437 4.076 4.09748 4.11888 4.14119 4.16234 4.1843 4.20707 4.22778 
1.5 1.5 1.5 1.5 1.5 1.5 1.5 1.5 1.5 1.5 1.5 0.964126 1.01033 1.05752 1.10421 1.15143 1.19867 1.24539 1.29314 1.34015 1.38797 1.43546 1.48304 1.53091 1.5776 3.13095 3.15138 3.172 3.19475 3.21586 3.23745 3.2588 3.28025 3.30165 3.32285 3.34333 3.36322 3.38311 3.40297 3.42365 3.44185 3.46092 3.48014 3.49906 3.51688 3.53657 3.55519 3.57386 3.59247 3.61018 3.62951 3.6482 3.66672 3.68494 3.7036 3.72294 3.74186 3.76078 3.77995 3.79918 3.81842 3.8378 3.85737 3.87666 3.89709 3.91713 3.93724 3.95762 3.97765 3.99874 4.01959 4.04066 4.06176 4.08335 4.10489 4.12599 4.14803 4.16935 4.19071 4.21365 4.23483 
1.5 1.5 1.5 1.5 1.5 1.5 1.5 1.5 1.5 1.5 1.5 0.973309 1.02107 1.06871 1.11669 1.16477 1.21284 1.26141 1.30971 1.3588 1.40752 1.45654 1.50515 1.55475 1.60476 3.17209 3.19308 3.21378 3.23486 3.25635 3.27691 3.29784 3.31878 3.33974 3.36064 3.37948 3.39893 3.41722 3.43589 3.45463 3.47252 3.49102 3.50842 3.52681 3.54355 3.56212 3.57968 3.59727 3.61495 3.63093 3.65009 3.66785 3.68549 3.70339 3.72137 3.73929 3.75741 3.77557 3.79395 3.81254 3.83115 3.84991 3.86884 3.88799 3.90732 3.92684 3.94645 3.96637 3.98635 4.00652 4.02695 4.04771 4.06843 4.08957 4.11099 4.13183 4.15343 4.17478 4.19511 4.218 4.23988 
1.5 1.5 1.5 1.5 1.5 1.5 1.5 1.5 1.5 1.5 1.5 0.985113 1.03374 1.08257 1.13194 1.18109 1.23078 1.2806 1.33051 1.38012 1.43082 1.48121 1.5316 1.58241 1.63286 3.21793 3.2402 3.25937 3.28025 3.30189 3.32223 3.34299 3.36372 3.3842 3.40622 3.42368 3.44172 3.45955 3.47715 3.49647 3.51132 3.52796 3.54464 3.56101 3.57524 3.59334 3.60939 3.62551 3.64168 3.65563 3.67399 3.69041 3.70676 3.72343 3.74024 3.75709 3.77417 3.7913 3.80873 3.82639 3.84414 3.86212 3.88028 3.8987 3.91734 3.93621 3.95519 3.97449 3.99393 4.01354 4.0335 4.05388 4.07424 4.09502 4.11619 4.13698 4.1577 4.17893 4.19876 4.22095 4.24322 
1.5 1.5 1.5 1.5 1.5 1.5 1.5 1.5 1.5 1.5 1.5 0.996561 1.0464 1.09645 1.14714 1.19773 1.24872 1.3001 1.35154 1.4034 1.45534 1.50757 1.55963 1.6125 1.66693 3.28262 3.32322 3.33574 3.35229 3.36993 3.38708 3.40572 3.42454 3.44325 3.464 3.47925 3.49526 3.51037 3.52555 3.5432 3.55534 3.5699 3.58451 3.59888 3.61042 3.62733 3.64149 3.65583 3.67022 3.68189 3.69928 3.71415 3.72913 3.74436 3.75981 3.77544 3.79125 3.80729 3.82365 3.84033 3.8572 3.8743 3.89167 3.90937 3.92726 3.94552 3.96392 3.98265 4.00155 4.02055 4.03981 4.05978 4.07985 4.10031 4.12122 4.14212 4.1624 4.18332 4.20297 4.22224 4.24168 
1.5 1.5 1.5 1.5 1.5 1.5 1.5 1.5 1.5 1.5 1.5 1.00791 1.05887 1.11002 1.16186 1.21387 1.26647 1.31932 1.37225 1.4258 1.47942 1.53332 1.58715 1.64179 1.6992 3.34369 3.39135 3.39921 3.42111 3.44236 3.4615 3.4792 3.49665 3.51399 3.53435 3.54675 3.56044 3.57293 3.58559 3.60103 3.60925 3.621 3.63304 3.64498 3.65274 3.66834 3.68014 3.69215 3.70431 3.71297 3.72906 3.74191 3.75505 3.7686 3.78238 3.79631 3.81071 3.82531 3.84029 3.85566 3.87133 3.88732 3.90371 3.9205 3.9374 3.95481 3.9725 3.99058 4.00892 4.0273 4.04591 4.06545 4.08512 4.10495 4.12524 4.14598 4.16607 4.18693 4.20668 4.22429 4.24183 
1.5 1.5 1.5 1.5 1.5 1.5 1.5 1.5 1.5 1.5 1.5 1.01836 1.07016 1.1226 1.17547 1.22901 1.28267 1.33681 1.39146 1.44666 1.50204 1.55738 1.61316 1.6697 1.72918 3.38128 3.42638 3.43404 3.45774 3.48143 3.50416 3.52647 3.54767 3.56789 3.59038 3.60346 3.61856 3.63126 3.64422 3.66099 3.66901 3.67991 3.69013 3.69975 3.7047 3.71764 3.72646 3.73616 3.74619 3.75183 3.76639 3.77688 3.78779 3.79907 3.81069 3.82262 3.83511 3.8479 3.86118 3.87492 3.889 3.90343 3.91845 3.93388 3.94958 3.96579 3.98242 3.99947 4.01684 4.03432 4.05206 4.0709 4.09002 4.1093 4.12882 4.14884 4.1686 4.18905 4.20883 4.2264 4.24305 
1.5 1.5 1.5 1.5 1.5 1.5 1.5 1.5 1.5 1.5 1.5 1.04443 1.09894 1.15365 1.20935 1.26619 1.32316 1.3806 1.43862 1.49692 1.55588 1.61505 1.67386 1.73473 1.80547 3.4067 3.46904 3.45982 3.48123 3.50508 3.52903 3.55282 3.57618 3.59855 3.62372 3.64083 3.65951 3.67628 3.69201 3.70997 3.71748 3.7286 3.73963 3.7501 3.75642 3.77101 3.78042 3.7885 3.79651 3.79908 3.81076 3.81851 3.82771 3.83699 3.84646 3.85604 3.86643 3.87692 3.88793 3.8995 3.91155 3.92416 3.93725 3.95077 3.96466 3.97918 3.99431 4.00994 4.02603 4.04241 4.05904 4.07702 4.09538 4.11403 4.13273 4.1523 4.17226 4.1919 4.21183 4.22972 4.24467 
1.5 1.5 1.5 1.5 1.5 1.5 1.5 1.5 1.5 1.5 1.5 1.03459 1.08816 1.14264 1.19805 1.25372 1.30995 1.36673 1.42399 1.48238 1.54066 1.59945 1.65954 1.72072 1.79128 3.46286 3.60027 3.53815 3.56135 3.57959 3.59654 3.61457 3.63301 3.65146 3.6735 3.68909 3.70564 3.71798 3.73437 3.75526 3.7661 3.77872 3.7894 3.80017 3.80658 3.81827 3.82524 3.83381 3.84263 3.84712 3.86077 3.86855 3.87485 3.88095 3.88663 3.89052 3.90097 3.90928 3.91808 3.92733 3.93697 3.94714 3.95778 3.96931 3.98081 3.99375 4.00693 4.02129 4.03597 4.05117 4.06668 4.08352 4.10085 4.11882 4.13736 4.15653 4.17652 4.19599 4.21811 4.23644 4.24929 
1.5 1.5 1.5 1.5 1.5 1.5 1.5 1.5 1.5 1.5 1.5 1.03811 1.09186 1.14633 1.20212 1.25744 1.31356 1.37043 1.42754 1.48537 1.5438 1.60228 1.66104 1.72108 1.78441 3.43351 3.48656 3.48586 3.51712 3.54877 3.57837 3.60738 3.63535 3.66211 3.68961 3.70965 3.73199 3.75112 3.76907 3.7889 3.80102 3.81743 3.83463 3.84961 3.86304 3.86846 3.8787 3.88758 3.89471 3.89649 3.90704 3.91309 3.92001 3.92835 3.93582 3.94286 3.94729 3.95139 3.95559 3.96182 3.96919 3.97736 3.98601 3.99207 4.00511 4.01562 4.02614 4.03838 4.05161 4.06563 4.08 4.09633 4.11274 4.12974 4.1464 4.16312 4.18036 4.19876 4.21959 4.23622 4.25412 
1.5 1.5 1.5 1.5 1.5 1.5 1.5 1.5 1.5 1.5 1.5 1.04007 1.094 1.14859 1.2041 1.25991 1.31657 1.37377 1.43102 1.48901 1.54782 1.60663 1.66552 1.72593 1.78995 3.40994 3.45528 3.46216 3.48951 3.51786 3.54711 3.57523 3.60231 3.63032 3.65965 3.68785 3.71702 3.74342 3.76951 3.79726 3.8182 3.84113 3.86136 3.87864 3.89597 3.91488 3.92479 3.93146 3.94166 3.94617 3.95392 3.96184 3.96891 3.97382 3.9775 3.9813 3.98837 3.99599 4.00389 4.00778 4.01033 4.01383 4.01952 4.02737 4.0352 4.04389 4.05256 4.06221 4.07288 4.08412 4.09589 4.11038 4.1257 4.14158 4.15378 4.17362 4.18936 4.20512 4.22369 4.23823 4.25778 
1.5 1.5 1.5 1.5 1.5 1.5 1.5 1.5 1.5 1.5 1.5 1.04025 1.09405 1.14885 1.20416 1.26026 1.31661 1.37367 1.43147 1.48948 1.5482 1.60717 1.66657 1.72705 1.7903 3.4006 3.45841 3.44981 3.47655 3.50361 3.53011 3.55841 3.58437 3.61189 3.63919 3.66642 3.69419 3.72129 3.7531 3.77812 3.8029 3.83176 3.85875 3.88188 3.90546 3.92797 3.96098 3.98666 3.98999 3.998 4.01532 4.01567 4.01454 4.02125 4.02746 4.03735 4.03758 4.03768 4.03907 4.04456 4.05101 4.05899 4.06048 4.05898 4.06165 4.07145 4.07442 4.08202 4.09071 4.10024 4.11431 4.12685 4.14021 4.15172 4.17078 4.18127 4.19742 4.21313 4.23524 4.25313 4.26832 
1.5 1.5 1.5 1.5 1.5 1.5 1.5 1.5 1.5 1.5 1.5 1.05026 1.10539 1.16104 1.21771 1.2752 1.33303 1.3916 1.45068 1.51179 1.57223 1.63286 1.69322 1.75457 1.8214 3.39081 3.45933 3.43737 3.46575 3.49115 3.51814 3.54483 3.57016 3.59634 3.62298 3.6497 3.67702 3.70109 3.72747 3.75521 3.78348 3.81385 3.83878 3.86503 3.88972 3.92113 3.94333 3.96953 4.00477 4.02515 4.0482 4.06112 4.05898 4.06995 4.07768 4.07939 4.08246 4.08821 4.09183 4.0891 4.08497 4.0893 4.09607 4.10681 4.10737 4.10471 4.10831 4.11414 4.12037 4.12797 4.13688 4.14807 4.16055 4.17316 4.18648 4.20026 4.21471 4.22969 4.2452 4.26046 4.27563 
1.5 1.5 1.5 1.5 1.5 1.5 1.5 1.5 1.5 1.5 1.5 1.03939 1.09313 1.1479 1.20308 1.25934 1.31623 1.37331 1.43095 1.48873 1.54801 1.6076 1.66761 1.72903 1.7964 3.40832 3.53966 3.46405 3.48836 3.51057 3.5324 3.55522 3.5768 3.6009 3.62627 3.65095 3.6733 3.69171 3.71549 3.74056 3.76592 3.79192 3.82143 3.85139 3.87009 3.89749 3.92089 3.94221 3.97137 4.00898 4.01724 4.06339 4.05571 4.06913 4.0868 4.0999 4.11353 4.11431 4.11672 4.12956 4.13466 4.12481 4.12569 4.12969 4.14078 4.15451 4.14746 4.14572 4.15025 4.15558 4.16216 4.17206 4.1789 4.19007 4.20196 4.21463 4.22746 4.24 4.25441 4.27391 4.28682 
1.5 1.5 1.5 1.5 1.5 1.5 1.5 1.5 1.5 1.5 1.5 1.03862 1.09214 1.14679 1.20191 1.25788 1.31411 1.37081 1.42835 1.48608 1.54437 1.60289 1.66178 1.72206 1.78703 3.38893 3.45218 3.43461 3.46471 3.49463 3.52003 3.54594 3.57294 3.59843 3.62266 3.64486 3.66687 3.68866 3.71372 3.73752 3.76071 3.78544 3.81053 3.8412 3.86299 3.88646 3.91404 3.93087 3.95867 3.98996 4.00565 4.02983 4.04868 4.06296 4.07855 4.09612 4.10836 4.12436 4.13732 4.13887 4.14575 4.16456 4.16179 4.15225 4.15581 4.16575 4.19057 4.17436 4.17369 4.17887 4.18546 4.19032 4.20439 4.2148 4.22579 4.23621 4.2485 4.25913 4.27318 4.28844 4.30355 
1.5 1.5 1.5 1.5 1.5 1.5 1.5 1.5 1.5 1.5 1.5 1.0382 1.09185 1.14618 1.20153 1.25704 1.31348 1.37032 1.42747 1.48527 1.54344 1.60182 1.66051 1.72057 1.78628 3.38092 3.44606 3.42726 3.45432 3.48183 3.50886 3.53519 3.56034 3.58696 3.61434 3.63974 3.66554 3.689 3.71318 3.73723 3.76099 3.78478 3.80648 3.83558 3.85862 3.8827 3.9056 3.9243 3.96019 3.9811 3.99584 4.01471 4.03114 4.06855 4.07004 4.08375 4.11261 4.12485 4.13712 4.16015 4.15814 4.16027 4.18965 4.18145 4.18388 4.1826 4.20353 4.20917 4.19407 4.19934 4.20452 4.21392 4.22436 4.23342 4.24325 4.25275 4.26368 4.27312 4.28498 4.29861 4.3152 
1.5 1.5 1.5 1.5 1.5 1.5 1.5 1.5 1.5 1.5 1.5 1.03799 1.09146 1.14588 1.20107 1.25693 1.31318 1.36983 1.42719 1.48417 1.54348 1.60207 1.66125 1.72183 1.78785 3.38701 3.49422 3.43365 3.45901 3.48479 3.50951 3.53632 3.56156 3.58687 3.61306 3.63732 3.66158 3.6822 3.70856 3.73643 3.76103 3.78537 3.81312 3.84055 3.85784 3.87999 3.90428 3.92926 3.95031 3.97123 3.98661 4.00796 4.02187 4.05455 4.07904 4.07553 4.09684 4.13527 4.13066 4.16064 4.16712 4.17387 4.19766 4.18255 4.19296 4.209 4.22181 4.22286 4.20638 4.21228 4.21747 4.22628 4.23628 4.24204 4.25582 4.26545 4.27521 4.28325 4.29459 4.30756 4.32457 
1.5 1.5 1.5 1.5 1.5 1.5 1.5 1.5 1.5 1.5 1.5 1.05059 1.10577 1.16128 1.21804 1.27525 1.33295 1.39157 1.4505 1.51066 1.57095 1.63164 1.69168 1.75403 1.82131 3.37988 3.46069 3.42764 3.45306 3.47854 3.50311 3.52968 3.55577 3.58166 3.60788 3.63307 3.65827 3.67936 3.70357 3.72981 3.75729 3.78682 3.81217 3.83498 3.86584 3.8945 3.90874 3.92511 3.949 3.96146 3.98746 4.00892 4.02226 4.04744 4.08662 4.07486 4.09239 4.13271 4.13716 4.15702 4.17315 4.16854 4.21468 4.18226 4.18845 4.20511 4.25393 4.21795 4.21125 4.2168 4.22246 4.23095 4.24147 4.2503 4.26107 4.27025 4.27987 4.28716 4.29876 4.31112 4.32851 
1.5 1.5 1.5 1.5 1.5 1.5 1.5 1.5 1.5 1.5 1.5 1.03886 1.09251 1.14694 1.20236 1.25825 1.31479 1.37157 1.42896 1.48707 1.54555 1.60447 1.66357 1.72412 1.79049 3.3863 3.49289 3.43277 3.45829 3.48371 3.50864 3.53518 3.5605 3.58602 3.61196 3.63644 3.66089 3.68172 3.7079 3.73538 3.76096 3.78513 3.81299 3.84063 3.85856 3.88173 3.90561 3.93013 3.95098 3.97263 3.9876 4.01015 4.02396 4.05383 4.08315 4.07742 4.09863 4.13699 4.13208 4.16283 4.16843 4.17558 4.19921 4.18383 4.19491 4.21098 4.22363 4.22527 4.20857 4.21464 4.21987 4.22885 4.2391 4.24859 4.25914 4.26877 4.27851 4.28257 4.29862 4.31113 4.32699 
1.5 1.5 1.5 1.5 1.5 1.5 1.5 1.5 1.5 1.5 1.5 1.03978 1.09353 1.14807 1.20338 1.25951 1.31579 1.37286 1.43031 1.48822 1.54679 1.60565 1.66428 1.72447 1.78991 3.37952 3.44449 3.42617 3.45328 3.48074 3.50775 3.53388 3.55928 3.58581 3.61308 3.63863 3.66457 3.68813 3.71233 3.73763 3.76065 3.78464 3.80645 3.83486 3.85718 3.88297 3.90638 3.92507 3.9596 3.97996 3.99642 4.01606 4.03186 4.06639 4.075 4.08555 4.11443 4.12646 4.13986 4.16299 4.16078 4.16323 4.19272 4.1848 4.18742 4.18569 4.20717 4.21287 4.19828 4.20372 4.20912 4.21888 4.22955 4.23892 4.24881 4.25874 4.26984 4.27972 4.29179 4.30491 4.32088 
1.5 1.5 1.5 1.5 1.5 1.5 1.5 1.5 1.5 1.5 1.5 1.04069 1.09463 1.14926 1.20485 1.2608 1.31732 1.37454 1.43211 1.49013 1.54892 1.60795 1.66682 1.72719 1.79255 3.38675 3.44935 3.43272 3.46285 3.49187 3.51813 3.5445 3.57152 3.59711 3.62176 3.64395 3.66617 3.68812 3.7133 3.73659 3.75987 3.78477 3.80988 3.84045 3.86139 3.88672 3.91443 3.93058 3.95828 3.9895 4.00727 4.03019 4.04701 4.06794 4.08073 4.09854 4.11177 4.1284 4.14106 4.14269 4.15008 4.16898 4.16447 4.15754 4.16154 4.17171 4.19672 4.18062 4.1804 4.18581 4.19267 4.20262 4.21238 4.22299 4.23398 4.24518 4.25748 4.26852 4.28261 4.29694 4.31165 
1.5 1.5 1.5 1.5 1.5 1.5 1.5 1.5 1.5 1.5 1.5 1.04195 1.09595 1.15101 1.20679 1.26325 1.32026 1.37772 1.43579 1.49443 1.554 1.61363 1.67402 1.73554 1.80286 3.40453 3.52517 3.46124 3.48618 3.50855 3.53106 3.55408 3.57644 3.60056 3.62574 3.65037 3.67448 3.69373 3.71759 3.74227 3.76633 3.79276 3.82115 3.84925 3.87 3.89741 3.9207 3.94142 3.97013 4.00083 4.01047 4.0503 4.05655 4.06863 4.08305 4.09646 4.10911 4.11547 4.11846 4.12883 4.1336 4.12838 4.13006 4.1341 4.1458 4.15977 4.15332 4.15152 4.15687 4.16353 4.17077 4.18077 4.19212 4.2046 4.21653 4.2293 4.2433 4.25716 4.27266 4.28755 4.30089 
1.5 1.5 1.5 1.5 1.5 1.5 1.5 1.5 1.5 1.5 1.5 1.0528 1.10815 1.16398 1.22096 1.27854 1.33656 1.39542 1.45477 1.51489 1.5759 1.63706 1.69751 1.75988 1.82624 3.39206 3.46128 3.44088 3.46718 3.49327 3.51936 3.54602 3.57132 3.59796 3.62409 3.65062 3.67713 3.70089 3.7277 3.75377 3.782 3.80991 3.83525 3.85944 3.8856 3.91219 3.93166 3.95617 3.98844 4.00771 4.03309 4.04972 4.04899 4.06058 4.06977 4.07366 4.07895 4.08655 4.09233 4.09342 4.09272 4.09705 4.10531 4.11626 4.11854 4.11552 4.11977 4.12279 4.13306 4.1375 4.14964 4.16139 4.17391 4.18714 4.20027 4.2141 4.22911 4.24464 4.2599 4.27594 4.29065 
1.5 1.5 1.5 1.5 1.5 1.5 1.5 1.5 1.5 1.5 1.5 1.04283 1.09683 1.15181 1.20747 1.26378 1.32074 1.378 1.43607 1.49462 1.55364 1.61276 1.67256 1.7333 1.79892 3.39625 3.4554 3.44719 3.47413 3.50053 3.52789 3.55607 3.58206 3.60935 3.63671 3.66393 3.69215 3.71929 3.74821 3.77617 3.80086 3.82615 3.8513 3.87788 3.90174 3.92459 3.95835 3.97677 3.9897 4.00053 4.01145 4.01339 4.01836 4.02544 4.03275 4.04114 4.04489 4.04709 4.04943 4.0559 4.06404 4.07184 4.07372 4.07462 4.07901 4.08601 4.09315 4.10073 4.10973 4.11935 4.12978 4.14237 4.1558 4.17048 4.18588 4.20142 4.21679 4.23199 4.24867 4.26494 4.28167 
1.5 1.5 1.5 1.5 1.5 1.5 1.5 1.5 1.5 1.5 1.5 1.04253 1.09661 1.15156 1.20776 1.26369 1.32051 1.378 1.43578 1.49426 1.55341 1.6125 1.67212 1.73324 1.79889 3.40405 3.44807 3.45742 3.48522 3.51339 3.54306 3.57131 3.59903 3.62748 3.65712 3.68557 3.71497 3.74177 3.7685 3.79685 3.81852 3.84279 3.86442 3.88294 3.90116 3.92043 3.93158 3.93974 3.95566 3.95644 3.96482 3.9733 3.98078 3.98614 3.99066 3.99497 4.00203 4.00976 4.0178 4.02197 4.0247 4.0283 4.03391 4.0418 4.04649 4.05869 4.0676 4.0772 4.08814 4.09931 4.11162 4.12262 4.14197 4.15818 4.17515 4.19067 4.20665 4.22303 4.2415 4.25981 4.27746 
1.5 1.5 1.5 1.5 1.5 1.5 1.5 1.5 1.5 1.5 1.5 1.04015 1.094 1.14878 1.20421 1.26038 1.31687 1.37411 1.43152 1.48966 1.54853 1.60739 1.66672 1.72746 1.79255 3.42809 3.48018 3.48132 3.51308 3.54483 3.57488 3.60382 3.63192 3.65904 3.6863 3.70728 3.73028 3.74999 3.7692 3.78954 3.80274 3.81974 3.83745 3.8531 3.86196 3.87494 3.88636 3.89603 3.90379 3.9073 3.91827 3.92549 3.93359 3.9417 3.95071 3.95854 3.96337 3.96764 3.97245 3.97623 3.98687 3.99499 4.00381 4.0135 4.02339 4.03398 4.04467 4.05689 4.07026 4.08456 4.09901 4.11526 4.13188 4.14876 4.16615 4.18264 4.20014 4.21878 4.2393 4.25896 4.27541 
1.5 1.5 1.5 1.5 1.5 1.5 1.5 1.5 1.5 1.5 1.5 1.03663 1.0903 1.14512 1.20058 1.25658 1.31305 1.37005 1.42757 1.486 1.54492 1.60412 1.66459 1.72597 1.79382 3.45643 3.59305 3.53205 3.55606 3.57467 3.59298 3.61097 3.6299 3.64896 3.67136 3.68759 3.70514 3.71831 3.73574 3.75703 3.76905 3.78302 3.79502 3.80715 3.81494 3.82719 3.83562 3.84527 3.85509 3.86117 3.87553 3.88441 3.89149 3.89807 3.90295 3.91155 3.91991 3.92866 3.93796 3.94735 3.95724 3.96745 3.97579 3.99011 4.00197 4.01456 4.02797 4.04226 4.05702 4.07227 4.08784 4.10483 4.12252 4.13783 4.15931 4.17839 4.19864 4.21913 4.24025 4.25949 4.27308 
1.5 1.5 1.5 1.5 1.5 1.5 1.5 1.5 1.5 1.5 1.5 1.04617 1.10075 1.15569 1.2118 1.26839 1.32555 1.38325 1.4415 1.50005 1.55942 1.61905 1.67777 1.73841 1.80341 3.40242 3.46438 3.45585 3.4779 3.50195 3.52651 3.5503 3.57413 3.5972 3.62263 3.64088 3.66027 3.67769 3.69468 3.71348 3.72236 3.73471 3.74691 3.75833 3.76618 3.78149 3.79223 3.80168 3.8103 3.81433 3.82694 3.83564 3.84536 3.85537 3.86562 3.87604 3.88679 3.89774 3.90928 3.92121 3.93361 3.94641 3.95992 3.97362 3.98778 4.00261 4.01778 4.03353 4.04974 4.06628 4.08312 4.1013 4.11985 4.13865 4.15774 4.17714 4.1973 4.21682 4.2373 4.25596 4.27101 
1.5 1.5 1.5 1.5 1.5 1.5 1.5 1.5 1.5 1.5 1.5 1.01984 1.07165 1.12424 1.17748 1.23088 1.28492 1.33922 1.39403 1.4494 1.50502 1.56072 1.61671 1.67331 1.73293 3.37965 3.42536 3.43225 3.45653 3.48041 3.50353 3.52617 3.54793 3.56829 3.59106 3.60508 3.62115 3.63445 3.64831 3.6659 3.67501 3.687 3.69825 3.70909 3.71534 3.72912 3.74142 3.74986 3.76071 3.76782 3.78318 3.79463 3.80639 3.81853 3.83099 3.84372 3.85697 3.87028 3.88421 3.8985 3.91305 3.92796 3.94353 3.95931 3.97551 3.99202 4.00892 4.02625 4.04386 4.06162 4.07961 4.0988 4.11811 4.13759 4.15745 4.17761 4.19782 4.21823 4.23848 4.25648 4.27277 
1.5 1.5 1.5 1.5 1.5 1.5 1.5 1.5 1.5 1.5 1.5 1.00934 1.06023 1.11169 1.16362 1.21587 1.26851 1.32142 1.37468 1.42829 1.4823 1.53637 1.59053 1.6454 1.70287 3.34586 3.39728 3.40103 3.42337 3.44455 3.46443 3.48245 3.5003 3.51792 3.53842 3.55158 3.56598 3.57889 3.59232 3.60847 3.6176 3.63028 3.64324 3.65603 3.66506 3.6812 3.69401 3.70688 3.72007 3.7298 3.74672 3.76049 3.77243 3.78896 3.80361 3.8184 3.8336 3.84901 3.86466 3.88086 3.89709 3.91372 3.93097 3.94813 3.96567 3.98362 4.00181 4.01924 4.03914 4.05794 4.07692 4.09692 4.11685 4.13701 4.15781 4.17883 4.19927 4.22043 4.24032 4.25821 4.27649 
1.5 1.5 1.5 1.5 1.5 1.5 1.5 1.5 1.5 1.5 1.5 0.997998 1.04791 1.09817 1.14881 1.19979 1.25086 1.30245 1.35405 1.40605 1.45828 1.51069 1.56296 1.61606 1.67083 3.28743 3.32897 3.34016 3.35693 3.37459 3.39255 3.41143 3.43062 3.44938 3.47033 3.48633 3.503 3.51849 3.53437 3.55247 3.56544 3.58081 3.59614 3.61141 3.62381 3.6415 3.65661 3.67175 3.68572 3.69984 3.71807 3.73386 3.74978 3.76596 3.78238 3.79877 3.81557 3.83247 3.84976 3.86727 3.8849 3.90277 3.92102 3.93934 3.95795 3.97689 3.99598 4.01535 4.03487 4.05441 4.07425 4.09479 4.11533 4.13639 4.15787 4.17925 4.19992 4.22123 4.24116 4.26105 4.2813 
1.5 1.5 1.5 1.5 1.5 1.5 1.5 1.5 1.5 1.5 1.5 0.986521 1.0353 1.08437 1.13326 1.18337 1.23311 1.28309 1.33329 1.38357 1.43403 1.48463 1.53533 1.58656 1.63946 3.22583 3.24812 3.26686 3.28797 3.30933 3.33047 3.35141 3.37231 3.39293 3.415 3.43316 3.45176 3.4699 3.48801 3.50592 3.52337 3.54073 3.55804 3.57523 3.59023 3.60909 3.626 3.64289 3.66005 3.67498 3.69416 3.71145 3.72868 3.74625 3.76398 3.78169 3.79967 3.8177 3.83604 3.85464 3.87323 3.8912 3.91114 3.93044 3.94987 3.96961 3.98946 4.00958 4.02984 4.05021 4.07095 4.09212 4.11311 4.13458 4.15646 4.17813 4.19937 4.22104 4.24151 4.26443 4.28739 
1.5 1.5 1.5 1.5 1.5 1.5 1.5 1.5 1.5 1.5 1.5 0.97518 1.02298 1.07086 1.11908 1.1673 1.21564 1.26428 1.3129 1.36216 1.4111 1.46031 1.50919 1.55865 1.60828 3.18336 3.20447 3.22499 3.24636 3.26785 3.28922 3.31038 3.33158 3.35256 3.37472 3.39372 3.41318 3.43229 3.45135 3.47014 3.48887 3.50738 3.52585 3.54423 3.56089 3.58055 3.59868 3.61682 3.6352 3.6518 3.67174 3.69017 3.70862 3.7273 3.74609 3.7649 3.78393 3.80299 3.82234 3.84189 3.86145 3.88114 3.9011 3.9213 3.94154 3.96208 3.9827 4.00355 4.02452 4.04558 4.06696 4.08849 4.11011 4.13208 4.15432 4.17617 4.19823 4.22037 4.24139 4.26504 4.28778 
1.5 1.5 1.5 1.5 1.5 1.5 1.5 1.5 1.5 1.5 1.5 0.966599 1.01349 1.06048 1.10784 1.15499 1.20258 1.24996 1.2977 1.34548 1.3931 1.44096 1.48874 1.53667 1.58542 3.14377 3.16438 3.18602 3.20762 3.2294 3.25099 3.27248 3.29405 3.31547 3.33772 3.35774 3.37804 3.39815 3.4182 3.43923 3.45781 3.47741 3.497 3.51651 3.5348 3.55513 3.57436 3.59366 3.6131 3.63112 3.65166 3.6711 3.6906 3.71012 3.72921 3.74947 3.76933 3.78921 3.80932 3.82959 3.84989 3.87025 3.89087 3.91173 3.93263 3.95374 3.97492 3.99631 4.01783 4.03943 4.06129 4.0832 4.10526 4.12762 4.1501 4.17223 4.19479 4.21702 4.23912 4.26297 4.28524 
1.5 1.5 1.5 1.5 1.5 1.5 1.5 1.5 1.5 1.5 1.5 0.959254 1.0055 1.05182 1.09831 1.14474 1.19143 1.23804 1.28481 1.33095 1.37817 1.42505 1.47184 1.51876 1.56665 3.10863 3.12894 3.15153 3.17332 3.19543 3.21719 3.23903 3.26095 3.28274 3.30509 3.32584 3.34695 3.36792 3.38881 3.41036 3.43019 3.45071 3.47123 3.49164 3.51121 3.53219 3.55235 3.57259 3.59299 3.61222 3.63327 3.65353 3.67343 3.69413 3.71453 3.73494 3.75549 3.77601 3.79674 3.81757 3.83841 3.85927 3.88042 3.90172 3.923 3.94456 3.96609 3.98782 4.00969 4.03162 4.05375 4.0759 4.0982 4.1207 4.14325 4.16565 4.18829 4.2105 4.23369 4.25723 4.27928 
1.5 1.5 1.5 1.5 1.5 1.5 1.5 1.5 1.5 1.5 1.5 0.953543 0.999309 1.04511 1.09102 1.13688 1.18276 1.22884 1.27482 1.32087 1.36682 1.41299 1.45897 1.50517 1.55203 3.07923 3.10004 3.12286 3.14488 3.16641 3.18909 3.2111 3.23321 3.25521 3.27759 3.2989 3.32053 3.34205 3.36351 3.38546 3.40614 3.42728 3.44845 3.46956 3.4901 3.51152 3.53238 3.55334 3.57434 3.59461 3.61601 3.63691 3.65778 3.67874 3.69969 3.72064 3.7417 3.76271 3.78389 3.80512 3.82636 3.84762 3.8691 3.8907 3.91228 3.93409 3.95582 3.97774 3.9998 4.02186 4.0441 4.06641 4.08874 4.11125 4.13374 4.15624 4.17872 4.20103 4.22472 4.24767 4.27018 
1.5 1.5 1.5 1.5 1.5 1.5 1.5 1.5 1.5 1.5 1.5 0.949185 0.99456 1.03993 1.0854 1.13089 1.17628 1.22179 1.2672 1.31274 1.3582 1.40387 1.44923 1.49492 1.54099 3.05536 3.07706 3.09963 3.12163 3.1438 3.16576 3.18776 3.20987 3.23192 3.25369 3.2758 3.29769 3.31944 3.34118 3.36325 3.3845 3.40604 3.42765 3.44921 3.47045 3.49219 3.51357 3.53507 3.55655 3.57758 3.59927 3.62069 3.64205 3.66349 3.6849 3.70628 3.72776 3.74915 3.77067 3.79223 3.81376 3.83528 3.857 3.87876 3.90053 3.92247 3.94426 3.96624 3.98833 4.01037 4.03258 4.05487 4.07713 4.09958 4.12198 4.14431 4.16642 4.1888 4.2122 4.23434 4.25726 
1.5 1.5 1.5 1.5 1.5 1.5 1.5 1.5 1.5 1.5 1.5 0.946169 0.991273 1.03639 1.08146 1.12662 1.17159 1.21675 1.26196 1.30728 1.35226 1.39747 1.44251 1.48756 1.53281 3.03491 3.05712 3.07944 3.10143 3.12353 3.14544 3.16741 3.1895 3.21154 3.23375 3.2555 3.27754 3.29941 3.32133 3.34339 3.36508 3.38688 3.40876 3.43063 3.4523 3.47425 3.49597 3.51783 3.53964 3.56122 3.5831 3.60489 3.6266 3.64837 3.67013 3.6918 3.71357 3.73523 3.757 3.77879 3.80049 3.82219 3.84403 3.86587 3.8877 3.90964 3.9314 3.95335 3.97534 3.99724 4.01929 4.04145 4.06348 4.08573 4.10796 4.13008 4.15189 4.17407 4.19685 4.21838 4.24122 
1.5 1.5 1.5 1.5 1.5 1.5 1.5 1.5 1.5 1.5 1.5 0.944234 0.989134 1.03405 1.07909 1.12382 1.1688 1.21361 1.25857 1.30319 1.34839 1.39334 1.43817 1.48298 1.52786 3.01721 3.03956 3.06163 3.08357 3.10497 3.1274 3.14931 3.17132 3.19333 3.2154 3.23726 3.25935 3.28128 3.30329 3.32538 3.34732 3.36926 3.39131 3.41335 3.4353 3.45734 3.47926 3.50132 3.52331 3.54523 3.56719 3.58919 3.6111 3.63305 3.65501 3.67685 3.69878 3.72059 3.7425 3.76441 3.78619 3.80797 3.82985 3.8517 3.87351 3.89537 3.91709 3.93895 3.96082 3.98255 4.0044 4.0264 4.04821 4.0702 4.09219 4.11409 4.13576 4.15769 4.17982 4.20118 4.22353 
1.5 1.5 1.5 1.5 1.5 1.5 1.5 1.5 1.5 1.5 1.5 0.94328 0.988103 1.03289 1.07751 1.12248 1.16743 1.2122 1.25695 1.30187 1.34653 1.39137 1.43613 1.48089 1.52565 3.00252 3.02482 3.04663 3.06849 3.09041 3.11208 3.13386 3.15576 3.17766 3.19957 3.22141 3.24343 3.26529 3.28728 3.30928 3.33126 3.35321 3.37527 3.39733 3.41937 3.44138 3.46335 3.48544 3.50747 3.52951 3.55147 3.57353 3.59548 3.61749 3.63951 3.66139 3.68336 3.70522 3.72716 3.74909 3.77088 3.79266 3.81452 3.83635 3.85808 3.87984 3.9015 3.92327 3.94501 3.96661 3.9883 4.01013 4.03175 4.0535 4.07527 4.09694 4.11862 4.14031 4.16191 4.18341 4.20504 
1.5 1.5 1.5 1.5 1.5 1.5 1.5 1.5 1.5 1.5 1.5 0.943064 0.987892 1.03271 1.07738 1.12231 1.16715 1.21191 1.25665 1.30151 1.34618 1.39096 1.43576 1.48052 1.52529 2.98978 3.01186 3.03345 3.05519 3.07685 3.0985 3.12014 3.14188 3.16365 3.18544 3.20715 3.22904 3.25079 3.27269 3.29459 3.31649 3.33835 3.36032 3.3823 3.40428 3.42618 3.44808 3.47008 3.49204 3.51405 3.53593 3.55792 3.5798 3.60175 3.62372 3.64555 3.66746 3.68927 3.71117 3.73305 3.75478 3.77651 3.79832 3.8201 3.84173 3.8634 3.88499 3.90669 3.92832 3.94982 3.97139 3.99308 4.01457 4.03612 4.05772 4.07921 4.10095 4.12244 4.14372 4.16531 4.18625 
1.5 1.5 1.5 1.5 1.5 1.5 1.5 1.5 1.5 1.5 1.5 0.943482 0.988415 1.03326 1.07815 1.123 1.16773 1.21262 1.25738 1.30228 1.34702 1.3918 1.43667 1.48145 1.52555 2.97872 3.00043 3.02185 3.04342 3.06491 3.08641 3.10787 3.12944 3.15104 3.17241 3.1942 3.21591 3.2375 3.25925 3.28096 3.30272 3.32441 3.34622 3.36804 3.38987 3.41161 3.43334 3.45518 3.477 3.49885 3.52058 3.54243 3.56416 3.58598 3.60782 3.62952 3.65132 3.67302 3.69482 3.71659 3.73823 3.75989 3.78162 3.80332 3.82485 3.84645 3.868 3.88962 3.91119 3.93262 3.95411 3.97569 3.99711 4.01853 4.03999 4.06136 4.08313 4.10448 4.12564 4.14718 4.16764 
1.5 1.5 1.5 1.5 1.5 1.5 1.5 1.5 1.5 1.5 1.5 0.94431 0.989266 1.03423 1.07907 1.12414 1.16903 1.21395 1.2589 1.30388 1.34867 1.39352 1.43858 1.48338 1.52775 2.96903 2.99039 3.01168 3.03308 3.05443 3.07572 3.09701 3.11839 3.13981 3.1612 3.18259 3.20408 3.22548 3.24703 3.26856 3.29007 3.31154 3.33313 3.35473 3.37632 3.39785 3.41937 3.44098 3.4626 3.48421 3.50576 3.52739 3.54891 3.57054 3.59217 3.61368 3.63531 3.65684 3.67847 3.70008 3.72157 3.7431 3.7647 3.7863 3.80772 3.82926 3.85074 3.87229 3.8938 3.91521 3.93668 3.95817 3.97957 4.00096 4.02236 4.04367 4.06541 4.08671 4.10795 4.12952 4.15021 
1.5 1.5 1.5 1.5 1.5 1.5 1.5 1.5 1.5 1.5 1.5 0.945423 0.990459 1.03554 1.08071 1.12568 1.17076 1.21576 1.26089 1.30584 1.351 1.39601 1.44123 1.48619 1.53125 2.96011 2.9812 3.00235 3.02354 3.04465 3.06582 3.08692 3.10811 3.12933 3.15055 3.17171 3.19298 3.21417 3.2355 3.25683 3.27807 3.29931 3.32066 3.34204 3.36337 3.38469 3.40599 3.42738 3.44879 3.47016 3.49152 3.51294 3.53426 3.55568 3.57712 3.59844 3.61989 3.64124 3.66269 3.68413 3.70548 3.72685 3.74831 3.76977 3.79109 3.81255 3.83393 3.85538 3.87682 3.89817 3.91962 3.94101 3.96235 3.98372 4.00509 4.02633 4.04793 4.06919 4.0905 4.11203 4.13325 
1.5 1.5 1.5 1.5 1.5 1.5 1.5 1.5 1.5 1.5 1.5 0.94677 0.991971 1.03719 1.08252 1.12753 1.17282 1.21805 1.26331 1.30847 1.35382 1.39905 1.44442 1.48964 1.53488 2.95195 2.97285 2.99386 3.01486 3.03581 3.05677 3.07768 3.09868 3.11971 3.14075 3.16167 3.18272 3.20369 3.22479 3.24573 3.26687 3.28787 3.30899 3.33013 3.3512 3.37232 3.39339 3.41456 3.43576 3.45691 3.47809 3.49931 3.52043 3.54167 3.56291 3.58407 3.60535 3.62653 3.64781 3.66909 3.6903 3.71151 3.73282 3.75414 3.77536 3.79671 3.81796 3.83929 3.86063 3.88188 3.90325 3.92452 3.94575 3.96707 3.98837 4.00951 4.0309 4.05207 4.07337 4.09474 4.11634 
1.5 1.5 1.5 1.5 1.5 1.5 1.5 1.5 1.5 1.5 1.5 0.948206 0.993586 1.03894 1.08426 1.12968 1.17503 1.22048 1.26587 1.31133 1.3568 1.40227 1.44778 1.49331 1.53884 2.9445 2.96527 2.98616 3.00699 3.02777 3.04859 3.06934 3.09018 3.11103 3.13177 3.15264 3.1735 3.19428 3.21516 3.23606 3.25679 3.27757 3.29847 3.31939 3.34021 3.36114 3.38199 3.40294 3.42393 3.44483 3.46583 3.48685 3.50778 3.52883 3.54989 3.57088 3.59198 3.61299 3.6341 3.65523 3.67628 3.69733 3.71848 3.73964 3.76073 3.78194 3.80303 3.82421 3.84541 3.86652 3.88775 3.90887 3.92994 3.95115 3.97234 3.99334 4.0145 4.03554 4.05673 4.0779 4.09956 
1.5 1.5 1.5 1.5 1.5 1.5 1.5 1.5 1.5 1.5 1.5 0.94977 0.99533 1.04084 1.08639 1.13188 1.1774 1.22306 1.26865 1.3143 1.35998 1.40569 1.45138 1.49718 1.54283 2.93789 2.95855 2.97933 3.00003 3.02067 3.04136 3.06197 3.08268 3.10338 3.12412 3.14467 3.16537 3.18597 3.20666 3.22719 3.2479 3.2685 3.2892 3.30992 3.33051 3.35126 3.3719 3.39266 3.41345 3.43413 3.45496 3.47578 3.49651 3.51737 3.53824 3.55905 3.57996 3.60078 3.62171 3.64266 3.66353 3.68439 3.70536 3.72635 3.74728 3.7683 3.7892 3.8102 3.83123 3.85216 3.87321 3.89416 3.91504 3.93609 3.95711 3.97796 3.99889 4.01978 4.04082 4.0618 4.08323 
1.5 1.5 1.5 1.5 1.5 1.5 1.5 1.5 1.5 1.5 1.5 0.951408 0.997079 1.04273 1.08833 1.13421 1.17994 1.22571 1.2715 1.31735 1.3632 1.40914 1.45505 1.50108 1.54696 2.93205 2.95258 2.97323 2.99383 3.01436 3.03493 3.05542 3.07602 3.0966 3.11725 3.13765 3.15821 3.17867 3.19921 3.21958 3.24015 3.2606 3.28115 3.3017 3.32211 3.34271 3.36318 3.38377 3.40438 3.42487 3.44553 3.46617 3.48673 3.50741 3.5281 3.54872 3.56944 3.59007 3.61081 3.63158 3.65225 3.67291 3.69369 3.71448 3.7352 3.756 3.77669 3.79749 3.8183 3.83902 3.85984 3.88061 3.90127 3.92209 3.94289 3.96358 3.98428 4.00498 4.02584 4.04664 4.06756 
1.5 1.5 1.5 1.5 1.5 1.5 1.5 1.5 1.5 1.5 1.5 0.953024 0.998832 1.0446 1.09045 1.13638 1.18241 1.22829 1.27429 1.32035 1.36641 1.41257 1.4587 1.50495 1.55109 2.92722 2.94762 2.96816 2.98868 3.00891 3.02963 3.05004 3.07055 3.09105 3.1116 3.13192 3.15238 3.17273 3.19315 3.21368 3.2339 3.25422 3.27464 3.29505 3.31531 3.33578 3.35609 3.37651 3.39695 3.41724 3.43772 3.45817 3.47854 3.49902 3.51951 3.53991 3.56041 3.58083 3.60135 3.6219 3.64234 3.66278 3.68334 3.7039 3.72438 3.74495 3.76542 3.786 3.80659 3.82709 3.84768 3.86826 3.88871 3.9093 3.92987 3.9504 3.97089 3.99143 4.01209 4.03273 4.05318 
1.5 1.5 1.5 1.5 1.5 1.5 1.5 1.5 1.5 1.5 1.5 0.954526 1.00042 1.04642 1.09248 1.1385 1.18467 1.23076 1.27699 1.32322 1.36947 1.41582 1.46219 1.50863 1.55498 2.92323 2.94354 2.96399 2.98446 3.00485 3.02528 3.04563 3.06608 3.08651 3.10702 3.12725 3.14763 3.1679 3.18825 3.20868 3.22883 3.24907 3.26939 3.2897 3.30986 3.33021 3.3504 3.37069 3.39098 3.41111 3.43144 3.45171 3.4719 3.49219 3.51247 3.53266 3.55295 3.57314 3.59343 3.61374 3.63393 3.65414 3.67446 3.69478 3.715 3.73532 3.75554 3.77589 3.79624 3.8165 3.83685 3.85723 3.87748 3.89783 3.91818 3.93852 3.95883 3.97919 3.99965 4.02013 4.0402 
1.5 1.5 1.5 1.5 1.5 1.5 1.5 1.5 1.5 1.5 1.5 0.955938 1.00202 1.04819 1.09437 1.14054 1.1868 1.23316 1.27957 1.326 1.37247 1.41901 1.46562 1.51225 1.55894 2.91996 2.9402 2.9606 2.98103 3.00137 3.02176 3.04207 3.06247 3.08287 3.10333 3.12352 3.14385 3.16407 3.18437 3.20477 3.22486 3.24504 3.26529 3.28553 3.3056 3.32586 3.34595 3.36613 3.38629 3.40628 3.42647 3.44659 3.46661 3.48671 3.5068 3.52678 3.54685 3.56682 3.58688 3.60694 3.62689 3.64686 3.66692 3.68699 3.70695 3.72702 3.747 3.76711 3.78721 3.80724 3.82737 3.84754 3.8676 3.88774 3.90788 3.92803 3.94817 3.96835 3.98862 4.00895 4.02885 
1.5 1.5 1.5 1.5 1.5 1.5 1.5 1.5 1.5 1.5 1.5 0.957025 1.0032 1.04944 1.09575 1.14211 1.18849 1.235 1.28151 1.32811 1.37475 1.42144 1.46822 1.51498 1.56186 2.91778 2.93795 2.95829 2.97867 2.99897 3.01932 3.03959 3.05995 3.0803 3.10055 3.12087 3.14116 3.16132 3.18158 3.20193 3.222 3.24212 3.26231 3.28249 3.30252 3.3227 3.34272 3.36282 3.38289 3.40278 3.42286 3.44287 3.46276 3.48273 3.50267 3.5225 3.54241 3.56221 3.5821 3.60197 3.62174 3.64152 3.6614 3.68128 3.70105 3.72093 3.74074 3.76065 3.78058 3.80043 3.8204 3.84042 3.86035 3.88033 3.90034 3.92035 3.94034 3.96038 3.98049 4.00068 4.02062 
1.5 1.5 1.5 1.5 1.5 1.5 1.5 1.5 1.5 1.5 1.5 0.95793 1.0042 1.05055 1.09695 1.14346 1.18996 1.23652 1.28316 1.32991 1.37669 1.42352 1.47045 1.51743 1.56447 2.91657 2.93677 2.95709 2.97744 2.99773 3.01803 3.03827 3.05859 3.0789 3.09927 3.11937 3.13959 3.1597 3.1799 3.20015 3.22015 3.24018 3.26029 3.28037 3.30028 3.32037 3.34029 3.36028 3.38024 3.4 3.41999 3.43988 3.45965 3.47949 3.49931 3.51901 3.5388 3.55847 3.57823 3.59797 3.61761 3.63725 3.65699 3.67672 3.69635 3.7161 3.73576 3.75551 3.77528 3.79496 3.81476 3.83462 3.8544 3.87426 3.89415 3.914 3.93379 3.95363 3.97349 3.99333 4.01325 
1.5 1.5 1.5 1.5 1.5 1.5 1.5 1.5 1.5 1.5 1.5 0.9587 1.00504 1.05144 1.09795 1.14445 1.19107 1.23771 1.28446 1.33125 1.37813 1.42504 1.472 1.51905 1.56614 2.91355 2.93391 2.95431 2.9747 2.99499 3.01536 3.03563 3.05598 3.07632 3.09671 3.11686 3.13715 3.15733 3.17759 3.19787 3.21792 3.23799 3.25815 3.27827 3.29823 3.31833 3.33827 3.35827 3.37824 3.39802 3.418 3.43788 3.45763 3.47744 3.49723 3.51689 3.53663 3.55624 3.57592 3.59557 3.61511 3.63463 3.65422 3.67379 3.69327 3.71282 3.73227 3.7518 3.77132 3.79072 3.81021 3.82982 3.84935 3.86899 3.88866 3.90814 3.9278 3.94722 3.96669 3.98598 4.00527 
1.5 1.5 1.5 1.5 1.5 1.5 1.5 1.5 1.5 1.5 1.5 0.959663 1.00613 1.05264 1.09926 1.14591 1.19264 1.23947 1.28634 1.33326 1.38029 1.42738 1.47458 1.52183 1.56944 2.91168 2.93211 2.95257 2.97298 2.99328 3.01367 3.03394 3.05431 3.07466 3.09499 3.11523 3.13556 3.15576 3.17604 3.19634 3.21639 3.23649 3.25665 3.27678 3.29675 3.31683 3.33675 3.35673 3.37668 3.39641 3.41635 3.43617 3.45584 3.47558 3.49528 3.51484 3.53446 3.55393 3.57347 3.59297 3.61234 3.63167 3.65107 3.67046 3.68972 3.70906 3.7283 3.74761 3.76692 3.78612 3.8054 3.82483 3.84418 3.86367 3.88315 3.90244 3.92206 3.94129 3.96066 3.97997 3.99905 
