5
s 30 2 31
r 20 0.01 8 7.43029 0.01
r 22 0.01 8 6.80563 0.01
r 24 0.01 8 6.27627 0.01
r 26 0.01 8 5.57969 0.01
r 28 0.01 8 5.19568 0.01
r 30 0.01 8 4.98608 0.01
r 32 0.01 8 5.19176 0.01
r 34 0.01 8 5.58079 0.01
r 36 0.01 8 6.27627 0.01
r 38 0.01 8 6.80563 0.01
r 40 0.01 8 7.43029 0.01
r 42 0.01 8 8.16196 0.01
r 44 0.01 8 8.77499 0.01
r 46 0.01 8 9.42611 0.01
r 48 0.01 8 10.0782 0.01
r 50 0.01 8 10.7306 0.01
r 52 0.01 8 11.3846 0.01
r 54 0.01 8 12.0385 0.01
r 56 0.01 8 12.6924 0.01
r 58 0.01 8 13.3867 0.01
r 60 0.01 8 14.0407 0.01
r 62 0.01 8 14.6947 0.01
r 64 0.01 8 15.2184 0.01
r 66 0.01 8 15.8246 0.01
r 68 0.01 8 16.4205 0.01
r 70 0.01 8 17.0068 0.01
r 72 0.01 8 17.5799 0.01
r 74 0.01 8 18.1481 0.01
r 76 0.01 8 18.7024 0.01
r 78 0.01 8 19.251 0.01
r 80 0.01 8 19.7869 0.01
s 40 2 31
r 20 0.01 8 10.7306 0.01
r 22 0.01 8 10.0782 0.01
r 24 0.01 8 9.42611 0.01
r 26 0.01 8 8.77499 0.01
r 28 0.01 8 8.16196 0.01
r 30 0.01 8 7.43029 0.01
r 32 0.01 8 6.80563 0.01
r 34 0.01 8 6.27627 0.01
r 36 0.01 8 5.58765 0.01
r 38 0.01 8 5.19977 0.01
r 40 0.01 8 4.98547 0.01
r 42 0.01 8 5.1666 0.01
r 44 0.01 8 5.57409 0.01
r 46 0.01 8 6.27627 0.01
r 48 0.01 8 6.80563 0.01
r 50 0.01 8 7.43029 0.01
r 52 0.01 8 8.16196 0.01
r 54 0.01 8 8.77499 0.01
r 56 0.01 8 9.42611 0.01
r 58 0.01 8 10.0782 0.01
r 60 0.01 8 10.7306 0.01
r 62 0.01 8 11.3846 0.01
r 64 0.01 8 12.0385 0.01
r 66 0.01 8 12.6924 0.01
r 68 0.01 8 13.3867 0.01
r 70 0.01 8 14.0407 0.01
r 72 0.01 8 14.6947 0.01
r 74 0.01 8 15.2184 0.01
r 76 0.01 8 15.8246 0.01
r 78 0.01 8 16.4204 0.01
r 80 0.01 8 17.0068 0.01
s 50 2 31
r 20 0.01 8 14.0407 0.01
r 22 0.01 8 13.3867 0.01
r 24 0.01 8 12.6924 0.01
r 26 0.01 8 12.0385 0.01
r 28 0.01 8 11.3846 0.01
r 30 0.01 8 10.7306 0.01
r 32 0.01 8 10.0782 0.01
r 34 0.01 8 9.42611 0.01
r 36 0.01 8 8.77499 0.01
r 38 0.01 8 8.16196 0.01
r 40 0.01 8 7.43029 0.01
r 42 0.01 8 6.80563 0.01
r 44 0.01 8 6.27627 0.01
r 46 0.01 8 5.57791 0.01
r 48 0.01 8 5.14213 0.01
r 50 0.01 8 4.98634 0.01
r 52 0.01 8 5.18746 0.01
r 54 0.01 8 5.58814 0.01
r 56 0.01 8 6.27627 0.01
r 58 0.01 8 6.80563 0.01
r 60 0.01 8 7.43029 0.01
r 62 0.01 8 8.16196 0.01
r 64 0.01 8 8.77499 0.01
r 66 0.01 8 9.42611 0.01
r 68 0.01 8 10.0782 0.01
r 70 0.01 8 10.7306 0.01
r 72 0.01 8 11.3846 0.01
r 74 0.01 8 12.0385 0.01
r 76 0.01 8 12.6924 0.01
r 78 0.01 8 13.3867 0.01
r 80 0.01 8 14.0407 0.01
s 60 2 31
r 20 0.01 8 17.0068 0.01
r 22 0.01 8 16.4205 0.01
r 24 0.01 8 15.8246 0.01
r 26 0.01 8 15.2184 0.01
r 28 0.01 8 14.6947 0.01
r 30 0.01 8 14.0407 0.01
r 32 0.01 8 13.3867 0.01
r 34 0.01 8 12.6924 0.01
r 36 0.01 8 12.0385 0.01
r 38 0.01 8 11.3846 0.01
r 40 0.01 8 10.7306 0.01
r 42 0.01 8 10.0782 0.01
r 44 0.01 8 9.42611 0.01
r 46 0.01 8 8.77499 0.01
r 48 0.01 8 8.16196 0.01
r 50 0.01 8 7.43029 0.01
r 52 0.01 8 6.80563 0.01
r 54 0.01 8 6.27627 0.01
r 56 0.01 8 5.58714 0.01
r 58 0.01 8 5.19493 0.01
r 60 0.01 8 4.98592 0.01
r 62 0.01 8 5.19385 0.01
r 64 0.01 8 5.57961 0.01
r 66 0.01 8 6.27627 0.01
r 68 0.01 8 6.80563 0.01
r 70 0.01 8 7.43029 0.01
r 72 0.01 8 8.16196 0.01
r 74 0.01 8 8.77499 0.01
r 76 0.01 8 9.42611 0.01
r 78 0.01 8 10.0782 0.01
r 80 0.01 8 10.7306 0.01
s 70 2 31
r 20 0.01 8 19.7869 0.01
r 22 0.01 8 19.251 0.01
r 24 0.01 8 18.7046 0.01
r 26 0.01 8 18.1481 0.01
r 28 0.01 8 17.5799 0.01
r 30 0.01 8 17.0039 0.01
r 32 0.01 8 16.4204 0.01
r 34 0.01 8 15.8246 0.01
r 36 0.01 8 15.2184 0.01
r 38 0.01 8 14.6947 0.01
r 40 0.01 8 14.0407 0.01
r 42 0.01 8 13.3867 0.01
r 44 0.01 8 12.6924 0.01
r 46 0.01 8 12.0385 0.01
r 48 0.01 8 11.3846 0.01
r 50 0.01 8 10.7306 0.01
r 52 0.01 8 10.0782 0.01
r 54 0.01 8 9.42611 0.01
r 56 0.01 8 8.77499 0.01
r 58 0.01 8 8.16196 0.01
r 60 0.01 8 7.43029 0.01
r 62 0.01 8 6.80563 0.01
r 64 0.01 8 6.27627 0.01
r 66 0.01 8 5.59362 0.01
r 68 0.01 8 5.19824 0.01
r 70 0.01 8 4.98544 0.01
r 72 0.01 8 5.17633 0.01
r 74 0.01 8 5.58974 0.01
r 76 0.01 8 6.27627 0.01
r 78 0.01 8 6.80563 0.01
r 80 0.01 8 7.43029 0.01
