5
s 30 2 31
r 20 0.01 8 6.95086 0.01
r 22 0.01 8 6.35631 0.01
r 24 0.01 8 5.82369 0.01
r 26 0.01 8 5.29276 0.01
r 28 0.01 8 4.8749 0.01
r 30 0.01 8 4.7087 0.01
r 32 0.01 8 4.90229 0.01
r 34 0.01 8 5.28914 0.01
r 36 0.01 8 5.65949 0.01
r 38 0.01 8 6.31748 0.01
r 40 0.01 8 6.89335 0.01
r 42 0.01 8 7.47039 0.01
r 44 0.01 8 8.04908 0.01
r 46 0.01 8 8.62548 0.01
r 48 0.01 8 9.19624 0.01
r 50 0.01 8 9.7729 0.01
r 52 0.01 8 10.3515 0.01
r 54 0.01 8 10.9153 0.01
r 56 0.01 8 11.4696 0.01
r 58 0.01 8 12.0215 0.01
r 60 0.01 8 12.5584 0.01
r 62 0.01 8 13.0814 0.01
r 64 0.01 8 13.6035 0.01
r 66 0.01 8 14.1177 0.01
r 68 0.01 8 14.6251 0.01
r 70 0.01 8 15.117 0.01
r 72 0.01 8 15.5869 0.01
r 74 0.01 8 16.0815 0.01
r 76 0.01 8 16.5894 0.01
r 78 0.01 8 17.1084 0.01
r 80 0.01 8 17.6407 0.01
s 40 2 31
r 20 0.01 8 9.79338 0.01
r 22 0.01 8 9.19319 0.01
r 24 0.01 8 8.60697 0.01
r 26 0.01 8 8.02567 0.01
r 28 0.01 8 7.46237 0.01
r 30 0.01 8 6.89346 0.01
r 32 0.01 8 6.31468 0.01
r 34 0.01 8 5.755 0.01
r 36 0.01 8 5.27461 0.01
r 38 0.01 8 4.87557 0.01
r 40 0.01 8 4.69188 0.01
r 42 0.01 8 4.88141 0.01
r 44 0.01 8 5.27468 0.01
r 46 0.01 8 5.75235 0.01
r 48 0.01 8 6.31588 0.01
r 50 0.01 8 6.89601 0.01
r 52 0.01 8 7.47525 0.01
r 54 0.01 8 8.04749 0.01
r 56 0.01 8 8.62314 0.01
r 58 0.01 8 9.1989 0.01
r 60 0.01 8 9.77833 0.01
r 62 0.01 8 10.3547 0.01
r 64 0.01 8 10.9287 0.01
r 66 0.01 8 11.483 0.01
r 68 0.01 8 12.0303 0.01
r 70 0.01 8 12.5614 0.01
r 72 0.01 8 13.0694 0.01
r 74 0.01 8 13.5864 0.01
r 76 0.01 8 14.1166 0.01
r 78 0.01 8 14.6472 0.01
r 80 0.01 8 15.1836 0.01
s 50 2 31
r 20 0.01 8 12.5699 0.01
r 22 0.01 8 12.009 0.01
r 24 0.01 8 11.4528 0.01
r 26 0.01 8 10.8972 0.01
r 28 0.01 8 10.3455 0.01
r 30 0.01 8 9.77875 0.01
r 32 0.01 8 9.2024 0.01
r 34 0.01 8 8.62387 0.01
r 36 0.01 8 8.04883 0.01
r 38 0.01 8 7.47964 0.01
r 40 0.01 8 6.90224 0.01
r 42 0.01 8 6.32281 0.01
r 44 0.01 8 5.73997 0.01
r 46 0.01 8 5.27657 0.01
r 48 0.01 8 4.83977 0.01
r 50 0.01 8 4.69295 0.01
r 52 0.01 8 4.8401 0.01
r 54 0.01 8 5.29303 0.01
r 56 0.01 8 5.69509 0.01
r 58 0.01 8 6.32715 0.01
r 60 0.01 8 6.89922 0.01
r 62 0.01 8 7.47976 0.01
r 64 0.01 8 8.05156 0.01
r 66 0.01 8 8.62639 0.01
r 68 0.01 8 9.20579 0.01
r 70 0.01 8 9.78321 0.01
r 72 0.01 8 10.3459 0.01
r 74 0.01 8 10.9006 0.01
r 76 0.01 8 11.4556 0.01
r 78 0.01 8 12.0113 0.01
r 80 0.01 8 12.5709 0.01
s 60 2 31
r 20 0.01 8 15.1789 0.01
r 22 0.01 8 14.6396 0.01
r 24 0.01 8 14.1098 0.01
r 26 0.01 8 13.5812 0.01
r 28 0.01 8 13.062 0.01
r 30 0.01 8 12.5579 0.01
r 32 0.01 8 12.0222 0.01
r 34 0.01 8 11.4782 0.01
r 36 0.01 8 10.924 0.01
r 38 0.01 8 10.3494 0.01
r 40 0.01 8 9.77405 0.01
r 42 0.01 8 9.19517 0.01
r 44 0.01 8 8.62161 0.01
r 46 0.01 8 8.04293 0.01
r 48 0.01 8 7.47128 0.01
r 50 0.01 8 6.89161 0.01
r 52 0.01 8 6.31121 0.01
r 54 0.01 8 5.69636 0.01
r 56 0.01 8 5.27067 0.01
r 58 0.01 8 4.87355 0.01
r 60 0.01 8 4.68727 0.01
r 62 0.01 8 4.85479 0.01
r 64 0.01 8 5.26676 0.01
r 66 0.01 8 5.75453 0.01
r 68 0.01 8 6.30949 0.01
r 70 0.01 8 6.88946 0.01
r 72 0.01 8 7.4596 0.01
r 74 0.01 8 8.02686 0.01
r 76 0.01 8 8.6053 0.01
r 78 0.01 8 9.19169 0.01
r 80 0.01 8 9.7896 0.01
s 70 2 31
r 20 0.01 8 17.6432 0.01
r 22 0.01 8 17.109 0.01
r 24 0.01 8 16.5857 0.01
r 26 0.01 8 16.0781 0.01
r 28 0.01 8 15.5837 0.01
r 30 0.01 8 15.1141 0.01
r 32 0.01 8 14.6206 0.01
r 34 0.01 8 14.1159 0.01
r 36 0.01 8 13.6022 0.01
r 38 0.01 8 13.0798 0.01
r 40 0.01 8 12.5578 0.01
r 42 0.01 8 12.0186 0.01
r 44 0.01 8 11.4685 0.01
r 46 0.01 8 10.9145 0.01
r 48 0.01 8 10.3516 0.01
r 50 0.01 8 9.77762 0.01
r 52 0.01 8 9.19777 0.01
r 54 0.01 8 8.62543 0.01
r 56 0.01 8 8.04869 0.01
r 58 0.01 8 7.46955 0.01
r 60 0.01 8 6.89125 0.01
r 62 0.01 8 6.31636 0.01
r 64 0.01 8 5.65283 0.01
r 66 0.01 8 5.28889 0.01
r 68 0.01 8 4.85455 0.01
r 70 0.01 8 4.70444 0.01
r 72 0.01 8 4.85038 0.01
r 74 0.01 8 5.28763 0.01
r 76 0.01 8 5.71919 0.01
r 78 0.01 8 6.34736 0.01
r 80 0.01 8 6.94383 0.01
