5
s 30 2 31
r 20 0.01 6 4.63315 0.01
r 22 0.01 6 4.20681 0.01
r 24 0.01 6 3.79283 0.01
r 26 0.01 6 3.37762 0.01
r 28 0.01 6 2.93349 0.01
r 30 0.01 6 2.71879 0.01
r 32 0.01 6 2.85964 0.01
r 34 0.01 6 3.25491 0.01
r 36 0.01 6 3.70683 0.01
r 38 0.01 6 4.16083 0.01
r 40 0.01 6 4.65236 0.01
r 42 0.01 6 5.13697 0.01
r 44 0.01 6 5.61124 0.01
r 46 0.01 6 6.00602 0.01
r 48 0.01 6 6.40955 0.01
r 50 0.01 6 6.86567 0.01
r 52 0.01 6 7.31098 0.01
r 54 0.01 6 7.75011 0.01
r 56 0.01 6 8.16328 0.01
r 58 0.01 6 8.57017 0.01
r 60 0.01 6 8.9474 0.01
r 62 0.01 6 9.34982 0.01
r 64 0.01 6 9.78973 0.01
r 66 0.01 6 10.2152 0.01
r 68 0.01 6 10.6044 0.01
r 70 0.01 6 10.9776 0.01
r 72 0.01 6 11.3672 0.01
r 74 0.01 6 11.7697 0.01
r 76 0.01 6 12.153 0.01
r 78 0.01 6 12.5587 0.01
r 80 0.01 6 12.953 0.01
s 40 2 31
r 20 0.01 6 6.69755 0.01
r 22 0.01 6 6.27622 0.01
r 24 0.01 6 5.88516 0.01
r 26 0.01 6 5.67769 0.01
r 28 0.01 6 5.13231 0.01
r 30 0.01 6 4.65237 0.01
r 32 0.01 6 4.19917 0.01
r 34 0.01 6 3.75192 0.01
r 36 0.01 6 3.34478 0.01
r 38 0.01 6 2.97358 0.01
r 40 0.01 6 2.8499 0.01
r 42 0.01 6 3.06293 0.01
r 44 0.01 6 3.63419 0.01
r 46 0.01 6 4.062 0.01
r 48 0.01 6 4.35843 0.01
r 50 0.01 6 4.79972 0.01
r 52 0.01 6 5.25695 0.01
r 54 0.01 6 5.72331 0.01
r 56 0.01 6 6.15324 0.01
r 58 0.01 6 6.58174 0.01
r 60 0.01 6 6.97327 0.01
r 62 0.01 6 7.39163 0.01
r 64 0.01 6 7.85238 0.01
r 66 0.01 6 8.3005 0.01
r 68 0.01 6 8.70809 0.01
r 70 0.01 6 9.0906 0.01
r 72 0.01 6 9.49183 0.01
r 74 0.01 6 9.90864 0.01
r 76 0.01 6 10.3105 0.01
r 78 0.01 6 10.7285 0.01
r 80 0.01 6 11.1451 0.01
s 50 2 31
r 20 0.01 6 8.80903 0.01
r 22 0.01 6 8.40692 0.01
r 24 0.01 6 8.03142 0.01
r 26 0.01 6 7.69838 0.01
r 28 0.01 6 7.30938 0.01
r 30 0.01 6 6.86177 0.01
r 32 0.01 6 6.4299 0.01
r 34 0.01 6 6.00176 0.01
r 36 0.01 6 5.60062 0.01
r 38 0.01 6 5.20914 0.01
r 40 0.01 6 4.84848 0.01
r 42 0.01 6 4.32639 0.01
r 44 0.01 6 3.84231 0.01
r 46 0.01 6 3.43929 0.01
r 48 0.01 6 3.0963 0.01
r 50 0.01 6 2.97488 0.01
r 52 0.01 6 3.17017 0.01
r 54 0.01 6 3.69704 0.01
r 56 0.01 6 4.08769 0.01
r 58 0.01 6 4.52324 0.01
r 60 0.01 6 4.87604 0.01
r 62 0.01 6 5.30609 0.01
r 64 0.01 6 5.78687 0.01
r 66 0.01 6 6.26536 0.01
r 68 0.01 6 6.69339 0.01
r 70 0.01 6 7.09179 0.01
r 72 0.01 6 7.50976 0.01
r 74 0.01 6 7.94609 0.01
r 76 0.01 6 8.36425 0.01
r 78 0.01 6 8.79696 0.01
r 80 0.01 6 9.23127 0.01
s 60 2 31
r 20 0.01 6 10.8057 0.01
r 22 0.01 6 10.4173 0.01
r 24 0.01 6 10.0534 0.01
r 26 0.01 6 9.73212 0.01
r 28 0.01 6 9.36471 0.01
r 30 0.01 6 8.93822 0.01
r 32 0.01 6 8.5267 0.01
r 34 0.01 6 8.12416 0.01
r 36 0.01 6 7.74336 0.01
r 38 0.01 6 7.36645 0.01
r 40 0.01 6 6.98453 0.01
r 42 0.01 6 6.53411 0.01
r 44 0.01 6 6.07286 0.01
r 46 0.01 6 5.67278 0.01
r 48 0.01 6 5.27917 0.01
r 50 0.01 6 4.8974 0.01
r 52 0.01 6 4.46674 0.01
r 54 0.01 6 4.05912 0.01
r 56 0.01 6 3.51552 0.01
r 58 0.01 6 3.12958 0.01
r 60 0.01 6 2.97519 0.01
r 62 0.01 6 3.19268 0.01
r 64 0.01 6 3.63846 0.01
r 66 0.01 6 4.13023 0.01
r 68 0.01 6 4.72035 0.01
r 70 0.01 6 5.04571 0.01
r 72 0.01 6 5.63144 0.01
r 74 0.01 6 6.02203 0.01
r 76 0.01 6 6.42949 0.01
r 78 0.01 6 6.75796 0.01
r 80 0.01 6 7.20878 0.01
s 70 2 31
r 20 0.01 6 12.7626 0.01
r 22 0.01 6 12.3889 0.01
r 24 0.01 6 12.039 0.01
r 26 0.01 6 11.7315 0.01
r 28 0.01 6 11.3767 0.01
r 30 0.01 6 10.9695 0.01
r 32 0.01 6 10.5735 0.01
r 34 0.01 6 10.1871 0.01
r 36 0.01 6 9.82245 0.01
r 38 0.01 6 9.46341 0.01
r 40 0.01 6 9.09956 0.01
r 42 0.01 6 8.67814 0.01
r 44 0.01 6 8.24716 0.01
r 46 0.01 6 7.85979 0.01
r 48 0.01 6 7.48373 0.01
r 50 0.01 6 7.09934 0.01
r 52 0.01 6 6.6806 0.01
r 54 0.01 6 6.25446 0.01
r 56 0.01 6 5.91643 0.01
r 58 0.01 6 5.44174 0.01
r 60 0.01 6 5.13853 0.01
r 62 0.01 6 4.60764 0.01
r 64 0.01 6 4.12888 0.01
r 66 0.01 6 3.67605 0.01
r 68 0.01 6 3.35314 0.01
r 70 0.01 6 3.20909 0.01
r 72 0.01 6 3.37917 0.01
r 74 0.01 6 3.75182 0.01
r 76 0.01 6 4.20616 0.01
r 78 0.01 6 4.63735 0.01
r 80 0.01 6 5.10463 0.01
