5
s 30 2 31
r 20 0.01 0 4.6494 0.01
r 22 0.01 0 4.15863 0.01
r 24 0.01 0 3.66721 0.01
r 26 0.01 0 2.97845 0.01
r 28 0.01 0 1.88091 0.01
r 30 0.01 0 1.32667 0.01
r 32 0.01 0 1.88091 0.01
r 34 0.01 0 2.97845 0.01
r 36 0.01 0 3.76867 0.01
r 38 0.01 0 4.26807 0.01
r 40 0.01 0 4.76463 0.01
r 42 0.01 0 5.259 0.01
r 44 0.01 0 5.78103 0.01
r 46 0.01 0 6.26413 0.01
r 48 0.01 0 6.73939 0.01
r 50 0.01 0 7.23307 0.01
r 52 0.01 0 7.69514 0.01
r 54 0.01 0 8.14556 0.01
r 56 0.01 0 8.60713 0.01
r 58 0.01 0 9.03996 0.01
r 60 0.01 0 9.4634 0.01
r 62 0.01 0 9.87436 0.01
r 64 0.01 0 10.2892 0.01
r 66 0.01 0 10.6848 0.01
r 68 0.01 0 11.0662 0.01
r 70 0.01 0 11.4496 0.01
r 72 0.01 0 11.8161 0.01
r 74 0.01 0 12.1716 0.01
r 76 0.01 0 12.5247 0.01
r 78 0.01 0 12.8677 0.01
r 80 0.01 0 13.1993 0.01
s 40 2 31
r 20 0.01 0 7.0858 0.01
r 22 0.01 0 6.63084 0.01
r 24 0.01 0 6.16719 0.01
r 26 0.01 0 5.72541 0.01
r 28 0.01 0 5.25514 0.01
r 30 0.01 0 4.76854 0.01
r 32 0.01 0 4.31064 0.01
r 34 0.01 0 3.81794 0.01
r 36 0.01 0 2.97845 0.01
r 38 0.01 0 1.88091 0.01
r 40 0.01 0 1.32667 0.01
r 42 0.01 0 1.88091 0.01
r 44 0.01 0 2.97845 0.01
r 46 0.01 0 3.93005 0.01
r 48 0.01 0 4.39226 0.01
r 50 0.01 0 4.91783 0.01
r 52 0.01 0 5.41841 0.01
r 54 0.01 0 5.90789 0.01
r 56 0.01 0 6.41031 0.01
r 58 0.01 0 6.89638 0.01
r 60 0.01 0 7.36537 0.01
r 62 0.01 0 7.82687 0.01
r 64 0.01 0 8.29061 0.01
r 66 0.01 0 8.7414 0.01
r 68 0.01 0 9.17337 0.01
r 70 0.01 0 9.60765 0.01
r 72 0.01 0 10.0251 0.01
r 74 0.01 0 10.4309 0.01
r 76 0.01 0 10.8309 0.01
r 78 0.01 0 11.2195 0.01
r 80 0.01 0 11.5955 0.01
s 50 2 31
r 20 0.01 0 9.33255 0.01
r 22 0.01 0 8.92534 0.01
r 24 0.01 0 8.51575 0.01
r 26 0.01 0 8.10858 0.01
r 28 0.01 0 7.68551 0.01
r 30 0.01 0 7.239 0.01
r 32 0.01 0 6.80787 0.01
r 34 0.01 0 6.34843 0.01
r 36 0.01 0 5.87349 0.01
r 38 0.01 0 5.39492 0.01
r 40 0.01 0 4.93776 0.01
r 42 0.01 0 4.44766 0.01
r 44 0.01 0 3.93005 0.01
r 46 0.01 0 2.97845 0.01
r 48 0.01 0 1.88091 0.01
r 50 0.01 0 1.32667 0.01
r 52 0.01 0 1.88091 0.01
r 54 0.01 0 2.97845 0.01
r 56 0.01 0 3.93005 0.01
r 58 0.01 0 4.52752 0.01
r 60 0.01 0 5.02609 0.01
r 62 0.01 0 5.52148 0.01
r 64 0.01 0 6.02485 0.01
r 66 0.01 0 6.52191 0.01
r 68 0.01 0 7.00223 0.01
r 70 0.01 0 7.48266 0.01
r 72 0.01 0 7.95586 0.01
r 74 0.01 0 8.41368 0.01
r 76 0.01 0 8.86463 0.01
r 78 0.01 0 9.30911 0.01
r 80 0.01 0 9.738 0.01
s 60 2 31
r 20 0.01 0 11.3041 0.01
r 22 0.01 0 10.95 0.01
r 24 0.01 0 10.5889 0.01
r 26 0.01 0 10.233 0.01
r 28 0.01 0 9.86332 0.01
r 30 0.01 0 9.46912 0.01
r 32 0.01 0 9.0814 0.01
r 34 0.01 0 8.67332 0.01
r 36 0.01 0 8.24322 0.01
r 38 0.01 0 7.80672 0.01
r 40 0.01 0 7.37901 0.01
r 42 0.01 0 6.92287 0.01
r 44 0.01 0 6.45623 0.01
r 46 0.01 0 6.00398 0.01
r 48 0.01 0 5.51792 0.01
r 50 0.01 0 5.03491 0.01
r 52 0.01 0 4.55774 0.01
r 54 0.01 0 3.93005 0.01
r 56 0.01 0 2.97845 0.01
r 58 0.01 0 1.88091 0.01
r 60 0.01 0 1.32667 0.01
r 62 0.01 0 1.88091 0.01
r 64 0.01 0 2.97845 0.01
r 66 0.01 0 3.93005 0.01
r 68 0.01 0 4.65244 0.01
r 70 0.01 0 5.12209 0.01
r 72 0.01 0 5.63507 0.01
r 74 0.01 0 6.12923 0.01
r 76 0.01 0 6.62037 0.01
r 78 0.01 0 7.11348 0.01
r 80 0.01 0 7.59097 0.01
s 70 2 31
r 20 0.01 0 13.053 0.01
r 22 0.01 0 12.7445 0.01
r 24 0.01 0 12.4277 0.01
r 26 0.01 0 12.1181 0.01
r 28 0.01 0 11.802 0.01
r 30 0.01 0 11.4562 0.01
r 32 0.01 0 11.1176 0.01
r 34 0.01 0 10.7636 0.01
r 36 0.01 0 10.3874 0.01
r 38 0.01 0 10.0016 0.01
r 40 0.01 0 9.62227 0.01
r 42 0.01 0 9.21975 0.01
r 44 0.01 0 8.80021 0.01
r 46 0.01 0 8.38803 0.01
r 48 0.01 0 7.94675 0.01
r 50 0.01 0 7.49505 0.01
r 52 0.01 0 7.04863 0.01
r 54 0.01 0 6.57457 0.01
r 56 0.01 0 6.09306 0.01
r 58 0.01 0 5.61529 0.01
r 60 0.01 0 5.13433 0.01
r 62 0.01 0 4.65244 0.01
r 64 0.01 0 3.93005 0.01
r 66 0.01 0 2.97845 0.01
r 68 0.01 0 1.88091 0.01
r 70 0.01 0 1.32667 0.01
r 72 0.01 0 1.88091 0.01
r 74 0.01 0 2.97845 0.01
r 76 0.01 0 3.93005 0.01
r 78 0.01 0 4.65244 0.01
r 80 0.01 0 5.20057 0.01
