5
s 30 2 31
r 20 0.01 6 5.60732 0.01
r 22 0.01 6 4.7864 0.01
r 24 0.01 6 4.02296 0.01
r 26 0.01 6 3.34977 0.01
r 28 0.01 6 2.82014 0.01
r 30 0.01 6 2.59668 0.01
r 32 0.01 6 2.82772 0.01
r 34 0.01 6 3.34416 0.01
r 36 0.01 6 4.01331 0.01
r 38 0.01 6 4.75583 0.01
r 40 0.01 6 5.46438 0.01
r 42 0.01 6 6.17396 0.01
r 44 0.01 6 6.88505 0.01
r 46 0.01 6 7.59163 0.01
r 48 0.01 6 8.27456 0.01
r 50 0.01 6 8.94817 0.01
r 52 0.01 6 9.62067 0.01
r 54 0.01 6 10.275 0.01
r 56 0.01 6 10.9171 0.01
r 58 0.01 6 11.5605 0.01
r 60 0.01 6 12.1856 0.01
r 62 0.01 6 12.8005 0.01
r 64 0.01 6 13.4111 0.01
r 66 0.01 6 14.0663 0.01
r 68 0.01 6 14.6331 0.01
r 70 0.01 6 15.223 0.01
r 72 0.01 6 15.8001 0.01
r 74 0.01 6 16.3814 0.01
r 76 0.01 6 16.9453 0.01
r 78 0.01 6 17.508 0.01
r 80 0.01 6 18.1014 0.01
s 40 2 31
r 20 0.01 6 9.28184 0.01
r 22 0.01 6 8.44516 0.01
r 24 0.01 6 7.68215 0.01
r 26 0.01 6 6.92598 0.01
r 28 0.01 6 6.1786 0.01
r 30 0.01 6 5.45044 0.01
r 32 0.01 6 4.751 0.01
r 34 0.01 6 4.04379 0.01
r 36 0.01 6 3.41979 0.01
r 38 0.01 6 2.94214 0.01
r 40 0.01 6 2.73664 0.01
r 42 0.01 6 2.97108 0.01
r 44 0.01 6 3.48382 0.01
r 46 0.01 6 4.08454 0.01
r 48 0.01 6 4.75313 0.01
r 50 0.01 6 5.40521 0.01
r 52 0.01 6 6.07631 0.01
r 54 0.01 6 6.74168 0.01
r 56 0.01 6 7.37763 0.01
r 58 0.01 6 8.05326 0.01
r 60 0.01 6 8.67031 0.01
r 62 0.01 6 9.27799 0.01
r 64 0.01 6 9.88813 0.01
r 66 0.01 6 10.5272 0.01
r 68 0.01 6 11.1099 0.01
r 70 0.01 6 11.6894 0.01
r 72 0.01 6 12.3085 0.01
r 74 0.01 6 12.8647 0.01
r 76 0.01 6 13.4601 0.01
r 78 0.01 6 14.0619 0.01
r 80 0.01 6 14.5697 0.01
s 50 2 31
r 20 0.01 6 12.74 0.01
r 22 0.01 6 11.9039 0.01
r 24 0.01 6 11.1416 0.01
r 26 0.01 6 10.3854 0.01
r 28 0.01 6 9.63682 0.01
r 30 0.01 6 8.90831 0.01
r 32 0.01 6 8.19465 0.01
r 34 0.01 6 7.484 0.01
r 36 0.01 6 6.78388 0.01
r 38 0.01 6 6.08618 0.01
r 40 0.01 6 5.4051 0.01
r 42 0.01 6 4.73443 0.01
r 44 0.01 6 4.1419 0.01
r 46 0.01 6 3.56644 0.01
r 48 0.01 6 3.16816 0.01
r 50 0.01 6 2.99955 0.01
r 52 0.01 6 3.17104 0.01
r 54 0.01 6 3.56305 0.01
r 56 0.01 6 4.12625 0.01
r 58 0.01 6 4.7731 0.01
r 60 0.01 6 5.3812 0.01
r 62 0.01 6 5.997 0.01
r 64 0.01 6 6.60488 0.01
r 66 0.01 6 7.25501 0.01
r 68 0.01 6 7.82688 0.01
r 70 0.01 6 8.41358 0.01
r 72 0.01 6 9.0281 0.01
r 74 0.01 6 9.58301 0.01
r 76 0.01 6 10.1469 0.01
r 78 0.01 6 10.7304 0.01
r 80 0.01 6 11.2692 0.01
s 60 2 31
r 20 0.01 6 15.9449 0.01
r 22 0.01 6 15.1058 0.01
r 24 0.01 6 14.3451 0.01
r 26 0.01 6 13.5968 0.01
r 28 0.01 6 12.8431 0.01
r 30 0.01 6 12.1116 0.01
r 32 0.01 6 11.3982 0.01
r 34 0.01 6 10.6881 0.01
r 36 0.01 6 10.0004 0.01
r 38 0.01 6 9.28704 0.01
r 40 0.01 6 8.60845 0.01
r 42 0.01 6 7.94549 0.01
r 44 0.01 6 7.2711 0.01
r 46 0.01 6 6.62725 0.01
r 48 0.01 6 5.99641 0.01
r 50 0.01 6 5.35365 0.01
r 52 0.01 6 4.75887 0.01
r 54 0.01 6 4.17536 0.01
r 56 0.01 6 3.65287 0.01
r 58 0.01 6 3.36485 0.01
r 60 0.01 6 3.12067 0.01
r 62 0.01 6 3.30581 0.01
r 64 0.01 6 3.70507 0.01
r 66 0.01 6 4.2523 0.01
r 68 0.01 6 4.77221 0.01
r 70 0.01 6 5.35902 0.01
r 72 0.01 6 5.96861 0.01
r 74 0.01 6 6.52352 0.01
r 76 0.01 6 7.08494 0.01
r 78 0.01 6 7.65054 0.01
r 80 0.01 6 8.2021 0.01
s 70 2 31
r 20 0.01 6 18.9582 0.01
r 22 0.01 6 18.1213 0.01
r 24 0.01 6 17.3586 0.01
r 26 0.01 6 16.5997 0.01
r 28 0.01 6 15.8555 0.01
r 30 0.01 6 15.1427 0.01
r 32 0.01 6 14.4288 0.01
r 34 0.01 6 13.702 0.01
r 36 0.01 6 13.01 0.01
r 38 0.01 6 12.3002 0.01
r 40 0.01 6 11.6224 0.01
r 42 0.01 6 10.9623 0.01
r 44 0.01 6 10.2878 0.01
r 46 0.01 6 9.64175 0.01
r 48 0.01 6 9.01355 0.01
r 50 0.01 6 8.37291 0.01
r 52 0.01 6 7.77201 0.01
r 54 0.01 6 7.17136 0.01
r 56 0.01 6 6.54343 0.01
r 58 0.01 6 5.94282 0.01
r 60 0.01 6 5.35755 0.01
r 62 0.01 6 4.76973 0.01
r 64 0.01 6 4.26428 0.01
r 66 0.01 6 3.79801 0.01
r 68 0.01 6 3.57251 0.01
r 70 0.01 6 3.35009 0.01
r 72 0.01 6 3.55086 0.01
r 74 0.01 6 3.80544 0.01
r 76 0.01 6 4.26757 0.01
r 78 0.01 6 4.81214 0.01
r 80 0.01 6 5.34909 0.01
