5
s 30 2 62
r 20 0.01 7 5.1871 0.01
r 22 0.01 7 4.70428 0.01
r 24 0.01 7 4.21771 0.01
r 26 0.01 7 3.7755 0.01
r 28 0.01 7 3.19968 0.01
r 30 0.01 7 2.96677 0.01
r 32 0.01 7 3.19953 0.01
r 34 0.01 7 3.76834 0.01
r 36 0.01 7 4.33871 0.01
r 38 0.01 7 4.87456 0.01
r 40 0.01 7 5.3671 0.01
r 42 0.01 7 5.78562 0.01
r 44 0.01 7 6.38046 0.01
r 46 0.01 7 6.85292 0.01
r 48 0.01 7 7.25107 0.01
r 50 0.01 7 7.78113 0.01
r 52 0.01 7 8.28679 0.01
r 54 0.01 7 8.64361 0.01
r 56 0.01 7 9.14142 0.01
r 58 0.01 7 9.58865 0.01
r 60 0.01 7 10.0341 0.01
r 62 0.01 7 10.4049 0.01
r 64 0.01 7 10.8179 0.01
r 66 0.01 7 11.2405 0.01
r 68 0.01 7 11.5805 0.01
r 70 0.01 7 11.9727 0.01
r 72 0.01 7 12.3862 0.01
r 74 0.01 7 12.6673 0.01
r 76 0.01 7 13.058 0.01
r 78 0.01 7 13.4366 0.01
r 80 0.01 7 13.7553 0.01
r 20 0.01 8 6.2713 0.01
r 22 0.01 8 5.43632 0.01
r 24 0.01 8 4.53581 0.01
r 26 0.01 8 3.87178 0.01
r 28 0.01 8 3.21315 0.01
r 30 0.01 8 2.97204 0.01
r 32 0.01 8 3.21223 0.01
r 34 0.01 8 3.8007 0.01
r 36 0.01 8 4.52114 0.01
r 38 0.01 8 5.33863 0.01
r 40 0.01 8 6.12546 0.01
r 42 0.01 8 6.83129 0.01
r 44 0.01 8 7.53886 0.01
r 46 0.01 8 8.24858 0.01
r 48 0.01 8 8.93995 0.01
r 50 0.01 8 9.61088 0.01
r 52 0.01 8 10.2833 0.01
r 54 0.01 8 10.9423 0.01
r 56 0.01 8 11.5793 0.01
r 58 0.01 8 12.1632 0.01
r 60 0.01 8 12.7721 0.01
r 62 0.01 8 13.384 0.01
r 64 0.01 8 13.9962 0.01
r 66 0.01 8 14.6025 0.01
r 68 0.01 8 15.1934 0.01
r 70 0.01 8 15.7797 0.01
r 72 0.01 8 16.3764 0.01
r 74 0.01 8 16.9368 0.01
r 76 0.01 8 17.4987 0.01
r 78 0.01 8 18.0567 0.01
r 80 0.01 8 18.5978 0.01
s 40 2 62
r 20 0.01 7 7.66863 0.01
r 22 0.01 7 7.20983 0.01
r 24 0.01 7 6.75853 0.01
r 26 0.01 7 6.32891 0.01
r 28 0.01 7 5.85773 0.01
r 30 0.01 7 5.37842 0.01
r 32 0.01 7 4.9192 0.01
r 34 0.01 7 4.49973 0.01
r 36 0.01 7 3.94535 0.01
r 38 0.01 7 3.36962 0.01
r 40 0.01 7 3.15868 0.01
r 42 0.01 7 3.40035 0.01
r 44 0.01 7 4.01348 0.01
r 46 0.01 7 4.60627 0.01
r 48 0.01 7 4.99977 0.01
r 50 0.01 7 5.544 0.01
r 52 0.01 7 6.07687 0.01
r 54 0.01 7 6.50834 0.01
r 56 0.01 7 7.01426 0.01
r 58 0.01 7 7.54356 0.01
r 60 0.01 7 8.00842 0.01
r 62 0.01 7 8.47133 0.01
r 64 0.01 7 8.87747 0.01
r 66 0.01 7 9.35655 0.01
r 68 0.01 7 9.83854 0.01
r 70 0.01 7 10.2354 0.01
r 72 0.01 7 10.7119 0.01
r 74 0.01 7 11.0788 0.01
r 76 0.01 7 11.4451 0.01
r 78 0.01 7 11.83 0.01
r 80 0.01 7 12.2015 0.01
r 20 0.01 8 9.90789 0.01
r 22 0.01 8 9.099 0.01
r 24 0.01 8 8.33401 0.01
r 26 0.01 8 7.60723 0.01
r 28 0.01 8 6.87792 0.01
r 30 0.01 8 6.16496 0.01
r 32 0.01 8 5.38464 0.01
r 34 0.01 8 4.65729 0.01
r 36 0.01 8 3.95311 0.01
r 38 0.01 8 3.38241 0.01
r 40 0.01 8 3.16224 0.01
r 42 0.01 8 3.40799 0.01
r 44 0.01 8 4.01191 0.01
r 46 0.01 8 4.62347 0.01
r 48 0.01 8 5.30268 0.01
r 50 0.01 8 5.97679 0.01
r 52 0.01 8 6.64608 0.01
r 54 0.01 8 7.37762 0.01
r 56 0.01 8 8.03389 0.01
r 58 0.01 8 8.62567 0.01
r 60 0.01 8 9.24436 0.01
r 62 0.01 8 9.85642 0.01
r 64 0.01 8 10.4646 0.01
r 66 0.01 8 11.074 0.01
r 68 0.01 8 11.6612 0.01
r 70 0.01 8 12.2472 0.01
r 72 0.01 8 12.8427 0.01
r 74 0.01 8 13.3952 0.01
r 76 0.01 8 13.966 0.01
r 78 0.01 8 14.5103 0.01
r 80 0.01 8 15.0555 0.01
s 50 2 62
r 20 0.01 7 10.025 0.01
r 22 0.01 7 9.59961 0.01
r 24 0.01 7 9.18657 0.01
r 26 0.01 7 8.80737 0.01
r 28 0.01 7 8.38334 0.01
r 30 0.01 7 7.95 0.01
r 32 0.01 7 7.50917 0.01
r 34 0.01 7 7.08895 0.01
r 36 0.01 7 6.66534 0.01
r 38 0.01 7 6.16934 0.01
r 40 0.01 7 5.66811 0.01
r 42 0.01 7 5.29492 0.01
r 44 0.01 7 4.79227 0.01
r 46 0.01 7 4.15412 0.01
r 48 0.01 7 3.69004 0.01
r 50 0.01 7 3.51494 0.01
r 52 0.01 7 3.68997 0.01
r 54 0.01 7 4.15482 0.01
r 56 0.01 7 4.81123 0.01
r 58 0.01 7 5.35257 0.01
r 60 0.01 7 5.83241 0.01
r 62 0.01 7 6.25442 0.01
r 64 0.01 7 6.75741 0.01
r 66 0.01 7 7.29076 0.01
r 68 0.01 7 7.75947 0.01
r 70 0.01 7 8.20219 0.01
r 72 0.01 7 8.71513 0.01
r 74 0.01 7 9.2213 0.01
r 76 0.01 7 9.56953 0.01
r 78 0.01 7 10.1283 0.01
r 80 0.01 7 10.5546 0.01
r 20 0.01 8 13.4445 0.01
r 22 0.01 8 12.6907 0.01
r 24 0.01 8 11.9014 0.01
r 26 0.01 8 11.1522 0.01
r 28 0.01 8 10.4153 0.01
r 30 0.01 8 9.6904 0.01
r 32 0.01 8 8.98241 0.01
r 34 0.01 8 8.27426 0.01
r 36 0.01 8 7.58477 0.01
r 38 0.01 8 6.90984 0.01
r 40 0.01 8 6.23652 0.01
r 42 0.01 8 5.46017 0.01
r 44 0.01 8 4.82576 0.01
r 46 0.01 8 4.26022 0.01
r 48 0.01 8 3.71187 0.01
r 50 0.01 8 3.52014 0.01
r 52 0.01 8 3.70142 0.01
r 54 0.01 8 4.1636 0.01
r 56 0.01 8 4.81972 0.01
r 58 0.01 8 5.43404 0.01
r 60 0.01 8 6.15962 0.01
r 62 0.01 8 6.77099 0.01
r 64 0.01 8 7.3827 0.01
r 66 0.01 8 7.98712 0.01
r 68 0.01 8 8.57305 0.01
r 70 0.01 8 9.15773 0.01
r 72 0.01 8 9.7562 0.01
r 74 0.01 8 10.3182 0.01
r 76 0.01 8 10.88 0.01
r 78 0.01 8 11.4397 0.01
r 80 0.01 8 11.982 0.01
s 60 2 62
r 20 0.01 7 12.0165 0.01
r 22 0.01 7 11.6674 0.01
r 24 0.01 7 11.3069 0.01
r 26 0.01 7 10.9635 0.01
r 28 0.01 7 10.6052 0.01
r 30 0.01 7 10.2201 0.01
r 32 0.01 7 9.80978 0.01
r 34 0.01 7 9.52224 0.01
r 36 0.01 7 9.09464 0.01
r 38 0.01 7 8.67043 0.01
r 40 0.01 7 8.12769 0.01
r 42 0.01 7 7.71842 0.01
r 44 0.01 7 7.28392 0.01
r 46 0.01 7 6.7961 0.01
r 48 0.01 7 6.3961 0.01
r 50 0.01 7 5.86126 0.01
r 52 0.01 7 5.39321 0.01
r 54 0.01 7 4.98297 0.01
r 56 0.01 7 4.26878 0.01
r 58 0.01 7 3.84141 0.01
r 60 0.01 7 3.68096 0.01
r 62 0.01 7 3.87291 0.01
r 64 0.01 7 4.31673 0.01
r 66 0.01 7 4.97393 0.01
r 68 0.01 7 5.54801 0.01
r 70 0.01 7 5.97532 0.01
r 72 0.01 7 6.58935 0.01
r 74 0.01 7 7.0673 0.01
r 76 0.01 7 7.45061 0.01
r 78 0.01 7 8.03609 0.01
r 80 0.01 7 8.50031 0.01
r 20 0.01 8 16.6264 0.01
r 22 0.01 8 15.8845 0.01
r 24 0.01 8 15.1114 0.01
r 26 0.01 8 14.3567 0.01
r 28 0.01 8 13.5915 0.01
r 30 0.01 8 12.8637 0.01
r 32 0.01 8 12.152 0.01
r 34 0.01 8 11.4596 0.01
r 36 0.01 8 10.7902 0.01
r 38 0.01 8 10.1196 0.01
r 40 0.01 8 9.44782 0.01
r 42 0.01 8 8.74586 0.01
r 44 0.01 8 8.11049 0.01
r 46 0.01 8 7.47664 0.01
r 48 0.01 8 6.75196 0.01
r 50 0.01 8 6.16018 0.01
r 52 0.01 8 5.5787 0.01
r 54 0.01 8 4.93747 0.01
r 56 0.01 8 4.31395 0.01
r 58 0.01 8 3.87278 0.01
r 60 0.01 8 3.68449 0.01
r 62 0.01 8 3.8999 0.01
r 64 0.01 8 4.3717 0.01
r 66 0.01 8 5.10923 0.01
r 68 0.01 8 5.69518 0.01
r 70 0.01 8 6.28124 0.01
r 72 0.01 8 6.86683 0.01
r 74 0.01 8 7.42988 0.01
r 76 0.01 8 7.99167 0.01
r 78 0.01 8 8.55432 0.01
r 80 0.01 8 9.09472 0.01
s 70 2 62
r 20 0.01 7 13.8348 0.01
r 22 0.01 7 13.5335 0.01
r 24 0.01 7 13.2181 0.01
r 26 0.01 7 12.9128 0.01
r 28 0.01 7 12.6066 0.01
r 30 0.01 7 12.2705 0.01
r 32 0.01 7 11.9294 0.01
r 34 0.01 7 11.6081 0.01
r 36 0.01 7 11.3136 0.01
r 38 0.01 7 10.9372 0.01
r 40 0.01 7 10.4506 0.01
r 42 0.01 7 10.1791 0.01
r 44 0.01 7 9.7714 0.01
r 46 0.01 7 9.23354 0.01
r 48 0.01 7 8.92534 0.01
r 50 0.01 7 8.4908 0.01
r 52 0.01 7 8.01883 0.01
r 54 0.01 7 7.51648 0.01
r 56 0.01 7 7.10836 0.01
r 58 0.01 7 6.58294 0.01
r 60 0.01 7 6.17877 0.01
r 62 0.01 7 5.69531 0.01
r 64 0.01 7 5.00614 0.01
r 66 0.01 7 4.50052 0.01
r 68 0.01 7 4.12824 0.01
r 70 0.01 7 3.99215 0.01
r 72 0.01 7 4.12841 0.01
r 74 0.01 7 4.50149 0.01
r 76 0.01 7 5.0056 0.01
r 78 0.01 7 5.67851 0.01
r 80 0.01 7 6.18128 0.01
r 20 0.01 8 19.7409 0.01
r 22 0.01 8 18.9588 0.01
r 24 0.01 8 18.2042 0.01
r 26 0.01 8 17.505 0.01
r 28 0.01 8 16.7656 0.01
r 30 0.01 8 16.0504 0.01
r 32 0.01 8 15.3428 0.01
r 34 0.01 8 14.6361 0.01
r 36 0.01 8 13.8854 0.01
r 38 0.01 8 13.265 0.01
r 40 0.01 8 12.5907 0.01
r 42 0.01 8 11.9274 0.01
r 44 0.01 8 11.2272 0.01
r 46 0.01 8 10.6426 0.01
r 48 0.01 8 9.87731 0.01
r 50 0.01 8 9.27863 0.01
r 52 0.01 8 8.67666 0.01
r 54 0.01 8 8.05107 0.01
r 56 0.01 8 7.44794 0.01
r 58 0.01 8 6.84184 0.01
r 60 0.01 8 6.30606 0.01
r 62 0.01 8 5.67834 0.01
r 64 0.01 8 5.09883 0.01
r 66 0.01 8 4.51529 0.01
r 68 0.01 8 4.17139 0.01
r 70 0.01 8 3.99673 0.01
r 72 0.01 8 4.14489 0.01
r 74 0.01 8 4.5423 0.01
r 76 0.01 8 5.06401 0.01
r 78 0.01 8 5.67268 0.01
r 80 0.01 8 6.24864 0.01
