2
s    30.000     2.000   64
r    20.000     0.010    6     0.000     0.050
r    28.000     0.010    6     0.000     0.050
r    36.000     0.010    6     0.000     0.050
r    44.000     0.010    6     0.000     0.050
r    52.000     0.010    6     0.000     0.050
r    60.000     0.010    6     0.000     0.050
r    68.000     0.010    6     0.000     0.050
r    76.000     0.010    6     0.000     0.050
r    20.000     0.010    9     0.000     0.050
r    28.000     0.010    9     0.000     0.050
r    36.000     0.010    9     0.000     0.050
r    44.000     0.010    9     0.000     0.050
r    52.000     0.010    9     0.000     0.050
r    60.000     0.010    9     0.000     0.050
r    68.000     0.010    9     0.000     0.050
r    76.000     0.010    9     0.000     0.050
r    20.000     0.010    7     0.000     0.050
r    28.000     0.010    7     0.000     0.050
r    36.000     0.010    7     0.000     0.050
r    44.000     0.010    7     0.000     0.050
r    52.000     0.010    7     0.000     0.050
r    60.000     0.010    7     0.000     0.050
r    68.000     0.010    7     0.000     0.050
r    76.000     0.010    7     0.000     0.050
r    20.000     0.010   10     0.000     0.050
r    28.000     0.010   10     0.000     0.050
r    36.000     0.010   10     0.000     0.050
r    44.000     0.010   10     0.000     0.050
r    52.000     0.010   10     0.000     0.050
r    60.000     0.010   10     0.000     0.050
r    68.000     0.010   10     0.000     0.050
r    76.000     0.010   10     0.000     0.050
r    20.000     0.010   14     0.000     0.050
r    28.000     0.010   14     0.000     0.050
r    36.000     0.010   14     0.000     0.050
r    44.000     0.010   14     0.000     0.050
r    52.000     0.010   14     0.000     0.050
r    60.000     0.010   14     0.000     0.050
r    68.000     0.010   14     0.000     0.050
r    76.000     0.010   14     0.000     0.050
r    20.000     0.010    8     0.000     0.050
r    28.000     0.010    8     0.000     0.050
r    36.000     0.010    8     0.000     0.050
r    44.000     0.010    8     0.000     0.050
r    52.000     0.010    8     0.000     0.050
r    60.000     0.010    8     0.000     0.050
r    68.000     0.010    8     0.000     0.050
r    76.000     0.010    8     0.000     0.050
r    20.000     0.010   11     0.000     0.050
r    28.000     0.010   11     0.000     0.050
r    36.000     0.010   11     0.000     0.050
r    44.000     0.010   11     0.000     0.050
r    52.000     0.010   11     0.000     0.050
r    60.000     0.010   11     0.000     0.050
r    68.000     0.010   11     0.000     0.050
r    76.000     0.010   11     0.000     0.050
r    20.000     0.010   15     0.000     0.050
r    28.000     0.010   15     0.000     0.050
r    36.000     0.010   15     0.000     0.050
r    44.000     0.010   15     0.000     0.050
r    52.000     0.010   15     0.000     0.050
r    60.000     0.010   15     0.000     0.050
r    68.000     0.010   15     0.000     0.050
r    76.000     0.010   15     0.000     0.050
s    50.000     2.000   64
r    20.000     0.010    6     0.000     0.050
r    28.000     0.010    6     0.000     0.050
r    36.000     0.010    6     0.000     0.050
r    44.000     0.010    6     0.000     0.050
r    52.000     0.010    6     0.000     0.050
r    60.000     0.010    6     0.000     0.050
r    68.000     0.010    6     0.000     0.050
r    76.000     0.010    6     0.000     0.050
r    20.000     0.010    9     0.000     0.050
r    28.000     0.010    9     0.000     0.050
r    36.000     0.010    9     0.000     0.050
r    44.000     0.010    9     0.000     0.050
r    52.000     0.010    9     0.000     0.050
r    60.000     0.010    9     0.000     0.050
r    68.000     0.010    9     0.000     0.050
r    76.000     0.010    9     0.000     0.050
r    20.000     0.010    7     0.000     0.050
r    28.000     0.010    7     0.000     0.050
r    36.000     0.010    7     0.000     0.050
r    44.000     0.010    7     0.000     0.050
r    52.000     0.010    7     0.000     0.050
r    60.000     0.010    7     0.000     0.050
r    68.000     0.010    7     0.000     0.050
r    76.000     0.010    7     0.000     0.050
r    20.000     0.010   10     0.000     0.050
r    28.000     0.010   10     0.000     0.050
r    36.000     0.010   10     0.000     0.050
r    44.000     0.010   10     0.000     0.050
r    52.000     0.010   10     0.000     0.050
r    60.000     0.010   10     0.000     0.050
r    68.000     0.010   10     0.000     0.050
r    76.000     0.010   10     0.000     0.050
r    20.000     0.010   14     0.000     0.050
r    28.000     0.010   14     0.000     0.050
r    36.000     0.010   14     0.000     0.050
r    44.000     0.010   14     0.000     0.050
r    52.000     0.010   14     0.000     0.050
r    60.000     0.010   14     0.000     0.050
r    68.000     0.010   14     0.000     0.050
r    76.000     0.010   14     0.000     0.050
r    20.000     0.010    8     0.000     0.050
r    28.000     0.010    8     0.000     0.050
r    36.000     0.010    8     0.000     0.050
r    44.000     0.010    8     0.000     0.050
r    52.000     0.010    8     0.000     0.050
r    60.000     0.010    8     0.000     0.050
r    68.000     0.010    8     0.000     0.050
r    76.000     0.010    8     0.000     0.050
r    20.000     0.010   11     0.000     0.050
r    28.000     0.010   11     0.000     0.050
r    36.000     0.010   11     0.000     0.050
r    44.000     0.010   11     0.000     0.050
r    52.000     0.010   11     0.000     0.050
r    60.000     0.010   11     0.000     0.050
r    68.000     0.010   11     0.000     0.050
r    76.000     0.010   11     0.000     0.050
r    20.000     0.010   15     0.000     0.050
r    28.000     0.010   15     0.000     0.050
r    36.000     0.010   15     0.000     0.050
r    44.000     0.010   15     0.000     0.050
r    52.000     0.010   15     0.000     0.050
r    60.000     0.010   15     0.000     0.050
r    68.000     0.010   15     0.000     0.050
r    76.000     0.010   15     0.000     0.050
