2
s 30 2 64
r 20 0.01 6 4.6266 0.01
r 28 0.01 6 2.90676 0.01
r 36 0.01 6 3.7759 0.01
r 44 0.01 6 5.85247 0.01
r 52 0.01 6 7.67407 0.01
r 60 0.01 6 9.53911 0.01
r 68 0.01 6 11.4746 0.01
r 76 0.01 6 13.1145 0.01
r 20 0.01 9 7.07659 0.01
r 28 0.01 9 5.58095 0.01
r 36 0.01 9 6.24259 0.01
r 44 0.01 9 8.40289 0.01
r 52 0.01 9 10.1579 0.01
r 60 0.01 9 12.0306 0.01
r 68 0.01 9 13.9686 0.01
r 76 0.01 9 15.6499 0.01
r 20 0.01 7 4.34207 0.01
r 28 0.01 7 3.45099 0.01
r 36 0.01 7 3.95957 0.01
r 44 0.01 7 5.19584 0.01
r 52 0.01 7 6.32816 0.01
r 60 0.01 7 7.35357 0.01
r 68 0.01 7 8.55172 0.01
r 76 0.01 7 9.5019 0.01
r 20 0.01 10 6.64971 0.01
r 28 0.01 10 5.76296 0.01
r 36 0.01 10 6.26553 0.01
r 44 0.01 10 7.50533 0.01
r 52 0.01 10 8.63783 0.01
r 60 0.01 10 9.66066 0.01
r 68 0.01 10 10.8539 0.01
r 76 0.01 10 11.8148 0.01
r 20 0.01 14 7.00843 0.01
r 28 0.01 14 6.11735 0.01
r 36 0.01 14 6.62593 0.01
r 44 0.01 14 7.8622 0.01
r 52 0.01 14 8.99452 0.01
r 60 0.01 14 10.0199 0.01
r 68 0.01 14 11.2181 0.01
r 76 0.01 14 12.1683 0.01
r 20 0.01 8 5.16729 0.01
r 28 0.01 8 3.55307 0.01
r 36 0.01 8 4.29271 0.01
r 44 0.01 8 6.35392 0.01
r 52 0.01 8 8.18757 0.01
r 60 0.01 8 10.0363 0.01
r 68 0.01 8 11.9806 0.01
r 76 0.01 8 13.5988 0.01
r 20 0.01 11 7.42762 0.01
r 28 0.01 11 5.8596 0.01
r 36 0.01 11 6.56816 0.01
r 44 0.01 11 8.4694 0.01
r 52 0.01 11 10.2389 0.01
r 60 0.01 11 12.1414 0.01
r 68 0.01 11 14.0766 0.01
r 76 0.01 11 15.7425 0.01
r 20 0.01 15 7.76601 0.01
r 28 0.01 15 6.21943 0.01
r 36 0.01 15 6.83666 0.01
r 44 0.01 15 8.78609 0.01
r 52 0.01 15 10.6532 0.01
r 60 0.01 15 12.5189 0.01
r 68 0.01 15 14.4574 0.01
r 76 0.01 15 16.1166 0.01
s 50 2 64
r 20 0.01 6 9.35346 0.01
r 28 0.01 6 7.67137 0.01
r 36 0.01 6 5.87382 0.01
r 44 0.01 6 3.91193 0.01
r 52 0.01 6 3.17227 0.01
r 60 0.01 6 5.01188 0.01
r 68 0.01 6 7.02388 0.01
r 76 0.01 6 8.88709 0.01
r 20 0.01 9 11.8476 0.01
r 28 0.01 9 10.1536 0.01
r 36 0.01 9 8.41592 0.01
r 44 0.01 9 6.37174 0.01
r 52 0.01 9 5.83896 0.01
r 60 0.01 9 7.61955 0.01
r 68 0.01 9 9.51011 0.01
r 76 0.01 9 11.381 0.01
r 20 0.01 7 7.22415 0.01
r 28 0.01 7 6.38137 0.01
r 36 0.01 7 5.28972 0.01
r 44 0.01 7 4.30168 0.01
r 52 0.01 7 3.73869 0.01
r 60 0.01 7 4.90948 0.01
r 68 0.01 7 6.13227 0.01
r 76 0.01 7 7.27408 0.01
r 20 0.01 10 9.97903 0.01
r 28 0.01 10 9.13393 0.01
r 36 0.01 10 8.04554 0.01
r 44 0.01 10 7.05514 0.01
r 52 0.01 10 6.48209 0.01
r 60 0.01 10 7.6661 0.01
r 68 0.01 10 8.88655 0.01
r 76 0.01 10 10.03 0.01
r 20 0.01 14 9.89051 0.01
r 28 0.01 14 9.04773 0.01
r 36 0.01 14 7.95608 0.01
r 44 0.01 14 6.96804 0.01
r 52 0.01 14 6.38088 0.01
r 60 0.01 14 7.57584 0.01
r 68 0.01 14 8.79863 0.01
r 76 0.01 14 9.94044 0.01
r 20 0.01 8 9.96823 0.01
r 28 0.01 8 8.29316 0.01
r 36 0.01 8 6.48162 0.01
r 44 0.01 8 4.56575 0.01
r 52 0.01 8 3.85925 0.01
r 60 0.01 8 7.08507 0.01
r 68 0.01 8 8.0648 0.01
r 76 0.01 8 9.5331 0.01
r 20 0.01 11 12.4499 0.01
r 28 0.01 11 10.7316 0.01
r 36 0.01 11 9.38075 0.01
r 44 0.01 11 7.01753 0.01
r 52 0.01 11 6.61501 0.01
r 60 0.01 11 9.84271 0.01
r 68 0.01 11 10.8222 0.01
r 76 0.01 11 12.2288 0.01
r 20 0.01 15 12.476 0.01
r 28 0.01 15 10.7686 0.01
r 36 0.01 15 9.07249 0.01
r 44 0.01 15 7.08171 0.01
r 52 0.01 15 6.52561 0.01
r 60 0.01 15 9.75143 0.01
r 68 0.01 15 10.7312 0.01
r 76 0.01 15 12.0927 0.01
