63 81 1.5 0.33
0 2 4 6 8 10 12 14 16 18 20 22 24 26 28 30 32 34 36 38 40 42 44 46 48 50 52 54 56 58 60 62 64 66 68 70 72 74 76 78 80 82 84 86 88 90 92 94 96 98 100 102 104 106 108 110 112 114 116 118 120 122 124 
0 0 0 0 0 0 0 0 0 0 0 0 0 0 0 0 0 0 0 0 0 0 0 0 0 0 0 0 0 0 0 0 0 0 0 0 0 0 0 0 0 0 0 0 0 0 0 0 0 0 0 0 0 0 0 0 0 0 0 0 0 0 0 
0 0.2 0.4 0.6 0.8 1 1.2 1.4 1.6 1.8 2 2.2 2.4 2.6 2.8 3 3.2 3.4 3.6 3.8 4 4.2 4.4 4.6 4.8 5 5.2 5.4 5.6 5.8 6 6.2 6.4 6.6 6.8 7 7.2 7.4 7.6 7.8 8 8.2 8.4 8.6 8.8 9 9.2 9.4 9.6 9.8 10 10.2 10.4 10.6 10.8 11 11.2 11.4 11.6 11.8 12 12.2 12.4 12.6 12.8 13 13.2 13.4 13.6 13.8 14 14.2 14.4 14.6 14.8 15 15.2 15.4 15.6 15.8 16 
1.5 1.5 1.5 1.5 1.5 1.5 1.5 1.5 1.5 1.5 1.5 1.32867 4.12777 4.13797 4.14837 4.15898 4.16976 4.18141 4.19166 4.20248 4.21282 4.22304 4.23283 4.24316 4.25301 4.26262 4.27215 4.28131 4.29099 4.30016 4.30889 4.31767 4.32637 4.33481 4.3441 4.35126 4.3592 4.36714 4.37494 4.38351 4.38989 4.39736 4.4047 4.41192 4.41817 4.42632 4.43358 4.44074 4.44798 4.45403 4.46243 4.46993 4.47733 4.48492 4.4925 4.50018 4.50815 4.51612 4.52428 4.53255 4.54082 4.54957 4.55814 4.5669 4.57587 4.58493 4.5943 4.60356 4.61314 4.62271 4.63219 4.64236 4.65234 4.66273 4.67251 4.68329 4.69328 4.70337 4.71487 4.72478 4.73219 
1.5 1.5 1.5 1.5 1.5 1.5 1.5 1.5 1.5 1.5 1.5 1.3283 1.37583 4.12232 4.13248 4.14286 4.15288 4.16453 4.17486 4.18573 4.19605 4.20621 4.2159 4.22617 4.23598 4.2456 4.25513 4.2643 4.27405 4.28334 4.29241 4.30129 4.31017 4.31881 4.32829 4.33585 4.34427 4.35256 4.36081 4.36981 4.37683 4.3849 4.39275 4.40066 4.40772 4.4164 4.42432 4.43223 4.44011 4.4471 4.45602 4.46413 4.47215 4.48035 4.48864 4.49673 4.50519 4.51347 4.52203 4.5306 4.53896 4.54782 4.55648 4.56455 4.5741 4.58306 4.59212 4.60128 4.60984 4.6197 4.62897 4.63894 4.64841 4.65776 4.66835 4.67872 4.68779 4.69925 4.70771 4.71761 4.72861 
1.5 1.5 1.5 1.5 1.5 1.5 1.5 1.5 1.5 1.5 1.5 1.32812 1.37456 1.42156 4.11855 4.12826 4.1375 4.15008 4.16015 4.17118 4.18156 4.19183 4.20167 4.21222 4.222 4.23162 4.2414 4.25048 4.26043 4.26995 4.27897 4.28742 4.2971 4.30596 4.31493 4.3233 4.33112 4.34049 4.34892 4.3574 4.36556 4.37447 4.38217 4.39032 4.39824 4.40671 4.41505 4.42328 4.43157 4.43932 4.44809 4.45661 4.46504 4.47355 4.48168 4.49084 4.49971 4.50849 4.51737 4.52566 4.53512 4.54439 4.55347 4.56265 4.57123 4.5811 4.59057 4.60005 4.60951 4.61819 4.62825 4.63833 4.6481 4.65798 4.66693 4.67792 4.68828 4.69904 4.70759 4.71471 4.7291 
1.5 1.5 1.5 1.5 1.5 1.5 1.5 1.5 1.5 1.5 1.5 1.32648 1.37334 1.42082 4.11772 4.12765 4.13604 4.1484 4.15896 4.16984 4.18027 4.19056 4.20051 4.21097 4.2207 4.23056 4.2403 4.24964 4.25968 4.26914 4.27838 4.28777 4.29709 4.30608 4.31518 4.32396 4.33283 4.34168 4.35047 4.35921 4.36785 4.37703 4.38511 4.39373 4.40184 4.41079 4.41977 4.42804 4.43663 4.44479 4.45395 4.46216 4.47131 4.48013 4.48838 4.49794 4.50636 4.51603 4.52435 4.53344 4.54332 4.55203 4.56212 4.57152 4.58102 4.59043 4.59935 4.60993 4.61875 4.62942 4.63921 4.64831 4.6598 4.6683 4.68069 4.68978 4.69962 4.71141 4.7189 4.73318 4.74259 
1.5 1.5 1.5 1.5 1.5 1.5 1.5 1.5 1.5 1.5 1.5 1.3248 1.37171 1.4201 4.11655 4.1273 4.13668 4.14731 4.15834 4.1699 4.18117 4.19138 4.2008 4.21148 4.22118 4.23162 4.24152 4.2507 4.26073 4.27008 4.27978 4.28931 4.29816 4.30753 4.31775 4.326 4.33502 4.34369 4.35261 4.36275 4.37098 4.38013 4.38831 4.39717 4.40595 4.41541 4.42455 4.43299 4.44193 4.451 4.46063 4.46934 4.47848 4.48759 4.49764 4.50698 4.51593 4.52546 4.53477 4.54508 4.55463 4.56377 4.57341 4.58394 4.59389 4.60374 4.6131 4.62315 4.63417 4.6443 4.65443 4.66398 4.67471 4.68602 4.69724 4.70686 4.71807 4.72743 4.74001 4.75003 4.76102 
1.5 1.5 1.5 1.5 1.5 1.5 1.5 1.5 1.5 1.5 1.5 1.32258 1.36941 4.12163 4.13261 4.14423 4.15645 4.16928 4.17996 4.19079 4.20129 4.21149 4.22167 4.232 4.24203 4.25165 4.26155 4.27111 4.28068 4.29001 4.29899 4.30817 4.31746 4.32646 4.33619 4.34446 4.35348 4.36252 4.37156 4.38121 4.38968 4.39897 4.40812 4.41737 4.426 4.43598 4.44552 4.455 4.46451 4.47384 4.48387 4.49382 4.5036 4.51351 4.5235 4.53328 4.54348 4.5536 4.5636 4.57372 4.58383 4.59414 4.60435 4.61466 4.62496 4.63526 4.64597 4.65637 4.66707 4.67736 4.68795 4.69872 4.7097 4.72057 4.73155 4.74184 4.75391 4.76327 4.7755 4.78517 4.79686 
1.5 1.5 1.5 1.5 1.5 1.5 1.5 1.5 1.5 1.5 1.5 1.31987 1.36718 4.13022 4.14121 4.1556 4.16982 4.17878 4.19263 4.20321 4.21343 4.22344 4.23305 4.243 4.25338 4.26284 4.27244 4.28132 4.29088 4.29913 4.30841 4.31731 4.32622 4.33497 4.34347 4.35283 4.36163 4.37083 4.37982 4.38843 4.39835 4.40776 4.41732 4.42681 4.43607 4.44633 4.4564 4.46646 4.47659 4.48652 4.49703 4.5075 4.51803 4.52849 4.53907 4.54946 4.56027 4.5703 4.58149 4.5923 4.60302 4.61381 4.6245 4.63539 4.64625 4.65712 4.66817 4.67841 4.69018 4.70122 4.71226 4.72347 4.73457 4.74618 4.7573 4.76853 4.78037 4.79081 4.80282 4.81427 4.82541 
1.5 1.5 1.5 1.5 1.5 1.5 1.5 1.5 1.5 1.5 1.5 1.31681 1.36299 1.40832 1.45393 4.16459 4.18465 4.1892 4.19928 4.20664 4.21757 4.22636 4.23527 4.24416 4.25202 4.26109 4.26922 4.27604 4.28488 4.29208 4.30043 4.3083 4.31548 4.3244 4.3319 4.34103 4.34957 4.35833 4.3672 4.3755 4.38563 4.3954 4.40507 4.41509 4.42475 4.43554 4.4461 4.45672 4.46748 4.47815 4.48934 4.49976 4.51173 4.52302 4.53425 4.5455 4.55623 4.56847 4.57973 4.59121 4.60257 4.61356 4.62543 4.63693 4.64838 4.65993 4.67145 4.68296 4.69455 4.70604 4.71771 4.72933 4.74055 4.75296 4.76397 4.77621 4.78767 4.79945 4.81115 4.82401 4.83518 
1.5 1.5 1.5 1.5 1.5 1.5 1.5 1.5 1.5 1.5 1.5 1.31317 1.35926 1.40399 1.44998 1.49599 4.22214 4.22053 4.22495 4.23393 4.24052 4.24806 4.25579 4.26472 4.27185 4.27829 4.28541 4.2896 4.29835 4.30324 4.31024 4.31676 4.32391 4.32964 4.33705 4.3457 4.35366 4.36199 4.37052 4.37805 4.38863 4.39832 4.40824 4.41861 4.42846 4.43971 4.45088 4.4609 4.47367 4.48518 4.49707 4.5091 4.5202 4.53324 4.54528 4.55734 4.56973 4.58126 4.59404 4.60622 4.61837 4.63068 4.64268 4.65479 4.66675 4.67877 4.69074 4.70278 4.7148 4.72669 4.73876 4.75077 4.76225 4.77481 4.78483 4.79885 4.80966 4.82254 4.83397 4.84823 4.85956 
1.5 1.5 1.5 1.5 1.5 1.5 1.5 1.5 1.5 1.5 1.5 1.30947 1.35523 1.39992 1.44604 1.49156 4.26688 4.26354 4.26172 4.27177 4.27496 4.28162 4.28857 4.29541 4.30435 4.30866 4.31499 4.31839 4.32372 4.32871 4.33465 4.34031 4.34645 4.35271 4.35818 4.36651 4.37399 4.38187 4.39045 4.39935 4.40839 4.41808 4.42822 4.43862 4.44901 4.46069 4.47224 4.48424 4.49626 4.50722 4.52096 4.53376 4.54643 4.55841 4.57135 4.58518 4.59827 4.61128 4.62404 4.63699 4.64977 4.66274 4.67535 4.68752 4.70069 4.71336 4.72567 4.73812 4.75004 4.76288 4.77522 4.78758 4.7994 4.81186 4.82404 4.8364 4.84789 4.86037 4.87315 4.88717 4.89884 
1.5 1.5 1.5 1.5 1.5 1.5 1.5 1.5 1.5 1.5 1.5 1.30554 1.35094 1.39618 1.44165 4.29713 4.36523 4.32157 4.308 4.31155 4.31887 4.32524 4.33177 4.33751 4.34275 4.34841 4.35153 4.35198 4.35652 4.36154 4.3665 4.3717 4.37749 4.38183 4.38834 4.39509 4.40467 4.41083 4.41973 4.42928 4.43894 4.45179 4.46031 4.47424 4.48411 4.4984 4.51087 4.52405 4.53714 4.55063 4.56416 4.57762 4.59145 4.60511 4.61892 4.63252 4.64627 4.66003 4.67335 4.68683 4.70007 4.71344 4.72663 4.73975 4.75275 4.76558 4.77832 4.79088 4.80357 4.81612 4.82864 4.84131 4.85353 4.86539 4.87832 4.89001 4.90223 4.91394 4.9278 4.94137 4.95244 
1.5 1.5 1.5 1.5 1.5 1.5 1.5 1.5 1.5 1.5 1.5 1.30088 1.34604 1.39191 1.4371 4.37784 4.60752 4.41865 4.36642 4.37716 4.36935 4.37333 4.37815 4.38009 4.39012 4.38619 4.38585 4.37465 4.38107 4.38473 4.38926 4.39423 4.39995 4.40594 4.41313 4.42027 4.4286 4.43788 4.44806 4.45857 4.46979 4.48115 4.49336 4.50564 4.51842 4.53176 4.54514 4.55882 4.57264 4.58701 4.60084 4.61521 4.62936 4.64382 4.65806 4.67216 4.68648 4.70051 4.71439 4.72814 4.74193 4.75586 4.76921 4.7827 4.79587 4.80906 4.82205 4.83486 4.84779 4.86056 4.8733 4.88623 4.89861 4.91112 4.92394 4.93598 4.94777 4.9606 4.97236 4.98741 4.9971 
1.5 1.5 1.5 1.5 1.5 1.5 1.5 1.5 1.5 1.5 1.5 1.29503 1.33986 1.38572 1.43064 4.36905 4.51556 4.52433 4.33891 4.34985 4.35766 4.36449 4.37264 4.37777 4.38558 4.39056 4.39217 4.38127 4.38901 4.39525 4.40238 4.40985 4.41764 4.42626 4.43517 4.44493 4.45518 4.46624 4.47819 4.49033 4.50354 4.51641 4.53002 4.54371 4.55806 4.5721 4.58651 4.60118 4.61562 4.63096 4.64523 4.66001 4.67484 4.68954 4.70421 4.71855 4.73321 4.74751 4.76147 4.77529 4.78924 4.80315 4.8167 4.8303 4.84351 4.85665 4.86973 4.88273 4.89556 4.90845 4.92111 4.93404 4.94692 4.95955 4.97219 4.98465 4.99611 5.00897 5.02099 5.03564 5.04502 
1.5 1.5 1.5 1.5 1.5 1.5 1.5 1.5 1.5 1.5 1.5 1.28977 1.33435 1.37996 1.42486 1.46918 4.28982 4.47122 4.25057 4.26285 4.28025 4.29388 4.30826 4.31507 4.32601 4.33943 4.35277 4.35473 4.3692 4.38291 4.39623 4.40868 4.42111 4.43392 4.44667 4.46068 4.47448 4.48889 4.50347 4.51807 4.53359 4.54843 4.56349 4.57866 4.59434 4.60909 4.62423 4.6393 4.65444 4.67033 4.68442 4.69921 4.714 4.72879 4.7435 4.75769 4.77206 4.7862 4.80005 4.81388 4.82748 4.84106 4.85453 4.86795 4.88109 4.89419 4.90736 4.9203 4.93322 4.94602 4.95883 4.97165 4.98507 4.99767 5.01031 5.02307 5.03494 5.04753 5.06045 5.07417 5.08366 
1.5 1.5 1.5 1.5 1.5 1.5 1.5 1.5 1.5 1.5 1.5 1.28427 1.32845 1.37388 1.41859 1.46262 1.50774 1.5519 4.05613 4.0421 4.0991 4.14444 4.17947 4.20257 4.2206 4.23934 4.26179 4.2882 4.30893 4.33265 4.3584 4.38331 4.40666 4.42785 4.44644 4.46696 4.48606 4.50509 4.52296 4.54036 4.55873 4.57576 4.59268 4.60908 4.62642 4.64114 4.65679 4.67208 4.68723 4.70276 4.71668 4.73112 4.74555 4.75974 4.77379 4.78738 4.80154 4.8152 4.82861 4.84214 4.8554 4.86875 4.88184 4.8948 4.90775 4.9206 4.93349 4.94631 4.95917 4.97208 4.98487 4.99777 5.01092 5.02373 5.03636 5.04947 5.06186 5.07475 5.08889 5.10228 5.11298 
1.5 1.5 1.5 1.5 1.5 1.5 1.5 1.5 1.5 1.5 1.5 1.27764 1.32161 1.36758 1.41228 1.45663 1.50178 1.5496 4.01037 4.02977 4.02027 4.05755 4.10524 4.14287 4.18553 4.21676 4.24082 4.27441 4.29843 4.32708 4.35544 4.38365 4.41238 4.44192 4.46879 4.49671 4.52073 4.54338 4.56477 4.58603 4.60811 4.62744 4.64606 4.66407 4.68325 4.6982 4.71425 4.73002 4.74551 4.76093 4.77409 4.78801 4.80227 4.81585 4.82938 4.8422 4.85597 4.86905 4.8819 4.89493 4.90787 4.92131 4.93443 4.94705 4.96019 4.97299 4.98589 4.99888 5.01199 5.02521 5.03854 5.05206 5.06528 5.07721 5.09244 5.10357 5.11882 5.13074 5.14676 5.16006 5.17056 
1.5 1.5 1.5 1.5 1.5 1.5 1.5 1.5 1.5 1.5 1.5 1.27627 1.32008 1.36544 1.40998 1.45478 1.4995 3.99968 3.98444 4.08364 4.05257 4.09046 4.11668 4.15566 4.17453 4.23374 4.25967 4.2951 4.3221 4.35612 4.38786 4.42138 4.45039 4.48079 4.50788 4.54139 4.57074 4.5978 4.62297 4.64595 4.66892 4.69011 4.71228 4.73269 4.75448 4.76832 4.78445 4.80008 4.81523 4.8308 4.84387 4.85765 4.87108 4.88402 4.89663 4.91056 4.92214 4.93479 4.94723 4.96008 4.97269 4.98576 4.99864 5.01176 5.02494 5.03826 5.05165 5.06529 5.07908 5.09305 5.10716 5.12107 5.13507 5.14865 5.16301 5.17535 5.18924 5.20323 5.21751 5.23305 5.24461 
1.5 1.5 1.5 1.5 1.5 1.5 1.5 1.5 1.5 1.5 1.5 1.27348 1.3172 1.36261 1.40591 1.45222 1.49681 3.97743 3.994 4.08568 4.05185 4.10352 4.14083 4.18083 4.20144 4.25355 4.2892 4.32951 4.35603 4.38402 4.41373 4.45089 4.48774 4.51903 4.55569 4.58561 4.61666 4.64209 4.66958 4.69359 4.7189 4.74198 4.76167 4.78133 4.80603 4.82078 4.83822 4.85429 4.86895 4.88307 4.89551 4.90886 4.92226 4.93497 4.94662 4.95881 4.97154 4.98391 4.99593 5.00842 5.02096 5.03392 5.04735 5.06114 5.0744 5.0885 5.10252 5.11693 5.1314 5.14619 5.16111 5.17558 5.1908 5.20476 5.21902 5.23361 5.24743 5.26344 5.27857 5.29477 5.30924 
1.5 1.5 1.5 1.5 1.5 1.5 1.5 1.5 1.5 1.5 1.5 1.2725 1.31615 1.36164 1.40619 1.45132 1.49628 3.99358 4.02547 4.07563 4.08524 4.14071 4.16424 4.20001 4.24594 4.29992 4.33837 4.38152 4.40951 4.44533 4.47383 4.49979 4.52708 4.55519 4.59157 4.63213 4.67231 4.69715 4.71613 4.74126 4.76379 4.7841 4.8077 4.8269 4.84651 4.86096 4.87786 4.89429 4.91048 4.92594 4.9381 4.95045 4.9631 4.97545 4.98749 5.00128 5.01242 5.02519 5.03755 5.05045 5.06368 5.07722 5.09121 5.10565 5.12042 5.13554 5.15058 5.16602 5.18179 5.19781 5.21406 5.22973 5.24566 5.26129 5.27778 5.29194 5.30622 5.32422 5.34028 5.3586 5.37362 
1.5 1.5 1.5 1.5 1.5 1.5 1.5 1.5 1.5 1.5 1.5 1.27234 1.31532 1.36101 1.40537 1.44883 1.49376 1.53678 4.06652 4.0622 4.12394 4.18071 4.22497 4.27017 4.31774 4.35637 4.3906 4.43941 4.46966 4.51809 4.54101 4.56826 4.60134 4.61762 4.64168 4.66973 4.70213 4.73707 4.77247 4.77501 4.79629 4.81563 4.83471 4.85175 4.8724 4.88116 4.89752 4.91307 4.92351 4.93834 4.95597 4.96994 4.97988 4.99147 5.0032 5.01693 5.02937 5.04311 5.05748 5.0716 5.08595 5.10084 5.11613 5.13245 5.14868 5.16501 5.18221 5.19921 5.21721 5.23474 5.25138 5.26837 5.28504 5.30292 5.31831 5.33522 5.35088 5.37174 5.38469 5.4049 5.4226 
1.5 1.5 1.5 1.5 1.5 1.5 1.5 1.5 1.5 1.5 1.5 1.27076 1.31456 1.3602 1.40493 1.44985 1.49529 1.54019 1.58601 4.16909 4.16002 4.23604 4.2974 4.33833 4.37865 4.42549 4.44954 4.50091 4.51312 4.55334 4.59099 4.6231 4.64235 4.66857 4.69034 4.70547 4.72316 4.74575 4.78118 4.80502 4.80665 4.82693 4.83641 4.85673 4.87624 4.89107 4.90145 4.91608 4.92869 4.94053 4.95504 4.97015 4.98671 5.00131 5.01341 5.02414 5.03869 5.05353 5.06832 5.08336 5.09949 5.11609 5.13308 5.15012 5.16818 5.18606 5.20429 5.2228 5.24165 5.26069 5.27993 5.29837 5.3164 5.33324 5.35243 5.36755 5.38616 5.40435 5.42215 5.44362 5.46339 
1.5 1.5 1.5 1.5 1.5 1.5 1.5 1.5 1.5 1.5 1.5 1.27786 1.32197 1.36793 1.4123 1.45731 1.50377 1.54931 1.59644 1.64168 4.14663 4.19345 4.22782 4.30354 4.38396 4.4181 4.43682 4.48265 4.50565 4.54463 4.57656 4.59527 4.64764 4.67947 4.71724 4.71794 4.7241 4.75185 4.77049 4.82009 4.79949 4.81351 4.83132 4.8435 4.85815 4.86866 4.87647 4.8915 4.90692 4.92028 4.93323 4.94784 4.96391 4.98094 4.99947 5.01534 5.02885 5.04556 5.06285 5.08074 5.09931 5.11884 5.13834 5.15826 5.179 5.19974 5.22089 5.24219 5.26374 5.28556 5.30694 5.32764 5.35039 5.37068 5.39067 5.40761 5.42715 5.44853 5.46635 5.48377 5.50512 
1.5 1.5 1.5 1.5 1.5 1.5 1.5 1.5 1.5 1.5 1.5 1.28017 1.32487 1.3704 1.41539 1.46101 1.50679 1.55264 1.60072 4.14019 4.26188 4.20345 4.20867 4.26375 4.33332 4.46669 4.51075 4.502 4.49428 4.54981 4.59829 4.62937 4.65338 4.66934 4.74574 4.74624 4.7332 4.74697 4.7638 4.80812 4.79297 4.80257 4.81538 4.82846 4.8476 4.8557 4.86448 4.87756 4.893 4.90743 4.92554 4.94228 4.96008 4.97978 5.00077 5.01973 5.0411 5.05835 5.07916 5.10055 5.12247 5.14486 5.16762 5.19035 5.21352 5.23656 5.26012 5.28318 5.30653 5.32968 5.3529 5.37899 5.39693 5.41771 5.43899 5.45789 5.47831 5.49652 5.51597 5.53746 5.56017 
1.5 1.5 1.5 1.5 1.5 1.5 1.5 1.5 1.5 1.5 1.5 1.28131 1.32569 1.37154 1.41676 1.4627 1.50817 1.55273 4.14123 4.17453 4.25959 4.19724 4.21086 4.23432 4.27649 4.38103 4.51201 4.59391 4.56564 4.55822 4.57036 4.60997 4.67765 4.65273 4.69874 4.75551 4.72129 4.73687 4.75852 4.77819 4.76893 4.77769 4.79164 4.80543 4.81711 4.83062 4.84411 4.85764 4.87406 4.88881 4.91016 4.92981 4.95145 4.97356 4.99989 5.02024 5.04723 5.06738 5.09113 5.116 5.14132 5.1673 5.19289 5.21886 5.24477 5.27218 5.29675 5.32212 5.34733 5.37227 5.39719 5.42094 5.44369 5.46664 5.48758 5.50764 5.52771 5.5471 5.56437 5.58727 5.61118 
1.5 1.5 1.5 1.5 1.5 1.5 1.5 1.5 1.5 1.5 1.5 1.28143 1.32554 1.37115 1.41611 1.46187 1.50666 1.5512 1.59725 3.71778 3.59746 3.6768 3.74882 3.8595 3.98781 4.10395 4.19835 4.35802 4.32629 4.42653 4.46687 4.45437 4.55618 4.55466 4.61625 4.67094 4.64252 4.6754 4.69623 4.69965 4.71163 4.72411 4.74114 4.74979 4.76161 4.77748 4.79557 4.81325 4.83051 4.84799 4.87205 4.89455 4.91762 4.94072 4.97264 4.99836 5.02628 5.05057 5.07662 5.10432 5.13217 5.16034 5.18786 5.21523 5.24316 5.27031 5.29766 5.32418 5.35043 5.37625 5.40186 5.4264 5.45016 5.47971 5.49782 5.51853 5.53916 5.55806 5.57397 5.59744 5.62017 
1.5 1.5 1.5 1.5 1.5 1.5 1.5 1.5 1.5 1.5 1.5 1.29023 1.33513 1.38167 1.42752 1.47334 1.51992 1.5649 1.6146 1.66638 3.6309 3.44464 3.58757 3.66797 3.75019 3.84069 3.933 4.11849 4.11521 4.17614 4.40403 4.28643 4.39847 4.41095 4.47858 4.50231 4.51991 4.54225 4.57676 4.60257 4.62333 4.6371 4.65427 4.67126 4.68875 4.71092 4.73205 4.7557 4.77761 4.79838 4.82658 4.85096 4.87813 4.9066 4.93643 4.96591 5.0009 5.02637 5.05683 5.08599 5.11676 5.14775 5.1784 5.20842 5.23838 5.26737 5.29606 5.32361 5.35027 5.37662 5.40234 5.42715 5.45096 5.47497 5.49848 5.51877 5.54124 5.55655 5.57375 5.59444 5.61519 
1.5 1.5 1.5 1.5 1.5 1.5 1.5 1.5 1.5 1.5 1.5 1.27627 1.32021 1.36574 1.41045 1.45516 1.50089 1.54506 1.59161 1.63813 1.68443 3.6946 3.72702 3.75077 3.83981 3.86054 3.9295 4.00703 4.05537 4.10818 4.32702 4.25414 4.32776 4.35453 4.37275 4.36947 4.4045 4.42407 4.46483 4.4929 4.51761 4.53841 4.55786 4.58451 4.60476 4.63235 4.66082 4.69007 4.71585 4.74556 4.77551 4.80515 4.83727 4.86951 4.89918 4.93316 4.96685 5.00021 5.02915 5.06146 5.09389 5.12644 5.15856 5.19043 5.22205 5.25302 5.28375 5.31292 5.34141 5.36869 5.39536 5.42082 5.44558 5.46932 5.49334 5.51296 5.53514 5.55484 5.56575 5.5831 5.6026 
1.5 1.5 1.5 1.5 1.5 1.5 1.5 1.5 1.5 1.5 1.5 1.26862 1.31203 1.35648 1.40053 1.44442 1.48923 1.5324 1.57774 1.62259 1.6682 3.74173 3.98359 3.68346 3.93616 3.89757 4.06674 4.06362 4.07749 4.21396 4.27111 4.3002 4.32203 4.3008 4.30683 4.34173 4.36193 4.38338 4.40908 4.43431 4.46304 4.48415 4.50491 4.5319 4.56017 4.58957 4.62189 4.65185 4.68086 4.71764 4.74897 4.78268 4.81611 4.85005 4.88413 4.91883 4.95458 4.9914 5.02151 5.05478 5.08793 5.12102 5.15369 5.18608 5.21803 5.24953 5.28043 5.31 5.33822 5.36577 5.39216 5.41749 5.44163 5.46644 5.4884 5.50974 5.52901 5.544 5.55897 5.5748 5.59564 
1.5 1.5 1.5 1.5 1.5 1.5 1.5 1.5 1.5 1.5 1.5 1.26334 1.30634 1.35059 1.39456 1.43819 1.4824 1.52547 1.57087 1.61518 1.66179 3.6518 3.67135 3.60794 3.7753 3.78853 3.88311 3.97776 4.20787 4.19721 4.20741 4.22198 4.23303 4.24373 4.27795 4.31022 4.33438 4.36692 4.39216 4.41409 4.43721 4.46353 4.4904 4.51812 4.54925 4.58201 4.61198 4.6429 4.67496 4.71222 4.74175 4.77616 4.81027 4.84425 4.87912 4.91473 4.95078 4.98663 5.01682 5.05039 5.0833 5.11598 5.14775 5.17933 5.21008 5.24071 5.27015 5.29833 5.32529 5.35165 5.37715 5.40124 5.4245 5.44901 5.47073 5.49244 5.51166 5.52748 5.54192 5.55775 5.57632 
1.5 1.5 1.5 1.5 1.5 1.5 1.5 1.5 1.5 1.5 1.5 1.25524 1.29688 1.3402 1.38269 1.42542 1.46751 1.50914 1.55224 1.59573 3.60635 3.53906 3.51218 3.61714 3.73314 3.85794 3.95809 4.09306 4.22864 4.20447 4.17931 4.22883 4.29396 4.29273 4.32211 4.35507 4.38217 4.40412 4.42556 4.44439 4.46756 4.49796 4.5214 4.54737 4.57681 4.60573 4.63467 4.66365 4.69422 4.7302 4.75956 4.79119 4.82321 4.85662 4.8911 4.9258 4.9604 4.9909 5.02254 5.05494 5.08698 5.11843 5.14912 5.17967 5.20935 5.23866 5.26657 5.29356 5.31951 5.34498 5.36934 5.39257 5.41496 5.4387 5.45947 5.48073 5.49897 5.51413 5.5289 5.5436 5.56146 
1.5 1.5 1.5 1.5 1.5 1.5 1.5 1.5 1.5 1.5 1.5 1.24419 1.28642 1.33184 1.37609 1.41927 1.46329 1.50663 1.55166 1.5969 3.95447 3.81442 3.92843 4.03449 4.15306 4.20239 4.24864 4.29817 4.41111 4.40207 4.3362 4.35793 4.44586 4.42017 4.41487 4.43127 4.44753 4.45631 4.46844 4.48218 4.50174 4.52283 4.54403 4.56408 4.58917 4.61534 4.64091 4.66951 4.69787 4.73025 4.75635 4.78665 4.81795 4.85031 4.88315 4.91533 4.94507 4.9758 5.00708 5.03812 5.06937 5.09973 5.12941 5.15889 5.1872 5.21517 5.24181 5.27185 5.29246 5.3213 5.33942 5.36159 5.38334 5.40531 5.42403 5.44361 5.4595 5.47204 5.48721 5.50087 5.52001 
1.5 1.5 1.5 1.5 1.5 1.5 1.5 1.5 1.5 1.5 1.5 1.25862 1.29893 1.34397 1.39115 1.4352 1.47951 1.52277 1.56861 1.61409 1.66154 1.70703 4.14071 4.26861 4.23222 4.2518 4.29188 4.40699 4.5027 4.38573 4.37587 4.39406 4.46256 4.45417 4.42678 4.44515 4.46243 4.47432 4.48419 4.49563 4.51374 4.53408 4.55227 4.57148 4.59436 4.61727 4.63782 4.66496 4.6895 4.71843 4.74373 4.77185 4.80027 4.82821 4.85555 4.88279 4.91106 4.94059 4.96683 4.99459 5.02216 5.04924 5.07551 5.10194 5.1274 5.15256 5.17692 5.20045 5.22335 5.24589 5.26751 5.28856 5.30879 5.32915 5.34752 5.36436 5.38036 5.39427 5.40829 5.42508 5.44358 
1.5 1.5 1.5 1.5 1.5 1.5 1.5 1.5 1.5 1.5 1.5 1.26288 1.30562 1.35238 1.39692 1.44299 1.48764 1.53185 1.57778 1.62347 1.67112 1.71858 1.76579 1.81229 4.18318 4.21423 4.30788 4.42685 4.3549 4.33437 4.34932 4.37731 4.43738 4.43763 4.42815 4.44926 4.46643 4.49064 4.49991 4.51309 4.53384 4.55062 4.56853 4.5865 4.60667 4.62606 4.64644 4.66855 4.69027 4.71578 4.73724 4.76036 4.78324 4.80633 4.82975 4.8538 4.87786 4.90167 4.92585 4.94941 4.97285 4.99573 5.01883 5.0417 5.06531 5.08587 5.10737 5.12833 5.14903 5.16944 5.18957 5.21193 5.22838 5.24675 5.26409 5.28092 5.29751 5.31124 5.32933 5.34348 5.36511 
1.5 1.5 1.5 1.5 1.5 1.5 1.5 1.5 1.5 1.5 1.5 1.26908 1.31162 1.36033 1.40711 1.45195 1.49754 1.54226 1.5892 1.63542 1.68391 1.73205 1.78106 4.22031 4.28278 4.27853 4.29848 4.34857 4.35457 4.36764 4.39455 4.43491 4.47996 4.47297 4.47836 4.50136 4.52506 4.5426 4.55277 4.56887 4.58516 4.60083 4.61692 4.63255 4.65088 4.66824 4.68633 4.70453 4.7219 4.74118 4.7592 4.77804 4.79788 4.81708 4.83724 4.85757 4.87778 4.8979 4.91843 4.93958 4.95914 4.97933 4.99922 5.0194 5.039 5.05879 5.07808 5.09719 5.11609 5.13502 5.15384 5.17189 5.1898 5.20743 5.22352 5.23946 5.25542 5.27019 5.28766 5.30307 5.32477 
1.5 1.5 1.5 1.5 1.5 1.5 1.5 1.5 1.5 1.5 1.5 1.27914 1.31923 1.36573 1.41688 1.46241 1.50791 1.55335 1.60072 1.64711 1.6951 1.74359 4.28984 4.4952 4.31284 4.33328 4.35109 4.40729 4.42605 4.45623 4.4864 4.5097 4.52752 4.52407 4.53602 4.55783 4.57273 4.58574 4.59897 4.61188 4.62493 4.63887 4.65288 4.66659 4.68093 4.69479 4.70885 4.72359 4.73768 4.75249 4.76783 4.78341 4.79909 4.81538 4.8329 4.84898 4.86603 4.88333 4.90107 4.91865 4.93682 4.95487 4.97348 4.99123 5.00928 5.02739 5.04562 5.06328 5.08123 5.09886 5.11655 5.13361 5.15122 5.16785 5.18283 5.19711 5.21343 5.2269 5.24462 5.25985 5.2807 
1.5 1.5 1.5 1.5 1.5 1.5 1.5 1.5 1.5 1.5 1.5 1.2941 1.33848 1.39015 1.43895 1.48589 1.53363 1.58022 1.62932 1.67724 1.72465 1.77553 4.26526 4.30387 4.30318 4.32596 4.35769 4.4069 4.41748 4.4466 4.46742 4.4975 4.50763 4.52688 4.54538 4.56037 4.5753 4.59015 4.60349 4.61786 4.63049 4.64284 4.65471 4.66696 4.67897 4.69135 4.70361 4.71608 4.72837 4.74076 4.75462 4.76787 4.7812 4.79525 4.80949 4.82396 4.83873 4.85377 4.86896 4.88425 4.89998 4.91578 4.93138 4.94758 4.9635 4.97975 4.99605 5.01226 5.02862 5.04505 5.06161 5.07763 5.09393 5.1095 5.1252 5.13982 5.1563 5.17123 5.18742 5.20436 5.22357 
1.5 1.5 1.5 1.5 1.5 1.5 1.5 1.5 1.5 1.5 1.5 1.30046 1.34153 1.38881 1.44156 1.4884 1.53565 1.58234 1.631 1.67889 1.72644 1.7762 1.82787 4.26668 4.27881 4.31394 4.34178 4.36855 4.38168 4.41549 4.45057 4.46681 4.48453 4.50309 4.51934 4.53575 4.55125 4.56522 4.57799 4.59189 4.60301 4.61435 4.62595 4.63736 4.64827 4.65983 4.67322 4.68237 4.69335 4.70403 4.71647 4.72822 4.73996 4.7523 4.76501 4.77812 4.79107 4.80422 4.8178 4.83136 4.84547 4.85982 4.87421 4.88893 4.90351 4.91829 4.93338 4.94845 4.96365 4.9792 4.99503 5.01062 5.02572 5.04038 5.0573 5.07038 5.08729 5.10232 5.11716 5.13455 5.15227 
1.5 1.5 1.5 1.5 1.5 1.5 1.5 1.5 1.5 1.5 1.5 1.30849 1.35318 1.40361 1.4528 1.50026 1.54781 1.59507 1.64407 1.69221 1.74037 1.7904 1.84265 4.28527 4.32745 4.34223 4.34414 4.37213 4.40195 4.42425 4.43959 4.45469 4.47114 4.48759 4.50164 4.51338 4.52588 4.5386 4.55055 4.56282 4.57275 4.5836 4.59453 4.60514 4.61519 4.62638 4.63689 4.64797 4.6585 4.6684 4.68026 4.69154 4.70267 4.71436 4.72631 4.73838 4.75075 4.76326 4.77608 4.78881 4.8022 4.8158 4.8294 4.84334 4.85727 4.87142 4.88578 4.89954 4.915 4.92981 4.94489 4.95961 4.97439 4.98917 5.00476 5.01876 5.0339 5.04939 5.06369 5.07838 5.09685 
1.5 1.5 1.5 1.5 1.5 1.5 1.5 1.5 1.5 1.5 1.5 1.32183 1.36865 1.41729 1.46487 1.51302 1.56102 1.60891 1.65769 1.70597 1.75493 1.80451 1.85529 1.90486 1.95482 4.27064 4.306 4.32157 4.33154 4.34781 4.36324 4.37918 4.39453 4.41093 4.42702 4.44195 4.4554 4.46776 4.47996 4.49299 4.50426 4.51592 4.52758 4.53896 4.54972 4.56108 4.57186 4.58301 4.59426 4.60403 4.6157 4.62693 4.6381 4.6492 4.6608 4.67251 4.68447 4.69648 4.70871 4.7212 4.73392 4.74676 4.75973 4.7732 4.78653 4.80028 4.81393 4.82786 4.84209 4.85624 4.87064 4.8847 4.89912 4.91357 4.92787 4.94252 4.9561 4.97136 4.98574 4.99839 5.01578 
1.5 1.5 1.5 1.5 1.5 1.5 1.5 1.5 1.5 1.5 1.5 1.32934 1.37669 1.42503 1.47321 1.52072 1.56882 1.61651 1.66576 1.71406 1.76261 1.81202 1.86145 1.91105 1.96093 2.01029 4.23456 4.2536 4.26675 4.28286 4.29896 4.31527 4.33105 4.34743 4.36354 4.37883 4.3938 4.40741 4.42075 4.43468 4.44653 4.45896 4.4713 4.48337 4.49513 4.50684 4.51809 4.52974 4.54088 4.55158 4.56338 4.57478 4.58603 4.59745 4.60916 4.62057 4.6323 4.6441 4.65615 4.66837 4.68086 4.6925 4.70598 4.71902 4.73195 4.74538 4.75847 4.77192 4.78561 4.79921 4.813 4.82672 4.84008 4.85445 4.86768 4.88228 4.89422 4.90978 4.92321 4.93522 4.9512 
1.5 1.5 1.5 1.5 1.5 1.5 1.5 1.5 1.5 1.5 1.5 1.33406 1.38126 1.42932 1.47715 1.52536 1.57339 1.62126 1.66992 1.71828 1.76678 1.81578 1.86439 1.91333 4.19197 4.20984 4.22553 4.24146 4.25585 4.27166 4.28716 4.30247 4.31751 4.33274 4.34789 4.362 4.37593 4.38941 4.40276 4.41631 4.42889 4.44153 4.45407 4.46642 4.47867 4.49066 4.50226 4.51441 4.52613 4.53734 4.54927 4.56089 4.57262 4.58423 4.59618 4.60773 4.61964 4.63154 4.64361 4.65586 4.66801 4.68037 4.69273 4.70541 4.71813 4.73109 4.74385 4.75671 4.76996 4.78307 4.79625 4.80944 4.82267 4.83595 4.84934 4.86256 4.87466 4.88904 4.90187 4.91429 4.92743 
1.5 1.5 1.5 1.5 1.5 1.5 1.5 1.5 1.5 1.5 1.5 1.33648 1.38431 1.43203 1.4799 1.52804 1.57631 1.62429 1.67251 1.72071 1.76969 1.81829 1.86631 4.15918 4.17551 4.19241 4.20842 4.22334 4.23718 4.25186 4.2662 4.28077 4.29519 4.3094 4.32377 4.33764 4.35114 4.3646 4.37793 4.39123 4.40382 4.41661 4.42919 4.44165 4.45412 4.46615 4.47823 4.4903 4.50225 4.51397 4.52584 4.5375 4.5494 4.56132 4.5726 4.58499 4.59689 4.6088 4.62083 4.63296 4.64481 4.65703 4.66928 4.6816 4.69413 4.70647 4.71889 4.73139 4.74398 4.75663 4.7693 4.78214 4.79509 4.80706 4.82042 4.83226 4.84437 4.85774 4.87028 4.88235 4.89396 
1.5 1.5 1.5 1.5 1.5 1.5 1.5 1.5 1.5 1.5 1.5 1.33869 1.38666 1.43424 1.48218 1.5302 1.57844 1.62637 1.67466 1.72289 1.77127 1.81973 1.86791 1.91605 1.96542 4.14773 4.16398 4.17755 4.19028 4.20364 4.21694 4.23041 4.24394 4.25719 4.27064 4.28382 4.29679 4.3098 4.3227 4.33565 4.34814 4.36078 4.37321 4.38549 4.39798 4.41005 4.42224 4.43416 4.44621 4.45823 4.47003 4.48176 4.49305 4.50545 4.51732 4.52915 4.54103 4.55275 4.56463 4.57656 4.58824 4.60015 4.61203 4.62402 4.63605 4.6481 4.65997 4.67197 4.68416 4.69626 4.70837 4.72047 4.73277 4.74437 4.75694 4.7687 4.78003 4.79293 4.80554 4.81697 4.82784 
1.5 1.5 1.5 1.5 1.5 1.5 1.5 1.5 1.5 1.5 1.5 1.33888 1.38674 1.43447 1.48204 1.53017 1.57818 1.62614 1.67429 1.72223 1.77059 1.81883 1.86698 1.91523 1.96386 2.01251 4.13556 4.14921 4.16165 4.17263 4.18682 4.19954 4.21224 4.22474 4.2375 4.25001 4.26238 4.27509 4.28747 4.30012 4.31233 4.32466 4.33687 4.34887 4.36107 4.37304 4.38502 4.3968 4.40866 4.42042 4.4321 4.44366 4.45554 4.46711 4.47868 4.49028 4.50187 4.51338 4.52488 4.5365 4.54791 4.55953 4.57096 4.58248 4.59401 4.60553 4.61695 4.62857 4.64017 4.65177 4.66337 4.67507 4.68657 4.69825 4.70962 4.72178 4.73182 4.74526 4.75671 4.76827 4.77846 
1.5 1.5 1.5 1.5 1.5 1.5 1.5 1.5 1.5 1.5 1.5 1.33833 1.38601 1.43369 1.48138 1.52932 1.57725 1.62501 1.6729 1.72091 1.76899 1.81708 1.86502 1.91301 1.96138 2.00975 4.12622 4.13985 4.15174 4.16403 4.17589 4.18794 4.19999 4.21194 4.22292 4.23578 4.24756 4.25958 4.27145 4.28366 4.29522 4.30711 4.3188 4.33058 4.34209 4.35384 4.36549 4.37683 4.38825 4.39967 4.41095 4.42232 4.43378 4.44501 4.45622 4.46741 4.47858 4.48973 4.50077 4.51188 4.52296 4.53424 4.54519 4.55633 4.56735 4.57835 4.58933 4.60051 4.61166 4.62291 4.63394 4.64549 4.65623 4.66807 4.67869 4.69081 4.70032 4.71353 4.72455 4.73607 4.74571 
1.5 1.5 1.5 1.5 1.5 1.5 1.5 1.5 1.5 1.5 1.5 1.33701 1.38459 1.43216 1.47981 1.52748 1.57509 1.62293 1.67071 1.7185 1.76633 1.81417 1.86201 1.9099 1.95798 2.00604 2.0539 4.12238 4.13442 4.14621 4.15772 4.16913 4.18064 4.19205 4.20359 4.2148 4.22616 4.23764 4.24893 4.26059 4.27172 4.28303 4.29424 4.30544 4.31639 4.32774 4.33883 4.3498 4.36075 4.37143 4.38249 4.39337 4.40433 4.41505 4.42574 4.4364 4.44713 4.45773 4.4683 4.47893 4.48964 4.50033 4.51088 4.52151 4.53202 4.54271 4.55328 4.56403 4.57487 4.58569 4.59641 4.60754 4.61807 4.62969 4.64 4.65192 4.66183 4.67365 4.68567 4.69669 4.706 
1.5 1.5 1.5 1.5 1.5 1.5 1.5 1.5 1.5 1.5 1.5 1.33511 1.38257 1.42999 1.47747 1.525 1.5727 1.62012 1.66768 1.71547 1.76296 1.81072 1.85839 1.90613 1.95389 2.00164 2.04906 4.11885 4.13069 4.14172 4.15335 4.16446 4.17557 4.18668 4.19792 4.20865 4.21962 4.23061 4.24162 4.25282 4.26345 4.27426 4.28507 4.29588 4.30622 4.31707 4.32766 4.33812 4.34857 4.35874 4.3694 4.37977 4.39022 4.40032 4.41049 4.42064 4.43075 4.44093 4.45109 4.46121 4.4714 4.48157 4.49171 4.50193 4.51213 4.52241 4.53277 4.54312 4.55356 4.56409 4.57451 4.58524 4.59588 4.60711 4.61734 4.62907 4.6396 4.64993 4.66276 4.67349 4.6828 
1.5 1.5 1.5 1.5 1.5 1.5 1.5 1.5 1.5 1.5 1.5 1.33309 1.38047 1.42774 1.47503 1.52235 1.5697 1.61713 1.66438 1.71188 1.75945 1.80677 1.85408 1.90165 1.9491 4.12063 4.13053 4.14101 4.15252 4.16392 4.17457 4.18537 4.19609 4.20691 4.21798 4.22831 4.23891 4.24946 4.26005 4.27094 4.28103 4.29143 4.30173 4.31214 4.32196 4.33244 4.34253 4.3526 4.36246 4.37202 4.38242 4.39232 4.40209 4.41183 4.42155 4.43124 4.44091 4.45065 4.46037 4.47006 4.47993 4.48968 4.4994 4.50931 4.51911 4.52909 4.53916 4.54921 4.55937 4.56961 4.57985 4.5902 4.60075 4.61169 4.62174 4.63309 4.64414 4.65359 4.66634 4.67728 4.68651 
1.5 1.5 1.5 1.5 1.5 1.5 1.5 1.5 1.5 1.5 1.5 1.33071 1.3779 1.42498 1.47208 1.51923 1.5665 1.61359 1.66081 1.70814 1.75529 1.80247 1.84969 1.89687 1.94415 1.99087 4.11757 4.12715 4.13852 4.14948 4.16004 4.17069 4.18124 4.1918 4.20288 4.21284 4.22323 4.23356 4.24393 4.25452 4.26426 4.27424 4.28431 4.29429 4.30364 4.31383 4.32359 4.33324 4.34289 4.352 4.36203 4.37153 4.38101 4.39037 4.39982 4.40915 4.41845 4.42785 4.43732 4.44678 4.45632 4.46575 4.47526 4.48487 4.49456 4.50425 4.51412 4.524 4.53386 4.54392 4.55398 4.56425 4.57472 4.58538 4.59575 4.60642 4.61789 4.62725 4.63881 4.65047 4.65992 
1.5 1.5 1.5 1.5 1.5 1.5 1.5 1.5 1.5 1.5 1.5 1.32872 1.37569 1.42255 1.46962 1.51648 1.56331 1.61053 1.65742 1.7044 1.75151 1.79836 1.84529 1.89236 1.93909 1.98591 2.03276 2.07888 4.11155 4.12248 4.13301 4.14371 4.1543 4.1648 4.1755 4.18549 4.1958 4.20591 4.21603 4.22654 4.23594 4.24579 4.25555 4.26531 4.2746 4.28461 4.29406 4.3036 4.31294 4.32171 4.33159 4.3409 4.35 4.35919 4.36847 4.37764 4.3868 4.39595 4.40529 4.41452 4.42384 4.43315 4.44256 4.45196 4.46155 4.47114 4.48083 4.49061 4.50039 4.51037 4.52035 4.53063 4.54111 4.55139 4.56217 4.57236 4.58404 4.59362 4.60409 4.61627 4.62634 
1.5 1.5 1.5 1.5 1.5 1.5 1.5 1.5 1.5 1.5 1.5 1.32664 1.37339 1.42012 1.46699 1.51369 1.56041 1.60735 1.65407 1.70101 1.74775 1.79457 1.84137 1.88807 1.93472 1.98125 2.02793 2.07425 2.12104 4.1064 4.11692 4.12747 4.13802 4.14846 4.15928 4.16915 4.17929 4.18944 4.19949 4.20992 4.21931 4.22908 4.23885 4.24852 4.25761 4.26745 4.27692 4.28628 4.29554 4.30422 4.31405 4.32319 4.33234 4.34147 4.35061 4.35973 4.36876 4.37797 4.38709 4.3963 4.40551 4.41471 4.42401 4.43341 4.443 4.4525 4.46219 4.47188 4.48167 4.49156 4.50155 4.51174 4.52224 4.53243 4.54332 4.55341 4.56491 4.5749 4.58478 4.59667 4.60786 
1.5 1.5 1.5 1.5 1.5 1.5 1.5 1.5 1.5 1.5 1.5 1.32468 1.37132 1.41793 1.46465 1.51133 1.55805 1.60464 1.65139 1.69814 1.74474 1.79145 1.83796 1.88462 1.93127 1.97758 2.02412 2.07069 4.10208 4.11274 4.12342 4.13403 4.14464 4.15504 4.16584 4.17566 4.18587 4.19597 4.20608 4.21648 4.2258 4.23562 4.24533 4.25494 4.26405 4.27396 4.28347 4.29278 4.30219 4.3108 4.3206 4.32981 4.33891 4.34812 4.35722 4.36642 4.37552 4.38472 4.39382 4.40302 4.41232 4.42152 4.43092 4.44032 4.44981 4.45941 4.46901 4.47881 4.4885 4.4984 4.5085 4.5187 4.52919 4.53939 4.55019 4.56029 4.57149 4.58209 4.59168 4.60268 4.61498 
1.5 1.5 1.5 1.5 1.5 1.5 1.5 1.5 1.5 1.5 1.5 1.32309 1.36953 1.41617 1.46271 1.50932 1.55582 1.60243 1.64899 1.69559 1.74213 1.78867 1.83513 1.88163 1.92813 1.97461 2.02107 2.0675 4.09618 4.10682 4.11759 4.12817 4.13876 4.14915 4.16004 4.16993 4.18012 4.1903 4.20039 4.21071 4.22035 4.23023 4.24012 4.2498 4.25908 4.26906 4.27864 4.28813 4.29751 4.30639 4.31628 4.32556 4.33485 4.34414 4.35332 4.36271 4.3719 4.3812 4.39049 4.39978 4.40918 4.41857 4.42797 4.43747 4.44717 4.45677 4.46647 4.47637 4.48627 4.49617 4.50637 4.51667 4.52718 4.53758 4.54828 4.55868 4.56948 4.58059 4.59029 4.60069 4.6136 
1.5 1.5 1.5 1.5 1.5 1.5 1.5 1.5 1.5 1.5 1.5 1.32161 1.36801 1.41454 1.46086 1.50747 1.55395 1.60035 1.64689 1.69329 1.73987 1.78615 1.83257 1.87891 1.92526 1.97171 2.01829 2.06453 4.09006 4.10082 4.11139 4.12194 4.13252 4.143 4.15352 4.16377 4.17405 4.18443 4.1946 4.20517 4.21485 4.22492 4.23489 4.24476 4.25413 4.26431 4.27408 4.28376 4.29333 4.3025 4.31249 4.32197 4.33145 4.34093 4.35042 4.3599 4.36939 4.37888 4.38827 4.39787 4.40736 4.41696 4.42656 4.43625 4.44605 4.45585 4.46576 4.47586 4.48586 4.49606 4.50627 4.51677 4.52737 4.53788 4.54868 4.55928 4.56989 4.58119 4.59139 4.6015 4.6142 
1.5 1.5 1.5 1.5 1.5 1.5 1.5 1.5 1.5 1.5 1.5 1.32051 1.36691 1.41335 1.4597 1.50603 1.55253 1.59886 1.64512 1.69164 1.73797 1.78423 1.83054 1.87683 1.92315 1.96942 2.01582 2.06182 4.08396 4.09476 4.10533 4.11588 4.12637 4.13695 4.14774 4.15782 4.1682 4.17858 4.18886 4.19925 4.20941 4.21958 4.22976 4.23983 4.2494 4.25979 4.26966 4.27964 4.28952 4.29889 4.30907 4.31886 4.32864 4.33833 4.34811 4.3579 4.36759 4.37738 4.38707 4.39687 4.40666 4.41656 4.42646 4.43636 4.44636 4.45646 4.46666 4.47686 4.48717 4.49747 4.50797 4.51858 4.52928 4.53998 4.55088 4.56169 4.57229 4.58359 4.5944 4.6045 4.61651 
1.5 1.5 1.5 1.5 1.5 1.5 1.5 1.5 1.5 1.5 1.5 1.31988 1.36621 1.41259 1.45893 1.50516 1.5516 1.59788 1.64372 1.69045 1.73674 1.78294 1.82909 1.87535 1.92151 1.96767 2.01388 2.05986 2.10576 4.0768 4.08758 4.09825 4.10904 4.11962 4.13051 4.1407 4.15119 4.16157 4.17196 4.18234 4.19262 4.2029 4.21319 4.22337 4.23334 4.24383 4.25401 4.2642 4.27438 4.28416 4.29455 4.30464 4.31473 4.32472 4.33481 4.3449 4.35489 4.36498 4.37508 4.38527 4.39537 4.40557 4.41577 4.42607 4.43637 4.44677 4.45717 4.46767 4.47828 4.48888 4.49948 4.51028 4.52119 4.53199 4.54299 4.55399 4.5647 4.576 4.5872 4.5975 4.60871 
1.5 1.5 1.5 1.5 1.5 1.5 1.5 1.5 1.5 1.5 1.5 1.31919 1.36549 1.41178 1.45793 1.5043 1.55048 1.59689 1.6433 1.68925 1.73534 1.78158 1.82771 1.87396 1.91998 1.96607 2.0121 2.05796 2.10398 2.14979 2.19562 4.07011 4.0807 4.09139 4.10218 4.11237 4.12296 4.13346 4.14395 4.15463 4.16483 4.17522 4.18561 4.1961 4.20618 4.21688 4.22727 4.23766 4.24805 4.25813 4.26883 4.27912 4.28951 4.29991 4.3104 4.3208 4.33119 4.34169 4.35219 4.36258 4.37318 4.38368 4.39428 4.40498 4.41558 4.42628 4.43708 4.44778 4.45869 4.46949 4.48039 4.49139 4.50249 4.51349 4.5246 4.5357 4.5466 4.5579 4.5693 4.5801 4.59071 
1.5 1.5 1.5 1.5 1.5 1.5 1.5 1.5 1.5 1.5 1.5 1.31875 1.36509 1.41131 1.4575 1.50381 1.54987 1.59627 1.64266 1.68858 1.7347 1.78081 1.82701 1.87316 1.91918 1.9652 2.01123 2.0571 2.10311 2.14886 2.1946 4.066 4.07659 4.08709 4.09788 4.10818 4.11868 4.12917 4.13977 4.15056 4.16076 4.17126 4.18185 4.19245 4.20264 4.21343 4.22403 4.23462 4.24522 4.25551 4.26641 4.27701 4.2877 4.2985 4.3092 4.32 4.33069 4.34149 4.35239 4.36319 4.37409 4.38499 4.39599 4.40689 4.41789 4.42899 4.43999 4.45109 4.46219 4.47339 4.4845 4.4958 4.5069 4.5182 4.5295 4.5407 4.5518 4.5633 4.5748 4.586 4.5964 
1.5 1.5 1.5 1.5 1.5 1.5 1.5 1.5 1.5 1.5 1.5 1.31865 1.36487 1.411 1.45733 1.50359 1.54975 1.59598 1.64235 1.68832 1.73461 1.78064 1.82673 1.87289 1.91889 1.96503 2.011 2.05694 2.10299 4.06422 4.07482 4.08533 4.09583 4.10643 4.11723 4.12742 4.13802 4.14852 4.15902 4.16982 4.18012 4.19072 4.20131 4.21191 4.22231 4.23321 4.24401 4.25471 4.2655 4.2762 4.2873 4.2982 4.3092 4.3202 4.3312 4.3423 4.3534 4.3646 4.3758 4.387 4.3982 4.4095 4.4208 4.4321 4.4435 4.4548 4.4662 4.4776 4.489 4.5004 4.5118 4.5232 4.5346 4.546 4.5574 4.5688 4.5801 4.5917 4.6032 4.6147 4.6252 
1.5 1.5 1.5 1.5 1.5 1.5 1.5 1.5 1.5 1.5 1.5 1.31852 1.36481 1.41104 1.4573 1.50352 1.54985 1.59592 1.64195 1.68828 1.73451 1.7806 1.8266 1.87279 1.91879 1.96489 2.01078 2.05678 2.10282 4.06148 4.07209 4.08259 4.09309 4.10359 4.11399 4.12459 4.13509 4.14559 4.15619 4.16689 4.17729 4.18789 4.19859 4.20929 4.21979 4.2308 4.2417 4.2526 4.2636 4.2744 4.2857 4.2968 4.3081 4.3193 4.3306 4.342 4.3534 4.3648 4.3763 4.3878 4.3993 4.4109 4.4224 4.434 4.4456 4.4572 4.4688 4.4804 4.492 4.5036 4.5152 4.5268 4.5383 4.5499 4.5614 4.573 4.5844 4.596 4.6076 4.6192 4.6302 
1.5 1.5 1.5 1.5 1.5 1.5 1.5 1.5 1.5 1.5 1.5 1.31849 1.36483 1.41113 1.45735 1.50346 1.54979 1.59594 1.64195 1.68832 1.73449 1.78057 1.82659 1.87272 1.91886 1.96488 2.0108 2.05672 2.10276 2.14866 4.05818 4.06868 4.07928 4.08978 4.10048 4.11078 4.12128 4.13178 4.14238 4.15308 4.16348 4.17409 4.18479 4.19559 4.20619 4.21729 4.22829 4.23929 4.25039 4.26149 4.2729 4.2842 4.2956 4.307 4.3185 4.3301 4.3417 4.3534 4.3651 4.3768 4.3887 4.4005 4.4123 4.4241 4.436 4.4478 4.4596 4.4714 4.4832 4.495 4.5068 4.5186 4.5302 4.542 4.5536 4.5654 4.5769 4.5886 4.6004 4.6121 4.6237 
1.5 1.5 1.5 1.5 1.5 1.5 1.5 1.5 1.5 1.5 1.5 1.31857 1.36496 1.41128 1.45753 1.50371 1.54986 1.59618 1.64234 1.68868 1.73487 1.78103 1.82713 1.87333 1.91945 1.96545 2.01155 2.05759 2.1036 2.14976 2.19584 4.05548 4.06598 4.07648 4.08728 4.09748 4.10808 4.11858 4.12908 4.13988 4.15039 4.16109 4.17179 4.18269 4.19329 4.20449 4.21559 4.22669 4.23789 4.249 4.2605 4.272 4.2835 4.2951 4.3068 4.3185 4.3303 4.3422 4.3541 4.366 4.3781 4.39 4.402 4.4141 4.4261 4.4381 4.4502 4.4622 4.4742 4.4862 4.4982 4.5101 4.5219 4.5339 4.5456 4.5576 4.5694 4.5811 4.593 4.6049 4.6172 
1.5 1.5 1.5 1.5 1.5 1.5 1.5 1.5 1.5 1.5 1.5 1.31907 1.3653 1.41156 1.45792 1.50428 1.5505 1.59679 1.64322 1.68949 1.73566 1.78197 1.82824 1.87445 1.92066 1.96674 2.01299 2.05901 2.10516 2.15143 2.19775 2.24415 4.05118 4.06159 4.07179 4.08239 4.09279 4.10329 4.11389 4.12459 4.13529 4.14609 4.15699 4.16789 4.17879 4.19019 4.20149 4.2129 4.2244 4.236 4.2478 4.2596 4.2715 4.2835 4.2955 4.3076 4.3198 4.332 4.3443 4.3565 4.3688 4.381 4.3933 4.4055 4.4178 4.4299 4.4421 4.4542 4.4663 4.4784 4.4904 4.5023 4.5143 4.5261 4.538 4.5496 4.5618 4.573 4.5849 4.5967 4.6085 
