5
s 30 2 31
r 20 0.01 0 3.68734 0.01
r 22 0.01 0 3.40933 0.01
r 24 0.01 0 3.15386 0.01
r 26 0.01 0 2.97967 0.01
r 28 0.01 0 1.88169 0.01
r 30 0.01 0 1.32722 0.01
r 32 0.01 0 1.8817 0.01
r 34 0.01 0 2.9797 0.01
r 36 0.01 0 3.2529 0.01
r 38 0.01 0 3.56941 0.01
r 40 0.01 0 3.92029 0.01
r 42 0.01 0 4.26223 0.01
r 44 0.01 0 4.55446 0.01
r 46 0.01 0 4.77146 0.01
r 48 0.01 0 5.04505 0.01
r 50 0.01 0 5.36763 0.01
r 52 0.01 0 5.68213 0.01
r 54 0.01 0 5.98196 0.01
r 56 0.01 0 6.24556 0.01
r 58 0.01 0 6.47567 0.01
r 60 0.01 0 6.71397 0.01
r 62 0.01 0 6.98801 0.01
r 64 0.01 0 7.32894 0.01
r 66 0.01 0 7.63846 0.01
r 68 0.01 0 7.84242 0.01
r 70 0.01 0 8.07445 0.01
r 72 0.01 0 8.3274 0.01
r 74 0.01 0 8.59788 0.01
r 76 0.01 0 8.84462 0.01
r 78 0.01 0 9.15548 0.01
r 80 0.01 0 9.38862 0.01
s 40 2 31
r 20 0.01 0 5.14676 0.01
r 22 0.01 0 4.87628 0.01
r 24 0.01 0 4.62326 0.01
r 26 0.01 0 4.43412 0.01
r 28 0.01 0 4.23966 0.01
r 30 0.01 0 3.92116 0.01
r 32 0.01 0 3.60932 0.01
r 34 0.01 0 3.32122 0.01
r 36 0.01 0 2.98009 0.01
r 38 0.01 0 1.88195 0.01
r 40 0.01 0 1.3274 0.01
r 42 0.01 0 1.88195 0.01
r 44 0.01 0 2.98008 0.01
r 46 0.01 0 3.46139 0.01
r 48 0.01 0 3.73943 0.01
r 50 0.01 0 4.07929 0.01
r 52 0.01 0 4.41441 0.01
r 54 0.01 0 4.73294 0.01
r 56 0.01 0 5.01096 0.01
r 58 0.01 0 5.25525 0.01
r 60 0.01 0 5.50591 0.01
r 62 0.01 0 5.78895 0.01
r 64 0.01 0 6.14682 0.01
r 66 0.01 0 6.47329 0.01
r 68 0.01 0 6.6851 0.01
r 70 0.01 0 6.92176 0.01
r 72 0.01 0 7.18987 0.01
r 74 0.01 0 7.4745 0.01
r 76 0.01 0 7.72895 0.01
r 78 0.01 0 8.0621 0.01
r 80 0.01 0 8.30583 0.01
s 50 2 31
r 20 0.01 0 6.51965 0.01
r 22 0.01 0 6.26225 0.01
r 24 0.01 0 6.02123 0.01
r 26 0.01 0 5.84104 0.01
r 28 0.01 0 5.66233 0.01
r 30 0.01 0 5.3661 0.01
r 32 0.01 0 5.07163 0.01
r 34 0.01 0 4.79981 0.01
r 36 0.01 0 4.54221 0.01
r 38 0.01 0 4.32345 0.01
r 40 0.01 0 4.10071 0.01
r 42 0.01 0 3.80247 0.01
r 44 0.01 0 3.45748 0.01
r 46 0.01 0 2.97958 0.01
r 48 0.01 0 1.88163 0.01
r 50 0.01 0 1.32717 0.01
r 52 0.01 0 1.88162 0.01
r 54 0.01 0 2.97957 0.01
r 56 0.01 0 3.66826 0.01
r 58 0.01 0 3.92763 0.01
r 60 0.01 0 4.18405 0.01
r 62 0.01 0 4.48021 0.01
r 64 0.01 0 4.86261 0.01
r 66 0.01 0 5.21127 0.01
r 68 0.01 0 5.43728 0.01
r 70 0.01 0 5.67997 0.01
r 72 0.01 0 5.95833 0.01
r 74 0.01 0 6.2575 0.01
r 76 0.01 0 6.52618 0.01
r 78 0.01 0 6.8685 0.01
r 80 0.01 0 7.12978 0.01
s 60 2 31
r 20 0.01 0 7.80246 0.01
r 22 0.01 0 7.55857 0.01
r 24 0.01 0 7.32509 0.01
r 26 0.01 0 7.15284 0.01
r 28 0.01 0 6.98682 0.01
r 30 0.01 0 6.7027 0.01
r 32 0.01 0 6.42643 0.01
r 34 0.01 0 6.17206 0.01
r 36 0.01 0 5.92873 0.01
r 38 0.01 0 5.72357 0.01
r 40 0.01 0 5.51354 0.01
r 42 0.01 0 5.23633 0.01
r 44 0.01 0 4.91017 0.01
r 46 0.01 0 4.63432 0.01
r 48 0.01 0 4.41535 0.01
r 50 0.01 0 4.19326 0.01
r 52 0.01 0 3.93739 0.01
r 54 0.01 0 3.65242 0.01
r 56 0.01 0 2.98008 0.01
r 58 0.01 0 1.88195 0.01
r 60 0.01 0 1.3274 0.01
r 62 0.01 0 1.88196 0.01
r 64 0.01 0 2.9801 0.01
r 66 0.01 0 3.75778 0.01
r 68 0.01 0 4.08971 0.01
r 70 0.01 0 4.33935 0.01
r 72 0.01 0 4.62533 0.01
r 74 0.01 0 4.94385 0.01
r 76 0.01 0 5.21967 0.01
r 78 0.01 0 5.58313 0.01
r 80 0.01 0 5.86254 0.01
s 70 2 31
r 20 0.01 0 9.1014 0.01
r 22 0.01 0 8.8654 0.01
r 24 0.01 0 8.64643 0.01
r 26 0.01 0 8.48389 0.01
r 28 0.01 0 8.33122 0.01
r 30 0.01 0 8.06283 0.01
r 32 0.01 0 7.79398 0.01
r 34 0.01 0 7.5511 0.01
r 36 0.01 0 7.32112 0.01
r 38 0.01 0 7.12902 0.01
r 40 0.01 0 6.92896 0.01
r 42 0.01 0 6.67445 0.01
r 44 0.01 0 6.36826 0.01
r 46 0.01 0 6.10594 0.01
r 48 0.01 0 5.899 0.01
r 50 0.01 0 5.68814 0.01
r 52 0.01 0 5.45015 0.01
r 54 0.01 0 5.1783 0.01
r 56 0.01 0 4.86907 0.01
r 58 0.01 0 4.57956 0.01
r 60 0.01 0 4.35463 0.01
r 62 0.01 0 4.18694 0.01
r 64 0.01 0 3.76424 0.01
r 66 0.01 0 2.98035 0.01
r 68 0.01 0 1.88212 0.01
r 70 0.01 0 1.32752 0.01
r 72 0.01 0 1.88211 0.01
r 74 0.01 0 2.98033 0.01
r 76 0.01 0 3.75701 0.01
r 78 0.01 0 4.29182 0.01
r 80 0.01 0 4.58451 0.01
