5
s 30 2 93
r 20 0.01 6 4.60784 0.01
r 22 0.01 6 4.16507 0.01
r 24 0.01 6 3.75344 0.01
r 26 0.01 6 3.39635 0.01
r 28 0.01 6 2.83396 0.01
r 30 0.01 6 2.65576 0.01
r 32 0.01 6 2.7844 0.01
r 34 0.01 6 3.20274 0.01
r 36 0.01 6 3.70527 0.01
r 38 0.01 6 4.20838 0.01
r 40 0.01 6 4.73858 0.01
r 42 0.01 6 5.267 0.01
r 44 0.01 6 5.78617 0.01
r 46 0.01 6 6.20985 0.01
r 48 0.01 6 6.6336 0.01
r 50 0.01 6 7.14297 0.01
r 52 0.01 6 7.67035 0.01
r 54 0.01 6 8.17602 0.01
r 56 0.01 6 8.63928 0.01
r 58 0.01 6 9.09876 0.01
r 60 0.01 6 9.55169 0.01
r 62 0.01 6 9.97416 0.01
r 64 0.01 6 10.4222 0.01
r 66 0.01 6 10.9072 0.01
r 68 0.01 6 11.3432 0.01
r 70 0.01 6 11.7498 0.01
r 72 0.01 6 12.1836 0.01
r 74 0.01 6 12.6285 0.01
r 76 0.01 6 13.04 0.01
r 78 0.01 6 13.4671 0.01
r 80 0.01 6 13.9007 0.01
r 20 0.01 7 4.31207 0.01
r 22 0.01 7 4.02999 0.01
r 24 0.01 7 3.76026 0.01
r 26 0.01 7 3.5593 0.01
r 28 0.01 7 3.39637 0.01
r 30 0.01 7 3.10976 0.01
r 32 0.01 7 3.33251 0.01
r 34 0.01 7 3.62037 0.01
r 36 0.01 7 3.90995 0.01
r 38 0.01 7 4.25319 0.01
r 40 0.01 7 4.60528 0.01
r 42 0.01 7 4.93806 0.01
r 44 0.01 7 5.18205 0.01
r 46 0.01 7 5.3933 0.01
r 48 0.01 7 5.70607 0.01
r 50 0.01 7 6.02877 0.01
r 52 0.01 7 6.34651 0.01
r 54 0.01 7 6.61301 0.01
r 56 0.01 7 6.86096 0.01
r 58 0.01 7 7.08583 0.01
r 60 0.01 7 7.33699 0.01
r 62 0.01 7 7.6462 0.01
r 64 0.01 7 7.96651 0.01
r 66 0.01 7 8.25272 0.01
r 68 0.01 7 8.45417 0.01
r 70 0.01 7 8.69275 0.01
r 72 0.01 7 8.97591 0.01
r 74 0.01 7 9.21545 0.01
r 76 0.01 7 9.49884 0.01
r 78 0.01 7 9.79902 0.01
r 80 0.01 7 9.98485 0.01
r 20 0.01 8 5.67387 0.01
r 22 0.01 8 5.32091 0.01
r 24 0.01 8 4.66638 0.01
r 26 0.01 8 3.88034 0.01
r 28 0.01 8 3.47378 0.01
r 30 0.01 8 3.11817 0.01
r 32 0.01 8 3.46563 0.01
r 34 0.01 8 3.78864 0.01
r 36 0.01 8 4.23551 0.01
r 38 0.01 8 4.72997 0.01
r 40 0.01 8 5.26349 0.01
r 42 0.01 8 5.79562 0.01
r 44 0.01 8 6.30144 0.01
r 46 0.01 8 6.72086 0.01
r 48 0.01 8 7.14424 0.01
r 50 0.01 8 7.65905 0.01
r 52 0.01 8 8.18099 0.01
r 54 0.01 8 8.68831 0.01
r 56 0.01 8 9.1465 0.01
r 58 0.01 8 9.60487 0.01
r 60 0.01 8 10.0535 0.01
r 62 0.01 8 10.4749 0.01
r 64 0.01 8 10.9268 0.01
r 66 0.01 8 11.4336 0.01
r 68 0.01 8 11.8475 0.01
r 70 0.01 8 12.2502 0.01
r 72 0.01 8 12.6817 0.01
r 74 0.01 8 13.1259 0.01
r 76 0.01 8 13.5328 0.01
r 78 0.01 8 13.9571 0.01
r 80 0.01 8 14.3894 0.01
s 40 2 93
r 20 0.01 6 7.22205 0.01
r 22 0.01 6 6.67145 0.01
r 24 0.01 6 6.241 0.01
r 26 0.01 6 5.89425 0.01
r 28 0.01 6 5.2702 0.01
r 30 0.01 6 4.73884 0.01
r 32 0.01 6 4.24552 0.01
r 34 0.01 6 3.74819 0.01
r 36 0.01 6 3.3051 0.01
r 38 0.01 6 2.91369 0.01
r 40 0.01 6 2.80043 0.01
r 42 0.01 6 3.01261 0.01
r 44 0.01 6 3.64466 0.01
r 46 0.01 6 4.06748 0.01
r 48 0.01 6 4.35054 0.01
r 50 0.01 6 4.9193 0.01
r 52 0.01 6 5.54223 0.01
r 54 0.01 6 5.98502 0.01
r 56 0.01 6 6.46439 0.01
r 58 0.01 6 6.95294 0.01
r 60 0.01 6 7.41842 0.01
r 62 0.01 6 7.84971 0.01
r 64 0.01 6 8.30336 0.01
r 66 0.01 6 8.78579 0.01
r 68 0.01 6 9.23393 0.01
r 70 0.01 6 9.64039 0.01
r 72 0.01 6 10.0783 0.01
r 74 0.01 6 10.5683 0.01
r 76 0.01 6 11.0092 0.01
r 78 0.01 6 11.4711 0.01
r 80 0.01 6 11.9261 0.01
r 20 0.01 7 5.83894 0.01
r 22 0.01 7 5.56804 0.01
r 24 0.01 7 5.30986 0.01
r 26 0.01 7 5.1132 0.01
r 28 0.01 7 4.94865 0.01
r 30 0.01 7 4.66211 0.01
r 32 0.01 7 4.33338 0.01
r 34 0.01 7 4.04219 0.01
r 36 0.01 7 3.76173 0.01
r 38 0.01 7 3.53702 0.01
r 40 0.01 7 3.31867 0.01
r 42 0.01 7 3.54711 0.01
r 44 0.01 7 3.90062 0.01
r 46 0.01 7 4.12018 0.01
r 48 0.01 7 4.45303 0.01
r 50 0.01 7 4.79402 0.01
r 52 0.01 7 5.12995 0.01
r 54 0.01 7 5.41708 0.01
r 56 0.01 7 5.689 0.01
r 58 0.01 7 5.91122 0.01
r 60 0.01 7 6.17457 0.01
r 62 0.01 7 6.51634 0.01
r 64 0.01 7 6.85557 0.01
r 66 0.01 7 7.12912 0.01
r 68 0.01 7 7.33762 0.01
r 70 0.01 7 7.59294 0.01
r 72 0.01 7 7.88598 0.01
r 74 0.01 7 8.14399 0.01
r 76 0.01 7 8.40596 0.01
r 78 0.01 7 8.72891 0.01
r 80 0.01 7 8.94245 0.01
r 20 0.01 8 7.53664 0.01
r 22 0.01 8 7.11366 0.01
r 24 0.01 8 6.73066 0.01
r 26 0.01 8 6.3465 0.01
r 28 0.01 8 5.85661 0.01
r 30 0.01 8 5.33016 0.01
r 32 0.01 8 4.84307 0.01
r 34 0.01 8 4.36796 0.01
r 36 0.01 8 4.0249 0.01
r 38 0.01 8 3.67629 0.01
r 40 0.01 8 3.32036 0.01
r 42 0.01 8 3.65932 0.01
r 44 0.01 8 4.15497 0.01
r 46 0.01 8 4.53868 0.01
r 48 0.01 8 5.27368 0.01
r 50 0.01 8 5.91654 0.01
r 52 0.01 8 6.53044 0.01
r 54 0.01 8 6.57992 0.01
r 56 0.01 8 7.04839 0.01
r 58 0.01 8 7.53815 0.01
r 60 0.01 8 7.99867 0.01
r 62 0.01 8 8.42969 0.01
r 64 0.01 8 8.88974 0.01
r 66 0.01 8 9.36549 0.01
r 68 0.01 8 9.82057 0.01
r 70 0.01 8 10.2198 0.01
r 72 0.01 8 10.6643 0.01
r 74 0.01 8 11.1428 0.01
r 76 0.01 8 11.5858 0.01
r 78 0.01 8 12.0338 0.01
r 80 0.01 8 12.4939 0.01
s 50 2 93
r 20 0.01 6 9.26783 0.01
r 22 0.01 6 8.83761 0.01
r 24 0.01 6 8.44596 0.01
r 26 0.01 6 8.09497 0.01
r 28 0.01 6 7.65788 0.01
r 30 0.01 6 7.1661 0.01
r 32 0.01 6 6.69392 0.01
r 34 0.01 6 6.30525 0.01
r 36 0.01 6 5.78194 0.01
r 38 0.01 6 5.34683 0.01
r 40 0.01 6 4.95317 0.01
r 42 0.01 6 4.37616 0.01
r 44 0.01 6 3.85619 0.01
r 46 0.01 6 3.39603 0.01
r 48 0.01 6 3.1372 0.01
r 50 0.01 6 2.92815 0.01
r 52 0.01 6 3.12489 0.01
r 54 0.01 6 3.57506 0.01
r 56 0.01 6 4.09422 0.01
r 58 0.01 6 4.60181 0.01
r 60 0.01 6 5.12299 0.01
r 62 0.01 6 5.65415 0.01
r 64 0.01 6 6.16349 0.01
r 66 0.01 6 6.64697 0.01
r 68 0.01 6 7.09491 0.01
r 70 0.01 6 7.50243 0.01
r 72 0.01 6 7.93926 0.01
r 74 0.01 6 8.41899 0.01
r 76 0.01 6 8.88154 0.01
r 78 0.01 6 9.35414 0.01
r 80 0.01 6 9.84693 0.01
r 20 0.01 7 7.23754 0.01
r 22 0.01 7 6.98145 0.01
r 24 0.01 7 6.73618 0.01
r 26 0.01 7 6.54611 0.01
r 28 0.01 7 6.39356 0.01
r 30 0.01 7 6.12253 0.01
r 32 0.01 7 5.80196 0.01
r 34 0.01 7 5.54022 0.01
r 36 0.01 7 5.26928 0.01
r 38 0.01 7 5.05475 0.01
r 40 0.01 7 4.83609 0.01
r 42 0.01 7 4.58955 0.01
r 44 0.01 7 4.25166 0.01
r 46 0.01 7 3.92823 0.01
r 48 0.01 7 3.69775 0.01
r 50 0.01 7 3.47415 0.01
r 52 0.01 7 3.69377 0.01
r 54 0.01 7 4.11487 0.01
r 56 0.01 7 4.40115 0.01
r 58 0.01 7 4.6333 0.01
r 60 0.01 7 4.90489 0.01
r 62 0.01 7 5.23594 0.01
r 64 0.01 7 5.61826 0.01
r 66 0.01 7 5.9175 0.01
r 68 0.01 7 6.13447 0.01
r 70 0.01 7 6.39484 0.01
r 72 0.01 7 6.68787 0.01
r 74 0.01 7 6.97637 0.01
r 76 0.01 7 7.24708 0.01
r 78 0.01 7 7.603 0.01
r 80 0.01 7 7.81113 0.01
r 20 0.01 8 9.88683 0.01
r 22 0.01 8 9.46281 0.01
r 24 0.01 8 9.07928 0.01
r 26 0.01 8 8.73037 0.01
r 28 0.01 8 8.28452 0.01
r 30 0.01 8 7.7905 0.01
r 32 0.01 8 7.32506 0.01
r 34 0.01 8 6.86458 0.01
r 36 0.01 8 6.44165 0.01
r 38 0.01 8 6.447 0.01
r 40 0.01 8 5.59581 0.01
r 42 0.01 8 5.04966 0.01
r 44 0.01 8 4.65652 0.01
r 46 0.01 8 4.25162 0.01
r 48 0.01 8 3.81168 0.01
r 50 0.01 8 3.48305 0.01
r 52 0.01 8 3.81217 0.01
r 54 0.01 8 4.39513 0.01
r 56 0.01 8 4.87902 0.01
r 58 0.01 8 5.57808 0.01
r 60 0.01 8 6.20125 0.01
r 62 0.01 8 6.61339 0.01
r 64 0.01 8 6.8353 0.01
r 66 0.01 8 7.30619 0.01
r 68 0.01 8 7.76313 0.01
r 70 0.01 8 8.16378 0.01
r 72 0.01 8 8.60736 0.01
r 74 0.01 8 9.10992 0.01
r 76 0.01 8 9.55511 0.01
r 78 0.01 8 10.0104 0.01
r 80 0.01 8 10.5056 0.01
s 60 2 93
r 20 0.01 6 11.5665 0.01
r 22 0.01 6 11.1508 0.01
r 24 0.01 6 10.7726 0.01
r 26 0.01 6 10.4324 0.01
r 28 0.01 6 10.0114 0.01
r 30 0.01 6 9.53851 0.01
r 32 0.01 6 9.09696 0.01
r 34 0.01 6 8.66484 0.01
r 36 0.01 6 8.24418 0.01
r 38 0.01 6 7.83501 0.01
r 40 0.01 6 7.43882 0.01
r 42 0.01 6 6.99331 0.01
r 44 0.01 6 6.56775 0.01
r 46 0.01 6 6.15007 0.01
r 48 0.01 6 5.63839 0.01
r 50 0.01 6 5.12222 0.01
r 52 0.01 6 4.61032 0.01
r 54 0.01 6 4.05267 0.01
r 56 0.01 6 3.48795 0.01
r 58 0.01 6 3.10207 0.01
r 60 0.01 6 2.93603 0.01
r 62 0.01 6 3.15691 0.01
r 64 0.01 6 3.62162 0.01
r 66 0.01 6 4.16909 0.01
r 68 0.01 6 4.74542 0.01
r 70 0.01 6 5.21151 0.01
r 72 0.01 6 5.70867 0.01
r 74 0.01 6 6.17886 0.01
r 76 0.01 6 6.65345 0.01
r 78 0.01 6 7.13922 0.01
r 80 0.01 6 7.62748 0.01
r 20 0.01 7 8.53626 0.01
r 22 0.01 7 8.29018 0.01
r 24 0.01 7 8.05353 0.01
r 26 0.01 7 7.87705 0.01
r 28 0.01 7 7.7308 0.01
r 30 0.01 7 7.48027 0.01
r 32 0.01 7 7.16747 0.01
r 34 0.01 7 6.91519 0.01
r 36 0.01 7 6.66422 0.01
r 38 0.01 7 6.46638 0.01
r 40 0.01 7 6.25852 0.01
r 42 0.01 7 6.03451 0.01
r 44 0.01 7 5.70981 0.01
r 46 0.01 7 5.38615 0.01
r 48 0.01 7 5.17398 0.01
r 50 0.01 7 4.95403 0.01
r 52 0.01 7 4.72376 0.01
r 54 0.01 7 4.44315 0.01
r 56 0.01 7 4.14706 0.01
r 58 0.01 7 3.71186 0.01
r 60 0.01 7 3.53599 0.01
r 62 0.01 7 3.76577 0.01
r 64 0.01 7 4.28973 0.01
r 66 0.01 7 4.60644 0.01
r 68 0.01 7 4.82947 0.01
r 70 0.01 7 5.10118 0.01
r 72 0.01 7 5.41215 0.01
r 74 0.01 7 5.70334 0.01
r 76 0.01 7 6.00512 0.01
r 78 0.01 7 6.41659 0.01
r 80 0.01 7 6.58219 0.01
r 20 0.01 8 12.2258 0.01
r 22 0.01 8 11.81 0.01
r 24 0.01 8 11.4354 0.01
r 26 0.01 8 11.093 0.01
r 28 0.01 8 10.6737 0.01
r 30 0.01 8 10.1943 0.01
r 32 0.01 8 9.76697 0.01
r 34 0.01 8 9.33854 0.01
r 36 0.01 8 8.92445 0.01
r 38 0.01 8 8.49487 0.01
r 40 0.01 8 8.09705 0.01
r 42 0.01 8 7.65135 0.01
r 44 0.01 8 7.22806 0.01
r 46 0.01 8 6.88103 0.01
r 48 0.01 8 6.55368 0.01
r 50 0.01 8 6.20165 0.01
r 52 0.01 8 5.50047 0.01
r 54 0.01 8 5.00137 0.01
r 56 0.01 8 4.32422 0.01
r 58 0.01 8 3.82808 0.01
r 60 0.01 8 3.53788 0.01
r 62 0.01 8 3.84568 0.01
r 64 0.01 8 4.44079 0.01
r 66 0.01 8 4.9365 0.01
r 68 0.01 8 5.57466 0.01
r 70 0.01 8 6.04572 0.01
r 72 0.01 8 6.54566 0.01
r 74 0.01 8 7.05828 0.01
r 76 0.01 8 7.53876 0.01
r 78 0.01 8 8.04404 0.01
r 80 0.01 8 8.53403 0.01
s 70 2 93
r 20 0.01 6 13.7082 0.01
r 22 0.01 6 13.3045 0.01
r 24 0.01 6 12.9309 0.01
r 26 0.01 6 12.5986 0.01
r 28 0.01 6 12.2002 0.01
r 30 0.01 6 11.7318 0.01
r 32 0.01 6 11.2887 0.01
r 34 0.01 6 10.8569 0.01
r 36 0.01 6 10.4555 0.01
r 38 0.01 6 10.0466 0.01
r 40 0.01 6 9.65028 0.01
r 42 0.01 6 9.20532 0.01
r 44 0.01 6 8.77997 0.01
r 46 0.01 6 8.41863 0.01
r 48 0.01 6 7.96041 0.01
r 50 0.01 6 7.48439 0.01
r 52 0.01 6 7.01933 0.01
r 54 0.01 6 6.54474 0.01
r 56 0.01 6 6.02345 0.01
r 58 0.01 6 5.54953 0.01
r 60 0.01 6 5.17881 0.01
r 62 0.01 6 4.65978 0.01
r 64 0.01 6 4.15527 0.01
r 66 0.01 6 3.67604 0.01
r 68 0.01 6 3.41351 0.01
r 70 0.01 6 3.20032 0.01
r 72 0.01 6 3.37735 0.01
r 74 0.01 6 3.76825 0.01
r 76 0.01 6 4.2872 0.01
r 78 0.01 6 4.72452 0.01
r 80 0.01 6 5.21267 0.01
r 20 0.01 7 9.86991 0.01
r 22 0.01 7 9.63384 0.01
r 24 0.01 7 9.40546 0.01
r 26 0.01 7 9.23928 0.01
r 28 0.01 7 9.11067 0.01
r 30 0.01 7 8.87623 0.01
r 32 0.01 7 8.57014 0.01
r 34 0.01 7 8.32967 0.01
r 36 0.01 7 8.09245 0.01
r 38 0.01 7 7.90732 0.01
r 40 0.01 7 7.70509 0.01
r 42 0.01 7 7.50293 0.01
r 44 0.01 7 7.19632 0.01
r 46 0.01 7 6.89654 0.01
r 48 0.01 7 6.68464 0.01
r 50 0.01 7 6.4761 0.01
r 52 0.01 7 6.26285 0.01
r 54 0.01 7 5.99818 0.01
r 56 0.01 7 5.72419 0.01
r 58 0.01 7 5.40091 0.01
r 60 0.01 7 5.14315 0.01
r 62 0.01 7 4.99449 0.01
r 64 0.01 7 4.77254 0.01
r 66 0.01 7 4.4308 0.01
r 68 0.01 7 3.98918 0.01
r 70 0.01 7 3.83512 0.01
r 72 0.01 7 4.01929 0.01
r 74 0.01 7 4.45572 0.01
r 76 0.01 7 4.76299 0.01
r 78 0.01 7 5.14637 0.01
r 80 0.01 7 5.38042 0.01
r 20 0.01 8 14.413 0.01
r 22 0.01 8 14.0189 0.01
r 24 0.01 8 13.6507 0.01
r 26 0.01 8 13.3268 0.01
r 28 0.01 8 12.9183 0.01
r 30 0.01 8 12.4503 0.01
r 32 0.01 8 12.0174 0.01
r 34 0.01 8 11.6057 0.01
r 36 0.01 8 11.2065 0.01
r 38 0.01 8 10.7744 0.01
r 40 0.01 8 10.3786 0.01
r 42 0.01 8 9.93393 0.01
r 44 0.01 8 9.50835 0.01
r 46 0.01 8 9.1814 0.01
r 48 0.01 8 8.68983 0.01
r 50 0.01 8 8.22295 0.01
r 52 0.01 8 7.75785 0.01
r 54 0.01 8 7.28983 0.01
r 56 0.01 8 6.76434 0.01
r 58 0.01 8 6.40718 0.01
r 60 0.01 8 6.40979 0.01
r 62 0.01 8 5.38464 0.01
r 64 0.01 8 4.89787 0.01
r 66 0.01 8 4.67091 0.01
r 68 0.01 8 4.14826 0.01
r 70 0.01 8 3.83606 0.01
r 72 0.01 8 4.13888 0.01
r 74 0.01 8 4.60514 0.01
r 76 0.01 8 5.02325 0.01
r 78 0.01 8 5.47002 0.01
r 80 0.01 8 5.95544 0.01
