63 81 1.5 0.33
0 2 4 6 8 10 12 14 16 18 20 22 24 26 28 30 32 34 36 38 40 42 44 46 48 50 52 54 56 58 60 62 64 66 68 70 72 74 76 78 80 82 84 86 88 90 92 94 96 98 100 102 104 106 108 110 112 114 116 118 120 122 124 
0 0 0 0 0 0 0 0 0 0 0 0 0 0 0 0 0 0 0 0 0 0 0 0 0 0 0 0 0 0 0 0 0 0 0 0 0 0 0 0 0 0 0 0 0 0 0 0 0 0 0 0 0 0 0 0 0 0 0 0 0 0 0 
0 0.2 0.4 0.6 0.8 1 1.2 1.4 1.6 1.8 2 2.2 2.4 2.6 2.8 3 3.2 3.4 3.6 3.8 4 4.2 4.4 4.6 4.8 5 5.2 5.4 5.6 5.8 6 6.2 6.4 6.6 6.8 7 7.2 7.4 7.6 7.8 8 8.2 8.4 8.6 8.8 9 9.2 9.4 9.6 9.8 10 10.2 10.4 10.6 10.8 11 11.2 11.4 11.6 11.8 12 12.2 12.4 12.6 12.8 13 13.2 13.4 13.6 13.8 14 14.2 14.4 14.6 14.8 15 15.2 15.4 15.6 15.8 16 
1.5 1.5 1.5 1.5 1.5 1.5 1.5 1.5 1.5 1.5 2 1.58863 4.59716 4.60009 4.60523 4.61476 4.62421 4.63447 4.64277 4.65204 4.66122 4.66998 4.6774 4.68651 4.69461 4.70307 4.71126 4.71874 4.72789 4.73624 4.7447 4.75318 4.76175 4.77054 4.77981 4.78867 4.79785 4.80726 4.81697 4.82679 4.83684 4.84695 4.8575 4.86815 4.87878 4.89025 4.9015 4.91303 4.92478 4.93655 4.94879 4.96104 4.97344 4.98603 4.99862 5.0114 5.02426 5.03724 5.05027 5.06335 5.07639 5.08964 5.10267 5.1157 5.12877 5.1418 5.15482 5.16769 5.18057 5.19334 5.20586 5.21842 5.2307 5.24322 5.25514 5.2678 5.27964 5.29155 5.30439 5.31619 5.32588 
1.5 1.5 1.5 1.5 1.5 1.5 1.5 1.5 1.5 1.5 2 1.57939 1.61636 4.547 4.55726 4.56832 4.57918 4.59048 4.6006 4.61121 4.62178 4.63191 4.64168 4.65211 4.66219 4.67247 4.68245 4.69229 4.70271 4.71281 4.72315 4.73324 4.74349 4.75378 4.76421 4.77473 4.78535 4.79604 4.80693 4.81774 4.82893 4.84007 4.85145 4.86295 4.87453 4.88638 4.89819 4.91027 4.92235 4.93459 4.94694 4.95934 4.97181 4.98437 4.99701 5.00953 5.02218 5.03472 5.04732 5.05995 5.07233 5.0849 5.09727 5.10964 5.12168 5.13385 5.1458 5.15785 5.16981 5.18131 5.19295 5.2048 5.21605 5.22769 5.23914 5.25101 5.26122 5.27458 5.28408 5.29445 5.30803 
1.5 1.5 1.5 1.5 1.5 1.5 1.5 1.5 1.5 1.5 2 1.57453 1.60223 1.64283 4.53711 4.54876 4.56085 4.57141 4.58252 4.5934 4.60437 4.61494 4.62491 4.63548 4.64597 4.6566 4.66717 4.67713 4.68785 4.69816 4.70879 4.71906 4.72961 4.74008 4.75046 4.76116 4.7716 4.78245 4.79319 4.80383 4.81497 4.82584 4.83712 4.84828 4.85939 4.87114 4.8827 4.89446 4.90632 4.9179 4.93035 4.94261 4.955 4.96747 4.97985 4.99287 5.00572 5.01863 5.03156 5.04439 5.05762 5.07086 5.08403 5.09712 5.11022 5.12331 5.13636 5.14947 5.1624 5.17526 5.18789 5.20061 5.21297 5.22508 5.2377 5.24979 5.26192 5.27543 5.28606 5.2963 5.31264 
1.5 1.5 1.5 1.5 1.5 1.5 1.5 1.5 1.5 1.5 2 1.56151 1.59213 1.63129 4.53565 4.54665 4.55891 4.56973 4.58084 4.59195 4.60272 4.61304 4.62338 4.63396 4.64459 4.65516 4.66569 4.67589 4.68669 4.69713 4.7078 4.71847 4.72903 4.73976 4.75044 4.76135 4.77212 4.783 4.79401 4.80501 4.81629 4.82751 4.83875 4.85019 4.8615 4.87324 4.88479 4.8967 4.90855 4.9204 4.93269 4.9446 4.95704 4.96946 4.98175 4.99468 5.00717 5.02027 5.0328 5.04579 5.0591 5.07205 5.08559 5.09876 5.11206 5.12524 5.13844 5.15193 5.16496 5.17842 5.19158 5.20468 5.21752 5.22968 5.24309 5.25477 5.2678 5.28069 5.29268 5.30743 5.31918 
1.5 1.5 1.5 1.5 1.5 1.5 1.5 1.5 1.5 1.5 2 1.55105 1.58216 1.62627 4.52959 4.54168 4.55383 4.56506 4.57645 4.58688 4.59828 4.60866 4.61969 4.63005 4.64049 4.6515 4.66233 4.67323 4.68384 4.69419 4.70518 4.71613 4.72721 4.73814 4.74869 4.75995 4.77093 4.78224 4.79336 4.80428 4.81587 4.82731 4.83869 4.85016 4.86171 4.87341 4.88509 4.89703 4.90891 4.92121 4.93326 4.94533 4.95765 4.97001 4.98293 4.99572 5.00829 5.02131 5.03414 5.04774 5.06099 5.07393 5.0874 5.10135 5.11492 5.12848 5.14186 5.15555 5.16962 5.18333 5.1969 5.21033 5.22387 5.23638 5.24979 5.26219 5.27668 5.28892 5.30259 5.31571 5.32845 
1.5 1.5 1.5 1.5 1.5 1.5 1.5 1.5 1.5 1.5 2 1.53647 1.56878 4.51733 4.52896 4.54096 4.55262 4.56317 4.57516 4.58566 4.59777 4.60866 4.61942 4.6301 4.64088 4.65261 4.66391 4.67484 4.68617 4.69679 4.70863 4.71984 4.73112 4.74242 4.7536 4.76556 4.77702 4.78849 4.80006 4.81147 4.82348 4.83518 4.84702 4.85891 4.87093 4.88297 4.89504 4.90731 4.91959 4.93236 4.94465 4.95737 4.97018 4.98311 4.99618 5.00928 5.02268 5.03621 5.04965 5.06329 5.07704 5.09083 5.10478 5.11869 5.13275 5.14676 5.16106 5.1751 5.18926 5.20331 5.21744 5.23094 5.24473 5.2582 5.2714 5.28446 5.29898 5.31039 5.32561 5.33908 5.35284 
1.5 1.5 1.5 1.5 1.5 1.5 1.5 1.5 1.5 1.5 2 1.52103 1.55572 4.5102 4.52139 4.53201 4.54399 4.55645 4.56656 4.57747 4.58922 4.60019 4.61052 4.62259 4.63244 4.64419 4.65559 4.66665 4.67799 4.68933 4.70081 4.71222 4.72355 4.73498 4.74717 4.75872 4.77046 4.78233 4.79411 4.80629 4.81827 4.83033 4.84253 4.85474 4.86734 4.8796 4.89217 4.90493 4.91776 4.93098 4.94364 4.95681 4.97029 4.98371 4.99731 5.01098 5.02498 5.03853 5.05313 5.06751 5.08191 5.09628 5.11077 5.12543 5.14002 5.15467 5.16941 5.18398 5.19863 5.2133 5.22787 5.24177 5.25566 5.26994 5.28309 5.29695 5.31135 5.32345 5.33827 5.35339 5.36603 
1.5 1.5 1.5 1.5 1.5 1.5 1.5 1.5 1.5 1.5 2 1.50384 1.53632 1.56428 1.59308 4.48759 4.50206 4.51336 4.52579 4.53937 4.54943 4.56071 4.5719 4.58272 4.59474 4.606 4.61786 4.62959 4.64136 4.65368 4.66532 4.67724 4.68984 4.7011 4.71393 4.72586 4.73836 4.75075 4.76323 4.77601 4.78856 4.80154 4.8143 4.82737 4.84088 4.85371 4.86702 4.88051 4.89414 4.9083 4.92164 4.93507 4.94976 4.96404 4.97828 4.99275 5.0067 5.02217 5.03685 5.05184 5.06677 5.08148 5.09676 5.11191 5.12702 5.14213 5.15715 5.17209 5.18696 5.20185 5.21668 5.2307 5.24445 5.25934 5.27222 5.28639 5.30027 5.31318 5.32691 5.34295 5.35477 
1.5 1.5 1.5 1.5 1.5 1.5 1.5 1.5 1.5 1.5 2 1.48675 1.51913 1.5455 1.57611 1.6078 4.4562 4.4716 4.48699 4.50146 4.51051 4.52273 4.53424 4.54787 4.55921 4.57062 4.58279 4.59579 4.60953 4.62165 4.63415 4.64704 4.66008 4.67362 4.6867 4.69971 4.71341 4.72696 4.74064 4.75437 4.76826 4.78227 4.79626 4.81054 4.82545 4.83901 4.85352 4.86766 4.88294 4.89856 4.91268 4.92773 4.94225 4.95818 4.97343 4.98873 5.00427 5.01932 5.03531 5.05095 5.06655 5.08223 5.09766 5.11323 5.12856 5.14394 5.15911 5.17418 5.18914 5.20392 5.21862 5.23261 5.24615 5.261 5.27393 5.28771 5.30072 5.31429 5.32722 5.34333 5.35413 
1.5 1.5 1.5 1.5 1.5 1.5 1.5 1.5 1.5 1.5 2 1.46985 1.50216 1.52766 1.55946 1.59067 4.41046 4.43411 4.44914 4.46197 4.4711 4.48452 4.49685 4.50944 4.52394 4.5362 4.54955 4.56529 4.57761 4.59258 4.60641 4.62107 4.63578 4.65057 4.66574 4.68067 4.69604 4.71139 4.72702 4.74118 4.75795 4.77367 4.78941 4.80514 4.82221 4.83687 4.85287 4.86905 4.88515 4.90081 4.91759 4.93397 4.95022 4.96624 4.98265 4.99947 5.01591 5.03228 5.04845 5.06475 5.08088 5.09703 5.11274 5.12881 5.1441 5.15956 5.17456 5.18944 5.20489 5.21862 5.2328 5.2465 5.25966 5.27379 5.28727 5.29998 5.31307 5.32561 5.33905 5.35388 5.36365 
1.5 1.5 1.5 1.5 1.5 1.5 1.5 1.5 1.5 1.5 2 1.45235 1.48415 1.51203 1.53949 4.35953 4.38953 4.38357 4.40389 4.41086 4.4283 4.44219 4.4574 4.47119 4.48535 4.50063 4.51617 4.53189 4.54788 4.56496 4.58145 4.59848 4.61564 4.63326 4.64992 4.66803 4.68554 4.70354 4.72151 4.73899 4.75733 4.77563 4.79334 4.81188 4.83006 4.84816 4.86628 4.88444 4.90242 4.92229 4.93848 4.95617 4.97381 4.99139 5.00873 5.02598 5.04306 5.06004 5.07659 5.0931 5.10924 5.12536 5.14112 5.1567 5.17214 5.18717 5.20197 5.21631 5.23069 5.24478 5.25855 5.27197 5.28473 5.29772 5.31159 5.32322 5.33657 5.34798 5.36267 5.37562 5.38495 
1.5 1.5 1.5 1.5 1.5 1.5 1.5 1.5 1.5 1.5 2 1.43392 1.46541 1.4958 1.5218 4.2852 4.30094 4.33339 4.32349 4.32251 4.34413 4.36147 4.38148 4.39982 4.41864 4.43731 4.45641 4.47632 4.49472 4.51487 4.53632 4.5572 4.57835 4.59964 4.61833 4.64216 4.6632 4.68463 4.70598 4.7252 4.74873 4.76972 4.79104 4.8117 4.8352 4.85307 4.87346 4.89352 4.91334 4.93543 4.95244 4.97155 4.99015 5.00873 5.02683 5.0444 5.06186 5.07881 5.09542 5.1116 5.12759 5.14344 5.15847 5.17346 5.18803 5.20232 5.21631 5.2299 5.24353 5.2569 5.27013 5.28315 5.29529 5.30828 5.32147 5.33245 5.3451 5.35735 5.36948 5.38309 5.39382 
1.5 1.5 1.5 1.5 1.5 1.5 1.5 1.5 1.5 1.5 2 1.41672 1.4476 1.47772 1.50082 4.17445 4.14157 4.20222 4.26224 4.22278 4.2504 4.27107 4.29139 4.30946 4.33143 4.35244 4.37584 4.40455 4.42758 4.45208 4.47988 4.50618 4.5321 4.55848 4.58156 4.61169 4.63789 4.66415 4.68996 4.71308 4.74146 4.76626 4.79097 4.81495 4.84255 4.8621 4.88495 4.90718 4.92872 4.95331 4.97076 4.99077 5.01023 5.02912 5.04763 5.06525 5.08273 5.09947 5.11552 5.13099 5.14629 5.16116 5.17529 5.18928 5.20273 5.2158 5.22874 5.24129 5.2537 5.26617 5.27853 5.29053 5.30193 5.31405 5.32641 5.33739 5.34929 5.36031 5.37315 5.3886 5.4029 
1.5 1.5 1.5 1.5 1.5 1.5 1.5 1.5 1.5 1.5 2 1.40198 1.43245 1.46167 1.48743 1.506 4.07482 3.97716 4.14588 4.10486 4.14795 4.17473 4.20252 4.22448 4.24744 4.27204 4.297 4.33229 4.35659 4.38374 4.4147 4.44599 4.47852 4.51088 4.53871 4.57469 4.60538 4.63589 4.6658 4.69294 4.72588 4.75477 4.78293 4.81036 4.84167 4.86252 4.88721 4.91107 4.93426 4.96064 4.97804 4.9985 5.01818 5.03693 5.05531 5.07269 5.08959 5.10579 5.12128 5.13627 5.15055 5.16435 5.17755 5.19022 5.20265 5.2145 5.22655 5.23795 5.24927 5.26059 5.27211 5.28327 5.29392 5.30456 5.31584 5.32666 5.33904 5.34818 5.36027 5.37409 5.39136 
1.5 1.5 1.5 1.5 1.5 1.5 1.5 1.5 1.5 1.5 2 1.3907 1.4198 1.44767 1.47371 1.49504 1.51942 1.54534 3.9911 3.94903 4.0266 4.0663 4.1091 4.14836 4.177 4.20355 4.23301 4.26456 4.29093 4.32294 4.35949 4.39415 4.42849 4.46152 4.49168 4.53327 4.5688 4.60315 4.63695 4.66694 4.70317 4.73424 4.76469 4.79441 4.82909 4.85102 4.87777 4.90335 4.92803 4.95557 4.97316 4.99403 5.01393 5.03244 5.05007 5.0665 5.08266 5.09768 5.11191 5.12569 5.13858 5.15122 5.16316 5.17451 5.18557 5.19597 5.20653 5.21679 5.2271 5.2374 5.24802 5.25917 5.26929 5.27913 5.28863 5.29793 5.31 5.31986 5.33111 5.34123 5.36164 
1.5 1.5 1.5 1.5 1.5 1.5 1.5 1.5 1.5 1.5 2 1.36537 1.39412 1.42168 1.44767 1.47007 1.48875 1.50644 3.9486 3.93944 3.97885 4.0076 4.03934 4.08145 4.13217 4.17967 4.20882 4.24798 4.27679 4.31453 4.35408 4.38948 4.4248 4.46191 4.49287 4.53286 4.57002 4.60934 4.6457 4.67489 4.71225 4.74557 4.77831 4.8098 4.84511 4.8666 4.89337 4.91897 4.94305 4.97023 4.98684 5.00728 5.02704 5.04501 5.06165 5.07674 5.0918 5.10558 5.11846 5.1307 5.14229 5.15399 5.16502 5.17527 5.18551 5.19464 5.20413 5.21332 5.22259 5.23194 5.24151 5.25241 5.2623 5.27105 5.2823 5.28858 5.30215 5.31005 5.32336 5.33167 5.34719 
1.5 1.5 1.5 1.5 1.5 1.5 1.5 1.5 1.5 1.5 2 1.38066 1.41003 1.43757 1.46397 1.48972 1.51215 3.8691 3.84547 3.90278 3.9499 3.99702 4.02513 4.05846 4.08424 4.16221 4.20371 4.24985 4.28365 4.32819 4.37135 4.41536 4.45729 4.49652 4.53101 4.57202 4.60436 4.63611 4.67393 4.71194 4.75072 4.78057 4.8088 4.8373 4.87303 4.89541 4.92247 4.9461 4.96856 4.99428 5.01018 5.02914 5.04686 5.06349 5.07902 5.0976 5.1079 5.12108 5.13293 5.14413 5.15429 5.16453 5.1741 5.1834 5.19249 5.20038 5.20917 5.21743 5.22534 5.2339 5.24252 5.2524 5.26127 5.26975 5.2788 5.2845 5.29673 5.30113 5.31198 5.32711 5.34239 
1.5 1.5 1.5 1.5 1.5 1.5 1.5 1.5 1.5 1.5 2 1.38361 1.41303 1.4412 1.46525 1.49534 1.51967 3.91281 3.90836 3.9633 3.98769 4.0449 4.0771 4.11817 4.14201 4.20012 4.25092 4.29114 4.32014 4.36157 4.40269 4.44493 4.48755 4.53207 4.56839 4.61207 4.646 4.67611 4.70582 4.7402 4.77405 4.80723 4.83663 4.8637 4.89549 4.91266 4.93384 4.95885 4.98301 5.00614 5.02008 5.03749 5.05385 5.06814 5.08038 5.09314 5.1048 5.11594 5.12617 5.13603 5.14489 5.15337 5.1616 5.17109 5.1768 5.18416 5.19136 5.19864 5.2057 5.21362 5.22146 5.23107 5.24066 5.24793 5.2575 5.26461 5.27287 5.28466 5.29256 5.31008 5.32446 
1.5 1.5 1.5 1.5 1.5 1.5 1.5 1.5 1.5 1.5 2 1.39124 1.42045 1.44956 1.47674 1.5052 1.52909 3.93823 3.9164 3.97714 4.04659 4.07492 4.12864 4.15799 4.20181 4.26722 4.30608 4.35962 4.39513 4.43682 4.47853 4.50702 4.53009 4.56309 4.59479 4.64678 4.68159 4.71252 4.73892 4.7708 4.80968 4.83147 4.86084 4.88708 4.91265 4.92727 4.9519 4.97023 4.98491 5.00518 5.02273 5.03911 5.05232 5.06534 5.07595 5.08956 5.09587 5.10481 5.1129 5.12033 5.12718 5.13463 5.1424 5.1496 5.15598 5.1625 5.16914 5.1758 5.18256 5.18977 5.19673 5.20584 5.21524 5.22227 5.23139 5.24073 5.2485 5.26182 5.27306 5.27985 5.29325 
1.5 1.5 1.5 1.5 1.5 1.5 1.5 1.5 1.5 1.5 2 1.40063 1.42855 1.45815 1.48509 1.51047 1.53598 1.55821 4.04454 4.02529 4.08916 4.16226 4.22383 4.26507 4.30903 4.36582 4.39788 4.43964 4.47521 4.52899 4.55998 4.60119 4.63621 4.65803 4.6721 4.69177 4.71726 4.74055 4.76186 4.79049 4.80972 4.8355 4.85477 4.88219 4.92102 4.92459 4.9389 4.95775 4.97328 4.99295 5.00443 5.01467 5.02803 5.04116 5.05061 5.06279 5.06679 5.07419 5.08344 5.08869 5.09305 5.098 5.10399 5.11082 5.11629 5.12324 5.12981 5.13525 5.14143 5.14879 5.15624 5.16515 5.17521 5.17958 5.18937 5.19857 5.20548 5.22013 5.23068 5.23995 5.25197 
1.5 1.5 1.5 1.5 1.5 1.5 1.5 1.5 1.5 1.5 2 1.39495 1.42494 1.45405 1.48169 1.51038 1.53768 1.55917 1.57787 4.20389 4.18736 4.27883 4.33537 4.37818 4.41134 4.45652 4.48422 4.53326 4.55816 4.60165 4.62896 4.6544 4.68182 4.71182 4.74841 4.74861 4.75231 4.77602 4.79002 4.80875 4.82537 4.83376 4.84763 4.85328 4.88512 4.90097 4.92111 4.93722 4.94224 4.95266 4.97476 4.99144 4.99467 5.00539 5.02177 5.02965 5.03747 5.04341 5.04965 5.05436 5.05817 5.06043 5.06521 5.06997 5.07378 5.07918 5.08516 5.09235 5.09939 5.10621 5.11296 5.1206 5.1302 5.13814 5.14714 5.1553 5.16446 5.17344 5.19208 5.20648 5.21032 
1.5 1.5 1.5 1.5 1.5 1.5 1.5 1.5 1.5 1.5 2 1.43712 1.4684 1.49872 1.52861 1.55797 1.58635 1.6165 1.64457 1.67365 4.11986 4.12399 4.19289 4.25916 4.3682 4.42031 4.44952 4.47425 4.50372 4.54359 4.58588 4.61462 4.65827 4.68678 4.72795 4.76781 4.76852 4.78928 4.78619 4.80988 4.82456 4.82231 4.84848 4.84492 4.86884 4.86236 4.87166 4.88697 4.90165 4.91269 4.91154 4.92983 4.94785 4.95133 4.95562 4.97523 4.98627 4.99218 4.99871 5.00486 5.00985 5.01502 5.01995 5.02488 5.03075 5.03628 5.04108 5.04772 5.05734 5.06582 5.07334 5.08134 5.08858 5.09416 5.10222 5.11616 5.12062 5.13377 5.15045 5.17064 5.17812 
1.5 1.5 1.5 1.5 1.5 1.5 1.5 1.5 1.5 1.5 2 1.45226 1.4865 1.51542 1.54693 1.57525 1.60455 1.63223 1.66106 4.05978 4.08467 4.05769 4.12334 4.16074 4.19545 4.31283 4.41065 4.4644 4.49041 4.5284 4.53982 4.57125 4.61923 4.65848 4.72227 4.77129 4.78259 4.8007 4.77013 4.79049 4.81774 4.81443 4.82745 4.83658 4.86269 4.84747 4.84706 4.85529 4.86931 4.87942 4.87858 4.87791 4.89559 4.91627 4.92579 4.92127 4.94332 4.95393 4.9644 4.974 4.98243 4.98888 4.99659 5.0024 5.00856 5.0148 5.02197 5.02802 5.03505 5.04664 5.05701 5.06334 5.07569 5.08346 5.09295 5.10563 5.11499 5.12161 5.13707 5.16741 5.17437 
1.5 1.5 1.5 1.5 1.5 1.5 1.5 1.5 1.5 1.5 2 1.46373 1.49635 1.52808 1.55843 1.59295 1.62009 1.64552 4.06596 4.42305 4.06771 4.06768 4.12922 4.16303 4.17622 4.25834 4.34925 4.42754 4.46354 4.51928 4.55483 4.60094 4.6233 4.63142 4.66887 4.7348 4.74812 4.80316 4.74699 4.76893 4.78209 4.78164 4.79279 4.81234 4.80985 4.82105 4.81677 4.80662 4.82142 4.84352 4.84407 4.84135 4.83672 4.85756 4.88002 4.89279 4.88997 4.91594 4.93022 4.93957 4.94875 4.96103 4.97317 4.98204 4.98806 4.99423 5.00173 5.01283 5.02212 5.03218 5.04803 5.05782 5.06861 5.07757 5.08515 5.0997 5.10955 5.11802 5.13188 5.16448 5.17241 
1.5 1.5 1.5 1.5 1.5 1.5 1.5 1.5 1.5 1.5 2 1.47208 1.50493 1.53738 1.5685 1.59992 1.63134 1.65796 1.68383 3.49644 3.34985 3.46857 3.5702 3.66062 3.76656 3.89042 3.98866 4.07986 4.13675 4.22242 4.3088 4.38955 4.49604 4.56613 4.61265 4.60374 4.65653 4.72221 4.68084 4.70665 4.72175 4.7415 4.75535 4.76216 4.75064 4.75961 4.77113 4.77135 4.75525 4.77876 4.7923 4.79624 4.78244 4.79301 4.81583 4.83239 4.82912 4.86211 4.87736 4.89354 4.9034 4.9165 4.93048 4.94914 4.9587 4.96617 4.97257 4.98207 4.99323 5.00461 5.0222 5.03291 5.04411 5.05147 5.06017 5.07377 5.08219 5.09033 5.10104 5.12889 5.14539 
1.5 1.5 1.5 1.5 1.5 1.5 1.5 1.5 1.5 1.5 2 1.47919 1.51155 1.54345 1.57294 1.60373 1.63404 1.66306 1.69224 1.72568 3.38216 3.22905 3.37514 3.43374 3.55132 3.63699 3.72566 3.83447 3.92032 3.99475 4.07412 4.15459 4.27914 4.38507 4.50431 4.44848 4.5279 4.56317 4.55689 4.59028 4.6234 4.6459 4.65501 4.66534 4.67612 4.68023 4.69548 4.70499 4.68866 4.70656 4.72193 4.73245 4.72432 4.74641 4.75919 4.77235 4.76561 4.80827 4.82677 4.84418 4.85633 4.87179 4.88719 4.90538 4.92427 4.93102 4.94097 4.95159 4.96347 4.97929 4.99864 5.01265 5.02656 5.03754 5.04532 5.05853 5.07275 5.07989 5.09409 5.12224 5.13544 
1.5 1.5 1.5 1.5 1.5 1.5 1.5 1.5 1.5 1.5 2 1.46188 1.49442 1.52628 1.55686 1.58759 1.61867 1.64802 1.67849 1.70913 1.74108 3.42295 3.40387 3.45296 3.48957 3.60369 3.71979 3.79363 3.84298 3.92689 4.005 4.05237 4.14234 4.25007 4.42092 4.36144 4.44299 4.41492 4.43667 4.46071 4.48608 4.52295 4.5336 4.5568 4.57158 4.58097 4.59671 4.60451 4.61255 4.62902 4.6429 4.65375 4.66767 4.69451 4.70212 4.71102 4.73706 4.75833 4.78871 4.80516 4.82241 4.84021 4.85717 4.87836 4.89666 4.905 4.91527 4.9321 4.94777 4.966 4.98208 4.99719 5.01187 5.0244 5.03272 5.046 5.06085 5.06732 5.08588 5.12 5.13885 
1.5 1.5 1.5 1.5 1.5 1.5 1.5 1.5 1.5 1.5 2 1.44544 1.47683 1.50743 1.53675 1.56612 1.59616 1.62473 1.653 1.68026 1.71044 3.40112 3.55047 3.42253 3.50373 3.53135 3.59155 3.75951 3.83849 3.92334 3.99119 4.09001 4.15304 4.23595 4.30116 4.34658 4.34392 4.35856 4.37242 4.38926 4.42636 4.4454 4.46177 4.48811 4.49404 4.51762 4.52413 4.53721 4.5632 4.57219 4.5805 4.61063 4.63443 4.64749 4.66783 4.68508 4.71798 4.72579 4.76531 4.78628 4.80852 4.82984 4.85193 4.87295 4.88456 4.89818 4.91805 4.93844 4.95602 4.97283 4.98893 5.00434 5.01908 5.03264 5.03927 5.05392 5.07005 5.07614 5.08574 5.12508 5.14926 
1.5 1.5 1.5 1.5 1.5 1.5 1.5 1.5 1.5 1.5 2 1.42977 1.46064 1.49063 1.5197 1.54791 1.57674 1.60544 1.63396 1.65928 1.6898 3.30556 3.28556 3.3063 3.42882 3.43114 3.49594 3.66926 3.73019 3.88421 3.9558 4.06525 4.19035 4.22023 4.2195 4.2575 4.29024 4.31669 4.33553 4.37283 4.39689 4.40854 4.43102 4.44961 4.45935 4.48127 4.49748 4.5176 4.52582 4.54165 4.5732 4.5955 4.61635 4.63813 4.65696 4.68095 4.70587 4.71678 4.75558 4.77939 4.80489 4.82682 4.84409 4.86105 4.88203 4.905 4.9253 4.9439 4.96062 4.97962 4.99636 5.01337 5.02969 5.0451 5.05482 5.07165 5.08761 5.09648 5.1048 5.13665 5.1514 
1.5 1.5 1.5 1.5 1.5 1.5 1.5 1.5 1.5 1.5 2 1.41049 1.43848 1.4669 1.4936 1.51997 1.54704 1.57261 1.60036 1.62243 3.31462 3.23986 3.23291 3.35013 3.4638 3.57452 3.71709 3.83904 3.92208 3.95603 3.99674 4.05652 4.16894 4.35251 4.24594 4.2973 4.32846 4.34445 4.36003 4.37975 4.39832 4.41548 4.43282 4.45178 4.45835 4.47932 4.49419 4.50789 4.52512 4.55438 4.58135 4.60561 4.62704 4.64388 4.66525 4.69751 4.71162 4.74367 4.772 4.79485 4.8179 4.84101 4.86538 4.88917 4.91092 4.93282 4.95159 4.97102 4.98969 5.00777 5.02585 5.0428 5.0595 5.07334 5.08405 5.10218 5.11486 5.11733 5.12837 5.1586 5.16915 
1.5 1.5 1.5 1.5 1.5 1.5 1.5 1.5 1.5 1.5 2 1.36763 1.39769 1.42692 1.45513 1.48306 1.51018 1.53792 1.56629 1.59266 3.72681 3.58542 3.71515 3.82787 3.92662 4.00305 4.05404 4.10188 4.1268 4.17275 4.20084 4.24948 4.3497 4.41378 4.31648 4.33906 4.36929 4.39011 4.3783 4.39587 4.4093 4.41567 4.42216 4.44284 4.45583 4.47302 4.49669 4.52022 4.54136 4.56848 4.59233 4.6146 4.63347 4.65731 4.6863 4.70302 4.73423 4.76059 4.78512 4.81069 4.83781 4.86231 4.88502 4.90688 4.92745 4.94851 4.96836 4.99166 5.00611 5.0285 5.04297 5.0588 5.07496 5.0887 5.09995 5.11622 5.12875 5.13697 5.15275 5.17921 5.19044 
1.5 1.5 1.5 1.5 1.5 1.5 1.5 1.5 1.5 1.5 2 1.40444 1.43299 1.46084 1.49159 1.52006 1.54746 1.5739 1.60253 1.62837 1.65841 1.68357 3.95352 4.07422 4.0122 4.09686 4.14013 4.19828 4.24693 4.28177 4.29712 4.32868 4.35878 4.33812 4.32548 4.35048 4.36187 4.38782 4.38353 4.39018 4.40304 4.41333 4.4286 4.45346 4.47921 4.49707 4.51948 4.54785 4.5693 4.59054 4.60915 4.63066 4.6576 4.67979 4.70333 4.73285 4.75789 4.78073 4.80386 4.82504 4.84855 4.86945 4.88911 4.90832 4.92795 4.94751 4.96529 4.98371 5.00148 5.01941 5.03637 5.05103 5.06615 5.08037 5.09475 5.11156 5.12524 5.13619 5.1524 5.17944 5.19363 
1.5 1.5 1.5 1.5 1.5 1.5 1.5 1.5 1.5 1.5 2 1.40993 1.43914 1.47009 1.49754 1.52689 1.55542 1.58273 1.61171 1.63877 1.6697 1.69668 1.72407 1.75028 4.13009 4.15025 4.20038 4.27372 4.31498 4.31742 4.32455 4.33459 4.33589 4.3452 4.34698 4.3599 4.3737 4.40403 4.414 4.42286 4.44559 4.45748 4.48012 4.49972 4.52424 4.54793 4.56755 4.5856 4.60132 4.63147 4.65055 4.67343 4.69535 4.72123 4.74469 4.76584 4.78691 4.80811 4.82814 4.84817 4.8686 4.88747 4.9064 4.92366 4.94129 4.95716 4.97404 4.9904 5.00567 5.02124 5.03625 5.05274 5.0654 5.07669 5.08854 5.10466 5.11599 5.12798 5.14489 5.15916 5.17737 
1.5 1.5 1.5 1.5 1.5 1.5 1.5 1.5 1.5 1.5 2 1.42227 1.45165 1.48336 1.51396 1.54181 1.57152 1.59864 1.62822 1.65621 1.68772 1.71681 1.74424 4.22652 4.27267 4.30014 4.29 4.33781 4.31877 4.33933 4.35609 4.3713 4.39326 4.41306 4.42719 4.45057 4.47055 4.50253 4.50907 4.51777 4.54184 4.56075 4.58114 4.6031 4.62817 4.64061 4.6581 4.67705 4.69836 4.72142 4.73739 4.7603 4.78152 4.79924 4.81737 4.83512 4.85242 4.87112 4.88875 4.90652 4.92261 4.9389 4.95493 4.97002 4.98524 4.99975 5.01401 5.0288 5.04237 5.05642 5.07074 5.08414 5.09673 5.10687 5.1213 5.13507 5.1427 5.15945 5.17116 5.18419 5.20192 
1.5 1.5 1.5 1.5 1.5 1.5 1.5 1.5 1.5 1.5 2 1.43836 1.46488 1.49533 1.52764 1.5571 1.58522 1.61437 1.64211 1.67138 1.69966 1.72759 4.29376 4.41508 4.30652 4.34409 4.3315 4.39411 4.39955 4.43978 4.47618 4.50109 4.52061 4.53522 4.54767 4.57134 4.59381 4.60544 4.6191 4.64027 4.65962 4.67513 4.69217 4.70793 4.72472 4.73967 4.75626 4.77438 4.79348 4.81197 4.82682 4.84264 4.85789 4.87302 4.89021 4.90353 4.91878 4.93417 4.94847 4.96227 4.97687 4.98998 5.00368 5.01577 5.02924 5.04196 5.05497 5.0675 5.07969 5.09219 5.10441 5.11547 5.1272 5.14288 5.15658 5.16503 5.1716 5.18468 5.19639 5.20949 5.21998 
1.5 1.5 1.5 1.5 1.5 1.5 1.5 1.5 1.5 1.5 2 1.45187 1.48278 1.51706 1.54883 1.57903 1.6097 1.63929 1.66974 1.70103 1.73068 1.76174 4.37784 4.36363 4.36188 4.44843 4.44675 4.51648 4.51813 4.55832 4.57269 4.59332 4.60991 4.62828 4.65022 4.66863 4.68282 4.70316 4.71804 4.73197 4.74998 4.76534 4.77932 4.79279 4.80903 4.82582 4.84282 4.85717 4.86961 4.88308 4.89507 4.90728 4.91939 4.93174 4.94392 4.95565 4.96757 4.97971 4.99089 5.00181 5.01301 5.02348 5.03469 5.04588 5.05724 5.06801 5.07926 5.08999 5.10147 5.11245 5.12404 5.13505 5.14776 5.1596 5.17217 5.17999 5.19057 5.20475 5.21802 5.22519 5.23979 
1.5 1.5 1.5 1.5 1.5 1.5 1.5 1.5 1.5 1.5 2 1.49364 1.52303 1.55502 1.59117 1.62216 1.65364 1.68438 1.71594 1.74742 1.77786 1.80841 1.84469 4.46103 4.45601 4.46438 4.5205 4.55078 4.57942 4.59523 4.61958 4.64025 4.65836 4.67827 4.6957 4.71877 4.74077 4.75851 4.77427 4.78967 4.80485 4.82124 4.83897 4.85624 4.87265 4.884 4.89963 4.90845 4.92039 4.93137 4.94201 4.95229 4.96194 4.97207 4.98184 4.99114 4.99997 5.00888 5.01772 5.02629 5.03495 5.04363 5.05273 5.06177 5.07123 5.0801 5.08978 5.0993 5.1095 5.1196 5.1308 5.14177 5.15295 5.1635 5.17721 5.18412 5.19499 5.20887 5.21956 5.22728 5.25328 
1.5 1.5 1.5 1.5 1.5 1.5 1.5 1.5 1.5 1.5 2 1.52247 1.5549 1.5906 1.62487 1.65776 1.6902 1.72248 1.75554 1.7877 1.81957 1.85222 1.89342 4.56757 4.55584 4.68286 4.63743 4.6497 4.65966 4.68189 4.70423 4.72463 4.74451 4.76402 4.77944 4.79621 4.80784 4.82275 4.83882 4.85559 4.87012 4.88327 4.89499 4.9064 4.91786 4.92823 4.93869 4.94979 4.95911 4.96755 4.97704 4.98556 4.99678 5.00273 5.01111 5.01943 5.02777 5.03577 5.04383 5.05176 5.05966 5.06787 5.07623 5.08487 5.09351 5.10209 5.11094 5.11929 5.12926 5.13852 5.14893 5.15921 5.17022 5.18081 5.19252 5.20054 5.21189 5.2254 5.23496 5.2409 5.27159 
1.5 1.5 1.5 1.5 1.5 1.5 1.5 1.5 1.5 1.5 2 1.55767 1.59244 1.62825 1.6632 1.69644 1.7302 1.76473 1.79835 1.83277 1.86588 1.8995 1.93872 1.97102 2.00092 4.62321 4.62726 4.65189 4.67532 4.69829 4.71655 4.73421 4.75243 4.77139 4.78944 4.8067 4.82225 4.83684 4.85131 4.86519 4.87748 4.8893 4.90057 4.9115 4.92176 4.93127 4.94027 4.94941 4.96086 4.96473 4.9736 4.98149 4.98887 4.99676 5.00431 5.01201 5.01966 5.02702 5.03441 5.0422 5.04991 5.05785 5.06634 5.07507 5.08361 5.09239 5.10116 5.11007 5.11989 5.12921 5.13959 5.15002 5.16146 5.17204 5.18242 5.19225 5.20304 5.21618 5.22865 5.2319 5.26045 
1.5 1.5 1.5 1.5 1.5 1.5 1.5 1.5 1.5 1.5 2 1.5915 1.62721 1.66433 1.70016 1.73529 1.77077 1.80567 1.8402 1.87519 1.91005 1.94503 1.98067 2.01681 2.04931 2.08419 4.6773 4.69512 4.70884 4.72494 4.74154 4.75809 4.77347 4.78856 4.80385 4.81728 4.83072 4.84301 4.85505 4.86956 4.87667 4.88666 4.89621 4.90561 4.9143 4.92351 4.93189 4.94045 4.94801 4.95482 4.96388 4.97197 4.97968 4.98789 4.99597 5.00399 5.01205 5.01999 5.02815 5.03655 5.045 5.05429 5.06282 5.07201 5.08095 5.09046 5.09965 5.10912 5.11927 5.12906 5.13971 5.15065 5.16164 5.17227 5.18213 5.1943 5.20417 5.21773 5.22901 5.23488 5.26124 
1.5 1.5 1.5 1.5 1.5 1.5 1.5 1.5 1.5 1.5 2 1.62244 1.66031 1.69692 1.73379 1.77083 1.80706 1.84318 1.87955 1.91529 1.95141 1.98756 2.02055 2.05844 4.68983 4.70308 4.7129 4.72965 4.74274 4.75687 4.77113 4.78505 4.79855 4.812 4.82598 4.83696 4.8486 4.85987 4.87083 4.88374 4.89132 4.90113 4.9108 4.92033 4.92902 4.93868 4.94715 4.95639 4.96473 4.97238 4.98185 4.99047 4.99905 5.00782 5.01659 5.02532 5.03412 5.04291 5.05184 5.06106 5.07014 5.07957 5.08926 5.09899 5.10873 5.11884 5.12876 5.1389 5.14962 5.16017 5.17119 5.18261 5.19396 5.20451 5.21604 5.22796 5.23828 5.25196 5.26205 5.27206 5.29266 
1.5 1.5 1.5 1.5 1.5 1.5 1.5 1.5 1.5 1.5 2 1.65108 1.6895 1.7279 1.76572 1.80341 1.84118 1.87889 1.91594 1.9535 1.99091 2.02741 2.06184 4.68238 4.69801 4.71301 4.72232 4.73474 4.74723 4.76024 4.77317 4.78598 4.79858 4.81075 4.82321 4.83358 4.84437 4.85515 4.8656 4.876 4.88545 4.89528 4.90495 4.91448 4.92322 4.93322 4.94243 4.95169 4.96071 4.9693 4.97927 4.9885 4.99777 5.00773 5.01766 5.02714 5.03695 5.0469 5.05698 5.06729 5.07746 5.08803 5.09884 5.10952 5.12041 5.13126 5.14219 5.15326 5.16459 5.17596 5.18746 5.19952 5.21143 5.22181 5.23442 5.24605 5.2571 5.27039 5.28021 5.2923 5.30589 
1.5 1.5 1.5 1.5 1.5 1.5 1.5 1.5 1.5 1.5 2 1.67759 1.71693 1.7565 1.79527 1.83457 1.87328 1.91247 1.95094 1.99025 2.02775 2.06554 2.10313 2.14061 2.17894 4.67119 4.68151 4.69088 4.70239 4.71475 4.72675 4.73882 4.75092 4.76258 4.77489 4.78577 4.79644 4.80713 4.81753 4.82828 4.83811 4.84836 4.8585 4.8684 4.87783 4.88832 4.8982 4.90796 4.91763 4.92744 4.93796 4.94799 4.9581 4.96868 4.97912 4.98993 5.00072 5.01156 5.02262 5.03387 5.04508 5.05652 5.06813 5.07968 5.09141 5.10329 5.115 5.12701 5.1391 5.15121 5.16319 5.17541 5.18751 5.19866 5.21152 5.22368 5.2347 5.24831 5.25887 5.27191 5.28078 
1.5 1.5 1.5 1.5 1.5 1.5 1.5 1.5 1.5 1.5 2 1.70123 1.74195 1.78263 1.8229 1.8632 1.90327 1.94316 1.98336 2.02313 2.06298 2.10243 2.14144 2.18171 2.22293 2.26183 4.64629 4.65352 4.6648 4.67735 4.68813 4.69991 4.71154 4.72293 4.73488 4.7459 4.75702 4.76797 4.7787 4.78965 4.80049 4.81133 4.82215 4.83274 4.84311 4.85426 4.86497 4.87563 4.88645 4.89707 4.9083 4.91924 4.93051 4.94181 4.95308 4.96469 4.97632 4.98804 4.99985 5.01191 5.02394 5.03603 5.04827 5.06045 5.07276 5.0851 5.09734 5.10987 5.12224 5.13476 5.14697 5.1594 5.1713 5.18338 5.19572 5.20843 5.21864 5.23295 5.24298 5.2581 5.26344 
1.5 1.5 1.5 1.5 1.5 1.5 1.5 1.5 1.5 1.5 2 1.72322 1.7648 1.80648 1.84809 1.88929 1.93079 1.97211 2.01311 2.05408 2.09501 2.13548 2.17626 2.2187 2.26023 2.30087 4.61658 4.62586 4.63713 4.64892 4.66063 4.67243 4.68416 4.69581 4.70696 4.71905 4.73049 4.74197 4.7535 4.76519 4.77689 4.78858 4.80013 4.81177 4.82312 4.83493 4.8466 4.85805 4.86966 4.88142 4.89311 4.90496 4.91689 4.92886 4.94076 4.95286 4.96498 4.9772 4.98936 5.00171 5.01415 5.02674 5.03904 5.05154 5.06403 5.07647 5.0889 5.10154 5.11403 5.12674 5.13892 5.15158 5.16312 5.17596 5.18791 5.20061 5.21091 5.22501 5.23558 5.25111 5.25566 
1.5 1.5 1.5 1.5 1.5 1.5 1.5 1.5 1.5 1.5 2 1.74287 1.78605 1.82827 1.87008 1.91264 1.95523 1.99706 2.03941 2.08116 2.123 2.16461 2.20637 2.24925 2.289 2.32976 2.37227 4.59037 4.60151 4.61329 4.62533 4.6371 4.64899 4.6608 4.67256 4.68447 4.69632 4.70838 4.72047 4.73268 4.74521 4.75752 4.7698 4.78211 4.79453 4.80684 4.81922 4.83154 4.84392 4.85646 4.86875 4.88124 4.89375 4.90621 4.91848 4.93099 4.9435 4.95592 4.96833 4.98083 4.99342 5.00593 5.01827 5.0307 5.04302 5.05543 5.06769 5.08007 5.09242 5.10479 5.11674 5.12902 5.14047 5.15322 5.16472 5.17718 5.18806 5.20048 5.21279 5.22667 5.23153 
1.5 1.5 1.5 1.5 1.5 1.5 1.5 1.5 1.5 1.5 2 1.76062 1.80427 1.84754 1.89024 1.93386 1.97731 2.0198 2.06285 2.10592 2.14849 2.19098 2.23376 2.27541 2.31618 2.35775 2.40266 4.5711 4.58282 4.59273 4.60732 4.61931 4.63136 4.64346 4.65522 4.66761 4.67978 4.69211 4.70488 4.71735 4.73059 4.7434 4.75626 4.7692 4.78233 4.7949 4.80781 4.82065 4.83352 4.84679 4.8593 4.87215 4.88494 4.89758 4.91017 4.92269 4.93517 4.94768 4.96011 4.97247 4.98483 4.99706 5.00919 5.02135 5.03343 5.04545 5.05749 5.06938 5.08125 5.09316 5.10471 5.11645 5.12794 5.14021 5.15132 5.16347 5.17495 5.18553 5.19912 5.21134 5.21754 
1.5 1.5 1.5 1.5 1.5 1.5 1.5 1.5 1.5 1.5 2 1.77677 1.82119 1.86534 1.91021 1.95349 1.99707 2.04159 2.08528 2.12902 2.17293 2.21691 2.26019 2.30299 2.34421 4.55726 4.56911 4.58132 4.59427 4.60686 4.6188 4.63075 4.64272 4.65491 4.66679 4.67939 4.69211 4.70492 4.71791 4.73041 4.74397 4.75707 4.77017 4.78345 4.797 4.80978 4.82297 4.83617 4.8492 4.86276 4.87548 4.8885 4.90132 4.91407 4.92671 4.93924 4.95167 4.96407 4.97634 4.98847 5.00062 5.01251 5.02426 5.03609 5.04767 5.05927 5.07084 5.08222 5.09359 5.10492 5.11605 5.12718 5.13842 5.15018 5.16075 5.17238 5.1842 5.19356 5.20728 5.21839 5.22594 
1.5 1.5 1.5 1.5 1.5 1.5 1.5 1.5 1.5 1.5 2 1.79081 1.83579 1.88044 1.92607 1.97011 2.01518 2.05992 2.10443 2.14893 2.19372 2.23845 2.28292 2.32669 2.37001 2.41471 4.55181 4.56306 4.57775 4.59068 4.60256 4.61455 4.62659 4.63872 4.65069 4.66328 4.67566 4.68861 4.70172 4.71419 4.72778 4.7408 4.75401 4.76722 4.78071 4.79346 4.80665 4.81976 4.83285 4.84631 4.8588 4.8716 4.88431 4.89681 4.90927 4.9215 4.9336 4.94564 4.95762 4.96942 4.98111 4.99254 5.00391 5.01524 5.02648 5.03755 5.04867 5.05961 5.07045 5.08131 5.09205 5.10289 5.11389 5.12513 5.13577 5.14669 5.15867 5.16785 5.18025 5.19119 5.20063 
1.5 1.5 1.5 1.5 1.5 1.5 1.5 1.5 1.5 1.5 2 1.80306 1.84861 1.89379 1.93961 1.98566 2.03068 2.07627 2.12164 2.16745 2.21335 2.25847 2.30395 2.34921 2.39487 2.44026 2.48564 2.53517 4.55814 4.57103 4.58282 4.59484 4.60689 4.61888 4.62958 4.64285 4.65497 4.66703 4.67925 4.69155 4.70459 4.71735 4.73011 4.74296 4.75623 4.7687 4.78142 4.79424 4.80686 4.81979 4.83195 4.84437 4.85649 4.8686 4.88068 4.89251 4.90421 4.91575 4.92734 4.93864 4.94984 4.96091 4.97192 4.98279 4.99368 5.00442 5.01513 5.02579 5.03635 5.04695 5.0575 5.06824 5.07918 5.08987 5.10085 5.11132 5.12333 5.13284 5.14394 5.15518 5.16641 
1.5 1.5 1.5 1.5 1.5 1.5 1.5 1.5 1.5 1.5 2 1.81354 1.85946 1.90557 1.95158 1.99813 2.04393 2.09035 2.13707 2.18298 2.22873 2.27523 2.32127 2.36726 2.41401 2.46005 2.50688 2.55427 2.59943 4.5656 4.57713 4.58885 4.60076 4.61258 4.62411 4.63616 4.64787 4.65968 4.67149 4.68306 4.69562 4.70789 4.72025 4.73259 4.74506 4.75705 4.76932 4.7815 4.79358 4.80582 4.81761 4.82941 4.84114 4.85277 4.86429 4.87568 4.88686 4.89811 4.90912 4.92008 4.93087 4.94156 4.95222 4.96284 4.97353 4.984 4.99457 5.00502 5.01549 5.02593 5.03646 5.04708 5.058 5.06854 5.07965 5.0901 5.10183 5.11193 5.12227 5.13345 5.14633 
1.5 1.5 1.5 1.5 1.5 1.5 1.5 1.5 1.5 1.5 2 1.8224 1.86869 1.91536 1.96159 2.00853 2.05562 2.10166 2.14843 2.19549 2.24173 2.28825 2.33481 2.38128 2.42756 2.47511 2.52231 2.56821 4.57057 4.58267 4.59434 4.60576 4.61745 4.62895 4.64034 4.65193 4.66343 4.67491 4.68649 4.69813 4.71006 4.72191 4.73374 4.74553 4.75739 4.76902 4.7808 4.79238 4.80405 4.81552 4.82688 4.8382 4.84937 4.86055 4.87156 4.88257 4.89339 4.90421 4.91484 4.92545 4.93604 4.94646 4.95699 4.96741 4.97783 4.98829 4.99866 5.00915 5.01949 5.02994 5.04061 5.05126 5.0622 5.07275 5.08385 5.09437 5.1058 5.11673 5.12666 5.13741 5.15148 
1.5 1.5 1.5 1.5 1.5 1.5 1.5 1.5 1.5 1.5 2 1.82967 1.87618 1.92343 1.96987 2.01702 2.0643 2.11094 2.15788 2.20505 2.25182 2.29866 2.34561 2.39239 2.43917 2.4856 2.53271 2.5786 4.57671 4.58839 4.60002 4.61168 4.6231 4.63431 4.64566 4.65686 4.66799 4.67918 4.69033 4.7019 4.71313 4.72448 4.73587 4.74709 4.7583 4.7695 4.78067 4.79173 4.80269 4.81355 4.82453 4.8353 4.84603 4.85672 4.86726 4.87793 4.88837 4.89885 4.90927 4.91964 4.93004 4.94041 4.95073 4.96109 4.9716 4.98197 4.9924 5.00299 5.01355 5.02408 5.03492 5.04573 5.05673 5.06756 5.07869 5.08959 5.10071 5.11234 5.12237 5.13308 5.14751 
1.5 1.5 1.5 1.5 1.5 1.5 1.5 1.5 1.5 1.5 2 1.83546 1.88242 1.92986 1.97721 2.024 2.07152 2.11855 2.16587 2.21273 2.26037 2.30747 2.35465 2.40175 2.44946 2.49583 2.54217 2.5882 4.5833 4.5944 4.60562 4.61716 4.62824 4.63921 4.6504 4.66101 4.67183 4.68278 4.69356 4.70465 4.71543 4.72634 4.73714 4.74787 4.75829 4.76914 4.7798 4.79035 4.80081 4.81109 4.82172 4.83206 4.84239 4.85271 4.86302 4.87332 4.88362 4.89391 4.90408 4.91446 4.92472 4.93509 4.94544 4.95589 4.96643 4.97696 4.98759 4.99841 5.00912 5.02004 5.03096 5.04205 5.05322 5.06424 5.07559 5.08676 5.09781 5.10978 5.1204 5.13125 5.1451 
1.5 1.5 1.5 1.5 1.5 1.5 1.5 1.5 1.5 1.5 2 1.84005 1.88748 1.9351 1.98216 2.02979 2.07729 2.12483 2.17211 2.21912 2.26728 2.31487 2.36212 2.40962 2.45717 2.50454 2.55155 2.59813 4.58917 4.59958 4.61039 4.62118 4.63181 4.64252 4.65337 4.66366 4.67417 4.6847 4.69513 4.70591 4.71607 4.72645 4.73683 4.74711 4.75693 4.7675 4.77761 4.78784 4.79797 4.80766 4.8181 4.8282 4.83833 4.84838 4.85856 4.86877 4.87891 4.88919 4.8994 4.90975 4.92014 4.93066 4.94121 4.95178 4.96248 4.9733 4.98424 4.99519 5.00625 5.01734 5.02864 5.03988 5.0512 5.0625 5.07404 5.08545 5.09662 5.10865 5.11999 5.13107 5.14388 
1.5 1.5 1.5 1.5 1.5 1.5 1.5 1.5 1.5 1.5 2 1.84423 1.89189 1.93963 1.98706 2.03484 2.08226 2.13041 2.17764 2.2257 2.27318 2.32139 2.36894 2.41673 2.46467 2.51226 2.55975 2.60712 2.65654 4.58883 4.59953 4.60986 4.62054 4.63099 4.6418 4.65176 4.6621 4.67232 4.68253 4.69298 4.70276 4.71279 4.72282 4.73274 4.74239 4.75271 4.76266 4.77263 4.78263 4.79216 4.80252 4.81254 4.82259 4.83261 4.84277 4.85299 4.86317 4.87352 4.88392 4.89449 4.90503 4.91572 4.92646 4.93734 4.94827 4.95934 4.97044 4.98167 4.99302 5.00441 5.0158 5.02724 5.03876 5.05018 5.06182 5.07342 5.08475 5.09674 5.10856 5.11985 5.13163 
1.5 1.5 1.5 1.5 1.5 1.5 1.5 1.5 1.5 1.5 2 1.84738 1.89578 1.94315 1.99095 2.03882 2.08654 2.13474 2.18224 2.23105 2.27835 2.32664 2.37442 2.42261 2.47062 2.51883 2.56675 2.61445 2.66361 2.71128 2.7596 4.58534 4.59558 4.60588 4.61648 4.62613 4.63637 4.64651 4.65663 4.66703 4.67672 4.68668 4.69652 4.70645 4.71584 4.72614 4.736 4.74588 4.75579 4.76526 4.77572 4.78566 4.79574 4.80589 4.81621 4.82649 4.83685 4.84737 4.85797 4.86855 4.8794 4.89021 4.90119 4.91232 4.92341 4.93463 4.94601 4.95731 4.96884 4.98031 4.99189 5.00344 5.01507 5.02661 5.03827 5.04988 5.06135 5.07323 5.08522 5.09685 5.10787 
1.5 1.5 1.5 1.5 1.5 1.5 1.5 1.5 1.5 1.5 2 1.85029 1.89834 1.94622 1.99427 2.04212 2.09024 2.13818 2.18615 2.23453 2.28367 2.33079 2.37903 2.42732 2.47551 2.5239 2.57213 2.62021 2.66882 2.71711 2.76526 4.58393 4.59405 4.60403 4.61455 4.62418 4.63421 4.64423 4.65434 4.6648 4.67427 4.68419 4.69405 4.70391 4.71316 4.72341 4.73327 4.74315 4.75305 4.76245 4.77294 4.78295 4.79311 4.80343 4.81371 4.82416 4.83458 4.84516 4.85592 4.86665 4.87755 4.88851 4.89964 4.91072 4.92195 4.93333 4.94465 4.95611 4.9676 4.97922 4.99075 5.0024 5.01385 5.02552 5.03718 5.04873 5.06023 5.07211 5.08405 5.09579 5.10645 
1.5 1.5 1.5 1.5 1.5 1.5 1.5 1.5 1.5 1.5 2 1.85297 1.90097 1.94898 1.99726 2.04532 2.09376 2.14157 2.19086 2.23814 2.28668 2.3352 2.3834 2.43201 2.48055 2.52887 2.57735 2.62571 2.6739 4.585 4.59468 4.60455 4.61443 4.62455 4.63515 4.64458 4.65467 4.66464 4.67457 4.68494 4.69426 4.70406 4.71384 4.72361 4.73294 4.74322 4.75318 4.76305 4.77304 4.78269 4.79328 4.80346 4.81378 4.82414 4.83455 4.84512 4.85574 4.86652 4.87735 4.88824 4.8992 4.91029 4.92144 4.93264 4.94398 4.95526 4.96668 4.97813 4.98962 5.00113 5.01266 5.02416 5.03567 5.04719 5.05872 5.07025 5.08172 5.09345 5.10516 5.11686 5.12744 
1.5 1.5 1.5 1.5 1.5 1.5 1.5 1.5 1.5 1.5 2 1.85493 1.90287 1.95114 1.99931 2.04787 2.09608 2.14448 2.19261 2.24107 2.28964 2.33833 2.38662 2.43546 2.48381 2.53245 2.58103 2.62967 2.67753 4.58039 4.59054 4.60098 4.61092 4.62102 4.6313 4.64118 4.65124 4.66127 4.67138 4.68172 4.69124 4.70112 4.71106 4.72098 4.73049 4.74087 4.75096 4.76104 4.77122 4.78096 4.79169 4.80201 4.81255 4.82301 4.8336 4.84433 4.85509 4.86588 4.87681 4.88778 4.89879 4.90993 4.921 4.93222 4.94346 4.95474 4.96606 4.9774 4.98877 5.00016 5.01157 5.02302 5.03439 5.04587 5.05726 5.06876 5.08008 5.09159 5.10315 5.11463 5.12553 
1.5 1.5 1.5 1.5 1.5 1.5 1.5 1.5 1.5 1.5 2 1.85649 1.90459 1.95297 2.00134 2.04991 2.09806 2.14678 2.19503 2.24389 2.29235 2.34109 2.38964 2.43849 2.48703 2.53584 2.58462 2.63339 2.68182 2.73113 4.57683 4.58732 4.59729 4.60744 4.61801 4.62774 4.63788 4.64799 4.65817 4.66862 4.67832 4.68829 4.69832 4.70842 4.71813 4.72865 4.73887 4.74908 4.75937 4.76942 4.78019 4.79064 4.80118 4.81172 4.82237 4.83312 4.84386 4.85472 4.86558 4.87645 4.88754 4.89854 4.90956 4.92059 4.93175 4.94283 4.95393 4.96505 4.9762 4.98737 4.99856 5.00986 5.021 5.03236 5.04353 5.05493 5.06603 5.07733 5.08874 5.09996 5.11113 
1.5 1.5 1.5 1.5 1.5 1.5 1.5 1.5 1.5 1.5 2 1.85759 1.90588 1.95426 2.00281 2.05097 2.09956 2.14783 2.19651 2.2452 2.29361 2.34228 2.39097 2.4397 2.48817 2.53693 2.58563 2.63434 2.68291 2.73154 2.77965 4.57568 4.58541 4.59568 4.60642 4.61621 4.62656 4.63678 4.64698 4.65763 4.66757 4.67786 4.68801 4.69833 4.70819 4.71885 4.72925 4.73959 4.74999 4.76005 4.77084 4.7814 4.79191 4.80248 4.81312 4.82371 4.83437 4.84509 4.85579 4.86645 4.8773 4.88793 4.89865 4.90947 4.92019 4.93091 4.94175 4.95251 4.96329 4.97408 4.9849 4.99585 5.00674 5.01786 5.02872 5.0399 5.05088 5.06176 5.07281 5.08377 5.09511 
1.5 1.5 1.5 1.5 1.5 1.5 1.5 1.5 1.5 1.5 2 1.86005 1.90874 1.9574 2.00601 2.05483 2.10361 2.15259 2.20151 2.25066 2.29958 2.34883 2.3983 2.44719 2.49662 2.54581 2.59522 2.64483 2.69418 2.74426 2.79452 2.84543 4.56442 4.57474 4.58483 4.59532 4.60558 4.61592 4.62634 4.63697 4.6473 4.65783 4.66842 4.67893 4.68932 4.7003 4.71106 4.72186 4.73271 4.74348 4.75464 4.76561 4.77663 4.7877 4.79871 4.80976 4.82087 4.83193 4.84304 4.85402 4.86506 4.87598 4.88698 4.89787 4.90885 4.91964 4.93053 4.94134 4.95217 4.96302 4.97379 4.98469 4.99574 5.00662 5.01764 5.02838 5.03972 5.05008 5.06109 5.07195 5.08275 
