5
s 30 2 31
r 20 0.01 8 5.75512 0.01
r 22 0.01 8 5.16064 0.01
r 24 0.01 8 4.74933 0.01
r 26 0.01 8 3.86108 0.01
r 28 0.01 8 3.43406 0.01
r 30 0.01 8 3.07799 0.01
r 32 0.01 8 3.43673 0.01
r 34 0.01 8 3.77782 0.01
r 36 0.01 8 4.25271 0.01
r 38 0.01 8 4.72394 0.01
r 40 0.01 8 5.26172 0.01
r 42 0.01 8 5.77786 0.01
r 44 0.01 8 6.28105 0.01
r 46 0.01 8 6.71208 0.01
r 48 0.01 8 7.13389 0.01
r 50 0.01 8 7.65307 0.01
r 52 0.01 8 8.21333 0.01
r 54 0.01 8 8.73732 0.01
r 56 0.01 8 9.20224 0.01
r 58 0.01 8 9.67715 0.01
r 60 0.01 8 10.1319 0.01
r 62 0.01 8 10.5272 0.01
r 64 0.01 8 10.9612 0.01
r 66 0.01 8 11.4319 0.01
r 68 0.01 8 11.8404 0.01
r 70 0.01 8 12.2373 0.01
r 72 0.01 8 12.6687 0.01
r 74 0.01 8 13.1261 0.01
r 76 0.01 8 13.5319 0.01
r 78 0.01 8 13.9717 0.01
r 80 0.01 8 14.3918 0.01
s 40 2 31
r 20 0.01 8 7.54008 0.01
r 22 0.01 8 7.12045 0.01
r 24 0.01 8 6.70439 0.01
r 26 0.01 8 6.73899 0.01
r 28 0.01 8 5.82618 0.01
r 30 0.01 8 5.28193 0.01
r 32 0.01 8 4.78625 0.01
r 34 0.01 8 4.31494 0.01
r 36 0.01 8 3.97896 0.01
r 38 0.01 8 3.58938 0.01
r 40 0.01 8 3.24942 0.01
r 42 0.01 8 3.58877 0.01
r 44 0.01 8 4.08365 0.01
r 46 0.01 8 4.48909 0.01
r 48 0.01 8 5.20627 0.01
r 50 0.01 8 5.73088 0.01
r 52 0.01 8 6.51127 0.01
r 54 0.01 8 6.60656 0.01
r 56 0.01 8 7.1181 0.01
r 58 0.01 8 7.62641 0.01
r 60 0.01 8 8.08243 0.01
r 62 0.01 8 8.48397 0.01
r 64 0.01 8 8.92354 0.01
r 66 0.01 8 9.4046 0.01
r 68 0.01 8 9.80851 0.01
r 70 0.01 8 10.2055 0.01
r 72 0.01 8 10.6416 0.01
r 74 0.01 8 11.1084 0.01
r 76 0.01 8 11.5155 0.01
r 78 0.01 8 11.962 0.01
r 80 0.01 8 12.4006 0.01
s 50 2 31
r 20 0.01 8 9.83359 0.01
r 22 0.01 8 9.42058 0.01
r 24 0.01 8 9.03748 0.01
r 26 0.01 8 8.65564 0.01
r 28 0.01 8 8.29054 0.01
r 30 0.01 8 7.76716 0.01
r 32 0.01 8 7.2842 0.01
r 34 0.01 8 9.15214 0.01
r 36 0.01 8 8.21993 0.01
r 38 0.01 8 6.2968 0.01
r 40 0.01 8 5.5196 0.01
r 42 0.01 8 4.92322 0.01
r 44 0.01 8 4.47682 0.01
r 46 0.01 8 4.13611 0.01
r 48 0.01 8 3.68876 0.01
r 50 0.01 8 3.36023 0.01
r 52 0.01 8 3.68848 0.01
r 54 0.01 8 4.22363 0.01
r 56 0.01 8 4.84922 0.01
r 58 0.01 8 5.38094 0.01
r 60 0.01 8 6.1371 0.01
r 62 0.01 8 6.44578 0.01
r 64 0.01 8 6.90774 0.01
r 66 0.01 8 7.42094 0.01
r 68 0.01 8 7.81694 0.01
r 70 0.01 8 8.21322 0.01
r 72 0.01 8 8.64601 0.01
r 74 0.01 8 9.10951 0.01
r 76 0.01 8 9.53011 0.01
r 78 0.01 8 9.97471 0.01
r 80 0.01 8 10.4279 0.01
s 60 2 31
r 20 0.01 8 12.2471 0.01
r 22 0.01 8 11.85 0.01
r 24 0.01 8 11.4606 0.01
r 26 0.01 8 11.1088 0.01
r 28 0.01 8 10.6911 0.01
r 30 0.01 8 10.2248 0.01
r 32 0.01 8 9.78624 0.01
r 34 0.01 8 9.35521 0.01
r 36 0.01 8 8.95219 0.01
r 38 0.01 8 8.54985 0.01
r 40 0.01 8 8.17246 0.01
r 42 0.01 8 7.75366 0.01
r 44 0.01 8 7.34941 0.01
r 46 0.01 8 7.02448 0.01
r 48 0.01 8 6.52977 0.01
r 50 0.01 8 6.35562 0.01
r 52 0.01 8 5.54497 0.01
r 54 0.01 8 4.79851 0.01
r 56 0.01 8 4.28949 0.01
r 58 0.01 8 3.75672 0.01
r 60 0.01 8 3.46059 0.01
r 62 0.01 8 3.76743 0.01
r 64 0.01 8 4.3868 0.01
r 66 0.01 8 4.86914 0.01
r 68 0.01 8 5.51069 0.01
r 70 0.01 8 6.00104 0.01
r 72 0.01 8 6.4759 0.01
r 74 0.01 8 7.00868 0.01
r 76 0.01 8 7.45116 0.01
r 78 0.01 8 7.94506 0.01
r 80 0.01 8 8.5339 0.01
s 70 2 31
r 20 0.01 8 14.3802 0.01
r 22 0.01 8 13.996 0.01
r 24 0.01 8 13.6228 0.01
r 26 0.01 8 13.2787 0.01
r 28 0.01 8 12.8626 0.01
r 30 0.01 8 12.3883 0.01
r 32 0.01 8 11.9633 0.01
r 34 0.01 8 11.534 0.01
r 36 0.01 8 11.1248 0.01
r 38 0.01 8 10.7249 0.01
r 40 0.01 8 10.363 0.01
r 42 0.01 8 9.93464 0.01
r 44 0.01 8 9.54728 0.01
r 46 0.01 8 9.23155 0.01
r 48 0.01 8 8.77214 0.01
r 50 0.01 8 8.31514 0.01
r 52 0.01 8 7.83991 0.01
r 54 0.01 8 7.29413 0.01
r 56 0.01 8 6.73077 0.01
r 58 0.01 8 6.68864 0.01
r 60 0.01 8 6.10791 0.01
r 62 0.01 8 5.32552 0.01
r 64 0.01 8 4.80446 0.01
r 66 0.01 8 4.57332 0.01
r 68 0.01 8 4.05433 0.01
r 70 0.01 8 3.74249 0.01
r 72 0.01 8 4.04491 0.01
r 74 0.01 8 4.5033 0.01
r 76 0.01 8 5.13036 0.01
r 78 0.01 8 5.5969 0.01
r 80 0.01 8 6.16866 0.01
