5
s 30 2 31
r 20 0.01 8 5.16353 0.01
r 22 0.01 8 5.22314 0.01
r 24 0.01 8 4.76119 0.01
r 26 0.01 8 3.93784 0.01
r 28 0.01 8 3.55057 0.01
r 30 0.01 8 3.1794 0.01
r 32 0.01 8 3.52383 0.01
r 34 0.01 8 3.84767 0.01
r 36 0.01 8 4.26834 0.01
r 38 0.01 8 4.74978 0.01
r 40 0.01 8 5.26973 0.01
r 42 0.01 8 5.79013 0.01
r 44 0.01 8 6.30673 0.01
r 46 0.01 8 6.74 0.01
r 48 0.01 8 7.17827 0.01
r 50 0.01 8 7.68182 0.01
r 52 0.01 8 8.18403 0.01
r 54 0.01 8 8.67538 0.01
r 56 0.01 8 9.13661 0.01
r 58 0.01 8 9.59263 0.01
r 60 0.01 8 10.0201 0.01
r 62 0.01 8 10.4646 0.01
r 64 0.01 8 10.9451 0.01
r 66 0.01 8 11.4154 0.01
r 68 0.01 8 11.8547 0.01
r 70 0.01 8 12.2711 0.01
r 72 0.01 8 12.6944 0.01
r 74 0.01 8 13.1247 0.01
r 76 0.01 8 13.5463 0.01
r 78 0.01 8 13.9706 0.01
r 80 0.01 8 14.3851 0.01
s 40 2 31
r 20 0.01 8 7.59265 0.01
r 22 0.01 8 7.1322 0.01
r 24 0.01 8 6.70139 0.01
r 26 0.01 8 6.82153 0.01
r 28 0.01 8 5.84048 0.01
r 30 0.01 8 5.32635 0.01
r 32 0.01 8 4.85234 0.01
r 34 0.01 8 4.38458 0.01
r 36 0.01 8 4.04639 0.01
r 38 0.01 8 3.69834 0.01
r 40 0.01 8 3.35824 0.01
r 42 0.01 8 3.70153 0.01
r 44 0.01 8 4.17552 0.01
r 46 0.01 8 4.58012 0.01
r 48 0.01 8 5.37833 0.01
r 50 0.01 8 5.85398 0.01
r 52 0.01 8 6.45711 0.01
r 54 0.01 8 6.51576 0.01
r 56 0.01 8 6.99183 0.01
r 58 0.01 8 7.46577 0.01
r 60 0.01 8 7.90052 0.01
r 62 0.01 8 8.3653 0.01
r 64 0.01 8 8.87449 0.01
r 66 0.01 8 9.35038 0.01
r 68 0.01 8 9.8364 0.01
r 70 0.01 8 10.2617 0.01
r 72 0.01 8 10.7097 0.01
r 74 0.01 8 11.1626 0.01
r 76 0.01 8 11.6125 0.01
r 78 0.01 8 12.058 0.01
r 80 0.01 8 12.4902 0.01
s 50 2 31
r 20 0.01 8 9.97714 0.01
r 22 0.01 8 9.53769 0.01
r 24 0.01 8 9.11066 0.01
r 26 0.01 8 8.76403 0.01
r 28 0.01 8 8.28953 0.01
r 30 0.01 8 7.79345 0.01
r 32 0.01 8 7.33036 0.01
r 34 0.01 8 6.85595 0.01
r 36 0.01 8 6.43978 0.01
r 38 0.01 8 6.51847 0.01
r 40 0.01 8 5.56933 0.01
r 42 0.01 8 5.03734 0.01
r 44 0.01 8 4.54522 0.01
r 46 0.01 8 4.1889 0.01
r 48 0.01 8 3.67752 0.01
r 50 0.01 8 3.52874 0.01
r 52 0.01 8 3.85708 0.01
r 54 0.01 8 4.32166 0.01
r 56 0.01 8 4.7635 0.01
r 58 0.01 8 5.24383 0.01
r 60 0.01 8 7.08132 0.01
r 62 0.01 8 6.61879 0.01
r 64 0.01 8 6.63907 0.01
r 66 0.01 8 7.13211 0.01
r 68 0.01 8 7.65147 0.01
r 70 0.01 8 8.08804 0.01
r 72 0.01 8 8.55265 0.01
r 74 0.01 8 9.03268 0.01
r 76 0.01 8 9.50646 0.01
r 78 0.01 8 9.94952 0.01
r 80 0.01 8 10.4159 0.01
s 60 2 31
r 20 0.01 8 12.2034 0.01
r 22 0.01 8 11.8002 0.01
r 24 0.01 8 11.3967 0.01
r 26 0.01 8 11.0325 0.01
r 28 0.01 8 10.603 0.01
r 30 0.01 8 10.1308 0.01
r 32 0.01 8 9.70329 0.01
r 34 0.01 8 9.24232 0.01
r 36 0.01 8 8.81344 0.01
r 38 0.01 8 8.38876 0.01
r 40 0.01 8 7.95746 0.01
r 42 0.01 8 7.45928 0.01
r 44 0.01 8 6.96574 0.01
r 46 0.01 8 9.16834 0.01
r 48 0.01 8 8.51808 0.01
r 50 0.01 8 5.65377 0.01
r 52 0.01 8 5.16472 0.01
r 54 0.01 8 4.67923 0.01
r 56 0.01 8 4.1986 0.01
r 58 0.01 8 3.86258 0.01
r 60 0.01 8 3.52931 0.01
r 62 0.01 8 3.77255 0.01
r 64 0.01 8 4.38201 0.01
r 66 0.01 8 4.84687 0.01
r 68 0.01 8 5.47556 0.01
r 70 0.01 8 5.93776 0.01
r 72 0.01 8 6.53058 0.01
r 74 0.01 8 7.0415 0.01
r 76 0.01 8 7.58838 0.01
r 78 0.01 8 8.02129 0.01
r 80 0.01 8 8.17943 0.01
s 70 2 31
r 20 0.01 8 14.4247 0.01
r 22 0.01 8 14.0385 0.01
r 24 0.01 8 13.6688 0.01
r 26 0.01 8 13.3263 0.01
r 28 0.01 8 12.9328 0.01
r 30 0.01 8 12.4877 0.01
r 32 0.01 8 12.0665 0.01
r 34 0.01 8 11.6497 0.01
r 36 0.01 8 11.2555 0.01
r 38 0.01 8 10.838 0.01
r 40 0.01 8 10.4251 0.01
r 42 0.01 8 9.95527 0.01
r 44 0.01 8 9.4754 0.01
r 46 0.01 8 9.05118 0.01
r 48 0.01 8 8.622 0.01
r 50 0.01 8 8.18898 0.01
r 52 0.01 8 7.72223 0.01
r 54 0.01 8 7.25486 0.01
r 56 0.01 8 7.07701 0.01
r 58 0.01 8 6.66364 0.01
r 60 0.01 8 6.35474 0.01
r 62 0.01 8 5.39345 0.01
r 64 0.01 8 4.92251 0.01
r 66 0.01 8 4.48907 0.01
r 68 0.01 8 4.00415 0.01
r 70 0.01 8 3.84823 0.01
r 72 0.01 8 4.13948 0.01
r 74 0.01 8 4.58863 0.01
r 76 0.01 8 5.03711 0.01
r 78 0.01 8 5.47011 0.01
r 80 0.01 8 5.95932 0.01
