5
s 30 2 31
r 20 0.01 6 4.6105 0.01
r 22 0.01 6 4.13725 0.01
r 24 0.01 6 3.8287 0.01
r 26 0.01 6 3.41789 0.01
r 28 0.01 6 2.8423 0.01
r 30 0.01 6 2.66021 0.01
r 32 0.01 6 2.79478 0.01
r 34 0.01 6 3.21574 0.01
r 36 0.01 6 3.7294 0.01
r 38 0.01 6 4.24492 0.01
r 40 0.01 6 4.80319 0.01
r 42 0.01 6 5.34443 0.01
r 44 0.01 6 5.86038 0.01
r 46 0.01 6 6.29481 0.01
r 48 0.01 6 6.72957 0.01
r 50 0.01 6 7.20941 0.01
r 52 0.01 6 7.69182 0.01
r 54 0.01 6 8.18335 0.01
r 56 0.01 6 8.64807 0.01
r 58 0.01 6 9.10352 0.01
r 60 0.01 6 9.52982 0.01
r 62 0.01 6 9.98361 0.01
r 64 0.01 6 10.4825 0.01
r 66 0.01 6 10.9879 0.01
r 68 0.01 6 11.4725 0.01
r 70 0.01 6 11.9 0.01
r 72 0.01 6 12.3396 0.01
r 74 0.01 6 12.7593 0.01
r 76 0.01 6 13.1225 0.01
r 78 0.01 6 13.5121 0.01
r 80 0.01 6 13.897 0.01
s 40 2 31
r 20 0.01 6 7.10491 0.01
r 22 0.01 6 6.64679 0.01
r 24 0.01 6 6.21478 0.01
r 26 0.01 6 5.82044 0.01
r 28 0.01 6 5.34514 0.01
r 30 0.01 6 4.81038 0.01
r 32 0.01 6 4.30424 0.01
r 34 0.01 6 3.79516 0.01
r 36 0.01 6 3.33997 0.01
r 38 0.01 6 2.94193 0.01
r 40 0.01 6 2.83125 0.01
r 42 0.01 6 3.04566 0.01
r 44 0.01 6 3.51605 0.01
r 46 0.01 6 4.03455 0.01
r 48 0.01 6 4.49843 0.01
r 50 0.01 6 4.95273 0.01
r 52 0.01 6 5.46105 0.01
r 54 0.01 6 5.97226 0.01
r 56 0.01 6 6.4591 0.01
r 58 0.01 6 6.93471 0.01
r 60 0.01 6 7.37606 0.01
r 62 0.01 6 7.83028 0.01
r 64 0.01 6 8.33665 0.01
r 66 0.01 6 8.84764 0.01
r 68 0.01 6 9.51028 0.01
r 70 0.01 6 9.89009 0.01
r 72 0.01 6 10.3097 0.01
r 74 0.01 6 10.742 0.01
r 76 0.01 6 11.2839 0.01
r 78 0.01 6 11.7065 0.01
r 80 0.01 6 12.1022 0.01
s 50 2 31
r 20 0.01 6 9.35901 0.01
r 22 0.01 6 8.92802 0.01
r 24 0.01 6 8.51665 0.01
r 26 0.01 6 8.13908 0.01
r 28 0.01 6 7.69684 0.01
r 30 0.01 6 7.20576 0.01
r 32 0.01 6 6.75195 0.01
r 34 0.01 6 6.29133 0.01
r 36 0.01 6 5.85658 0.01
r 38 0.01 6 5.50743 0.01
r 40 0.01 6 4.96648 0.01
r 42 0.01 6 4.40802 0.01
r 44 0.01 6 3.85603 0.01
r 46 0.01 6 3.39786 0.01
r 48 0.01 6 3.04891 0.01
r 50 0.01 6 2.92719 0.01
r 52 0.01 6 3.12609 0.01
r 54 0.01 6 3.56592 0.01
r 56 0.01 6 4.09687 0.01
r 58 0.01 6 4.59197 0.01
r 60 0.01 6 4.99184 0.01
r 62 0.01 6 5.4874 0.01
r 64 0.01 6 5.95793 0.01
r 66 0.01 6 6.46959 0.01
r 68 0.01 6 7.11111 0.01
r 70 0.01 6 7.53241 0.01
r 72 0.01 6 7.92219 0.01
r 74 0.01 6 8.40319 0.01
r 76 0.01 6 8.90098 0.01
r 78 0.01 6 9.31918 0.01
r 80 0.01 6 9.84448 0.01
s 60 2 31
r 20 0.01 6 11.6071 0.01
r 22 0.01 6 11.1904 0.01
r 24 0.01 6 10.7897 0.01
r 26 0.01 6 10.4175 0.01
r 28 0.01 6 9.99339 0.01
r 30 0.01 6 9.52213 0.01
r 32 0.01 6 9.08146 0.01
r 34 0.01 6 8.64562 0.01
r 36 0.01 6 8.22555 0.01
r 38 0.01 6 7.81099 0.01
r 40 0.01 6 7.37789 0.01
r 42 0.01 6 7.03835 0.01
r 44 0.01 6 6.50226 0.01
r 46 0.01 6 6.03861 0.01
r 48 0.01 6 5.52175 0.01
r 50 0.01 6 5.02592 0.01
r 52 0.01 6 4.51405 0.01
r 54 0.01 6 4.07656 0.01
r 56 0.01 6 3.4766 0.01
r 58 0.01 6 3.09566 0.01
r 60 0.01 6 2.93091 0.01
r 62 0.01 6 3.15295 0.01
r 64 0.01 6 3.61736 0.01
r 66 0.01 6 4.16786 0.01
r 68 0.01 6 4.73442 0.01
r 70 0.01 6 5.17484 0.01
r 72 0.01 6 5.72122 0.01
r 74 0.01 6 6.11604 0.01
r 76 0.01 6 6.64712 0.01
r 78 0.01 6 7.08556 0.01
r 80 0.01 6 7.59461 0.01
s 70 2 31
r 20 0.01 6 13.7881 0.01
r 22 0.01 6 13.4271 0.01
r 24 0.01 6 13.0726 0.01
r 26 0.01 6 12.7461 0.01
r 28 0.01 6 12.3476 0.01
r 30 0.01 6 11.8863 0.01
r 32 0.01 6 11.4518 0.01
r 34 0.01 6 11.0259 0.01
r 36 0.01 6 10.6155 0.01
r 38 0.01 6 10.233 0.01
r 40 0.01 6 9.87273 0.01
r 42 0.01 6 9.35333 0.01
r 44 0.01 6 8.76923 0.01
r 46 0.01 6 8.37021 0.01
r 48 0.01 6 7.87031 0.01
r 50 0.01 6 7.44041 0.01
r 52 0.01 6 6.97184 0.01
r 54 0.01 6 6.57905 0.01
r 56 0.01 6 6.0612 0.01
r 58 0.01 6 5.58965 0.01
r 60 0.01 6 5.29438 0.01
r 62 0.01 6 4.66857 0.01
r 64 0.01 6 4.15965 0.01
r 66 0.01 6 3.6757 0.01
r 68 0.01 6 3.34991 0.01
r 70 0.01 6 3.19931 0.01
r 72 0.01 6 3.36942 0.01
r 74 0.01 6 3.76603 0.01
r 76 0.01 6 4.27618 0.01
r 78 0.01 6 4.70672 0.01
r 80 0.01 6 5.20113 0.01
