5
s 30 2 31
r 20 0.01 6 4.6266 0.01
r 22 0.01 6 4.26057 0.01
r 24 0.01 6 3.83276 0.01
r 26 0.01 6 3.46876 0.01
r 28 0.01 6 2.90676 0.01
r 30 0.01 6 2.72065 0.01
r 32 0.01 6 2.86232 0.01
r 34 0.01 6 3.33354 0.01
r 36 0.01 6 3.7759 0.01
r 38 0.01 6 4.27713 0.01
r 40 0.01 6 4.82176 0.01
r 42 0.01 6 5.34404 0.01
r 44 0.01 6 5.85247 0.01
r 46 0.01 6 6.26171 0.01
r 48 0.01 6 6.68626 0.01
r 50 0.01 6 7.18003 0.01
r 52 0.01 6 7.67407 0.01
r 54 0.01 6 8.1626 0.01
r 56 0.01 6 8.63432 0.01
r 58 0.01 6 9.09777 0.01
r 60 0.01 6 9.53911 0.01
r 62 0.01 6 9.99628 0.01
r 64 0.01 6 10.4898 0.01
r 66 0.01 6 10.9872 0.01
r 68 0.01 6 11.4746 0.01
r 70 0.01 6 11.9189 0.01
r 72 0.01 6 12.3342 0.01
r 74 0.01 6 12.7268 0.01
r 76 0.01 6 13.1145 0.01
r 78 0.01 6 13.5159 0.01
r 80 0.01 6 13.9178 0.01
s 40 2 31
r 20 0.01 6 7.07761 0.01
r 22 0.01 6 6.61574 0.01
r 24 0.01 6 6.18321 0.01
r 26 0.01 6 6.07837 0.01
r 28 0.01 6 5.34085 0.01
r 30 0.01 6 4.82807 0.01
r 32 0.01 6 4.35399 0.01
r 34 0.01 6 3.89328 0.01
r 36 0.01 6 3.47281 0.01
r 38 0.01 6 3.08662 0.01
r 40 0.01 6 2.95889 0.01
r 42 0.01 6 3.17568 0.01
r 44 0.01 6 3.77882 0.01
r 46 0.01 6 4.16366 0.01
r 48 0.01 6 4.50668 0.01
r 50 0.01 6 5.01057 0.01
r 52 0.01 6 5.47367 0.01
r 54 0.01 6 5.97809 0.01
r 56 0.01 6 6.46614 0.01
r 58 0.01 6 6.94357 0.01
r 60 0.01 6 7.38689 0.01
r 62 0.01 6 7.85352 0.01
r 64 0.01 6 8.3577 0.01
r 66 0.01 6 8.86304 0.01
r 68 0.01 6 9.35544 0.01
r 70 0.01 6 9.80377 0.01
r 72 0.01 6 10.264 0.01
r 74 0.01 6 10.7403 0.01
r 76 0.01 6 11.2298 0.01
r 78 0.01 6 11.6852 0.01
r 80 0.01 6 12.0956 0.01
s 50 2 31
r 20 0.01 6 9.35346 0.01
r 22 0.01 6 8.91137 0.01
r 24 0.01 6 8.49283 0.01
r 26 0.01 6 8.1152 0.01
r 28 0.01 6 7.67137 0.01
r 30 0.01 6 7.17745 0.01
r 32 0.01 6 6.7148 0.01
r 34 0.01 6 6.26023 0.01
r 36 0.01 6 5.87382 0.01
r 38 0.01 6 5.63744 0.01
r 40 0.01 6 5.01401 0.01
r 42 0.01 6 4.44619 0.01
r 44 0.01 6 3.91193 0.01
r 46 0.01 6 3.46752 0.01
r 48 0.01 6 3.1027 0.01
r 50 0.01 6 2.97678 0.01
r 52 0.01 6 3.17227 0.01
r 54 0.01 6 3.60222 0.01
r 56 0.01 6 4.09943 0.01
r 58 0.01 6 4.60839 0.01
r 60 0.01 6 5.01188 0.01
r 62 0.01 6 5.48075 0.01
r 64 0.01 6 5.98794 0.01
r 66 0.01 6 6.50577 0.01
r 68 0.01 6 7.02388 0.01
r 70 0.01 6 7.45633 0.01
r 72 0.01 6 7.92101 0.01
r 74 0.01 6 8.40173 0.01
r 76 0.01 6 8.88709 0.01
r 78 0.01 6 9.35936 0.01
r 80 0.01 6 9.84147 0.01
s 60 2 31
r 20 0.01 6 11.6155 0.01
r 22 0.01 6 11.1924 0.01
r 24 0.01 6 10.7918 0.01
r 26 0.01 6 10.4255 0.01
r 28 0.01 6 9.99944 0.01
r 30 0.01 6 9.52734 0.01
r 32 0.01 6 9.07837 0.01
r 34 0.01 6 8.63962 0.01
r 36 0.01 6 8.23385 0.01
r 38 0.01 6 7.82823 0.01
r 40 0.01 6 7.39221 0.01
r 42 0.01 6 6.99187 0.01
r 44 0.01 6 6.55715 0.01
r 46 0.01 6 6.03803 0.01
r 48 0.01 6 5.50427 0.01
r 50 0.01 6 5.03529 0.01
r 52 0.01 6 4.53989 0.01
r 54 0.01 6 4.02575 0.01
r 56 0.01 6 3.5247 0.01
r 58 0.01 6 3.14132 0.01
r 60 0.01 6 2.97532 0.01
r 62 0.01 6 3.19137 0.01
r 64 0.01 6 3.63469 0.01
r 66 0.01 6 4.16309 0.01
r 68 0.01 6 4.7222 0.01
r 70 0.01 6 5.21616 0.01
r 72 0.01 6 5.68545 0.01
r 74 0.01 6 6.14366 0.01
r 76 0.01 6 6.66534 0.01
r 78 0.01 6 7.14366 0.01
r 80 0.01 6 7.54187 0.01
s 70 2 31
r 20 0.01 6 13.8032 0.01
r 22 0.01 6 13.4235 0.01
r 24 0.01 6 13.0625 0.01
r 26 0.01 6 12.7308 0.01
r 28 0.01 6 12.3543 0.01
r 30 0.01 6 11.9086 0.01
r 32 0.01 6 11.4671 0.01
r 34 0.01 6 11.0355 0.01
r 36 0.01 6 10.6356 0.01
r 38 0.01 6 10.2348 0.01
r 40 0.01 6 9.80447 0.01
r 42 0.01 6 9.29387 0.01
r 44 0.01 6 8.78163 0.01
r 46 0.01 6 8.34374 0.01
r 48 0.01 6 7.92463 0.01
r 50 0.01 6 7.49021 0.01
r 52 0.01 6 7.05892 0.01
r 54 0.01 6 6.5841 0.01
r 56 0.01 6 6.09269 0.01
r 58 0.01 6 5.59223 0.01
r 60 0.01 6 5.19053 0.01
r 62 0.01 6 4.65016 0.01
r 64 0.01 6 4.16257 0.01
r 66 0.01 6 3.67701 0.01
r 68 0.01 6 3.3556 0.01
r 70 0.01 6 3.20919 0.01
r 72 0.01 6 3.38184 0.01
r 74 0.01 6 3.74988 0.01
r 76 0.01 6 4.18922 0.01
r 78 0.01 6 4.67599 0.01
r 80 0.01 6 5.18367 0.01
