5
s 30 2 93
r 20 0.01 0 3.68734 0.01
r 22 0.01 0 3.40933 0.01
r 24 0.01 0 3.15386 0.01
r 26 0.01 0 2.97967 0.01
r 28 0.01 0 1.88169 0.01
r 30 0.01 0 1.32722 0.01
r 32 0.01 0 1.8817 0.01
r 34 0.01 0 2.9797 0.01
r 36 0.01 0 3.2529 0.01
r 38 0.01 0 3.56941 0.01
r 40 0.01 0 3.92029 0.01
r 42 0.01 0 4.26223 0.01
r 44 0.01 0 4.55446 0.01
r 46 0.01 0 4.77146 0.01
r 48 0.01 0 5.04505 0.01
r 50 0.01 0 5.36763 0.01
r 52 0.01 0 5.68213 0.01
r 54 0.01 0 5.98196 0.01
r 56 0.01 0 6.24556 0.01
r 58 0.01 0 6.47567 0.01
r 60 0.01 0 6.71397 0.01
r 62 0.01 0 6.98801 0.01
r 64 0.01 0 7.32894 0.01
r 66 0.01 0 7.63846 0.01
r 68 0.01 0 7.84242 0.01
r 70 0.01 0 8.07445 0.01
r 72 0.01 0 8.3274 0.01
r 74 0.01 0 8.59788 0.01
r 76 0.01 0 8.84462 0.01
r 78 0.01 0 9.15548 0.01
r 80 0.01 0 9.38862 0.01
r 20 0.01 7 4.34749 0.01
r 22 0.01 7 4.06543 0.01
r 24 0.01 7 3.79594 0.01
r 26 0.01 7 3.59496 0.01
r 28 0.01 7 3.43208 0.01
r 30 0.01 7 3.14255 0.01
r 32 0.01 7 3.36765 0.01
r 34 0.01 7 3.65564 0.01
r 36 0.01 7 3.94518 0.01
r 38 0.01 7 4.28789 0.01
r 40 0.01 7 4.6408 0.01
r 42 0.01 7 4.9751 0.01
r 44 0.01 7 5.21518 0.01
r 46 0.01 7 5.42822 0.01
r 48 0.01 7 5.741 0.01
r 50 0.01 7 6.06365 0.01
r 52 0.01 7 6.38913 0.01
r 54 0.01 7 6.64159 0.01
r 56 0.01 7 6.90282 0.01
r 58 0.01 7 7.12057 0.01
r 60 0.01 7 7.37158 0.01
r 62 0.01 7 7.67259 0.01
r 64 0.01 7 8.0324 0.01
r 66 0.01 7 8.28711 0.01
r 68 0.01 7 8.4886 0.01
r 70 0.01 7 8.72787 0.01
r 72 0.01 7 9.00222 0.01
r 74 0.01 7 9.25328 0.01
r 76 0.01 7 9.53438 0.01
r 78 0.01 7 9.83466 0.01
r 80 0.01 7 10.0194 0.01
r 20 0.01 8 5.17585 0.01
r 22 0.01 8 5.29448 0.01
r 24 0.01 8 4.85473 0.01
r 26 0.01 8 3.94628 0.01
r 28 0.01 8 3.50999 0.01
r 30 0.01 8 3.15397 0.01
r 32 0.01 8 3.54325 0.01
r 34 0.01 8 3.82203 0.01
r 36 0.01 8 4.28381 0.01
r 38 0.01 8 4.76998 0.01
r 40 0.01 8 5.29657 0.01
r 42 0.01 8 5.79372 0.01
r 44 0.01 8 6.28379 0.01
r 46 0.01 8 6.70496 0.01
r 48 0.01 8 7.13062 0.01
r 50 0.01 8 7.64506 0.01
r 52 0.01 8 8.18814 0.01
r 54 0.01 8 8.69861 0.01
r 56 0.01 8 9.18301 0.01
r 58 0.01 8 9.66346 0.01
r 60 0.01 8 10.1041 0.01
r 62 0.01 8 10.494 0.01
r 64 0.01 8 10.9186 0.01
r 66 0.01 8 11.3934 0.01
r 68 0.01 8 11.7876 0.01
r 70 0.01 8 12.174 0.01
r 72 0.01 8 12.6008 0.01
r 74 0.01 8 13.0742 0.01
r 76 0.01 8 13.4934 0.01
r 78 0.01 8 13.9323 0.01
r 80 0.01 8 14.3735 0.01
s 40 2 93
r 20 0.01 0 5.14676 0.01
r 22 0.01 0 4.87628 0.01
r 24 0.01 0 4.62326 0.01
r 26 0.01 0 4.43412 0.01
r 28 0.01 0 4.23966 0.01
r 30 0.01 0 3.92116 0.01
r 32 0.01 0 3.60932 0.01
r 34 0.01 0 3.32122 0.01
r 36 0.01 0 2.98009 0.01
r 38 0.01 0 1.88195 0.01
r 40 0.01 0 1.3274 0.01
r 42 0.01 0 1.88195 0.01
r 44 0.01 0 2.98008 0.01
r 46 0.01 0 3.46139 0.01
r 48 0.01 0 3.73943 0.01
r 50 0.01 0 4.07929 0.01
r 52 0.01 0 4.41441 0.01
r 54 0.01 0 4.73294 0.01
r 56 0.01 0 5.01096 0.01
r 58 0.01 0 5.25525 0.01
r 60 0.01 0 5.50591 0.01
r 62 0.01 0 5.78895 0.01
r 64 0.01 0 6.14682 0.01
r 66 0.01 0 6.47329 0.01
r 68 0.01 0 6.6851 0.01
r 70 0.01 0 6.92176 0.01
r 72 0.01 0 7.18987 0.01
r 74 0.01 0 7.4745 0.01
r 76 0.01 0 7.72895 0.01
r 78 0.01 0 8.0621 0.01
r 80 0.01 0 8.30583 0.01
r 20 0.01 7 5.86517 0.01
r 22 0.01 7 5.59426 0.01
r 24 0.01 7 5.33609 0.01
r 26 0.01 7 5.13973 0.01
r 28 0.01 7 4.97481 0.01
r 30 0.01 7 4.68804 0.01
r 32 0.01 7 4.35942 0.01
r 34 0.01 7 4.06837 0.01
r 36 0.01 7 3.78813 0.01
r 38 0.01 7 3.56336 0.01
r 40 0.01 7 3.34445 0.01
r 42 0.01 7 3.57385 0.01
r 44 0.01 7 3.92744 0.01
r 46 0.01 7 4.14699 0.01
r 48 0.01 7 4.47988 0.01
r 50 0.01 7 4.8209 0.01
r 52 0.01 7 5.15681 0.01
r 54 0.01 7 5.44389 0.01
r 56 0.01 7 5.71585 0.01
r 58 0.01 7 5.93803 0.01
r 60 0.01 7 6.20123 0.01
r 62 0.01 7 6.56424 0.01
r 64 0.01 7 6.88253 0.01
r 66 0.01 7 7.15601 0.01
r 68 0.01 7 7.36454 0.01
r 70 0.01 7 7.61976 0.01
r 72 0.01 7 7.91292 0.01
r 74 0.01 7 8.1708 0.01
r 76 0.01 7 8.43319 0.01
r 78 0.01 7 8.76914 0.01
r 80 0.01 7 8.96926 0.01
r 20 0.01 8 7.59461 0.01
r 22 0.01 8 7.1527 0.01
r 24 0.01 8 6.74736 0.01
r 26 0.01 8 6.77876 0.01
r 28 0.01 8 5.85954 0.01
r 30 0.01 8 5.33447 0.01
r 32 0.01 8 4.83553 0.01
r 34 0.01 8 4.38234 0.01
r 36 0.01 8 4.0564 0.01
r 38 0.01 8 3.68955 0.01
r 40 0.01 8 3.3471 0.01
r 42 0.01 8 3.68629 0.01
r 44 0.01 8 4.16687 0.01
r 46 0.01 8 4.57516 0.01
r 48 0.01 8 5.29469 0.01
r 50 0.01 8 5.85966 0.01
r 52 0.01 8 6.10387 0.01
r 54 0.01 8 6.62433 0.01
r 56 0.01 8 7.14543 0.01
r 58 0.01 8 7.65154 0.01
r 60 0.01 8 8.09971 0.01
r 62 0.01 8 8.49016 0.01
r 64 0.01 8 8.916 0.01
r 66 0.01 8 9.38842 0.01
r 68 0.01 8 9.77908 0.01
r 70 0.01 8 10.1691 0.01
r 72 0.01 8 10.5964 0.01
r 74 0.01 8 11.0576 0.01
r 76 0.01 8 11.4943 0.01
r 78 0.01 8 11.9488 0.01
r 80 0.01 8 12.3985 0.01
s 50 2 93
r 20 0.01 0 6.51965 0.01
r 22 0.01 0 6.26225 0.01
r 24 0.01 0 6.02123 0.01
r 26 0.01 0 5.84104 0.01
r 28 0.01 0 5.66233 0.01
r 30 0.01 0 5.3661 0.01
r 32 0.01 0 5.07163 0.01
r 34 0.01 0 4.79981 0.01
r 36 0.01 0 4.54221 0.01
r 38 0.01 0 4.32345 0.01
r 40 0.01 0 4.10071 0.01
r 42 0.01 0 3.80247 0.01
r 44 0.01 0 3.45748 0.01
r 46 0.01 0 2.97958 0.01
r 48 0.01 0 1.88163 0.01
r 50 0.01 0 1.32717 0.01
r 52 0.01 0 1.88162 0.01
r 54 0.01 0 2.97957 0.01
r 56 0.01 0 3.66826 0.01
r 58 0.01 0 3.92763 0.01
r 60 0.01 0 4.18405 0.01
r 62 0.01 0 4.48021 0.01
r 64 0.01 0 4.86261 0.01
r 66 0.01 0 5.21127 0.01
r 68 0.01 0 5.43728 0.01
r 70 0.01 0 5.67997 0.01
r 72 0.01 0 5.95833 0.01
r 74 0.01 0 6.2575 0.01
r 76 0.01 0 6.52618 0.01
r 78 0.01 0 6.8685 0.01
r 80 0.01 0 7.12978 0.01
r 20 0.01 7 7.27577 0.01
r 22 0.01 7 7.01967 0.01
r 24 0.01 7 6.77118 0.01
r 26 0.01 7 6.58566 0.01
r 28 0.01 7 6.43105 0.01
r 30 0.01 7 6.16049 0.01
r 32 0.01 7 5.84574 0.01
r 34 0.01 7 5.57816 0.01
r 36 0.01 7 5.30738 0.01
r 38 0.01 7 5.09283 0.01
r 40 0.01 7 4.87446 0.01
r 42 0.01 7 4.6334 0.01
r 44 0.01 7 4.30651 0.01
r 46 0.01 7 3.96503 0.01
r 48 0.01 7 3.73623 0.01
r 50 0.01 7 3.51001 0.01
r 52 0.01 7 3.73209 0.01
r 54 0.01 7 4.15384 0.01
r 56 0.01 7 4.4402 0.01
r 58 0.01 7 4.67094 0.01
r 60 0.01 7 4.94393 0.01
r 62 0.01 7 5.27963 0.01
r 64 0.01 7 5.6572 0.01
r 66 0.01 7 5.9565 0.01
r 68 0.01 7 6.17344 0.01
r 70 0.01 7 6.43385 0.01
r 72 0.01 7 6.72681 0.01
r 74 0.01 7 7.0154 0.01
r 76 0.01 7 7.28621 0.01
r 78 0.01 7 7.64195 0.01
r 80 0.01 7 7.85008 0.01
r 20 0.01 8 9.89612 0.01
r 22 0.01 8 9.48639 0.01
r 24 0.01 8 9.08733 0.01
r 26 0.01 8 8.72949 0.01
r 28 0.01 8 8.28813 0.01
r 30 0.01 8 7.78771 0.01
r 32 0.01 8 7.31237 0.01
r 34 0.01 8 6.85802 0.01
r 36 0.01 8 6.4485 0.01
r 38 0.01 8 6.44743 0.01
r 40 0.01 8 5.81115 0.01
r 42 0.01 8 5.10197 0.01
r 44 0.01 8 4.59542 0.01
r 46 0.01 8 4.28655 0.01
r 48 0.01 8 3.66318 0.01
r 50 0.01 8 3.52198 0.01
r 52 0.01 8 3.84915 0.01
r 54 0.01 8 4.40761 0.01
r 56 0.01 8 4.95701 0.01
r 58 0.01 8 5.83434 0.01
r 60 0.01 8 6.34795 0.01
r 62 0.01 8 7.11599 0.01
r 64 0.01 8 6.98058 0.01
r 66 0.01 8 7.45383 0.01
r 68 0.01 8 7.85608 0.01
r 70 0.01 8 8.24855 0.01
r 72 0.01 8 8.67398 0.01
r 74 0.01 8 9.13602 0.01
r 76 0.01 8 9.56673 0.01
r 78 0.01 8 10.0248 0.01
r 80 0.01 8 10.4778 0.01
s 60 2 93
r 20 0.01 0 7.80246 0.01
r 22 0.01 0 7.55857 0.01
r 24 0.01 0 7.32509 0.01
r 26 0.01 0 7.15284 0.01
r 28 0.01 0 6.98682 0.01
r 30 0.01 0 6.7027 0.01
r 32 0.01 0 6.42643 0.01
r 34 0.01 0 6.17206 0.01
r 36 0.01 0 5.92873 0.01
r 38 0.01 0 5.72357 0.01
r 40 0.01 0 5.51354 0.01
r 42 0.01 0 5.23633 0.01
r 44 0.01 0 4.91017 0.01
r 46 0.01 0 4.63432 0.01
r 48 0.01 0 4.41535 0.01
r 50 0.01 0 4.19326 0.01
r 52 0.01 0 3.93739 0.01
r 54 0.01 0 3.65242 0.01
r 56 0.01 0 2.98008 0.01
r 58 0.01 0 1.88195 0.01
r 60 0.01 0 1.3274 0.01
r 62 0.01 0 1.88196 0.01
r 64 0.01 0 2.9801 0.01
r 66 0.01 0 3.75778 0.01
r 68 0.01 0 4.08971 0.01
r 70 0.01 0 4.33935 0.01
r 72 0.01 0 4.62533 0.01
r 74 0.01 0 4.94385 0.01
r 76 0.01 0 5.21967 0.01
r 78 0.01 0 5.58313 0.01
r 80 0.01 0 5.86254 0.01
r 20 0.01 7 8.54169 0.01
r 22 0.01 7 8.29561 0.01
r 24 0.01 7 8.05897 0.01
r 26 0.01 7 7.88267 0.01
r 28 0.01 7 7.73702 0.01
r 30 0.01 7 7.48551 0.01
r 32 0.01 7 7.17288 0.01
r 34 0.01 7 6.9206 0.01
r 36 0.01 7 6.67153 0.01
r 38 0.01 7 6.47173 0.01
r 40 0.01 7 6.26404 0.01
r 42 0.01 7 6.03845 0.01
r 44 0.01 7 5.7134 0.01
r 46 0.01 7 5.39823 0.01
r 48 0.01 7 5.17701 0.01
r 50 0.01 7 4.96063 0.01
r 52 0.01 7 4.73489 0.01
r 54 0.01 7 4.45371 0.01
r 56 0.01 7 4.15326 0.01
r 58 0.01 7 3.71347 0.01
r 60 0.01 7 3.54169 0.01
r 62 0.01 7 3.77181 0.01
r 64 0.01 7 4.29549 0.01
r 66 0.01 7 4.61243 0.01
r 68 0.01 7 4.83545 0.01
r 70 0.01 7 5.10711 0.01
r 72 0.01 7 5.41734 0.01
r 74 0.01 7 5.7089 0.01
r 76 0.01 7 6.01148 0.01
r 78 0.01 7 6.42191 0.01
r 80 0.01 7 6.58986 0.01
r 20 0.01 8 12.2345 0.01
r 22 0.01 8 11.837 0.01
r 24 0.01 8 11.4522 0.01
r 26 0.01 8 11.0932 0.01
r 28 0.01 8 10.671 0.01
r 30 0.01 8 10.1997 0.01
r 32 0.01 8 9.74608 0.01
r 34 0.01 8 9.3175 0.01
r 36 0.01 8 8.90884 0.01
r 38 0.01 8 8.53356 0.01
r 40 0.01 8 8.16873 0.01
r 42 0.01 8 7.75441 0.01
r 44 0.01 8 7.3545 0.01
r 46 0.01 8 6.99262 0.01
r 48 0.01 8 6.97389 0.01
r 50 0.01 8 6.37117 0.01
r 52 0.01 8 5.57838 0.01
r 54 0.01 8 5.05011 0.01
r 56 0.01 8 4.4817 0.01
r 58 0.01 8 3.8378 0.01
r 60 0.01 8 3.54367 0.01
r 62 0.01 8 3.8546 0.01
r 64 0.01 8 4.45662 0.01
r 66 0.01 8 4.94557 0.01
r 68 0.01 8 5.53104 0.01
r 70 0.01 8 6.01102 0.01
r 72 0.01 8 6.60362 0.01
r 74 0.01 8 6.98556 0.01
r 76 0.01 8 7.47764 0.01
r 78 0.01 8 7.89659 0.01
r 80 0.01 8 8.44731 0.01
s 70 2 93
r 20 0.01 0 9.1014 0.01
r 22 0.01 0 8.8654 0.01
r 24 0.01 0 8.64643 0.01
r 26 0.01 0 8.48389 0.01
r 28 0.01 0 8.33122 0.01
r 30 0.01 0 8.06283 0.01
r 32 0.01 0 7.79398 0.01
r 34 0.01 0 7.5511 0.01
r 36 0.01 0 7.32112 0.01
r 38 0.01 0 7.12902 0.01
r 40 0.01 0 6.92896 0.01
r 42 0.01 0 6.67445 0.01
r 44 0.01 0 6.36826 0.01
r 46 0.01 0 6.10594 0.01
r 48 0.01 0 5.899 0.01
r 50 0.01 0 5.68814 0.01
r 52 0.01 0 5.45015 0.01
r 54 0.01 0 5.1783 0.01
r 56 0.01 0 4.86907 0.01
r 58 0.01 0 4.57956 0.01
r 60 0.01 0 4.35463 0.01
r 62 0.01 0 4.18694 0.01
r 64 0.01 0 3.76424 0.01
r 66 0.01 0 2.98035 0.01
r 68 0.01 0 1.88212 0.01
r 70 0.01 0 1.32752 0.01
r 72 0.01 0 1.88211 0.01
r 74 0.01 0 2.98033 0.01
r 76 0.01 0 3.75701 0.01
r 78 0.01 0 4.29182 0.01
r 80 0.01 0 4.58451 0.01
r 20 0.01 7 9.90321 0.01
r 22 0.01 7 9.66714 0.01
r 24 0.01 7 9.43875 0.01
r 26 0.01 7 9.27258 0.01
r 28 0.01 7 9.14508 0.01
r 30 0.01 7 8.91067 0.01
r 32 0.01 7 8.61276 0.01
r 34 0.01 7 8.37224 0.01
r 36 0.01 7 8.12576 0.01
r 38 0.01 7 7.94074 0.01
r 40 0.01 7 7.7385 0.01
r 42 0.01 7 7.53648 0.01
r 44 0.01 7 7.22985 0.01
r 46 0.01 7 6.93035 0.01
r 48 0.01 7 6.71795 0.01
r 50 0.01 7 6.51933 0.01
r 52 0.01 7 6.2963 0.01
r 54 0.01 7 6.03163 0.01
r 56 0.01 7 5.75827 0.01
r 58 0.01 7 5.43438 0.01
r 60 0.01 7 5.17652 0.01
r 62 0.01 7 5.02782 0.01
r 64 0.01 7 4.80265 0.01
r 66 0.01 7 4.46424 0.01
r 68 0.01 7 4.01779 0.01
r 70 0.01 7 3.86841 0.01
r 72 0.01 7 4.0485 0.01
r 74 0.01 7 4.48895 0.01
r 76 0.01 7 4.79623 0.01
r 78 0.01 7 5.17992 0.01
r 80 0.01 7 5.41358 0.01
r 20 0.01 8 14.4081 0.01
r 22 0.01 8 14.0247 0.01
r 24 0.01 8 13.6359 0.01
r 26 0.01 8 13.2841 0.01
r 28 0.01 8 12.8413 0.01
r 30 0.01 8 12.3703 0.01
r 32 0.01 8 11.9204 0.01
r 34 0.01 8 11.4951 0.01
r 36 0.01 8 11.0917 0.01
r 38 0.01 8 10.7102 0.01
r 40 0.01 8 10.3534 0.01
r 42 0.01 8 9.92943 0.01
r 44 0.01 8 9.54562 0.01
r 46 0.01 8 9.20504 0.01
r 48 0.01 8 8.75753 0.01
r 50 0.01 8 8.32393 0.01
r 52 0.01 8 7.84326 0.01
r 54 0.01 8 7.33403 0.01
r 56 0.01 8 6.96711 0.01
r 58 0.01 8 6.49452 0.01
r 60 0.01 8 6.38105 0.01
r 62 0.01 8 5.39099 0.01
r 64 0.01 8 4.92063 0.01
r 66 0.01 8 4.69197 0.01
r 68 0.01 8 4.18171 0.01
r 70 0.01 8 3.86954 0.01
r 72 0.01 8 4.17281 0.01
r 74 0.01 8 4.61001 0.01
r 76 0.01 8 5.01567 0.01
r 78 0.01 8 5.73148 0.01
r 80 0.01 8 5.89901 0.01
