51 41 1.5 0.33
0 2 4 6 8 10 12 14 16 18 20 22 24 26 28 30 32 34 36 38 40 42 44 46 48 50 52 54 56 58 60 62 64 66 68 70 72 74 76 78 80 82 84 86 88 90 92 94 96 98 100 
0 0 0 0 0 0 0 0 0 0 0 0 0 0 0 0 0 0 0 0 0 0 0 0 0 0 0 0 0 0 0 0 0 0 0 0 0 0 0 0 0 0 0 0 0 0 0 0 0 0 0 
0 0.1 0.2 0.3 0.4 0.5 0.6 0.7 0.8 0.9 1 1.1 1.2 1.3 1.4 1.5 1.6 1.7 1.8 1.9 2 2.1 2.2 2.3 2.4 2.5 2.6 2.7 2.8 2.9 3 3.1 3.2 3.3 3.4 3.5 3.6 3.7 3.8 3.9 4 
1.47989 1.48131 1.48312 1.48499 1.48725 1.49013 1.49347 1.496 1.50068 1.50441 1.50801 1.51252 1.51422 1.51752 1.51955 1.52215 1.52461 1.52522 1.52675 1.52715 1.52766 1.8 1.8 1.8 1.8 1.8 1.8 1.8 1.8 1.8 1.8 1.8 1.8 1.8 1.8 1.8 1.8 1.8 1.8 1.8 1.8 
1.48461 1.48576 1.48683 1.48813 1.48948 1.49139 1.49391 1.49583 1.4995 1.50259 1.50542 1.50922 1.51085 1.51358 1.51535 1.51768 1.51989 1.52048 1.52181 1.52292 1.52419 1.8 1.8 1.8 1.8 1.8 1.8 1.8 1.8 1.8 1.8 1.8 1.8 1.8 1.8 1.8 1.8 1.8 1.8 1.8 1.8 
1.48667 1.48801 1.48845 1.48977 1.49113 1.49267 1.49452 1.49611 1.49934 1.50119 1.50375 1.50646 1.50741 1.50994 1.51185 1.51315 1.515 1.51539 1.51763 1.51663 1.51724 1.8 1.8 1.8 1.8 1.8 1.8 1.8 1.8 1.8 1.8 1.8 1.8 1.8 1.8 1.8 1.8 1.8 1.8 1.8 1.8 
1.49022 1.4913 1.49156 1.49242 1.49322 1.49434 1.49565 1.4964 1.49839 1.49977 1.5012 1.50307 1.5038 1.50566 1.50622 1.50787 1.50876 1.5096 1.50975 1.50986 1.51134 1.8 1.8 1.8 1.8 1.8 1.8 1.8 1.8 1.8 1.8 1.8 1.8 1.8 1.8 1.8 1.8 1.8 1.8 1.8 1.8 
1.4949 1.49532 1.49595 1.49592 1.49624 1.4965 1.4969 1.497 1.49757 1.49795 1.49834 1.49878 1.4988 1.49937 1.49949 1.49981 1.49997 1.49989 1.49984 1.50055 1.49928 1.8 1.8 1.8 1.8 1.8 1.8 1.8 1.8 1.8 1.8 1.8 1.8 1.8 1.8 1.8 1.8 1.8 1.8 1.8 1.8 
1.50011 1.49976 1.50016 1.49966 1.49941 1.49896 1.49854 1.49801 1.49712 1.49638 1.49547 1.49444 1.49387 1.49293 1.49216 1.4913 1.49027 1.49019 1.48904 1.48884 1.48782 1.8 1.8 1.8 1.8 1.8 1.8 1.8 1.8 1.8 1.8 1.8 1.8 1.8 1.8 1.8 1.8 1.8 1.8 1.8 1.8 
1.50635 1.50511 1.505 1.50409 1.50317 1.50194 1.50037 1.49943 1.4969 1.49488 1.49265 1.48998 1.48873 1.48608 1.48441 1.48199 1.47971 1.47891 1.47711 1.47672 1.47523 1.8 1.8 1.8 1.8 1.8 1.8 1.8 1.8 1.8 1.8 1.8 1.8 1.8 1.8 1.8 1.8 1.8 1.8 1.8 1.8 
1.51321 1.51174 1.51028 1.50942 1.5079 1.50616 1.50332 1.5015 1.49718 1.4937 1.49009 1.48544 1.48347 1.47889 1.47618 1.4723 1.46855 1.46714 1.4647 1.46394 1.46225 1.8 1.8 1.8 1.8 1.8 1.8 1.8 1.8 1.8 1.8 1.8 1.8 1.8 1.8 1.8 1.8 1.8 1.8 1.8 1.8 
1.52164 1.51941 1.51704 1.51575 1.51313 1.51083 1.50655 1.50384 1.49767 1.49257 1.48741 1.48066 1.47811 1.47157 1.46778 1.46245 1.45734 1.45552 1.45233 1.45103 1.44909 1.8 1.8 1.8 1.8 1.8 1.8 1.8 1.8 1.8 1.8 1.8 1.8 1.8 1.8 1.8 1.8 1.8 1.8 1.8 1.8 
1.532 1.5293 1.52669 1.52397 1.52075 1.51613 1.51084 1.50682 1.49852 1.49151 1.4846 1.47571 1.4722 1.46419 1.4593 1.45259 1.44636 1.44414 1.44013 1.43893 1.43638 1.8 1.8 1.8 1.8 1.8 1.8 1.8 1.8 1.8 1.8 1.8 1.8 1.8 1.8 1.8 1.8 1.8 1.8 1.8 1.8 
1.54386 1.54043 1.53688 1.53308 1.5286 1.52228 1.51517 1.50962 1.49892 1.48999 1.48123 1.47022 1.46622 1.45675 1.45074 1.44317 1.43608 1.43369 1.42999 1.42806 1.4253 1.8 1.8 1.8 1.8 1.8 1.8 1.8 1.8 1.8 1.8 1.8 1.8 1.8 1.8 1.8 1.8 1.8 1.8 1.8 1.8 
1.55792 1.55328 1.5486 1.54364 1.53755 1.52908 1.5197 1.51239 1.49876 1.48782 1.47727 1.46398 1.45943 1.44914 1.44279 1.4349 1.42756 1.42518 1.42053 1.41924 1.41733 1.8 1.8 1.8 1.8 1.8 1.8 1.8 1.8 1.8 1.8 1.8 1.8 1.8 1.8 1.8 1.8 1.8 1.8 1.8 1.8 
1.57331 1.56725 1.56135 1.55496 1.54697 1.53605 1.52427 1.51512 1.49819 1.48505 1.47274 1.45745 1.45291 1.44214 1.43553 1.42797 1.42118 1.41865 1.41452 1.4136 1.41301 1.8 1.8 1.8 1.8 1.8 1.8 1.8 1.8 1.8 1.8 1.8 1.8 1.8 1.8 1.8 1.8 1.8 1.8 1.8 1.8 
1.58775 1.58339 1.57496 1.56705 1.55664 1.54304 1.52822 1.51693 1.49628 1.48092 1.46668 1.44997 1.44559 1.43468 1.42883 1.42188 1.41644 1.41502 1.41289 1.4098 1.41384 1.8 1.8 1.8 1.8 1.8 1.8 1.8 1.8 1.8 1.8 1.8 1.8 1.8 1.8 1.8 1.8 1.8 1.8 1.8 1.8 
1.60563 1.60067 1.59083 1.57951 1.56641 1.54961 1.53215 1.51765 1.49396 1.4772 1.46146 1.44412 1.43985 1.43062 1.42494 1.42169 1.41953 1.41967 1.42018 1.42163 1.42214 1.8 1.8 1.8 1.8 1.8 1.8 1.8 1.8 1.8 1.8 1.8 1.8 1.8 1.8 1.8 1.8 1.8 1.8 1.8 1.8 
1.61907 1.61876 1.60474 1.58978 1.57417 1.55566 1.53364 1.51717 1.49096 1.47267 1.45127 1.43801 1.43177 1.42411 1.41935 1.41889 1.42006 1.42425 1.425 1.42983 1.43446 1.8 1.8 1.8 1.8 1.8 1.8 1.8 1.8 1.8 1.8 1.8 1.8 1.8 1.8 1.8 1.8 1.8 1.8 1.8 1.8 
1.61216 1.63045 1.6206 1.59868 1.57958 1.55701 1.53346 1.51466 1.48374 1.46885 1.45303 1.43786 1.43222 1.42971 1.42763 1.434 1.43619 1.44133 1.45603 1.46787 1.45783 1.8 1.8 1.8 1.8 1.8 1.8 1.8 1.8 1.8 1.8 1.8 1.8 1.8 1.8 1.8 1.8 1.8 1.8 1.8 1.8 
1.65086 1.62543 1.61064 1.59283 1.57399 1.55114 1.52942 1.51392 1.48963 1.47936 1.46523 1.45587 1.44836 1.44988 1.4473 1.46082 1.48016 1.48485 1.49027 1.49222 1.47918 1.8 1.8 1.8 1.8 1.8 1.8 1.8 1.8 1.8 1.8 1.8 1.8 1.8 1.8 1.8 1.8 1.8 1.8 1.8 1.8 
1.66819 1.67516 1.6126 1.58546 1.56861 1.547 1.52485 1.50855 1.48998 1.47538 1.47136 1.46626 1.47007 1.48519 1.50201 1.51296 1.51227 1.51011 1.50438 1.52387 1.51351 1.8 1.8 1.8 1.8 1.8 1.8 1.8 1.8 1.8 1.8 1.8 1.8 1.8 1.8 1.8 1.8 1.8 1.8 1.8 1.8 
1.56674 1.58181 1.59627 1.57903 1.5594 1.54381 1.52713 1.51129 1.50135 1.49713 1.50168 1.51222 1.52396 1.53033 1.52542 1.52078 1.52647 1.52889 1.53713 1.55525 1.54226 1.8 1.8 1.8 1.8 1.8 1.8 1.8 1.8 1.8 1.8 1.8 1.8 1.8 1.8 1.8 1.8 1.8 1.8 1.8 1.8 
1.44841 1.44091 1.45346 1.46061 1.4626 1.46985 1.48536 1.50023 1.52616 1.5475 1.56249 1.56851 1.56512 1.55444 1.55125 1.5575 1.55323 1.55136 1.54642 1.56655 1.55828 1.8 1.8 1.8 1.8 1.8 1.8 1.8 1.8 1.8 1.8 1.8 1.8 1.8 1.8 1.8 1.8 1.8 1.8 1.8 1.8 
1.40463 1.39681 1.40407 1.41163 1.42036 1.4282 1.44033 1.45145 1.48172 1.5066 1.53741 1.58304 1.58822 1.58892 1.60024 1.59084 1.58824 1.59409 1.60782 1.6098 1.57248 1.8 1.8 1.8 1.8 1.8 1.8 1.8 1.8 1.8 1.8 1.8 1.8 1.8 1.8 1.8 1.8 1.8 1.8 1.8 1.8 
1.36762 1.34373 1.3683 1.38762 1.40454 1.42462 1.44759 1.46555 1.49562 1.51717 1.53814 1.56847 1.59833 1.61141 1.6299 1.63055 1.61743 1.60948 1.58077 1.55838 1.53271 1.8 1.8 1.8 1.8 1.8 1.8 1.8 1.8 1.8 1.8 1.8 1.8 1.8 1.8 1.8 1.8 1.8 1.8 1.8 1.8 
1.39218 1.36697 1.37801 1.39599 1.41363 1.43388 1.44916 1.45459 1.47858 1.49583 1.50876 1.54953 1.60847 1.61913 1.66401 1.61348 1.59324 1.56203 1.51936 1.5044 1.48164 1.8 1.8 1.8 1.8 1.8 1.8 1.8 1.8 1.8 1.8 1.8 1.8 1.8 1.8 1.8 1.8 1.8 1.8 1.8 1.8 
1.44432 1.43372 1.43262 1.43374 1.44375 1.45017 1.46091 1.46815 1.48507 1.48982 1.5081 1.59538 1.60504 1.56991 1.60873 1.55658 1.50881 1.49444 1.46502 1.45068 1.43173 1.8 1.8 1.8 1.8 1.8 1.8 1.8 1.8 1.8 1.8 1.8 1.8 1.8 1.8 1.8 1.8 1.8 1.8 1.8 1.8 
1.52615 1.54725 1.56062 1.53778 1.52806 1.53016 1.53211 1.52562 1.5301 1.54511 1.53889 1.56341 1.54656 1.52314 1.50456 1.45593 1.41736 1.39752 1.36115 1.34668 1.35261 1.8 1.8 1.8 1.8 1.8 1.8 1.8 1.8 1.8 1.8 1.8 1.8 1.8 1.8 1.8 1.8 1.8 1.8 1.8 1.8 
1.57203 1.59285 1.60299 1.60309 1.59117 1.57734 1.56245 1.56281 1.58345 1.55014 1.49061 1.47887 1.48629 1.45678 1.44801 1.41797 1.38904 1.3788 1.3646 1.36602 1.36854 1.8 1.8 1.8 1.8 1.8 1.8 1.8 1.8 1.8 1.8 1.8 1.8 1.8 1.8 1.8 1.8 1.8 1.8 1.8 1.8 
1.57884 1.59659 1.59774 1.60265 1.60784 1.59951 1.58007 1.56443 1.55787 1.55277 1.52026 1.50139 1.47961 1.45307 1.44366 1.43172 1.41586 1.40775 1.39203 1.3866 1.38325 1.8 1.8 1.8 1.8 1.8 1.8 1.8 1.8 1.8 1.8 1.8 1.8 1.8 1.8 1.8 1.8 1.8 1.8 1.8 1.8 
1.56832 1.60265 1.61098 1.59615 1.57857 1.56845 1.57162 1.56 1.55051 1.53592 1.53241 1.52042 1.50572 1.48548 1.47518 1.45533 1.44161 1.44116 1.42416 1.41636 1.41122 1.8 1.8 1.8 1.8 1.8 1.8 1.8 1.8 1.8 1.8 1.8 1.8 1.8 1.8 1.8 1.8 1.8 1.8 1.8 1.8 
1.52989 1.56133 1.53891 1.52785 1.52294 1.5312 1.53828 1.53452 1.51852 1.53764 1.535 1.55495 1.59827 1.54922 1.52076 1.50394 1.47839 1.4693 1.46125 1.46273 1.45256 1.8 1.8 1.8 1.8 1.8 1.8 1.8 1.8 1.8 1.8 1.8 1.8 1.8 1.8 1.8 1.8 1.8 1.8 1.8 1.8 
1.44258 1.4389 1.44098 1.44404 1.45965 1.47331 1.4801 1.48057 1.48233 1.52908 1.55479 1.57015 1.58645 1.63408 1.61671 1.5653 1.53849 1.52452 1.49703 1.49122 1.48796 1.8 1.8 1.8 1.8 1.8 1.8 1.8 1.8 1.8 1.8 1.8 1.8 1.8 1.8 1.8 1.8 1.8 1.8 1.8 1.8 
1.39271 1.39454 1.40545 1.42177 1.43036 1.44019 1.44935 1.45674 1.48118 1.50731 1.52893 1.55333 1.56646 1.5754 1.59402 1.62782 1.60413 1.58226 1.57317 1.56166 1.54358 1.8 1.8 1.8 1.8 1.8 1.8 1.8 1.8 1.8 1.8 1.8 1.8 1.8 1.8 1.8 1.8 1.8 1.8 1.8 1.8 
1.40918 1.41606 1.44006 1.44963 1.45582 1.46194 1.46902 1.47245 1.48168 1.49565 1.50811 1.52606 1.53602 1.55843 1.56344 1.57335 1.61181 1.60963 1.59439 1.58067 1.572 1.8 1.8 1.8 1.8 1.8 1.8 1.8 1.8 1.8 1.8 1.8 1.8 1.8 1.8 1.8 1.8 1.8 1.8 1.8 1.8 
1.50074 1.5184 1.51565 1.50729 1.49373 1.48007 1.4672 1.45829 1.45603 1.45926 1.46614 1.47803 1.48694 1.51271 1.53042 1.55415 1.56823 1.57658 1.59976 1.58322 1.57651 1.8 1.8 1.8 1.8 1.8 1.8 1.8 1.8 1.8 1.8 1.8 1.8 1.8 1.8 1.8 1.8 1.8 1.8 1.8 1.8 
1.58643 1.64542 1.57044 1.53591 1.5106 1.48653 1.46299 1.44767 1.4365 1.43023 1.42817 1.43049 1.43367 1.44956 1.45967 1.48629 1.51473 1.53059 1.55933 1.56796 1.57058 1.8 1.8 1.8 1.8 1.8 1.8 1.8 1.8 1.8 1.8 1.8 1.8 1.8 1.8 1.8 1.8 1.8 1.8 1.8 1.8 
1.64953 1.66489 1.5855 1.5605 1.53604 1.50818 1.48233 1.46537 1.44814 1.43691 1.42983 1.42583 1.42643 1.43485 1.43938 1.45319 1.46966 1.47575 1.49086 1.49912 1.52402 1.8 1.8 1.8 1.8 1.8 1.8 1.8 1.8 1.8 1.8 1.8 1.8 1.8 1.8 1.8 1.8 1.8 1.8 1.8 1.8 
1.63455 1.62302 1.5956 1.56923 1.54698 1.52059 1.49571 1.47757 1.45706 1.44332 1.43355 1.42629 1.42604 1.4321 1.43604 1.44941 1.46378 1.47119 1.48614 1.49181 1.50411 1.8 1.8 1.8 1.8 1.8 1.8 1.8 1.8 1.8 1.8 1.8 1.8 1.8 1.8 1.8 1.8 1.8 1.8 1.8 1.8 
1.63102 1.61517 1.58939 1.57041 1.55129 1.52742 1.50471 1.48782 1.46637 1.45168 1.43761 1.42966 1.42799 1.4296 1.43074 1.43899 1.44871 1.45384 1.46397 1.46898 1.47984 1.8 1.8 1.8 1.8 1.8 1.8 1.8 1.8 1.8 1.8 1.8 1.8 1.8 1.8 1.8 1.8 1.8 1.8 1.8 1.8 
1.61247 1.5934 1.57904 1.56516 1.55001 1.53065 1.51171 1.49748 1.47766 1.46341 1.45151 1.43982 1.43654 1.43568 1.43465 1.4382 1.44312 1.44592 1.45153 1.45447 1.46208 1.8 1.8 1.8 1.8 1.8 1.8 1.8 1.8 1.8 1.8 1.8 1.8 1.8 1.8 1.8 1.8 1.8 1.8 1.8 1.8 
1.58997 1.57625 1.56655 1.55708 1.54551 1.53058 1.51579 1.50508 1.48674 1.47381 1.46261 1.45104 1.44809 1.44433 1.44202 1.44257 1.44418 1.44568 1.44842 1.44965 1.4535 1.8 1.8 1.8 1.8 1.8 1.8 1.8 1.8 1.8 1.8 1.8 1.8 1.8 1.8 1.8 1.8 1.8 1.8 1.8 1.8 
1.57067 1.56067 1.55445 1.54743 1.53883 1.52774 1.51649 1.50743 1.49289 1.48214 1.47248 1.46186 1.45893 1.45344 1.45035 1.44853 1.44744 1.44755 1.44785 1.4482 1.44979 1.8 1.8 1.8 1.8 1.8 1.8 1.8 1.8 1.8 1.8 1.8 1.8 1.8 1.8 1.8 1.8 1.8 1.8 1.8 1.8 
1.55303 1.54581 1.54235 1.53763 1.53157 1.52394 1.51555 1.50887 1.49744 1.48884 1.48088 1.47156 1.46865 1.46288 1.45934 1.45616 1.45342 1.45277 1.45151 1.45132 1.45133 1.8 1.8 1.8 1.8 1.8 1.8 1.8 1.8 1.8 1.8 1.8 1.8 1.8 1.8 1.8 1.8 1.8 1.8 1.8 1.8 
1.53836 1.53464 1.53181 1.52855 1.52455 1.51912 1.51332 1.50863 1.50033 1.49378 1.48748 1.47978 1.47721 1.47179 1.46828 1.46454 1.46104 1.46 1.45809 1.45768 1.45681 1.8 1.8 1.8 1.8 1.8 1.8 1.8 1.8 1.8 1.8 1.8 1.8 1.8 1.8 1.8 1.8 1.8 1.8 1.8 1.8 
1.52616 1.52436 1.52211 1.52039 1.51798 1.51453 1.51076 1.50781 1.50203 1.49719 1.49249 1.48662 1.48445 1.47971 1.47668 1.47302 1.46962 1.46856 1.46645 1.46598 1.46489 1.8 1.8 1.8 1.8 1.8 1.8 1.8 1.8 1.8 1.8 1.8 1.8 1.8 1.8 1.8 1.8 1.8 1.8 1.8 1.8 
1.51629 1.51577 1.51462 1.51334 1.51208 1.51016 1.50795 1.50626 1.50261 1.49944 1.49633 1.49217 1.49055 1.48668 1.48443 1.48138 1.47848 1.47754 1.47559 1.47525 1.47421 1.8 1.8 1.8 1.8 1.8 1.8 1.8 1.8 1.8 1.8 1.8 1.8 1.8 1.8 1.8 1.8 1.8 1.8 1.8 1.8 
1.50813 1.50822 1.50767 1.5071 1.5066 1.50584 1.50489 1.50414 1.50235 1.50071 1.49899 1.49659 1.49551 1.49291 1.49149 1.48928 1.48712 1.48666 1.48482 1.48456 1.48358 1.8 1.8 1.8 1.8 1.8 1.8 1.8 1.8 1.8 1.8 1.8 1.8 1.8 1.8 1.8 1.8 1.8 1.8 1.8 1.8 
1.50121 1.5011 1.50165 1.50165 1.50171 1.50183 1.50191 1.50189 1.5016 1.50129 1.50077 1.49998 1.49948 1.49823 1.49753 1.49619 1.49483 1.49429 1.49327 1.49297 1.49215 1.8 1.8 1.8 1.8 1.8 1.8 1.8 1.8 1.8 1.8 1.8 1.8 1.8 1.8 1.8 1.8 1.8 1.8 1.8 1.8 
1.49561 1.49584 1.49668 1.49708 1.49755 1.4983 1.49911 1.49951 1.50061 1.50139 1.50192 1.50256 1.50255 1.50254 1.50245 1.50193 1.50135 1.501 1.50045 1.50015 1.49947 1.8 1.8 1.8 1.8 1.8 1.8 1.8 1.8 1.8 1.8 1.8 1.8 1.8 1.8 1.8 1.8 1.8 1.8 1.8 1.8 
1.49167 1.49259 1.49317 1.49391 1.49473 1.49591 1.49718 1.49818 1.4999 1.50137 1.50266 1.50418 1.50461 1.50541 1.50575 1.50593 1.50593 1.50573 1.50561 1.50528 1.50486 1.8 1.8 1.8 1.8 1.8 1.8 1.8 1.8 1.8 1.8 1.8 1.8 1.8 1.8 1.8 1.8 1.8 1.8 1.8 1.8 
1.48749 1.48891 1.48988 1.49096 1.49228 1.49384 1.49562 1.49722 1.49967 1.50153 1.50332 1.50542 1.50613 1.50738 1.50813 1.50872 1.50921 1.50926 1.50946 1.50933 1.50947 1.8 1.8 1.8 1.8 1.8 1.8 1.8 1.8 1.8 1.8 1.8 1.8 1.8 1.8 1.8 1.8 1.8 1.8 1.8 1.8 
1.48473 1.48624 1.48735 1.48905 1.49078 1.493 1.4954 1.49723 1.50018 1.50239 1.50445 1.50683 1.5077 1.50894 1.50985 1.51061 1.5113 1.51147 1.51177 1.51195 1.51213 1.8 1.8 1.8 1.8 1.8 1.8 1.8 1.8 1.8 1.8 1.8 1.8 1.8 1.8 1.8 1.8 1.8 1.8 1.8 1.8 
