51 41 1.5 0.33
0 2 4 6 8 10 12 14 16 18 20 22 24 26 28 30 32 34 36 38 40 42 44 46 48 50 52 54 56 58 60 62 64 66 68 70 72 74 76 78 80 82 84 86 88 90 92 94 96 98 100 
0 0 0 0 0 0 0 0 0 0 0 0 0 0 0 0 0 0 0 0 0 0 0 0 0 0 0 0 0 0 0 0 0 0 0 0 0 0 0 0 0 0 0 0 0 0 0 0 0 0 0 
0 0.1 0.2 0.3 0.4 0.5 0.6 0.7 0.8 0.9 1 1.1 1.2 1.3 1.4 1.5 1.6 1.7 1.8 1.9 2 2.1 2.2 2.3 2.4 2.5 2.6 2.7 2.8 2.9 3 3.1 3.2 3.3 3.4 3.5 3.6 3.7 3.8 3.9 4 
1.50084 1.50032 1.49971 1.49976 1.49936 1.49908 1.49876 1.49824 1.49813 1.49795 1.49779 1.49768 1.49756 1.49794 1.49811 1.4985 1.49894 1.49917 1.49952 1.49968 1.49998 1.8 1.8 1.8 1.8 1.8 1.8 1.8 1.8 1.8 1.8 1.8 1.8 1.8 1.8 1.8 1.8 1.8 1.8 1.8 1.8 
1.50263 1.50235 1.50224 1.50212 1.50186 1.50172 1.50133 1.50122 1.50085 1.50039 1.50033 1.49999 1.49972 1.49967 1.49959 1.49945 1.49937 1.49938 1.49934 1.49945 1.4995 1.8 1.8 1.8 1.8 1.8 1.8 1.8 1.8 1.8 1.8 1.8 1.8 1.8 1.8 1.8 1.8 1.8 1.8 1.8 1.8 
1.50273 1.50297 1.50337 1.50322 1.50325 1.50339 1.50344 1.50339 1.50331 1.50321 1.5028 1.50258 1.50244 1.50171 1.50115 1.50062 1.49988 1.49962 1.49902 1.49892 1.49857 1.8 1.8 1.8 1.8 1.8 1.8 1.8 1.8 1.8 1.8 1.8 1.8 1.8 1.8 1.8 1.8 1.8 1.8 1.8 1.8 
1.50124 1.50207 1.50321 1.503 1.50388 1.50403 1.50444 1.50521 1.5052 1.50536 1.50536 1.5051 1.50508 1.50387 1.50338 1.50209 1.50083 1.50017 1.49934 1.49888 1.49787 1.8 1.8 1.8 1.8 1.8 1.8 1.8 1.8 1.8 1.8 1.8 1.8 1.8 1.8 1.8 1.8 1.8 1.8 1.8 1.8 
1.49834 1.50008 1.50046 1.50123 1.50212 1.50334 1.50443 1.50531 1.50643 1.50714 1.50749 1.50761 1.5074 1.50627 1.50561 1.50393 1.50217 1.50139 1.50022 1.49895 1.49803 1.8 1.8 1.8 1.8 1.8 1.8 1.8 1.8 1.8 1.8 1.8 1.8 1.8 1.8 1.8 1.8 1.8 1.8 1.8 1.8 
1.49403 1.49559 1.49685 1.49808 1.49951 1.50132 1.50306 1.50446 1.50632 1.50752 1.50834 1.50893 1.50865 1.50781 1.50722 1.50548 1.50361 1.50274 1.50143 1.50034 1.49877 1.8 1.8 1.8 1.8 1.8 1.8 1.8 1.8 1.8 1.8 1.8 1.8 1.8 1.8 1.8 1.8 1.8 1.8 1.8 1.8 
1.48969 1.49018 1.49272 1.49432 1.49599 1.49829 1.50081 1.50215 1.50447 1.50604 1.50722 1.5083 1.50822 1.50788 1.50759 1.5063 1.50485 1.50421 1.5028 1.50206 1.5006 1.8 1.8 1.8 1.8 1.8 1.8 1.8 1.8 1.8 1.8 1.8 1.8 1.8 1.8 1.8 1.8 1.8 1.8 1.8 1.8 
1.48718 1.48822 1.48891 1.49096 1.49248 1.49436 1.49644 1.4981 1.5004 1.50208 1.50348 1.50501 1.50509 1.5058 1.50605 1.50589 1.50557 1.50535 1.50484 1.50461 1.5038 1.8 1.8 1.8 1.8 1.8 1.8 1.8 1.8 1.8 1.8 1.8 1.8 1.8 1.8 1.8 1.8 1.8 1.8 1.8 1.8 
1.4875 1.48755 1.48729 1.48882 1.48918 1.49047 1.49175 1.49313 1.49451 1.49595 1.49735 1.49912 1.5006 1.50168 1.50273 1.50435 1.50582 1.50639 1.50744 1.50756 1.50867 1.8 1.8 1.8 1.8 1.8 1.8 1.8 1.8 1.8 1.8 1.8 1.8 1.8 1.8 1.8 1.8 1.8 1.8 1.8 1.8 
1.49201 1.49072 1.49008 1.4892 1.48835 1.48733 1.4867 1.48629 1.48645 1.48701 1.48811 1.4898 1.49075 1.49471 1.49693 1.50116 1.50556 1.50733 1.51073 1.5123 1.51547 1.8 1.8 1.8 1.8 1.8 1.8 1.8 1.8 1.8 1.8 1.8 1.8 1.8 1.8 1.8 1.8 1.8 1.8 1.8 1.8 
1.50061 1.49667 1.49439 1.49138 1.48847 1.48475 1.48165 1.47928 1.47713 1.47631 1.47693 1.47812 1.48052 1.48575 1.48939 1.49672 1.50461 1.50787 1.51331 1.51712 1.52345 1.8 1.8 1.8 1.8 1.8 1.8 1.8 1.8 1.8 1.8 1.8 1.8 1.8 1.8 1.8 1.8 1.8 1.8 1.8 1.8 
1.51371 1.50733 1.50228 1.49687 1.49121 1.48414 1.47781 1.47263 1.4674 1.46448 1.46391 1.46419 1.46609 1.47439 1.47919 1.49014 1.50206 1.50699 1.51709 1.52096 1.53014 1.8 1.8 1.8 1.8 1.8 1.8 1.8 1.8 1.8 1.8 1.8 1.8 1.8 1.8 1.8 1.8 1.8 1.8 1.8 1.8 
1.53101 1.51922 1.5135 1.50438 1.49679 1.48582 1.47569 1.46671 1.45796 1.45221 1.45011 1.44831 1.45152 1.46086 1.46652 1.48105 1.49699 1.5041 1.51885 1.52587 1.53754 1.8 1.8 1.8 1.8 1.8 1.8 1.8 1.8 1.8 1.8 1.8 1.8 1.8 1.8 1.8 1.8 1.8 1.8 1.8 1.8 
1.55601 1.54568 1.53143 1.51937 1.50561 1.48925 1.47357 1.46054 1.44682 1.43822 1.4327 1.43065 1.43369 1.44497 1.45253 1.47206 1.49289 1.50285 1.52243 1.53237 1.54172 1.8 1.8 1.8 1.8 1.8 1.8 1.8 1.8 1.8 1.8 1.8 1.8 1.8 1.8 1.8 1.8 1.8 1.8 1.8 1.8 
1.57923 1.56949 1.54995 1.53523 1.51845 1.49838 1.47688 1.46331 1.44441 1.43341 1.42633 1.42129 1.42373 1.43551 1.44222 1.46199 1.48319 1.49338 1.51407 1.52238 1.53221 1.8 1.8 1.8 1.8 1.8 1.8 1.8 1.8 1.8 1.8 1.8 1.8 1.8 1.8 1.8 1.8 1.8 1.8 1.8 1.8 
1.62201 1.61878 1.58595 1.56221 1.53898 1.5129 1.48775 1.46774 1.44236 1.42676 1.40688 1.40385 1.39897 1.40677 1.41101 1.43375 1.45857 1.47611 1.51029 1.53826 1.54658 1.8 1.8 1.8 1.8 1.8 1.8 1.8 1.8 1.8 1.8 1.8 1.8 1.8 1.8 1.8 1.8 1.8 1.8 1.8 1.8 
1.62811 1.62524 1.59355 1.56472 1.53623 1.50468 1.47671 1.45625 1.42758 1.41925 1.4114 1.4081 1.41065 1.43008 1.44447 1.46788 1.4928 1.50324 1.51695 1.50819 1.49768 1.8 1.8 1.8 1.8 1.8 1.8 1.8 1.8 1.8 1.8 1.8 1.8 1.8 1.8 1.8 1.8 1.8 1.8 1.8 1.8 
1.60235 1.61683 1.59877 1.58247 1.57368 1.55786 1.53907 1.52439 1.49937 1.48851 1.47373 1.46215 1.45665 1.44808 1.44004 1.43527 1.4368 1.43116 1.42908 1.43057 1.44347 1.8 1.8 1.8 1.8 1.8 1.8 1.8 1.8 1.8 1.8 1.8 1.8 1.8 1.8 1.8 1.8 1.8 1.8 1.8 1.8 
1.6811 1.68381 1.65181 1.62725 1.59565 1.56675 1.54415 1.53046 1.51338 1.50672 1.49271 1.47811 1.46862 1.44977 1.44394 1.43437 1.41438 1.41399 1.40949 1.40805 1.42417 1.8 1.8 1.8 1.8 1.8 1.8 1.8 1.8 1.8 1.8 1.8 1.8 1.8 1.8 1.8 1.8 1.8 1.8 1.8 1.8 
1.56045 1.58219 1.59877 1.58307 1.57489 1.56207 1.55067 1.5451 1.53327 1.53261 1.51273 1.50716 1.5032 1.49551 1.48159 1.45977 1.45406 1.44621 1.43519 1.43218 1.43772 1.8 1.8 1.8 1.8 1.8 1.8 1.8 1.8 1.8 1.8 1.8 1.8 1.8 1.8 1.8 1.8 1.8 1.8 1.8 1.8 
1.39598 1.39388 1.40962 1.42626 1.44652 1.47074 1.49547 1.51279 1.53979 1.56231 1.57823 1.59206 1.56113 1.53222 1.51768 1.51097 1.49196 1.49057 1.48959 1.50369 1.49652 1.8 1.8 1.8 1.8 1.8 1.8 1.8 1.8 1.8 1.8 1.8 1.8 1.8 1.8 1.8 1.8 1.8 1.8 1.8 1.8 
1.34427 1.3619 1.38571 1.40522 1.42036 1.43705 1.45192 1.46477 1.5022 1.53782 1.56599 1.61415 1.60939 1.61697 1.61399 1.59574 1.57609 1.56216 1.54008 1.52234 1.48797 1.8 1.8 1.8 1.8 1.8 1.8 1.8 1.8 1.8 1.8 1.8 1.8 1.8 1.8 1.8 1.8 1.8 1.8 1.8 1.8 
1.30396 1.30291 1.32547 1.35166 1.38555 1.43171 1.48205 1.51907 1.56009 1.59857 1.60506 1.61055 1.63394 1.6418 1.63698 1.62864 1.58534 1.56775 1.5275 1.49784 1.46462 1.8 1.8 1.8 1.8 1.8 1.8 1.8 1.8 1.8 1.8 1.8 1.8 1.8 1.8 1.8 1.8 1.8 1.8 1.8 1.8 
1.31721 1.31615 1.34801 1.38329 1.41054 1.44591 1.47481 1.49372 1.51829 1.56145 1.54408 1.57083 1.62721 1.6103 1.64316 1.64401 1.61926 1.58365 1.53683 1.51314 1.46141 1.8 1.8 1.8 1.8 1.8 1.8 1.8 1.8 1.8 1.8 1.8 1.8 1.8 1.8 1.8 1.8 1.8 1.8 1.8 1.8 
1.3709 1.35841 1.37605 1.39168 1.41856 1.44827 1.48131 1.49256 1.50658 1.51086 1.5137 1.52643 1.64381 1.61361 1.62555 1.57617 1.52786 1.50949 1.47596 1.46142 1.41942 1.8 1.8 1.8 1.8 1.8 1.8 1.8 1.8 1.8 1.8 1.8 1.8 1.8 1.8 1.8 1.8 1.8 1.8 1.8 1.8 
1.54821 1.58137 1.6192 1.60442 1.59744 1.60105 1.59475 1.58764 1.5672 1.56232 1.48517 1.47647 1.59881 1.52232 1.48407 1.4139 1.35684 1.327 1.27188 1.23523 1.23744 1.8 1.8 1.8 1.8 1.8 1.8 1.8 1.8 1.8 1.8 1.8 1.8 1.8 1.8 1.8 1.8 1.8 1.8 1.8 1.8 
1.64082 1.65927 1.63804 1.61115 1.59019 1.55315 1.54628 1.5415 1.54449 1.51156 1.48057 1.44641 1.55623 1.47013 1.45206 1.41217 1.37133 1.34919 1.32992 1.34593 1.34121 1.8 1.8 1.8 1.8 1.8 1.8 1.8 1.8 1.8 1.8 1.8 1.8 1.8 1.8 1.8 1.8 1.8 1.8 1.8 1.8 
1.59383 1.60381 1.62556 1.63418 1.65562 1.64332 1.61652 1.579 1.56805 1.53089 1.47697 1.40425 1.4084 1.37416 1.36154 1.36933 1.3852 1.41599 1.45171 1.47068 1.43195 1.8 1.8 1.8 1.8 1.8 1.8 1.8 1.8 1.8 1.8 1.8 1.8 1.8 1.8 1.8 1.8 1.8 1.8 1.8 1.8 
1.67538 1.66583 1.64448 1.62245 1.60525 1.59367 1.59242 1.57307 1.54413 1.48944 1.45104 1.41734 1.4328 1.41494 1.40295 1.39859 1.40071 1.418 1.44197 1.47244 1.4432 1.8 1.8 1.8 1.8 1.8 1.8 1.8 1.8 1.8 1.8 1.8 1.8 1.8 1.8 1.8 1.8 1.8 1.8 1.8 1.8 
1.55389 1.5736 1.58594 1.56307 1.54151 1.5305 1.51838 1.51005 1.48722 1.47547 1.47679 1.48053 1.51101 1.56304 1.58865 1.5148 1.46803 1.42885 1.37935 1.38555 1.39052 1.8 1.8 1.8 1.8 1.8 1.8 1.8 1.8 1.8 1.8 1.8 1.8 1.8 1.8 1.8 1.8 1.8 1.8 1.8 1.8 
1.42118 1.40129 1.40057 1.40585 1.43004 1.44883 1.462 1.4627 1.48345 1.51252 1.54164 1.55758 1.58832 1.61408 1.62834 1.57504 1.53473 1.51527 1.47277 1.44466 1.41541 1.8 1.8 1.8 1.8 1.8 1.8 1.8 1.8 1.8 1.8 1.8 1.8 1.8 1.8 1.8 1.8 1.8 1.8 1.8 1.8 
1.4019 1.37787 1.39106 1.40946 1.41754 1.42449 1.43714 1.45061 1.49408 1.53525 1.58086 1.63593 1.71241 1.69392 1.68089 1.62932 1.56393 1.51899 1.46126 1.43733 1.41805 1.8 1.8 1.8 1.8 1.8 1.8 1.8 1.8 1.8 1.8 1.8 1.8 1.8 1.8 1.8 1.8 1.8 1.8 1.8 1.8 
1.36297 1.33349 1.37158 1.38955 1.40727 1.42903 1.45805 1.48396 1.5275 1.56283 1.59424 1.62918 1.65062 1.65644 1.63606 1.58809 1.55575 1.52839 1.4728 1.4494 1.43216 1.8 1.8 1.8 1.8 1.8 1.8 1.8 1.8 1.8 1.8 1.8 1.8 1.8 1.8 1.8 1.8 1.8 1.8 1.8 1.8 
1.42787 1.41804 1.4111 1.40878 1.41269 1.42296 1.437 1.44777 1.47331 1.49467 1.51741 1.54668 1.56452 1.58088 1.5873 1.57415 1.55315 1.54446 1.52191 1.48657 1.46327 1.8 1.8 1.8 1.8 1.8 1.8 1.8 1.8 1.8 1.8 1.8 1.8 1.8 1.8 1.8 1.8 1.8 1.8 1.8 1.8 
1.54005 1.5642 1.54405 1.52423 1.49978 1.47139 1.44574 1.42619 1.4179 1.41546 1.41817 1.42869 1.43883 1.4582 1.47332 1.4915 1.50714 1.51301 1.52069 1.5254 1.49106 1.8 1.8 1.8 1.8 1.8 1.8 1.8 1.8 1.8 1.8 1.8 1.8 1.8 1.8 1.8 1.8 1.8 1.8 1.8 1.8 
1.67114 1.72602 1.61471 1.57278 1.54184 1.51078 1.48208 1.46401 1.44882 1.43891 1.43151 1.42588 1.42307 1.4213 1.41836 1.41998 1.42304 1.42658 1.43318 1.44272 1.45547 1.8 1.8 1.8 1.8 1.8 1.8 1.8 1.8 1.8 1.8 1.8 1.8 1.8 1.8 1.8 1.8 1.8 1.8 1.8 1.8 
1.63705 1.6264 1.60421 1.57168 1.54758 1.51919 1.49231 1.47208 1.45058 1.43613 1.42536 1.41699 1.41583 1.41897 1.42118 1.4299 1.43868 1.44366 1.45313 1.45703 1.46062 1.8 1.8 1.8 1.8 1.8 1.8 1.8 1.8 1.8 1.8 1.8 1.8 1.8 1.8 1.8 1.8 1.8 1.8 1.8 1.8 
1.64748 1.63242 1.60575 1.58425 1.56122 1.53315 1.50635 1.48579 1.46046 1.44277 1.42544 1.41549 1.41266 1.41208 1.41197 1.41883 1.42665 1.43121 1.4401 1.4453 1.45201 1.8 1.8 1.8 1.8 1.8 1.8 1.8 1.8 1.8 1.8 1.8 1.8 1.8 1.8 1.8 1.8 1.8 1.8 1.8 1.8 
1.62776 1.60632 1.59155 1.57554 1.55788 1.53564 1.51404 1.49752 1.47424 1.45729 1.44293 1.42866 1.42348 1.42163 1.41943 1.42259 1.42715 1.43018 1.43602 1.43937 1.44635 1.8 1.8 1.8 1.8 1.8 1.8 1.8 1.8 1.8 1.8 1.8 1.8 1.8 1.8 1.8 1.8 1.8 1.8 1.8 1.8 
1.59447 1.57997 1.5703 1.56022 1.5479 1.53196 1.51586 1.50438 1.48388 1.46968 1.45743 1.44457 1.44141 1.4373 1.43498 1.43636 1.43879 1.44045 1.44414 1.44573 1.45 1.8 1.8 1.8 1.8 1.8 1.8 1.8 1.8 1.8 1.8 1.8 1.8 1.8 1.8 1.8 1.8 1.8 1.8 1.8 1.8 
1.56812 1.55839 1.55272 1.54577 1.53743 1.5266 1.51536 1.50641 1.49175 1.48093 1.47128 1.46066 1.45801 1.45311 1.45042 1.44987 1.45023 1.45089 1.45244 1.45329 1.45624 1.8 1.8 1.8 1.8 1.8 1.8 1.8 1.8 1.8 1.8 1.8 1.8 1.8 1.8 1.8 1.8 1.8 1.8 1.8 1.8 
1.54284 1.53614 1.53429 1.53051 1.52576 1.51958 1.51285 1.5074 1.49778 1.49057 1.48397 1.47612 1.47389 1.46951 1.46695 1.46534 1.46427 1.46428 1.46441 1.46468 1.4662 1.8 1.8 1.8 1.8 1.8 1.8 1.8 1.8 1.8 1.8 1.8 1.8 1.8 1.8 1.8 1.8 1.8 1.8 1.8 1.8 
1.5228 1.52089 1.51934 1.51769 1.51554 1.51266 1.50938 1.50663 1.50168 1.49765 1.49375 1.48894 1.48728 1.48408 1.48201 1.48007 1.47832 1.47787 1.47731 1.47725 1.4774 1.8 1.8 1.8 1.8 1.8 1.8 1.8 1.8 1.8 1.8 1.8 1.8 1.8 1.8 1.8 1.8 1.8 1.8 1.8 1.8 
1.50755 1.50772 1.50609 1.50723 1.50703 1.50662 1.50601 1.50557 1.5041 1.50267 1.50106 1.49887 1.49791 1.49576 1.49435 1.49246 1.49057 1.48995 1.48889 1.48857 1.4879 1.8 1.8 1.8 1.8 1.8 1.8 1.8 1.8 1.8 1.8 1.8 1.8 1.8 1.8 1.8 1.8 1.8 1.8 1.8 1.8 
1.4975 1.49894 1.49957 1.50029 1.50124 1.50235 1.50339 1.50421 1.5051 1.5055 1.50559 1.5054 1.50513 1.50396 1.50325 1.50179 1.50023 1.49953 1.49844 1.49807 1.49696 1.8 1.8 1.8 1.8 1.8 1.8 1.8 1.8 1.8 1.8 1.8 1.8 1.8 1.8 1.8 1.8 1.8 1.8 1.8 1.8 
1.49178 1.49325 1.4949 1.49607 1.49758 1.49951 1.50137 1.50284 1.50491 1.50634 1.50745 1.50852 1.5087 1.50852 1.50845 1.50765 1.5067 1.5072 1.50523 1.50488 1.50372 1.8 1.8 1.8 1.8 1.8 1.8 1.8 1.8 1.8 1.8 1.8 1.8 1.8 1.8 1.8 1.8 1.8 1.8 1.8 1.8 
1.48972 1.49021 1.49297 1.49415 1.49576 1.49782 1.49995 1.50152 1.50388 1.50564 1.50714 1.50875 1.50917 1.50951 1.50978 1.50951 1.50913 1.50871 1.50827 1.50807 1.5074 1.8 1.8 1.8 1.8 1.8 1.8 1.8 1.8 1.8 1.8 1.8 1.8 1.8 1.8 1.8 1.8 1.8 1.8 1.8 1.8 
1.49115 1.49174 1.49344 1.49453 1.49575 1.49737 1.49906 1.50027 1.50231 1.50384 1.50522 1.50678 1.50732 1.50794 1.50839 1.50859 1.50872 1.50855 1.50854 1.50847 1.50831 1.8 1.8 1.8 1.8 1.8 1.8 1.8 1.8 1.8 1.8 1.8 1.8 1.8 1.8 1.8 1.8 1.8 1.8 1.8 1.8 
1.49351 1.49437 1.49485 1.49557 1.49634 1.49739 1.49852 1.49939 1.50085 1.50202 1.50313 1.50445 1.50493 1.50577 1.5063 1.50685 1.50737 1.50732 1.5078 1.50785 1.50813 1.8 1.8 1.8 1.8 1.8 1.8 1.8 1.8 1.8 1.8 1.8 1.8 1.8 1.8 1.8 1.8 1.8 1.8 1.8 1.8 
1.49675 1.49722 1.49692 1.49716 1.49739 1.49761 1.49809 1.49852 1.49929 1.49997 1.50065 1.50156 1.50198 1.50281 1.50334 1.50412 1.50488 1.50512 1.50574 1.5059 1.50636 1.8 1.8 1.8 1.8 1.8 1.8 1.8 1.8 1.8 1.8 1.8 1.8 1.8 1.8 1.8 1.8 1.8 1.8 1.8 1.8 
1.50059 1.50051 1.50014 1.49962 1.49929 1.49888 1.49853 1.49821 1.49803 1.49792 1.49792 1.49803 1.49793 1.49864 1.49893 1.49954 1.50019 1.50041 1.50095 1.50112 1.50144 1.8 1.8 1.8 1.8 1.8 1.8 1.8 1.8 1.8 1.8 1.8 1.8 1.8 1.8 1.8 1.8 1.8 1.8 1.8 1.8 
