5
s 30 2 402
r 30 0.01 2 1.32667 0.01
r 30.2 0.01 2 1.33335 0.01
r 30.4 0.01 2 1.35321 0.01
r 30.6 0.01 2 1.3857 0.01
r 30.8 0.01 2 1.42998 0.01
r 31 0.01 2 1.48481 0.01
r 31.2 0.01 2 1.54934 0.01
r 31.4 0.01 2 1.62232 0.01
r 31.6 0.01 2 1.70257 0.01
r 31.8 0.01 2 1.78925 0.01
r 32 0.01 2 1.88143 0.01
r 32.2 0.01 2 1.97812 0.01
r 32.4 0.01 2 2.07887 0.01
r 32.6 0.01 2 2.18336 0.01
r 32.8 0.01 2 2.29063 0.01
r 33 0.01 2 2.40011 0.01
r 33.2 0.01 2 2.51227 0.01
r 33.4 0.01 2 2.62644 0.01
r 33.6 0.01 2 2.74239 0.01
r 33.8 0.01 2 2.85986 0.01
r 34 0.01 2 2.97859 0.01
r 34.2 0.01 2 3.09857 0.01
r 34.4 0.01 2 3.21956 0.01
r 34.6 0.01 2 3.34153 0.01
r 34.8 0.01 2 3.46434 0.01
r 35 0.01 2 3.58778 0.01
r 35.2 0.01 2 3.71205 0.01
r 35.4 0.01 2 3.83671 0.01
r 35.6 0.01 2 3.96207 0.01
r 35.8 0.01 2 4.08796 0.01
r 36 0.01 2 4.21431 0.01
r 36.2 0.01 2 4.34103 0.01
r 36.4 0.01 2 4.46843 0.01
r 36.6 0.01 2 4.59567 0.01
r 36.8 0.01 2 4.72372 0.01
r 37 0.01 2 4.85211 0.01
r 37.2 0.01 2 4.98014 0.01
r 37.4 0.01 2 5.10866 0.01
r 37.6 0.01 2 5.23756 0.01
r 37.8 0.01 2 5.36684 0.01
r 38 0.01 2 5.49593 0.01
r 38.2 0.01 2 5.62538 0.01
r 38.4 0.01 2 5.75508 0.01
r 38.6 0.01 2 5.88485 0.01
r 38.8 0.01 2 6.01483 0.01
r 39 0.01 2 6.14492 0.01
r 39.2 0.01 2 6.27518 0.01
r 39.4 0.01 2 6.40563 0.01
r 39.6 0.01 2 6.53619 0.01
r 39.8 0.01 2 6.66674 0.01
r 40 0.01 2 6.7974 0.01
r 40.2 0.01 2 6.92836 0.01
r 40.4 0.01 2 7.0593 0.01
r 40.6 0.01 2 7.19022 0.01
r 40.8 0.01 2 7.32121 0.01
r 41 0.01 2 7.45237 0.01
r 41.2 0.01 2 7.58361 0.01
r 41.4 0.01 2 7.71492 0.01
r 41.6 0.01 2 7.8463 0.01
r 41.8 0.01 2 7.97776 0.01
r 42 0.01 2 8.10926 0.01
r 42.2 0.01 2 8.24086 0.01
r 42.4 0.01 2 8.37274 0.01
r 42.6 0.01 2 8.50426 0.01
r 42.8 0.01 2 8.63591 0.01
r 43 0.01 2 8.76768 0.01
r 43.2 0.01 2 8.89945 0.01
r 43.4 0.01 2 9.03131 0.01
r 43.6 0.01 2 9.16326 0.01
r 43.8 0.01 2 9.29527 0.01
r 44 0.01 2 9.42733 0.01
r 44.2 0.01 2 9.55927 0.01
r 44.4 0.01 2 9.69126 0.01
r 44.6 0.01 2 9.82333 0.01
r 44.8 0.01 2 9.95547 0.01
r 45 0.01 2 10.0876 0.01
r 45.2 0.01 2 10.2199 0.01
r 45.4 0.01 2 10.3522 0.01
r 45.6 0.01 2 10.4845 0.01
r 45.8 0.01 2 10.6167 0.01
r 46 0.01 2 10.7489 0.01
r 46.2 0.01 2 10.8812 0.01
r 46.4 0.01 2 11.0136 0.01
r 46.6 0.01 2 11.1459 0.01
r 46.8 0.01 2 11.2784 0.01
r 47 0.01 2 11.4109 0.01
r 47.2 0.01 2 11.5435 0.01
r 47.4 0.01 2 11.6758 0.01
r 47.6 0.01 2 11.8082 0.01
r 47.8 0.01 2 11.9407 0.01
r 48 0.01 2 12.0731 0.01
r 48.2 0.01 2 12.2057 0.01
r 48.4 0.01 2 12.3382 0.01
r 48.6 0.01 2 12.4708 0.01
r 48.8 0.01 2 12.6035 0.01
r 49 0.01 2 12.7362 0.01
r 49.2 0.01 2 12.8687 0.01
r 49.4 0.01 2 13.0014 0.01
r 49.6 0.01 2 13.1339 0.01
r 49.8 0.01 2 13.2665 0.01
r 50 0.01 2 13.3992 0.01
r 50.2 0.01 2 13.5319 0.01
r 50.4 0.01 2 13.6648 0.01
r 50.6 0.01 2 13.7974 0.01
r 50.8 0.01 2 13.9303 0.01
r 51 0.01 2 14.0629 0.01
r 51.2 0.01 2 14.1955 0.01
r 51.4 0.01 2 14.3283 0.01
r 51.6 0.01 2 14.4611 0.01
r 51.8 0.01 2 14.5939 0.01
r 52 0.01 2 14.7267 0.01
r 52.2 0.01 2 14.8595 0.01
r 52.4 0.01 2 14.9924 0.01
r 52.6 0.01 2 15.1252 0.01
r 52.8 0.01 2 15.2581 0.01
r 53 0.01 2 15.3907 0.01
r 53.2 0.01 2 15.5235 0.01
r 53.4 0.01 2 15.6565 0.01
r 53.6 0.01 2 15.7893 0.01
r 53.8 0.01 2 15.9221 0.01
r 54 0.01 2 16.055 0.01
r 54.2 0.01 2 16.1879 0.01
r 54.4 0.01 2 16.3208 0.01
r 54.6 0.01 2 16.4538 0.01
r 54.8 0.01 2 16.5867 0.01
r 55 0.01 2 16.7196 0.01
r 55.2 0.01 2 16.8524 0.01
r 55.4 0.01 2 16.9853 0.01
r 55.6 0.01 2 17.1183 0.01
r 55.8 0.01 2 17.2512 0.01
r 56 0.01 2 17.3842 0.01
r 56.2 0.01 2 17.5172 0.01
r 56.4 0.01 2 17.6502 0.01
r 56.6 0.01 2 17.7832 0.01
r 56.8 0.01 2 17.9162 0.01
r 57 0.01 2 18.0489 0.01
r 57.2 0.01 2 18.1819 0.01
r 57.4 0.01 2 18.3148 0.01
r 57.6 0.01 2 18.4478 0.01
r 57.8 0.01 2 18.5809 0.01
r 58 0.01 2 18.7139 0.01
r 58.2 0.01 2 18.8469 0.01
r 58.4 0.01 2 18.98 0.01
r 58.6 0.01 2 19.1131 0.01
r 58.8 0.01 2 19.2462 0.01
r 59 0.01 2 19.3789 0.01
r 59.2 0.01 2 19.5119 0.01
r 59.4 0.01 2 19.6449 0.01
r 59.6 0.01 2 19.7779 0.01
r 59.8 0.01 2 19.9109 0.01
r 60 0.01 2 20.044 0.01
r 60.2 0.01 2 20.177 0.01
r 60.4 0.01 2 20.3101 0.01
r 60.6 0.01 2 20.4432 0.01
r 60.8 0.01 2 20.5763 0.01
r 61 0.01 2 20.7093 0.01
r 61.2 0.01 2 20.8423 0.01
r 61.4 0.01 2 20.9754 0.01
r 61.6 0.01 2 21.1085 0.01
r 61.8 0.01 2 21.2416 0.01
r 62 0.01 2 21.3747 0.01
r 62.2 0.01 2 21.5078 0.01
r 62.4 0.01 2 21.6408 0.01
r 62.6 0.01 2 21.774 0.01
r 62.8 0.01 2 21.9071 0.01
r 63 0.01 2 22.0401 0.01
r 63.2 0.01 2 22.1732 0.01
r 63.4 0.01 2 22.3063 0.01
r 63.6 0.01 2 22.4396 0.01
r 63.8 0.01 2 22.5727 0.01
r 64 0.01 2 22.7058 0.01
r 64.2 0.01 2 22.8389 0.01
r 64.4 0.01 2 22.972 0.01
r 64.6 0.01 2 23.1051 0.01
r 64.8 0.01 2 23.2383 0.01
r 65 0.01 2 23.3712 0.01
r 65.2 0.01 2 23.5043 0.01
r 65.4 0.01 2 23.6374 0.01
r 65.6 0.01 2 23.7705 0.01
r 65.8 0.01 2 23.9036 0.01
r 66 0.01 2 24.0367 0.01
r 66.2 0.01 2 24.1698 0.01
r 66.4 0.01 2 24.3029 0.01
r 66.6 0.01 2 24.4361 0.01
r 66.8 0.01 2 24.5693 0.01
r 67 0.01 2 24.7024 0.01
r 67.2 0.01 2 24.8356 0.01
r 67.4 0.01 2 24.9687 0.01
r 67.6 0.01 2 25.1019 0.01
r 67.8 0.01 2 25.2351 0.01
r 68 0.01 2 25.3682 0.01
r 68.2 0.01 2 25.5014 0.01
r 68.4 0.01 2 25.6346 0.01
r 68.6 0.01 2 25.7678 0.01
r 68.8 0.01 2 25.901 0.01
r 69 0.01 2 26.034 0.01
r 69.2 0.01 2 26.1671 0.01
r 69.4 0.01 2 26.3002 0.01
r 69.6 0.01 2 26.4333 0.01
r 69.8 0.01 2 26.5665 0.01
r 70 0.01 2 26.6997 0.01
r 30 0.01 3 3.99333 0.01
r 30.2 0.01 3 3.99592 0.01
r 30.4 0.01 3 4.00224 0.01
r 30.6 0.01 3 4.01334 0.01
r 30.8 0.01 3 4.02882 0.01
r 31 0.01 3 4.05238 0.01
r 31.2 0.01 3 4.0728 0.01
r 31.4 0.01 3 4.10114 0.01
r 31.6 0.01 3 4.13352 0.01
r 31.8 0.01 3 4.17008 0.01
r 32 0.01 3 4.21075 0.01
r 32.2 0.01 3 4.25468 0.01
r 32.4 0.01 3 4.30241 0.01
r 32.6 0.01 3 4.35411 0.01
r 32.8 0.01 3 4.40829 0.01
r 33 0.01 3 4.46742 0.01
r 33.2 0.01 3 4.52907 0.01
r 33.4 0.01 3 4.60593 0.01
r 33.6 0.01 3 4.66531 0.01
r 33.8 0.01 3 4.73791 0.01
r 34 0.01 3 4.8072 0.01
r 34.2 0.01 3 4.88067 0.01
r 34.4 0.01 3 4.95679 0.01
r 34.6 0.01 3 5.03573 0.01
r 34.8 0.01 3 5.1178 0.01
r 35 0.01 3 5.20678 0.01
r 35.2 0.01 3 5.29772 0.01
r 35.4 0.01 3 5.38623 0.01
r 35.6 0.01 3 5.47902 0.01
r 35.8 0.01 3 5.57293 0.01
r 36 0.01 3 5.67017 0.01
r 36.2 0.01 3 5.75771 0.01
r 36.4 0.01 3 5.85884 0.01
r 36.6 0.01 3 5.95339 0.01
r 36.8 0.01 3 6.05535 0.01
r 37 0.01 3 6.15832 0.01
r 37.2 0.01 3 6.57229 0.01
r 37.4 0.01 3 6.36903 0.01
r 37.6 0.01 3 6.45968 0.01
r 37.8 0.01 3 6.56635 0.01
r 38 0.01 3 6.8309 0.01
r 38.2 0.01 3 6.90029 0.01
r 38.4 0.01 3 6.98624 0.01
r 38.6 0.01 3 7.08204 0.01
r 38.8 0.01 3 7.18307 0.01
r 39 0.01 3 7.29933 0.01
r 39.2 0.01 3 7.39922 0.01
r 39.4 0.01 3 7.49714 0.01
r 39.6 0.01 3 7.59802 0.01
r 39.8 0.01 3 7.7031 0.01
r 40 0.01 3 7.81089 0.01
r 40.2 0.01 3 7.9228 0.01
r 40.4 0.01 3 8.02881 0.01
r 40.6 0.01 3 8.14134 0.01
r 40.8 0.01 3 8.26913 0.01
r 41 0.01 3 8.39165 0.01
r 41.2 0.01 3 8.4832 0.01
r 41.4 0.01 3 8.59726 0.01
r 41.6 0.01 3 8.72259 0.01
r 41.8 0.01 3 8.87099 0.01
r 42 0.01 3 8.96103 0.01
r 42.2 0.01 3 9.10245 0.01
r 42.4 0.01 3 9.20948 0.01
r 42.6 0.01 3 9.33077 0.01
r 42.8 0.01 3 9.46938 0.01
r 43 0.01 3 9.57629 0.01
r 43.2 0.01 3 9.7003 0.01
r 43.4 0.01 3 9.82229 0.01
r 43.6 0.01 3 9.94637 0.01
r 43.8 0.01 3 10.072 0.01
r 44 0.01 3 10.2008 0.01
r 44.2 0.01 3 10.318 0.01
r 44.4 0.01 3 10.4828 0.01
r 44.6 0.01 3 10.579 0.01
r 44.8 0.01 3 10.7015 0.01
r 45 0.01 3 10.8106 0.01
r 45.2 0.01 3 10.9408 0.01
r 45.4 0.01 3 11.0623 0.01
r 45.6 0.01 3 11.1711 0.01
r 45.8 0.01 3 11.3228 0.01
r 46 0.01 3 11.4551 0.01
r 46.2 0.01 3 11.5577 0.01
r 46.4 0.01 3 11.7141 0.01
r 46.6 0.01 3 11.8457 0.01
r 46.8 0.01 3 11.9782 0.01
r 47 0.01 3 12.036 0.01
r 47.2 0.01 3 12.1647 0.01
r 47.4 0.01 3 12.3696 0.01
r 47.6 0.01 3 12.5005 0.01
r 47.8 0.01 3 12.6312 0.01
r 48 0.01 3 12.7617 0.01
r 48.2 0.01 3 12.8921 0.01
r 48.4 0.01 3 13.0224 0.01
r 48.6 0.01 3 13.1529 0.01
r 48.8 0.01 3 13.2837 0.01
r 49 0.01 3 13.3111 0.01
r 49.2 0.01 3 13.4411 0.01
r 49.4 0.01 3 13.5713 0.01
r 49.6 0.01 3 13.7017 0.01
r 49.8 0.01 3 13.8317 0.01
r 50 0.01 3 13.9749 0.01
r 50.2 0.01 3 14.0948 0.01
r 50.4 0.01 3 14.224 0.01
r 50.6 0.01 3 14.3547 0.01
r 50.8 0.01 3 14.4854 0.01
r 51 0.01 3 14.5714 0.01
r 51.2 0.01 3 14.7015 0.01
r 51.4 0.01 3 14.8317 0.01
r 51.6 0.01 3 14.9616 0.01
r 51.8 0.01 3 15.0921 0.01
r 52 0.01 3 15.2227 0.01
r 52.2 0.01 3 15.3536 0.01
r 52.4 0.01 3 15.4841 0.01
r 52.6 0.01 3 15.6148 0.01
r 52.8 0.01 3 15.7457 0.01
r 53 0.01 3 15.8576 0.01
r 53.2 0.01 3 15.9878 0.01
r 53.4 0.01 3 16.1182 0.01
r 53.6 0.01 3 16.2487 0.01
r 53.8 0.01 3 16.3793 0.01
r 54 0.01 3 16.51 0.01
r 54.2 0.01 3 16.6408 0.01
r 54.4 0.01 3 16.7717 0.01
r 54.6 0.01 3 16.9027 0.01
r 54.8 0.01 3 17.0338 0.01
r 55 0.01 3 17.1499 0.01
r 55.2 0.01 3 17.2799 0.01
r 55.4 0.01 3 17.4102 0.01
r 55.6 0.01 3 17.5409 0.01
r 55.8 0.01 3 17.6713 0.01
r 56 0.01 3 17.802 0.01
r 56.2 0.01 3 17.9328 0.01
r 56.4 0.01 3 18.0638 0.01
r 56.6 0.01 3 18.1949 0.01
r 56.8 0.01 3 18.3258 0.01
r 57 0.01 3 18.4408 0.01
r 57.2 0.01 3 18.5711 0.01
r 57.4 0.01 3 18.7014 0.01
r 57.6 0.01 3 18.8319 0.01
r 57.8 0.01 3 18.9625 0.01
r 58 0.01 3 19.0932 0.01
r 58.2 0.01 3 19.224 0.01
r 58.4 0.01 3 19.3549 0.01
r 58.6 0.01 3 19.486 0.01
r 58.8 0.01 3 19.617 0.01
r 59 0.01 3 19.7423 0.01
r 59.2 0.01 3 19.8726 0.01
r 59.4 0.01 3 20.003 0.01
r 59.6 0.01 3 20.1336 0.01
r 59.8 0.01 3 20.2641 0.01
r 60 0.01 3 20.3948 0.01
r 60.2 0.01 3 20.5257 0.01
r 60.4 0.01 3 20.6567 0.01
r 60.6 0.01 3 20.7876 0.01
r 60.8 0.01 3 20.9186 0.01
r 61 0.01 3 21.0504 0.01
r 61.2 0.01 3 21.1808 0.01
r 61.4 0.01 3 21.3115 0.01
r 61.6 0.01 3 21.4447 0.01
r 61.8 0.01 3 21.5753 0.01
r 62 0.01 3 21.706 0.01
r 62.2 0.01 3 21.8369 0.01
r 62.4 0.01 3 21.9678 0.01
r 62.6 0.01 3 22.0989 0.01
r 62.8 0.01 3 22.23 0.01
r 63 0.01 3 22.3652 0.01
r 63.2 0.01 3 22.4935 0.01
r 63.4 0.01 3 22.626 0.01
r 63.6 0.01 3 22.7567 0.01
r 63.8 0.01 3 22.8873 0.01
r 64 0.01 3 23.018 0.01
r 64.2 0.01 3 23.1489 0.01
r 64.4 0.01 3 23.2798 0.01
r 64.6 0.01 3 23.4108 0.01
r 64.8 0.01 3 23.5419 0.01
r 65 0.01 3 23.6732 0.01
r 65.2 0.01 3 23.8044 0.01
r 65.4 0.01 3 23.9357 0.01
r 65.6 0.01 3 24.0671 0.01
r 65.8 0.01 3 24.1985 0.01
r 66 0.01 3 24.33 0.01
r 66.2 0.01 3 24.4615 0.01
r 66.4 0.01 3 24.5931 0.01
r 66.6 0.01 3 24.7248 0.01
r 66.8 0.01 3 24.8565 0.01
r 67 0.01 3 24.9909 0.01
r 67.2 0.01 3 25.1222 0.01
r 67.4 0.01 3 25.2535 0.01
r 67.6 0.01 3 25.3848 0.01
r 67.8 0.01 3 25.5162 0.01
r 68 0.01 3 25.6477 0.01
r 68.2 0.01 3 25.7793 0.01
r 68.4 0.01 3 25.9109 0.01
r 68.6 0.01 3 26.0426 0.01
r 68.8 0.01 3 26.1743 0.01
r 69 0.01 3 26.3085 0.01
r 69.2 0.01 3 26.4397 0.01
r 69.4 0.01 3 26.5711 0.01
r 69.6 0.01 3 26.7024 0.01
r 69.8 0.01 3 26.8339 0.01
r 70 0.01 3 26.9654 0.01
s 40 2 402
r 30 0.01 2 6.7974 0.01
r 30.2 0.01 2 6.66674 0.01
r 30.4 0.01 2 6.53619 0.01
r 30.6 0.01 2 6.40563 0.01
r 30.8 0.01 2 6.27518 0.01
r 31 0.01 2 6.14496 0.01
r 31.2 0.01 2 6.01483 0.01
r 31.4 0.01 2 5.88485 0.01
r 31.6 0.01 2 5.75508 0.01
r 31.8 0.01 2 5.62538 0.01
r 32 0.01 2 5.49593 0.01
r 32.2 0.01 2 5.36684 0.01
r 32.4 0.01 2 5.23756 0.01
r 32.6 0.01 2 5.10866 0.01
r 32.8 0.01 2 4.98014 0.01
r 33 0.01 2 4.85173 0.01
r 33.2 0.01 2 4.72372 0.01
r 33.4 0.01 2 4.59567 0.01
r 33.6 0.01 2 4.46843 0.01
r 33.8 0.01 2 4.34103 0.01
r 34 0.01 2 4.21431 0.01
r 34.2 0.01 2 4.08796 0.01
r 34.4 0.01 2 3.96207 0.01
r 34.6 0.01 2 3.83671 0.01
r 34.8 0.01 2 3.71205 0.01
r 35 0.01 2 3.58786 0.01
r 35.2 0.01 2 3.46434 0.01
r 35.4 0.01 2 3.34153 0.01
r 35.6 0.01 2 3.21956 0.01
r 35.8 0.01 2 3.09857 0.01
r 36 0.01 2 2.97859 0.01
r 36.2 0.01 2 2.85986 0.01
r 36.4 0.01 2 2.74239 0.01
r 36.6 0.01 2 2.62644 0.01
r 36.8 0.01 2 2.51227 0.01
r 37 0.01 2 2.40048 0.01
r 37.2 0.01 2 2.29063 0.01
r 37.4 0.01 2 2.18336 0.01
r 37.6 0.01 2 2.07887 0.01
r 37.8 0.01 2 1.97812 0.01
r 38 0.01 2 1.88143 0.01
r 38.2 0.01 2 1.78925 0.01
r 38.4 0.01 2 1.70257 0.01
r 38.6 0.01 2 1.62232 0.01
r 38.8 0.01 2 1.54934 0.01
r 39 0.01 2 1.48499 0.01
r 39.2 0.01 2 1.42998 0.01
r 39.4 0.01 2 1.3857 0.01
r 39.6 0.01 2 1.35321 0.01
r 39.8 0.01 2 1.33335 0.01
r 40 0.01 2 1.32667 0.01
r 40.2 0.01 2 1.33335 0.01
r 40.4 0.01 2 1.35321 0.01
r 40.6 0.01 2 1.3857 0.01
r 40.8 0.01 2 1.42998 0.01
r 41 0.01 2 1.48481 0.01
r 41.2 0.01 2 1.54934 0.01
r 41.4 0.01 2 1.62232 0.01
r 41.6 0.01 2 1.70257 0.01
r 41.8 0.01 2 1.78925 0.01
r 42 0.01 2 1.88143 0.01
r 42.2 0.01 2 1.97812 0.01
r 42.4 0.01 2 2.07887 0.01
r 42.6 0.01 2 2.18336 0.01
r 42.8 0.01 2 2.29063 0.01
r 43 0.01 2 2.40011 0.01
r 43.2 0.01 2 2.51227 0.01
r 43.4 0.01 2 2.62644 0.01
r 43.6 0.01 2 2.74239 0.01
r 43.8 0.01 2 2.85986 0.01
r 44 0.01 2 2.97859 0.01
r 44.2 0.01 2 3.09857 0.01
r 44.4 0.01 2 3.21956 0.01
r 44.6 0.01 2 3.34153 0.01
r 44.8 0.01 2 3.46434 0.01
r 45 0.01 2 3.58778 0.01
r 45.2 0.01 2 3.71205 0.01
r 45.4 0.01 2 3.83671 0.01
r 45.6 0.01 2 3.96207 0.01
r 45.8 0.01 2 4.08796 0.01
r 46 0.01 2 4.21431 0.01
r 46.2 0.01 2 4.34103 0.01
r 46.4 0.01 2 4.46843 0.01
r 46.6 0.01 2 4.59567 0.01
r 46.8 0.01 2 4.72372 0.01
r 47 0.01 2 4.85211 0.01
r 47.2 0.01 2 4.98014 0.01
r 47.4 0.01 2 5.10866 0.01
r 47.6 0.01 2 5.23756 0.01
r 47.8 0.01 2 5.36684 0.01
r 48 0.01 2 5.49593 0.01
r 48.2 0.01 2 5.62538 0.01
r 48.4 0.01 2 5.75508 0.01
r 48.6 0.01 2 5.88485 0.01
r 48.8 0.01 2 6.01483 0.01
r 49 0.01 2 6.14492 0.01
r 49.2 0.01 2 6.27518 0.01
r 49.4 0.01 2 6.40563 0.01
r 49.6 0.01 2 6.53619 0.01
r 49.8 0.01 2 6.66674 0.01
r 50 0.01 2 6.7974 0.01
r 50.2 0.01 2 6.92836 0.01
r 50.4 0.01 2 7.0593 0.01
r 50.6 0.01 2 7.19022 0.01
r 50.8 0.01 2 7.32121 0.01
r 51 0.01 2 7.45237 0.01
r 51.2 0.01 2 7.58361 0.01
r 51.4 0.01 2 7.71492 0.01
r 51.6 0.01 2 7.8463 0.01
r 51.8 0.01 2 7.97776 0.01
r 52 0.01 2 8.10926 0.01
r 52.2 0.01 2 8.24086 0.01
r 52.4 0.01 2 8.37274 0.01
r 52.6 0.01 2 8.50426 0.01
r 52.8 0.01 2 8.63591 0.01
r 53 0.01 2 8.76768 0.01
r 53.2 0.01 2 8.89945 0.01
r 53.4 0.01 2 9.03131 0.01
r 53.6 0.01 2 9.16326 0.01
r 53.8 0.01 2 9.29527 0.01
r 54 0.01 2 9.42733 0.01
r 54.2 0.01 2 9.55927 0.01
r 54.4 0.01 2 9.69126 0.01
r 54.6 0.01 2 9.82333 0.01
r 54.8 0.01 2 9.95547 0.01
r 55 0.01 2 10.0876 0.01
r 55.2 0.01 2 10.2199 0.01
r 55.4 0.01 2 10.3522 0.01
r 55.6 0.01 2 10.4845 0.01
r 55.8 0.01 2 10.6167 0.01
r 56 0.01 2 10.7489 0.01
r 56.2 0.01 2 10.8812 0.01
r 56.4 0.01 2 11.0136 0.01
r 56.6 0.01 2 11.1459 0.01
r 56.8 0.01 2 11.2784 0.01
r 57 0.01 2 11.4109 0.01
r 57.2 0.01 2 11.5435 0.01
r 57.4 0.01 2 11.6758 0.01
r 57.6 0.01 2 11.8082 0.01
r 57.8 0.01 2 11.9407 0.01
r 58 0.01 2 12.0731 0.01
r 58.2 0.01 2 12.2057 0.01
r 58.4 0.01 2 12.3382 0.01
r 58.6 0.01 2 12.4708 0.01
r 58.8 0.01 2 12.6035 0.01
r 59 0.01 2 12.7362 0.01
r 59.2 0.01 2 12.8687 0.01
r 59.4 0.01 2 13.0014 0.01
r 59.6 0.01 2 13.1339 0.01
r 59.8 0.01 2 13.2665 0.01
r 60 0.01 2 13.3992 0.01
r 60.2 0.01 2 13.5319 0.01
r 60.4 0.01 2 13.6648 0.01
r 60.6 0.01 2 13.7974 0.01
r 60.8 0.01 2 13.9303 0.01
r 61 0.01 2 14.0629 0.01
r 61.2 0.01 2 14.1955 0.01
r 61.4 0.01 2 14.3283 0.01
r 61.6 0.01 2 14.4611 0.01
r 61.8 0.01 2 14.5939 0.01
r 62 0.01 2 14.7267 0.01
r 62.2 0.01 2 14.8595 0.01
r 62.4 0.01 2 14.9924 0.01
r 62.6 0.01 2 15.1252 0.01
r 62.8 0.01 2 15.2581 0.01
r 63 0.01 2 15.3907 0.01
r 63.2 0.01 2 15.5235 0.01
r 63.4 0.01 2 15.6565 0.01
r 63.6 0.01 2 15.7893 0.01
r 63.8 0.01 2 15.9221 0.01
r 64 0.01 2 16.055 0.01
r 64.2 0.01 2 16.1879 0.01
r 64.4 0.01 2 16.3208 0.01
r 64.6 0.01 2 16.4538 0.01
r 64.8 0.01 2 16.5867 0.01
r 65 0.01 2 16.7196 0.01
r 65.2 0.01 2 16.8524 0.01
r 65.4 0.01 2 16.9853 0.01
r 65.6 0.01 2 17.1183 0.01
r 65.8 0.01 2 17.2512 0.01
r 66 0.01 2 17.3842 0.01
r 66.2 0.01 2 17.5172 0.01
r 66.4 0.01 2 17.6502 0.01
r 66.6 0.01 2 17.7832 0.01
r 66.8 0.01 2 17.9162 0.01
r 67 0.01 2 18.0489 0.01
r 67.2 0.01 2 18.1819 0.01
r 67.4 0.01 2 18.3148 0.01
r 67.6 0.01 2 18.4478 0.01
r 67.8 0.01 2 18.5809 0.01
r 68 0.01 2 18.7139 0.01
r 68.2 0.01 2 18.8469 0.01
r 68.4 0.01 2 18.98 0.01
r 68.6 0.01 2 19.1131 0.01
r 68.8 0.01 2 19.2462 0.01
r 69 0.01 2 19.3789 0.01
r 69.2 0.01 2 19.5119 0.01
r 69.4 0.01 2 19.6449 0.01
r 69.6 0.01 2 19.7779 0.01
r 69.8 0.01 2 19.9109 0.01
r 70 0.01 2 20.044 0.01
r 30 0.01 3 7.81089 0.01
r 30.2 0.01 3 7.70393 0.01
r 30.4 0.01 3 7.59807 0.01
r 30.6 0.01 3 7.50682 0.01
r 30.8 0.01 3 7.39178 0.01
r 31 0.01 3 7.27711 0.01
r 31.2 0.01 3 7.18362 0.01
r 31.4 0.01 3 7.08204 0.01
r 31.6 0.01 3 6.98659 0.01
r 31.8 0.01 3 6.89594 0.01
r 32 0.01 3 6.8309 0.01
r 32.2 0.01 3 6.73791 0.01
r 32.4 0.01 3 6.63537 0.01
r 32.6 0.01 3 6.35502 0.01
r 32.8 0.01 3 6.57229 0.01
r 33 0.01 3 6.15702 0.01
r 33.2 0.01 3 6.05711 0.01
r 33.4 0.01 3 5.95175 0.01
r 33.6 0.01 3 5.85884 0.01
r 33.8 0.01 3 5.75771 0.01
r 34 0.01 3 5.6711 0.01
r 34.2 0.01 3 5.57291 0.01
r 34.4 0.01 3 5.47797 0.01
r 34.6 0.01 3 5.38616 0.01
r 34.8 0.01 3 5.29878 0.01
r 35 0.01 3 5.20274 0.01
r 35.2 0.01 3 5.1178 0.01
r 35.4 0.01 3 5.03573 0.01
r 35.6 0.01 3 4.95679 0.01
r 35.8 0.01 3 4.88067 0.01
r 36 0.01 3 4.8072 0.01
r 36.2 0.01 3 4.73791 0.01
r 36.4 0.01 3 4.66531 0.01
r 36.6 0.01 3 4.60593 0.01
r 36.8 0.01 3 4.52906 0.01
r 37 0.01 3 4.46732 0.01
r 37.2 0.01 3 4.40829 0.01
r 37.4 0.01 3 4.35411 0.01
r 37.6 0.01 3 4.30241 0.01
r 37.8 0.01 3 4.25468 0.01
r 38 0.01 3 4.21075 0.01
r 38.2 0.01 3 4.17008 0.01
r 38.4 0.01 3 4.13352 0.01
r 38.6 0.01 3 4.10114 0.01
r 38.8 0.01 3 4.0728 0.01
r 39 0.01 3 4.04869 0.01
r 39.2 0.01 3 4.02882 0.01
r 39.4 0.01 3 4.01334 0.01
r 39.6 0.01 3 4.00224 0.01
r 39.8 0.01 3 3.99592 0.01
r 40 0.01 3 3.99333 0.01
r 40.2 0.01 3 3.99592 0.01
r 40.4 0.01 3 4.00224 0.01
r 40.6 0.01 3 4.01334 0.01
r 40.8 0.01 3 4.02882 0.01
r 41 0.01 3 4.05238 0.01
r 41.2 0.01 3 4.0728 0.01
r 41.4 0.01 3 4.10114 0.01
r 41.6 0.01 3 4.13352 0.01
r 41.8 0.01 3 4.17008 0.01
r 42 0.01 3 4.21075 0.01
r 42.2 0.01 3 4.25468 0.01
r 42.4 0.01 3 4.30241 0.01
r 42.6 0.01 3 4.35411 0.01
r 42.8 0.01 3 4.40829 0.01
r 43 0.01 3 4.46732 0.01
r 43.2 0.01 3 4.52905 0.01
r 43.4 0.01 3 4.60593 0.01
r 43.6 0.01 3 4.66531 0.01
r 43.8 0.01 3 4.7379 0.01
r 44 0.01 3 4.8072 0.01
r 44.2 0.01 3 4.88067 0.01
r 44.4 0.01 3 4.95679 0.01
r 44.6 0.01 3 5.03573 0.01
r 44.8 0.01 3 5.1178 0.01
r 45 0.01 3 5.20638 0.01
r 45.2 0.01 3 5.29848 0.01
r 45.4 0.01 3 5.38617 0.01
r 45.6 0.01 3 5.48097 0.01
r 45.8 0.01 3 5.57275 0.01
r 46 0.01 3 5.66831 0.01
r 46.2 0.01 3 5.75771 0.01
r 46.4 0.01 3 5.85884 0.01
r 46.6 0.01 3 5.95372 0.01
r 46.8 0.01 3 6.05696 0.01
r 47 0.01 3 6.15701 0.01
r 47.2 0.01 3 6.57229 0.01
r 47.4 0.01 3 6.36142 0.01
r 47.6 0.01 3 6.48063 0.01
r 47.8 0.01 3 6.58098 0.01
r 48 0.01 3 6.8309 0.01
r 48.2 0.01 3 6.89612 0.01
r 48.4 0.01 3 6.98607 0.01
r 48.6 0.01 3 7.07796 0.01
r 48.8 0.01 3 7.18307 0.01
r 49 0.01 3 7.29928 0.01
r 49.2 0.01 3 7.39326 0.01
r 49.4 0.01 3 7.49634 0.01
r 49.6 0.01 3 7.59809 0.01
r 49.8 0.01 3 7.70401 0.01
r 50 0.01 3 7.81108 0.01
r 50.2 0.01 3 7.92399 0.01
r 50.4 0.01 3 8.0271 0.01
r 50.6 0.01 3 8.14095 0.01
r 50.8 0.01 3 8.26913 0.01
r 51 0.01 3 8.39165 0.01
r 51.2 0.01 3 8.48589 0.01
r 51.4 0.01 3 8.59755 0.01
r 51.6 0.01 3 8.72487 0.01
r 51.8 0.01 3 8.87115 0.01
r 52 0.01 3 8.97674 0.01
r 52.2 0.01 3 9.10247 0.01
r 52.4 0.01 3 9.20657 0.01
r 52.6 0.01 3 9.33077 0.01
r 52.8 0.01 3 9.46938 0.01
r 53 0.01 3 9.57662 0.01
r 53.2 0.01 3 9.70038 0.01
r 53.4 0.01 3 9.822 0.01
r 53.6 0.01 3 9.95914 0.01
r 53.8 0.01 3 10.0719 0.01
r 54 0.01 3 10.1965 0.01
r 54.2 0.01 3 10.3228 0.01
r 54.4 0.01 3 10.4828 0.01
r 54.6 0.01 3 10.5789 0.01
r 54.8 0.01 3 10.7002 0.01
r 55 0.01 3 10.8106 0.01
r 55.2 0.01 3 10.9407 0.01
r 55.4 0.01 3 11.0623 0.01
r 55.6 0.01 3 11.1713 0.01
r 55.8 0.01 3 11.3225 0.01
r 56 0.01 3 11.4551 0.01
r 56.2 0.01 3 11.5577 0.01
r 56.4 0.01 3 11.7141 0.01
r 56.6 0.01 3 11.8457 0.01
r 56.8 0.01 3 11.9782 0.01
r 57 0.01 3 12.0559 0.01
r 57.2 0.01 3 12.1647 0.01
r 57.4 0.01 3 12.3696 0.01
r 57.6 0.01 3 12.5005 0.01
r 57.8 0.01 3 12.6312 0.01
r 58 0.01 3 12.7617 0.01
r 58.2 0.01 3 12.8921 0.01
r 58.4 0.01 3 13.0224 0.01
r 58.6 0.01 3 13.1529 0.01
r 58.8 0.01 3 13.2837 0.01
r 59 0.01 3 13.3111 0.01
r 59.2 0.01 3 13.4411 0.01
r 59.4 0.01 3 13.5713 0.01
r 59.6 0.01 3 13.7016 0.01
r 59.8 0.01 3 13.8317 0.01
r 60 0.01 3 13.9749 0.01
r 60.2 0.01 3 14.0949 0.01
r 60.4 0.01 3 14.224 0.01
r 60.6 0.01 3 14.3547 0.01
r 60.8 0.01 3 14.4854 0.01
r 61 0.01 3 14.5714 0.01
r 61.2 0.01 3 14.7015 0.01
r 61.4 0.01 3 14.8317 0.01
r 61.6 0.01 3 14.9616 0.01
r 61.8 0.01 3 15.0921 0.01
r 62 0.01 3 15.2227 0.01
r 62.2 0.01 3 15.3536 0.01
r 62.4 0.01 3 15.4841 0.01
r 62.6 0.01 3 15.6148 0.01
r 62.8 0.01 3 15.7457 0.01
r 63 0.01 3 15.8576 0.01
r 63.2 0.01 3 15.9878 0.01
r 63.4 0.01 3 16.1182 0.01
r 63.6 0.01 3 16.2487 0.01
r 63.8 0.01 3 16.3793 0.01
r 64 0.01 3 16.51 0.01
r 64.2 0.01 3 16.6408 0.01
r 64.4 0.01 3 16.7717 0.01
r 64.6 0.01 3 16.9027 0.01
r 64.8 0.01 3 17.0338 0.01
r 65 0.01 3 17.1499 0.01
r 65.2 0.01 3 17.2799 0.01
r 65.4 0.01 3 17.4102 0.01
r 65.6 0.01 3 17.5409 0.01
r 65.8 0.01 3 17.6713 0.01
r 66 0.01 3 17.802 0.01
r 66.2 0.01 3 17.9328 0.01
r 66.4 0.01 3 18.0638 0.01
r 66.6 0.01 3 18.1949 0.01
r 66.8 0.01 3 18.3258 0.01
r 67 0.01 3 18.4408 0.01
r 67.2 0.01 3 18.5711 0.01
r 67.4 0.01 3 18.7014 0.01
r 67.6 0.01 3 18.8319 0.01
r 67.8 0.01 3 18.9625 0.01
r 68 0.01 3 19.0932 0.01
r 68.2 0.01 3 19.224 0.01
r 68.4 0.01 3 19.3549 0.01
r 68.6 0.01 3 19.486 0.01
r 68.8 0.01 3 19.617 0.01
r 69 0.01 3 19.7423 0.01
r 69.2 0.01 3 19.8726 0.01
r 69.4 0.01 3 20.003 0.01
r 69.6 0.01 3 20.1336 0.01
r 69.8 0.01 3 20.2641 0.01
r 70 0.01 3 20.3948 0.01
s 50 2 402
r 30 0.01 2 13.3992 0.01
r 30.2 0.01 2 13.2665 0.01
r 30.4 0.01 2 13.1339 0.01
r 30.6 0.01 2 13.0014 0.01
r 30.8 0.01 2 12.8687 0.01
r 31 0.01 2 12.7361 0.01
r 31.2 0.01 2 12.6035 0.01
r 31.4 0.01 2 12.4708 0.01
r 31.6 0.01 2 12.3382 0.01
r 31.8 0.01 2 12.2057 0.01
r 32 0.01 2 12.0731 0.01
r 32.2 0.01 2 11.9407 0.01
r 32.4 0.01 2 11.8082 0.01
r 32.6 0.01 2 11.6758 0.01
r 32.8 0.01 2 11.5435 0.01
r 33 0.01 2 11.4108 0.01
r 33.2 0.01 2 11.2784 0.01
r 33.4 0.01 2 11.1459 0.01
r 33.6 0.01 2 11.0136 0.01
r 33.8 0.01 2 10.8812 0.01
r 34 0.01 2 10.7489 0.01
r 34.2 0.01 2 10.6167 0.01
r 34.4 0.01 2 10.4845 0.01
r 34.6 0.01 2 10.3522 0.01
r 34.8 0.01 2 10.2199 0.01
r 35 0.01 2 10.0877 0.01
r 35.2 0.01 2 9.95547 0.01
r 35.4 0.01 2 9.82333 0.01
r 35.6 0.01 2 9.69126 0.01
r 35.8 0.01 2 9.55927 0.01
r 36 0.01 2 9.42733 0.01
r 36.2 0.01 2 9.29527 0.01
r 36.4 0.01 2 9.16326 0.01
r 36.6 0.01 2 9.03131 0.01
r 36.8 0.01 2 8.89945 0.01
r 37 0.01 2 8.76767 0.01
r 37.2 0.01 2 8.63591 0.01
r 37.4 0.01 2 8.50426 0.01
r 37.6 0.01 2 8.37274 0.01
r 37.8 0.01 2 8.24086 0.01
r 38 0.01 2 8.10926 0.01
r 38.2 0.01 2 7.97776 0.01
r 38.4 0.01 2 7.8463 0.01
r 38.6 0.01 2 7.71492 0.01
r 38.8 0.01 2 7.58361 0.01
r 39 0.01 2 7.45237 0.01
r 39.2 0.01 2 7.32121 0.01
r 39.4 0.01 2 7.19022 0.01
r 39.6 0.01 2 7.0593 0.01
r 39.8 0.01 2 6.92836 0.01
r 40 0.01 2 6.7974 0.01
r 40.2 0.01 2 6.66674 0.01
r 40.4 0.01 2 6.53619 0.01
r 40.6 0.01 2 6.40563 0.01
r 40.8 0.01 2 6.27518 0.01
r 41 0.01 2 6.14496 0.01
r 41.2 0.01 2 6.01483 0.01
r 41.4 0.01 2 5.88485 0.01
r 41.6 0.01 2 5.75508 0.01
r 41.8 0.01 2 5.62538 0.01
r 42 0.01 2 5.49593 0.01
r 42.2 0.01 2 5.36684 0.01
r 42.4 0.01 2 5.23756 0.01
r 42.6 0.01 2 5.10866 0.01
r 42.8 0.01 2 4.98014 0.01
r 43 0.01 2 4.85173 0.01
r 43.2 0.01 2 4.72372 0.01
r 43.4 0.01 2 4.59567 0.01
r 43.6 0.01 2 4.46843 0.01
r 43.8 0.01 2 4.34103 0.01
r 44 0.01 2 4.21431 0.01
r 44.2 0.01 2 4.08796 0.01
r 44.4 0.01 2 3.96207 0.01
r 44.6 0.01 2 3.83671 0.01
r 44.8 0.01 2 3.71205 0.01
r 45 0.01 2 3.58786 0.01
r 45.2 0.01 2 3.46434 0.01
r 45.4 0.01 2 3.34153 0.01
r 45.6 0.01 2 3.21956 0.01
r 45.8 0.01 2 3.09857 0.01
r 46 0.01 2 2.97859 0.01
r 46.2 0.01 2 2.85986 0.01
r 46.4 0.01 2 2.74239 0.01
r 46.6 0.01 2 2.62644 0.01
r 46.8 0.01 2 2.51227 0.01
r 47 0.01 2 2.40048 0.01
r 47.2 0.01 2 2.29063 0.01
r 47.4 0.01 2 2.18336 0.01
r 47.6 0.01 2 2.07887 0.01
r 47.8 0.01 2 1.97812 0.01
r 48 0.01 2 1.88143 0.01
r 48.2 0.01 2 1.78925 0.01
r 48.4 0.01 2 1.70257 0.01
r 48.6 0.01 2 1.62232 0.01
r 48.8 0.01 2 1.54934 0.01
r 49 0.01 2 1.48499 0.01
r 49.2 0.01 2 1.42998 0.01
r 49.4 0.01 2 1.3857 0.01
r 49.6 0.01 2 1.35321 0.01
r 49.8 0.01 2 1.33335 0.01
r 50 0.01 2 1.32667 0.01
r 50.2 0.01 2 1.33335 0.01
r 50.4 0.01 2 1.35321 0.01
r 50.6 0.01 2 1.3857 0.01
r 50.8 0.01 2 1.42998 0.01
r 51 0.01 2 1.48481 0.01
r 51.2 0.01 2 1.54934 0.01
r 51.4 0.01 2 1.62232 0.01
r 51.6 0.01 2 1.70257 0.01
r 51.8 0.01 2 1.78925 0.01
r 52 0.01 2 1.88143 0.01
r 52.2 0.01 2 1.97812 0.01
r 52.4 0.01 2 2.07887 0.01
r 52.6 0.01 2 2.18336 0.01
r 52.8 0.01 2 2.29063 0.01
r 53 0.01 2 2.40011 0.01
r 53.2 0.01 2 2.51227 0.01
r 53.4 0.01 2 2.62644 0.01
r 53.6 0.01 2 2.74239 0.01
r 53.8 0.01 2 2.85986 0.01
r 54 0.01 2 2.97859 0.01
r 54.2 0.01 2 3.09857 0.01
r 54.4 0.01 2 3.21956 0.01
r 54.6 0.01 2 3.34153 0.01
r 54.8 0.01 2 3.46434 0.01
r 55 0.01 2 3.58778 0.01
r 55.2 0.01 2 3.71205 0.01
r 55.4 0.01 2 3.83671 0.01
r 55.6 0.01 2 3.96207 0.01
r 55.8 0.01 2 4.08796 0.01
r 56 0.01 2 4.21431 0.01
r 56.2 0.01 2 4.34103 0.01
r 56.4 0.01 2 4.46843 0.01
r 56.6 0.01 2 4.59567 0.01
r 56.8 0.01 2 4.72372 0.01
r 57 0.01 2 4.85211 0.01
r 57.2 0.01 2 4.98014 0.01
r 57.4 0.01 2 5.10866 0.01
r 57.6 0.01 2 5.23756 0.01
r 57.8 0.01 2 5.36684 0.01
r 58 0.01 2 5.49593 0.01
r 58.2 0.01 2 5.62538 0.01
r 58.4 0.01 2 5.75508 0.01
r 58.6 0.01 2 5.88485 0.01
r 58.8 0.01 2 6.01483 0.01
r 59 0.01 2 6.14492 0.01
r 59.2 0.01 2 6.27518 0.01
r 59.4 0.01 2 6.40563 0.01
r 59.6 0.01 2 6.53619 0.01
r 59.8 0.01 2 6.66674 0.01
r 60 0.01 2 6.7974 0.01
r 60.2 0.01 2 6.92836 0.01
r 60.4 0.01 2 7.0593 0.01
r 60.6 0.01 2 7.19022 0.01
r 60.8 0.01 2 7.32121 0.01
r 61 0.01 2 7.45237 0.01
r 61.2 0.01 2 7.58361 0.01
r 61.4 0.01 2 7.71492 0.01
r 61.6 0.01 2 7.8463 0.01
r 61.8 0.01 2 7.97776 0.01
r 62 0.01 2 8.10926 0.01
r 62.2 0.01 2 8.24086 0.01
r 62.4 0.01 2 8.37274 0.01
r 62.6 0.01 2 8.50426 0.01
r 62.8 0.01 2 8.63591 0.01
r 63 0.01 2 8.76768 0.01
r 63.2 0.01 2 8.89945 0.01
r 63.4 0.01 2 9.03131 0.01
r 63.6 0.01 2 9.16326 0.01
r 63.8 0.01 2 9.29527 0.01
r 64 0.01 2 9.42733 0.01
r 64.2 0.01 2 9.55927 0.01
r 64.4 0.01 2 9.69126 0.01
r 64.6 0.01 2 9.82333 0.01
r 64.8 0.01 2 9.95547 0.01
r 65 0.01 2 10.0876 0.01
r 65.2 0.01 2 10.2199 0.01
r 65.4 0.01 2 10.3522 0.01
r 65.6 0.01 2 10.4845 0.01
r 65.8 0.01 2 10.6167 0.01
r 66 0.01 2 10.7489 0.01
r 66.2 0.01 2 10.8812 0.01
r 66.4 0.01 2 11.0136 0.01
r 66.6 0.01 2 11.1459 0.01
r 66.8 0.01 2 11.2784 0.01
r 67 0.01 2 11.4109 0.01
r 67.2 0.01 2 11.5435 0.01
r 67.4 0.01 2 11.6758 0.01
r 67.6 0.01 2 11.8082 0.01
r 67.8 0.01 2 11.9407 0.01
r 68 0.01 2 12.0731 0.01
r 68.2 0.01 2 12.2057 0.01
r 68.4 0.01 2 12.3382 0.01
r 68.6 0.01 2 12.4708 0.01
r 68.8 0.01 2 12.6035 0.01
r 69 0.01 2 12.7362 0.01
r 69.2 0.01 2 12.8687 0.01
r 69.4 0.01 2 13.0014 0.01
r 69.6 0.01 2 13.1339 0.01
r 69.8 0.01 2 13.2665 0.01
r 70 0.01 2 13.3992 0.01
r 30 0.01 3 13.9749 0.01
r 30.2 0.01 3 13.8317 0.01
r 30.4 0.01 3 13.7016 0.01
r 30.6 0.01 3 13.5713 0.01
r 30.8 0.01 3 13.4411 0.01
r 31 0.01 3 13.4147 0.01
r 31.2 0.01 3 13.2837 0.01
r 31.4 0.01 3 13.1529 0.01
r 31.6 0.01 3 13.0224 0.01
r 31.8 0.01 3 12.8921 0.01
r 32 0.01 3 12.7617 0.01
r 32.2 0.01 3 12.6312 0.01
r 32.4 0.01 3 12.5005 0.01
r 32.6 0.01 3 12.3696 0.01
r 32.8 0.01 3 12.1906 0.01
r 33 0.01 3 12.1028 0.01
r 33.2 0.01 3 11.9751 0.01
r 33.4 0.01 3 11.8456 0.01
r 33.6 0.01 3 11.7141 0.01
r 33.8 0.01 3 11.5567 0.01
r 34 0.01 3 11.4551 0.01
r 34.2 0.01 3 11.3202 0.01
r 34.4 0.01 3 11.1712 0.01
r 34.6 0.01 3 11.0623 0.01
r 34.8 0.01 3 10.9407 0.01
r 35 0.01 3 10.8272 0.01
r 35.2 0.01 3 10.715 0.01
r 35.4 0.01 3 10.579 0.01
r 35.6 0.01 3 10.4828 0.01
r 35.8 0.01 3 10.3261 0.01
r 36 0.01 3 10.1788 0.01
r 36.2 0.01 3 10.0749 0.01
r 36.4 0.01 3 9.94708 0.01
r 36.6 0.01 3 9.82602 0.01
r 36.8 0.01 3 9.7003 0.01
r 37 0.01 3 9.57212 0.01
r 37.2 0.01 3 9.46938 0.01
r 37.4 0.01 3 9.33075 0.01
r 37.6 0.01 3 9.20781 0.01
r 37.8 0.01 3 9.0932 0.01
r 38 0.01 3 8.95839 0.01
r 38.2 0.01 3 8.87115 0.01
r 38.4 0.01 3 8.71926 0.01
r 38.6 0.01 3 8.59721 0.01
r 38.8 0.01 3 8.48086 0.01
r 39 0.01 3 8.36391 0.01
r 39.2 0.01 3 8.26913 0.01
r 39.4 0.01 3 8.14134 0.01
r 39.6 0.01 3 8.02702 0.01
r 39.8 0.01 3 7.91205 0.01
r 40 0.01 3 7.81108 0.01
r 40.2 0.01 3 7.70245 0.01
r 40.4 0.01 3 7.59791 0.01
r 40.6 0.01 3 7.49631 0.01
r 40.8 0.01 3 7.38589 0.01
r 41 0.01 3 7.27717 0.01
r 41.2 0.01 3 7.18307 0.01
r 41.4 0.01 3 7.07806 0.01
r 41.6 0.01 3 6.98624 0.01
r 41.8 0.01 3 6.8834 0.01
r 42 0.01 3 6.8309 0.01
r 42.2 0.01 3 6.57712 0.01
r 42.4 0.01 3 6.46491 0.01
r 42.6 0.01 3 6.36676 0.01
r 42.8 0.01 3 6.57229 0.01
r 43 0.01 3 6.15561 0.01
r 43.2 0.01 3 6.05635 0.01
r 43.4 0.01 3 5.95242 0.01
r 43.6 0.01 3 5.85884 0.01
r 43.8 0.01 3 5.75771 0.01
r 44 0.01 3 5.67147 0.01
r 44.2 0.01 3 5.57293 0.01
r 44.4 0.01 3 5.47902 0.01
r 44.6 0.01 3 5.38613 0.01
r 44.8 0.01 3 5.29779 0.01
r 45 0.01 3 5.20274 0.01
r 45.2 0.01 3 5.1178 0.01
r 45.4 0.01 3 5.03573 0.01
r 45.6 0.01 3 4.95679 0.01
r 45.8 0.01 3 4.88067 0.01
r 46 0.01 3 4.8072 0.01
r 46.2 0.01 3 4.73791 0.01
r 46.4 0.01 3 4.66531 0.01
r 46.6 0.01 3 4.60593 0.01
r 46.8 0.01 3 4.52906 0.01
r 47 0.01 3 4.46732 0.01
r 47.2 0.01 3 4.40829 0.01
r 47.4 0.01 3 4.35411 0.01
r 47.6 0.01 3 4.30241 0.01
r 47.8 0.01 3 4.25468 0.01
r 48 0.01 3 4.21075 0.01
r 48.2 0.01 3 4.17008 0.01
r 48.4 0.01 3 4.13352 0.01
r 48.6 0.01 3 4.10114 0.01
r 48.8 0.01 3 4.0728 0.01
r 49 0.01 3 4.04869 0.01
r 49.2 0.01 3 4.02882 0.01
r 49.4 0.01 3 4.01334 0.01
r 49.6 0.01 3 4.00224 0.01
r 49.8 0.01 3 3.99592 0.01
r 50 0.01 3 3.99333 0.01
r 50.2 0.01 3 3.99592 0.01
r 50.4 0.01 3 4.00224 0.01
r 50.6 0.01 3 4.01334 0.01
r 50.8 0.01 3 4.02882 0.01
r 51 0.01 3 4.05238 0.01
r 51.2 0.01 3 4.0728 0.01
r 51.4 0.01 3 4.10114 0.01
r 51.6 0.01 3 4.13352 0.01
r 51.8 0.01 3 4.17008 0.01
r 52 0.01 3 4.21075 0.01
r 52.2 0.01 3 4.25468 0.01
r 52.4 0.01 3 4.30241 0.01
r 52.6 0.01 3 4.35411 0.01
r 52.8 0.01 3 4.40829 0.01
r 53 0.01 3 4.46734 0.01
r 53.2 0.01 3 4.52904 0.01
r 53.4 0.01 3 4.60593 0.01
r 53.6 0.01 3 4.66531 0.01
r 53.8 0.01 3 4.73791 0.01
r 54 0.01 3 4.8072 0.01
r 54.2 0.01 3 4.88067 0.01
r 54.4 0.01 3 4.95679 0.01
r 54.6 0.01 3 5.03573 0.01
r 54.8 0.01 3 5.1178 0.01
r 55 0.01 3 5.20655 0.01
r 55.2 0.01 3 5.29832 0.01
r 55.4 0.01 3 5.38616 0.01
r 55.6 0.01 3 5.49442 0.01
r 55.8 0.01 3 5.57293 0.01
r 56 0.01 3 5.66826 0.01
r 56.2 0.01 3 5.75772 0.01
r 56.4 0.01 3 5.85882 0.01
r 56.6 0.01 3 5.95359 0.01
r 56.8 0.01 3 6.05541 0.01
r 57 0.01 3 6.15723 0.01
r 57.2 0.01 3 6.57229 0.01
r 57.4 0.01 3 6.36259 0.01
r 57.6 0.01 3 6.46326 0.01
r 57.8 0.01 3 6.58172 0.01
r 58 0.01 3 6.8309 0.01
r 58.2 0.01 3 6.90062 0.01
r 58.4 0.01 3 6.98607 0.01
r 58.6 0.01 3 7.06593 0.01
r 58.8 0.01 3 7.18307 0.01
r 59 0.01 3 7.29928 0.01
r 59.2 0.01 3 7.38753 0.01
r 59.4 0.01 3 7.49376 0.01
r 59.6 0.01 3 7.59845 0.01
r 59.8 0.01 3 7.70401 0.01
r 60 0.01 3 7.81108 0.01
r 60.2 0.01 3 7.92399 0.01
r 60.4 0.01 3 8.02838 0.01
r 60.6 0.01 3 8.14134 0.01
r 60.8 0.01 3 8.26913 0.01
r 61 0.01 3 8.39167 0.01
r 61.2 0.01 3 8.48402 0.01
r 61.4 0.01 3 8.59691 0.01
r 61.6 0.01 3 8.72452 0.01
r 61.8 0.01 3 8.87115 0.01
r 62 0.01 3 8.95981 0.01
r 62.2 0.01 3 9.10246 0.01
r 62.4 0.01 3 9.2171 0.01
r 62.6 0.01 3 9.3307 0.01
r 62.8 0.01 3 9.46938 0.01
r 63 0.01 3 9.57483 0.01
r 63.2 0.01 3 9.70019 0.01
r 63.4 0.01 3 9.82187 0.01
r 63.6 0.01 3 9.95915 0.01
r 63.8 0.01 3 10.076 0.01
r 64 0.01 3 10.1794 0.01
r 64.2 0.01 3 10.3086 0.01
r 64.4 0.01 3 10.4828 0.01
r 64.6 0.01 3 10.5789 0.01
r 64.8 0.01 3 10.6995 0.01
r 65 0.01 3 10.8106 0.01
r 65.2 0.01 3 10.9407 0.01
r 65.4 0.01 3 11.0623 0.01
r 65.6 0.01 3 11.1744 0.01
r 65.8 0.01 3 11.3012 0.01
r 66 0.01 3 11.4551 0.01
r 66.2 0.01 3 11.5564 0.01
r 66.4 0.01 3 11.7141 0.01
r 66.6 0.01 3 11.8457 0.01
r 66.8 0.01 3 11.9782 0.01
r 67 0.01 3 12.0559 0.01
r 67.2 0.01 3 12.1865 0.01
r 67.4 0.01 3 12.3696 0.01
r 67.6 0.01 3 12.5005 0.01
r 67.8 0.01 3 12.6312 0.01
r 68 0.01 3 12.7617 0.01
r 68.2 0.01 3 12.8921 0.01
r 68.4 0.01 3 13.0224 0.01
r 68.6 0.01 3 13.1529 0.01
r 68.8 0.01 3 13.2837 0.01
r 69 0.01 3 13.3111 0.01
r 69.2 0.01 3 13.4411 0.01
r 69.4 0.01 3 13.5712 0.01
r 69.6 0.01 3 13.7016 0.01
r 69.8 0.01 3 13.8317 0.01
r 70 0.01 3 13.9749 0.01
s 60 2 402
r 30 0.01 2 20.044 0.01
r 30.2 0.01 2 19.9109 0.01
r 30.4 0.01 2 19.7779 0.01
r 30.6 0.01 2 19.6449 0.01
r 30.8 0.01 2 19.5119 0.01
r 31 0.01 2 19.3791 0.01
r 31.2 0.01 2 19.2462 0.01
r 31.4 0.01 2 19.1131 0.01
r 31.6 0.01 2 18.98 0.01
r 31.8 0.01 2 18.8469 0.01
r 32 0.01 2 18.7139 0.01
r 32.2 0.01 2 18.5809 0.01
r 32.4 0.01 2 18.4478 0.01
r 32.6 0.01 2 18.3148 0.01
r 32.8 0.01 2 18.1819 0.01
r 33 0.01 2 18.0492 0.01
r 33.2 0.01 2 17.9162 0.01
r 33.4 0.01 2 17.7832 0.01
r 33.6 0.01 2 17.6502 0.01
r 33.8 0.01 2 17.5172 0.01
r 34 0.01 2 17.3842 0.01
r 34.2 0.01 2 17.2512 0.01
r 34.4 0.01 2 17.1183 0.01
r 34.6 0.01 2 16.9853 0.01
r 34.8 0.01 2 16.8524 0.01
r 35 0.01 2 16.7196 0.01
r 35.2 0.01 2 16.5867 0.01
r 35.4 0.01 2 16.4538 0.01
r 35.6 0.01 2 16.3208 0.01
r 35.8 0.01 2 16.1879 0.01
r 36 0.01 2 16.055 0.01
r 36.2 0.01 2 15.9221 0.01
r 36.4 0.01 2 15.7893 0.01
r 36.6 0.01 2 15.6565 0.01
r 36.8 0.01 2 15.5235 0.01
r 37 0.01 2 15.391 0.01
r 37.2 0.01 2 15.2581 0.01
r 37.4 0.01 2 15.1252 0.01
r 37.6 0.01 2 14.9924 0.01
r 37.8 0.01 2 14.8595 0.01
r 38 0.01 2 14.7267 0.01
r 38.2 0.01 2 14.5939 0.01
r 38.4 0.01 2 14.4611 0.01
r 38.6 0.01 2 14.3283 0.01
r 38.8 0.01 2 14.1955 0.01
r 39 0.01 2 14.0629 0.01
r 39.2 0.01 2 13.9303 0.01
r 39.4 0.01 2 13.7974 0.01
r 39.6 0.01 2 13.6648 0.01
r 39.8 0.01 2 13.5319 0.01
r 40 0.01 2 13.3992 0.01
r 40.2 0.01 2 13.2665 0.01
r 40.4 0.01 2 13.1339 0.01
r 40.6 0.01 2 13.0014 0.01
r 40.8 0.01 2 12.8687 0.01
r 41 0.01 2 12.7361 0.01
r 41.2 0.01 2 12.6035 0.01
r 41.4 0.01 2 12.4708 0.01
r 41.6 0.01 2 12.3382 0.01
r 41.8 0.01 2 12.2057 0.01
r 42 0.01 2 12.0731 0.01
r 42.2 0.01 2 11.9407 0.01
r 42.4 0.01 2 11.8082 0.01
r 42.6 0.01 2 11.6758 0.01
r 42.8 0.01 2 11.5435 0.01
r 43 0.01 2 11.4108 0.01
r 43.2 0.01 2 11.2784 0.01
r 43.4 0.01 2 11.1459 0.01
r 43.6 0.01 2 11.0136 0.01
r 43.8 0.01 2 10.8812 0.01
r 44 0.01 2 10.7489 0.01
r 44.2 0.01 2 10.6167 0.01
r 44.4 0.01 2 10.4845 0.01
r 44.6 0.01 2 10.3522 0.01
r 44.8 0.01 2 10.2199 0.01
r 45 0.01 2 10.0877 0.01
r 45.2 0.01 2 9.95547 0.01
r 45.4 0.01 2 9.82333 0.01
r 45.6 0.01 2 9.69126 0.01
r 45.8 0.01 2 9.55927 0.01
r 46 0.01 2 9.42733 0.01
r 46.2 0.01 2 9.29527 0.01
r 46.4 0.01 2 9.16326 0.01
r 46.6 0.01 2 9.03131 0.01
r 46.8 0.01 2 8.89945 0.01
r 47 0.01 2 8.76767 0.01
r 47.2 0.01 2 8.63591 0.01
r 47.4 0.01 2 8.50426 0.01
r 47.6 0.01 2 8.37274 0.01
r 47.8 0.01 2 8.24086 0.01
r 48 0.01 2 8.10926 0.01
r 48.2 0.01 2 7.97776 0.01
r 48.4 0.01 2 7.8463 0.01
r 48.6 0.01 2 7.71492 0.01
r 48.8 0.01 2 7.58361 0.01
r 49 0.01 2 7.45237 0.01
r 49.2 0.01 2 7.32121 0.01
r 49.4 0.01 2 7.19022 0.01
r 49.6 0.01 2 7.0593 0.01
r 49.8 0.01 2 6.92836 0.01
r 50 0.01 2 6.7974 0.01
r 50.2 0.01 2 6.66674 0.01
r 50.4 0.01 2 6.53619 0.01
r 50.6 0.01 2 6.40563 0.01
r 50.8 0.01 2 6.27518 0.01
r 51 0.01 2 6.14496 0.01
r 51.2 0.01 2 6.01483 0.01
r 51.4 0.01 2 5.88485 0.01
r 51.6 0.01 2 5.75508 0.01
r 51.8 0.01 2 5.62538 0.01
r 52 0.01 2 5.49593 0.01
r 52.2 0.01 2 5.36684 0.01
r 52.4 0.01 2 5.23756 0.01
r 52.6 0.01 2 5.10866 0.01
r 52.8 0.01 2 4.98014 0.01
r 53 0.01 2 4.85173 0.01
r 53.2 0.01 2 4.72372 0.01
r 53.4 0.01 2 4.59567 0.01
r 53.6 0.01 2 4.46843 0.01
r 53.8 0.01 2 4.34103 0.01
r 54 0.01 2 4.21431 0.01
r 54.2 0.01 2 4.08796 0.01
r 54.4 0.01 2 3.96207 0.01
r 54.6 0.01 2 3.83671 0.01
r 54.8 0.01 2 3.71205 0.01
r 55 0.01 2 3.58786 0.01
r 55.2 0.01 2 3.46434 0.01
r 55.4 0.01 2 3.34153 0.01
r 55.6 0.01 2 3.21956 0.01
r 55.8 0.01 2 3.09857 0.01
r 56 0.01 2 2.97859 0.01
r 56.2 0.01 2 2.85986 0.01
r 56.4 0.01 2 2.74239 0.01
r 56.6 0.01 2 2.62644 0.01
r 56.8 0.01 2 2.51227 0.01
r 57 0.01 2 2.40048 0.01
r 57.2 0.01 2 2.29063 0.01
r 57.4 0.01 2 2.18336 0.01
r 57.6 0.01 2 2.07887 0.01
r 57.8 0.01 2 1.97812 0.01
r 58 0.01 2 1.88143 0.01
r 58.2 0.01 2 1.78925 0.01
r 58.4 0.01 2 1.70257 0.01
r 58.6 0.01 2 1.62232 0.01
r 58.8 0.01 2 1.54934 0.01
r 59 0.01 2 1.48499 0.01
r 59.2 0.01 2 1.42998 0.01
r 59.4 0.01 2 1.3857 0.01
r 59.6 0.01 2 1.35321 0.01
r 59.8 0.01 2 1.33335 0.01
r 60 0.01 2 1.32667 0.01
r 60.2 0.01 2 1.33335 0.01
r 60.4 0.01 2 1.35321 0.01
r 60.6 0.01 2 1.3857 0.01
r 60.8 0.01 2 1.42998 0.01
r 61 0.01 2 1.48481 0.01
r 61.2 0.01 2 1.54934 0.01
r 61.4 0.01 2 1.62232 0.01
r 61.6 0.01 2 1.70257 0.01
r 61.8 0.01 2 1.78925 0.01
r 62 0.01 2 1.88143 0.01
r 62.2 0.01 2 1.97812 0.01
r 62.4 0.01 2 2.07887 0.01
r 62.6 0.01 2 2.18336 0.01
r 62.8 0.01 2 2.29063 0.01
r 63 0.01 2 2.40011 0.01
r 63.2 0.01 2 2.51227 0.01
r 63.4 0.01 2 2.62644 0.01
r 63.6 0.01 2 2.74239 0.01
r 63.8 0.01 2 2.85986 0.01
r 64 0.01 2 2.97859 0.01
r 64.2 0.01 2 3.09857 0.01
r 64.4 0.01 2 3.21956 0.01
r 64.6 0.01 2 3.34153 0.01
r 64.8 0.01 2 3.46434 0.01
r 65 0.01 2 3.58778 0.01
r 65.2 0.01 2 3.71205 0.01
r 65.4 0.01 2 3.83671 0.01
r 65.6 0.01 2 3.96207 0.01
r 65.8 0.01 2 4.08796 0.01
r 66 0.01 2 4.21431 0.01
r 66.2 0.01 2 4.34103 0.01
r 66.4 0.01 2 4.46843 0.01
r 66.6 0.01 2 4.59567 0.01
r 66.8 0.01 2 4.72372 0.01
r 67 0.01 2 4.85211 0.01
r 67.2 0.01 2 4.98014 0.01
r 67.4 0.01 2 5.10866 0.01
r 67.6 0.01 2 5.23756 0.01
r 67.8 0.01 2 5.36684 0.01
r 68 0.01 2 5.49593 0.01
r 68.2 0.01 2 5.62538 0.01
r 68.4 0.01 2 5.75508 0.01
r 68.6 0.01 2 5.88485 0.01
r 68.8 0.01 2 6.01483 0.01
r 69 0.01 2 6.14492 0.01
r 69.2 0.01 2 6.27518 0.01
r 69.4 0.01 2 6.40563 0.01
r 69.6 0.01 2 6.53619 0.01
r 69.8 0.01 2 6.66674 0.01
r 70 0.01 2 6.7974 0.01
r 30 0.01 3 20.3948 0.01
r 30.2 0.01 3 20.2641 0.01
r 30.4 0.01 3 20.1336 0.01
r 30.6 0.01 3 20.003 0.01
r 30.8 0.01 3 19.8726 0.01
r 31 0.01 3 19.7482 0.01
r 31.2 0.01 3 19.617 0.01
r 31.4 0.01 3 19.486 0.01
r 31.6 0.01 3 19.3549 0.01
r 31.8 0.01 3 19.224 0.01
r 32 0.01 3 19.0932 0.01
r 32.2 0.01 3 18.9625 0.01
r 32.4 0.01 3 18.8319 0.01
r 32.6 0.01 3 18.7014 0.01
r 32.8 0.01 3 18.5711 0.01
r 33 0.01 3 18.4569 0.01
r 33.2 0.01 3 18.3258 0.01
r 33.4 0.01 3 18.1949 0.01
r 33.6 0.01 3 18.0638 0.01
r 33.8 0.01 3 17.9328 0.01
r 34 0.01 3 17.802 0.01
r 34.2 0.01 3 17.6713 0.01
r 34.4 0.01 3 17.5409 0.01
r 34.6 0.01 3 17.4102 0.01
r 34.8 0.01 3 17.2799 0.01
r 35 0.01 3 17.165 0.01
r 35.2 0.01 3 17.0338 0.01
r 35.4 0.01 3 16.9027 0.01
r 35.6 0.01 3 16.7717 0.01
r 35.8 0.01 3 16.6408 0.01
r 36 0.01 3 16.51 0.01
r 36.2 0.01 3 16.3793 0.01
r 36.4 0.01 3 16.2487 0.01
r 36.6 0.01 3 16.1182 0.01
r 36.8 0.01 3 15.9878 0.01
r 37 0.01 3 15.8766 0.01
r 37.2 0.01 3 15.7457 0.01
r 37.4 0.01 3 15.6148 0.01
r 37.6 0.01 3 15.4841 0.01
r 37.8 0.01 3 15.3536 0.01
r 38 0.01 3 15.2227 0.01
r 38.2 0.01 3 15.0921 0.01
r 38.4 0.01 3 14.9616 0.01
r 38.6 0.01 3 14.8317 0.01
r 38.8 0.01 3 14.7015 0.01
r 39 0.01 3 14.6164 0.01
r 39.2 0.01 3 14.4854 0.01
r 39.4 0.01 3 14.3547 0.01
r 39.6 0.01 3 14.2256 0.01
r 39.8 0.01 3 14.0948 0.01
r 40 0.01 3 13.9749 0.01
r 40.2 0.01 3 13.8317 0.01
r 40.4 0.01 3 13.7016 0.01
r 40.6 0.01 3 13.5713 0.01
r 40.8 0.01 3 13.4411 0.01
r 41 0.01 3 13.4147 0.01
r 41.2 0.01 3 13.2837 0.01
r 41.4 0.01 3 13.1529 0.01
r 41.6 0.01 3 13.0224 0.01
r 41.8 0.01 3 12.8921 0.01
r 42 0.01 3 12.7617 0.01
r 42.2 0.01 3 12.6312 0.01
r 42.4 0.01 3 12.5005 0.01
r 42.6 0.01 3 12.3696 0.01
r 42.8 0.01 3 12.1865 0.01
r 43 0.01 3 12.1028 0.01
r 43.2 0.01 3 11.9751 0.01
r 43.4 0.01 3 11.8456 0.01
r 43.6 0.01 3 11.7141 0.01
r 43.8 0.01 3 11.5579 0.01
r 44 0.01 3 11.4551 0.01
r 44.2 0.01 3 11.3196 0.01
r 44.4 0.01 3 11.1722 0.01
r 44.6 0.01 3 11.0623 0.01
r 44.8 0.01 3 10.9407 0.01
r 45 0.01 3 10.8139 0.01
r 45.2 0.01 3 10.6958 0.01
r 45.4 0.01 3 10.5789 0.01
r 45.6 0.01 3 10.4828 0.01
r 45.8 0.01 3 10.3289 0.01
r 46 0.01 3 10.1965 0.01
r 46.2 0.01 3 10.0708 0.01
r 46.4 0.01 3 9.94707 0.01
r 46.6 0.01 3 9.82587 0.01
r 46.8 0.01 3 9.70037 0.01
r 47 0.01 3 9.57292 0.01
r 47.2 0.01 3 9.46938 0.01
r 47.4 0.01 3 9.33077 0.01
r 47.6 0.01 3 9.20541 0.01
r 47.8 0.01 3 9.10627 0.01
r 48 0.01 3 8.97191 0.01
r 48.2 0.01 3 8.87101 0.01
r 48.4 0.01 3 8.71919 0.01
r 48.6 0.01 3 8.59784 0.01
r 48.8 0.01 3 8.49668 0.01
r 49 0.01 3 8.36495 0.01
r 49.2 0.01 3 8.26913 0.01
r 49.4 0.01 3 8.14108 0.01
r 49.6 0.01 3 8.02882 0.01
r 49.8 0.01 3 7.92399 0.01
r 50 0.01 3 7.81108 0.01
r 50.2 0.01 3 7.70402 0.01
r 50.4 0.01 3 7.59807 0.01
r 50.6 0.01 3 7.50683 0.01
r 50.8 0.01 3 7.3937 0.01
r 51 0.01 3 7.27711 0.01
r 51.2 0.01 3 7.18307 0.01
r 51.4 0.01 3 7.06522 0.01
r 51.6 0.01 3 6.98628 0.01
r 51.8 0.01 3 6.88233 0.01
r 52 0.01 3 6.8309 0.01
r 52.2 0.01 3 6.56915 0.01
r 52.4 0.01 3 6.65784 0.01
r 52.6 0.01 3 6.3643 0.01
r 52.8 0.01 3 6.57229 0.01
r 53 0.01 3 6.15913 0.01
r 53.2 0.01 3 6.05662 0.01
r 53.4 0.01 3 5.95171 0.01
r 53.6 0.01 3 5.85884 0.01
r 53.8 0.01 3 5.75772 0.01
r 54 0.01 3 5.67024 0.01
r 54.2 0.01 3 5.5727 0.01
r 54.4 0.01 3 5.48098 0.01
r 54.6 0.01 3 5.38613 0.01
r 54.8 0.01 3 5.29975 0.01
r 55 0.01 3 5.20274 0.01
r 55.2 0.01 3 5.1178 0.01
r 55.4 0.01 3 5.03573 0.01
r 55.6 0.01 3 4.95679 0.01
r 55.8 0.01 3 4.88067 0.01
r 56 0.01 3 4.8072 0.01
r 56.2 0.01 3 4.73791 0.01
r 56.4 0.01 3 4.66531 0.01
r 56.6 0.01 3 4.60593 0.01
r 56.8 0.01 3 4.52905 0.01
r 57 0.01 3 4.46732 0.01
r 57.2 0.01 3 4.40829 0.01
r 57.4 0.01 3 4.35411 0.01
r 57.6 0.01 3 4.30241 0.01
r 57.8 0.01 3 4.25468 0.01
r 58 0.01 3 4.21075 0.01
r 58.2 0.01 3 4.17008 0.01
r 58.4 0.01 3 4.13352 0.01
r 58.6 0.01 3 4.10114 0.01
r 58.8 0.01 3 4.0728 0.01
r 59 0.01 3 4.04869 0.01
r 59.2 0.01 3 4.02882 0.01
r 59.4 0.01 3 4.01334 0.01
r 59.6 0.01 3 4.00224 0.01
r 59.8 0.01 3 3.99592 0.01
r 60 0.01 3 3.99333 0.01
r 60.2 0.01 3 3.99592 0.01
r 60.4 0.01 3 4.00224 0.01
r 60.6 0.01 3 4.01334 0.01
r 60.8 0.01 3 4.02882 0.01
r 61 0.01 3 4.05238 0.01
r 61.2 0.01 3 4.0728 0.01
r 61.4 0.01 3 4.10114 0.01
r 61.6 0.01 3 4.13352 0.01
r 61.8 0.01 3 4.17008 0.01
r 62 0.01 3 4.21075 0.01
r 62.2 0.01 3 4.25468 0.01
r 62.4 0.01 3 4.30241 0.01
r 62.6 0.01 3 4.35411 0.01
r 62.8 0.01 3 4.40829 0.01
r 63 0.01 3 4.46771 0.01
r 63.2 0.01 3 4.52909 0.01
r 63.4 0.01 3 4.60593 0.01
r 63.6 0.01 3 4.66531 0.01
r 63.8 0.01 3 4.7379 0.01
r 64 0.01 3 4.8072 0.01
r 64.2 0.01 3 4.88067 0.01
r 64.4 0.01 3 4.95679 0.01
r 64.6 0.01 3 5.03573 0.01
r 64.8 0.01 3 5.1178 0.01
r 65 0.01 3 5.20722 0.01
r 65.2 0.01 3 5.29772 0.01
r 65.4 0.01 3 5.38616 0.01
r 65.6 0.01 3 5.47633 0.01
r 65.8 0.01 3 5.57353 0.01
r 66 0.01 3 5.67111 0.01
r 66.2 0.01 3 5.75771 0.01
r 66.4 0.01 3 5.85884 0.01
r 66.6 0.01 3 5.95167 0.01
r 66.8 0.01 3 6.05805 0.01
r 67 0.01 3 6.15668 0.01
r 67.2 0.01 3 6.57229 0.01
r 67.4 0.01 3 6.36332 0.01
r 67.6 0.01 3 6.65778 0.01
r 67.8 0.01 3 6.56713 0.01
r 68 0.01 3 6.8309 0.01
r 68.2 0.01 3 6.88501 0.01
r 68.4 0.01 3 6.98628 0.01
r 68.6 0.01 3 7.06526 0.01
r 68.8 0.01 3 7.18307 0.01
r 69 0.01 3 7.29924 0.01
r 69.2 0.01 3 7.39724 0.01
r 69.4 0.01 3 7.49605 0.01
r 69.6 0.01 3 7.59807 0.01
r 69.8 0.01 3 7.70309 0.01
r 70 0.01 3 7.81108 0.01
s 70 2 402
r 30 0.01 2 26.6997 0.01
r 30.2 0.01 2 26.5665 0.01
r 30.4 0.01 2 26.4333 0.01
r 30.6 0.01 2 26.3002 0.01
r 30.8 0.01 2 26.1671 0.01
r 31 0.01 2 26.0342 0.01
r 31.2 0.01 2 25.901 0.01
r 31.4 0.01 2 25.7678 0.01
r 31.6 0.01 2 25.6346 0.01
r 31.8 0.01 2 25.5014 0.01
r 32 0.01 2 25.3682 0.01
r 32.2 0.01 2 25.2351 0.01
r 32.4 0.01 2 25.1019 0.01
r 32.6 0.01 2 24.9687 0.01
r 32.8 0.01 2 24.8356 0.01
r 33 0.01 2 24.7024 0.01
r 33.2 0.01 2 24.5693 0.01
r 33.4 0.01 2 24.4361 0.01
r 33.6 0.01 2 24.3029 0.01
r 33.8 0.01 2 24.1698 0.01
r 34 0.01 2 24.0367 0.01
r 34.2 0.01 2 23.9036 0.01
r 34.4 0.01 2 23.7705 0.01
r 34.6 0.01 2 23.6374 0.01
r 34.8 0.01 2 23.5043 0.01
r 35 0.01 2 23.3714 0.01
r 35.2 0.01 2 23.2383 0.01
r 35.4 0.01 2 23.1051 0.01
r 35.6 0.01 2 22.972 0.01
r 35.8 0.01 2 22.8389 0.01
r 36 0.01 2 22.7058 0.01
r 36.2 0.01 2 22.5727 0.01
r 36.4 0.01 2 22.4396 0.01
r 36.6 0.01 2 22.3063 0.01
r 36.8 0.01 2 22.1732 0.01
r 37 0.01 2 22.0403 0.01
r 37.2 0.01 2 21.9071 0.01
r 37.4 0.01 2 21.774 0.01
r 37.6 0.01 2 21.6408 0.01
r 37.8 0.01 2 21.5078 0.01
r 38 0.01 2 21.3747 0.01
r 38.2 0.01 2 21.2416 0.01
r 38.4 0.01 2 21.1085 0.01
r 38.6 0.01 2 20.9754 0.01
r 38.8 0.01 2 20.8423 0.01
r 39 0.01 2 20.7094 0.01
r 39.2 0.01 2 20.5763 0.01
r 39.4 0.01 2 20.4432 0.01
r 39.6 0.01 2 20.3101 0.01
r 39.8 0.01 2 20.177 0.01
r 40 0.01 2 20.044 0.01
r 40.2 0.01 2 19.9109 0.01
r 40.4 0.01 2 19.7779 0.01
r 40.6 0.01 2 19.6449 0.01
r 40.8 0.01 2 19.5119 0.01
r 41 0.01 2 19.3791 0.01
r 41.2 0.01 2 19.2462 0.01
r 41.4 0.01 2 19.1131 0.01
r 41.6 0.01 2 18.98 0.01
r 41.8 0.01 2 18.8469 0.01
r 42 0.01 2 18.7139 0.01
r 42.2 0.01 2 18.5809 0.01
r 42.4 0.01 2 18.4478 0.01
r 42.6 0.01 2 18.3148 0.01
r 42.8 0.01 2 18.1819 0.01
r 43 0.01 2 18.0492 0.01
r 43.2 0.01 2 17.9162 0.01
r 43.4 0.01 2 17.7832 0.01
r 43.6 0.01 2 17.6502 0.01
r 43.8 0.01 2 17.5172 0.01
r 44 0.01 2 17.3842 0.01
r 44.2 0.01 2 17.2512 0.01
r 44.4 0.01 2 17.1183 0.01
r 44.6 0.01 2 16.9853 0.01
r 44.8 0.01 2 16.8524 0.01
r 45 0.01 2 16.7196 0.01
r 45.2 0.01 2 16.5867 0.01
r 45.4 0.01 2 16.4538 0.01
r 45.6 0.01 2 16.3208 0.01
r 45.8 0.01 2 16.1879 0.01
r 46 0.01 2 16.055 0.01
r 46.2 0.01 2 15.9221 0.01
r 46.4 0.01 2 15.7893 0.01
r 46.6 0.01 2 15.6565 0.01
r 46.8 0.01 2 15.5235 0.01
r 47 0.01 2 15.391 0.01
r 47.2 0.01 2 15.2581 0.01
r 47.4 0.01 2 15.1252 0.01
r 47.6 0.01 2 14.9924 0.01
r 47.8 0.01 2 14.8595 0.01
r 48 0.01 2 14.7267 0.01
r 48.2 0.01 2 14.5939 0.01
r 48.4 0.01 2 14.4611 0.01
r 48.6 0.01 2 14.3283 0.01
r 48.8 0.01 2 14.1955 0.01
r 49 0.01 2 14.0629 0.01
r 49.2 0.01 2 13.9303 0.01
r 49.4 0.01 2 13.7974 0.01
r 49.6 0.01 2 13.6648 0.01
r 49.8 0.01 2 13.5319 0.01
r 50 0.01 2 13.3992 0.01
r 50.2 0.01 2 13.2665 0.01
r 50.4 0.01 2 13.1339 0.01
r 50.6 0.01 2 13.0014 0.01
r 50.8 0.01 2 12.8687 0.01
r 51 0.01 2 12.7361 0.01
r 51.2 0.01 2 12.6035 0.01
r 51.4 0.01 2 12.4708 0.01
r 51.6 0.01 2 12.3382 0.01
r 51.8 0.01 2 12.2057 0.01
r 52 0.01 2 12.0731 0.01
r 52.2 0.01 2 11.9407 0.01
r 52.4 0.01 2 11.8082 0.01
r 52.6 0.01 2 11.6758 0.01
r 52.8 0.01 2 11.5435 0.01
r 53 0.01 2 11.4108 0.01
r 53.2 0.01 2 11.2784 0.01
r 53.4 0.01 2 11.1459 0.01
r 53.6 0.01 2 11.0136 0.01
r 53.8 0.01 2 10.8812 0.01
r 54 0.01 2 10.7489 0.01
r 54.2 0.01 2 10.6167 0.01
r 54.4 0.01 2 10.4845 0.01
r 54.6 0.01 2 10.3522 0.01
r 54.8 0.01 2 10.2199 0.01
r 55 0.01 2 10.0877 0.01
r 55.2 0.01 2 9.95547 0.01
r 55.4 0.01 2 9.82333 0.01
r 55.6 0.01 2 9.69126 0.01
r 55.8 0.01 2 9.55927 0.01
r 56 0.01 2 9.42733 0.01
r 56.2 0.01 2 9.29527 0.01
r 56.4 0.01 2 9.16326 0.01
r 56.6 0.01 2 9.03131 0.01
r 56.8 0.01 2 8.89945 0.01
r 57 0.01 2 8.76767 0.01
r 57.2 0.01 2 8.63591 0.01
r 57.4 0.01 2 8.50426 0.01
r 57.6 0.01 2 8.37274 0.01
r 57.8 0.01 2 8.24086 0.01
r 58 0.01 2 8.10926 0.01
r 58.2 0.01 2 7.97776 0.01
r 58.4 0.01 2 7.8463 0.01
r 58.6 0.01 2 7.71492 0.01
r 58.8 0.01 2 7.58361 0.01
r 59 0.01 2 7.45237 0.01
r 59.2 0.01 2 7.32121 0.01
r 59.4 0.01 2 7.19022 0.01
r 59.6 0.01 2 7.0593 0.01
r 59.8 0.01 2 6.92836 0.01
r 60 0.01 2 6.7974 0.01
r 60.2 0.01 2 6.66674 0.01
r 60.4 0.01 2 6.53619 0.01
r 60.6 0.01 2 6.40563 0.01
r 60.8 0.01 2 6.27518 0.01
r 61 0.01 2 6.14496 0.01
r 61.2 0.01 2 6.01483 0.01
r 61.4 0.01 2 5.88485 0.01
r 61.6 0.01 2 5.75508 0.01
r 61.8 0.01 2 5.62538 0.01
r 62 0.01 2 5.49593 0.01
r 62.2 0.01 2 5.36684 0.01
r 62.4 0.01 2 5.23756 0.01
r 62.6 0.01 2 5.10866 0.01
r 62.8 0.01 2 4.98014 0.01
r 63 0.01 2 4.85173 0.01
r 63.2 0.01 2 4.72372 0.01
r 63.4 0.01 2 4.59567 0.01
r 63.6 0.01 2 4.46843 0.01
r 63.8 0.01 2 4.34103 0.01
r 64 0.01 2 4.21431 0.01
r 64.2 0.01 2 4.08796 0.01
r 64.4 0.01 2 3.96207 0.01
r 64.6 0.01 2 3.83671 0.01
r 64.8 0.01 2 3.71205 0.01
r 65 0.01 2 3.58786 0.01
r 65.2 0.01 2 3.46434 0.01
r 65.4 0.01 2 3.34153 0.01
r 65.6 0.01 2 3.21956 0.01
r 65.8 0.01 2 3.09857 0.01
r 66 0.01 2 2.97859 0.01
r 66.2 0.01 2 2.85986 0.01
r 66.4 0.01 2 2.74239 0.01
r 66.6 0.01 2 2.62644 0.01
r 66.8 0.01 2 2.51227 0.01
r 67 0.01 2 2.40048 0.01
r 67.2 0.01 2 2.29063 0.01
r 67.4 0.01 2 2.18336 0.01
r 67.6 0.01 2 2.07887 0.01
r 67.8 0.01 2 1.97812 0.01
r 68 0.01 2 1.88143 0.01
r 68.2 0.01 2 1.78925 0.01
r 68.4 0.01 2 1.70257 0.01
r 68.6 0.01 2 1.62232 0.01
r 68.8 0.01 2 1.54934 0.01
r 69 0.01 2 1.48499 0.01
r 69.2 0.01 2 1.42998 0.01
r 69.4 0.01 2 1.3857 0.01
r 69.6 0.01 2 1.35321 0.01
r 69.8 0.01 2 1.33335 0.01
r 70 0.01 2 1.32667 0.01
r 30 0.01 3 26.9654 0.01
r 30.2 0.01 3 26.8339 0.01
r 30.4 0.01 3 26.7024 0.01
r 30.6 0.01 3 26.5711 0.01
r 30.8 0.01 3 26.4397 0.01
r 31 0.01 3 26.306 0.01
r 31.2 0.01 3 26.1743 0.01
r 31.4 0.01 3 26.0426 0.01
r 31.6 0.01 3 25.9109 0.01
r 31.8 0.01 3 25.7793 0.01
r 32 0.01 3 25.6477 0.01
r 32.2 0.01 3 25.5162 0.01
r 32.4 0.01 3 25.3848 0.01
r 32.6 0.01 3 25.2535 0.01
r 32.8 0.01 3 25.1222 0.01
r 33 0.01 3 24.9883 0.01
r 33.2 0.01 3 24.8565 0.01
r 33.4 0.01 3 24.7248 0.01
r 33.6 0.01 3 24.5931 0.01
r 33.8 0.01 3 24.4615 0.01
r 34 0.01 3 24.33 0.01
r 34.2 0.01 3 24.1985 0.01
r 34.4 0.01 3 24.0671 0.01
r 34.6 0.01 3 23.9357 0.01
r 34.8 0.01 3 23.8044 0.01
r 35 0.01 3 23.6731 0.01
r 35.2 0.01 3 23.5419 0.01
r 35.4 0.01 3 23.4108 0.01
r 35.6 0.01 3 23.2798 0.01
r 35.8 0.01 3 23.1489 0.01
r 36 0.01 3 23.018 0.01
r 36.2 0.01 3 22.8873 0.01
r 36.4 0.01 3 22.7567 0.01
r 36.6 0.01 3 22.626 0.01
r 36.8 0.01 3 22.4935 0.01
r 37 0.01 3 22.3611 0.01
r 37.2 0.01 3 22.23 0.01
r 37.4 0.01 3 22.0989 0.01
r 37.6 0.01 3 21.9678 0.01
r 37.8 0.01 3 21.8369 0.01
r 38 0.01 3 21.706 0.01
r 38.2 0.01 3 21.5753 0.01
r 38.4 0.01 3 21.4447 0.01
r 38.6 0.01 3 21.3115 0.01
r 38.8 0.01 3 21.1808 0.01
r 39 0.01 3 21.0498 0.01
r 39.2 0.01 3 20.9186 0.01
r 39.4 0.01 3 20.7876 0.01
r 39.6 0.01 3 20.6567 0.01
r 39.8 0.01 3 20.5257 0.01
r 40 0.01 3 20.3948 0.01
r 40.2 0.01 3 20.2641 0.01
r 40.4 0.01 3 20.1336 0.01
r 40.6 0.01 3 20.003 0.01
r 40.8 0.01 3 19.8726 0.01
r 41 0.01 3 19.7482 0.01
r 41.2 0.01 3 19.617 0.01
r 41.4 0.01 3 19.486 0.01
r 41.6 0.01 3 19.3549 0.01
r 41.8 0.01 3 19.224 0.01
r 42 0.01 3 19.0932 0.01
r 42.2 0.01 3 18.9625 0.01
r 42.4 0.01 3 18.8319 0.01
r 42.6 0.01 3 18.7014 0.01
r 42.8 0.01 3 18.5711 0.01
r 43 0.01 3 18.4569 0.01
r 43.2 0.01 3 18.3258 0.01
r 43.4 0.01 3 18.1949 0.01
r 43.6 0.01 3 18.0638 0.01
r 43.8 0.01 3 17.9328 0.01
r 44 0.01 3 17.802 0.01
r 44.2 0.01 3 17.6713 0.01
r 44.4 0.01 3 17.5409 0.01
r 44.6 0.01 3 17.4102 0.01
r 44.8 0.01 3 17.2799 0.01
r 45 0.01 3 17.165 0.01
r 45.2 0.01 3 17.0338 0.01
r 45.4 0.01 3 16.9027 0.01
r 45.6 0.01 3 16.7717 0.01
r 45.8 0.01 3 16.6408 0.01
r 46 0.01 3 16.51 0.01
r 46.2 0.01 3 16.3793 0.01
r 46.4 0.01 3 16.2487 0.01
r 46.6 0.01 3 16.1182 0.01
r 46.8 0.01 3 15.9878 0.01
r 47 0.01 3 15.8766 0.01
r 47.2 0.01 3 15.7457 0.01
r 47.4 0.01 3 15.6148 0.01
r 47.6 0.01 3 15.4841 0.01
r 47.8 0.01 3 15.3536 0.01
r 48 0.01 3 15.2227 0.01
r 48.2 0.01 3 15.0921 0.01
r 48.4 0.01 3 14.9616 0.01
r 48.6 0.01 3 14.8317 0.01
r 48.8 0.01 3 14.7015 0.01
r 49 0.01 3 14.6164 0.01
r 49.2 0.01 3 14.4854 0.01
r 49.4 0.01 3 14.3547 0.01
r 49.6 0.01 3 14.224 0.01
r 49.8 0.01 3 14.0948 0.01
r 50 0.01 3 13.9749 0.01
r 50.2 0.01 3 13.8317 0.01
r 50.4 0.01 3 13.7017 0.01
r 50.6 0.01 3 13.5713 0.01
r 50.8 0.01 3 13.4411 0.01
r 51 0.01 3 13.4147 0.01
r 51.2 0.01 3 13.2837 0.01
r 51.4 0.01 3 13.1529 0.01
r 51.6 0.01 3 13.0224 0.01
r 51.8 0.01 3 12.8921 0.01
r 52 0.01 3 12.7617 0.01
r 52.2 0.01 3 12.6312 0.01
r 52.4 0.01 3 12.5005 0.01
r 52.6 0.01 3 12.3696 0.01
r 52.8 0.01 3 12.1906 0.01
r 53 0.01 3 12.1028 0.01
r 53.2 0.01 3 11.9782 0.01
r 53.4 0.01 3 11.8456 0.01
r 53.6 0.01 3 11.7141 0.01
r 53.8 0.01 3 11.5579 0.01
r 54 0.01 3 11.4551 0.01
r 54.2 0.01 3 11.3202 0.01
r 54.4 0.01 3 11.1722 0.01
r 54.6 0.01 3 11.0623 0.01
r 54.8 0.01 3 10.9407 0.01
r 55 0.01 3 10.8243 0.01
r 55.2 0.01 3 10.6835 0.01
r 55.4 0.01 3 10.5782 0.01
r 55.6 0.01 3 10.4828 0.01
r 55.8 0.01 3 10.3226 0.01
r 56 0.01 3 10.2003 0.01
r 56.2 0.01 3 10.0735 0.01
r 56.4 0.01 3 9.94663 0.01
r 56.6 0.01 3 9.82363 0.01
r 56.8 0.01 3 9.70037 0.01
r 57 0.01 3 9.57417 0.01
r 57.2 0.01 3 9.45655 0.01
r 57.4 0.01 3 9.33077 0.01
r 57.6 0.01 3 9.20799 0.01
r 57.8 0.01 3 9.10236 0.01
r 58 0.01 3 8.96052 0.01
r 58.2 0.01 3 8.871 0.01
r 58.4 0.01 3 8.71843 0.01
r 58.6 0.01 3 8.59718 0.01
r 58.8 0.01 3 8.48745 0.01
r 59 0.01 3 8.36623 0.01
r 59.2 0.01 3 8.26913 0.01
r 59.4 0.01 3 8.14134 0.01
r 59.6 0.01 3 8.02886 0.01
r 59.8 0.01 3 7.9228 0.01
r 60 0.01 3 7.81089 0.01
r 60.2 0.01 3 7.7031 0.01
r 60.4 0.01 3 7.59848 0.01
r 60.6 0.01 3 7.49501 0.01
r 60.8 0.01 3 7.39334 0.01
r 61 0.01 3 7.27717 0.01
r 61.2 0.01 3 7.18307 0.01
r 61.4 0.01 3 7.08204 0.01
r 61.6 0.01 3 6.98602 0.01
r 61.8 0.01 3 6.88518 0.01
r 62 0.01 3 6.8309 0.01
r 62.2 0.01 3 6.5716 0.01
r 62.4 0.01 3 6.46127 0.01
r 62.6 0.01 3 6.36381 0.01
r 62.8 0.01 3 6.57229 0.01
r 63 0.01 3 6.16096 0.01
r 63.2 0.01 3 6.05704 0.01
r 63.4 0.01 3 5.95128 0.01
r 63.6 0.01 3 5.85884 0.01
r 63.8 0.01 3 5.75772 0.01
r 64 0.01 3 5.66813 0.01
r 64.2 0.01 3 5.57275 0.01
r 64.4 0.01 3 5.47902 0.01
r 64.6 0.01 3 5.38616 0.01
r 64.8 0.01 3 5.29852 0.01
r 65 0.01 3 5.20274 0.01
r 65.2 0.01 3 5.1178 0.01
r 65.4 0.01 3 5.03573 0.01
r 65.6 0.01 3 4.95679 0.01
r 65.8 0.01 3 4.88067 0.01
r 66 0.01 3 4.8072 0.01
r 66.2 0.01 3 4.7379 0.01
r 66.4 0.01 3 4.66531 0.01
r 66.6 0.01 3 4.60593 0.01
r 66.8 0.01 3 4.52911 0.01
r 67 0.01 3 4.46732 0.01
r 67.2 0.01 3 4.40829 0.01
r 67.4 0.01 3 4.35411 0.01
r 67.6 0.01 3 4.30241 0.01
r 67.8 0.01 3 4.25468 0.01
r 68 0.01 3 4.21075 0.01
r 68.2 0.01 3 4.17008 0.01
r 68.4 0.01 3 4.13352 0.01
r 68.6 0.01 3 4.10114 0.01
r 68.8 0.01 3 4.0728 0.01
r 69 0.01 3 4.04869 0.01
r 69.2 0.01 3 4.02882 0.01
r 69.4 0.01 3 4.01334 0.01
r 69.6 0.01 3 4.00224 0.01
r 69.8 0.01 3 3.99592 0.01
r 70 0.01 3 3.99333 0.01
