5
s 30 2 402
r 30 0.01 2 1.34465 0.01
r 30.2 0.01 2 1.35128 0.01
r 30.4 0.01 2 1.37124 0.01
r 30.6 0.01 2 1.40398 0.01
r 30.8 0.01 2 1.44861 0.01
r 31 0.01 2 1.5039 0.01
r 31.2 0.01 2 1.56899 0.01
r 31.4 0.01 2 1.6425 0.01
r 31.6 0.01 2 1.72333 0.01
r 31.8 0.01 2 1.81049 0.01
r 32 0.01 2 1.90307 0.01
r 32.2 0.01 2 2.00035 0.01
r 32.4 0.01 2 2.10176 0.01
r 32.6 0.01 2 2.20646 0.01
r 32.8 0.01 2 2.31388 0.01
r 33 0.01 2 2.42327 0.01
r 33.2 0.01 2 2.53475 0.01
r 33.4 0.01 2 2.64777 0.01
r 33.6 0.01 2 2.76199 0.01
r 33.8 0.01 2 2.87827 0.01
r 34 0.01 2 2.99342 0.01
r 34.2 0.01 2 3.10995 0.01
r 34.4 0.01 2 3.22766 0.01
r 34.6 0.01 2 3.34575 0.01
r 34.8 0.01 2 3.45907 0.01
r 35 0.01 2 3.57609 0.01
r 35.2 0.01 2 3.69336 0.01
r 35.4 0.01 2 3.81097 0.01
r 35.6 0.01 2 3.92598 0.01
r 35.8 0.01 2 4.04312 0.01
r 36 0.01 2 4.16022 0.01
r 36.2 0.01 2 4.27794 0.01
r 36.4 0.01 2 4.39694 0.01
r 36.6 0.01 2 4.517 0.01
r 36.8 0.01 2 4.63792 0.01
r 37 0.01 2 4.75984 0.01
r 37.2 0.01 2 4.88281 0.01
r 37.4 0.01 2 5.00673 0.01
r 37.6 0.01 2 5.13135 0.01
r 37.8 0.01 2 5.25692 0.01
r 38 0.01 2 5.38337 0.01
r 38.2 0.01 2 5.51079 0.01
r 38.4 0.01 2 5.63959 0.01
r 38.6 0.01 2 5.76979 0.01
r 38.8 0.01 2 5.90132 0.01
r 39 0.01 2 6.03464 0.01
r 39.2 0.01 2 6.16958 0.01
r 39.4 0.01 2 6.30613 0.01
r 39.6 0.01 2 6.44408 0.01
r 39.8 0.01 2 6.58392 0.01
r 40 0.01 2 6.72566 0.01
r 40.2 0.01 2 6.86819 0.01
r 40.4 0.01 2 7.01094 0.01
r 40.6 0.01 2 7.15472 0.01
r 40.8 0.01 2 7.29883 0.01
r 41 0.01 2 7.44551 0.01
r 41.2 0.01 2 7.59355 0.01
r 41.4 0.01 2 7.73757 0.01
r 41.6 0.01 2 7.88682 0.01
r 41.8 0.01 2 8.03498 0.01
r 42 0.01 2 8.19024 0.01
r 42.2 0.01 2 8.33637 0.01
r 42.4 0.01 2 8.47363 0.01
r 42.6 0.01 2 8.61138 0.01
r 42.8 0.01 2 8.74952 0.01
r 43 0.01 2 8.88172 0.01
r 43.2 0.01 2 9.01619 0.01
r 43.4 0.01 2 9.14883 0.01
r 43.6 0.01 2 9.27966 0.01
r 43.8 0.01 2 9.4051 0.01
r 44 0.01 2 9.53029 0.01
r 44.2 0.01 2 9.65365 0.01
r 44.4 0.01 2 9.77522 0.01
r 44.6 0.01 2 9.89601 0.01
r 44.8 0.01 2 10.0171 0.01
r 45 0.01 2 10.1329 0.01
r 45.2 0.01 2 10.2534 0.01
r 45.4 0.01 2 10.374 0.01
r 45.6 0.01 2 10.4955 0.01
r 45.8 0.01 2 10.6177 0.01
r 46 0.01 2 10.7404 0.01
r 46.2 0.01 2 10.8631 0.01
r 46.4 0.01 2 10.9865 0.01
r 46.6 0.01 2 11.1105 0.01
r 46.8 0.01 2 11.2353 0.01
r 47 0.01 2 11.3613 0.01
r 47.2 0.01 2 11.4861 0.01
r 47.4 0.01 2 11.6133 0.01
r 47.6 0.01 2 11.74 0.01
r 47.8 0.01 2 11.8656 0.01
r 48 0.01 2 11.9891 0.01
r 48.2 0.01 2 12.1124 0.01
r 48.4 0.01 2 12.233 0.01
r 48.6 0.01 2 12.3511 0.01
r 48.8 0.01 2 12.4671 0.01
r 49 0.01 2 12.5875 0.01
r 49.2 0.01 2 12.6977 0.01
r 49.4 0.01 2 12.8115 0.01
r 49.6 0.01 2 12.927 0.01
r 49.8 0.01 2 13.0362 0.01
r 50 0.01 2 13.1494 0.01
r 50.2 0.01 2 13.2616 0.01
r 50.4 0.01 2 13.3698 0.01
r 50.6 0.01 2 13.4842 0.01
r 50.8 0.01 2 13.5983 0.01
r 51 0.01 2 13.7055 0.01
r 51.2 0.01 2 13.8218 0.01
r 51.4 0.01 2 13.9381 0.01
r 51.6 0.01 2 14.0548 0.01
r 51.8 0.01 2 14.1704 0.01
r 52 0.01 2 14.2923 0.01
r 52.2 0.01 2 14.4071 0.01
r 52.4 0.01 2 14.5264 0.01
r 52.6 0.01 2 14.6458 0.01
r 52.8 0.01 2 14.7693 0.01
r 53 0.01 2 14.8881 0.01
r 53.2 0.01 2 15.0101 0.01
r 53.4 0.01 2 15.1326 0.01
r 53.6 0.01 2 15.2561 0.01
r 53.8 0.01 2 15.3801 0.01
r 54 0.01 2 15.5046 0.01
r 54.2 0.01 2 15.6276 0.01
r 54.4 0.01 2 15.7529 0.01
r 54.6 0.01 2 15.8753 0.01
r 54.8 0.01 2 15.9963 0.01
r 55 0.01 2 16.118 0.01
r 55.2 0.01 2 16.2389 0.01
r 55.4 0.01 2 16.359 0.01
r 55.6 0.01 2 16.4822 0.01
r 55.8 0.01 2 16.6002 0.01
r 56 0.01 2 16.7205 0.01
r 56.2 0.01 2 16.8401 0.01
r 56.4 0.01 2 16.9605 0.01
r 56.6 0.01 2 17.0823 0.01
r 56.8 0.01 2 17.2045 0.01
r 57 0.01 2 17.3283 0.01
r 57.2 0.01 2 17.4526 0.01
r 57.4 0.01 2 17.5773 0.01
r 57.6 0.01 2 17.7031 0.01
r 57.8 0.01 2 17.8297 0.01
r 58 0.01 2 17.9572 0.01
r 58.2 0.01 2 18.0855 0.01
r 58.4 0.01 2 18.2147 0.01
r 58.6 0.01 2 18.3453 0.01
r 58.8 0.01 2 18.4769 0.01
r 59 0.01 2 18.6136 0.01
r 59.2 0.01 2 18.7487 0.01
r 59.4 0.01 2 18.884 0.01
r 59.6 0.01 2 19.0221 0.01
r 59.8 0.01 2 19.1604 0.01
r 60 0.01 2 19.3007 0.01
r 60.2 0.01 2 19.4409 0.01
r 60.4 0.01 2 19.583 0.01
r 60.6 0.01 2 19.7244 0.01
r 60.8 0.01 2 19.8656 0.01
r 61 0.01 2 20.0067 0.01
r 61.2 0.01 2 20.1488 0.01
r 61.4 0.01 2 20.2909 0.01
r 61.6 0.01 2 20.433 0.01
r 61.8 0.01 2 20.5754 0.01
r 62 0.01 2 20.7181 0.01
r 62.2 0.01 2 20.8612 0.01
r 62.4 0.01 2 21.0045 0.01
r 62.6 0.01 2 21.1483 0.01
r 62.8 0.01 2 21.2924 0.01
r 63 0.01 2 21.4338 0.01
r 63.2 0.01 2 21.5753 0.01
r 63.4 0.01 2 21.7219 0.01
r 63.6 0.01 2 21.8686 0.01
r 63.8 0.01 2 22.0142 0.01
r 64 0.01 2 22.1611 0.01
r 64.2 0.01 2 22.3071 0.01
r 64.4 0.01 2 22.4537 0.01
r 64.6 0.01 2 22.5985 0.01
r 64.8 0.01 2 22.7437 0.01
r 65 0.01 2 22.886 0.01
r 65.2 0.01 2 23.0288 0.01
r 65.4 0.01 2 23.1721 0.01
r 65.6 0.01 2 23.2983 0.01
r 65.8 0.01 2 23.4308 0.01
r 66 0.01 2 23.5318 0.01
r 66.2 0.01 2 23.6921 0.01
r 66.4 0.01 2 23.8193 0.01
r 66.6 0.01 2 23.9257 0.01
r 66.8 0.01 2 23.9629 0.01
r 67 0.01 2 23.9316 0.01
r 67.2 0.01 2 24.0514 0.01
r 67.4 0.01 2 24.1727 0.01
r 67.6 0.01 2 24.2935 0.01
r 67.8 0.01 2 24.4141 0.01
r 68 0.01 2 24.5347 0.01
r 68.2 0.01 2 24.657 0.01
r 68.4 0.01 2 24.7778 0.01
r 68.6 0.01 2 24.8979 0.01
r 68.8 0.01 2 25.0207 0.01
r 69 0.01 2 25.1388 0.01
r 69.2 0.01 2 25.2586 0.01
r 69.4 0.01 2 25.3777 0.01
r 69.6 0.01 2 25.4963 0.01
r 69.8 0.01 2 25.6139 0.01
r 70 0.01 2 25.7309 0.01
r 30 0.01 3 4.04629 0.01
r 30.2 0.01 3 4.04814 0.01
r 30.4 0.01 3 4.05396 0.01
r 30.6 0.01 3 4.06455 0.01
r 30.8 0.01 3 4.07957 0.01
r 31 0.01 3 4.09926 0.01
r 31.2 0.01 3 4.12295 0.01
r 31.4 0.01 3 4.15086 0.01
r 31.6 0.01 3 4.18285 0.01
r 31.8 0.01 3 4.219 0.01
r 32 0.01 3 4.25895 0.01
r 32.2 0.01 3 4.30311 0.01
r 32.4 0.01 3 4.3496 0.01
r 32.6 0.01 3 4.39822 0.01
r 32.8 0.01 3 4.45101 0.01
r 33 0.01 3 4.50826 0.01
r 33.2 0.01 3 4.56857 0.01
r 33.4 0.01 3 4.63239 0.01
r 33.6 0.01 3 4.70006 0.01
r 33.8 0.01 3 4.77105 0.01
r 34 0.01 3 4.8439 0.01
r 34.2 0.01 3 4.91832 0.01
r 34.4 0.01 3 4.99584 0.01
r 34.6 0.01 3 5.07792 0.01
r 34.8 0.01 3 5.15766 0.01
r 35 0.01 3 5.25208 0.01
r 35.2 0.01 3 5.33682 0.01
r 35.4 0.01 3 5.42177 0.01
r 35.6 0.01 3 5.50538 0.01
r 35.8 0.01 3 5.59471 0.01
r 36 0.01 3 5.68563 0.01
r 36.2 0.01 3 5.78076 0.01
r 36.4 0.01 3 5.88014 0.01
r 36.6 0.01 3 5.98106 0.01
r 36.8 0.01 3 6.08684 0.01
r 37 0.01 3 6.19947 0.01
r 37.2 0.01 3 6.29589 0.01
r 37.4 0.01 3 6.40134 0.01
r 37.6 0.01 3 6.51242 0.01
r 37.8 0.01 3 6.60556 0.01
r 38 0.01 3 6.83371 0.01
r 38.2 0.01 3 6.92974 0.01
r 38.4 0.01 3 6.95719 0.01
r 38.6 0.01 3 7.12415 0.01
r 38.8 0.01 3 7.37888 0.01
r 39 0.01 3 7.30608 0.01
r 39.2 0.01 3 7.41588 0.01
r 39.4 0.01 3 7.59624 0.01
r 39.6 0.01 3 7.69029 0.01
r 39.8 0.01 3 7.80134 0.01
r 40 0.01 3 7.87961 0.01
r 40.2 0.01 3 7.97536 0.01
r 40.4 0.01 3 8.09424 0.01
r 40.6 0.01 3 8.19098 0.01
r 40.8 0.01 3 8.35596 0.01
r 41 0.01 3 8.3906 0.01
r 41.2 0.01 3 8.50452 0.01
r 41.4 0.01 3 8.63597 0.01
r 41.6 0.01 3 8.74373 0.01
r 41.8 0.01 3 8.84228 0.01
r 42 0.01 3 8.97298 0.01
r 42.2 0.01 3 9.05996 0.01
r 42.4 0.01 3 9.15964 0.01
r 42.6 0.01 3 9.27152 0.01
r 42.8 0.01 3 9.37971 0.01
r 43 0.01 3 9.56134 0.01
r 43.2 0.01 3 9.59407 0.01
r 43.4 0.01 3 9.76322 0.01
r 43.6 0.01 3 9.83602 0.01
r 43.8 0.01 3 9.96907 0.01
r 44 0.01 3 10.0534 0.01
r 44.2 0.01 3 10.1624 0.01
r 44.4 0.01 3 10.2626 0.01
r 44.6 0.01 3 10.3646 0.01
r 44.8 0.01 3 10.4672 0.01
r 45 0.01 3 10.5813 0.01
r 45.2 0.01 3 10.6958 0.01
r 45.4 0.01 3 10.9195 0.01
r 45.6 0.01 3 10.9177 0.01
r 45.8 0.01 3 11.0311 0.01
r 46 0.01 3 11.1503 0.01
r 46.2 0.01 3 11.3324 0.01
r 46.4 0.01 3 11.4272 0.01
r 46.6 0.01 3 11.5332 0.01
r 46.8 0.01 3 11.6433 0.01
r 47 0.01 3 11.7547 0.01
r 47.2 0.01 3 11.8675 0.01
r 47.4 0.01 3 11.9807 0.01
r 47.6 0.01 3 12.0951 0.01
r 47.8 0.01 3 12.2103 0.01
r 48 0.01 3 12.3264 0.01
r 48.2 0.01 3 12.4419 0.01
r 48.4 0.01 3 12.5565 0.01
r 48.6 0.01 3 12.6695 0.01
r 48.8 0.01 3 12.7821 0.01
r 49 0.01 3 12.8928 0.01
r 49.2 0.01 3 13.0025 0.01
r 49.4 0.01 3 13.1122 0.01
r 49.6 0.01 3 13.222 0.01
r 49.8 0.01 3 13.331 0.01
r 50 0.01 3 13.4372 0.01
r 50.2 0.01 3 13.5457 0.01
r 50.4 0.01 3 13.6565 0.01
r 50.6 0.01 3 13.7678 0.01
r 50.8 0.01 3 13.8809 0.01
r 51 0.01 3 13.9949 0.01
r 51.2 0.01 3 14.1099 0.01
r 51.4 0.01 3 14.2256 0.01
r 51.6 0.01 3 14.3422 0.01
r 51.8 0.01 3 14.4591 0.01
r 52 0.01 3 14.5765 0.01
r 52.2 0.01 3 14.6945 0.01
r 52.4 0.01 3 14.8137 0.01
r 52.6 0.01 3 14.934 0.01
r 52.8 0.01 3 15.0568 0.01
r 53 0.01 3 15.1759 0.01
r 53.2 0.01 3 15.2982 0.01
r 53.4 0.01 3 15.421 0.01
r 53.6 0.01 3 15.5444 0.01
r 53.8 0.01 3 15.668 0.01
r 54 0.01 3 15.7937 0.01
r 54.2 0.01 3 15.9169 0.01
r 54.4 0.01 3 16.0419 0.01
r 54.6 0.01 3 16.1628 0.01
r 54.8 0.01 3 16.2851 0.01
r 55 0.01 3 16.4135 0.01
r 55.2 0.01 3 16.5354 0.01
r 55.4 0.01 3 16.6769 0.01
r 55.6 0.01 3 16.7962 0.01
r 55.8 0.01 3 16.9192 0.01
r 56 0.01 3 17.0335 0.01
r 56.2 0.01 3 17.1565 0.01
r 56.4 0.01 3 17.2765 0.01
r 56.6 0.01 3 17.3976 0.01
r 56.8 0.01 3 17.5197 0.01
r 57 0.01 3 17.6433 0.01
r 57.2 0.01 3 17.7626 0.01
r 57.4 0.01 3 17.8881 0.01
r 57.6 0.01 3 18.0178 0.01
r 57.8 0.01 3 18.1429 0.01
r 58 0.01 3 18.2698 0.01
r 58.2 0.01 3 18.3956 0.01
r 58.4 0.01 3 18.5285 0.01
r 58.6 0.01 3 18.6576 0.01
r 58.8 0.01 3 18.787 0.01
r 59 0.01 3 18.9248 0.01
r 59.2 0.01 3 19.0544 0.01
r 59.4 0.01 3 19.191 0.01
r 59.6 0.01 3 19.3284 0.01
r 59.8 0.01 3 19.4695 0.01
r 60 0.01 3 19.6081 0.01
r 60.2 0.01 3 19.7475 0.01
r 60.4 0.01 3 19.8894 0.01
r 60.6 0.01 3 20.03 0.01
r 60.8 0.01 3 20.1719 0.01
r 61 0.01 3 20.3138 0.01
r 61.2 0.01 3 20.4434 0.01
r 61.4 0.01 3 20.5972 0.01
r 61.6 0.01 3 20.7373 0.01
r 61.8 0.01 3 20.8868 0.01
r 62 0.01 3 21.0269 0.01
r 62.2 0.01 3 21.1683 0.01
r 62.4 0.01 3 21.3111 0.01
r 62.6 0.01 3 21.4603 0.01
r 62.8 0.01 3 21.599 0.01
r 63 0.01 3 21.7467 0.01
r 63.2 0.01 3 21.8897 0.01
r 63.4 0.01 3 22.0338 0.01
r 63.6 0.01 3 22.1811 0.01
r 63.8 0.01 3 22.3246 0.01
r 64 0.01 3 22.4739 0.01
r 64.2 0.01 3 22.6195 0.01
r 64.4 0.01 3 22.7663 0.01
r 64.6 0.01 3 22.9005 0.01
r 64.8 0.01 3 23.0437 0.01
r 65 0.01 3 23.0935 0.01
r 65.2 0.01 3 23.2091 0.01
r 65.4 0.01 3 23.3274 0.01
r 65.6 0.01 3 23.4463 0.01
r 65.8 0.01 3 23.564 0.01
r 66 0.01 3 23.6838 0.01
r 66.2 0.01 3 23.8067 0.01
r 66.4 0.01 3 23.9274 0.01
r 66.6 0.01 3 24.0468 0.01
r 66.8 0.01 3 24.1662 0.01
r 67 0.01 3 24.288 0.01
r 67.2 0.01 3 24.4064 0.01
r 67.4 0.01 3 24.5267 0.01
r 67.6 0.01 3 24.6466 0.01
r 67.8 0.01 3 24.7693 0.01
r 68 0.01 3 24.8905 0.01
r 68.2 0.01 3 25.0103 0.01
r 68.4 0.01 3 25.1307 0.01
r 68.6 0.01 3 25.2523 0.01
r 68.8 0.01 3 25.3717 0.01
r 69 0.01 3 25.4927 0.01
r 69.2 0.01 3 25.6116 0.01
r 69.4 0.01 3 25.7324 0.01
r 69.6 0.01 3 25.8518 0.01
r 69.8 0.01 3 25.9695 0.01
r 70 0.01 3 26.0853 0.01
s 40 2 402
r 30 0.01 2 6.55474 0.01
r 30.2 0.01 2 6.43153 0.01
r 30.4 0.01 2 6.30814 0.01
r 30.6 0.01 2 6.1849 0.01
r 30.8 0.01 2 6.06166 0.01
r 31 0.01 2 5.93919 0.01
r 31.2 0.01 2 5.8162 0.01
r 31.4 0.01 2 5.69316 0.01
r 31.6 0.01 2 5.57022 0.01
r 31.8 0.01 2 5.44741 0.01
r 32 0.01 2 5.3247 0.01
r 32.2 0.01 2 5.20196 0.01
r 32.4 0.01 2 5.07908 0.01
r 32.6 0.01 2 4.9562 0.01
r 32.8 0.01 2 4.83311 0.01
r 33 0.01 2 4.70974 0.01
r 33.2 0.01 2 4.58661 0.01
r 33.4 0.01 2 4.46333 0.01
r 33.6 0.01 2 4.33988 0.01
r 33.8 0.01 2 4.21637 0.01
r 34 0.01 2 4.09278 0.01
r 34.2 0.01 2 3.96929 0.01
r 34.4 0.01 2 3.84641 0.01
r 34.6 0.01 2 3.72438 0.01
r 34.8 0.01 2 3.60293 0.01
r 35 0.01 2 3.48231 0.01
r 35.2 0.01 2 3.36251 0.01
r 35.4 0.01 2 3.24377 0.01
r 35.6 0.01 2 3.12621 0.01
r 35.8 0.01 2 3.01 0.01
r 36 0.01 2 2.89549 0.01
r 36.2 0.01 2 2.78234 0.01
r 36.4 0.01 2 2.67004 0.01
r 36.6 0.01 2 2.55893 0.01
r 36.8 0.01 2 2.44919 0.01
r 37 0.01 2 2.34123 0.01
r 37.2 0.01 2 2.23542 0.01
r 37.4 0.01 2 2.13224 0.01
r 37.6 0.01 2 2.0323 0.01
r 37.8 0.01 2 1.93622 0.01
r 38 0.01 2 1.84469 0.01
r 38.2 0.01 2 1.75818 0.01
r 38.4 0.01 2 1.67624 0.01
r 38.6 0.01 2 1.60069 0.01
r 38.8 0.01 2 1.53186 0.01
r 39 0.01 2 1.47115 0.01
r 39.2 0.01 2 1.4197 0.01
r 39.4 0.01 2 1.37879 0.01
r 39.6 0.01 2 1.34947 0.01
r 39.8 0.01 2 1.33272 0.01
r 40 0.01 2 1.32916 0.01
r 40.2 0.01 2 1.33639 0.01
r 40.4 0.01 2 1.3568 0.01
r 40.6 0.01 2 1.38988 0.01
r 40.8 0.01 2 1.43479 0.01
r 41 0.01 2 1.49036 0.01
r 41.2 0.01 2 1.55571 0.01
r 41.4 0.01 2 1.62934 0.01
r 41.6 0.01 2 1.71034 0.01
r 41.8 0.01 2 1.79774 0.01
r 42 0.01 2 1.89065 0.01
r 42.2 0.01 2 1.98835 0.01
r 42.4 0.01 2 2.09059 0.01
r 42.6 0.01 2 2.19675 0.01
r 42.8 0.01 2 2.30459 0.01
r 43 0.01 2 2.41484 0.01
r 43.2 0.01 2 2.52619 0.01
r 43.4 0.01 2 2.6388 0.01
r 43.6 0.01 2 2.75222 0.01
r 43.8 0.01 2 2.86726 0.01
r 44 0.01 2 2.98279 0.01
r 44.2 0.01 2 3.09876 0.01
r 44.4 0.01 2 3.21424 0.01
r 44.6 0.01 2 3.32934 0.01
r 44.8 0.01 2 3.44495 0.01
r 45 0.01 2 3.56064 0.01
r 45.2 0.01 2 3.6777 0.01
r 45.4 0.01 2 3.79551 0.01
r 45.6 0.01 2 3.91442 0.01
r 45.8 0.01 2 4.03387 0.01
r 46 0.01 2 4.15417 0.01
r 46.2 0.01 2 4.27497 0.01
r 46.4 0.01 2 4.39611 0.01
r 46.6 0.01 2 4.51816 0.01
r 46.8 0.01 2 4.64041 0.01
r 47 0.01 2 4.76323 0.01
r 47.2 0.01 2 4.88626 0.01
r 47.4 0.01 2 5.00913 0.01
r 47.6 0.01 2 5.13267 0.01
r 47.8 0.01 2 5.25528 0.01
r 48 0.01 2 5.37873 0.01
r 48.2 0.01 2 5.50071 0.01
r 48.4 0.01 2 5.62105 0.01
r 48.6 0.01 2 5.73885 0.01
r 48.8 0.01 2 5.8548 0.01
r 49 0.01 2 5.96968 0.01
r 49.2 0.01 2 6.08375 0.01
r 49.4 0.01 2 6.19684 0.01
r 49.6 0.01 2 6.30887 0.01
r 49.8 0.01 2 6.42072 0.01
r 50 0.01 2 6.53194 0.01
r 50.2 0.01 2 6.64432 0.01
r 50.4 0.01 2 6.75631 0.01
r 50.6 0.01 2 6.86671 0.01
r 50.8 0.01 2 6.98371 0.01
r 51 0.01 2 7.09309 0.01
r 51.2 0.01 2 7.2088 0.01
r 51.4 0.01 2 7.32584 0.01
r 51.6 0.01 2 7.44139 0.01
r 51.8 0.01 2 7.55897 0.01
r 52 0.01 2 7.67659 0.01
r 52.2 0.01 2 7.79468 0.01
r 52.4 0.01 2 7.91201 0.01
r 52.6 0.01 2 8.03481 0.01
r 52.8 0.01 2 8.15608 0.01
r 53 0.01 2 8.27422 0.01
r 53.2 0.01 2 8.3964 0.01
r 53.4 0.01 2 8.51993 0.01
r 53.6 0.01 2 8.64302 0.01
r 53.8 0.01 2 8.76624 0.01
r 54 0.01 2 8.89069 0.01
r 54.2 0.01 2 9.01487 0.01
r 54.4 0.01 2 9.13848 0.01
r 54.6 0.01 2 9.26159 0.01
r 54.8 0.01 2 9.38422 0.01
r 55 0.01 2 9.50498 0.01
r 55.2 0.01 2 9.62607 0.01
r 55.4 0.01 2 9.74725 0.01
r 55.6 0.01 2 9.86644 0.01
r 55.8 0.01 2 9.98639 0.01
r 56 0.01 2 10.1058 0.01
r 56.2 0.01 2 10.2268 0.01
r 56.4 0.01 2 10.3454 0.01
r 56.6 0.01 2 10.4671 0.01
r 56.8 0.01 2 10.5892 0.01
r 57 0.01 2 10.7127 0.01
r 57.2 0.01 2 10.8369 0.01
r 57.4 0.01 2 10.9616 0.01
r 57.6 0.01 2 11.0881 0.01
r 57.8 0.01 2 11.2147 0.01
r 58 0.01 2 11.3423 0.01
r 58.2 0.01 2 11.4705 0.01
r 58.4 0.01 2 11.5996 0.01
r 58.6 0.01 2 11.7301 0.01
r 58.8 0.01 2 11.8621 0.01
r 59 0.01 2 12 0.01
r 59.2 0.01 2 12.1345 0.01
r 59.4 0.01 2 12.2699 0.01
r 59.6 0.01 2 12.4079 0.01
r 59.8 0.01 2 12.5469 0.01
r 60 0.01 2 12.6871 0.01
r 60.2 0.01 2 12.828 0.01
r 60.4 0.01 2 12.9691 0.01
r 60.6 0.01 2 13.1098 0.01
r 60.8 0.01 2 13.2513 0.01
r 61 0.01 2 13.3926 0.01
r 61.2 0.01 2 13.5349 0.01
r 61.4 0.01 2 13.678 0.01
r 61.6 0.01 2 13.8196 0.01
r 61.8 0.01 2 13.9623 0.01
r 62 0.01 2 14.1053 0.01
r 62.2 0.01 2 14.2482 0.01
r 62.4 0.01 2 14.3911 0.01
r 62.6 0.01 2 14.5349 0.01
r 62.8 0.01 2 14.6794 0.01
r 63 0.01 2 14.8211 0.01
r 63.2 0.01 2 14.9649 0.01
r 63.4 0.01 2 15.11 0.01
r 63.6 0.01 2 15.2562 0.01
r 63.8 0.01 2 15.4026 0.01
r 64 0.01 2 15.5497 0.01
r 64.2 0.01 2 15.6957 0.01
r 64.4 0.01 2 15.8414 0.01
r 64.6 0.01 2 15.9871 0.01
r 64.8 0.01 2 16.1335 0.01
r 65 0.01 2 16.2752 0.01
r 65.2 0.01 2 16.4176 0.01
r 65.4 0.01 2 16.5599 0.01
r 65.6 0.01 2 16.7022 0.01
r 65.8 0.01 2 16.8044 0.01
r 66 0.01 2 16.8405 0.01
r 66.2 0.01 2 16.9538 0.01
r 66.4 0.01 2 17.1711 0.01
r 66.6 0.01 2 17.247 0.01
r 66.8 0.01 2 17.3877 0.01
r 67 0.01 2 17.3187 0.01
r 67.2 0.01 2 17.4392 0.01
r 67.4 0.01 2 17.559 0.01
r 67.6 0.01 2 17.6797 0.01
r 67.8 0.01 2 17.8006 0.01
r 68 0.01 2 17.9215 0.01
r 68.2 0.01 2 18.0425 0.01
r 68.4 0.01 2 18.1635 0.01
r 68.6 0.01 2 18.2839 0.01
r 68.8 0.01 2 18.4044 0.01
r 69 0.01 2 18.5244 0.01
r 69.2 0.01 2 18.6442 0.01
r 69.4 0.01 2 18.7652 0.01
r 69.6 0.01 2 18.8829 0.01
r 69.8 0.01 2 19.0008 0.01
r 70 0.01 2 19.1172 0.01
r 30 0.01 3 7.73168 0.01
r 30.2 0.01 3 7.61128 0.01
r 30.4 0.01 3 7.49633 0.01
r 30.6 0.01 3 7.38661 0.01
r 30.8 0.01 3 7.27303 0.01
r 31 0.01 3 7.16462 0.01
r 31.2 0.01 3 7.05483 0.01
r 31.4 0.01 3 6.94687 0.01
r 31.6 0.01 3 6.84089 0.01
r 31.8 0.01 3 6.7379 0.01
r 32 0.01 3 6.63815 0.01
r 32.2 0.01 3 6.54265 0.01
r 32.4 0.01 3 6.45082 0.01
r 32.6 0.01 3 6.32787 0.01
r 32.8 0.01 3 6.22703 0.01
r 33 0.01 3 6.11108 0.01
r 33.2 0.01 3 6.02743 0.01
r 33.4 0.01 3 5.90723 0.01
r 33.6 0.01 3 5.81152 0.01
r 33.8 0.01 3 5.71853 0.01
r 34 0.01 3 5.63735 0.01
r 34.2 0.01 3 5.54865 0.01
r 34.4 0.01 3 5.47067 0.01
r 34.6 0.01 3 5.39537 0.01
r 34.8 0.01 3 5.25487 0.01
r 35 0.01 3 5.17767 0.01
r 35.2 0.01 3 5.08707 0.01
r 35.4 0.01 3 5.0092 0.01
r 35.6 0.01 3 4.92639 0.01
r 35.8 0.01 3 4.84889 0.01
r 36 0.01 3 4.77227 0.01
r 36.2 0.01 3 4.6971 0.01
r 36.4 0.01 3 4.62695 0.01
r 36.6 0.01 3 4.56254 0.01
r 36.8 0.01 3 4.50418 0.01
r 37 0.01 3 4.44862 0.01
r 37.2 0.01 3 4.40807 0.01
r 37.4 0.01 3 4.3661 0.01
r 37.6 0.01 3 4.27636 0.01
r 37.8 0.01 3 4.22896 0.01
r 38 0.01 3 4.18654 0.01
r 38.2 0.01 3 4.14927 0.01
r 38.4 0.01 3 4.11582 0.01
r 38.6 0.01 3 4.08719 0.01
r 38.8 0.01 3 4.06115 0.01
r 39 0.01 3 4.03986 0.01
r 39.2 0.01 3 4.02312 0.01
r 39.4 0.01 3 4.01082 0.01
r 39.6 0.01 3 4.00303 0.01
r 39.8 0.01 3 4.00016 0.01
r 40 0.01 3 4.00156 0.01
r 40.2 0.01 3 4.00499 0.01
r 40.4 0.01 3 4.00877 0.01
r 40.6 0.01 3 4.01888 0.01
r 40.8 0.01 3 4.03337 0.01
r 41 0.01 3 4.05354 0.01
r 41.2 0.01 3 4.07593 0.01
r 41.4 0.01 3 4.10754 0.01
r 41.6 0.01 3 4.13528 0.01
r 41.8 0.01 3 4.17006 0.01
r 42 0.01 3 4.21091 0.01
r 42.2 0.01 3 4.25725 0.01
r 42.4 0.01 3 4.29887 0.01
r 42.6 0.01 3 4.35376 0.01
r 42.8 0.01 3 4.40114 0.01
r 43 0.01 3 4.47327 0.01
r 43.2 0.01 3 4.54879 0.01
r 43.4 0.01 3 4.5874 0.01
r 43.6 0.01 3 4.65327 0.01
r 43.8 0.01 3 4.72153 0.01
r 44 0.01 3 4.80748 0.01
r 44.2 0.01 3 4.88282 0.01
r 44.4 0.01 3 4.9728 0.01
r 44.6 0.01 3 5.02672 0.01
r 44.8 0.01 3 5.14607 0.01
r 45 0.01 3 5.20413 0.01
r 45.2 0.01 3 5.29417 0.01
r 45.4 0.01 3 5.38547 0.01
r 45.6 0.01 3 5.48467 0.01
r 45.8 0.01 3 5.58119 0.01
r 46 0.01 3 5.66218 0.01
r 46.2 0.01 3 5.75514 0.01
r 46.4 0.01 3 5.85504 0.01
r 46.6 0.01 3 5.94713 0.01
r 46.8 0.01 3 6.06909 0.01
r 47 0.01 3 6.17894 0.01
r 47.2 0.01 3 6.28905 0.01
r 47.4 0.01 3 6.38629 0.01
r 47.6 0.01 3 6.48163 0.01
r 47.8 0.01 3 6.62573 0.01
r 48 0.01 3 6.709 0.01
r 48.2 0.01 3 6.81198 0.01
r 48.4 0.01 3 6.89679 0.01
r 48.6 0.01 3 6.99228 0.01
r 48.8 0.01 3 7.09307 0.01
r 49 0.01 3 7.18785 0.01
r 49.2 0.01 3 7.28956 0.01
r 49.4 0.01 3 7.38878 0.01
r 49.6 0.01 3 7.49335 0.01
r 49.8 0.01 3 7.58552 0.01
r 50 0.01 3 7.68248 0.01
r 50.2 0.01 3 7.81514 0.01
r 50.4 0.01 3 7.89644 0.01
r 50.6 0.01 3 8.03613 0.01
r 50.8 0.01 3 8.12467 0.01
r 51 0.01 3 8.22972 0.01
r 51.2 0.01 3 8.36451 0.01
r 51.4 0.01 3 8.47931 0.01
r 51.6 0.01 3 8.57718 0.01
r 51.8 0.01 3 8.7118 0.01
r 52 0.01 3 8.82826 0.01
r 52.2 0.01 3 8.94539 0.01
r 52.4 0.01 3 9.06183 0.01
r 52.6 0.01 3 9.18145 0.01
r 52.8 0.01 3 9.29259 0.01
r 53 0.01 3 9.4094 0.01
r 53.2 0.01 3 9.53343 0.01
r 53.4 0.01 3 9.6676 0.01
r 53.6 0.01 3 9.79104 0.01
r 53.8 0.01 3 9.91601 0.01
r 54 0.01 3 10.0404 0.01
r 54.2 0.01 3 10.1428 0.01
r 54.4 0.01 3 10.2535 0.01
r 54.6 0.01 3 10.3894 0.01
r 54.8 0.01 3 10.5158 0.01
r 55 0.01 3 10.6523 0.01
r 55.2 0.01 3 10.7717 0.01
r 55.4 0.01 3 10.8916 0.01
r 55.6 0.01 3 11.0112 0.01
r 55.8 0.01 3 11.1316 0.01
r 56 0.01 3 11.2518 0.01
r 56.2 0.01 3 11.3677 0.01
r 56.4 0.01 3 11.4911 0.01
r 56.6 0.01 3 11.6095 0.01
r 56.8 0.01 3 11.7347 0.01
r 57 0.01 3 12.0005 0.01
r 57.2 0.01 3 12.1191 0.01
r 57.4 0.01 3 12.2064 0.01
r 57.6 0.01 3 12.302 0.01
r 57.8 0.01 3 12.4044 0.01
r 58 0.01 3 12.5047 0.01
r 58.2 0.01 3 12.6087 0.01
r 58.4 0.01 3 12.7157 0.01
r 58.6 0.01 3 12.8277 0.01
r 58.8 0.01 3 12.9428 0.01
r 59 0.01 3 13.0756 0.01
r 59.2 0.01 3 13.2341 0.01
r 59.4 0.01 3 13.3377 0.01
r 59.6 0.01 3 13.4557 0.01
r 59.8 0.01 3 13.5801 0.01
r 60 0.01 3 13.6879 0.01
r 60.2 0.01 3 13.8186 0.01
r 60.4 0.01 3 13.9292 0.01
r 60.6 0.01 3 14.0305 0.01
r 60.8 0.01 3 14.2641 0.01
r 61 0.01 3 14.3035 0.01
r 61.2 0.01 3 14.3598 0.01
r 61.4 0.01 3 14.538 0.01
r 61.6 0.01 3 14.6181 0.01
r 61.8 0.01 3 14.7264 0.01
r 62 0.01 3 14.811 0.01
r 62.2 0.01 3 14.9182 0.01
r 62.4 0.01 3 15.0263 0.01
r 62.6 0.01 3 15.1326 0.01
r 62.8 0.01 3 15.2479 0.01
r 63 0.01 3 15.3564 0.01
r 63.2 0.01 3 15.4633 0.01
r 63.4 0.01 3 15.5746 0.01
r 63.6 0.01 3 15.6842 0.01
r 63.8 0.01 3 15.7955 0.01
r 64 0.01 3 15.913 0.01
r 64.2 0.01 3 16.0246 0.01
r 64.4 0.01 3 16.1393 0.01
r 64.6 0.01 3 16.2519 0.01
r 64.8 0.01 3 16.3656 0.01
r 65 0.01 3 16.4803 0.01
r 65.2 0.01 3 16.5962 0.01
r 65.4 0.01 3 16.7146 0.01
r 65.6 0.01 3 16.8319 0.01
r 65.8 0.01 3 16.9503 0.01
r 66 0.01 3 17.0708 0.01
r 66.2 0.01 3 17.191 0.01
r 66.4 0.01 3 17.3148 0.01
r 66.6 0.01 3 17.4346 0.01
r 66.8 0.01 3 17.5539 0.01
r 67 0.01 3 17.6731 0.01
r 67.2 0.01 3 17.7953 0.01
r 67.4 0.01 3 17.9151 0.01
r 67.6 0.01 3 18.0366 0.01
r 67.8 0.01 3 18.1574 0.01
r 68 0.01 3 18.2777 0.01
r 68.2 0.01 3 18.3971 0.01
r 68.4 0.01 3 18.5186 0.01
r 68.6 0.01 3 18.6391 0.01
r 68.8 0.01 3 18.7589 0.01
r 69 0.01 3 18.8803 0.01
r 69.2 0.01 3 18.9989 0.01
r 69.4 0.01 3 19.12 0.01
r 69.6 0.01 3 19.2365 0.01
r 69.8 0.01 3 19.3548 0.01
r 70 0.01 3 19.474 0.01
s 50 2 402
r 30 0.01 2 12.6813 0.01
r 30.2 0.01 2 12.5579 0.01
r 30.4 0.01 2 12.4347 0.01
r 30.6 0.01 2 12.3116 0.01
r 30.8 0.01 2 12.1883 0.01
r 31 0.01 2 12.0652 0.01
r 31.2 0.01 2 11.9423 0.01
r 31.4 0.01 2 11.8194 0.01
r 31.6 0.01 2 11.6966 0.01
r 31.8 0.01 2 11.5737 0.01
r 32 0.01 2 11.451 0.01
r 32.2 0.01 2 11.3282 0.01
r 32.4 0.01 2 11.2055 0.01
r 32.6 0.01 2 11.0821 0.01
r 32.8 0.01 2 10.9589 0.01
r 33 0.01 2 10.8366 0.01
r 33.2 0.01 2 10.7135 0.01
r 33.4 0.01 2 10.5902 0.01
r 33.6 0.01 2 10.4666 0.01
r 33.8 0.01 2 10.3432 0.01
r 34 0.01 2 10.2192 0.01
r 34.2 0.01 2 10.0954 0.01
r 34.4 0.01 2 9.97227 0.01
r 34.6 0.01 2 9.84975 0.01
r 34.8 0.01 2 9.72765 0.01
r 35 0.01 2 9.60668 0.01
r 35.2 0.01 2 9.48529 0.01
r 35.4 0.01 2 9.36514 0.01
r 35.6 0.01 2 9.24565 0.01
r 35.8 0.01 2 9.1276 0.01
r 36 0.01 2 9.00926 0.01
r 36.2 0.01 2 8.89195 0.01
r 36.4 0.01 2 8.77499 0.01
r 36.6 0.01 2 8.65681 0.01
r 36.8 0.01 2 8.53994 0.01
r 37 0.01 2 8.42208 0.01
r 37.2 0.01 2 8.30514 0.01
r 37.4 0.01 2 8.18866 0.01
r 37.6 0.01 2 8.07265 0.01
r 37.8 0.01 2 7.95778 0.01
r 38 0.01 2 7.84293 0.01
r 38.2 0.01 2 7.72863 0.01
r 38.4 0.01 2 7.61442 0.01
r 38.6 0.01 2 7.50166 0.01
r 38.8 0.01 2 7.38609 0.01
r 39 0.01 2 7.27328 0.01
r 39.2 0.01 2 7.15919 0.01
r 39.4 0.01 2 7.04491 0.01
r 39.6 0.01 2 6.9306 0.01
r 39.8 0.01 2 6.8147 0.01
r 40 0.01 2 6.6954 0.01
r 40.2 0.01 2 6.5752 0.01
r 40.4 0.01 2 6.45366 0.01
r 40.6 0.01 2 6.33377 0.01
r 40.8 0.01 2 6.21208 0.01
r 41 0.01 2 6.09239 0.01
r 41.2 0.01 2 5.96779 0.01
r 41.4 0.01 2 5.84524 0.01
r 41.6 0.01 2 5.72631 0.01
r 41.8 0.01 2 5.60433 0.01
r 42 0.01 2 5.4837 0.01
r 42.2 0.01 2 5.36277 0.01
r 42.4 0.01 2 5.24245 0.01
r 42.6 0.01 2 5.12338 0.01
r 42.8 0.01 2 5.00482 0.01
r 43 0.01 2 4.8844 0.01
r 43.2 0.01 2 4.7662 0.01
r 43.4 0.01 2 4.64842 0.01
r 43.6 0.01 2 4.53003 0.01
r 43.8 0.01 2 4.41056 0.01
r 44 0.01 2 4.28992 0.01
r 44.2 0.01 2 4.16861 0.01
r 44.4 0.01 2 4.04753 0.01
r 44.6 0.01 2 3.92713 0.01
r 44.8 0.01 2 3.80684 0.01
r 45 0.01 2 3.68452 0.01
r 45.2 0.01 2 3.56408 0.01
r 45.4 0.01 2 3.4434 0.01
r 45.6 0.01 2 3.32329 0.01
r 45.8 0.01 2 3.20418 0.01
r 46 0.01 2 3.08458 0.01
r 46.2 0.01 2 2.96624 0.01
r 46.4 0.01 2 2.84882 0.01
r 46.6 0.01 2 2.73192 0.01
r 46.8 0.01 2 2.61605 0.01
r 47 0.01 2 2.50125 0.01
r 47.2 0.01 2 2.38798 0.01
r 47.4 0.01 2 2.2768 0.01
r 47.6 0.01 2 2.16777 0.01
r 47.8 0.01 2 2.05989 0.01
r 48 0.01 2 1.95427 0.01
r 48.2 0.01 2 1.8534 0.01
r 48.4 0.01 2 1.75846 0.01
r 48.6 0.01 2 1.67081 0.01
r 48.8 0.01 2 1.59133 0.01
r 49 0.01 2 1.52089 0.01
r 49.2 0.01 2 1.46078 0.01
r 49.4 0.01 2 1.41199 0.01
r 49.6 0.01 2 1.37544 0.01
r 49.8 0.01 2 1.35188 0.01
r 50 0.01 2 1.34192 0.01
r 50.2 0.01 2 1.34886 0.01
r 50.4 0.01 2 1.36903 0.01
r 50.6 0.01 2 1.40188 0.01
r 50.8 0.01 2 1.44652 0.01
r 51 0.01 2 1.50179 0.01
r 51.2 0.01 2 1.56674 0.01
r 51.4 0.01 2 1.64018 0.01
r 51.6 0.01 2 1.72049 0.01
r 51.8 0.01 2 1.8074 0.01
r 52 0.01 2 1.89906 0.01
r 52.2 0.01 2 1.99609 0.01
r 52.4 0.01 2 2.09828 0.01
r 52.6 0.01 2 2.20363 0.01
r 52.8 0.01 2 2.31097 0.01
r 53 0.01 2 2.42089 0.01
r 53.2 0.01 2 2.53254 0.01
r 53.4 0.01 2 2.64575 0.01
r 53.6 0.01 2 2.76 0.01
r 53.8 0.01 2 2.87588 0.01
r 54 0.01 2 2.99249 0.01
r 54.2 0.01 2 3.1093 0.01
r 54.4 0.01 2 3.22549 0.01
r 54.6 0.01 2 3.34195 0.01
r 54.8 0.01 2 3.45851 0.01
r 55 0.01 2 3.5749 0.01
r 55.2 0.01 2 3.692 0.01
r 55.4 0.01 2 3.80973 0.01
r 55.6 0.01 2 3.92716 0.01
r 55.8 0.01 2 4.04391 0.01
r 56 0.01 2 4.16247 0.01
r 56.2 0.01 2 4.28024 0.01
r 56.4 0.01 2 4.40011 0.01
r 56.6 0.01 2 4.52125 0.01
r 56.8 0.01 2 4.64307 0.01
r 57 0.01 2 4.76582 0.01
r 57.2 0.01 2 4.88961 0.01
r 57.4 0.01 2 5.01438 0.01
r 57.6 0.01 2 5.14018 0.01
r 57.8 0.01 2 5.26658 0.01
r 58 0.01 2 5.39371 0.01
r 58.2 0.01 2 5.52199 0.01
r 58.4 0.01 2 5.65104 0.01
r 58.6 0.01 2 5.78145 0.01
r 58.8 0.01 2 5.91303 0.01
r 59 0.01 2 6.04658 0.01
r 59.2 0.01 2 6.18113 0.01
r 59.4 0.01 2 6.31842 0.01
r 59.6 0.01 2 6.45389 0.01
r 59.8 0.01 2 6.59267 0.01
r 60 0.01 2 6.73336 0.01
r 60.2 0.01 2 6.87442 0.01
r 60.4 0.01 2 7.0155 0.01
r 60.6 0.01 2 7.15646 0.01
r 60.8 0.01 2 7.29849 0.01
r 61 0.01 2 7.44025 0.01
r 61.2 0.01 2 7.58208 0.01
r 61.4 0.01 2 7.7242 0.01
r 61.6 0.01 2 7.86649 0.01
r 61.8 0.01 2 8.00892 0.01
r 62 0.01 2 8.15156 0.01
r 62.2 0.01 2 8.29457 0.01
r 62.4 0.01 2 8.43796 0.01
r 62.6 0.01 2 8.58184 0.01
r 62.8 0.01 2 8.72603 0.01
r 63 0.01 2 8.86987 0.01
r 63.2 0.01 2 9.01521 0.01
r 63.4 0.01 2 9.16034 0.01
r 63.6 0.01 2 9.30614 0.01
r 63.8 0.01 2 9.45231 0.01
r 64 0.01 2 9.59899 0.01
r 64.2 0.01 2 9.74568 0.01
r 64.4 0.01 2 9.89151 0.01
r 64.6 0.01 2 10.0365 0.01
r 64.8 0.01 2 10.1805 0.01
r 65 0.01 2 10.3368 0.01
r 65.2 0.01 2 10.4547 0.01
r 65.4 0.01 2 10.5712 0.01
r 65.6 0.01 2 10.6902 0.01
r 65.8 0.01 2 10.8094 0.01
r 66 0.01 2 10.9306 0.01
r 66.2 0.01 2 11.0519 0.01
r 66.4 0.01 2 11.1723 0.01
r 66.6 0.01 2 11.2937 0.01
r 66.8 0.01 2 11.4132 0.01
r 67 0.01 2 11.5335 0.01
r 67.2 0.01 2 11.6541 0.01
r 67.4 0.01 2 11.776 0.01
r 67.6 0.01 2 11.8962 0.01
r 67.8 0.01 2 12.0173 0.01
r 68 0.01 2 12.1382 0.01
r 68.2 0.01 2 12.2591 0.01
r 68.4 0.01 2 12.3786 0.01
r 68.6 0.01 2 12.4996 0.01
r 68.8 0.01 2 12.6198 0.01
r 69 0.01 2 12.7393 0.01
r 69.2 0.01 2 12.8596 0.01
r 69.4 0.01 2 12.9798 0.01
r 69.6 0.01 2 13.0975 0.01
r 69.8 0.01 2 13.2154 0.01
r 70 0.01 2 13.3319 0.01
r 30 0.01 3 13.819 0.01
r 30.2 0.01 3 13.6926 0.01
r 30.4 0.01 3 13.5702 0.01
r 30.6 0.01 3 13.4485 0.01
r 30.8 0.01 3 13.3249 0.01
r 31 0.01 3 13.1904 0.01
r 31.2 0.01 3 13.079 0.01
r 31.4 0.01 3 12.9539 0.01
r 31.6 0.01 3 12.8339 0.01
r 31.8 0.01 3 12.7139 0.01
r 32 0.01 3 12.5855 0.01
r 32.2 0.01 3 12.4777 0.01
r 32.4 0.01 3 12.3426 0.01
r 32.6 0.01 3 12.2241 0.01
r 32.8 0.01 3 12.0822 0.01
r 33 0.01 3 11.9677 0.01
r 33.2 0.01 3 11.8479 0.01
r 33.4 0.01 3 11.7217 0.01
r 33.6 0.01 3 11.6151 0.01
r 33.8 0.01 3 11.4778 0.01
r 34 0.01 3 11.3516 0.01
r 34.2 0.01 3 11.2234 0.01
r 34.4 0.01 3 11.1112 0.01
r 34.6 0.01 3 10.9801 0.01
r 34.8 0.01 3 10.8651 0.01
r 35 0.01 3 10.745 0.01
r 35.2 0.01 3 10.6177 0.01
r 35.4 0.01 3 10.4862 0.01
r 35.6 0.01 3 10.3847 0.01
r 35.8 0.01 3 10.2545 0.01
r 36 0.01 3 10.1389 0.01
r 36.2 0.01 3 10.023 0.01
r 36.4 0.01 3 9.89987 0.01
r 36.6 0.01 3 9.78683 0.01
r 36.8 0.01 3 9.66967 0.01
r 37 0.01 3 9.55862 0.01
r 37.2 0.01 3 9.43006 0.01
r 37.4 0.01 3 9.32795 0.01
r 37.6 0.01 3 9.20319 0.01
r 37.8 0.01 3 9.08354 0.01
r 38 0.01 3 8.99455 0.01
r 38.2 0.01 3 8.86432 0.01
r 38.4 0.01 3 8.75898 0.01
r 38.6 0.01 3 8.69217 0.01
r 38.8 0.01 3 8.53715 0.01
r 39 0.01 3 8.41124 0.01
r 39.2 0.01 3 8.31644 0.01
r 39.4 0.01 3 8.19271 0.01
r 39.6 0.01 3 8.07993 0.01
r 39.8 0.01 3 7.97531 0.01
r 40 0.01 3 7.85304 0.01
r 40.2 0.01 3 7.74337 0.01
r 40.4 0.01 3 7.63041 0.01
r 40.6 0.01 3 7.50945 0.01
r 40.8 0.01 3 7.40373 0.01
r 41 0.01 3 7.30007 0.01
r 41.2 0.01 3 7.19762 0.01
r 41.4 0.01 3 7.08611 0.01
r 41.6 0.01 3 6.98212 0.01
r 41.8 0.01 3 6.8615 0.01
r 42 0.01 3 6.76579 0.01
r 42.2 0.01 3 6.63666 0.01
r 42.4 0.01 3 6.54403 0.01
r 42.6 0.01 3 6.43334 0.01
r 42.8 0.01 3 6.32562 0.01
r 43 0.01 3 6.20645 0.01
r 43.2 0.01 3 6.1055 0.01
r 43.4 0.01 3 6.00664 0.01
r 43.6 0.01 3 5.90292 0.01
r 43.8 0.01 3 5.80674 0.01
r 44 0.01 3 5.71731 0.01
r 44.2 0.01 3 5.62629 0.01
r 44.4 0.01 3 5.5311 0.01
r 44.6 0.01 3 5.43075 0.01
r 44.8 0.01 3 5.34212 0.01
r 45 0.01 3 5.25231 0.01
r 45.2 0.01 3 5.16384 0.01
r 45.4 0.01 3 5.07533 0.01
r 45.6 0.01 3 4.99308 0.01
r 45.8 0.01 3 4.91287 0.01
r 46 0.01 3 4.83535 0.01
r 46.2 0.01 3 4.76085 0.01
r 46.4 0.01 3 4.69015 0.01
r 46.6 0.01 3 4.62531 0.01
r 46.8 0.01 3 4.55735 0.01
r 47 0.01 3 4.49544 0.01
r 47.2 0.01 3 4.43921 0.01
r 47.4 0.01 3 4.38658 0.01
r 47.6 0.01 3 4.34023 0.01
r 47.8 0.01 3 4.29685 0.01
r 48 0.01 3 4.25455 0.01
r 48.2 0.01 3 4.21152 0.01
r 48.4 0.01 3 4.17444 0.01
r 48.6 0.01 3 4.14464 0.01
r 48.8 0.01 3 4.11162 0.01
r 49 0.01 3 4.08738 0.01
r 49.2 0.01 3 4.06772 0.01
r 49.4 0.01 3 4.05275 0.01
r 49.6 0.01 3 4.04245 0.01
r 49.8 0.01 3 4.03736 0.01
r 50 0.01 3 4.03779 0.01
r 50.2 0.01 3 4.04646 0.01
r 50.4 0.01 3 4.04637 0.01
r 50.6 0.01 3 4.05683 0.01
r 50.8 0.01 3 4.07174 0.01
r 51 0.01 3 4.09202 0.01
r 51.2 0.01 3 4.11562 0.01
r 51.4 0.01 3 4.14311 0.01
r 51.6 0.01 3 4.17451 0.01
r 51.8 0.01 3 4.2109 0.01
r 52 0.01 3 4.2507 0.01
r 52.2 0.01 3 4.29522 0.01
r 52.4 0.01 3 4.34178 0.01
r 52.6 0.01 3 4.39201 0.01
r 52.8 0.01 3 4.45091 0.01
r 53 0.01 3 4.50459 0.01
r 53.2 0.01 3 4.56474 0.01
r 53.4 0.01 3 4.63047 0.01
r 53.6 0.01 3 4.69416 0.01
r 53.8 0.01 3 4.76266 0.01
r 54 0.01 3 4.83483 0.01
r 54.2 0.01 3 4.90851 0.01
r 54.4 0.01 3 4.98565 0.01
r 54.6 0.01 3 5.06487 0.01
r 54.8 0.01 3 5.1499 0.01
r 55 0.01 3 5.23059 0.01
r 55.2 0.01 3 5.31923 0.01
r 55.4 0.01 3 5.40392 0.01
r 55.6 0.01 3 5.48748 0.01
r 55.8 0.01 3 5.57672 0.01
r 56 0.01 3 5.66796 0.01
r 56.2 0.01 3 5.76404 0.01
r 56.4 0.01 3 5.8629 0.01
r 56.6 0.01 3 5.96609 0.01
r 56.8 0.01 3 6.07304 0.01
r 57 0.01 3 6.19967 0.01
r 57.2 0.01 3 6.3099 0.01
r 57.4 0.01 3 6.39432 0.01
r 57.6 0.01 3 6.49606 0.01
r 57.8 0.01 3 6.59324 0.01
r 58 0.01 3 6.69294 0.01
r 58.2 0.01 3 6.79697 0.01
r 58.4 0.01 3 6.9048 0.01
r 58.6 0.01 3 7.01688 0.01
r 58.8 0.01 3 7.13196 0.01
r 59 0.01 3 7.30254 0.01
r 59.2 0.01 3 7.41157 0.01
r 59.4 0.01 3 7.51919 0.01
r 59.6 0.01 3 7.6497 0.01
r 59.8 0.01 3 7.76825 0.01
r 60 0.01 3 7.87315 0.01
r 60.2 0.01 3 7.96292 0.01
r 60.4 0.01 3 8.07033 0.01
r 60.6 0.01 3 8.1723 0.01
r 60.8 0.01 3 8.2866 0.01
r 61 0.01 3 8.39181 0.01
r 61.2 0.01 3 8.50344 0.01
r 61.4 0.01 3 8.6089 0.01
r 61.6 0.01 3 8.71376 0.01
r 61.8 0.01 3 8.81937 0.01
r 62 0.01 3 8.92909 0.01
r 62.2 0.01 3 9.03824 0.01
r 62.4 0.01 3 9.15238 0.01
r 62.6 0.01 3 9.25928 0.01
r 62.8 0.01 3 9.37747 0.01
r 63 0.01 3 9.57933 0.01
r 63.2 0.01 3 9.57603 0.01
r 63.4 0.01 3 9.77256 0.01
r 63.6 0.01 3 9.87557 0.01
r 63.8 0.01 3 9.97647 0.01
r 64 0.01 3 10.0863 0.01
r 64.2 0.01 3 10.1838 0.01
r 64.4 0.01 3 10.288 0.01
r 64.6 0.01 3 10.3903 0.01
r 64.8 0.01 3 10.4957 0.01
r 65 0.01 3 10.5982 0.01
r 65.2 0.01 3 10.7127 0.01
r 65.4 0.01 3 10.8333 0.01
r 65.6 0.01 3 10.9468 0.01
r 65.8 0.01 3 11.0617 0.01
r 66 0.01 3 11.1783 0.01
r 66.2 0.01 3 11.2961 0.01
r 66.4 0.01 3 11.4135 0.01
r 66.6 0.01 3 11.5321 0.01
r 66.8 0.01 3 11.6505 0.01
r 67 0.01 3 11.7679 0.01
r 67.2 0.01 3 11.887 0.01
r 67.4 0.01 3 12.0058 0.01
r 67.6 0.01 3 12.1245 0.01
r 67.8 0.01 3 12.2444 0.01
r 68 0.01 3 12.3644 0.01
r 68.2 0.01 3 12.4849 0.01
r 68.4 0.01 3 12.6047 0.01
r 68.6 0.01 3 12.7247 0.01
r 68.8 0.01 3 12.8452 0.01
r 69 0.01 3 12.9657 0.01
r 69.2 0.01 3 13.0853 0.01
r 69.4 0.01 3 13.2045 0.01
r 69.6 0.01 3 13.3228 0.01
r 69.8 0.01 3 13.4402 0.01
r 70 0.01 3 13.5573 0.01
s 60 2 402
r 30 0.01 2 19.1106 0.01
r 30.2 0.01 2 18.9878 0.01
r 30.4 0.01 2 18.863 0.01
r 30.6 0.01 2 18.7397 0.01
r 30.8 0.01 2 18.6166 0.01
r 31 0.01 2 18.4949 0.01
r 31.2 0.01 2 18.3714 0.01
r 31.4 0.01 2 18.2491 0.01
r 31.6 0.01 2 18.1256 0.01
r 31.8 0.01 2 18.0053 0.01
r 32 0.01 2 17.8806 0.01
r 32.2 0.01 2 17.7567 0.01
r 32.4 0.01 2 17.6346 0.01
r 32.6 0.01 2 17.5118 0.01
r 32.8 0.01 2 17.3875 0.01
r 33 0.01 2 17.2657 0.01
r 33.2 0.01 2 17.1493 0.01
r 33.4 0.01 2 17.0191 0.01
r 33.6 0.01 2 16.8964 0.01
r 33.8 0.01 2 16.7727 0.01
r 34 0.01 2 16.6477 0.01
r 34.2 0.01 2 16.5288 0.01
r 34.4 0.01 2 16.4027 0.01
r 34.6 0.01 2 16.2805 0.01
r 34.8 0.01 2 16.1563 0.01
r 35 0.01 2 16.0344 0.01
r 35.2 0.01 2 15.9149 0.01
r 35.4 0.01 2 15.794 0.01
r 35.6 0.01 2 15.675 0.01
r 35.8 0.01 2 15.5612 0.01
r 36 0.01 2 15.4385 0.01
r 36.2 0.01 2 15.3212 0.01
r 36.4 0.01 2 15.2031 0.01
r 36.6 0.01 2 15.0861 0.01
r 36.8 0.01 2 14.9682 0.01
r 37 0.01 2 14.8588 0.01
r 37.2 0.01 2 14.7388 0.01
r 37.4 0.01 2 14.6216 0.01
r 37.6 0.01 2 14.5056 0.01
r 37.8 0.01 2 14.391 0.01
r 38 0.01 2 14.2779 0.01
r 38.2 0.01 2 14.163 0.01
r 38.4 0.01 2 14.049 0.01
r 38.6 0.01 2 13.9351 0.01
r 38.8 0.01 2 13.8184 0.01
r 39 0.01 2 13.7061 0.01
r 39.2 0.01 2 13.5887 0.01
r 39.4 0.01 2 13.491 0.01
r 39.6 0.01 2 13.3641 0.01
r 39.8 0.01 2 13.2428 0.01
r 40 0.01 2 13.1194 0.01
r 40.2 0.01 2 13.0014 0.01
r 40.4 0.01 2 12.8802 0.01
r 40.6 0.01 2 12.7568 0.01
r 40.8 0.01 2 12.6339 0.01
r 41 0.01 2 12.5578 0.01
r 41.2 0.01 2 12.4301 0.01
r 41.4 0.01 2 12.303 0.01
r 41.6 0.01 2 12.1764 0.01
r 41.8 0.01 2 12.0507 0.01
r 42 0.01 2 11.925 0.01
r 42.2 0.01 2 11.8005 0.01
r 42.4 0.01 2 11.676 0.01
r 42.6 0.01 2 11.5523 0.01
r 42.8 0.01 2 11.4288 0.01
r 43 0.01 2 11.3059 0.01
r 43.2 0.01 2 11.1835 0.01
r 43.4 0.01 2 11.0598 0.01
r 43.6 0.01 2 10.9353 0.01
r 43.8 0.01 2 10.8086 0.01
r 44 0.01 2 10.6814 0.01
r 44.2 0.01 2 10.5503 0.01
r 44.4 0.01 2 10.4148 0.01
r 44.6 0.01 2 10.2787 0.01
r 44.8 0.01 2 10.1416 0.01
r 45 0.01 2 10.0203 0.01
r 45.2 0.01 2 9.87193 0.01
r 45.4 0.01 2 9.7363 0.01
r 45.6 0.01 2 9.59993 0.01
r 45.8 0.01 2 9.46258 0.01
r 46 0.01 2 9.32286 0.01
r 46.2 0.01 2 9.18365 0.01
r 46.4 0.01 2 9.0354 0.01
r 46.6 0.01 2 8.88679 0.01
r 46.8 0.01 2 8.73846 0.01
r 47 0.01 2 8.59107 0.01
r 47.2 0.01 2 8.44335 0.01
r 47.4 0.01 2 8.29697 0.01
r 47.6 0.01 2 8.14999 0.01
r 47.8 0.01 2 8.00426 0.01
r 48 0.01 2 7.85937 0.01
r 48.2 0.01 2 7.7164 0.01
r 48.4 0.01 2 7.57548 0.01
r 48.6 0.01 2 7.43672 0.01
r 48.8 0.01 2 7.3004 0.01
r 49 0.01 2 7.16593 0.01
r 49.2 0.01 2 7.03378 0.01
r 49.4 0.01 2 6.90339 0.01
r 49.6 0.01 2 6.7742 0.01
r 49.8 0.01 2 6.64569 0.01
r 50 0.01 2 6.51839 0.01
r 50.2 0.01 2 6.39193 0.01
r 50.4 0.01 2 6.26622 0.01
r 50.6 0.01 2 6.14116 0.01
r 50.8 0.01 2 6.01662 0.01
r 51 0.01 2 5.89298 0.01
r 51.2 0.01 2 5.76979 0.01
r 51.4 0.01 2 5.64741 0.01
r 51.6 0.01 2 5.52584 0.01
r 51.8 0.01 2 5.40521 0.01
r 52 0.01 2 5.28546 0.01
r 52.2 0.01 2 5.16627 0.01
r 52.4 0.01 2 5.04711 0.01
r 52.6 0.01 2 4.92802 0.01
r 52.8 0.01 2 4.80884 0.01
r 53 0.01 2 4.68986 0.01
r 53.2 0.01 2 4.57062 0.01
r 53.4 0.01 2 4.45111 0.01
r 53.6 0.01 2 4.33128 0.01
r 53.8 0.01 2 4.21074 0.01
r 54 0.01 2 4.08935 0.01
r 54.2 0.01 2 3.96772 0.01
r 54.4 0.01 2 3.84646 0.01
r 54.6 0.01 2 3.72554 0.01
r 54.8 0.01 2 3.60524 0.01
r 55 0.01 2 3.48569 0.01
r 55.2 0.01 2 3.36684 0.01
r 55.4 0.01 2 3.24903 0.01
r 55.6 0.01 2 3.13223 0.01
r 55.8 0.01 2 3.01693 0.01
r 56 0.01 2 2.90333 0.01
r 56.2 0.01 2 2.79112 0.01
r 56.4 0.01 2 2.67961 0.01
r 56.6 0.01 2 2.56931 0.01
r 56.8 0.01 2 2.46024 0.01
r 57 0.01 2 2.35244 0.01
r 57.2 0.01 2 2.24683 0.01
r 57.4 0.01 2 2.14325 0.01
r 57.6 0.01 2 2.04298 0.01
r 57.8 0.01 2 1.94625 0.01
r 58 0.01 2 1.85403 0.01
r 58.2 0.01 2 1.76669 0.01
r 58.4 0.01 2 1.68422 0.01
r 58.6 0.01 2 1.60795 0.01
r 58.8 0.01 2 1.53866 0.01
r 59 0.01 2 1.47743 0.01
r 59.2 0.01 2 1.42555 0.01
r 59.4 0.01 2 1.38421 0.01
r 59.6 0.01 2 1.35456 0.01
r 59.8 0.01 2 1.3375 0.01
r 60 0.01 2 1.33367 0.01
r 60.2 0.01 2 1.34004 0.01
r 60.4 0.01 2 1.35961 0.01
r 60.6 0.01 2 1.39181 0.01
r 60.8 0.01 2 1.4358 0.01
r 61 0.01 2 1.49038 0.01
r 61.2 0.01 2 1.55458 0.01
r 61.4 0.01 2 1.62696 0.01
r 61.6 0.01 2 1.70648 0.01
r 61.8 0.01 2 1.79268 0.01
r 62 0.01 2 1.88325 0.01
r 62.2 0.01 2 1.9788 0.01
r 62.4 0.01 2 2.07846 0.01
r 62.6 0.01 2 2.18158 0.01
r 62.8 0.01 2 2.28606 0.01
r 63 0.01 2 2.39311 0.01
r 63.2 0.01 2 2.50138 0.01
r 63.4 0.01 2 2.61113 0.01
r 63.6 0.01 2 2.7228 0.01
r 63.8 0.01 2 2.83457 0.01
r 64 0.01 2 2.94772 0.01
r 64.2 0.01 2 3.06133 0.01
r 64.4 0.01 2 3.17477 0.01
r 64.6 0.01 2 3.28847 0.01
r 64.8 0.01 2 3.40328 0.01
r 65 0.01 2 3.5187 0.01
r 65.2 0.01 2 3.63454 0.01
r 65.4 0.01 2 3.75183 0.01
r 65.6 0.01 2 3.86997 0.01
r 65.8 0.01 2 3.98922 0.01
r 66 0.01 2 4.10919 0.01
r 66.2 0.01 2 4.22989 0.01
r 66.4 0.01 2 4.3506 0.01
r 66.6 0.01 2 4.47115 0.01
r 66.8 0.01 2 4.59146 0.01
r 67 0.01 2 4.71172 0.01
r 67.2 0.01 2 4.83182 0.01
r 67.4 0.01 2 4.95216 0.01
r 67.6 0.01 2 5.0727 0.01
r 67.8 0.01 2 5.19339 0.01
r 68 0.01 2 5.31421 0.01
r 68.2 0.01 2 5.43504 0.01
r 68.4 0.01 2 5.55574 0.01
r 68.6 0.01 2 5.67635 0.01
r 68.8 0.01 2 5.79686 0.01
r 69 0.01 2 5.91732 0.01
r 69.2 0.01 2 6.03749 0.01
r 69.4 0.01 2 6.15718 0.01
r 69.6 0.01 2 6.27531 0.01
r 69.8 0.01 2 6.39317 0.01
r 70 0.01 2 6.50964 0.01
r 30 0.01 3 19.3754 0.01
r 30.2 0.01 3 19.2521 0.01
r 30.4 0.01 3 19.1284 0.01
r 30.6 0.01 3 19.0055 0.01
r 30.8 0.01 3 18.8823 0.01
r 31 0.01 3 18.7592 0.01
r 31.2 0.01 3 18.6363 0.01
r 31.4 0.01 3 18.5134 0.01
r 31.6 0.01 3 18.3904 0.01
r 31.8 0.01 3 18.2676 0.01
r 32 0.01 3 18.1449 0.01
r 32.2 0.01 3 18.0222 0.01
r 32.4 0.01 3 17.8995 0.01
r 32.6 0.01 3 17.7765 0.01
r 32.8 0.01 3 17.654 0.01
r 33 0.01 3 17.5305 0.01
r 33.2 0.01 3 17.4074 0.01
r 33.4 0.01 3 17.2839 0.01
r 33.6 0.01 3 17.1604 0.01
r 33.8 0.01 3 17.037 0.01
r 34 0.01 3 16.9133 0.01
r 34.2 0.01 3 16.7894 0.01
r 34.4 0.01 3 16.6664 0.01
r 34.6 0.01 3 16.5438 0.01
r 34.8 0.01 3 16.4215 0.01
r 35 0.01 3 16.2996 0.01
r 35.2 0.01 3 16.1788 0.01
r 35.4 0.01 3 16.0586 0.01
r 35.6 0.01 3 15.9391 0.01
r 35.8 0.01 3 15.8207 0.01
r 36 0.01 3 15.7028 0.01
r 36.2 0.01 3 15.5854 0.01
r 36.4 0.01 3 15.4684 0.01
r 36.6 0.01 3 15.351 0.01
r 36.8 0.01 3 15.2333 0.01
r 37 0.01 3 15.1165 0.01
r 37.2 0.01 3 14.9992 0.01
r 37.4 0.01 3 14.8831 0.01
r 37.6 0.01 3 14.7676 0.01
r 37.8 0.01 3 14.6528 0.01
r 38 0.01 3 14.5387 0.01
r 38.2 0.01 3 14.4256 0.01
r 38.4 0.01 3 14.3121 0.01
r 38.6 0.01 3 14.1988 0.01
r 38.8 0.01 3 14.0855 0.01
r 39 0.01 3 13.9724 0.01
r 39.2 0.01 3 13.8601 0.01
r 39.4 0.01 3 13.7483 0.01
r 39.6 0.01 3 13.636 0.01
r 39.8 0.01 3 13.5201 0.01
r 40 0.01 3 13.4048 0.01
r 40.2 0.01 3 13.2891 0.01
r 40.4 0.01 3 13.1746 0.01
r 40.6 0.01 3 13.0585 0.01
r 40.8 0.01 3 12.9424 0.01
r 41 0.01 3 12.8024 0.01
r 41.2 0.01 3 12.6834 0.01
r 41.4 0.01 3 12.5638 0.01
r 41.6 0.01 3 12.4457 0.01
r 41.8 0.01 3 12.3286 0.01
r 42 0.01 3 12.2132 0.01
r 42.2 0.01 3 12.0991 0.01
r 42.4 0.01 3 11.9821 0.01
r 42.6 0.01 3 11.8695 0.01
r 42.8 0.01 3 11.7584 0.01
r 43 0.01 3 11.6513 0.01
r 43.2 0.01 3 11.5465 0.01
r 43.4 0.01 3 11.4428 0.01
r 43.6 0.01 3 11.3406 0.01
r 43.8 0.01 3 11.2399 0.01
r 44 0.01 3 11.1317 0.01
r 44.2 0.01 3 11.047 0.01
r 44.4 0.01 3 10.9335 0.01
r 44.6 0.01 3 10.7907 0.01
r 44.8 0.01 3 10.7442 0.01
r 45 0.01 3 10.5727 0.01
r 45.2 0.01 3 10.4657 0.01
r 45.4 0.01 3 10.3644 0.01
r 45.6 0.01 3 10.261 0.01
r 45.8 0.01 3 10.1663 0.01
r 46 0.01 3 10.0631 0.01
r 46.2 0.01 3 9.96122 0.01
r 46.4 0.01 3 9.86824 0.01
r 46.6 0.01 3 9.78123 0.01
r 46.8 0.01 3 9.68205 0.01
r 47 0.01 3 9.59786 0.01
r 47.2 0.01 3 9.51218 0.01
r 47.4 0.01 3 9.38113 0.01
r 47.6 0.01 3 9.2906 0.01
r 47.8 0.01 3 9.20055 0.01
r 48 0.01 3 9.11346 0.01
r 48.2 0.01 3 8.99776 0.01
r 48.4 0.01 3 8.85044 0.01
r 48.6 0.01 3 8.76742 0.01
r 48.8 0.01 3 8.47636 0.01
r 49 0.01 3 8.33048 0.01
r 49.2 0.01 3 8.19644 0.01
r 49.4 0.01 3 8.0723 0.01
r 49.6 0.01 3 7.95042 0.01
r 49.8 0.01 3 7.83245 0.01
r 50 0.01 3 7.72067 0.01
r 50.2 0.01 3 7.60513 0.01
r 50.4 0.01 3 7.49146 0.01
r 50.6 0.01 3 7.37942 0.01
r 50.8 0.01 3 7.26893 0.01
r 51 0.01 3 7.15868 0.01
r 51.2 0.01 3 7.05012 0.01
r 51.4 0.01 3 6.94314 0.01
r 51.6 0.01 3 6.83775 0.01
r 51.8 0.01 3 6.73396 0.01
r 52 0.01 3 6.63164 0.01
r 52.2 0.01 3 6.54249 0.01
r 52.4 0.01 3 6.44825 0.01
r 52.6 0.01 3 6.36671 0.01
r 52.8 0.01 3 6.23029 0.01
r 53 0.01 3 6.12328 0.01
r 53.2 0.01 3 6.0293 0.01
r 53.4 0.01 3 5.92922 0.01
r 53.6 0.01 3 5.85377 0.01
r 53.8 0.01 3 5.73743 0.01
r 54 0.01 3 5.63399 0.01
r 54.2 0.01 3 5.54855 0.01
r 54.4 0.01 3 5.46292 0.01
r 54.6 0.01 3 5.36586 0.01
r 54.8 0.01 3 5.28102 0.01
r 55 0.01 3 5.26643 0.01
r 55.2 0.01 3 5.20191 0.01
r 55.4 0.01 3 5.0815 0.01
r 55.6 0.01 3 4.94008 0.01
r 55.8 0.01 3 4.86337 0.01
r 56 0.01 3 4.78981 0.01
r 56.2 0.01 3 4.71903 0.01
r 56.4 0.01 3 4.65089 0.01
r 56.6 0.01 3 4.58633 0.01
r 56.8 0.01 3 4.52415 0.01
r 57 0.01 3 4.47909 0.01
r 57.2 0.01 3 4.41255 0.01
r 57.4 0.01 3 4.35464 0.01
r 57.6 0.01 3 4.3017 0.01
r 57.8 0.01 3 4.25397 0.01
r 58 0.01 3 4.21043 0.01
r 58.2 0.01 3 4.172 0.01
r 58.4 0.01 3 4.13786 0.01
r 58.6 0.01 3 4.10797 0.01
r 58.8 0.01 3 4.0809 0.01
r 59 0.01 3 4.0581 0.01
r 59.2 0.01 3 4.04034 0.01
r 59.4 0.01 3 4.02707 0.01
r 59.6 0.01 3 4.01829 0.01
r 59.8 0.01 3 4.01451 0.01
r 60 0.01 3 4.01497 0.01
r 60.2 0.01 3 4.01795 0.01
r 60.4 0.01 3 4.02044 0.01
r 60.6 0.01 3 4.0296 0.01
r 60.8 0.01 3 4.04323 0.01
r 61 0.01 3 4.06124 0.01
r 61.2 0.01 3 4.08413 0.01
r 61.4 0.01 3 4.11058 0.01
r 61.6 0.01 3 4.14058 0.01
r 61.8 0.01 3 4.17452 0.01
r 62 0.01 3 4.213 0.01
r 62.2 0.01 3 4.25542 0.01
r 62.4 0.01 3 4.30259 0.01
r 62.6 0.01 3 4.36194 0.01
r 62.8 0.01 3 4.41978 0.01
r 63 0.01 3 4.46787 0.01
r 63.2 0.01 3 4.52439 0.01
r 63.4 0.01 3 4.58618 0.01
r 63.6 0.01 3 4.66095 0.01
r 63.8 0.01 3 4.72765 0.01
r 64 0.01 3 4.79696 0.01
r 64.2 0.01 3 4.87082 0.01
r 64.4 0.01 3 4.9473 0.01
r 64.6 0.01 3 5.02847 0.01
r 64.8 0.01 3 5.11555 0.01
r 65 0.01 3 5.19297 0.01
r 65.2 0.01 3 5.28038 0.01
r 65.4 0.01 3 5.36897 0.01
r 65.6 0.01 3 5.46151 0.01
r 65.8 0.01 3 5.55374 0.01
r 66 0.01 3 5.64712 0.01
r 66.2 0.01 3 5.74406 0.01
r 66.4 0.01 3 5.83927 0.01
r 66.6 0.01 3 5.93889 0.01
r 66.8 0.01 3 6.0407 0.01
r 67 0.01 3 6.1478 0.01
r 67.2 0.01 3 6.25654 0.01
r 67.4 0.01 3 6.3602 0.01
r 67.6 0.01 3 6.46964 0.01
r 67.8 0.01 3 6.58335 0.01
r 68 0.01 3 6.70057 0.01
r 68.2 0.01 3 6.81186 0.01
r 68.4 0.01 3 6.92229 0.01
r 68.6 0.01 3 7.04496 0.01
r 68.8 0.01 3 7.16143 0.01
r 69 0.01 3 7.29185 0.01
r 69.2 0.01 3 7.4104 0.01
r 69.4 0.01 3 7.52892 0.01
r 69.6 0.01 3 7.63323 0.01
r 69.8 0.01 3 7.75393 0.01
r 70 0.01 3 7.88099 0.01
s 70 2 402
r 30 0.01 2 25.2574 0.01
r 30.2 0.01 2 25.1342 0.01
r 30.4 0.01 2 25.0108 0.01
r 30.6 0.01 2 24.8878 0.01
r 30.8 0.01 2 24.7646 0.01
r 31 0.01 2 24.6416 0.01
r 31.2 0.01 2 24.5188 0.01
r 31.4 0.01 2 24.3958 0.01
r 31.6 0.01 2 24.2728 0.01
r 31.8 0.01 2 24.1499 0.01
r 32 0.01 2 24.0272 0.01
r 32.2 0.01 2 23.9047 0.01
r 32.4 0.01 2 23.7818 0.01
r 32.6 0.01 2 23.6587 0.01
r 32.8 0.01 2 23.5366 0.01
r 33 0.01 2 23.4125 0.01
r 33.2 0.01 2 23.2901 0.01
r 33.4 0.01 2 23.1667 0.01
r 33.6 0.01 2 23.0433 0.01
r 33.8 0.01 2 22.9195 0.01
r 34 0.01 2 22.7951 0.01
r 34.2 0.01 2 22.6719 0.01
r 34.4 0.01 2 22.5485 0.01
r 34.6 0.01 2 22.4262 0.01
r 34.8 0.01 2 22.304 0.01
r 35 0.01 2 22.1829 0.01
r 35.2 0.01 2 22.0614 0.01
r 35.4 0.01 2 21.9414 0.01
r 35.6 0.01 2 21.8221 0.01
r 35.8 0.01 2 21.7033 0.01
r 36 0.01 2 21.5863 0.01
r 36.2 0.01 2 21.4686 0.01
r 36.4 0.01 2 21.351 0.01
r 36.6 0.01 2 21.2341 0.01
r 36.8 0.01 2 21.1165 0.01
r 37 0.01 2 21.0002 0.01
r 37.2 0.01 2 20.8853 0.01
r 37.4 0.01 2 20.7667 0.01
r 37.6 0.01 2 20.6503 0.01
r 37.8 0.01 2 20.5386 0.01
r 38 0.01 2 20.4237 0.01
r 38.2 0.01 2 20.3085 0.01
r 38.4 0.01 2 20.1934 0.01
r 38.6 0.01 2 20.0788 0.01
r 38.8 0.01 2 19.9627 0.01
r 39 0.01 2 19.8557 0.01
r 39.2 0.01 2 19.7409 0.01
r 39.4 0.01 2 19.6269 0.01
r 39.6 0.01 2 19.5048 0.01
r 39.8 0.01 2 19.3887 0.01
r 40 0.01 2 19.2697 0.01
r 40.2 0.01 2 19.1464 0.01
r 40.4 0.01 2 19.0268 0.01
r 40.6 0.01 2 18.9024 0.01
r 40.8 0.01 2 18.781 0.01
r 41 0.01 2 18.7177 0.01
r 41.2 0.01 2 18.5899 0.01
r 41.4 0.01 2 18.4629 0.01
r 41.6 0.01 2 18.3362 0.01
r 41.8 0.01 2 18.2103 0.01
r 42 0.01 2 18.0851 0.01
r 42.2 0.01 2 17.9603 0.01
r 42.4 0.01 2 17.8359 0.01
r 42.6 0.01 2 17.7127 0.01
r 42.8 0.01 2 17.5888 0.01
r 43 0.01 2 17.4654 0.01
r 43.2 0.01 2 17.3426 0.01
r 43.4 0.01 2 17.2192 0.01
r 43.6 0.01 2 17.0956 0.01
r 43.8 0.01 2 16.9687 0.01
r 44 0.01 2 16.8408 0.01
r 44.2 0.01 2 16.7093 0.01
r 44.4 0.01 2 16.5747 0.01
r 44.6 0.01 2 16.4379 0.01
r 44.8 0.01 2 16.3015 0.01
r 45 0.01 2 16.1832 0.01
r 45.2 0.01 2 16.0519 0.01
r 45.4 0.01 2 15.9219 0.01
r 45.6 0.01 2 15.7778 0.01
r 45.8 0.01 2 15.6314 0.01
r 46 0.01 2 15.4864 0.01
r 46.2 0.01 2 15.343 0.01
r 46.4 0.01 2 15.1954 0.01
r 46.6 0.01 2 15.0467 0.01
r 46.8 0.01 2 14.8985 0.01
r 47 0.01 2 14.75 0.01
r 47.2 0.01 2 14.6037 0.01
r 47.4 0.01 2 14.4553 0.01
r 47.6 0.01 2 14.3099 0.01
r 47.8 0.01 2 14.1636 0.01
r 48 0.01 2 14.0188 0.01
r 48.2 0.01 2 13.8756 0.01
r 48.4 0.01 2 13.7347 0.01
r 48.6 0.01 2 13.5962 0.01
r 48.8 0.01 2 13.4598 0.01
r 49 0.01 2 13.3255 0.01
r 49.2 0.01 2 13.1934 0.01
r 49.4 0.01 2 13.063 0.01
r 49.6 0.01 2 12.9335 0.01
r 49.8 0.01 2 12.8051 0.01
r 50 0.01 2 12.6778 0.01
r 50.2 0.01 2 12.5514 0.01
r 50.4 0.01 2 12.4256 0.01
r 50.6 0.01 2 12.3004 0.01
r 50.8 0.01 2 12.1759 0.01
r 51 0.01 2 12.0522 0.01
r 51.2 0.01 2 11.9289 0.01
r 51.4 0.01 2 11.8065 0.01
r 51.6 0.01 2 11.6848 0.01
r 51.8 0.01 2 11.564 0.01
r 52 0.01 2 11.4441 0.01
r 52.2 0.01 2 11.3246 0.01
r 52.4 0.01 2 11.205 0.01
r 52.6 0.01 2 11.0853 0.01
r 52.8 0.01 2 10.9651 0.01
r 53 0.01 2 10.8365 0.01
r 53.2 0.01 2 10.7147 0.01
r 53.4 0.01 2 10.5921 0.01
r 53.6 0.01 2 10.4647 0.01
r 53.8 0.01 2 10.3429 0.01
r 54 0.01 2 10.215 0.01
r 54.2 0.01 2 10.0936 0.01
r 54.4 0.01 2 9.96592 0.01
r 54.6 0.01 2 9.84219 0.01
r 54.8 0.01 2 9.71933 0.01
r 55 0.01 2 9.59779 0.01
r 55.2 0.01 2 9.4749 0.01
r 55.4 0.01 2 9.35727 0.01
r 55.6 0.01 2 9.23373 0.01
r 55.8 0.01 2 9.11414 0.01
r 56 0.01 2 8.99545 0.01
r 56.2 0.01 2 8.87721 0.01
r 56.4 0.01 2 8.75905 0.01
r 56.6 0.01 2 8.64029 0.01
r 56.8 0.01 2 8.52198 0.01
r 57 0.01 2 8.4044 0.01
r 57.2 0.01 2 8.28653 0.01
r 57.4 0.01 2 8.16881 0.01
r 57.6 0.01 2 8.05269 0.01
r 57.8 0.01 2 7.93602 0.01
r 58 0.01 2 7.81929 0.01
r 58.2 0.01 2 7.70446 0.01
r 58.4 0.01 2 7.58964 0.01
r 58.6 0.01 2 7.4752 0.01
r 58.8 0.01 2 7.36092 0.01
r 59 0.01 2 7.24891 0.01
r 59.2 0.01 2 7.13471 0.01
r 59.4 0.01 2 7.02043 0.01
r 59.6 0.01 2 6.90539 0.01
r 59.8 0.01 2 6.78951 0.01
r 60 0.01 2 6.6725 0.01
r 60.2 0.01 2 6.55523 0.01
r 60.4 0.01 2 6.43798 0.01
r 60.6 0.01 2 6.32077 0.01
r 60.8 0.01 2 6.20282 0.01
r 61 0.01 2 6.08428 0.01
r 61.2 0.01 2 5.96491 0.01
r 61.4 0.01 2 5.84485 0.01
r 61.6 0.01 2 5.72453 0.01
r 61.8 0.01 2 5.6044 0.01
r 62 0.01 2 5.48463 0.01
r 62.2 0.01 2 5.36538 0.01
r 62.4 0.01 2 5.24653 0.01
r 62.6 0.01 2 5.12832 0.01
r 62.8 0.01 2 5.01049 0.01
r 63 0.01 2 4.89317 0.01
r 63.2 0.01 2 4.77644 0.01
r 63.4 0.01 2 4.65975 0.01
r 63.6 0.01 2 4.54295 0.01
r 63.8 0.01 2 4.42556 0.01
r 64 0.01 2 4.30703 0.01
r 64.2 0.01 2 4.1877 0.01
r 64.4 0.01 2 4.06828 0.01
r 64.6 0.01 2 3.94877 0.01
r 64.8 0.01 2 3.82915 0.01
r 65 0.01 2 3.70946 0.01
r 65.2 0.01 2 3.58894 0.01
r 65.4 0.01 2 3.46784 0.01
r 65.6 0.01 2 3.34555 0.01
r 65.8 0.01 2 3.22152 0.01
r 66 0.01 2 3.09587 0.01
r 66.2 0.01 2 2.97048 0.01
r 66.4 0.01 2 2.84577 0.01
r 66.6 0.01 2 2.7218 0.01
r 66.8 0.01 2 2.59954 0.01
r 67 0.01 2 2.47963 0.01
r 67.2 0.01 2 2.36241 0.01
r 67.4 0.01 2 2.24878 0.01
r 67.6 0.01 2 2.13747 0.01
r 67.8 0.01 2 2.03196 0.01
r 68 0.01 2 1.93061 0.01
r 68.2 0.01 2 1.83439 0.01
r 68.4 0.01 2 1.74371 0.01
r 68.6 0.01 2 1.65981 0.01
r 68.8 0.01 2 1.58356 0.01
r 69 0.01 2 1.51615 0.01
r 69.2 0.01 2 1.4586 0.01
r 69.4 0.01 2 1.41208 0.01
r 69.6 0.01 2 1.37758 0.01
r 69.8 0.01 2 1.3561 0.01
r 70 0.01 2 1.34801 0.01
r 30 0.01 3 25.5203 0.01
r 30.2 0.01 3 25.3973 0.01
r 30.4 0.01 3 25.274 0.01
r 30.6 0.01 3 25.1504 0.01
r 30.8 0.01 3 25.0273 0.01
r 31 0.01 3 24.904 0.01
r 31.2 0.01 3 24.7821 0.01
r 31.4 0.01 3 24.6584 0.01
r 31.6 0.01 3 24.5351 0.01
r 31.8 0.01 3 24.4134 0.01
r 32 0.01 3 24.2902 0.01
r 32.2 0.01 3 24.1674 0.01
r 32.4 0.01 3 24.0443 0.01
r 32.6 0.01 3 23.9221 0.01
r 32.8 0.01 3 23.7989 0.01
r 33 0.01 3 23.6756 0.01
r 33.2 0.01 3 23.5544 0.01
r 33.4 0.01 3 23.4276 0.01
r 33.6 0.01 3 23.3059 0.01
r 33.8 0.01 3 23.1821 0.01
r 34 0.01 3 23.0584 0.01
r 34.2 0.01 3 22.9347 0.01
r 34.4 0.01 3 22.8107 0.01
r 34.6 0.01 3 22.6882 0.01
r 34.8 0.01 3 22.5668 0.01
r 35 0.01 3 22.4608 0.01
r 35.2 0.01 3 22.3397 0.01
r 35.4 0.01 3 22.2193 0.01
r 35.6 0.01 3 22.1004 0.01
r 35.8 0.01 3 21.9854 0.01
r 36 0.01 3 21.8637 0.01
r 36.2 0.01 3 21.7483 0.01
r 36.4 0.01 3 21.6296 0.01
r 36.6 0.01 3 21.512 0.01
r 36.8 0.01 3 21.3941 0.01
r 37 0.01 3 21.2809 0.01
r 37.2 0.01 3 21.1624 0.01
r 37.4 0.01 3 21.0464 0.01
r 37.6 0.01 3 20.9306 0.01
r 37.8 0.01 3 20.8148 0.01
r 38 0.01 3 20.7059 0.01
r 38.2 0.01 3 20.5864 0.01
r 38.4 0.01 3 20.4725 0.01
r 38.6 0.01 3 20.359 0.01
r 38.8 0.01 3 20.2453 0.01
r 39 0.01 3 20.1309 0.01
r 39.2 0.01 3 20.0218 0.01
r 39.4 0.01 3 19.9033 0.01
r 39.6 0.01 3 19.7881 0.01
r 39.8 0.01 3 19.6723 0.01
r 40 0.01 3 19.555 0.01
r 40.2 0.01 3 19.4359 0.01
r 40.4 0.01 3 19.3176 0.01
r 40.6 0.01 3 19.1925 0.01
r 40.8 0.01 3 19.0703 0.01
r 41 0.01 3 18.9637 0.01
r 41.2 0.01 3 18.8403 0.01
r 41.4 0.01 3 18.7204 0.01
r 41.6 0.01 3 18.6017 0.01
r 41.8 0.01 3 18.4841 0.01
r 42 0.01 3 18.368 0.01
r 42.2 0.01 3 18.2527 0.01
r 42.4 0.01 3 18.1376 0.01
r 42.6 0.01 3 18.0255 0.01
r 42.8 0.01 3 17.9055 0.01
r 43 0.01 3 17.8292 0.01
r 43.2 0.01 3 17.7162 0.01
r 43.4 0.01 3 17.584 0.01
r 43.6 0.01 3 17.4861 0.01
r 43.8 0.01 3 17.3746 0.01
r 44 0.01 3 17.2554 0.01
r 44.2 0.01 3 17.1444 0.01
r 44.4 0.01 3 17.0337 0.01
r 44.6 0.01 3 16.9187 0.01
r 44.8 0.01 3 16.8102 0.01
r 45 0.01 3 16.7047 0.01
r 45.2 0.01 3 16.5933 0.01
r 45.4 0.01 3 16.4894 0.01
r 45.6 0.01 3 16.3803 0.01
r 45.8 0.01 3 16.2767 0.01
r 46 0.01 3 16.1767 0.01
r 46.2 0.01 3 16.0823 0.01
r 46.4 0.01 3 15.9758 0.01
r 46.6 0.01 3 15.8812 0.01
r 46.8 0.01 3 15.7704 0.01
r 47 0.01 3 15.662 0.01
r 47.2 0.01 3 15.5705 0.01
r 47.4 0.01 3 15.449 0.01
r 47.6 0.01 3 15.3365 0.01
r 47.8 0.01 3 15.2353 0.01
r 48 0.01 3 15.1155 0.01
r 48.2 0.01 3 14.8977 0.01
r 48.4 0.01 3 14.8134 0.01
r 48.6 0.01 3 14.6433 0.01
r 48.8 0.01 3 14.5347 0.01
r 49 0.01 3 14.4275 0.01
r 49.2 0.01 3 14.2951 0.01
r 49.4 0.01 3 14.1646 0.01
r 49.6 0.01 3 14.0353 0.01
r 49.8 0.01 3 13.9069 0.01
r 50 0.01 3 13.7776 0.01
r 50.2 0.01 3 13.6532 0.01
r 50.4 0.01 3 13.5275 0.01
r 50.6 0.01 3 13.4024 0.01
r 50.8 0.01 3 13.2755 0.01
r 51 0.01 3 13.1544 0.01
r 51.2 0.01 3 13.0287 0.01
r 51.4 0.01 3 12.9063 0.01
r 51.6 0.01 3 12.7872 0.01
r 51.8 0.01 3 12.6642 0.01
r 52 0.01 3 12.547 0.01
r 52.2 0.01 3 12.4278 0.01
r 52.4 0.01 3 12.3085 0.01
r 52.6 0.01 3 12.1894 0.01
r 52.8 0.01 3 12.0703 0.01
r 53 0.01 3 11.9287 0.01
r 53.2 0.01 3 11.801 0.01
r 53.4 0.01 3 11.6871 0.01
r 53.6 0.01 3 11.5572 0.01
r 53.8 0.01 3 11.4443 0.01
r 54 0.01 3 11.3158 0.01
r 54.2 0.01 3 11.1856 0.01
r 54.4 0.01 3 11.0614 0.01
r 54.6 0.01 3 10.937 0.01
r 54.8 0.01 3 10.8186 0.01
r 55 0.01 3 10.697 0.01
r 55.2 0.01 3 10.5771 0.01
r 55.4 0.01 3 10.4686 0.01
r 55.6 0.01 3 10.3453 0.01
r 55.8 0.01 3 10.2177 0.01
r 56 0.01 3 10.1307 0.01
r 56.2 0.01 3 9.99142 0.01
r 56.4 0.01 3 9.8754 0.01
r 56.6 0.01 3 9.75847 0.01
r 56.8 0.01 3 9.63043 0.01
r 57 0.01 3 9.51641 0.01
r 57.2 0.01 3 9.4028 0.01
r 57.4 0.01 3 9.28702 0.01
r 57.6 0.01 3 9.16598 0.01
r 57.8 0.01 3 9.04808 0.01
r 58 0.01 3 8.95125 0.01
r 58.2 0.01 3 8.8199 0.01
r 58.4 0.01 3 8.72457 0.01
r 58.6 0.01 3 8.59488 0.01
r 58.8 0.01 3 8.49667 0.01
r 59 0.01 3 8.37911 0.01
r 59.2 0.01 3 8.26013 0.01
r 59.4 0.01 3 8.16604 0.01
r 59.6 0.01 3 8.04738 0.01
r 59.8 0.01 3 7.92807 0.01
r 60 0.01 3 7.81492 0.01
r 60.2 0.01 3 7.72529 0.01
r 60.4 0.01 3 7.59058 0.01
r 60.6 0.01 3 7.47812 0.01
r 60.8 0.01 3 7.37265 0.01
r 61 0.01 3 7.24511 0.01
r 61.2 0.01 3 7.13525 0.01
r 61.4 0.01 3 7.03021 0.01
r 61.6 0.01 3 6.91662 0.01
r 61.8 0.01 3 6.81627 0.01
r 62 0.01 3 6.70215 0.01
r 62.2 0.01 3 6.5995 0.01
r 62.4 0.01 3 6.49681 0.01
r 62.6 0.01 3 6.39111 0.01
r 62.8 0.01 3 6.28767 0.01
r 63 0.01 3 6.19061 0.01
r 63.2 0.01 3 6.08909 0.01
r 63.4 0.01 3 5.99064 0.01
r 63.6 0.01 3 5.89225 0.01
r 63.8 0.01 3 5.80547 0.01
r 64 0.01 3 5.70753 0.01
r 64.2 0.01 3 5.61451 0.01
r 64.4 0.01 3 5.52571 0.01
r 64.6 0.01 3 5.43847 0.01
r 64.8 0.01 3 5.34686 0.01
r 65 0.01 3 5.27437 0.01
r 65.2 0.01 3 5.18316 0.01
r 65.4 0.01 3 5.10123 0.01
r 65.6 0.01 3 5.02431 0.01
r 65.8 0.01 3 4.94895 0.01
r 66 0.01 3 4.87411 0.01
r 66.2 0.01 3 4.8087 0.01
r 66.4 0.01 3 4.73245 0.01
r 66.6 0.01 3 4.66176 0.01
r 66.8 0.01 3 4.59624 0.01
r 67 0.01 3 4.53587 0.01
r 67.2 0.01 3 4.47604 0.01
r 67.4 0.01 3 4.42219 0.01
r 67.6 0.01 3 4.37436 0.01
r 67.8 0.01 3 4.32259 0.01
r 68 0.01 3 4.27735 0.01
r 68.2 0.01 3 4.23653 0.01
r 68.4 0.01 3 4.19952 0.01
r 68.6 0.01 3 4.16609 0.01
r 68.8 0.01 3 4.13737 0.01
r 69 0.01 3 4.11193 0.01
r 69.2 0.01 3 4.09166 0.01
r 69.4 0.01 3 4.07587 0.01
r 69.6 0.01 3 4.06458 0.01
r 69.8 0.01 3 4.0586 0.01
r 70 0.01 3 4.05597 0.01
