5
s 30 2 402
r 30 0.01 2 1.34062 0.01
r 30.2 0.01 2 1.34716 0.01
r 30.4 0.01 2 1.36698 0.01
r 30.6 0.01 2 1.39953 0.01
r 30.8 0.01 2 1.44391 0.01
r 31 0.01 2 1.49893 0.01
r 31.2 0.01 2 1.56369 0.01
r 31.4 0.01 2 1.63687 0.01
r 31.6 0.01 2 1.71725 0.01
r 31.8 0.01 2 1.80398 0.01
r 32 0.01 2 1.89611 0.01
r 32.2 0.01 2 1.9928 0.01
r 32.4 0.01 2 2.09339 0.01
r 32.6 0.01 2 2.19756 0.01
r 32.8 0.01 2 2.30479 0.01
r 33 0.01 2 2.41407 0.01
r 33.2 0.01 2 2.52585 0.01
r 33.4 0.01 2 2.63944 0.01
r 33.6 0.01 2 2.75462 0.01
r 33.8 0.01 2 2.87104 0.01
r 34 0.01 2 2.98861 0.01
r 34.2 0.01 2 3.10713 0.01
r 34.4 0.01 2 3.22612 0.01
r 34.6 0.01 2 3.34564 0.01
r 34.8 0.01 2 3.46515 0.01
r 35 0.01 2 3.58453 0.01
r 35.2 0.01 2 3.70444 0.01
r 35.4 0.01 2 3.8243 0.01
r 35.6 0.01 2 3.94423 0.01
r 35.8 0.01 2 4.06384 0.01
r 36 0.01 2 4.18363 0.01
r 36.2 0.01 2 4.30333 0.01
r 36.4 0.01 2 4.42397 0.01
r 36.6 0.01 2 4.54532 0.01
r 36.8 0.01 2 4.6675 0.01
r 37 0.01 2 4.79076 0.01
r 37.2 0.01 2 4.9137 0.01
r 37.4 0.01 2 5.03873 0.01
r 37.6 0.01 2 5.16356 0.01
r 37.8 0.01 2 5.28948 0.01
r 38 0.01 2 5.41628 0.01
r 38.2 0.01 2 5.54375 0.01
r 38.4 0.01 2 5.67165 0.01
r 38.6 0.01 2 5.80083 0.01
r 38.8 0.01 2 5.93129 0.01
r 39 0.01 2 6.06574 0.01
r 39.2 0.01 2 6.19617 0.01
r 39.4 0.01 2 6.33222 0.01
r 39.6 0.01 2 6.46589 0.01
r 39.8 0.01 2 6.60369 0.01
r 40 0.01 2 6.74038 0.01
r 40.2 0.01 2 6.87949 0.01
r 40.4 0.01 2 7.0228 0.01
r 40.6 0.01 2 7.15755 0.01
r 40.8 0.01 2 7.29759 0.01
r 41 0.01 2 7.43647 0.01
r 41.2 0.01 2 7.57964 0.01
r 41.4 0.01 2 7.72138 0.01
r 41.6 0.01 2 7.85703 0.01
r 41.8 0.01 2 7.99885 0.01
r 42 0.01 2 8.14043 0.01
r 42.2 0.01 2 8.28302 0.01
r 42.4 0.01 2 8.42788 0.01
r 42.6 0.01 2 8.56981 0.01
r 42.8 0.01 2 8.71474 0.01
r 43 0.01 2 8.89176 0.01
r 43.2 0.01 2 9.02323 0.01
r 43.4 0.01 2 9.15436 0.01
r 43.6 0.01 2 9.28481 0.01
r 43.8 0.01 2 9.41439 0.01
r 44 0.01 2 9.54308 0.01
r 44.2 0.01 2 9.67039 0.01
r 44.4 0.01 2 9.79652 0.01
r 44.6 0.01 2 9.92251 0.01
r 44.8 0.01 2 10.0498 0.01
r 45 0.01 2 10.1723 0.01
r 45.2 0.01 2 10.2973 0.01
r 45.4 0.01 2 10.4226 0.01
r 45.6 0.01 2 10.5482 0.01
r 45.8 0.01 2 10.6739 0.01
r 46 0.01 2 10.7998 0.01
r 46.2 0.01 2 10.9257 0.01
r 46.4 0.01 2 11.0512 0.01
r 46.6 0.01 2 11.1762 0.01
r 46.8 0.01 2 11.3011 0.01
r 47 0.01 2 11.3944 0.01
r 47.2 0.01 2 11.5154 0.01
r 47.4 0.01 2 11.6375 0.01
r 47.6 0.01 2 11.7572 0.01
r 47.8 0.01 2 11.8765 0.01
r 48 0.01 2 11.9956 0.01
r 48.2 0.01 2 12.1144 0.01
r 48.4 0.01 2 12.232 0.01
r 48.6 0.01 2 12.3461 0.01
r 48.8 0.01 2 12.4617 0.01
r 49 0.01 2 12.5701 0.01
r 49.2 0.01 2 12.684 0.01
r 49.4 0.01 2 12.7989 0.01
r 49.6 0.01 2 12.9147 0.01
r 49.8 0.01 2 13.0316 0.01
r 50 0.01 2 13.1459 0.01
r 50.2 0.01 2 13.2566 0.01
r 50.4 0.01 2 13.377 0.01
r 50.6 0.01 2 13.4937 0.01
r 50.8 0.01 2 13.6118 0.01
r 51 0.01 2 13.7202 0.01
r 51.2 0.01 2 13.8373 0.01
r 51.4 0.01 2 13.9554 0.01
r 51.6 0.01 2 14.0727 0.01
r 51.8 0.01 2 14.1929 0.01
r 52 0.01 2 14.3132 0.01
r 52.2 0.01 2 14.4316 0.01
r 52.4 0.01 2 14.551 0.01
r 52.6 0.01 2 14.6708 0.01
r 52.8 0.01 2 14.7915 0.01
r 53 0.01 2 14.9092 0.01
r 53.2 0.01 2 15.0303 0.01
r 53.4 0.01 2 15.1519 0.01
r 53.6 0.01 2 15.2736 0.01
r 53.8 0.01 2 15.396 0.01
r 54 0.01 2 15.5187 0.01
r 54.2 0.01 2 15.6421 0.01
r 54.4 0.01 2 15.765 0.01
r 54.6 0.01 2 15.8879 0.01
r 54.8 0.01 2 16.0116 0.01
r 55 0.01 2 16.1355 0.01
r 55.2 0.01 2 16.2583 0.01
r 55.4 0.01 2 16.3813 0.01
r 55.6 0.01 2 16.5044 0.01
r 55.8 0.01 2 16.6276 0.01
r 56 0.01 2 16.7511 0.01
r 56.2 0.01 2 16.8748 0.01
r 56.4 0.01 2 16.9986 0.01
r 56.6 0.01 2 17.1233 0.01
r 56.8 0.01 2 17.2481 0.01
r 57 0.01 2 17.3738 0.01
r 57.2 0.01 2 17.4995 0.01
r 57.4 0.01 2 17.6256 0.01
r 57.6 0.01 2 17.7524 0.01
r 57.8 0.01 2 17.8797 0.01
r 58 0.01 2 18.0074 0.01
r 58.2 0.01 2 18.1359 0.01
r 58.4 0.01 2 18.265 0.01
r 58.6 0.01 2 18.3953 0.01
r 58.8 0.01 2 18.527 0.01
r 59 0.01 2 18.6592 0.01
r 59.2 0.01 2 18.7924 0.01
r 59.4 0.01 2 18.927 0.01
r 59.6 0.01 2 19.0627 0.01
r 59.8 0.01 2 19.1993 0.01
r 60 0.01 2 19.3363 0.01
r 60.2 0.01 2 19.4752 0.01
r 60.4 0.01 2 19.6149 0.01
r 60.6 0.01 2 19.7545 0.01
r 60.8 0.01 2 19.8956 0.01
r 61 0.01 2 20.0348 0.01
r 61.2 0.01 2 20.1762 0.01
r 61.4 0.01 2 20.318 0.01
r 61.6 0.01 2 20.4606 0.01
r 61.8 0.01 2 20.6031 0.01
r 62 0.01 2 20.7464 0.01
r 62.2 0.01 2 20.8899 0.01
r 62.4 0.01 2 21.0331 0.01
r 62.6 0.01 2 21.1763 0.01
r 62.8 0.01 2 21.3188 0.01
r 63 0.01 2 21.4618 0.01
r 63.2 0.01 2 21.6044 0.01
r 63.4 0.01 2 21.7467 0.01
r 63.6 0.01 2 21.8891 0.01
r 63.8 0.01 2 22.0309 0.01
r 64 0.01 2 22.1723 0.01
r 64.2 0.01 2 22.3135 0.01
r 64.4 0.01 2 22.4539 0.01
r 64.6 0.01 2 22.5927 0.01
r 64.8 0.01 2 22.7309 0.01
r 65 0.01 2 22.7412 0.01
r 65.2 0.01 2 22.8649 0.01
r 65.4 0.01 2 22.9877 0.01
r 65.6 0.01 2 23.1105 0.01
r 65.8 0.01 2 23.2349 0.01
r 66 0.01 2 23.3598 0.01
r 66.2 0.01 2 23.4828 0.01
r 66.4 0.01 2 23.6066 0.01
r 66.6 0.01 2 23.7289 0.01
r 66.8 0.01 2 23.8533 0.01
r 67 0.01 2 23.9746 0.01
r 67.2 0.01 2 24.0982 0.01
r 67.4 0.01 2 24.222 0.01
r 67.6 0.01 2 24.3455 0.01
r 67.8 0.01 2 24.4685 0.01
r 68 0.01 2 24.5915 0.01
r 68.2 0.01 2 24.7129 0.01
r 68.4 0.01 2 24.8335 0.01
r 68.6 0.01 2 24.9539 0.01
r 68.8 0.01 2 25.0752 0.01
r 69 0.01 2 25.195 0.01
r 69.2 0.01 2 25.3162 0.01
r 69.4 0.01 2 25.4357 0.01
r 69.6 0.01 2 25.5563 0.01
r 69.8 0.01 2 25.676 0.01
r 70 0.01 2 25.7958 0.01
r 30 0.01 3 4.03422 0.01
r 30.2 0.01 3 4.03557 0.01
r 30.4 0.01 3 4.04085 0.01
r 30.6 0.01 3 4.0509 0.01
r 30.8 0.01 3 4.06535 0.01
r 31 0.01 3 4.08442 0.01
r 31.2 0.01 3 4.1075 0.01
r 31.4 0.01 3 4.13475 0.01
r 31.6 0.01 3 4.16612 0.01
r 31.8 0.01 3 4.20153 0.01
r 32 0.01 3 4.2412 0.01
r 32.2 0.01 3 4.2844 0.01
r 32.4 0.01 3 4.33111 0.01
r 32.6 0.01 3 4.38152 0.01
r 32.8 0.01 3 4.43501 0.01
r 33 0.01 3 4.49295 0.01
r 33.2 0.01 3 4.55278 0.01
r 33.4 0.01 3 4.61505 0.01
r 33.6 0.01 3 4.68063 0.01
r 33.8 0.01 3 4.74887 0.01
r 34 0.01 3 4.81895 0.01
r 34.2 0.01 3 4.89192 0.01
r 34.4 0.01 3 4.96779 0.01
r 34.6 0.01 3 5.04586 0.01
r 34.8 0.01 3 5.1252 0.01
r 35 0.01 3 5.23791 0.01
r 35.2 0.01 3 5.30466 0.01
r 35.4 0.01 3 5.37989 0.01
r 35.6 0.01 3 5.46432 0.01
r 35.8 0.01 3 5.5509 0.01
r 36 0.01 3 5.64129 0.01
r 36.2 0.01 3 5.73568 0.01
r 36.4 0.01 3 5.83229 0.01
r 36.6 0.01 3 5.93379 0.01
r 36.8 0.01 3 6.0347 0.01
r 37 0.01 3 6.12889 0.01
r 37.2 0.01 3 6.22765 0.01
r 37.4 0.01 3 6.33528 0.01
r 37.6 0.01 3 6.43662 0.01
r 37.8 0.01 3 6.53666 0.01
r 38 0.01 3 6.65353 0.01
r 38.2 0.01 3 6.74835 0.01
r 38.4 0.01 3 6.84862 0.01
r 38.6 0.01 3 6.95225 0.01
r 38.8 0.01 3 7.05928 0.01
r 39 0.01 3 7.17588 0.01
r 39.2 0.01 3 7.29532 0.01
r 39.4 0.01 3 7.44754 0.01
r 39.6 0.01 3 7.55437 0.01
r 39.8 0.01 3 7.65426 0.01
r 40 0.01 3 7.75994 0.01
r 40.2 0.01 3 7.86803 0.01
r 40.4 0.01 3 7.97676 0.01
r 40.6 0.01 3 8.18619 0.01
r 40.8 0.01 3 8.19097 0.01
r 41 0.01 3 8.34529 0.01
r 41.2 0.01 3 8.44877 0.01
r 41.4 0.01 3 8.5592 0.01
r 41.6 0.01 3 8.66388 0.01
r 41.8 0.01 3 8.7804 0.01
r 42 0.01 3 8.89381 0.01
r 42.2 0.01 3 8.99956 0.01
r 42.4 0.01 3 9.1125 0.01
r 42.6 0.01 3 9.27335 0.01
r 42.8 0.01 3 9.34152 0.01
r 43 0.01 3 9.47225 0.01
r 43.2 0.01 3 9.64719 0.01
r 43.4 0.01 3 9.68861 0.01
r 43.6 0.01 3 9.88283 0.01
r 43.8 0.01 3 9.95208 0.01
r 44 0.01 3 10.0713 0.01
r 44.2 0.01 3 10.1739 0.01
r 44.4 0.01 3 10.2679 0.01
r 44.6 0.01 3 10.379 0.01
r 44.8 0.01 3 10.4846 0.01
r 45 0.01 3 10.5831 0.01
r 45.2 0.01 3 10.7106 0.01
r 45.4 0.01 3 10.8207 0.01
r 45.6 0.01 3 10.9318 0.01
r 45.8 0.01 3 11.0448 0.01
r 46 0.01 3 11.1585 0.01
r 46.2 0.01 3 11.2729 0.01
r 46.4 0.01 3 11.3874 0.01
r 46.6 0.01 3 11.5088 0.01
r 46.8 0.01 3 11.6247 0.01
r 47 0.01 3 11.7423 0.01
r 47.2 0.01 3 11.8753 0.01
r 47.4 0.01 3 11.9893 0.01
r 47.6 0.01 3 12.1047 0.01
r 47.8 0.01 3 12.2199 0.01
r 48 0.01 3 12.335 0.01
r 48.2 0.01 3 12.451 0.01
r 48.4 0.01 3 12.5663 0.01
r 48.6 0.01 3 12.6818 0.01
r 48.8 0.01 3 12.7965 0.01
r 49 0.01 3 12.9109 0.01
r 49.2 0.01 3 13.026 0.01
r 49.4 0.01 3 13.1397 0.01
r 49.6 0.01 3 13.2543 0.01
r 49.8 0.01 3 13.3687 0.01
r 50 0.01 3 13.483 0.01
r 50.2 0.01 3 13.5967 0.01
r 50.4 0.01 3 13.7125 0.01
r 50.6 0.01 3 13.8347 0.01
r 50.8 0.01 3 13.9522 0.01
r 51 0.01 3 14.0625 0.01
r 51.2 0.01 3 14.1879 0.01
r 51.4 0.01 3 14.3058 0.01
r 51.6 0.01 3 14.4245 0.01
r 51.8 0.01 3 14.5438 0.01
r 52 0.01 3 14.6625 0.01
r 52.2 0.01 3 14.7809 0.01
r 52.4 0.01 3 14.8928 0.01
r 52.6 0.01 3 15.0204 0.01
r 52.8 0.01 3 15.1407 0.01
r 53 0.01 3 15.2535 0.01
r 53.2 0.01 3 15.3854 0.01
r 53.4 0.01 3 15.5073 0.01
r 53.6 0.01 3 15.6292 0.01
r 53.8 0.01 3 15.7495 0.01
r 54 0.01 3 15.8626 0.01
r 54.2 0.01 3 15.9857 0.01
r 54.4 0.01 3 16.1204 0.01
r 54.6 0.01 3 16.241 0.01
r 54.8 0.01 3 16.367 0.01
r 55 0.01 3 16.5273 0.01
r 55.2 0.01 3 16.651 0.01
r 55.4 0.01 3 16.7752 0.01
r 55.6 0.01 3 16.8972 0.01
r 55.8 0.01 3 17.0216 0.01
r 56 0.01 3 17.145 0.01
r 56.2 0.01 3 17.2678 0.01
r 56.4 0.01 3 17.3927 0.01
r 56.6 0.01 3 17.5161 0.01
r 56.8 0.01 3 17.6413 0.01
r 57 0.01 3 17.7668 0.01
r 57.2 0.01 3 17.8925 0.01
r 57.4 0.01 3 18.0193 0.01
r 57.6 0.01 3 18.1457 0.01
r 57.8 0.01 3 18.2726 0.01
r 58 0.01 3 18.4017 0.01
r 58.2 0.01 3 18.529 0.01
r 58.4 0.01 3 18.6583 0.01
r 58.6 0.01 3 18.7899 0.01
r 58.8 0.01 3 18.9205 0.01
r 59 0.01 3 19.0527 0.01
r 59.2 0.01 3 19.1854 0.01
r 59.4 0.01 3 19.3203 0.01
r 59.6 0.01 3 19.456 0.01
r 59.8 0.01 3 19.5931 0.01
r 60 0.01 3 19.73 0.01
r 60.2 0.01 3 19.8678 0.01
r 60.4 0.01 3 20.0078 0.01
r 60.6 0.01 3 20.1477 0.01
r 60.8 0.01 3 20.2875 0.01
r 61 0.01 3 20.4284 0.01
r 61.2 0.01 3 20.5694 0.01
r 61.4 0.01 3 20.7118 0.01
r 61.6 0.01 3 20.8538 0.01
r 61.8 0.01 3 21.0069 0.01
r 62 0.01 3 21.1401 0.01
r 62.2 0.01 3 21.2829 0.01
r 62.4 0.01 3 21.4267 0.01
r 62.6 0.01 3 21.57 0.01
r 62.8 0.01 3 21.7127 0.01
r 63 0.01 3 21.8553 0.01
r 63.2 0.01 3 21.9979 0.01
r 63.4 0.01 3 22.1404 0.01
r 63.6 0.01 3 22.283 0.01
r 63.8 0.01 3 22.4328 0.01
r 64 0.01 3 22.5762 0.01
r 64.2 0.01 3 22.7062 0.01
r 64.4 0.01 3 22.8438 0.01
r 64.6 0.01 3 22.9746 0.01
r 64.8 0.01 3 23.1018 0.01
r 65 0.01 3 23.1331 0.01
r 65.2 0.01 3 23.2638 0.01
r 65.4 0.01 3 23.3791 0.01
r 65.6 0.01 3 23.5011 0.01
r 65.8 0.01 3 23.6255 0.01
r 66 0.01 3 23.7491 0.01
r 66.2 0.01 3 23.8732 0.01
r 66.4 0.01 3 24.0071 0.01
r 66.6 0.01 3 24.1211 0.01
r 66.8 0.01 3 24.2442 0.01
r 67 0.01 3 24.2959 0.01
r 67.2 0.01 3 24.4139 0.01
r 67.4 0.01 3 24.5354 0.01
r 67.6 0.01 3 24.6525 0.01
r 67.8 0.01 3 24.7789 0.01
r 68 0.01 3 24.9011 0.01
r 68.2 0.01 3 25.0209 0.01
r 68.4 0.01 3 25.142 0.01
r 68.6 0.01 3 25.2628 0.01
r 68.8 0.01 3 25.3814 0.01
r 69 0.01 3 25.4895 0.01
r 69.2 0.01 3 25.6101 0.01
r 69.4 0.01 3 25.7302 0.01
r 69.6 0.01 3 25.8467 0.01
r 69.8 0.01 3 25.9772 0.01
r 70 0.01 3 26.096 0.01
s 40 2 402
r 30 0.01 2 6.53363 0.01
r 30.2 0.01 2 6.41225 0.01
r 30.4 0.01 2 6.2893 0.01
r 30.6 0.01 2 6.1643 0.01
r 30.8 0.01 2 6.04495 0.01
r 31 0.01 2 5.91955 0.01
r 31.2 0.01 2 5.79615 0.01
r 31.4 0.01 2 5.67294 0.01
r 31.6 0.01 2 5.5524 0.01
r 31.8 0.01 2 5.42754 0.01
r 32 0.01 2 5.30375 0.01
r 32.2 0.01 2 5.17969 0.01
r 32.4 0.01 2 5.05565 0.01
r 32.6 0.01 2 4.93226 0.01
r 32.8 0.01 2 4.80737 0.01
r 33 0.01 2 4.68354 0.01
r 33.2 0.01 2 4.56107 0.01
r 33.4 0.01 2 4.43884 0.01
r 33.6 0.01 2 4.31698 0.01
r 33.8 0.01 2 4.19536 0.01
r 34 0.01 2 4.07381 0.01
r 34.2 0.01 2 3.95255 0.01
r 34.4 0.01 2 3.83136 0.01
r 34.6 0.01 2 3.71057 0.01
r 34.8 0.01 2 3.59005 0.01
r 35 0.01 2 3.47032 0.01
r 35.2 0.01 2 3.35089 0.01
r 35.4 0.01 2 3.2321 0.01
r 35.6 0.01 2 3.11419 0.01
r 35.8 0.01 2 2.99769 0.01
r 36 0.01 2 2.88262 0.01
r 36.2 0.01 2 2.76883 0.01
r 36.4 0.01 2 2.65598 0.01
r 36.6 0.01 2 2.54432 0.01
r 36.8 0.01 2 2.43417 0.01
r 37 0.01 2 2.32586 0.01
r 37.2 0.01 2 2.21977 0.01
r 37.4 0.01 2 2.11639 0.01
r 37.6 0.01 2 2.01625 0.01
r 37.8 0.01 2 1.92031 0.01
r 38 0.01 2 1.82847 0.01
r 38.2 0.01 2 1.74135 0.01
r 38.4 0.01 2 1.65939 0.01
r 38.6 0.01 2 1.58354 0.01
r 38.8 0.01 2 1.5145 0.01
r 39 0.01 2 1.4537 0.01
r 39.2 0.01 2 1.40196 0.01
r 39.4 0.01 2 1.36064 0.01
r 39.6 0.01 2 1.3308 0.01
r 39.8 0.01 2 1.31333 0.01
r 40 0.01 2 1.30886 0.01
r 40.2 0.01 2 1.31671 0.01
r 40.4 0.01 2 1.3376 0.01
r 40.6 0.01 2 1.37099 0.01
r 40.8 0.01 2 1.41611 0.01
r 41 0.01 2 1.47305 0.01
r 41.2 0.01 2 1.53733 0.01
r 41.4 0.01 2 1.61217 0.01
r 41.6 0.01 2 1.69222 0.01
r 41.8 0.01 2 1.77961 0.01
r 42 0.01 2 1.87289 0.01
r 42.2 0.01 2 1.97051 0.01
r 42.4 0.01 2 2.07228 0.01
r 42.6 0.01 2 2.17733 0.01
r 42.8 0.01 2 2.28512 0.01
r 43 0.01 2 2.39548 0.01
r 43.2 0.01 2 2.5064 0.01
r 43.4 0.01 2 2.61949 0.01
r 43.6 0.01 2 2.7338 0.01
r 43.8 0.01 2 2.85029 0.01
r 44 0.01 2 2.96642 0.01
r 44.2 0.01 2 3.08379 0.01
r 44.4 0.01 2 3.20124 0.01
r 44.6 0.01 2 3.31895 0.01
r 44.8 0.01 2 3.43699 0.01
r 45 0.01 2 3.55555 0.01
r 45.2 0.01 2 3.67493 0.01
r 45.4 0.01 2 3.79426 0.01
r 45.6 0.01 2 3.91421 0.01
r 45.8 0.01 2 4.03456 0.01
r 46 0.01 2 4.15531 0.01
r 46.2 0.01 2 4.27593 0.01
r 46.4 0.01 2 4.39604 0.01
r 46.6 0.01 2 4.51551 0.01
r 46.8 0.01 2 4.63529 0.01
r 47 0.01 2 4.75451 0.01
r 47.2 0.01 2 4.8739 0.01
r 47.4 0.01 2 4.99286 0.01
r 47.6 0.01 2 5.11167 0.01
r 47.8 0.01 2 5.23046 0.01
r 48 0.01 2 5.34879 0.01
r 48.2 0.01 2 5.46632 0.01
r 48.4 0.01 2 5.5833 0.01
r 48.6 0.01 2 5.69967 0.01
r 48.8 0.01 2 5.81541 0.01
r 49 0.01 2 5.93081 0.01
r 49.2 0.01 2 6.04636 0.01
r 49.4 0.01 2 6.16076 0.01
r 49.6 0.01 2 6.27523 0.01
r 49.8 0.01 2 6.39263 0.01
r 50 0.01 2 6.50502 0.01
r 50.2 0.01 2 6.62286 0.01
r 50.4 0.01 2 6.73623 0.01
r 50.6 0.01 2 6.85207 0.01
r 50.8 0.01 2 6.96913 0.01
r 51 0.01 2 7.08404 0.01
r 51.2 0.01 2 7.20183 0.01
r 51.4 0.01 2 7.31968 0.01
r 51.6 0.01 2 7.43794 0.01
r 51.8 0.01 2 7.55752 0.01
r 52 0.01 2 7.67719 0.01
r 52.2 0.01 2 7.79574 0.01
r 52.4 0.01 2 7.91503 0.01
r 52.6 0.01 2 8.03545 0.01
r 52.8 0.01 2 8.15464 0.01
r 53 0.01 2 8.27409 0.01
r 53.2 0.01 2 8.39563 0.01
r 53.4 0.01 2 8.51684 0.01
r 53.6 0.01 2 8.63896 0.01
r 53.8 0.01 2 8.76145 0.01
r 54 0.01 2 8.88411 0.01
r 54.2 0.01 2 9.00642 0.01
r 54.4 0.01 2 9.12961 0.01
r 54.6 0.01 2 9.25362 0.01
r 54.8 0.01 2 9.37581 0.01
r 55 0.01 2 9.50065 0.01
r 55.2 0.01 2 9.62337 0.01
r 55.4 0.01 2 9.74679 0.01
r 55.6 0.01 2 9.86968 0.01
r 55.8 0.01 2 9.99315 0.01
r 56 0.01 2 10.1165 0.01
r 56.2 0.01 2 10.2401 0.01
r 56.4 0.01 2 10.364 0.01
r 56.6 0.01 2 10.4885 0.01
r 56.8 0.01 2 10.6134 0.01
r 57 0.01 2 10.7384 0.01
r 57.2 0.01 2 10.8642 0.01
r 57.4 0.01 2 10.991 0.01
r 57.6 0.01 2 11.117 0.01
r 57.8 0.01 2 11.2449 0.01
r 58 0.01 2 11.3728 0.01
r 58.2 0.01 2 11.5002 0.01
r 58.4 0.01 2 11.6299 0.01
r 58.6 0.01 2 11.76 0.01
r 58.8 0.01 2 11.8912 0.01
r 59 0.01 2 12.0237 0.01
r 59.2 0.01 2 12.158 0.01
r 59.4 0.01 2 12.2918 0.01
r 59.6 0.01 2 12.4272 0.01
r 59.8 0.01 2 12.5639 0.01
r 60 0.01 2 12.7016 0.01
r 60.2 0.01 2 12.8402 0.01
r 60.4 0.01 2 12.9793 0.01
r 60.6 0.01 2 13.1189 0.01
r 60.8 0.01 2 13.2591 0.01
r 61 0.01 2 13.4001 0.01
r 61.2 0.01 2 13.5413 0.01
r 61.4 0.01 2 13.6831 0.01
r 61.6 0.01 2 13.8253 0.01
r 61.8 0.01 2 13.968 0.01
r 62 0.01 2 14.1113 0.01
r 62.2 0.01 2 14.2548 0.01
r 62.4 0.01 2 14.398 0.01
r 62.6 0.01 2 14.5425 0.01
r 62.8 0.01 2 14.6843 0.01
r 63 0.01 2 14.8268 0.01
r 63.2 0.01 2 14.969 0.01
r 63.4 0.01 2 15.1114 0.01
r 63.6 0.01 2 15.2537 0.01
r 63.8 0.01 2 15.3951 0.01
r 64 0.01 2 15.537 0.01
r 64.2 0.01 2 15.6782 0.01
r 64.4 0.01 2 15.8182 0.01
r 64.6 0.01 2 15.9572 0.01
r 64.8 0.01 2 16.0953 0.01
r 65 0.01 2 16.1067 0.01
r 65.2 0.01 2 16.2308 0.01
r 65.4 0.01 2 16.3534 0.01
r 65.6 0.01 2 16.4763 0.01
r 65.8 0.01 2 16.5994 0.01
r 66 0.01 2 16.7233 0.01
r 66.2 0.01 2 16.8471 0.01
r 66.4 0.01 2 16.9717 0.01
r 66.6 0.01 2 17.0928 0.01
r 66.8 0.01 2 17.2192 0.01
r 67 0.01 2 17.34 0.01
r 67.2 0.01 2 17.4644 0.01
r 67.4 0.01 2 17.5876 0.01
r 67.6 0.01 2 17.7115 0.01
r 67.8 0.01 2 17.8345 0.01
r 68 0.01 2 17.9569 0.01
r 68.2 0.01 2 18.0782 0.01
r 68.4 0.01 2 18.1987 0.01
r 68.6 0.01 2 18.3204 0.01
r 68.8 0.01 2 18.4401 0.01
r 69 0.01 2 18.5619 0.01
r 69.2 0.01 2 18.681 0.01
r 69.4 0.01 2 18.8015 0.01
r 69.6 0.01 2 18.9217 0.01
r 69.8 0.01 2 19.0412 0.01
r 70 0.01 2 19.1618 0.01
r 30 0.01 3 7.66977 0.01
r 30.2 0.01 3 7.55354 0.01
r 30.4 0.01 3 7.4388 0.01
r 30.6 0.01 3 7.32605 0.01
r 30.8 0.01 3 7.21414 0.01
r 31 0.01 3 7.10225 0.01
r 31.2 0.01 3 6.99376 0.01
r 31.4 0.01 3 6.88716 0.01
r 31.6 0.01 3 6.78423 0.01
r 31.8 0.01 3 6.68394 0.01
r 32 0.01 3 6.57063 0.01
r 32.2 0.01 3 6.46477 0.01
r 32.4 0.01 3 6.36152 0.01
r 32.6 0.01 3 6.31552 0.01
r 32.8 0.01 3 6.23246 0.01
r 33 0.01 3 6.05093 0.01
r 33.2 0.01 3 5.93592 0.01
r 33.4 0.01 3 5.83489 0.01
r 33.6 0.01 3 5.73861 0.01
r 33.8 0.01 3 5.64875 0.01
r 34 0.01 3 5.55962 0.01
r 34.2 0.01 3 5.47444 0.01
r 34.4 0.01 3 5.39254 0.01
r 34.6 0.01 3 5.272 0.01
r 34.8 0.01 3 5.2255 0.01
r 35 0.01 3 5.12496 0.01
r 35.2 0.01 3 5.0217 0.01
r 35.4 0.01 3 4.9386 0.01
r 35.6 0.01 3 4.85384 0.01
r 35.8 0.01 3 4.78221 0.01
r 36 0.01 3 4.70758 0.01
r 36.2 0.01 3 4.63329 0.01
r 36.4 0.01 3 4.56386 0.01
r 36.6 0.01 3 4.50077 0.01
r 36.8 0.01 3 4.44228 0.01
r 37 0.01 3 4.38875 0.01
r 37.2 0.01 3 4.34374 0.01
r 37.4 0.01 3 4.27068 0.01
r 37.6 0.01 3 4.28039 0.01
r 37.8 0.01 3 4.17025 0.01
r 38 0.01 3 4.12809 0.01
r 38.2 0.01 3 4.09124 0.01
r 38.4 0.01 3 4.05799 0.01
r 38.6 0.01 3 4.02905 0.01
r 38.8 0.01 3 4.00282 0.01
r 39 0.01 3 3.98135 0.01
r 39.2 0.01 3 3.96435 0.01
r 39.4 0.01 3 3.95168 0.01
r 39.6 0.01 3 3.94338 0.01
r 39.8 0.01 3 3.93993 0.01
r 40 0.01 3 3.94037 0.01
r 40.2 0.01 3 3.94495 0.01
r 40.4 0.01 3 3.95164 0.01
r 40.6 0.01 3 3.96389 0.01
r 40.8 0.01 3 3.98048 0.01
r 41 0.01 3 4.00302 0.01
r 41.2 0.01 3 4.02738 0.01
r 41.4 0.01 3 4.06201 0.01
r 41.6 0.01 3 4.09105 0.01
r 41.8 0.01 3 4.1272 0.01
r 42 0.01 3 4.16954 0.01
r 42.2 0.01 3 4.2168 0.01
r 42.4 0.01 3 4.26074 0.01
r 42.6 0.01 3 4.31161 0.01
r 42.8 0.01 3 4.36593 0.01
r 43 0.01 3 4.43177 0.01
r 43.2 0.01 3 4.49511 0.01
r 43.4 0.01 3 4.55452 0.01
r 43.6 0.01 3 4.64539 0.01
r 43.8 0.01 3 4.69323 0.01
r 44 0.01 3 4.76612 0.01
r 44.2 0.01 3 4.88788 0.01
r 44.4 0.01 3 4.91762 0.01
r 44.6 0.01 3 5.00065 0.01
r 44.8 0.01 3 5.08383 0.01
r 45 0.01 3 5.16494 0.01
r 45.2 0.01 3 5.29725 0.01
r 45.4 0.01 3 5.43272 0.01
r 45.6 0.01 3 5.43369 0.01
r 45.8 0.01 3 5.52591 0.01
r 46 0.01 3 5.62026 0.01
r 46.2 0.01 3 5.71398 0.01
r 46.4 0.01 3 5.81321 0.01
r 46.6 0.01 3 5.90835 0.01
r 46.8 0.01 3 6.01004 0.01
r 47 0.01 3 6.17741 0.01
r 47.2 0.01 3 6.2371 0.01
r 47.4 0.01 3 6.31421 0.01
r 47.6 0.01 3 6.4955 0.01
r 47.8 0.01 3 6.51757 0.01
r 48 0.01 3 6.6259 0.01
r 48.2 0.01 3 6.76818 0.01
r 48.4 0.01 3 6.87219 0.01
r 48.6 0.01 3 6.96111 0.01
r 48.8 0.01 3 7.07451 0.01
r 49 0.01 3 7.18482 0.01
r 49.2 0.01 3 7.3015 0.01
r 49.4 0.01 3 7.4181 0.01
r 49.6 0.01 3 7.53897 0.01
r 49.8 0.01 3 7.64891 0.01
r 50 0.01 3 7.75791 0.01
r 50.2 0.01 3 7.86537 0.01
r 50.4 0.01 3 7.98214 0.01
r 50.6 0.01 3 8.10015 0.01
r 50.8 0.01 3 8.2215 0.01
r 51 0.01 3 8.34491 0.01
r 51.2 0.01 3 8.49938 0.01
r 51.4 0.01 3 8.5689 0.01
r 51.6 0.01 3 8.67474 0.01
r 51.8 0.01 3 9.09526 0.01
r 52 0.01 3 8.92563 0.01
r 52.2 0.01 3 9.07839 0.01
r 52.4 0.01 3 9.12324 0.01
r 52.6 0.01 3 9.29444 0.01
r 52.8 0.01 3 9.39804 0.01
r 53 0.01 3 9.53377 0.01
r 53.2 0.01 3 9.64621 0.01
r 53.4 0.01 3 9.79519 0.01
r 53.6 0.01 3 9.89056 0.01
r 53.8 0.01 3 10.0129 0.01
r 54 0.01 3 10.1358 0.01
r 54.2 0.01 3 10.2509 0.01
r 54.4 0.01 3 10.3236 0.01
r 54.6 0.01 3 10.4443 0.01
r 54.8 0.01 3 10.6273 0.01
r 55 0.01 3 10.6753 0.01
r 55.2 0.01 3 10.7983 0.01
r 55.4 0.01 3 10.9213 0.01
r 55.6 0.01 3 11.0442 0.01
r 55.8 0.01 3 11.1675 0.01
r 56 0.01 3 11.2907 0.01
r 56.2 0.01 3 11.4142 0.01
r 56.4 0.01 3 11.5379 0.01
r 56.6 0.01 3 11.6622 0.01
r 56.8 0.01 3 11.7869 0.01
r 57 0.01 3 11.9887 0.01
r 57.2 0.01 3 12.0524 0.01
r 57.4 0.01 3 12.1781 0.01
r 57.6 0.01 3 12.2972 0.01
r 57.8 0.01 3 12.3724 0.01
r 58 0.01 3 12.4921 0.01
r 58.2 0.01 3 12.606 0.01
r 58.4 0.01 3 12.7142 0.01
r 58.6 0.01 3 12.8269 0.01
r 58.8 0.01 3 12.9486 0.01
r 59 0.01 3 13.0952 0.01
r 59.2 0.01 3 13.2084 0.01
r 59.4 0.01 3 13.2996 0.01
r 59.6 0.01 3 13.4245 0.01
r 59.8 0.01 3 13.5268 0.01
r 60 0.01 3 13.6377 0.01
r 60.2 0.01 3 13.7382 0.01
r 60.4 0.01 3 13.8606 0.01
r 60.6 0.01 3 13.974 0.01
r 60.8 0.01 3 14.0996 0.01
r 61 0.01 3 14.1988 0.01
r 61.2 0.01 3 14.3088 0.01
r 61.4 0.01 3 14.425 0.01
r 61.6 0.01 3 14.6056 0.01
r 61.8 0.01 3 14.6608 0.01
r 62 0.01 3 14.8121 0.01
r 62.2 0.01 3 14.9279 0.01
r 62.4 0.01 3 15.04 0.01
r 62.6 0.01 3 15.1475 0.01
r 62.8 0.01 3 15.2562 0.01
r 63 0.01 3 15.3618 0.01
r 63.2 0.01 3 15.4838 0.01
r 63.4 0.01 3 15.5917 0.01
r 63.6 0.01 3 15.7496 0.01
r 63.8 0.01 3 15.854 0.01
r 64 0.01 3 15.9575 0.01
r 64.2 0.01 3 16.0607 0.01
r 64.4 0.01 3 16.1674 0.01
r 64.6 0.01 3 16.2746 0.01
r 64.8 0.01 3 16.3824 0.01
r 65 0.01 3 16.4933 0.01
r 65.2 0.01 3 16.605 0.01
r 65.4 0.01 3 16.7382 0.01
r 65.6 0.01 3 16.8503 0.01
r 65.8 0.01 3 16.964 0.01
r 66 0.01 3 17.0773 0.01
r 66.2 0.01 3 17.194 0.01
r 66.4 0.01 3 17.3095 0.01
r 66.6 0.01 3 17.4283 0.01
r 66.8 0.01 3 17.5413 0.01
r 67 0.01 3 17.66 0.01
r 67.2 0.01 3 17.7777 0.01
r 67.4 0.01 3 17.8982 0.01
r 67.6 0.01 3 18.0187 0.01
r 67.8 0.01 3 18.1464 0.01
r 68 0.01 3 18.2534 0.01
r 68.2 0.01 3 18.3863 0.01
r 68.4 0.01 3 18.507 0.01
r 68.6 0.01 3 18.6282 0.01
r 68.8 0.01 3 18.7491 0.01
r 69 0.01 3 18.8576 0.01
r 69.2 0.01 3 18.9895 0.01
r 69.4 0.01 3 19.1129 0.01
r 69.6 0.01 3 19.2175 0.01
r 69.8 0.01 3 19.3327 0.01
r 70 0.01 3 19.458 0.01
s 50 2 402
r 30 0.01 2 12.6911 0.01
r 30.2 0.01 2 12.5686 0.01
r 30.4 0.01 2 12.445 0.01
r 30.6 0.01 2 12.3226 0.01
r 30.8 0.01 2 12.1979 0.01
r 31 0.01 2 12.074 0.01
r 31.2 0.01 2 11.9512 0.01
r 31.4 0.01 2 11.8278 0.01
r 31.6 0.01 2 11.7039 0.01
r 31.8 0.01 2 11.5805 0.01
r 32 0.01 2 11.4565 0.01
r 32.2 0.01 2 11.3326 0.01
r 32.4 0.01 2 11.2095 0.01
r 32.6 0.01 2 11.0879 0.01
r 32.8 0.01 2 10.9645 0.01
r 33 0.01 2 10.8413 0.01
r 33.2 0.01 2 10.7188 0.01
r 33.4 0.01 2 10.5956 0.01
r 33.6 0.01 2 10.4747 0.01
r 33.8 0.01 2 10.3543 0.01
r 34 0.01 2 10.2326 0.01
r 34.2 0.01 2 10.1113 0.01
r 34.4 0.01 2 9.98998 0.01
r 34.6 0.01 2 9.8692 0.01
r 34.8 0.01 2 9.74881 0.01
r 35 0.01 2 9.62633 0.01
r 35.2 0.01 2 9.50673 0.01
r 35.4 0.01 2 9.38707 0.01
r 35.6 0.01 2 9.26727 0.01
r 35.8 0.01 2 9.14746 0.01
r 36 0.01 2 9.02927 0.01
r 36.2 0.01 2 8.90911 0.01
r 36.4 0.01 2 8.79113 0.01
r 36.6 0.01 2 8.67123 0.01
r 36.8 0.01 2 8.55137 0.01
r 37 0.01 2 8.43567 0.01
r 37.2 0.01 2 8.31581 0.01
r 37.4 0.01 2 8.19815 0.01
r 37.6 0.01 2 8.07868 0.01
r 37.8 0.01 2 7.96145 0.01
r 38 0.01 2 7.84381 0.01
r 38.2 0.01 2 7.72659 0.01
r 38.4 0.01 2 7.60974 0.01
r 38.6 0.01 2 7.49326 0.01
r 38.8 0.01 2 7.37696 0.01
r 39 0.01 2 7.26531 0.01
r 39.2 0.01 2 7.15101 0.01
r 39.4 0.01 2 7.03422 0.01
r 39.6 0.01 2 6.91356 0.01
r 39.8 0.01 2 6.79745 0.01
r 40 0.01 2 6.67787 0.01
r 40.2 0.01 2 6.55682 0.01
r 40.4 0.01 2 6.43739 0.01
r 40.6 0.01 2 6.3183 0.01
r 40.8 0.01 2 6.19732 0.01
r 41 0.01 2 6.07637 0.01
r 41.2 0.01 2 5.95586 0.01
r 41.4 0.01 2 5.83556 0.01
r 41.6 0.01 2 5.71417 0.01
r 41.8 0.01 2 5.59437 0.01
r 42 0.01 2 5.47653 0.01
r 42.2 0.01 2 5.35456 0.01
r 42.4 0.01 2 5.23335 0.01
r 42.6 0.01 2 5.11402 0.01
r 42.8 0.01 2 4.99523 0.01
r 43 0.01 2 4.87618 0.01
r 43.2 0.01 2 4.75956 0.01
r 43.4 0.01 2 4.63997 0.01
r 43.6 0.01 2 4.52184 0.01
r 43.8 0.01 2 4.40248 0.01
r 44 0.01 2 4.28259 0.01
r 44.2 0.01 2 4.16039 0.01
r 44.4 0.01 2 4.03781 0.01
r 44.6 0.01 2 3.91317 0.01
r 44.8 0.01 2 3.78951 0.01
r 45 0.01 2 3.66626 0.01
r 45.2 0.01 2 3.54237 0.01
r 45.4 0.01 2 3.41827 0.01
r 45.6 0.01 2 3.29519 0.01
r 45.8 0.01 2 3.17278 0.01
r 46 0.01 2 3.05094 0.01
r 46.2 0.01 2 2.9296 0.01
r 46.4 0.01 2 2.81016 0.01
r 46.6 0.01 2 2.69122 0.01
r 46.8 0.01 2 2.57408 0.01
r 47 0.01 2 2.45847 0.01
r 47.2 0.01 2 2.34544 0.01
r 47.4 0.01 2 2.23411 0.01
r 47.6 0.01 2 2.12544 0.01
r 47.8 0.01 2 2.02027 0.01
r 48 0.01 2 1.91862 0.01
r 48.2 0.01 2 1.82184 0.01
r 48.4 0.01 2 1.73102 0.01
r 48.6 0.01 2 1.64689 0.01
r 48.8 0.01 2 1.5704 0.01
r 49 0.01 2 1.50286 0.01
r 49.2 0.01 2 1.44505 0.01
r 49.4 0.01 2 1.39825 0.01
r 49.6 0.01 2 1.36344 0.01
r 49.8 0.01 2 1.34145 0.01
r 50 0.01 2 1.33278 0.01
r 50.2 0.01 2 1.33872 0.01
r 50.4 0.01 2 1.35786 0.01
r 50.6 0.01 2 1.38961 0.01
r 50.8 0.01 2 1.43305 0.01
r 51 0.01 2 1.48714 0.01
r 51.2 0.01 2 1.55045 0.01
r 51.4 0.01 2 1.62228 0.01
r 51.6 0.01 2 1.70117 0.01
r 51.8 0.01 2 1.78632 0.01
r 52 0.01 2 1.87654 0.01
r 52.2 0.01 2 1.97194 0.01
r 52.4 0.01 2 2.07105 0.01
r 52.6 0.01 2 2.17418 0.01
r 52.8 0.01 2 2.28012 0.01
r 53 0.01 2 2.38794 0.01
r 53.2 0.01 2 2.49854 0.01
r 53.4 0.01 2 2.61097 0.01
r 53.6 0.01 2 2.72482 0.01
r 53.8 0.01 2 2.84026 0.01
r 54 0.01 2 2.95673 0.01
r 54.2 0.01 2 3.07445 0.01
r 54.4 0.01 2 3.19302 0.01
r 54.6 0.01 2 3.31227 0.01
r 54.8 0.01 2 3.43217 0.01
r 55 0.01 2 3.55272 0.01
r 55.2 0.01 2 3.67359 0.01
r 55.4 0.01 2 3.79464 0.01
r 55.6 0.01 2 3.91627 0.01
r 55.8 0.01 2 4.03809 0.01
r 56 0.01 2 4.16043 0.01
r 56.2 0.01 2 4.28321 0.01
r 56.4 0.01 2 4.40643 0.01
r 56.6 0.01 2 4.53024 0.01
r 56.8 0.01 2 4.65472 0.01
r 57 0.01 2 4.77981 0.01
r 57.2 0.01 2 4.90539 0.01
r 57.4 0.01 2 5.03199 0.01
r 57.6 0.01 2 5.15826 0.01
r 57.8 0.01 2 5.28556 0.01
r 58 0.01 2 5.41347 0.01
r 58.2 0.01 2 5.54183 0.01
r 58.4 0.01 2 5.67113 0.01
r 58.6 0.01 2 5.80131 0.01
r 58.8 0.01 2 5.93262 0.01
r 59 0.01 2 6.06544 0.01
r 59.2 0.01 2 6.19976 0.01
r 59.4 0.01 2 6.33319 0.01
r 59.6 0.01 2 6.4686 0.01
r 59.8 0.01 2 6.60554 0.01
r 60 0.01 2 6.74866 0.01
r 60.2 0.01 2 6.88974 0.01
r 60.4 0.01 2 7.02536 0.01
r 60.6 0.01 2 7.17699 0.01
r 60.8 0.01 2 7.33316 0.01
r 61 0.01 2 7.48321 0.01
r 61.2 0.01 2 7.6368 0.01
r 61.4 0.01 2 7.77535 0.01
r 61.6 0.01 2 7.91355 0.01
r 61.8 0.01 2 8.05207 0.01
r 62 0.01 2 8.19055 0.01
r 62.2 0.01 2 8.32896 0.01
r 62.4 0.01 2 8.46682 0.01
r 62.6 0.01 2 8.60427 0.01
r 62.8 0.01 2 8.74144 0.01
r 63 0.01 2 8.89318 0.01
r 63.2 0.01 2 9.02143 0.01
r 63.4 0.01 2 9.14912 0.01
r 63.6 0.01 2 9.26918 0.01
r 63.8 0.01 2 9.39244 0.01
r 64 0.01 2 9.51594 0.01
r 64.2 0.01 2 9.63867 0.01
r 64.4 0.01 2 9.76119 0.01
r 64.6 0.01 2 9.88308 0.01
r 64.8 0.01 2 10.0056 0.01
r 65 0.01 2 10.13 0.01
r 65.2 0.01 2 10.2526 0.01
r 65.4 0.01 2 10.375 0.01
r 65.6 0.01 2 10.4992 0.01
r 65.8 0.01 2 10.6217 0.01
r 66 0.01 2 10.7452 0.01
r 66.2 0.01 2 10.8689 0.01
r 66.4 0.01 2 10.9929 0.01
r 66.6 0.01 2 11.1163 0.01
r 66.8 0.01 2 11.2417 0.01
r 67 0.01 2 11.3662 0.01
r 67.2 0.01 2 11.4904 0.01
r 67.4 0.01 2 11.6131 0.01
r 67.6 0.01 2 11.7365 0.01
r 67.8 0.01 2 11.8594 0.01
r 68 0.01 2 11.9829 0.01
r 68.2 0.01 2 12.1029 0.01
r 68.4 0.01 2 12.225 0.01
r 68.6 0.01 2 12.345 0.01
r 68.8 0.01 2 12.4704 0.01
r 69 0.01 2 12.5881 0.01
r 69.2 0.01 2 12.7078 0.01
r 69.4 0.01 2 12.8282 0.01
r 69.6 0.01 2 12.9479 0.01
r 69.8 0.01 2 13.0693 0.01
r 70 0.01 2 13.1882 0.01
r 30 0.01 3 13.7053 0.01
r 30.2 0.01 3 13.5982 0.01
r 30.4 0.01 3 13.4426 0.01
r 30.6 0.01 3 13.3435 0.01
r 30.8 0.01 3 13.2133 0.01
r 31 0.01 3 13.0746 0.01
r 31.2 0.01 3 12.9663 0.01
r 31.4 0.01 3 12.8312 0.01
r 31.6 0.01 3 12.7191 0.01
r 31.8 0.01 3 12.5955 0.01
r 32 0.01 3 12.4531 0.01
r 32.2 0.01 3 12.3485 0.01
r 32.4 0.01 3 12.2333 0.01
r 32.6 0.01 3 12.101 0.01
r 32.8 0.01 3 11.9758 0.01
r 33 0.01 3 11.8762 0.01
r 33.2 0.01 3 11.7589 0.01
r 33.4 0.01 3 11.6393 0.01
r 33.6 0.01 3 11.5319 0.01
r 33.8 0.01 3 11.4063 0.01
r 34 0.01 3 11.2863 0.01
r 34.2 0.01 3 11.1529 0.01
r 34.4 0.01 3 11.041 0.01
r 34.6 0.01 3 10.9235 0.01
r 34.8 0.01 3 10.7876 0.01
r 35 0.01 3 10.6813 0.01
r 35.2 0.01 3 10.5554 0.01
r 35.4 0.01 3 10.4279 0.01
r 35.6 0.01 3 10.3237 0.01
r 35.8 0.01 3 10.2277 0.01
r 36 0.01 3 10.0884 0.01
r 36.2 0.01 3 9.96393 0.01
r 36.4 0.01 3 9.84383 0.01
r 36.6 0.01 3 9.73883 0.01
r 36.8 0.01 3 9.60749 0.01
r 37 0.01 3 9.49064 0.01
r 37.2 0.01 3 9.38206 0.01
r 37.4 0.01 3 9.24945 0.01
r 37.6 0.01 3 9.1375 0.01
r 37.8 0.01 3 9.02185 0.01
r 38 0.01 3 8.91175 0.01
r 38.2 0.01 3 8.80063 0.01
r 38.4 0.01 3 8.6776 0.01
r 38.6 0.01 3 8.56244 0.01
r 38.8 0.01 3 8.4395 0.01
r 39 0.01 3 8.34394 0.01
r 39.2 0.01 3 8.23045 0.01
r 39.4 0.01 3 8.1216 0.01
r 39.6 0.01 3 7.99368 0.01
r 39.8 0.01 3 7.89934 0.01
r 40 0.01 3 7.78879 0.01
r 40.2 0.01 3 7.66846 0.01
r 40.4 0.01 3 7.58966 0.01
r 40.6 0.01 3 7.44189 0.01
r 40.8 0.01 3 7.3353 0.01
r 41 0.01 3 7.22206 0.01
r 41.2 0.01 3 7.13153 0.01
r 41.4 0.01 3 7.02019 0.01
r 41.6 0.01 3 6.89645 0.01
r 41.8 0.01 3 6.79869 0.01
r 42 0.01 3 6.68479 0.01
r 42.2 0.01 3 6.58476 0.01
r 42.4 0.01 3 6.4799 0.01
r 42.6 0.01 3 6.37735 0.01
r 42.8 0.01 3 6.27343 0.01
r 43 0.01 3 6.1725 0.01
r 43.2 0.01 3 6.09113 0.01
r 43.4 0.01 3 5.99048 0.01
r 43.6 0.01 3 5.88579 0.01
r 43.8 0.01 3 5.797 0.01
r 44 0.01 3 5.71154 0.01
r 44.2 0.01 3 5.59796 0.01
r 44.4 0.01 3 5.51092 0.01
r 44.6 0.01 3 5.42868 0.01
r 44.8 0.01 3 5.33705 0.01
r 45 0.01 3 5.24481 0.01
r 45.2 0.01 3 5.15191 0.01
r 45.4 0.01 3 5.06922 0.01
r 45.6 0.01 3 4.98687 0.01
r 45.8 0.01 3 4.90672 0.01
r 46 0.01 3 4.8295 0.01
r 46.2 0.01 3 4.75501 0.01
r 46.4 0.01 3 4.6837 0.01
r 46.6 0.01 3 4.6176 0.01
r 46.8 0.01 3 4.55041 0.01
r 47 0.01 3 4.48853 0.01
r 47.2 0.01 3 4.43041 0.01
r 47.4 0.01 3 4.37983 0.01
r 47.6 0.01 3 4.33294 0.01
r 47.8 0.01 3 4.2822 0.01
r 48 0.01 3 4.23505 0.01
r 48.2 0.01 3 4.19314 0.01
r 48.4 0.01 3 4.15723 0.01
r 48.6 0.01 3 4.12228 0.01
r 48.8 0.01 3 4.0933 0.01
r 49 0.01 3 4.06804 0.01
r 49.2 0.01 3 4.04762 0.01
r 49.4 0.01 3 4.03173 0.01
r 49.6 0.01 3 4.02023 0.01
r 49.8 0.01 3 4.01355 0.01
r 50 0.01 3 4.0114 0.01
r 50.2 0.01 3 4.01405 0.01
r 50.4 0.01 3 4.01947 0.01
r 50.6 0.01 3 4.03024 0.01
r 50.8 0.01 3 4.04535 0.01
r 51 0.01 3 4.066 0.01
r 51.2 0.01 3 4.08946 0.01
r 51.4 0.01 3 4.11725 0.01
r 51.6 0.01 3 4.14888 0.01
r 51.8 0.01 3 4.18531 0.01
r 52 0.01 3 4.2252 0.01
r 52.2 0.01 3 4.26953 0.01
r 52.4 0.01 3 4.31826 0.01
r 52.6 0.01 3 4.38301 0.01
r 52.8 0.01 3 4.42485 0.01
r 53 0.01 3 4.4849 0.01
r 53.2 0.01 3 4.54511 0.01
r 53.4 0.01 3 4.60847 0.01
r 53.6 0.01 3 4.6724 0.01
r 53.8 0.01 3 4.74561 0.01
r 54 0.01 3 4.80935 0.01
r 54.2 0.01 3 4.88238 0.01
r 54.4 0.01 3 4.95808 0.01
r 54.6 0.01 3 5.05622 0.01
r 54.8 0.01 3 5.12616 0.01
r 55 0.01 3 5.20737 0.01
r 55.2 0.01 3 5.29152 0.01
r 55.4 0.01 3 5.37659 0.01
r 55.6 0.01 3 5.46198 0.01
r 55.8 0.01 3 5.55065 0.01
r 56 0.01 3 5.63933 0.01
r 56.2 0.01 3 5.73622 0.01
r 56.4 0.01 3 5.85429 0.01
r 56.6 0.01 3 5.92624 0.01
r 56.8 0.01 3 6.02519 0.01
r 57 0.01 3 6.13541 0.01
r 57.2 0.01 3 6.23857 0.01
r 57.4 0.01 3 6.37796 0.01
r 57.6 0.01 3 6.43176 0.01
r 57.8 0.01 3 6.56455 0.01
r 58 0.01 3 6.63242 0.01
r 58.2 0.01 3 6.73725 0.01
r 58.4 0.01 3 6.90328 0.01
r 58.6 0.01 3 6.96608 0.01
r 58.8 0.01 3 7.13086 0.01
r 59 0.01 3 7.17504 0.01
r 59.2 0.01 3 7.36209 0.01
r 59.4 0.01 3 7.42258 0.01
r 59.6 0.01 3 7.56106 0.01
r 59.8 0.01 3 7.64877 0.01
r 60 0.01 3 7.76995 0.01
r 60.2 0.01 3 7.8567 0.01
r 60.4 0.01 3 7.97591 0.01
r 60.6 0.01 3 8.07958 0.01
r 60.8 0.01 3 8.19012 0.01
r 61 0.01 3 8.34951 0.01
r 61.2 0.01 3 8.44442 0.01
r 61.4 0.01 3 8.55261 0.01
r 61.6 0.01 3 8.6555 0.01
r 61.8 0.01 3 8.76467 0.01
r 62 0.01 3 8.87197 0.01
r 62.2 0.01 3 8.97827 0.01
r 62.4 0.01 3 9.08615 0.01
r 62.6 0.01 3 9.20599 0.01
r 62.8 0.01 3 9.32083 0.01
r 63 0.01 3 9.4366 0.01
r 63.2 0.01 3 9.54426 0.01
r 63.4 0.01 3 9.65243 0.01
r 63.6 0.01 3 9.76262 0.01
r 63.8 0.01 3 9.94019 0.01
r 64 0.01 3 10.0383 0.01
r 64.2 0.01 3 10.1402 0.01
r 64.4 0.01 3 10.2415 0.01
r 64.6 0.01 3 10.3446 0.01
r 64.8 0.01 3 10.4501 0.01
r 65 0.01 3 10.5558 0.01
r 65.2 0.01 3 10.6672 0.01
r 65.4 0.01 3 10.8049 0.01
r 65.6 0.01 3 10.8915 0.01
r 65.8 0.01 3 11.0808 0.01
r 66 0.01 3 11.1209 0.01
r 66.2 0.01 3 11.2351 0.01
r 66.4 0.01 3 11.3519 0.01
r 66.6 0.01 3 11.4731 0.01
r 66.8 0.01 3 11.6117 0.01
r 67 0.01 3 11.7233 0.01
r 67.2 0.01 3 11.8381 0.01
r 67.4 0.01 3 11.9537 0.01
r 67.6 0.01 3 12.0698 0.01
r 67.8 0.01 3 12.1864 0.01
r 68 0.01 3 12.3022 0.01
r 68.2 0.01 3 12.4203 0.01
r 68.4 0.01 3 12.5389 0.01
r 68.6 0.01 3 12.6583 0.01
r 68.8 0.01 3 12.7786 0.01
r 69 0.01 3 12.9013 0.01
r 69.2 0.01 3 13.0222 0.01
r 69.4 0.01 3 13.1428 0.01
r 69.6 0.01 3 13.2627 0.01
r 69.8 0.01 3 13.3841 0.01
r 70 0.01 3 13.5043 0.01
s 60 2 402
r 30 0.01 2 19.1285 0.01
r 30.2 0.01 2 19.0051 0.01
r 30.4 0.01 2 18.8823 0.01
r 30.6 0.01 2 18.759 0.01
r 30.8 0.01 2 18.6357 0.01
r 31 0.01 2 18.5119 0.01
r 31.2 0.01 2 18.3894 0.01
r 31.4 0.01 2 18.265 0.01
r 31.6 0.01 2 18.1427 0.01
r 31.8 0.01 2 18.0185 0.01
r 32 0.01 2 17.8948 0.01
r 32.2 0.01 2 17.7709 0.01
r 32.4 0.01 2 17.6474 0.01
r 32.6 0.01 2 17.5241 0.01
r 32.8 0.01 2 17.4011 0.01
r 33 0.01 2 17.2786 0.01
r 33.2 0.01 2 17.1564 0.01
r 33.4 0.01 2 17.0335 0.01
r 33.6 0.01 2 16.9125 0.01
r 33.8 0.01 2 16.7906 0.01
r 34 0.01 2 16.6695 0.01
r 34.2 0.01 2 16.5479 0.01
r 34.4 0.01 2 16.4272 0.01
r 34.6 0.01 2 16.3059 0.01
r 34.8 0.01 2 16.1853 0.01
r 35 0.01 2 16.0631 0.01
r 35.2 0.01 2 15.9434 0.01
r 35.4 0.01 2 15.8241 0.01
r 35.6 0.01 2 15.7046 0.01
r 35.8 0.01 2 15.5856 0.01
r 36 0.01 2 15.4653 0.01
r 36.2 0.01 2 15.3464 0.01
r 36.4 0.01 2 15.2286 0.01
r 36.6 0.01 2 15.1088 0.01
r 36.8 0.01 2 14.9889 0.01
r 37 0.01 2 14.8694 0.01
r 37.2 0.01 2 14.7507 0.01
r 37.4 0.01 2 14.6324 0.01
r 37.6 0.01 2 14.5156 0.01
r 37.8 0.01 2 14.3973 0.01
r 38 0.01 2 14.2797 0.01
r 38.2 0.01 2 14.165 0.01
r 38.4 0.01 2 14.0484 0.01
r 38.6 0.01 2 13.9312 0.01
r 38.8 0.01 2 13.8153 0.01
r 39 0.01 2 13.6989 0.01
r 39.2 0.01 2 13.5835 0.01
r 39.4 0.01 2 13.4657 0.01
r 39.6 0.01 2 13.3544 0.01
r 39.8 0.01 2 13.2354 0.01
r 40 0.01 2 13.1158 0.01
r 40.2 0.01 2 12.9937 0.01
r 40.4 0.01 2 12.8761 0.01
r 40.6 0.01 2 12.754 0.01
r 40.8 0.01 2 12.6355 0.01
r 41 0.01 2 12.5286 0.01
r 41.2 0.01 2 12.3957 0.01
r 41.4 0.01 2 12.2751 0.01
r 41.6 0.01 2 12.1543 0.01
r 41.8 0.01 2 12.0313 0.01
r 42 0.01 2 11.914 0.01
r 42.2 0.01 2 11.7923 0.01
r 42.4 0.01 2 11.6723 0.01
r 42.6 0.01 2 11.5518 0.01
r 42.8 0.01 2 11.425 0.01
r 43 0.01 2 11.4723 0.01
r 43.2 0.01 2 11.3276 0.01
r 43.4 0.01 2 11.1822 0.01
r 43.6 0.01 2 11.0367 0.01
r 43.8 0.01 2 10.8907 0.01
r 44 0.01 2 10.7448 0.01
r 44.2 0.01 2 10.5979 0.01
r 44.4 0.01 2 10.4519 0.01
r 44.6 0.01 2 10.3063 0.01
r 44.8 0.01 2 10.1608 0.01
r 45 0.01 2 10.0178 0.01
r 45.2 0.01 2 9.87237 0.01
r 45.4 0.01 2 9.72775 0.01
r 45.6 0.01 2 9.58261 0.01
r 45.8 0.01 2 9.43719 0.01
r 46 0.01 2 9.29395 0.01
r 46.2 0.01 2 9.15012 0.01
r 46.4 0.01 2 9.00678 0.01
r 46.6 0.01 2 8.86437 0.01
r 46.8 0.01 2 8.72241 0.01
r 47 0.01 2 8.58083 0.01
r 47.2 0.01 2 8.44059 0.01
r 47.4 0.01 2 8.30042 0.01
r 47.6 0.01 2 8.16057 0.01
r 47.8 0.01 2 8.02118 0.01
r 48 0.01 2 7.88272 0.01
r 48.2 0.01 2 7.74481 0.01
r 48.4 0.01 2 7.60793 0.01
r 48.6 0.01 2 7.47246 0.01
r 48.8 0.01 2 7.33819 0.01
r 49 0.01 2 7.20474 0.01
r 49.2 0.01 2 7.07236 0.01
r 49.4 0.01 2 6.94125 0.01
r 49.6 0.01 2 6.81099 0.01
r 49.8 0.01 2 6.6816 0.01
r 50 0.01 2 6.5532 0.01
r 50.2 0.01 2 6.42578 0.01
r 50.4 0.01 2 6.29809 0.01
r 50.6 0.01 2 6.17129 0.01
r 50.8 0.01 2 6.04483 0.01
r 51 0.01 2 5.91878 0.01
r 51.2 0.01 2 5.79328 0.01
r 51.4 0.01 2 5.66826 0.01
r 51.6 0.01 2 5.54372 0.01
r 51.8 0.01 2 5.41969 0.01
r 52 0.01 2 5.29615 0.01
r 52.2 0.01 2 5.17297 0.01
r 52.4 0.01 2 5.04995 0.01
r 52.6 0.01 2 4.92713 0.01
r 52.8 0.01 2 4.80441 0.01
r 53 0.01 2 4.68125 0.01
r 53.2 0.01 2 4.55865 0.01
r 53.4 0.01 2 4.43608 0.01
r 53.6 0.01 2 4.31378 0.01
r 53.8 0.01 2 4.19184 0.01
r 54 0.01 2 4.07022 0.01
r 54.2 0.01 2 3.94894 0.01
r 54.4 0.01 2 3.82817 0.01
r 54.6 0.01 2 3.70793 0.01
r 54.8 0.01 2 3.58807 0.01
r 55 0.01 2 3.4689 0.01
r 55.2 0.01 2 3.35053 0.01
r 55.4 0.01 2 3.2332 0.01
r 55.6 0.01 2 3.11687 0.01
r 55.8 0.01 2 3.00166 0.01
r 56 0.01 2 2.88761 0.01
r 56.2 0.01 2 2.77476 0.01
r 56.4 0.01 2 2.66289 0.01
r 56.6 0.01 2 2.55231 0.01
r 56.8 0.01 2 2.44333 0.01
r 57 0.01 2 2.33594 0.01
r 57.2 0.01 2 2.231 0.01
r 57.4 0.01 2 2.12824 0.01
r 57.6 0.01 2 2.02833 0.01
r 57.8 0.01 2 1.93185 0.01
r 58 0.01 2 1.8395 0.01
r 58.2 0.01 2 1.75204 0.01
r 58.4 0.01 2 1.66952 0.01
r 58.6 0.01 2 1.59312 0.01
r 58.8 0.01 2 1.52367 0.01
r 59 0.01 2 1.46235 0.01
r 59.2 0.01 2 1.41026 0.01
r 59.4 0.01 2 1.36861 0.01
r 59.6 0.01 2 1.33851 0.01
r 59.8 0.01 2 1.32084 0.01
r 60 0.01 2 1.31619 0.01
r 60.2 0.01 2 1.32385 0.01
r 60.4 0.01 2 1.34458 0.01
r 60.6 0.01 2 1.37789 0.01
r 60.8 0.01 2 1.42295 0.01
r 61 0.01 2 1.47869 0.01
r 61.2 0.01 2 1.54402 0.01
r 61.4 0.01 2 1.61775 0.01
r 61.6 0.01 2 1.69891 0.01
r 61.8 0.01 2 1.78654 0.01
r 62 0.01 2 1.87958 0.01
r 62.2 0.01 2 1.97686 0.01
r 62.4 0.01 2 2.07765 0.01
r 62.6 0.01 2 2.18159 0.01
r 62.8 0.01 2 2.28788 0.01
r 63 0.01 2 2.3956 0.01
r 63.2 0.01 2 2.50682 0.01
r 63.4 0.01 2 2.619 0.01
r 63.6 0.01 2 2.73199 0.01
r 63.8 0.01 2 2.84694 0.01
r 64 0.01 2 2.96287 0.01
r 64.2 0.01 2 3.07983 0.01
r 64.4 0.01 2 3.19699 0.01
r 64.6 0.01 2 3.31427 0.01
r 64.8 0.01 2 3.43208 0.01
r 65 0.01 2 3.55105 0.01
r 65.2 0.01 2 3.669 0.01
r 65.4 0.01 2 3.78811 0.01
r 65.6 0.01 2 3.90783 0.01
r 65.8 0.01 2 4.02812 0.01
r 66 0.01 2 4.14874 0.01
r 66.2 0.01 2 4.26979 0.01
r 66.4 0.01 2 4.39096 0.01
r 66.6 0.01 2 4.5127 0.01
r 66.8 0.01 2 4.63444 0.01
r 67 0.01 2 4.75679 0.01
r 67.2 0.01 2 4.87908 0.01
r 67.4 0.01 2 5.0016 0.01
r 67.6 0.01 2 5.12397 0.01
r 67.8 0.01 2 5.24623 0.01
r 68 0.01 2 5.36833 0.01
r 68.2 0.01 2 5.49217 0.01
r 68.4 0.01 2 5.61057 0.01
r 68.6 0.01 2 5.73316 0.01
r 68.8 0.01 2 5.8519 0.01
r 69 0.01 2 5.97203 0.01
r 69.2 0.01 2 6.09243 0.01
r 69.4 0.01 2 6.21319 0.01
r 69.6 0.01 2 6.33706 0.01
r 69.8 0.01 2 6.45683 0.01
r 70 0.01 2 6.57306 0.01
r 30 0.01 3 19.4301 0.01
r 30.2 0.01 3 19.3003 0.01
r 30.4 0.01 3 19.1842 0.01
r 30.6 0.01 3 19.0504 0.01
r 30.8 0.01 3 18.9363 0.01
r 31 0.01 3 18.8001 0.01
r 31.2 0.01 3 18.6764 0.01
r 31.4 0.01 3 18.553 0.01
r 31.6 0.01 3 18.4453 0.01
r 31.8 0.01 3 18.3065 0.01
r 32 0.01 3 18.1804 0.01
r 32.2 0.01 3 18.0722 0.01
r 32.4 0.01 3 17.9494 0.01
r 32.6 0.01 3 17.8253 0.01
r 32.8 0.01 3 17.7011 0.01
r 33 0.01 3 17.5682 0.01
r 33.2 0.01 3 17.4455 0.01
r 33.4 0.01 3 17.3239 0.01
r 33.6 0.01 3 17.2018 0.01
r 33.8 0.01 3 17.0794 0.01
r 34 0.01 3 16.957 0.01
r 34.2 0.01 3 16.8367 0.01
r 34.4 0.01 3 16.7148 0.01
r 34.6 0.01 3 16.5943 0.01
r 34.8 0.01 3 16.4738 0.01
r 35 0.01 3 16.3579 0.01
r 35.2 0.01 3 16.2376 0.01
r 35.4 0.01 3 16.1169 0.01
r 35.6 0.01 3 15.9973 0.01
r 35.8 0.01 3 15.8786 0.01
r 36 0.01 3 15.7591 0.01
r 36.2 0.01 3 15.6416 0.01
r 36.4 0.01 3 15.5226 0.01
r 36.6 0.01 3 15.4028 0.01
r 36.8 0.01 3 15.2835 0.01
r 37 0.01 3 15.1646 0.01
r 37.2 0.01 3 15.0456 0.01
r 37.4 0.01 3 14.9278 0.01
r 37.6 0.01 3 14.8107 0.01
r 37.8 0.01 3 14.6958 0.01
r 38 0.01 3 14.5801 0.01
r 38.2 0.01 3 14.4637 0.01
r 38.4 0.01 3 14.3506 0.01
r 38.6 0.01 3 14.2355 0.01
r 38.8 0.01 3 14.1217 0.01
r 39 0.01 3 14.0068 0.01
r 39.2 0.01 3 13.8933 0.01
r 39.4 0.01 3 13.7797 0.01
r 39.6 0.01 3 13.6668 0.01
r 39.8 0.01 3 13.5533 0.01
r 40 0.01 3 13.4398 0.01
r 40.2 0.01 3 13.3253 0.01
r 40.4 0.01 3 13.2126 0.01
r 40.6 0.01 3 13.1002 0.01
r 40.8 0.01 3 12.9886 0.01
r 41 0.01 3 12.8786 0.01
r 41.2 0.01 3 12.7611 0.01
r 41.4 0.01 3 12.6441 0.01
r 41.6 0.01 3 12.5274 0.01
r 41.8 0.01 3 12.4115 0.01
r 42 0.01 3 12.2962 0.01
r 42.2 0.01 3 12.1824 0.01
r 42.4 0.01 3 12.07 0.01
r 42.6 0.01 3 11.9519 0.01
r 42.8 0.01 3 11.8393 0.01
r 43 0.01 3 11.7292 0.01
r 43.2 0.01 3 11.6208 0.01
r 43.4 0.01 3 11.5151 0.01
r 43.6 0.01 3 11.408 0.01
r 43.8 0.01 3 11.3088 0.01
r 44 0.01 3 11.2099 0.01
r 44.2 0.01 3 11.0948 0.01
r 44.4 0.01 3 10.9955 0.01
r 44.6 0.01 3 10.8984 0.01
r 44.8 0.01 3 10.7262 0.01
r 45 0.01 3 10.6109 0.01
r 45.2 0.01 3 10.4932 0.01
r 45.4 0.01 3 10.5859 0.01
r 45.6 0.01 3 10.2747 0.01
r 45.8 0.01 3 10.1646 0.01
r 46 0.01 3 10.0534 0.01
r 46.2 0.01 3 9.94926 0.01
r 46.4 0.01 3 9.8492 0.01
r 46.6 0.01 3 9.74798 0.01
r 46.8 0.01 3 9.65013 0.01
r 47 0.01 3 9.49455 0.01
r 47.2 0.01 3 9.45896 0.01
r 47.4 0.01 3 9.27882 0.01
r 47.6 0.01 3 9.17818 0.01
r 47.8 0.01 3 9.06393 0.01
r 48 0.01 3 8.95596 0.01
r 48.2 0.01 3 8.84361 0.01
r 48.4 0.01 3 8.72223 0.01
r 48.6 0.01 3 8.63834 0.01
r 48.8 0.01 3 8.45517 0.01
r 49 0.01 3 8.32558 0.01
r 49.2 0.01 3 8.21468 0.01
r 49.4 0.01 3 8.08765 0.01
r 49.6 0.01 3 7.94809 0.01
r 49.8 0.01 3 7.83824 0.01
r 50 0.01 3 7.71828 0.01
r 50.2 0.01 3 7.59848 0.01
r 50.4 0.01 3 7.48094 0.01
r 50.6 0.01 3 7.36528 0.01
r 50.8 0.01 3 7.25267 0.01
r 51 0.01 3 7.42646 0.01
r 51.2 0.01 3 7.30494 0.01
r 51.4 0.01 3 7.18062 0.01
r 51.6 0.01 3 7.05771 0.01
r 51.8 0.01 3 6.93424 0.01
r 52 0.01 3 6.81264 0.01
r 52.2 0.01 3 6.69517 0.01
r 52.4 0.01 3 6.57731 0.01
r 52.6 0.01 3 6.45716 0.01
r 52.8 0.01 3 6.34143 0.01
r 53 0.01 3 6.22975 0.01
r 53.2 0.01 3 6.12178 0.01
r 53.4 0.01 3 6.00573 0.01
r 53.6 0.01 3 5.89373 0.01
r 53.8 0.01 3 5.78012 0.01
r 54 0.01 3 5.67344 0.01
r 54.2 0.01 3 5.56422 0.01
r 54.4 0.01 3 5.45643 0.01
r 54.6 0.01 3 5.35699 0.01
r 54.8 0.01 3 5.2517 0.01
r 55 0.01 3 5.17833 0.01
r 55.2 0.01 3 5.06265 0.01
r 55.4 0.01 3 4.98158 0.01
r 55.6 0.01 3 4.89693 0.01
r 55.8 0.01 3 4.81431 0.01
r 56 0.01 3 4.738 0.01
r 56.2 0.01 3 4.66494 0.01
r 56.4 0.01 3 4.59722 0.01
r 56.6 0.01 3 4.5359 0.01
r 56.8 0.01 3 4.48047 0.01
r 57 0.01 3 4.42438 0.01
r 57.2 0.01 3 4.3601 0.01
r 57.4 0.01 3 4.29803 0.01
r 57.6 0.01 3 4.24775 0.01
r 57.8 0.01 3 4.20175 0.01
r 58 0.01 3 4.15849 0.01
r 58.2 0.01 3 4.12037 0.01
r 58.4 0.01 3 4.08614 0.01
r 58.6 0.01 3 4.05712 0.01
r 58.8 0.01 3 4.03155 0.01
r 59 0.01 3 4.00729 0.01
r 59.2 0.01 3 3.98948 0.01
r 59.4 0.01 3 3.97605 0.01
r 59.6 0.01 3 3.96694 0.01
r 59.8 0.01 3 3.96278 0.01
r 60 0.01 3 3.96242 0.01
r 60.2 0.01 3 3.96658 0.01
r 60.4 0.01 3 3.97261 0.01
r 60.6 0.01 3 3.98431 0.01
r 60.8 0.01 3 4.00042 0.01
r 61 0.01 3 4.0212 0.01
r 61.2 0.01 3 4.04631 0.01
r 61.4 0.01 3 4.07621 0.01
r 61.6 0.01 3 4.10786 0.01
r 61.8 0.01 3 4.14584 0.01
r 62 0.01 3 4.18933 0.01
r 62.2 0.01 3 4.22918 0.01
r 62.4 0.01 3 4.27547 0.01
r 62.6 0.01 3 4.32566 0.01
r 62.8 0.01 3 4.3788 0.01
r 63 0.01 3 4.43626 0.01
r 63.2 0.01 3 4.4969 0.01
r 63.4 0.01 3 4.5622 0.01
r 63.6 0.01 3 4.62858 0.01
r 63.8 0.01 3 4.69899 0.01
r 64 0.01 3 4.78033 0.01
r 64.2 0.01 3 4.85144 0.01
r 64.4 0.01 3 4.92441 0.01
r 64.6 0.01 3 5.01607 0.01
r 64.8 0.01 3 5.09859 0.01
r 65 0.01 3 5.19057 0.01
r 65.2 0.01 3 5.27744 0.01
r 65.4 0.01 3 5.37256 0.01
r 65.6 0.01 3 5.467 0.01
r 65.8 0.01 3 5.56754 0.01
r 66 0.01 3 5.65376 0.01
r 66.2 0.01 3 5.75305 0.01
r 66.4 0.01 3 5.86057 0.01
r 66.6 0.01 3 5.95332 0.01
r 66.8 0.01 3 6.02541 0.01
r 67 0.01 3 6.13357 0.01
r 67.2 0.01 3 6.23411 0.01
r 67.4 0.01 3 6.35488 0.01
r 67.6 0.01 3 6.42038 0.01
r 67.8 0.01 3 6.52233 0.01
r 68 0.01 3 6.64001 0.01
r 68.2 0.01 3 6.75733 0.01
r 68.4 0.01 3 6.89754 0.01
r 68.6 0.01 3 7.03624 0.01
r 68.8 0.01 3 7.097 0.01
r 69 0.01 3 7.2252 0.01
r 69.2 0.01 3 7.38811 0.01
r 69.4 0.01 3 7.45116 0.01
r 69.6 0.01 3 7.58556 0.01
r 69.8 0.01 3 7.68806 0.01
r 70 0.01 3 7.82333 0.01
s 70 2 402
r 30 0.01 2 25.2784 0.01
r 30.2 0.01 2 25.1526 0.01
r 30.4 0.01 2 25.0322 0.01
r 30.6 0.01 2 24.909 0.01
r 30.8 0.01 2 24.786 0.01
r 31 0.01 2 24.6631 0.01
r 31.2 0.01 2 24.5369 0.01
r 31.4 0.01 2 24.4133 0.01
r 31.6 0.01 2 24.2893 0.01
r 31.8 0.01 2 24.1686 0.01
r 32 0.01 2 24.0448 0.01
r 32.2 0.01 2 23.921 0.01
r 32.4 0.01 2 23.7974 0.01
r 32.6 0.01 2 23.6723 0.01
r 32.8 0.01 2 23.5512 0.01
r 33 0.01 2 23.4265 0.01
r 33.2 0.01 2 23.3062 0.01
r 33.4 0.01 2 23.1816 0.01
r 33.6 0.01 2 23.0628 0.01
r 33.8 0.01 2 22.9379 0.01
r 34 0.01 2 22.8192 0.01
r 34.2 0.01 2 22.6952 0.01
r 34.4 0.01 2 22.5769 0.01
r 34.6 0.01 2 22.456 0.01
r 34.8 0.01 2 22.3352 0.01
r 35 0.01 2 22.2131 0.01
r 35.2 0.01 2 22.0915 0.01
r 35.4 0.01 2 21.9722 0.01
r 35.6 0.01 2 21.8527 0.01
r 35.8 0.01 2 21.7323 0.01
r 36 0.01 2 21.6145 0.01
r 36.2 0.01 2 21.4954 0.01
r 36.4 0.01 2 21.3762 0.01
r 36.6 0.01 2 21.2571 0.01
r 36.8 0.01 2 21.1376 0.01
r 37 0.01 2 21.0187 0.01
r 37.2 0.01 2 20.9011 0.01
r 37.4 0.01 2 20.783 0.01
r 37.6 0.01 2 20.6644 0.01
r 37.8 0.01 2 20.5474 0.01
r 38 0.01 2 20.431 0.01
r 38.2 0.01 2 20.3132 0.01
r 38.4 0.01 2 20.1963 0.01
r 38.6 0.01 2 20.0808 0.01
r 38.8 0.01 2 19.9635 0.01
r 39 0.01 2 19.8536 0.01
r 39.2 0.01 2 19.733 0.01
r 39.4 0.01 2 19.6154 0.01
r 39.6 0.01 2 19.4987 0.01
r 39.8 0.01 2 19.381 0.01
r 40 0.01 2 19.2624 0.01
r 40.2 0.01 2 19.1431 0.01
r 40.4 0.01 2 19.0282 0.01
r 40.6 0.01 2 18.9061 0.01
r 40.8 0.01 2 18.8007 0.01
r 41 0.01 2 18.6684 0.01
r 41.2 0.01 2 18.5497 0.01
r 41.4 0.01 2 18.429 0.01
r 41.6 0.01 2 18.306 0.01
r 41.8 0.01 2 18.1847 0.01
r 42 0.01 2 18.0632 0.01
r 42.2 0.01 2 17.9438 0.01
r 42.4 0.01 2 17.821 0.01
r 42.6 0.01 2 17.6959 0.01
r 42.8 0.01 2 17.5762 0.01
r 43 0.01 2 17.6164 0.01
r 43.2 0.01 2 17.4718 0.01
r 43.4 0.01 2 17.3269 0.01
r 43.6 0.01 2 17.1815 0.01
r 43.8 0.01 2 17.036 0.01
r 44 0.01 2 16.8898 0.01
r 44.2 0.01 2 16.7436 0.01
r 44.4 0.01 2 16.5976 0.01
r 44.6 0.01 2 16.452 0.01
r 44.8 0.01 2 16.3068 0.01
r 45 0.01 2 16.1623 0.01
r 45.2 0.01 2 16.0174 0.01
r 45.4 0.01 2 15.8726 0.01
r 45.6 0.01 2 15.7282 0.01
r 45.8 0.01 2 15.5843 0.01
r 46 0.01 2 15.4403 0.01
r 46.2 0.01 2 15.2966 0.01
r 46.4 0.01 2 15.1538 0.01
r 46.6 0.01 2 15.0114 0.01
r 46.8 0.01 2 14.8693 0.01
r 47 0.01 2 14.7278 0.01
r 47.2 0.01 2 14.5875 0.01
r 47.4 0.01 2 14.4469 0.01
r 47.6 0.01 2 14.3067 0.01
r 47.8 0.01 2 14.1677 0.01
r 48 0.01 2 14.0292 0.01
r 48.2 0.01 2 13.892 0.01
r 48.4 0.01 2 13.7554 0.01
r 48.6 0.01 2 13.6196 0.01
r 48.8 0.01 2 13.4852 0.01
r 49 0.01 2 13.3519 0.01
r 49.2 0.01 2 13.2194 0.01
r 49.4 0.01 2 13.0881 0.01
r 49.6 0.01 2 12.9579 0.01
r 49.8 0.01 2 12.8286 0.01
r 50 0.01 2 12.7002 0.01
r 50.2 0.01 2 12.5723 0.01
r 50.4 0.01 2 12.4456 0.01
r 50.6 0.01 2 12.3183 0.01
r 50.8 0.01 2 12.1917 0.01
r 51 0.01 2 12.0662 0.01
r 51.2 0.01 2 11.9401 0.01
r 51.4 0.01 2 11.815 0.01
r 51.6 0.01 2 11.6905 0.01
r 51.8 0.01 2 11.5662 0.01
r 52 0.01 2 11.4425 0.01
r 52.2 0.01 2 11.3192 0.01
r 52.4 0.01 2 11.1959 0.01
r 52.6 0.01 2 11.0727 0.01
r 52.8 0.01 2 10.9496 0.01
r 53 0.01 2 10.8268 0.01
r 53.2 0.01 2 10.7038 0.01
r 53.4 0.01 2 10.5807 0.01
r 53.6 0.01 2 10.4576 0.01
r 53.8 0.01 2 10.3348 0.01
r 54 0.01 2 10.2121 0.01
r 54.2 0.01 2 10.0895 0.01
r 54.4 0.01 2 9.96697 0.01
r 54.6 0.01 2 9.84516 0.01
r 54.8 0.01 2 9.7241 0.01
r 55 0.01 2 9.60278 0.01
r 55.2 0.01 2 9.48201 0.01
r 55.4 0.01 2 9.36175 0.01
r 55.6 0.01 2 9.24221 0.01
r 55.8 0.01 2 9.12338 0.01
r 56 0.01 2 9.00492 0.01
r 56.2 0.01 2 8.88674 0.01
r 56.4 0.01 2 8.76856 0.01
r 56.6 0.01 2 8.65086 0.01
r 56.8 0.01 2 8.53365 0.01
r 57 0.01 2 8.41641 0.01
r 57.2 0.01 2 8.29926 0.01
r 57.4 0.01 2 8.18254 0.01
r 57.6 0.01 2 8.06603 0.01
r 57.8 0.01 2 7.95036 0.01
r 58 0.01 2 7.83492 0.01
r 58.2 0.01 2 7.71982 0.01
r 58.4 0.01 2 7.60497 0.01
r 58.6 0.01 2 7.49024 0.01
r 58.8 0.01 2 7.37586 0.01
r 59 0.01 2 7.26075 0.01
r 59.2 0.01 2 7.14501 0.01
r 59.4 0.01 2 7.02893 0.01
r 59.6 0.01 2 6.91218 0.01
r 59.8 0.01 2 6.79513 0.01
r 60 0.01 2 6.67708 0.01
r 60.2 0.01 2 6.5589 0.01
r 60.4 0.01 2 6.4406 0.01
r 60.6 0.01 2 6.3226 0.01
r 60.8 0.01 2 6.2044 0.01
r 61 0.01 2 6.08537 0.01
r 61.2 0.01 2 5.96571 0.01
r 61.4 0.01 2 5.84529 0.01
r 61.6 0.01 2 5.72469 0.01
r 61.8 0.01 2 5.60304 0.01
r 62 0.01 2 5.481 0.01
r 62.2 0.01 2 5.35865 0.01
r 62.4 0.01 2 5.23646 0.01
r 62.6 0.01 2 5.11454 0.01
r 62.8 0.01 2 4.9931 0.01
r 63 0.01 2 4.87123 0.01
r 63.2 0.01 2 4.75079 0.01
r 63.4 0.01 2 4.62926 0.01
r 63.6 0.01 2 4.50868 0.01
r 63.8 0.01 2 4.38674 0.01
r 64 0.01 2 4.26447 0.01
r 64.2 0.01 2 4.14142 0.01
r 64.4 0.01 2 4.01829 0.01
r 64.6 0.01 2 3.89397 0.01
r 64.8 0.01 2 3.76971 0.01
r 65 0.01 2 3.6447 0.01
r 65.2 0.01 2 3.51993 0.01
r 65.4 0.01 2 3.39534 0.01
r 65.6 0.01 2 3.27119 0.01
r 65.8 0.01 2 3.14903 0.01
r 66 0.01 2 3.02503 0.01
r 66.2 0.01 2 2.90355 0.01
r 66.4 0.01 2 2.78508 0.01
r 66.6 0.01 2 2.66394 0.01
r 66.8 0.01 2 2.54676 0.01
r 67 0.01 2 2.43204 0.01
r 67.2 0.01 2 2.31922 0.01
r 67.4 0.01 2 2.20942 0.01
r 67.6 0.01 2 2.10284 0.01
r 67.8 0.01 2 1.99957 0.01
r 68 0.01 2 1.90125 0.01
r 68.2 0.01 2 1.80808 0.01
r 68.4 0.01 2 1.72011 0.01
r 68.6 0.01 2 1.63867 0.01
r 68.8 0.01 2 1.56464 0.01
r 69 0.01 2 1.4992 0.01
r 69.2 0.01 2 1.44334 0.01
r 69.4 0.01 2 1.39836 0.01
r 69.6 0.01 2 1.36519 0.01
r 69.8 0.01 2 1.34483 0.01
r 70 0.01 2 1.33773 0.01
r 30 0.01 3 25.5589 0.01
r 30.2 0.01 3 25.4345 0.01
r 30.4 0.01 3 25.3125 0.01
r 30.6 0.01 3 25.1906 0.01
r 30.8 0.01 3 25.0662 0.01
r 31 0.01 3 24.9399 0.01
r 31.2 0.01 3 24.8217 0.01
r 31.4 0.01 3 24.6968 0.01
r 31.6 0.01 3 24.5741 0.01
r 31.8 0.01 3 24.4501 0.01
r 32 0.01 3 24.3251 0.01
r 32.2 0.01 3 24.2026 0.01
r 32.4 0.01 3 24.0796 0.01
r 32.6 0.01 3 23.9572 0.01
r 32.8 0.01 3 23.833 0.01
r 33 0.01 3 23.7097 0.01
r 33.2 0.01 3 23.5867 0.01
r 33.4 0.01 3 23.4631 0.01
r 33.6 0.01 3 23.3437 0.01
r 33.8 0.01 3 23.223 0.01
r 34 0.01 3 23.0995 0.01
r 34.2 0.01 3 22.9801 0.01
r 34.4 0.01 3 22.8585 0.01
r 34.6 0.01 3 22.7363 0.01
r 34.8 0.01 3 22.6152 0.01
r 35 0.01 3 22.4988 0.01
r 35.2 0.01 3 22.3781 0.01
r 35.4 0.01 3 22.2581 0.01
r 35.6 0.01 3 22.1386 0.01
r 35.8 0.01 3 22.0197 0.01
r 36 0.01 3 21.9016 0.01
r 36.2 0.01 3 21.7828 0.01
r 36.4 0.01 3 21.6631 0.01
r 36.6 0.01 3 21.5438 0.01
r 36.8 0.01 3 21.4228 0.01
r 37 0.01 3 21.3063 0.01
r 37.2 0.01 3 21.1882 0.01
r 37.4 0.01 3 21.0694 0.01
r 37.6 0.01 3 20.9535 0.01
r 37.8 0.01 3 20.8367 0.01
r 38 0.01 3 20.7211 0.01
r 38.2 0.01 3 20.6071 0.01
r 38.4 0.01 3 20.4923 0.01
r 38.6 0.01 3 20.3779 0.01
r 38.8 0.01 3 20.2641 0.01
r 39 0.01 3 20.1488 0.01
r 39.2 0.01 3 20.0347 0.01
r 39.4 0.01 3 19.9215 0.01
r 39.6 0.01 3 19.8083 0.01
r 39.8 0.01 3 19.6951 0.01
r 40 0.01 3 19.5812 0.01
r 40.2 0.01 3 19.4673 0.01
r 40.4 0.01 3 19.3543 0.01
r 40.6 0.01 3 19.2418 0.01
r 40.8 0.01 3 19.1293 0.01
r 41 0.01 3 19.0203 0.01
r 41.2 0.01 3 18.903 0.01
r 41.4 0.01 3 18.7859 0.01
r 41.6 0.01 3 18.6694 0.01
r 41.8 0.01 3 18.5535 0.01
r 42 0.01 3 18.4382 0.01
r 42.2 0.01 3 18.3246 0.01
r 42.4 0.01 3 18.2115 0.01
r 42.6 0.01 3 18.093 0.01
r 42.8 0.01 3 17.9803 0.01
r 43 0.01 3 17.8713 0.01
r 43.2 0.01 3 17.7639 0.01
r 43.4 0.01 3 17.6587 0.01
r 43.6 0.01 3 17.5553 0.01
r 43.8 0.01 3 17.4404 0.01
r 44 0.01 3 17.3348 0.01
r 44.2 0.01 3 17.2311 0.01
r 44.4 0.01 3 17.1277 0.01
r 44.6 0.01 3 17.0241 0.01
r 44.8 0.01 3 16.8586 0.01
r 45 0.01 3 16.7444 0.01
r 45.2 0.01 3 16.6384 0.01
r 45.4 0.01 3 16.5323 0.01
r 45.6 0.01 3 16.426 0.01
r 45.8 0.01 3 16.322 0.01
r 46 0.01 3 16.22 0.01
r 46.2 0.01 3 16.1029 0.01
r 46.4 0.01 3 15.9591 0.01
r 46.6 0.01 3 15.8943 0.01
r 46.8 0.01 3 15.7415 0.01
r 47 0.01 3 15.831 0.01
r 47.2 0.01 3 15.6899 0.01
r 47.4 0.01 3 15.5503 0.01
r 47.6 0.01 3 15.4138 0.01
r 47.8 0.01 3 15.2741 0.01
r 48 0.01 3 15.1371 0.01
r 48.2 0.01 3 15.0006 0.01
r 48.4 0.01 3 14.8013 0.01
r 48.6 0.01 3 14.6661 0.01
r 48.8 0.01 3 14.5935 0.01
r 49 0.01 3 14.3508 0.01
r 49.2 0.01 3 14.2363 0.01
r 49.4 0.01 3 14.0859 0.01
r 49.6 0.01 3 13.9575 0.01
r 49.8 0.01 3 13.8259 0.01
r 50 0.01 3 13.6976 0.01
r 50.2 0.01 3 13.5705 0.01
r 50.4 0.01 3 13.454 0.01
r 50.6 0.01 3 13.3153 0.01
r 50.8 0.01 3 13.1805 0.01
r 51 0.01 3 13.0451 0.01
r 51.2 0.01 3 12.9191 0.01
r 51.4 0.01 3 12.7947 0.01
r 51.6 0.01 3 12.6699 0.01
r 51.8 0.01 3 12.5453 0.01
r 52 0.01 3 12.4219 0.01
r 52.2 0.01 3 12.2986 0.01
r 52.4 0.01 3 12.1747 0.01
r 52.6 0.01 3 12.052 0.01
r 52.8 0.01 3 11.9459 0.01
r 53 0.01 3 11.8182 0.01
r 53.2 0.01 3 11.7023 0.01
r 53.4 0.01 3 11.5729 0.01
r 53.6 0.01 3 11.4557 0.01
r 53.8 0.01 3 11.3331 0.01
r 54 0.01 3 11.2177 0.01
r 54.2 0.01 3 11.0828 0.01
r 54.4 0.01 3 10.9484 0.01
r 54.6 0.01 3 10.8422 0.01
r 54.8 0.01 3 10.7165 0.01
r 55 0.01 3 10.5997 0.01
r 55.2 0.01 3 10.4656 0.01
r 55.4 0.01 3 10.3582 0.01
r 55.6 0.01 3 10.2347 0.01
r 55.8 0.01 3 10.1203 0.01
r 56 0.01 3 10.002 0.01
r 56.2 0.01 3 9.88486 0.01
r 56.4 0.01 3 9.76634 0.01
r 56.6 0.01 3 9.65824 0.01
r 56.8 0.01 3 9.53403 0.01
r 57 0.01 3 9.41259 0.01
r 57.2 0.01 3 9.3096 0.01
r 57.4 0.01 3 9.19197 0.01
r 57.6 0.01 3 9.07479 0.01
r 57.8 0.01 3 8.95766 0.01
r 58 0.01 3 8.84516 0.01
r 58.2 0.01 3 8.72689 0.01
r 58.4 0.01 3 8.61523 0.01
r 58.6 0.01 3 8.49322 0.01
r 58.8 0.01 3 8.39156 0.01
r 59 0.01 3 8.27807 0.01
r 59.2 0.01 3 8.16677 0.01
r 59.4 0.01 3 8.05382 0.01
r 59.6 0.01 3 7.94267 0.01
r 59.8 0.01 3 7.83086 0.01
r 60 0.01 3 7.71982 0.01
r 60.2 0.01 3 7.60734 0.01
r 60.4 0.01 3 7.49673 0.01
r 60.6 0.01 3 7.38956 0.01
r 60.8 0.01 3 7.28048 0.01
r 61 0.01 3 7.17349 0.01
r 61.2 0.01 3 7.06592 0.01
r 61.4 0.01 3 6.95879 0.01
r 61.6 0.01 3 6.85404 0.01
r 61.8 0.01 3 6.74674 0.01
r 62 0.01 3 6.64704 0.01
r 62.2 0.01 3 6.53579 0.01
r 62.4 0.01 3 6.43292 0.01
r 62.6 0.01 3 6.33229 0.01
r 62.8 0.01 3 6.23514 0.01
r 63 0.01 3 6.12609 0.01
r 63.2 0.01 3 6.02669 0.01
r 63.4 0.01 3 5.92954 0.01
r 63.6 0.01 3 5.83499 0.01
r 63.8 0.01 3 5.74064 0.01
r 64 0.01 3 5.65182 0.01
r 64.2 0.01 3 5.5722 0.01
r 64.4 0.01 3 5.49765 0.01
r 64.6 0.01 3 5.42909 0.01
r 64.8 0.01 3 5.37227 0.01
r 65 0.01 3 5.2152 0.01
r 65.2 0.01 3 5.14357 0.01
r 65.4 0.01 3 5.04398 0.01
r 65.6 0.01 3 4.9663 0.01
r 65.8 0.01 3 4.88956 0.01
r 66 0.01 3 4.8156 0.01
r 66.2 0.01 3 4.74462 0.01
r 66.4 0.01 3 4.67619 0.01
r 66.6 0.01 3 4.61058 0.01
r 66.8 0.01 3 4.54749 0.01
r 67 0.01 3 4.48768 0.01
r 67.2 0.01 3 4.42977 0.01
r 67.4 0.01 3 4.37662 0.01
r 67.6 0.01 3 4.32637 0.01
r 67.8 0.01 3 4.27896 0.01
r 68 0.01 3 4.23515 0.01
r 68.2 0.01 3 4.19547 0.01
r 68.4 0.01 3 4.16006 0.01
r 68.6 0.01 3 4.12839 0.01
r 68.8 0.01 3 4.10108 0.01
r 69 0.01 3 4.0766 0.01
r 69.2 0.01 3 4.05742 0.01
r 69.4 0.01 3 4.04271 0.01
r 69.6 0.01 3 4.03238 0.01
r 69.8 0.01 3 4.02683 0.01
r 70 0.01 3 4.02531 0.01
