5
s 30 2 201
r 30 0.01 2 1.33723 0.01
r 30.2 0.01 2 1.34408 0.01
r 30.4 0.01 2 1.36405 0.01
r 30.6 0.01 2 1.3967 0.01
r 30.8 0.01 2 1.44119 0.01
r 31 0.01 2 1.49609 0.01
r 31.2 0.01 2 1.56091 0.01
r 31.4 0.01 2 1.63393 0.01
r 31.6 0.01 2 1.71404 0.01
r 31.8 0.01 2 1.80058 0.01
r 32 0.01 2 1.89243 0.01
r 32.2 0.01 2 1.98876 0.01
r 32.4 0.01 2 2.08928 0.01
r 32.6 0.01 2 2.19293 0.01
r 32.8 0.01 2 2.29941 0.01
r 33 0.01 2 2.40865 0.01
r 33.2 0.01 2 2.51917 0.01
r 33.4 0.01 2 2.63162 0.01
r 33.6 0.01 2 2.74622 0.01
r 33.8 0.01 2 2.86155 0.01
r 34 0.01 2 2.97772 0.01
r 34.2 0.01 2 3.09547 0.01
r 34.4 0.01 2 3.21391 0.01
r 34.6 0.01 2 3.33331 0.01
r 34.8 0.01 2 3.45303 0.01
r 35 0.01 2 3.57331 0.01
r 35.2 0.01 2 3.69396 0.01
r 35.4 0.01 2 3.81554 0.01
r 35.6 0.01 2 3.93709 0.01
r 35.8 0.01 2 4.05916 0.01
r 36 0.01 2 4.18075 0.01
r 36.2 0.01 2 4.30284 0.01
r 36.4 0.01 2 4.42548 0.01
r 36.6 0.01 2 4.54792 0.01
r 36.8 0.01 2 4.67056 0.01
r 37 0.01 2 4.79376 0.01
r 37.2 0.01 2 4.91663 0.01
r 37.4 0.01 2 5.03978 0.01
r 37.6 0.01 2 5.16307 0.01
r 37.8 0.01 2 5.28704 0.01
r 38 0.01 2 5.41028 0.01
r 38.2 0.01 2 5.53479 0.01
r 38.4 0.01 2 5.66101 0.01
r 38.6 0.01 2 5.78897 0.01
r 38.8 0.01 2 5.91852 0.01
r 39 0.01 2 6.05108 0.01
r 39.2 0.01 2 6.18707 0.01
r 39.4 0.01 2 6.32355 0.01
r 39.6 0.01 2 6.45644 0.01
r 39.8 0.01 2 6.60012 0.01
r 40 0.01 2 6.7461 0.01
r 40.2 0.01 2 6.88233 0.01
r 40.4 0.01 2 7.02367 0.01
r 40.6 0.01 2 7.17106 0.01
r 40.8 0.01 2 7.30984 0.01
r 41 0.01 2 7.45036 0.01
r 41.2 0.01 2 7.59356 0.01
r 41.4 0.01 2 7.73743 0.01
r 41.6 0.01 2 7.87861 0.01
r 41.8 0.01 2 8.02018 0.01
r 42 0.01 2 8.1617 0.01
r 42.2 0.01 2 8.32035 0.01
r 42.4 0.01 2 8.44652 0.01
r 42.6 0.01 2 8.59037 0.01
r 42.8 0.01 2 8.74681 0.01
r 43 0.01 2 8.88523 0.01
r 43.2 0.01 2 9.02797 0.01
r 43.4 0.01 2 9.16912 0.01
r 43.6 0.01 2 9.31283 0.01
r 43.8 0.01 2 9.45403 0.01
r 44 0.01 2 9.60104 0.01
r 44.2 0.01 2 9.7437 0.01
r 44.4 0.01 2 9.88743 0.01
r 44.6 0.01 2 10.0124 0.01
r 44.8 0.01 2 10.155 0.01
r 45 0.01 2 10.1274 0.01
r 45.2 0.01 2 10.2526 0.01
r 45.4 0.01 2 10.3749 0.01
r 45.6 0.01 2 10.5043 0.01
r 45.8 0.01 2 10.6315 0.01
r 46 0.01 2 10.7556 0.01
r 46.2 0.01 2 10.88 0.01
r 46.4 0.01 2 11.0048 0.01
r 46.6 0.01 2 11.1355 0.01
r 46.8 0.01 2 11.2627 0.01
r 47 0.01 2 11.3818 0.01
r 47.2 0.01 2 11.5007 0.01
r 47.4 0.01 2 11.6278 0.01
r 47.6 0.01 2 11.7558 0.01
r 47.8 0.01 2 11.8834 0.01
r 48 0.01 2 12.005 0.01
r 48.2 0.01 2 12.1324 0.01
r 48.4 0.01 2 12.256 0.01
r 48.6 0.01 2 12.3791 0.01
r 48.8 0.01 2 12.4967 0.01
r 49 0.01 2 12.6006 0.01
r 49.2 0.01 2 12.7138 0.01
r 49.4 0.01 2 12.8277 0.01
r 49.6 0.01 2 12.94 0.01
r 49.8 0.01 2 13.0487 0.01
r 50 0.01 2 13.1548 0.01
r 50.2 0.01 2 13.2679 0.01
r 50.4 0.01 2 13.3811 0.01
r 50.6 0.01 2 13.4967 0.01
r 50.8 0.01 2 13.6118 0.01
r 51 0.01 2 13.7144 0.01
r 51.2 0.01 2 13.8414 0.01
r 51.4 0.01 2 13.9479 0.01
r 51.6 0.01 2 14.0698 0.01
r 51.8 0.01 2 14.186 0.01
r 52 0.01 2 14.3036 0.01
r 52.2 0.01 2 14.4276 0.01
r 52.4 0.01 2 14.5455 0.01
r 52.6 0.01 2 14.669 0.01
r 52.8 0.01 2 14.7892 0.01
r 53 0.01 2 14.9075 0.01
r 53.2 0.01 2 15.0291 0.01
r 53.4 0.01 2 15.1536 0.01
r 53.6 0.01 2 15.2762 0.01
r 53.8 0.01 2 15.3977 0.01
r 54 0.01 2 15.5219 0.01
r 54.2 0.01 2 15.6438 0.01
r 54.4 0.01 2 15.7674 0.01
r 54.6 0.01 2 15.89 0.01
r 54.8 0.01 2 16.0154 0.01
r 55 0.01 2 16.1375 0.01
r 55.2 0.01 2 16.2607 0.01
r 55.4 0.01 2 16.3848 0.01
r 55.6 0.01 2 16.5101 0.01
r 55.8 0.01 2 16.6319 0.01
r 56 0.01 2 16.7564 0.01
r 56.2 0.01 2 16.8801 0.01
r 56.4 0.01 2 17.0016 0.01
r 56.6 0.01 2 17.1269 0.01
r 56.8 0.01 2 17.2515 0.01
r 57 0.01 2 17.3744 0.01
r 57.2 0.01 2 17.4997 0.01
r 57.4 0.01 2 17.6241 0.01
r 57.6 0.01 2 17.7472 0.01
r 57.8 0.01 2 17.8749 0.01
r 58 0.01 2 17.9974 0.01
r 58.2 0.01 2 18.1206 0.01
r 58.4 0.01 2 18.2515 0.01
r 58.6 0.01 2 18.3767 0.01
r 58.8 0.01 2 18.505 0.01
r 59 0.01 2 18.6383 0.01
r 59.2 0.01 2 18.7713 0.01
r 59.4 0.01 2 18.9071 0.01
r 59.6 0.01 2 19.0446 0.01
r 59.8 0.01 2 19.1869 0.01
r 60 0.01 2 19.3269 0.01
r 60.2 0.01 2 19.4691 0.01
r 60.4 0.01 2 19.6107 0.01
r 60.6 0.01 2 19.754 0.01
r 60.8 0.01 2 19.8964 0.01
r 61 0.01 2 20.041 0.01
r 61.2 0.01 2 20.1822 0.01
r 61.4 0.01 2 20.3223 0.01
r 61.6 0.01 2 20.4656 0.01
r 61.8 0.01 2 20.6095 0.01
r 62 0.01 2 20.751 0.01
r 62.2 0.01 2 20.895 0.01
r 62.4 0.01 2 21.0365 0.01
r 62.6 0.01 2 21.1789 0.01
r 62.8 0.01 2 21.3341 0.01
r 63 0.01 2 21.4656 0.01
r 63.2 0.01 2 21.6089 0.01
r 63.4 0.01 2 21.7504 0.01
r 63.6 0.01 2 21.8941 0.01
r 63.8 0.01 2 22.0354 0.01
r 64 0.01 2 22.1796 0.01
r 64.2 0.01 2 22.3198 0.01
r 64.4 0.01 2 22.464 0.01
r 64.6 0.01 2 22.6083 0.01
r 64.8 0.01 2 22.7494 0.01
r 65 0.01 2 22.7241 0.01
r 65.2 0.01 2 22.8441 0.01
r 65.4 0.01 2 22.9712 0.01
r 65.6 0.01 2 23.0994 0.01
r 65.8 0.01 2 23.2238 0.01
r 66 0.01 2 23.3458 0.01
r 66.2 0.01 2 23.4724 0.01
r 66.4 0.01 2 23.5985 0.01
r 66.6 0.01 2 23.7251 0.01
r 66.8 0.01 2 23.8541 0.01
r 67 0.01 2 23.9711 0.01
r 67.2 0.01 2 24.0956 0.01
r 67.4 0.01 2 24.2221 0.01
r 67.6 0.01 2 24.3547 0.01
r 67.8 0.01 2 24.4739 0.01
r 68 0.01 2 24.5967 0.01
r 68.2 0.01 2 24.7249 0.01
r 68.4 0.01 2 24.8465 0.01
r 68.6 0.01 2 24.9659 0.01
r 68.8 0.01 2 25.0923 0.01
r 69 0.01 2 25.192 0.01
r 69.2 0.01 2 25.313 0.01
r 69.4 0.01 2 25.4166 0.01
r 69.6 0.01 2 25.5328 0.01
r 69.8 0.01 2 25.6407 0.01
r 70 0.01 2 25.7489 0.01
s 40 2 201
r 30 0.01 2 6.5502 0.01
r 30.2 0.01 2 6.42312 0.01
r 30.4 0.01 2 6.30258 0.01
r 30.6 0.01 2 6.17686 0.01
r 30.8 0.01 2 6.05252 0.01
r 31 0.01 2 5.92318 0.01
r 31.2 0.01 2 5.79922 0.01
r 31.4 0.01 2 5.67559 0.01
r 31.6 0.01 2 5.55136 0.01
r 31.8 0.01 2 5.42783 0.01
r 32 0.01 2 5.30442 0.01
r 32.2 0.01 2 5.18111 0.01
r 32.4 0.01 2 5.05689 0.01
r 32.6 0.01 2 4.93373 0.01
r 32.8 0.01 2 4.81009 0.01
r 33 0.01 2 4.68691 0.01
r 33.2 0.01 2 4.56394 0.01
r 33.4 0.01 2 4.44114 0.01
r 33.6 0.01 2 4.31899 0.01
r 33.8 0.01 2 4.19629 0.01
r 34 0.01 2 4.07414 0.01
r 34.2 0.01 2 3.95214 0.01
r 34.4 0.01 2 3.83043 0.01
r 34.6 0.01 2 3.70937 0.01
r 34.8 0.01 2 3.58837 0.01
r 35 0.01 2 3.46716 0.01
r 35.2 0.01 2 3.34721 0.01
r 35.4 0.01 2 3.22787 0.01
r 35.6 0.01 2 3.10928 0.01
r 35.8 0.01 2 2.99165 0.01
r 36 0.01 2 2.87492 0.01
r 36.2 0.01 2 2.75915 0.01
r 36.4 0.01 2 2.64476 0.01
r 36.6 0.01 2 2.53204 0.01
r 36.8 0.01 2 2.42112 0.01
r 37 0.01 2 2.31257 0.01
r 37.2 0.01 2 2.20667 0.01
r 37.4 0.01 2 2.10395 0.01
r 37.6 0.01 2 2.00536 0.01
r 37.8 0.01 2 1.91051 0.01
r 38 0.01 2 1.82106 0.01
r 38.2 0.01 2 1.73666 0.01
r 38.4 0.01 2 1.65739 0.01
r 38.6 0.01 2 1.58412 0.01
r 38.8 0.01 2 1.51734 0.01
r 39 0.01 2 1.45914 0.01
r 39.2 0.01 2 1.40982 0.01
r 39.4 0.01 2 1.37095 0.01
r 39.6 0.01 2 1.34365 0.01
r 39.8 0.01 2 1.32884 0.01
r 40 0.01 2 1.32742 0.01
r 40.2 0.01 2 1.33414 0.01
r 40.4 0.01 2 1.35394 0.01
r 40.6 0.01 2 1.38627 0.01
r 40.8 0.01 2 1.43036 0.01
r 41 0.01 2 1.48511 0.01
r 41.2 0.01 2 1.54904 0.01
r 41.4 0.01 2 1.6216 0.01
r 41.6 0.01 2 1.70108 0.01
r 41.8 0.01 2 1.787 0.01
r 42 0.01 2 1.87834 0.01
r 42.2 0.01 2 1.974 0.01
r 42.4 0.01 2 2.0744 0.01
r 42.6 0.01 2 2.17739 0.01
r 42.8 0.01 2 2.28223 0.01
r 43 0.01 2 2.39045 0.01
r 43.2 0.01 2 2.50097 0.01
r 43.4 0.01 2 2.61302 0.01
r 43.6 0.01 2 2.72748 0.01
r 43.8 0.01 2 2.84139 0.01
r 44 0.01 2 2.95719 0.01
r 44.2 0.01 2 3.07488 0.01
r 44.4 0.01 2 3.1924 0.01
r 44.6 0.01 2 3.31071 0.01
r 44.8 0.01 2 3.42972 0.01
r 45 0.01 2 3.55072 0.01
r 45.2 0.01 2 3.6695 0.01
r 45.4 0.01 2 3.79017 0.01
r 45.6 0.01 2 3.91105 0.01
r 45.8 0.01 2 4.03288 0.01
r 46 0.01 2 4.1541 0.01
r 46.2 0.01 2 4.27648 0.01
r 46.4 0.01 2 4.39917 0.01
r 46.6 0.01 2 4.52374 0.01
r 46.8 0.01 2 4.64335 0.01
r 47 0.01 2 4.76627 0.01
r 47.2 0.01 2 4.88874 0.01
r 47.4 0.01 2 5.013 0.01
r 47.6 0.01 2 5.13514 0.01
r 47.8 0.01 2 5.25848 0.01
r 48 0.01 2 5.38196 0.01
r 48.2 0.01 2 5.50452 0.01
r 48.4 0.01 2 5.62382 0.01
r 48.6 0.01 2 5.74293 0.01
r 48.8 0.01 2 5.85738 0.01
r 49 0.01 2 5.97077 0.01
r 49.2 0.01 2 6.08426 0.01
r 49.4 0.01 2 6.20511 0.01
r 49.6 0.01 2 6.30443 0.01
r 49.8 0.01 2 6.41312 0.01
r 50 0.01 2 6.5191 0.01
r 50.2 0.01 2 6.62845 0.01
r 50.4 0.01 2 6.74149 0.01
r 50.6 0.01 2 6.85089 0.01
r 50.8 0.01 2 6.96491 0.01
r 51 0.01 2 7.07894 0.01
r 51.2 0.01 2 7.19618 0.01
r 51.4 0.01 2 7.31399 0.01
r 51.6 0.01 2 7.43227 0.01
r 51.8 0.01 2 7.55031 0.01
r 52 0.01 2 7.6691 0.01
r 52.2 0.01 2 7.78942 0.01
r 52.4 0.01 2 7.90983 0.01
r 52.6 0.01 2 8.03096 0.01
r 52.8 0.01 2 8.15194 0.01
r 53 0.01 2 8.27352 0.01
r 53.2 0.01 2 8.39545 0.01
r 53.4 0.01 2 8.5176 0.01
r 53.6 0.01 2 8.64022 0.01
r 53.8 0.01 2 8.76264 0.01
r 54 0.01 2 8.88564 0.01
r 54.2 0.01 2 9.00871 0.01
r 54.4 0.01 2 9.13209 0.01
r 54.6 0.01 2 9.25516 0.01
r 54.8 0.01 2 9.3784 0.01
r 55 0.01 2 9.50171 0.01
r 55.2 0.01 2 9.6254 0.01
r 55.4 0.01 2 9.74901 0.01
r 55.6 0.01 2 9.87279 0.01
r 55.8 0.01 2 9.99657 0.01
r 56 0.01 2 10.1204 0.01
r 56.2 0.01 2 10.2443 0.01
r 56.4 0.01 2 10.3684 0.01
r 56.6 0.01 2 10.4925 0.01
r 56.8 0.01 2 10.6165 0.01
r 57 0.01 2 10.7406 0.01
r 57.2 0.01 2 10.8647 0.01
r 57.4 0.01 2 10.989 0.01
r 57.6 0.01 2 11.1133 0.01
r 57.8 0.01 2 11.2375 0.01
r 58 0.01 2 11.3624 0.01
r 58.2 0.01 2 11.4872 0.01
r 58.4 0.01 2 11.614 0.01
r 58.6 0.01 2 11.7425 0.01
r 58.8 0.01 2 11.8726 0.01
r 59 0.01 2 12.0044 0.01
r 59.2 0.01 2 12.1382 0.01
r 59.4 0.01 2 12.2739 0.01
r 59.6 0.01 2 12.4114 0.01
r 59.8 0.01 2 12.5509 0.01
r 60 0.01 2 12.6924 0.01
r 60.2 0.01 2 12.8349 0.01
r 60.4 0.01 2 12.9774 0.01
r 60.6 0.01 2 13.1199 0.01
r 60.8 0.01 2 13.2625 0.01
r 61 0.01 2 13.4046 0.01
r 61.2 0.01 2 13.5471 0.01
r 61.4 0.01 2 13.6896 0.01
r 61.6 0.01 2 13.8322 0.01
r 61.8 0.01 2 13.9747 0.01
r 62 0.01 2 14.1173 0.01
r 62.2 0.01 2 14.2599 0.01
r 62.4 0.01 2 14.4025 0.01
r 62.6 0.01 2 14.5451 0.01
r 62.8 0.01 2 14.6878 0.01
r 63 0.01 2 14.8318 0.01
r 63.2 0.01 2 14.9743 0.01
r 63.4 0.01 2 15.1168 0.01
r 63.6 0.01 2 15.2586 0.01
r 63.8 0.01 2 15.4012 0.01
r 64 0.01 2 15.5437 0.01
r 64.2 0.01 2 15.6863 0.01
r 64.4 0.01 2 15.8297 0.01
r 64.6 0.01 2 15.9723 0.01
r 64.8 0.01 2 16.1142 0.01
r 65 0.01 2 16.094 0.01
r 65.2 0.01 2 16.2123 0.01
r 65.4 0.01 2 16.3391 0.01
r 65.6 0.01 2 16.4625 0.01
r 65.8 0.01 2 16.5871 0.01
r 66 0.01 2 16.7124 0.01
r 66.2 0.01 2 16.8381 0.01
r 66.4 0.01 2 16.9642 0.01
r 66.6 0.01 2 17.0935 0.01
r 66.8 0.01 2 17.2219 0.01
r 67 0.01 2 17.3366 0.01
r 67.2 0.01 2 17.464 0.01
r 67.4 0.01 2 17.5878 0.01
r 67.6 0.01 2 17.7142 0.01
r 67.8 0.01 2 17.841 0.01
r 68 0.01 2 17.9659 0.01
r 68.2 0.01 2 18.0881 0.01
r 68.4 0.01 2 18.2116 0.01
r 68.6 0.01 2 18.3321 0.01
r 68.8 0.01 2 18.4495 0.01
r 69 0.01 2 18.5602 0.01
r 69.2 0.01 2 18.6718 0.01
r 69.4 0.01 2 18.793 0.01
r 69.6 0.01 2 18.8932 0.01
r 69.8 0.01 2 19.0014 0.01
r 70 0.01 2 19.113 0.01
s 50 2 201
r 30 0.01 2 12.6909 0.01
r 30.2 0.01 2 12.5666 0.01
r 30.4 0.01 2 12.4422 0.01
r 30.6 0.01 2 12.3179 0.01
r 30.8 0.01 2 12.1938 0.01
r 31 0.01 2 12.0696 0.01
r 31.2 0.01 2 11.9455 0.01
r 31.4 0.01 2 11.8214 0.01
r 31.6 0.01 2 11.6973 0.01
r 31.8 0.01 2 11.5734 0.01
r 32 0.01 2 11.4494 0.01
r 32.2 0.01 2 11.3254 0.01
r 32.4 0.01 2 11.2018 0.01
r 32.6 0.01 2 11.0778 0.01
r 32.8 0.01 2 10.9543 0.01
r 33 0.01 2 10.8307 0.01
r 33.2 0.01 2 10.7072 0.01
r 33.4 0.01 2 10.5842 0.01
r 33.6 0.01 2 10.4609 0.01
r 33.8 0.01 2 10.3378 0.01
r 34 0.01 2 10.2149 0.01
r 34.2 0.01 2 10.0918 0.01
r 34.4 0.01 2 9.96929 0.01
r 34.6 0.01 2 9.8468 0.01
r 34.8 0.01 2 9.72457 0.01
r 35 0.01 2 9.60305 0.01
r 35.2 0.01 2 9.48094 0.01
r 35.4 0.01 2 9.35951 0.01
r 35.6 0.01 2 9.23896 0.01
r 35.8 0.01 2 9.11836 0.01
r 36 0.01 2 8.99835 0.01
r 36.2 0.01 2 8.87936 0.01
r 36.4 0.01 2 8.75945 0.01
r 36.6 0.01 2 8.6413 0.01
r 36.8 0.01 2 8.52386 0.01
r 37 0.01 2 8.41011 0.01
r 37.2 0.01 2 8.29357 0.01
r 37.4 0.01 2 8.18792 0.01
r 37.6 0.01 2 8.0719 0.01
r 37.8 0.01 2 7.95875 0.01
r 38 0.01 2 7.84867 0.01
r 38.2 0.01 2 7.73886 0.01
r 38.4 0.01 2 7.63006 0.01
r 38.6 0.01 2 7.52054 0.01
r 38.8 0.01 2 7.41083 0.01
r 39 0.01 2 7.31005 0.01
r 39.2 0.01 2 7.19046 0.01
r 39.4 0.01 2 7.07477 0.01
r 39.6 0.01 2 6.95181 0.01
r 39.8 0.01 2 6.83419 0.01
r 40 0.01 2 6.70776 0.01
r 40.2 0.01 2 6.5834 0.01
r 40.4 0.01 2 6.45717 0.01
r 40.6 0.01 2 6.33449 0.01
r 40.8 0.01 2 6.21014 0.01
r 41 0.01 2 6.0859 0.01
r 41.2 0.01 2 5.962 0.01
r 41.4 0.01 2 5.83844 0.01
r 41.6 0.01 2 5.71455 0.01
r 41.8 0.01 2 5.59094 0.01
r 42 0.01 2 5.4675 0.01
r 42.2 0.01 2 5.34403 0.01
r 42.4 0.01 2 5.22101 0.01
r 42.6 0.01 2 5.0984 0.01
r 42.8 0.01 2 4.97637 0.01
r 43 0.01 2 4.85366 0.01
r 43.2 0.01 2 4.73025 0.01
r 43.4 0.01 2 4.60707 0.01
r 43.6 0.01 2 4.48614 0.01
r 43.8 0.01 2 4.36403 0.01
r 44 0.01 2 4.24166 0.01
r 44.2 0.01 2 4.12095 0.01
r 44.4 0.01 2 3.99904 0.01
r 44.6 0.01 2 3.87846 0.01
r 44.8 0.01 2 3.75952 0.01
r 45 0.01 2 3.63833 0.01
r 45.2 0.01 2 3.51876 0.01
r 45.4 0.01 2 3.40027 0.01
r 45.6 0.01 2 3.28305 0.01
r 45.8 0.01 2 3.16566 0.01
r 46 0.01 2 3.04834 0.01
r 46.2 0.01 2 2.9337 0.01
r 46.4 0.01 2 2.81901 0.01
r 46.6 0.01 2 2.70685 0.01
r 46.8 0.01 2 2.59644 0.01
r 47 0.01 2 2.48744 0.01
r 47.2 0.01 2 2.37719 0.01
r 47.4 0.01 2 2.26748 0.01
r 47.6 0.01 2 2.15856 0.01
r 47.8 0.01 2 2.05113 0.01
r 48 0.01 2 1.94601 0.01
r 48.2 0.01 2 1.8455 0.01
r 48.4 0.01 2 1.75069 0.01
r 48.6 0.01 2 1.66493 0.01
r 48.8 0.01 2 1.58448 0.01
r 49 0.01 2 1.51426 0.01
r 49.2 0.01 2 1.45444 0.01
r 49.4 0.01 2 1.40596 0.01
r 49.6 0.01 2 1.3698 0.01
r 49.8 0.01 2 1.34668 0.01
r 50 0.01 2 1.33723 0.01
r 50.2 0.01 2 1.34408 0.01
r 50.4 0.01 2 1.36405 0.01
r 50.6 0.01 2 1.3967 0.01
r 50.8 0.01 2 1.44116 0.01
r 51 0.01 2 1.49607 0.01
r 51.2 0.01 2 1.56091 0.01
r 51.4 0.01 2 1.63392 0.01
r 51.6 0.01 2 1.71405 0.01
r 51.8 0.01 2 1.80058 0.01
r 52 0.01 2 1.89243 0.01
r 52.2 0.01 2 1.98876 0.01
r 52.4 0.01 2 2.08925 0.01
r 52.6 0.01 2 2.19291 0.01
r 52.8 0.01 2 2.29941 0.01
r 53 0.01 2 2.40864 0.01
r 53.2 0.01 2 2.51917 0.01
r 53.4 0.01 2 2.63162 0.01
r 53.6 0.01 2 2.74621 0.01
r 53.8 0.01 2 2.86155 0.01
r 54 0.01 2 2.97811 0.01
r 54.2 0.01 2 3.09556 0.01
r 54.4 0.01 2 3.21391 0.01
r 54.6 0.01 2 3.33365 0.01
r 54.8 0.01 2 3.45303 0.01
r 55 0.01 2 3.5733 0.01
r 55.2 0.01 2 3.69396 0.01
r 55.4 0.01 2 3.81554 0.01
r 55.6 0.01 2 3.93673 0.01
r 55.8 0.01 2 4.05917 0.01
r 56 0.01 2 4.18032 0.01
r 56.2 0.01 2 4.30261 0.01
r 56.4 0.01 2 4.42548 0.01
r 56.6 0.01 2 4.54807 0.01
r 56.8 0.01 2 4.67171 0.01
r 57 0.01 2 4.79376 0.01
r 57.2 0.01 2 4.91663 0.01
r 57.4 0.01 2 5.03978 0.01
r 57.6 0.01 2 5.16305 0.01
r 57.8 0.01 2 5.28691 0.01
r 58 0.01 2 5.41028 0.01
r 58.2 0.01 2 5.53479 0.01
r 58.4 0.01 2 5.66101 0.01
r 58.6 0.01 2 5.78892 0.01
r 58.8 0.01 2 5.91857 0.01
r 59 0.01 2 6.05048 0.01
r 59.2 0.01 2 6.18545 0.01
r 59.4 0.01 2 6.32355 0.01
r 59.6 0.01 2 6.45644 0.01
r 59.8 0.01 2 6.60012 0.01
r 60 0.01 2 6.74052 0.01
r 60.2 0.01 2 6.88693 0.01
r 60.4 0.01 2 7.02367 0.01
r 60.6 0.01 2 7.17106 0.01
r 60.8 0.01 2 7.3089 0.01
r 61 0.01 2 7.45036 0.01
r 61.2 0.01 2 7.59356 0.01
r 61.4 0.01 2 7.73743 0.01
r 61.6 0.01 2 7.87861 0.01
r 61.8 0.01 2 8.02018 0.01
r 62 0.01 2 8.1617 0.01
r 62.2 0.01 2 8.32035 0.01
r 62.4 0.01 2 8.44652 0.01
r 62.6 0.01 2 8.59037 0.01
r 62.8 0.01 2 8.74681 0.01
r 63 0.01 2 8.88523 0.01
r 63.2 0.01 2 9.02797 0.01
r 63.4 0.01 2 9.16912 0.01
r 63.6 0.01 2 9.30482 0.01
r 63.8 0.01 2 9.45406 0.01
r 64 0.01 2 9.60104 0.01
r 64.2 0.01 2 9.74361 0.01
r 64.4 0.01 2 9.88743 0.01
r 64.6 0.01 2 10.0124 0.01
r 64.8 0.01 2 10.1585 0.01
r 65 0.01 2 10.1278 0.01
r 65.2 0.01 2 10.2524 0.01
r 65.4 0.01 2 10.3762 0.01
r 65.6 0.01 2 10.5043 0.01
r 65.8 0.01 2 10.6315 0.01
r 66 0.01 2 10.7556 0.01
r 66.2 0.01 2 10.8801 0.01
r 66.4 0.01 2 11.0048 0.01
r 66.6 0.01 2 11.1355 0.01
r 66.8 0.01 2 11.2627 0.01
r 67 0.01 2 11.3818 0.01
r 67.2 0.01 2 11.5029 0.01
r 67.4 0.01 2 11.6278 0.01
r 67.6 0.01 2 11.7558 0.01
r 67.8 0.01 2 11.8834 0.01
r 68 0.01 2 12.005 0.01
r 68.2 0.01 2 12.1325 0.01
r 68.4 0.01 2 12.256 0.01
r 68.6 0.01 2 12.3791 0.01
r 68.8 0.01 2 12.5024 0.01
r 69 0.01 2 12.6006 0.01
r 69.2 0.01 2 12.7138 0.01
r 69.4 0.01 2 12.8284 0.01
r 69.6 0.01 2 12.94 0.01
r 69.8 0.01 2 13.0487 0.01
r 70 0.01 2 13.154 0.01
s 60 2 201
r 30 0.01 2 19.1391 0.01
r 30.2 0.01 2 19.0149 0.01
r 30.4 0.01 2 18.8907 0.01
r 30.6 0.01 2 18.7667 0.01
r 30.8 0.01 2 18.6436 0.01
r 31 0.01 2 18.5279 0.01
r 31.2 0.01 2 18.3964 0.01
r 31.4 0.01 2 18.2728 0.01
r 31.6 0.01 2 18.1467 0.01
r 31.8 0.01 2 18.0226 0.01
r 32 0.01 2 17.8998 0.01
r 32.2 0.01 2 17.7757 0.01
r 32.4 0.01 2 17.6501 0.01
r 32.6 0.01 2 17.5273 0.01
r 32.8 0.01 2 17.4062 0.01
r 33 0.01 2 17.2832 0.01
r 33.2 0.01 2 17.1572 0.01
r 33.4 0.01 2 17.0363 0.01
r 33.6 0.01 2 16.9099 0.01
r 33.8 0.01 2 16.7884 0.01
r 34 0.01 2 16.6659 0.01
r 34.2 0.01 2 16.5416 0.01
r 34.4 0.01 2 16.4226 0.01
r 34.6 0.01 2 16.2953 0.01
r 34.8 0.01 2 16.1735 0.01
r 35 0.01 2 16.0547 0.01
r 35.2 0.01 2 15.9331 0.01
r 35.4 0.01 2 15.8114 0.01
r 35.6 0.01 2 15.6899 0.01
r 35.8 0.01 2 15.5705 0.01
r 36 0.01 2 15.4503 0.01
r 36.2 0.01 2 15.3289 0.01
r 36.4 0.01 2 15.2086 0.01
r 36.6 0.01 2 15.0928 0.01
r 36.8 0.01 2 14.9747 0.01
r 37 0.01 2 14.8801 0.01
r 37.2 0.01 2 14.7653 0.01
r 37.4 0.01 2 14.6425 0.01
r 37.6 0.01 2 14.5216 0.01
r 37.8 0.01 2 14.4158 0.01
r 38 0.01 2 14.3068 0.01
r 38.2 0.01 2 14.1955 0.01
r 38.4 0.01 2 14.0832 0.01
r 38.6 0.01 2 13.9703 0.01
r 38.8 0.01 2 13.8602 0.01
r 39 0.01 2 13.7615 0.01
r 39.2 0.01 2 13.6469 0.01
r 39.4 0.01 2 13.5593 0.01
r 39.6 0.01 2 13.4012 0.01
r 39.8 0.01 2 13.2776 0.01
r 40 0.01 2 13.1501 0.01
r 40.2 0.01 2 13.0272 0.01
r 40.4 0.01 2 12.9068 0.01
r 40.6 0.01 2 12.7733 0.01
r 40.8 0.01 2 12.6493 0.01
r 41 0.01 2 12.5304 0.01
r 41.2 0.01 2 12.4094 0.01
r 41.4 0.01 2 12.2779 0.01
r 41.6 0.01 2 12.1487 0.01
r 41.8 0.01 2 12.0292 0.01
r 42 0.01 2 11.9014 0.01
r 42.2 0.01 2 11.7681 0.01
r 42.4 0.01 2 11.6531 0.01
r 42.6 0.01 2 11.5275 0.01
r 42.8 0.01 2 11.3951 0.01
r 43 0.01 2 11.4612 0.01
r 43.2 0.01 2 11.3191 0.01
r 43.4 0.01 2 11.1764 0.01
r 43.6 0.01 2 11.033 0.01
r 43.8 0.01 2 10.8904 0.01
r 44 0.01 2 10.7477 0.01
r 44.2 0.01 2 10.5992 0.01
r 44.4 0.01 2 10.4637 0.01
r 44.6 0.01 2 10.321 0.01
r 44.8 0.01 2 10.174 0.01
r 45 0.01 2 10.0328 0.01
r 45.2 0.01 2 9.88959 0.01
r 45.4 0.01 2 9.74689 0.01
r 45.6 0.01 2 9.58976 0.01
r 45.8 0.01 2 9.46191 0.01
r 46 0.01 2 9.3194 0.01
r 46.2 0.01 2 9.16411 0.01
r 46.4 0.01 2 9.0343 0.01
r 46.6 0.01 2 8.89184 0.01
r 46.8 0.01 2 8.73492 0.01
r 47 0.01 2 8.58591 0.01
r 47.2 0.01 2 8.44337 0.01
r 47.4 0.01 2 8.30089 0.01
r 47.6 0.01 2 8.15831 0.01
r 47.8 0.01 2 8.01581 0.01
r 48 0.01 2 7.87338 0.01
r 48.2 0.01 2 7.73195 0.01
r 48.4 0.01 2 7.59248 0.01
r 48.6 0.01 2 7.45502 0.01
r 48.8 0.01 2 7.31946 0.01
r 49 0.01 2 7.19405 0.01
r 49.2 0.01 2 7.06106 0.01
r 49.4 0.01 2 6.93185 0.01
r 49.6 0.01 2 6.79965 0.01
r 49.8 0.01 2 6.67413 0.01
r 50 0.01 2 6.54892 0.01
r 50.2 0.01 2 6.42312 0.01
r 50.4 0.01 2 6.30258 0.01
r 50.6 0.01 2 6.17686 0.01
r 50.8 0.01 2 6.05252 0.01
r 51 0.01 2 5.92318 0.01
r 51.2 0.01 2 5.79925 0.01
r 51.4 0.01 2 5.6756 0.01
r 51.6 0.01 2 5.55161 0.01
r 51.8 0.01 2 5.42783 0.01
r 52 0.01 2 5.30406 0.01
r 52.2 0.01 2 5.1811 0.01
r 52.4 0.01 2 5.05683 0.01
r 52.6 0.01 2 4.93324 0.01
r 52.8 0.01 2 4.81009 0.01
r 53 0.01 2 4.68691 0.01
r 53.2 0.01 2 4.56394 0.01
r 53.4 0.01 2 4.44122 0.01
r 53.6 0.01 2 4.31906 0.01
r 53.8 0.01 2 4.19641 0.01
r 54 0.01 2 4.07414 0.01
r 54.2 0.01 2 3.95215 0.01
r 54.4 0.01 2 3.83043 0.01
r 54.6 0.01 2 3.70937 0.01
r 54.8 0.01 2 3.58837 0.01
r 55 0.01 2 3.46716 0.01
r 55.2 0.01 2 3.34725 0.01
r 55.4 0.01 2 3.22787 0.01
r 55.6 0.01 2 3.10928 0.01
r 55.8 0.01 2 2.99165 0.01
r 56 0.01 2 2.87502 0.01
r 56.2 0.01 2 2.75915 0.01
r 56.4 0.01 2 2.64474 0.01
r 56.6 0.01 2 2.53204 0.01
r 56.8 0.01 2 2.42112 0.01
r 57 0.01 2 2.31257 0.01
r 57.2 0.01 2 2.20667 0.01
r 57.4 0.01 2 2.10395 0.01
r 57.6 0.01 2 2.00536 0.01
r 57.8 0.01 2 1.91051 0.01
r 58 0.01 2 1.82106 0.01
r 58.2 0.01 2 1.73666 0.01
r 58.4 0.01 2 1.65739 0.01
r 58.6 0.01 2 1.58412 0.01
r 58.8 0.01 2 1.51734 0.01
r 59 0.01 2 1.45914 0.01
r 59.2 0.01 2 1.40982 0.01
r 59.4 0.01 2 1.37095 0.01
r 59.6 0.01 2 1.34365 0.01
r 59.8 0.01 2 1.32884 0.01
r 60 0.01 2 1.32742 0.01
r 60.2 0.01 2 1.33414 0.01
r 60.4 0.01 2 1.35394 0.01
r 60.6 0.01 2 1.38627 0.01
r 60.8 0.01 2 1.43036 0.01
r 61 0.01 2 1.48511 0.01
r 61.2 0.01 2 1.54904 0.01
r 61.4 0.01 2 1.6216 0.01
r 61.6 0.01 2 1.70113 0.01
r 61.8 0.01 2 1.78697 0.01
r 62 0.01 2 1.87834 0.01
r 62.2 0.01 2 1.974 0.01
r 62.4 0.01 2 2.0744 0.01
r 62.6 0.01 2 2.17739 0.01
r 62.8 0.01 2 2.28235 0.01
r 63 0.01 2 2.39045 0.01
r 63.2 0.01 2 2.50093 0.01
r 63.4 0.01 2 2.61304 0.01
r 63.6 0.01 2 2.72748 0.01
r 63.8 0.01 2 2.84139 0.01
r 64 0.01 2 2.95719 0.01
r 64.2 0.01 2 3.07425 0.01
r 64.4 0.01 2 3.1924 0.01
r 64.6 0.01 2 3.31071 0.01
r 64.8 0.01 2 3.42972 0.01
r 65 0.01 2 3.55072 0.01
r 65.2 0.01 2 3.6693 0.01
r 65.4 0.01 2 3.79017 0.01
r 65.6 0.01 2 3.91105 0.01
r 65.8 0.01 2 4.03288 0.01
r 66 0.01 2 4.1541 0.01
r 66.2 0.01 2 4.27648 0.01
r 66.4 0.01 2 4.39917 0.01
r 66.6 0.01 2 4.52374 0.01
r 66.8 0.01 2 4.64335 0.01
r 67 0.01 2 4.76607 0.01
r 67.2 0.01 2 4.88897 0.01
r 67.4 0.01 2 5.01284 0.01
r 67.6 0.01 2 5.13514 0.01
r 67.8 0.01 2 5.25848 0.01
r 68 0.01 2 5.38195 0.01
r 68.2 0.01 2 5.50454 0.01
r 68.4 0.01 2 5.62396 0.01
r 68.6 0.01 2 5.74202 0.01
r 68.8 0.01 2 5.85737 0.01
r 69 0.01 2 5.97077 0.01
r 69.2 0.01 2 6.08426 0.01
r 69.4 0.01 2 6.20511 0.01
r 69.6 0.01 2 6.30454 0.01
r 69.8 0.01 2 6.41312 0.01
r 70 0.01 2 6.5191 0.01
s 70 2 201
r 30 0.01 2 25.2862 0.01
r 30.2 0.01 2 25.1615 0.01
r 30.4 0.01 2 25.0363 0.01
r 30.6 0.01 2 24.9149 0.01
r 30.8 0.01 2 24.7895 0.01
r 31 0.01 2 24.6641 0.01
r 31.2 0.01 2 24.5401 0.01
r 31.4 0.01 2 24.4164 0.01
r 31.6 0.01 2 24.2924 0.01
r 31.8 0.01 2 24.1685 0.01
r 32 0.01 2 24.0443 0.01
r 32.2 0.01 2 23.9203 0.01
r 32.4 0.01 2 23.7967 0.01
r 32.6 0.01 2 23.673 0.01
r 32.8 0.01 2 23.5485 0.01
r 33 0.01 2 23.4258 0.01
r 33.2 0.01 2 23.3022 0.01
r 33.4 0.01 2 23.1787 0.01
r 33.6 0.01 2 23.0552 0.01
r 33.8 0.01 2 22.9318 0.01
r 34 0.01 2 22.8091 0.01
r 34.2 0.01 2 22.6865 0.01
r 34.4 0.01 2 22.564 0.01
r 34.6 0.01 2 22.4408 0.01
r 34.8 0.01 2 22.3186 0.01
r 35 0.01 2 22.1985 0.01
r 35.2 0.01 2 22.0771 0.01
r 35.4 0.01 2 21.9559 0.01
r 35.6 0.01 2 21.8347 0.01
r 35.8 0.01 2 21.7214 0.01
r 36 0.01 2 21.5937 0.01
r 36.2 0.01 2 21.4813 0.01
r 36.4 0.01 2 21.3548 0.01
r 36.6 0.01 2 21.2359 0.01
r 36.8 0.01 2 21.1186 0.01
r 37 0.01 2 21.0339 0.01
r 37.2 0.01 2 20.8933 0.01
r 37.4 0.01 2 20.7808 0.01
r 37.6 0.01 2 20.6652 0.01
r 37.8 0.01 2 20.5736 0.01
r 38 0.01 2 20.441 0.01
r 38.2 0.01 2 20.3348 0.01
r 38.4 0.01 2 20.2234 0.01
r 38.6 0.01 2 20.1129 0.01
r 38.8 0.01 2 20.0058 0.01
r 39 0.01 2 19.9185 0.01
r 39.2 0.01 2 19.784 0.01
r 39.4 0.01 2 19.6639 0.01
r 39.6 0.01 2 19.5423 0.01
r 39.8 0.01 2 19.4173 0.01
r 40 0.01 2 19.2945 0.01
r 40.2 0.01 2 19.1681 0.01
r 40.4 0.01 2 19.0446 0.01
r 40.6 0.01 2 18.9162 0.01
r 40.8 0.01 2 18.7919 0.01
r 41 0.01 2 18.6734 0.01
r 41.2 0.01 2 18.5453 0.01
r 41.4 0.01 2 18.4224 0.01
r 41.6 0.01 2 18.295 0.01
r 41.8 0.01 2 18.167 0.01
r 42 0.01 2 18.0413 0.01
r 42.2 0.01 2 17.9157 0.01
r 42.4 0.01 2 17.791 0.01
r 42.6 0.01 2 17.6663 0.01
r 42.8 0.01 2 17.5412 0.01
r 43 0.01 2 17.5861 0.01
r 43.2 0.01 2 17.4434 0.01
r 43.4 0.01 2 17.3008 0.01
r 43.6 0.01 2 17.1582 0.01
r 43.8 0.01 2 17.0156 0.01
r 44 0.01 2 16.873 0.01
r 44.2 0.01 2 16.7304 0.01
r 44.4 0.01 2 16.5879 0.01
r 44.6 0.01 2 16.4453 0.01
r 44.8 0.01 2 16.3028 0.01
r 45 0.01 2 16.1597 0.01
r 45.2 0.01 2 16.0171 0.01
r 45.4 0.01 2 15.8744 0.01
r 45.6 0.01 2 15.7318 0.01
r 45.8 0.01 2 15.5892 0.01
r 46 0.01 2 15.4466 0.01
r 46.2 0.01 2 15.3041 0.01
r 46.4 0.01 2 15.1615 0.01
r 46.6 0.01 2 15.0189 0.01
r 46.8 0.01 2 14.8764 0.01
r 47 0.01 2 14.7335 0.01
r 47.2 0.01 2 14.591 0.01
r 47.4 0.01 2 14.4485 0.01
r 47.6 0.01 2 14.3062 0.01
r 47.8 0.01 2 14.1637 0.01
r 48 0.01 2 14.0212 0.01
r 48.2 0.01 2 13.8798 0.01
r 48.4 0.01 2 13.7405 0.01
r 48.6 0.01 2 13.603 0.01
r 48.8 0.01 2 13.4675 0.01
r 49 0.01 2 13.3339 0.01
r 49.2 0.01 2 13.2016 0.01
r 49.4 0.01 2 13.0715 0.01
r 49.6 0.01 2 12.9436 0.01
r 49.8 0.01 2 12.8161 0.01
r 50 0.01 2 12.6909 0.01
r 50.2 0.01 2 12.5666 0.01
r 50.4 0.01 2 12.4422 0.01
r 50.6 0.01 2 12.3179 0.01
r 50.8 0.01 2 12.1938 0.01
r 51 0.01 2 12.0696 0.01
r 51.2 0.01 2 11.9455 0.01
r 51.4 0.01 2 11.8214 0.01
r 51.6 0.01 2 11.6973 0.01
r 51.8 0.01 2 11.5734 0.01
r 52 0.01 2 11.4494 0.01
r 52.2 0.01 2 11.3254 0.01
r 52.4 0.01 2 11.2018 0.01
r 52.6 0.01 2 11.0778 0.01
r 52.8 0.01 2 10.9543 0.01
r 53 0.01 2 10.8307 0.01
r 53.2 0.01 2 10.7072 0.01
r 53.4 0.01 2 10.5842 0.01
r 53.6 0.01 2 10.4609 0.01
r 53.8 0.01 2 10.3378 0.01
r 54 0.01 2 10.2149 0.01
r 54.2 0.01 2 10.0918 0.01
r 54.4 0.01 2 9.96929 0.01
r 54.6 0.01 2 9.8468 0.01
r 54.8 0.01 2 9.72457 0.01
r 55 0.01 2 9.60305 0.01
r 55.2 0.01 2 9.48094 0.01
r 55.4 0.01 2 9.35951 0.01
r 55.6 0.01 2 9.23896 0.01
r 55.8 0.01 2 9.11836 0.01
r 56 0.01 2 8.99835 0.01
r 56.2 0.01 2 8.87936 0.01
r 56.4 0.01 2 8.75945 0.01
r 56.6 0.01 2 8.6413 0.01
r 56.8 0.01 2 8.52387 0.01
r 57 0.01 2 8.41011 0.01
r 57.2 0.01 2 8.29352 0.01
r 57.4 0.01 2 8.18792 0.01
r 57.6 0.01 2 8.06825 0.01
r 57.8 0.01 2 7.95875 0.01
r 58 0.01 2 7.84867 0.01
r 58.2 0.01 2 7.73886 0.01
r 58.4 0.01 2 7.63006 0.01
r 58.6 0.01 2 7.52059 0.01
r 58.8 0.01 2 7.41083 0.01
r 59 0.01 2 7.31005 0.01
r 59.2 0.01 2 7.19855 0.01
r 59.4 0.01 2 7.07546 0.01
r 59.6 0.01 2 6.95141 0.01
r 59.8 0.01 2 6.83693 0.01
r 60 0.01 2 6.70776 0.01
r 60.2 0.01 2 6.5834 0.01
r 60.4 0.01 2 6.45717 0.01
r 60.6 0.01 2 6.33449 0.01
r 60.8 0.01 2 6.21014 0.01
r 61 0.01 2 6.08585 0.01
r 61.2 0.01 2 5.962 0.01
r 61.4 0.01 2 5.83828 0.01
r 61.6 0.01 2 5.71455 0.01
r 61.8 0.01 2 5.59094 0.01
r 62 0.01 2 5.4675 0.01
r 62.2 0.01 2 5.34403 0.01
r 62.4 0.01 2 5.22101 0.01
r 62.6 0.01 2 5.0984 0.01
r 62.8 0.01 2 4.97637 0.01
r 63 0.01 2 4.85366 0.01
r 63.2 0.01 2 4.73025 0.01
r 63.4 0.01 2 4.61063 0.01
r 63.6 0.01 2 4.48614 0.01
r 63.8 0.01 2 4.36403 0.01
r 64 0.01 2 4.24166 0.01
r 64.2 0.01 2 4.12095 0.01
r 64.4 0.01 2 3.99904 0.01
r 64.6 0.01 2 3.87846 0.01
r 64.8 0.01 2 3.75952 0.01
r 65 0.01 2 3.63833 0.01
r 65.2 0.01 2 3.51876 0.01
r 65.4 0.01 2 3.40027 0.01
r 65.6 0.01 2 3.28305 0.01
r 65.8 0.01 2 3.16566 0.01
r 66 0.01 2 3.04834 0.01
r 66.2 0.01 2 2.9337 0.01
r 66.4 0.01 2 2.81901 0.01
r 66.6 0.01 2 2.70685 0.01
r 66.8 0.01 2 2.59644 0.01
r 67 0.01 2 2.48744 0.01
r 67.2 0.01 2 2.37719 0.01
r 67.4 0.01 2 2.26748 0.01
r 67.6 0.01 2 2.15856 0.01
r 67.8 0.01 2 2.05113 0.01
r 68 0.01 2 1.94601 0.01
r 68.2 0.01 2 1.84549 0.01
r 68.4 0.01 2 1.75068 0.01
r 68.6 0.01 2 1.66495 0.01
r 68.8 0.01 2 1.58454 0.01
r 69 0.01 2 1.51425 0.01
r 69.2 0.01 2 1.45443 0.01
r 69.4 0.01 2 1.40596 0.01
r 69.6 0.01 2 1.3698 0.01
r 69.8 0.01 2 1.34668 0.01
r 70 0.01 2 1.33723 0.01
