5
s 30 2 31
r 20 0.01 0 4.25396 0.01
r 22 0.01 0 3.85949 0.01
r 24 0.01 0 3.46511 0.01
r 26 0.01 0 2.97845 0.01
r 28 0.01 0 1.88091 0.01
r 30 0.01 0 1.32667 0.01
r 32 0.01 0 1.88091 0.01
r 34 0.01 0 2.97845 0.01
r 36 0.01 0 3.58559 0.01
r 38 0.01 0 3.98487 0.01
r 40 0.01 0 4.38361 0.01
r 42 0.01 0 4.78478 0.01
r 44 0.01 0 5.21899 0.01
r 46 0.01 0 5.61186 0.01
r 48 0.01 0 6.00207 0.01
r 50 0.01 0 6.41797 0.01
r 52 0.01 0 6.80021 0.01
r 54 0.01 0 7.17346 0.01
r 56 0.01 0 7.57146 0.01
r 58 0.01 0 7.93759 0.01
r 60 0.01 0 8.29275 0.01
r 62 0.01 0 8.64301 0.01
r 64 0.01 0 9.01178 0.01
r 66 0.01 0 9.35013 0.01
r 68 0.01 0 9.6809 0.01
r 70 0.01 0 10.0288 0.01
r 72 0.01 0 10.3485 0.01
r 74 0.01 0 10.6622 0.01
r 76 0.01 0 10.9879 0.01
r 78 0.01 0 11.2919 0.01
r 80 0.01 0 11.5847 0.01
s 40 2 31
r 20 0.01 0 6.25249 0.01
r 22 0.01 0 5.87381 0.01
r 24 0.01 0 5.4985 0.01
r 26 0.01 0 5.14018 0.01
r 28 0.01 0 4.77653 0.01
r 30 0.01 0 4.38437 0.01
r 32 0.01 0 4.02221 0.01
r 34 0.01 0 3.64324 0.01
r 36 0.01 0 2.97845 0.01
r 38 0.01 0 1.88091 0.01
r 40 0.01 0 1.32667 0.01
r 42 0.01 0 1.88091 0.01
r 44 0.01 0 2.97845 0.01
r 46 0.01 0 3.72545 0.01
r 48 0.01 0 4.12751 0.01
r 50 0.01 0 4.56829 0.01
r 52 0.01 0 4.96453 0.01
r 54 0.01 0 5.3601 0.01
r 56 0.01 0 5.78783 0.01
r 58 0.01 0 6.17553 0.01
r 60 0.01 0 6.55918 0.01
r 62 0.01 0 6.93708 0.01
r 64 0.01 0 7.34278 0.01
r 66 0.01 0 7.71017 0.01
r 68 0.01 0 8.07156 0.01
r 70 0.01 0 8.45497 0.01
r 72 0.01 0 8.80594 0.01
r 74 0.01 0 9.15341 0.01
r 76 0.01 0 9.51123 0.01
r 78 0.01 0 9.84466 0.01
r 80 0.01 0 10.1748 0.01
s 50 2 31
r 20 0.01 0 8.15827 0.01
r 22 0.01 0 7.81248 0.01
r 24 0.01 0 7.46448 0.01
r 26 0.01 0 7.12993 0.01
r 28 0.01 0 6.79183 0.01
r 30 0.01 0 6.4223 0.01
r 32 0.01 0 6.07431 0.01
r 34 0.01 0 5.71586 0.01
r 36 0.01 0 5.33021 0.01
r 38 0.01 0 4.94141 0.01
r 40 0.01 0 4.5816 0.01
r 42 0.01 0 4.20088 0.01
r 44 0.01 0 3.80792 0.01
r 46 0.01 0 2.97845 0.01
r 48 0.01 0 1.88091 0.01
r 50 0.01 0 1.32667 0.01
r 52 0.01 0 1.88091 0.01
r 54 0.01 0 2.97845 0.01
r 56 0.01 0 3.93005 0.01
r 58 0.01 0 4.30212 0.01
r 60 0.01 0 4.70046 0.01
r 62 0.01 0 5.09728 0.01
r 64 0.01 0 5.52681 0.01
r 66 0.01 0 5.92105 0.01
r 68 0.01 0 6.30884 0.01
r 70 0.01 0 6.71945 0.01
r 72 0.01 0 7.10336 0.01
r 74 0.01 0 7.48024 0.01
r 76 0.01 0 7.86978 0.01
r 78 0.01 0 8.23856 0.01
r 80 0.01 0 8.59665 0.01
s 60 2 31
r 20 0.01 0 9.86907 0.01
r 22 0.01 0 9.55963 0.01
r 24 0.01 0 9.24345 0.01
r 26 0.01 0 8.93826 0.01
r 28 0.01 0 8.63216 0.01
r 30 0.01 0 8.29752 0.01
r 32 0.01 0 7.97068 0.01
r 34 0.01 0 7.63945 0.01
r 36 0.01 0 7.28021 0.01
r 38 0.01 0 6.91617 0.01
r 40 0.01 0 6.57275 0.01
r 42 0.01 0 6.21 0.01
r 44 0.01 0 5.83038 0.01
r 46 0.01 0 5.47429 0.01
r 48 0.01 0 5.09361 0.01
r 50 0.01 0 4.70297 0.01
r 52 0.01 0 4.3401 0.01
r 54 0.01 0 3.93005 0.01
r 56 0.01 0 2.97845 0.01
r 58 0.01 0 1.88091 0.01
r 60 0.01 0 1.32667 0.01
r 62 0.01 0 1.88091 0.01
r 64 0.01 0 2.97845 0.01
r 66 0.01 0 3.93005 0.01
r 68 0.01 0 4.41943 0.01
r 70 0.01 0 4.8488 0.01
r 72 0.01 0 5.25201 0.01
r 74 0.01 0 5.64674 0.01
r 76 0.01 0 6.06157 0.01
r 78 0.01 0 6.45827 0.01
r 80 0.01 0 6.84341 0.01
s 70 2 31
r 20 0.01 0 11.4445 0.01
r 22 0.01 0 11.1664 0.01
r 24 0.01 0 10.8832 0.01
r 26 0.01 0 10.6068 0.01
r 28 0.01 0 10.3375 0.01
r 30 0.01 0 10.0331 0.01
r 32 0.01 0 9.73942 0.01
r 34 0.01 0 9.44252 0.01
r 36 0.01 0 9.11794 0.01
r 38 0.01 0 8.78483 0.01
r 40 0.01 0 8.46715 0.01
r 42 0.01 0 8.13788 0.01
r 44 0.01 0 7.78531 0.01
r 46 0.01 0 7.45142 0.01
r 48 0.01 0 7.09652 0.01
r 50 0.01 0 6.72541 0.01
r 52 0.01 0 6.37625 0.01
r 54 0.01 0 6.00033 0.01
r 56 0.01 0 5.61405 0.01
r 58 0.01 0 5.22699 0.01
r 60 0.01 0 4.86511 0.01
r 62 0.01 0 4.47143 0.01
r 64 0.01 0 3.93005 0.01
r 66 0.01 0 2.97845 0.01
r 68 0.01 0 1.88091 0.01
r 70 0.01 0 1.32667 0.01
r 72 0.01 0 1.88091 0.01
r 74 0.01 0 2.97845 0.01
r 76 0.01 0 3.93005 0.01
r 78 0.01 0 4.55254 0.01
r 80 0.01 0 4.95144 0.01
