5
s 30 2 31
r 20 0.01 6 5.30926 0.01
r 22 0.01 6 4.62189 0.01
r 24 0.01 6 3.95111 0.01
r 26 0.01 6 3.31313 0.01
r 28 0.01 6 2.80181 0.01
r 30 0.01 6 2.58007 0.01
r 32 0.01 6 2.80266 0.01
r 34 0.01 6 3.30635 0.01
r 36 0.01 6 3.95908 0.01
r 38 0.01 6 4.6746 0.01
r 40 0.01 6 5.35866 0.01
r 42 0.01 6 6.0489 0.01
r 44 0.01 6 6.73914 0.01
r 46 0.01 6 7.41449 0.01
r 48 0.01 6 8.08854 0.01
r 50 0.01 6 8.76053 0.01
r 52 0.01 6 9.43235 0.01
r 54 0.01 6 10.0764 0.01
r 56 0.01 6 10.7193 0.01
r 58 0.01 6 11.3583 0.01
r 60 0.01 6 11.985 0.01
r 62 0.01 6 12.5933 0.01
r 64 0.01 6 13.207 0.01
r 66 0.01 6 13.8196 0.01
r 68 0.01 6 14.4215 0.01
r 70 0.01 6 15.0034 0.01
r 72 0.01 6 15.5215 0.01
r 74 0.01 6 16.08 0.01
r 76 0.01 6 16.6291 0.01
r 78 0.01 6 17.1364 0.01
r 80 0.01 6 17.6625 0.01
s 40 2 31
r 20 0.01 6 8.72825 0.01
r 22 0.01 6 8.0693 0.01
r 24 0.01 6 7.40155 0.01
r 26 0.01 6 6.73137 0.01
r 28 0.01 6 6.04915 0.01
r 30 0.01 6 5.36761 0.01
r 32 0.01 6 4.71969 0.01
r 34 0.01 6 4.01635 0.01
r 36 0.01 6 3.38615 0.01
r 38 0.01 6 2.92344 0.01
r 40 0.01 6 2.72056 0.01
r 42 0.01 6 2.95085 0.01
r 44 0.01 6 3.45854 0.01
r 46 0.01 6 4.06582 0.01
r 48 0.01 6 4.7155 0.01
r 50 0.01 6 5.39618 0.01
r 52 0.01 6 6.05489 0.01
r 54 0.01 6 6.68896 0.01
r 56 0.01 6 7.34004 0.01
r 58 0.01 6 7.97313 0.01
r 60 0.01 6 8.59922 0.01
r 62 0.01 6 9.20755 0.01
r 64 0.01 6 9.82356 0.01
r 66 0.01 6 10.4343 0.01
r 68 0.01 6 11.0373 0.01
r 70 0.01 6 11.6274 0.01
r 72 0.01 6 12.2064 0.01
r 74 0.01 6 12.783 0.01
r 76 0.01 6 13.3492 0.01
r 78 0.01 6 13.9084 0.01
r 80 0.01 6 14.4651 0.01
s 50 2 31
r 20 0.01 6 11.9251 0.01
r 22 0.01 6 11.3223 0.01
r 24 0.01 6 10.6999 0.01
r 26 0.01 6 10.0834 0.01
r 28 0.01 6 9.43897 0.01
r 30 0.01 6 8.7599 0.01
r 32 0.01 6 8.08514 0.01
r 34 0.01 6 7.39541 0.01
r 36 0.01 6 6.73983 0.01
r 38 0.01 6 6.05608 0.01
r 40 0.01 6 5.39812 0.01
r 42 0.01 6 4.74265 0.01
r 44 0.01 6 4.09597 0.01
r 46 0.01 6 3.54278 0.01
r 48 0.01 6 3.14689 0.01
r 50 0.01 6 2.98446 0.01
r 52 0.01 6 3.1473 0.01
r 54 0.01 6 3.53892 0.01
r 56 0.01 6 4.08401 0.01
r 58 0.01 6 4.71976 0.01
r 60 0.01 6 5.36375 0.01
r 62 0.01 6 5.94727 0.01
r 64 0.01 6 6.55318 0.01
r 66 0.01 6 7.16866 0.01
r 68 0.01 6 7.76782 0.01
r 70 0.01 6 8.35732 0.01
r 72 0.01 6 8.93319 0.01
r 74 0.01 6 9.51342 0.01
r 76 0.01 6 10.084 0.01
r 78 0.01 6 10.6378 0.01
r 80 0.01 6 11.2017 0.01
s 60 2 31
r 20 0.01 6 14.8948 0.01
r 22 0.01 6 14.3402 0.01
r 24 0.01 6 13.7751 0.01
r 26 0.01 6 13.2015 0.01
r 28 0.01 6 12.6316 0.01
r 30 0.01 6 11.9479 0.01
r 32 0.01 6 11.2771 0.01
r 34 0.01 6 10.5837 0.01
r 36 0.01 6 9.92268 0.01
r 38 0.01 6 9.2417 0.01
r 40 0.01 6 8.57356 0.01
r 42 0.01 6 7.91044 0.01
r 44 0.01 6 7.25131 0.01
r 46 0.01 6 6.60822 0.01
r 48 0.01 6 5.93371 0.01
r 50 0.01 6 5.36064 0.01
r 52 0.01 6 4.71304 0.01
r 54 0.01 6 4.12992 0.01
r 56 0.01 6 3.61946 0.01
r 58 0.01 6 3.26098 0.01
r 60 0.01 6 3.10517 0.01
r 62 0.01 6 3.28777 0.01
r 64 0.01 6 3.69419 0.01
r 66 0.01 6 4.22995 0.01
r 68 0.01 6 4.73818 0.01
r 70 0.01 6 5.32066 0.01
r 72 0.01 6 5.88941 0.01
r 74 0.01 6 6.47953 0.01
r 76 0.01 6 7.02644 0.01
r 78 0.01 6 7.60008 0.01
r 80 0.01 6 8.1616 0.01
s 70 2 31
r 20 0.01 6 17.5546 0.01
r 22 0.01 6 17.0838 0.01
r 24 0.01 6 16.5754 0.01
r 26 0.01 6 16.058 0.01
r 28 0.01 6 15.5277 0.01
r 30 0.01 6 14.96 0.01
r 32 0.01 6 14.2847 0.01
r 34 0.01 6 13.5932 0.01
r 36 0.01 6 12.9323 0.01
r 38 0.01 6 12.2521 0.01
r 40 0.01 6 11.5848 0.01
r 42 0.01 6 10.923 0.01
r 44 0.01 6 10.2648 0.01
r 46 0.01 6 9.61878 0.01
r 48 0.01 6 8.94399 0.01
r 50 0.01 6 8.33955 0.01
r 52 0.01 6 7.72374 0.01
r 54 0.01 6 7.10983 0.01
r 56 0.01 6 6.49103 0.01
r 58 0.01 6 5.88879 0.01
r 60 0.01 6 5.3213 0.01
r 62 0.01 6 4.73506 0.01
r 64 0.01 6 4.23597 0.01
r 66 0.01 6 3.77748 0.01
r 68 0.01 6 3.46455 0.01
r 70 0.01 6 3.33519 0.01
r 72 0.01 6 3.46417 0.01
r 74 0.01 6 3.78496 0.01
r 76 0.01 6 4.2413 0.01
r 78 0.01 6 4.78538 0.01
r 80 0.01 6 5.31639 0.01
