5
s 30 2 62
r 20 0.01 7 4.79131 0.01
r 22 0.01 7 4.40541 0.01
r 24 0.01 7 4.0083 0.01
r 26 0.01 7 3.65964 0.01
r 28 0.01 7 3.18597 0.01
r 30 0.01 7 2.95471 0.01
r 32 0.01 7 3.18581 0.01
r 34 0.01 7 3.66603 0.01
r 36 0.01 7 4.09557 0.01
r 38 0.01 7 4.49134 0.01
r 40 0.01 7 4.88565 0.01
r 42 0.01 7 5.28936 0.01
r 44 0.01 7 5.71618 0.01
r 46 0.01 7 6.10479 0.01
r 48 0.01 7 6.50182 0.01
r 50 0.01 7 6.905 0.01
r 52 0.01 7 7.28016 0.01
r 54 0.01 7 7.66346 0.01
r 56 0.01 7 8.04928 0.01
r 58 0.01 7 8.4183 0.01
r 60 0.01 7 8.77318 0.01
r 62 0.01 7 9.10565 0.01
r 64 0.01 7 9.49226 0.01
r 66 0.01 7 9.8686 0.01
r 68 0.01 7 10.1375 0.01
r 70 0.01 7 10.5586 0.01
r 72 0.01 7 10.8961 0.01
r 74 0.01 7 11.113 0.01
r 76 0.01 7 11.5121 0.01
r 78 0.01 7 11.8327 0.01
r 80 0.01 7 12.1256 0.01
r 20 0.01 8 5.81911 0.01
r 22 0.01 8 5.15327 0.01
r 24 0.01 8 4.45465 0.01
r 26 0.01 8 3.80571 0.01
r 28 0.01 8 3.19655 0.01
r 30 0.01 8 2.95916 0.01
r 32 0.01 8 3.19576 0.01
r 34 0.01 8 3.78054 0.01
r 36 0.01 8 4.54197 0.01
r 38 0.01 8 5.15337 0.01
r 40 0.01 8 5.85461 0.01
r 42 0.01 8 6.54586 0.01
r 44 0.01 8 7.23445 0.01
r 46 0.01 8 7.89325 0.01
r 48 0.01 8 8.55966 0.01
r 50 0.01 8 9.23618 0.01
r 52 0.01 8 9.88517 0.01
r 54 0.01 8 10.5235 0.01
r 56 0.01 8 11.1771 0.01
r 58 0.01 8 11.81 0.01
r 60 0.01 8 12.4414 0.01
r 62 0.01 8 13.0608 0.01
r 64 0.01 8 13.6669 0.01
r 66 0.01 8 14.2415 0.01
r 68 0.01 8 14.823 0.01
r 70 0.01 8 15.4 0.01
r 72 0.01 8 15.9389 0.01
r 74 0.01 8 16.4909 0.01
r 76 0.01 8 17.0347 0.01
r 78 0.01 8 17.5424 0.01
r 80 0.01 8 18.0623 0.01
s 40 2 62
r 20 0.01 7 6.82183 0.01
r 22 0.01 7 6.45465 0.01
r 24 0.01 7 6.10386 0.01
r 26 0.01 7 5.75047 0.01
r 28 0.01 7 5.35065 0.01
r 30 0.01 7 4.95429 0.01
r 32 0.01 7 4.64252 0.01
r 34 0.01 7 4.21177 0.01
r 36 0.01 7 3.81583 0.01
r 38 0.01 7 3.35669 0.01
r 40 0.01 7 3.147 0.01
r 42 0.01 7 3.38616 0.01
r 44 0.01 7 3.89743 0.01
r 46 0.01 7 4.29475 0.01
r 48 0.01 7 4.71099 0.01
r 50 0.01 7 5.12804 0.01
r 52 0.01 7 5.52078 0.01
r 54 0.01 7 5.91194 0.01
r 56 0.01 7 6.33807 0.01
r 58 0.01 7 6.72251 0.01
r 60 0.01 7 7.10248 0.01
r 62 0.01 7 7.47407 0.01
r 64 0.01 7 7.88605 0.01
r 66 0.01 7 8.25052 0.01
r 68 0.01 7 8.5994 0.01
r 70 0.01 7 9.01707 0.01
r 72 0.01 7 9.40814 0.01
r 74 0.01 7 9.67849 0.01
r 76 0.01 7 10.0776 0.01
r 78 0.01 7 10.4555 0.01
r 80 0.01 7 10.7778 0.01
r 20 0.01 8 9.28429 0.01
r 22 0.01 8 8.633 0.01
r 24 0.01 8 7.98662 0.01
r 26 0.01 8 7.31271 0.01
r 28 0.01 8 6.67262 0.01
r 30 0.01 8 5.95793 0.01
r 32 0.01 8 5.25919 0.01
r 34 0.01 8 4.58013 0.01
r 36 0.01 8 3.90898 0.01
r 38 0.01 8 3.36644 0.01
r 40 0.01 8 3.15029 0.01
r 42 0.01 8 3.39259 0.01
r 44 0.01 8 3.96144 0.01
r 46 0.01 8 4.65578 0.01
r 48 0.01 8 5.31618 0.01
r 50 0.01 8 5.96771 0.01
r 52 0.01 8 6.63161 0.01
r 54 0.01 8 7.31562 0.01
r 56 0.01 8 7.95389 0.01
r 58 0.01 8 8.63036 0.01
r 60 0.01 8 9.2405 0.01
r 62 0.01 8 9.85292 0.01
r 64 0.01 8 10.4652 0.01
r 66 0.01 8 11.0549 0.01
r 68 0.01 8 11.6582 0.01
r 70 0.01 8 12.2439 0.01
r 72 0.01 8 12.8248 0.01
r 74 0.01 8 13.4019 0.01
r 76 0.01 8 13.9635 0.01
r 78 0.01 8 14.5284 0.01
r 80 0.01 8 15.0649 0.01
s 50 2 62
r 20 0.01 7 8.82462 0.01
r 22 0.01 7 8.48932 0.01
r 24 0.01 7 8.13284 0.01
r 26 0.01 7 7.83477 0.01
r 28 0.01 7 7.47229 0.01
r 30 0.01 7 7.10181 0.01
r 32 0.01 7 6.78845 0.01
r 34 0.01 7 6.37463 0.01
r 36 0.01 7 5.99732 0.01
r 38 0.01 7 5.61414 0.01
r 40 0.01 7 5.27028 0.01
r 42 0.01 7 4.87384 0.01
r 44 0.01 7 4.48502 0.01
r 46 0.01 7 4.14041 0.01
r 48 0.01 7 3.67803 0.01
r 50 0.01 7 3.50393 0.01
r 52 0.01 7 3.67822 0.01
r 54 0.01 7 4.13094 0.01
r 56 0.01 7 4.5802 0.01
r 58 0.01 7 4.97232 0.01
r 60 0.01 7 5.37561 0.01
r 62 0.01 7 5.75803 0.01
r 64 0.01 7 6.19229 0.01
r 66 0.01 7 6.58235 0.01
r 68 0.01 7 6.95946 0.01
r 70 0.01 7 7.37906 0.01
r 72 0.01 7 7.82472 0.01
r 74 0.01 7 8.12564 0.01
r 76 0.01 7 8.52153 0.01
r 78 0.01 7 8.91874 0.01
r 80 0.01 7 9.30911 0.01
r 20 0.01 8 12.6066 0.01
r 22 0.01 8 12.0107 0.01
r 24 0.01 8 11.3975 0.01
r 26 0.01 8 10.7818 0.01
r 28 0.01 8 10.1578 0.01
r 30 0.01 8 9.53745 0.01
r 32 0.01 8 8.87563 0.01
r 34 0.01 8 8.1966 0.01
r 36 0.01 8 7.4872 0.01
r 38 0.01 8 6.79829 0.01
r 40 0.01 8 6.12646 0.01
r 42 0.01 8 5.45893 0.01
r 44 0.01 8 4.84923 0.01
r 46 0.01 8 4.14916 0.01
r 48 0.01 8 3.68638 0.01
r 50 0.01 8 3.50851 0.01
r 52 0.01 8 3.68626 0.01
r 54 0.01 8 4.15038 0.01
r 56 0.01 8 4.76167 0.01
r 58 0.01 8 5.49718 0.01
r 60 0.01 8 6.01303 0.01
r 62 0.01 8 6.61352 0.01
r 64 0.01 8 7.22543 0.01
r 66 0.01 8 7.83415 0.01
r 68 0.01 8 8.43386 0.01
r 70 0.01 8 9.02097 0.01
r 72 0.01 8 9.60119 0.01
r 74 0.01 8 10.152 0.01
r 76 0.01 8 10.7197 0.01
r 78 0.01 8 11.2841 0.01
r 80 0.01 8 11.8274 0.01
s 60 2 62
r 20 0.01 7 10.5766 0.01
r 22 0.01 7 10.2704 0.01
r 24 0.01 7 9.94196 0.01
r 26 0.01 7 9.66981 0.01
r 28 0.01 7 9.33962 0.01
r 30 0.01 7 9.00171 0.01
r 32 0.01 7 8.70792 0.01
r 34 0.01 7 8.34168 0.01
r 36 0.01 7 7.9785 0.01
r 38 0.01 7 7.62209 0.01
r 40 0.01 7 7.30973 0.01
r 42 0.01 7 6.91749 0.01
r 44 0.01 7 6.5487 0.01
r 46 0.01 7 6.20576 0.01
r 48 0.01 7 5.80962 0.01
r 50 0.01 7 5.42417 0.01
r 52 0.01 7 5.0677 0.01
r 54 0.01 7 4.67256 0.01
r 56 0.01 7 4.27591 0.01
r 58 0.01 7 3.83003 0.01
r 60 0.01 7 3.67026 0.01
r 62 0.01 7 3.86029 0.01
r 64 0.01 7 4.35736 0.01
r 66 0.01 7 4.83603 0.01
r 68 0.01 7 5.1468 0.01
r 70 0.01 7 5.58455 0.01
r 72 0.01 7 5.99121 0.01
r 74 0.01 7 6.36401 0.01
r 76 0.01 7 6.78287 0.01
r 78 0.01 7 7.19847 0.01
r 80 0.01 7 7.57365 0.01
r 20 0.01 8 15.5964 0.01
r 22 0.01 8 15.0533 0.01
r 24 0.01 8 14.502 0.01
r 26 0.01 8 13.9423 0.01
r 28 0.01 8 13.361 0.01
r 30 0.01 8 12.7717 0.01
r 32 0.01 8 12.1632 0.01
r 34 0.01 8 11.3709 0.01
r 36 0.01 8 10.6747 0.01
r 38 0.01 8 10.0071 0.01
r 40 0.01 8 9.3306 0.01
r 42 0.01 8 8.64448 0.01
r 44 0.01 8 8.00365 0.01
r 46 0.01 8 7.3275 0.01
r 48 0.01 8 6.69357 0.01
r 50 0.01 8 6.0836 0.01
r 52 0.01 8 5.55275 0.01
r 54 0.01 8 4.87181 0.01
r 56 0.01 8 4.27174 0.01
r 58 0.01 8 3.83901 0.01
r 60 0.01 8 3.6737 0.01
r 62 0.01 8 3.86859 0.01
r 64 0.01 8 4.31027 0.01
r 66 0.01 8 4.87508 0.01
r 68 0.01 8 5.45975 0.01
r 70 0.01 8 6.04572 0.01
r 72 0.01 8 6.69591 0.01
r 74 0.01 8 7.28924 0.01
r 76 0.01 8 7.85081 0.01
r 78 0.01 8 8.40495 0.01
r 80 0.01 8 8.94823 0.01
s 70 2 62
r 20 0.01 7 12.218 0.01
r 22 0.01 7 11.9507 0.01
r 24 0.01 7 11.6708 0.01
r 26 0.01 7 11.4185 0.01
r 28 0.01 7 11.1203 0.01
r 30 0.01 7 10.8098 0.01
r 32 0.01 7 10.5455 0.01
r 34 0.01 7 10.2225 0.01
r 36 0.01 7 9.90078 0.01
r 38 0.01 7 9.57313 0.01
r 40 0.01 7 9.27884 0.01
r 42 0.01 7 8.92352 0.01
r 44 0.01 7 8.57994 0.01
r 46 0.01 7 8.28874 0.01
r 48 0.01 7 7.89574 0.01
r 50 0.01 7 7.52863 0.01
r 52 0.01 7 7.19855 0.01
r 54 0.01 7 6.80995 0.01
r 56 0.01 7 6.43403 0.01
r 58 0.01 7 6.04823 0.01
r 60 0.01 7 5.68708 0.01
r 62 0.01 7 5.30262 0.01
r 64 0.01 7 4.9108 0.01
r 66 0.01 7 4.48614 0.01
r 68 0.01 7 4.11764 0.01
r 70 0.01 7 3.98201 0.01
r 72 0.01 7 4.11765 0.01
r 74 0.01 7 4.4867 0.01
r 76 0.01 7 4.99685 0.01
r 78 0.01 7 5.41331 0.01
r 80 0.01 7 5.91927 0.01
r 20 0.01 8 18.3494 0.01
r 22 0.01 8 17.8624 0.01
r 24 0.01 8 17.3687 0.01
r 26 0.01 8 16.8631 0.01
r 28 0.01 8 16.3405 0.01
r 30 0.01 8 15.8117 0.01
r 32 0.01 8 15.2632 0.01
r 34 0.01 8 14.5152 0.01
r 36 0.01 8 13.8188 0.01
r 38 0.01 8 13.1459 0.01
r 40 0.01 8 12.4775 0.01
r 42 0.01 8 11.814 0.01
r 44 0.01 8 11.1767 0.01
r 46 0.01 8 10.5283 0.01
r 48 0.01 8 9.81437 0.01
r 50 0.01 8 9.2252 0.01
r 52 0.01 8 8.60575 0.01
r 54 0.01 8 7.99402 0.01
r 56 0.01 8 7.38997 0.01
r 58 0.01 8 6.7863 0.01
r 60 0.01 8 6.2004 0.01
r 62 0.01 8 5.60928 0.01
r 64 0.01 8 5.04139 0.01
r 66 0.01 8 4.51108 0.01
r 68 0.01 8 4.12623 0.01
r 70 0.01 8 3.98604 0.01
r 72 0.01 8 4.12883 0.01
r 74 0.01 8 4.5044 0.01
r 76 0.01 8 5.04154 0.01
r 78 0.01 8 5.57477 0.01
r 80 0.01 8 6.171 0.01
