2
s 30 2 32
r 20 0.01 6 4.6266 0.01
r 28 0.01 6 2.90676 0.01
r 36 0.01 6 3.7759 0.01
r 44 0.01 6 5.85247 0.01
r 52 0.01 6 7.67407 0.01
r 60 0.01 6 9.53911 0.01
r 68 0.01 6 11.4746 0.01
r 76 0.01 6 13.1145 0.01
r 20 0.01 12 6.17079 0.01
r 28 0.01 12 5.57199 0.01
r 36 0.01 12 5.79256 0.01
r 44 0.01 12 6.78253 0.01
r 52 0.01 12 8.14119 0.01
r 60 0.01 12 9.75435 0.01
r 68 0.01 12 11.5558 0.01
r 76 0.01 12 13.1693 0.01
r 20 0.01 8 5.16729 0.01
r 28 0.01 8 3.55307 0.01
r 36 0.01 8 4.29271 0.01
r 44 0.01 8 6.35392 0.01
r 52 0.01 8 8.18757 0.01
r 60 0.01 8 10.0363 0.01
r 68 0.01 8 11.9806 0.01
r 76 0.01 8 13.5988 0.01
r 20 0.01 13 6.66668 0.01
r 28 0.01 13 6.03602 0.01
r 36 0.01 13 6.25196 0.01
r 44 0.01 13 7.26104 0.01
r 52 0.01 13 8.62223 0.01
r 60 0.01 13 10.2402 0.01
r 68 0.01 13 12.0446 0.01
r 76 0.01 13 13.66 0.01
s 50 2 32
r 20 0.01 6 9.35346 0.01
r 28 0.01 6 7.67137 0.01
r 36 0.01 6 5.87382 0.01
r 44 0.01 6 3.91193 0.01
r 52 0.01 6 3.17227 0.01
r 60 0.01 6 5.01188 0.01
r 68 0.01 6 7.02388 0.01
r 76 0.01 6 8.88709 0.01
r 20 0.01 12 9.55275 0.01
r 28 0.01 12 8.13879 0.01
r 36 0.01 12 6.78614 0.01
r 44 0.01 12 5.8131 0.01
r 52 0.01 12 5.6425 0.01
r 60 0.01 12 6.38711 0.01
r 68 0.01 12 7.78715 0.01
r 76 0.01 12 9.30354 0.01
r 20 0.01 8 9.96823 0.01
r 28 0.01 8 8.29316 0.01
r 36 0.01 8 6.48162 0.01
r 44 0.01 8 4.56575 0.01
r 52 0.01 8 3.85925 0.01
r 60 0.01 8 7.08507 0.01
r 68 0.01 8 8.0648 0.01
r 76 0.01 8 9.5331 0.01
r 20 0.01 13 10.1519 0.01
r 28 0.01 13 8.72215 0.01
r 36 0.01 13 7.37459 0.01
r 44 0.01 13 6.3812 0.01
r 52 0.01 13 6.19709 0.01
r 60 0.01 13 6.96228 0.01
r 68 0.01 13 8.38369 0.01
r 76 0.01 13 9.91253 0.01
