1
s    50.000     2.000   15
r    50.000     0.010    0     0.000     0.000
r    58.000     0.010    0     0.000     0.000
r    62.000     0.010    0     0.000     0.000
r    66.000     0.010    0     0.000     0.000
r    70.000     0.010    0     0.000     0.000
r    74.000     0.010    0     0.000     0.000
r    78.000     0.010    0     0.000     0.000
r    82.000     0.010    0     0.000     0.000
r    86.000     0.010    0     0.000     0.000
r    90.000     0.010    0     0.000     0.000
r    94.000     0.010    0     0.000     0.000
r    98.000     0.010    0     0.000     0.000
r   102.000     0.010    0     0.000     0.000
r   106.000     0.010    0     0.000     0.000
r   110.000     0.010    0     0.000     0.000
