1
s    50.000     2.000   75
r 50 0.01 0 1.32667 0.01
r 58 0.01 0 4.9891 0.01
r 62 0.01 0 5.55002 0.01
r 66 0.01 0 6.2197 0.01
r 70 0.01 0 6.87884 0.01
r 74 0.01 0 7.52376 0.01
r 78 0.01 0 8.16108 0.01
r 82 0.01 0 8.76991 0.01
r 86 0.01 0 9.3721 0.01
r 90 0.01 0 9.95168 0.01
r 94 0.01 0 10.5095 0.01
r 98 0.01 0 11.0505 0.01
r 102 0.01 0 11.5725 0.01
r 106 0.01 0 12.0709 0.01
r 110 0.01 0 12.5595 0.01
r 50 0.01 1 3.79773 0.01
r 58 0.01 1 4.87376 0.01
r 62 0.01 1 5.55018 0.01
r 66 0.01 1 6.21944 0.01
r 70 0.01 1 6.88805 0.01
r 74 0.01 1 7.53214 0.01
r 78 0.01 1 8.16001 0.01
r 82 0.01 1 8.77526 0.01
r 86 0.01 1 9.37133 0.01
r 90 0.01 1 9.95077 0.01
r 94 0.01 1 10.5081 0.01
r 98 0.01 1 11.0481 0.01
r 102 0.01 1 11.5695 0.01
r 106 0.01 1 12.0705 0.01
r 110 0.01 1 12.5551 0.01
r 50 0.01 6 3.83642 0.01
r 58 0.01 6 5.27649 0.01
r 62 0.01 6 6.44731 0.01
r 66 0.01 6 7.61688 0.01
r 70 0.01 6 8.77378 0.01
r 74 0.01 6 9.91448 0.01
r 78 0.01 6 11.0329 0.01
r 82 0.01 6 12.1258 0.01
r 86 0.01 6 13.1872 0.01
r 90 0.01 6 14.2064 0.01
r 94 0.01 6 15.224 0.01
r 98 0.01 6 16.1436 0.01
r 102 0.01 6 17.0645 0.01
r 106 0.01 6 17.9516 0.01
r 110 0.01 6 18.8072 0.01
r 50 0.01 7 4.70227 0.01
r 58 0.01 7 5.89845 0.01
r 62 0.01 7 6.57044 0.01
r 66 0.01 7 7.23858 0.01
r 70 0.01 7 7.90345 0.01
r 74 0.01 7 8.54131 0.01
r 78 0.01 7 9.17272 0.01
r 82 0.01 7 9.81472 0.01
r 86 0.01 7 10.3711 0.01
r 90 0.01 7 10.9578 0.01
r 94 0.01 7 11.5238 0.01
r 98 0.01 7 12.0429 0.01
r 102 0.01 7 12.5563 0.01
r 106 0.01 7 13.0566 0.01
r 110 0.01 7 13.5455 0.01
r 50 0.01 8 4.70312 0.01
r 58 0.01 8 6.35625 0.01
r 62 0.01 8 7.51554 0.01
r 66 0.01 8 8.67716 0.01
r 70 0.01 8 9.82841 0.01
r 74 0.01 8 10.9573 0.01
r 78 0.01 8 12.0597 0.01
r 82 0.01 8 13.1369 0.01
r 86 0.01 8 14.1889 0.01
r 90 0.01 8 15.2036 0.01
r 94 0.01 8 16.1878 0.01
r 98 0.01 8 17.133 0.01
r 102 0.01 8 18.0368 0.01
r 106 0.01 8 18.9164 0.01
r 110 0.01 8 19.7639 0.01
