1
s 50 2 30
r 50 0.01 7 4.70227 0.01
r 58 0.01 7 5.89845 0.01
r 62 0.01 7 6.57044 0.01
r 66 0.01 7 7.23858 0.01
r 70 0.01 7 7.90345 0.01
r 74 0.01 7 8.54131 0.01
r 78 0.01 7 9.17272 0.01
r 82 0.01 7 9.81472 0.01
r 86 0.01 7 10.3711 0.01
r 90 0.01 7 10.9578 0.01
r 94 0.01 7 11.5238 0.01
r 98 0.01 7 12.0429 0.01
r 102 0.01 7 12.5563 0.01
r 106 0.01 7 13.0566 0.01
r 110 0.01 7 13.5455 0.01
r 50 0.01 8 4.70312 0.01
r 58 0.01 8 6.35625 0.01
r 62 0.01 8 7.51554 0.01
r 66 0.01 8 8.67716 0.01
r 70 0.01 8 9.82841 0.01
r 74 0.01 8 10.9573 0.01
r 78 0.01 8 12.0597 0.01
r 82 0.01 8 13.1369 0.01
r 86 0.01 8 14.1889 0.01
r 90 0.01 8 15.2036 0.01
r 94 0.01 8 16.1878 0.01
r 98 0.01 8 17.133 0.01
r 102 0.01 8 18.0368 0.01
r 106 0.01 8 18.9164 0.01
r 110 0.01 8 19.7639 0.01
