1
s 50 2 30
r 50 0.01 7 4.70227 0.01
r 58 0.01 7 6.04094 0.01
r 62 0.01 7 6.70153 0.01
r 66 0.01 7 7.35828 0.01
r 70 0.01 7 7.99342 0.01
r 74 0.01 7 8.64539 0.01
r 78 0.01 7 9.27274 0.01
r 82 0.01 7 9.87585 0.01
r 86 0.01 7 10.4555 0.01
r 90 0.01 7 11.0272 0.01
r 94 0.01 7 11.5708 0.01
r 98 0.01 7 12.0984 0.01
r 102 0.01 7 12.6093 0.01
r 106 0.01 7 13.1032 0.01
r 110 0.01 7 13.593 0.01
r 50 0.01 8 4.70312 0.01
r 58 0.01 8 6.35625 0.01
r 62 0.01 8 7.51554 0.01
r 66 0.01 8 8.67716 0.01
r 70 0.01 8 9.82841 0.01
r 74 0.01 8 10.9573 0.01
r 78 0.01 8 12.0597 0.01
r 82 0.01 8 13.1369 0.01
r 86 0.01 8 14.1889 0.01
r 90 0.01 8 15.2036 0.01
r 94 0.01 8 16.1878 0.01
r 98 0.01 8 17.133 0.01
r 102 0.01 8 18.0368 0.01
r 106 0.01 8 18.9164 0.01
r 110 0.01 8 19.7639 0.01
