5
s 30 2 31
r 20 0.01 0 3.68441 0.01
r 22 0.01 0 3.40789 0.01
r 24 0.01 0 3.15163 0.01
r 26 0.01 0 2.97845 0.01
r 28 0.01 0 1.88091 0.01
r 30 0.01 0 1.32667 0.01
r 32 0.01 0 1.88091 0.01
r 34 0.01 0 2.97845 0.01
r 36 0.01 0 3.25147 0.01
r 38 0.01 0 3.56855 0.01
r 40 0.01 0 3.91833 0.01
r 42 0.01 0 4.25807 0.01
r 44 0.01 0 4.54962 0.01
r 46 0.01 0 4.76937 0.01
r 48 0.01 0 5.04266 0.01
r 50 0.01 0 5.36802 0.01
r 52 0.01 0 5.68702 0.01
r 54 0.01 0 5.98752 0.01
r 56 0.01 0 6.25338 0.01
r 58 0.01 0 6.48645 0.01
r 60 0.01 0 6.72569 0.01
r 62 0.01 0 6.99898 0.01
r 64 0.01 0 7.34375 0.01
r 66 0.01 0 7.65495 0.01
r 68 0.01 0 7.85835 0.01
r 70 0.01 0 8.08383 0.01
r 72 0.01 0 8.34082 0.01
r 74 0.01 0 8.61206 0.01
r 76 0.01 0 8.8523 0.01
r 78 0.01 0 9.16545 0.01
r 80 0.01 0 9.39503 0.01
s 40 2 31
r 20 0.01 0 5.14102 0.01
r 22 0.01 0 4.87186 0.01
r 24 0.01 0 4.61967 0.01
r 26 0.01 0 4.43116 0.01
r 28 0.01 0 4.23592 0.01
r 30 0.01 0 3.919 0.01
r 32 0.01 0 3.60811 0.01
r 34 0.01 0 3.31782 0.01
r 36 0.01 0 2.97845 0.01
r 38 0.01 0 1.88091 0.01
r 40 0.01 0 1.32667 0.01
r 42 0.01 0 1.88091 0.01
r 44 0.01 0 2.97845 0.01
r 46 0.01 0 3.45448 0.01
r 48 0.01 0 3.73386 0.01
r 50 0.01 0 4.07341 0.01
r 52 0.01 0 4.40488 0.01
r 54 0.01 0 4.72789 0.01
r 56 0.01 0 5.0095 0.01
r 58 0.01 0 5.25971 0.01
r 60 0.01 0 5.51067 0.01
r 62 0.01 0 5.79795 0.01
r 64 0.01 0 6.16554 0.01
r 66 0.01 0 6.4934 0.01
r 68 0.01 0 6.70395 0.01
r 70 0.01 0 6.93701 0.01
r 72 0.01 0 7.20634 0.01
r 74 0.01 0 7.48936 0.01
r 76 0.01 0 7.74208 0.01
r 78 0.01 0 8.07339 0.01
r 80 0.01 0 8.3134 0.01
s 50 2 31
r 20 0.01 0 6.52173 0.01
r 22 0.01 0 6.2639 0.01
r 24 0.01 0 6.02467 0.01
r 26 0.01 0 5.84403 0.01
r 28 0.01 0 5.66575 0.01
r 30 0.01 0 5.36394 0.01
r 32 0.01 0 5.07117 0.01
r 34 0.01 0 4.79409 0.01
r 36 0.01 0 4.53765 0.01
r 38 0.01 0 4.31687 0.01
r 40 0.01 0 4.09384 0.01
r 42 0.01 0 3.79474 0.01
r 44 0.01 0 3.44844 0.01
r 46 0.01 0 2.97845 0.01
r 48 0.01 0 1.88091 0.01
r 50 0.01 0 1.32667 0.01
r 52 0.01 0 1.88091 0.01
r 54 0.01 0 2.97845 0.01
r 56 0.01 0 3.66132 0.01
r 58 0.01 0 3.92599 0.01
r 60 0.01 0 4.18393 0.01
r 62 0.01 0 4.48029 0.01
r 64 0.01 0 4.86532 0.01
r 66 0.01 0 5.22194 0.01
r 68 0.01 0 5.44527 0.01
r 70 0.01 0 5.68737 0.01
r 72 0.01 0 5.9677 0.01
r 74 0.01 0 6.2696 0.01
r 76 0.01 0 6.53537 0.01
r 78 0.01 0 6.88102 0.01
r 80 0.01 0 7.14122 0.01
s 60 2 31
r 20 0.01 0 7.8056 0.01
r 22 0.01 0 7.56278 0.01
r 24 0.01 0 7.33309 0.01
r 26 0.01 0 7.15987 0.01
r 28 0.01 0 6.99419 0.01
r 30 0.01 0 6.71627 0.01
r 32 0.01 0 6.43897 0.01
r 34 0.01 0 6.18491 0.01
r 36 0.01 0 5.93995 0.01
r 38 0.01 0 5.73242 0.01
r 40 0.01 0 5.51903 0.01
r 42 0.01 0 5.24105 0.01
r 44 0.01 0 4.91169 0.01
r 46 0.01 0 4.63717 0.01
r 48 0.01 0 4.41614 0.01
r 50 0.01 0 4.19394 0.01
r 52 0.01 0 3.9383 0.01
r 54 0.01 0 3.65133 0.01
r 56 0.01 0 2.97845 0.01
r 58 0.01 0 1.88091 0.01
r 60 0.01 0 1.32667 0.01
r 62 0.01 0 1.88091 0.01
r 64 0.01 0 2.97845 0.01
r 66 0.01 0 3.75299 0.01
r 68 0.01 0 4.0959 0.01
r 70 0.01 0 4.34223 0.01
r 72 0.01 0 4.62523 0.01
r 74 0.01 0 4.94297 0.01
r 76 0.01 0 5.21444 0.01
r 78 0.01 0 5.57555 0.01
r 80 0.01 0 5.85295 0.01
s 70 2 31
r 20 0.01 0 9.10938 0.01
r 22 0.01 0 8.87419 0.01
r 24 0.01 0 8.65392 0.01
r 26 0.01 0 8.49227 0.01
r 28 0.01 0 8.33983 0.01
r 30 0.01 0 8.07352 0.01
r 32 0.01 0 7.80787 0.01
r 34 0.01 0 7.56863 0.01
r 36 0.01 0 7.33653 0.01
r 38 0.01 0 7.14353 0.01
r 40 0.01 0 6.94398 0.01
r 42 0.01 0 6.69245 0.01
r 44 0.01 0 6.38566 0.01
r 46 0.01 0 6.11951 0.01
r 48 0.01 0 5.9103 0.01
r 50 0.01 0 5.69393 0.01
r 52 0.01 0 5.45443 0.01
r 54 0.01 0 5.18278 0.01
r 56 0.01 0 4.8718 0.01
r 58 0.01 0 4.58197 0.01
r 60 0.01 0 4.35655 0.01
r 62 0.01 0 4.19002 0.01
r 64 0.01 0 3.76226 0.01
r 66 0.01 0 2.97845 0.01
r 68 0.01 0 1.88091 0.01
r 70 0.01 0 1.32667 0.01
r 72 0.01 0 1.88091 0.01
r 74 0.01 0 2.97845 0.01
r 76 0.01 0 3.7566 0.01
r 78 0.01 0 4.27887 0.01
r 80 0.01 0 4.56551 0.01
