1
s 50 2 84
r 30 2 0 11.1658 0.01
r 32 2 0 10.0579 0.01
r 34 2 0 8.9427 0.01
r 36 2 0 7.83272 0.01
r 38 2 0 6.72529 0.01
r 40 2 0 5.60978 0.01
r 42 2 0 4.50228 0.01
r 44 2 0 3.39569 0.01
r 46 2 0 2.28442 0.01
r 48 2 0 1.16286 0.01
r 50 2 0 1.18135e-13 0.01
r 52 2 0 1.16286 0.01
r 54 2 0 2.28442 0.01
r 56 2 0 3.39569 0.01
r 58 2 0 4.50228 0.01
r 60 2 0 5.60978 0.01
r 62 2 0 6.72529 0.01
r 64 2 0 7.83206 0.01
r 66 2 0 8.9427 0.01
r 68 2 0 10.0579 0.01
r 70 2 0 11.1658 0.01
r 30 2 1 11.2323 0.01
r 32 2 1 10.1325 0.01
r 34 2 1 9.02922 0.01
r 36 2 1 7.93246 0.01
r 38 2 1 6.84171 0.01
r 40 2 1 5.75003 0.01
r 42 2 1 4.66978 0.01
r 44 2 1 3.63434 0.01
r 46 2 1 2.61404 0.01
r 48 2 1 1.75245 0.01
r 50 2 1 1.34579 0.01
r 52 2 1 1.75245 0.01
r 54 2 1 2.61404 0.01
r 56 2 1 3.63434 0.01
r 58 2 1 4.66978 0.01
r 60 2 1 5.75003 0.01
r 62 2 1 6.84171 0.01
r 64 2 1 7.93838 0.01
r 66 2 1 9.03013 0.01
r 68 2 1 10.1355 0.01
r 70 2 1 11.2336 0.01
r 30 0.01 2 13.8612 0.01
r 32 0.01 2 12.4899 0.01
r 34 0.01 2 11.1195 0.01
r 36 0.01 2 9.75232 0.01
r 38 0.01 2 8.389 0.01
r 40 0.01 2 7.03179 0.01
r 42 0.01 2 5.68543 0.01
r 44 0.01 2 4.35961 0.01
r 46 0.01 2 3.08137 0.01
r 48 0.01 2 1.9463 0.01
r 50 0.01 2 1.37241 0.01
r 52 0.01 2 1.9463 0.01
r 54 0.01 2 3.08137 0.01
r 56 0.01 2 4.35961 0.01
r 58 0.01 2 5.68543 0.01
r 60 0.01 2 7.03179 0.01
r 62 0.01 2 8.389 0.01
r 64 0.01 2 9.75232 0.01
r 66 0.01 2 11.1195 0.01
r 68 0.01 2 12.4899 0.01
r 70 0.01 2 13.8612 0.01
r 30 0.01 3 14.4464 0.01
r 32 0.01 3 13.0844 0.01
r 34 0.01 3 11.7895 0.01
r 36 0.01 3 10.5151 0.01
r 38 0.01 3 9.29543 0.01
r 40 0.01 3 8.10824 0.01
r 42 0.01 3 6.91451 0.01
r 44 0.01 3 5.86752 0.01
r 46 0.01 3 4.97971 0.01
r 48 0.01 3 4.35559 0.01
r 50 0.01 3 4.13103 0.01
r 52 0.01 3 4.35559 0.01
r 54 0.01 3 4.97971 0.01
r 56 0.01 3 5.86725 0.01
r 58 0.01 3 7.06456 0.01
r 60 0.01 3 8.10823 0.01
r 62 0.01 3 9.29543 0.01
r 64 0.01 3 10.5151 0.01
r 66 0.01 3 11.7895 0.01
r 68 0.01 3 13.0844 0.01
r 70 0.01 3 14.4464 0.01
