1
s 50 2 84
r 30 2 0 10.0621 0.01
r 32 2 0 9.06211 0.01
r 34 2 0 8.06225 0.01
r 36 2 0 7.05443 0.01
r 38 2 0 6.05987 0.01
r 40 2 0 5.05964 0.01
r 42 2 0 4.06066 0.01
r 44 2 0 3.06186 0.01
r 46 2 0 2.06233 0.01
r 48 2 0 1.05048 0.01
r 50 2 0 1.10513e-13 0.01
r 52 2 0 1.05048 0.01
r 54 2 0 2.06233 0.01
r 56 2 0 3.06186 0.01
r 58 2 0 4.06066 0.01
r 60 2 0 5.05964 0.01
r 62 2 0 6.05987 0.01
r 64 2 0 7.05443 0.01
r 66 2 0 8.06212 0.01
r 68 2 0 9.06211 0.01
r 70 2 0 10.0621 0.01
r 30 2 1 10.1174 0.01
r 32 2 1 9.12686 0.01
r 34 2 1 8.132 0.01
r 36 2 1 7.14554 0.01
r 38 2 1 6.15703 0.01
r 40 2 1 5.1799 0.01
r 42 2 1 4.20686 0.01
r 44 2 1 3.27008 0.01
r 46 2 1 2.36923 0.01
r 48 2 1 1.57997 0.01
r 50 2 1 1.2133 0.01
r 52 2 1 1.57997 0.01
r 54 2 1 2.36923 0.01
r 56 2 1 3.27008 0.01
r 58 2 1 4.20686 0.01
r 60 2 1 5.1799 0.01
r 62 2 1 6.15703 0.01
r 64 2 1 7.14554 0.01
r 66 2 1 8.132 0.01
r 68 2 1 9.12686 0.01
r 70 2 1 10.1174 0.01
r 30 0.01 2 12.9669 0.01
r 32 0.01 2 11.6839 0.01
r 34 0.01 2 10.4021 0.01
r 36 0.01 2 9.12316 0.01
r 38 0.01 2 7.84767 0.01
r 40 0.01 2 6.57812 0.01
r 42 0.01 2 5.31858 0.01
r 44 0.01 2 4.07834 0.01
r 46 0.01 2 2.88286 0.01
r 48 0.01 2 1.8203 0.01
r 50 0.01 2 1.28387 0.01
r 52 0.01 2 1.8203 0.01
r 54 0.01 2 2.88286 0.01
r 56 0.01 2 4.07834 0.01
r 58 0.01 2 5.31858 0.01
r 60 0.01 2 6.57812 0.01
r 62 0.01 2 7.84767 0.01
r 64 0.01 2 9.12316 0.01
r 66 0.01 2 10.4021 0.01
r 68 0.01 2 11.6839 0.01
r 70 0.01 2 12.9669 0.01
r 30 0.01 3 13.6081 0.01
r 32 0.01 3 12.4109 0.01
r 34 0.01 3 11.1929 0.01
r 36 0.01 3 9.91729 0.01
r 38 0.01 3 8.73903 0.01
r 40 0.01 3 7.64921 0.01
r 42 0.01 3 6.46888 0.01
r 44 0.01 3 5.49807 0.01
r 46 0.01 3 4.65069 0.01
r 48 0.01 3 4.07444 0.01
r 50 0.01 3 3.86451 0.01
r 52 0.01 3 4.07444 0.01
r 54 0.01 3 4.65069 0.01
r 56 0.01 3 5.49807 0.01
r 58 0.01 3 6.46122 0.01
r 60 0.01 3 7.57736 0.01
r 62 0.01 3 8.72682 0.01
r 64 0.01 3 9.91729 0.01
r 66 0.01 3 11.1929 0.01
r 68 0.01 3 12.4109 0.01
r 70 0.01 3 13.6084 0.01
