# dx_km  t2_s  t3_s  t3_minus_t2_s
0.000  1.326667  3.993333  2.666667
1.000  1.484752  4.048599  2.563847
2.000  1.880910  4.210046  2.329136
3.000  2.400009  4.466174  2.066165
4.000  2.978449  4.801856  1.823408
5.000  3.587639  5.201713  1.614074
6.000  4.214267  5.652142  1.437875
7.000  4.851579  6.142026  1.290447
8.000  5.495861  6.662669  1.166808
9.000  6.144920  7.207407  1.062486
10.000  6.797388  7.771175  0.973786
11.000  7.452370  8.350119  0.897749
12.000  8.109257  8.941292  0.832036
13.000  8.767620  9.542422  0.774803
14.000  9.427150  10.151740  0.724590
15.000  10.087618  10.767855  0.680237
16.000  10.748852  11.389666  0.640814
17.000  11.410718  12.016287  0.605569
18.000  12.073112  12.647004  0.573892
19.000  12.735953  13.281233  0.545281
20.000  13.399172  13.918494  0.519322
21.000  14.062718  14.558390  0.495671
22.000  14.726546  15.200586  0.474040
23.000  15.390619  15.844804  0.454185
24.000  16.054907  16.490807  0.435900
# H=2.0 v=1.5  zero-offset 2H/v=2.666667
