1
s    50.000     2.000   50
r    50.000     0.010    2     0.000     0.000
r    51.000     0.010    2     0.000     0.000
r    52.000     0.010    2     0.000     0.000
r    53.000     0.010    2     0.000     0.000
r    54.000     0.010    2     0.000     0.000
r    55.000     0.010    2     0.000     0.000
r    56.000     0.010    2     0.000     0.000
r    57.000     0.010    2     0.000     0.000
r    58.000     0.010    2     0.000     0.000
r    59.000     0.010    2     0.000     0.000
r    60.000     0.010    2     0.000     0.000
r    61.000     0.010    2     0.000     0.000
r    62.000     0.010    2     0.000     0.000
r    63.000     0.010    2     0.000     0.000
r    64.000     0.010    2     0.000     0.000
r    65.000     0.010    2     0.000     0.000
r    66.000     0.010    2     0.000     0.000
r    67.000     0.010    2     0.000     0.000
r    68.000     0.010    2     0.000     0.000
r    69.000     0.010    2     0.000     0.000
r    70.000     0.010    2     0.000     0.000
r    71.000     0.010    2     0.000     0.000
r    72.000     0.010    2     0.000     0.000
r    73.000     0.010    2     0.000     0.000
r    74.000     0.010    2     0.000     0.000
r    50.000     0.010    3     0.000     0.000
r    51.000     0.010    3     0.000     0.000
r    52.000     0.010    3     0.000     0.000
r    53.000     0.010    3     0.000     0.000
r    54.000     0.010    3     0.000     0.000
r    55.000     0.010    3     0.000     0.000
r    56.000     0.010    3     0.000     0.000
r    57.000     0.010    3     0.000     0.000
r    58.000     0.010    3     0.000     0.000
r    59.000     0.010    3     0.000     0.000
r    60.000     0.010    3     0.000     0.000
r    61.000     0.010    3     0.000     0.000
r    62.000     0.010    3     0.000     0.000
r    63.000     0.010    3     0.000     0.000
r    64.000     0.010    3     0.000     0.000
r    65.000     0.010    3     0.000     0.000
r    66.000     0.010    3     0.000     0.000
r    67.000     0.010    3     0.000     0.000
r    68.000     0.010    3     0.000     0.000
r    69.000     0.010    3     0.000     0.000
r    70.000     0.010    3     0.000     0.000
r    71.000     0.010    3     0.000     0.000
r    72.000     0.010    3     0.000     0.000
r    73.000     0.010    3     0.000     0.000
r    74.000     0.010    3     0.000     0.000
