1
s 50 2 50
r 50 0.01 2 1.26892 0.01
r 51 0.01 2 1.41648 0.01
r 52 0.01 2 1.78916 0.01
r 53 0.01 2 2.27771 0.01
r 54 0.01 2 2.82074 0.01
r 55 0.01 2 3.39218 0.01
r 56 0.01 2 3.97947 0.01
r 57 0.01 2 4.57646 0.01
r 58 0.01 2 5.17951 0.01
r 59 0.01 2 5.78648 0.01
r 60 0.01 2 6.39696 0.01
r 61 0.01 2 7.01026 0.01
r 62 0.01 2 7.62646 0.01
r 63 0.01 2 8.24559 0.01
r 64 0.01 2 8.86786 0.01
r 65 0.01 2 9.49317 0.01
r 66 0.01 2 10.1212 0.01
r 67 0.01 2 10.7513 0.01
r 68 0.01 2 11.383 0.01
r 69 0.01 2 12.0163 0.01
r 70 0.01 2 12.6517 0.01
r 71 0.01 2 13.2899 0.01
r 72 0.01 2 13.9321 0.01
r 73 0.01 2 14.58 0.01
r 74 0.01 2 15.2353 0.01
r 50 0.01 3 3.81999 0.01
r 51 0.01 3 3.86964 0.01
r 52 0.01 3 4.01789 0.01
r 53 0.01 3 4.25963 0.01
r 54 0.01 3 4.58138 0.01
r 55 0.01 3 4.96041 0.01
r 56 0.01 3 5.43186 0.01
r 57 0.01 3 5.86164 0.01
r 58 0.01 3 6.38159 0.01
r 59 0.01 3 6.92029 0.01
r 60 0.01 3 7.42853 0.01
r 61 0.01 3 7.98736 0.01
r 62 0.01 3 8.56199 0.01
r 63 0.01 3 9.21225 0.01
r 64 0.01 3 9.77971 0.01
r 65 0.01 3 10.3185 0.01
r 66 0.01 3 10.8816 0.01
r 67 0.01 3 11.4961 0.01
r 68 0.01 3 12.0716 0.01
r 69 0.01 3 12.6716 0.01
r 70 0.01 3 13.2792 0.01
r 71 0.01 3 13.8976 0.01
r 72 0.01 3 14.5164 0.01
r 73 0.01 3 15.1466 0.01
r 74 0.01 3 15.7811 0.01
