4
s    30.000     2.000  201
r    30.000     0.010    2     0.000     0.000
r    30.200     0.010    2     0.000     0.000
r    30.400     0.010    2     0.000     0.000
r    30.600     0.010    2     0.000     0.000
r    30.800     0.010    2     0.000     0.000
r    31.000     0.010    2     0.000     0.000
r    31.200     0.010    2     0.000     0.000
r    31.400     0.010    2     0.000     0.000
r    31.600     0.010    2     0.000     0.000
r    31.800     0.010    2     0.000     0.000
r    32.000     0.010    2     0.000     0.000
r    32.200     0.010    2     0.000     0.000
r    32.400     0.010    2     0.000     0.000
r    32.600     0.010    2     0.000     0.000
r    32.800     0.010    2     0.000     0.000
r    33.000     0.010    2     0.000     0.000
r    33.200     0.010    2     0.000     0.000
r    33.400     0.010    2     0.000     0.000
r    33.600     0.010    2     0.000     0.000
r    33.800     0.010    2     0.000     0.000
r    34.000     0.010    2     0.000     0.000
r    34.200     0.010    2     0.000     0.000
r    34.400     0.010    2     0.000     0.000
r    34.600     0.010    2     0.000     0.000
r    34.800     0.010    2     0.000     0.000
r    35.000     0.010    2     0.000     0.000
r    35.200     0.010    2     0.000     0.000
r    35.400     0.010    2     0.000     0.000
r    35.600     0.010    2     0.000     0.000
r    35.800     0.010    2     0.000     0.000
r    36.000     0.010    2     0.000     0.000
r    36.200     0.010    2     0.000     0.000
r    36.400     0.010    2     0.000     0.000
r    36.600     0.010    2     0.000     0.000
r    36.800     0.010    2     0.000     0.000
r    37.000     0.010    2     0.000     0.000
r    37.200     0.010    2     0.000     0.000
r    37.400     0.010    2     0.000     0.000
r    37.600     0.010    2     0.000     0.000
r    37.800     0.010    2     0.000     0.000
r    38.000     0.010    2     0.000     0.000
r    38.200     0.010    2     0.000     0.000
r    38.400     0.010    2     0.000     0.000
r    38.600     0.010    2     0.000     0.000
r    38.800     0.010    2     0.000     0.000
r    39.000     0.010    2     0.000     0.000
r    39.200     0.010    2     0.000     0.000
r    39.400     0.010    2     0.000     0.000
r    39.600     0.010    2     0.000     0.000
r    39.800     0.010    2     0.000     0.000
r    40.000     0.010    2     0.000     0.000
r    40.200     0.010    2     0.000     0.000
r    40.400     0.010    2     0.000     0.000
r    40.600     0.010    2     0.000     0.000
r    40.800     0.010    2     0.000     0.000
r    41.000     0.010    2     0.000     0.000
r    41.200     0.010    2     0.000     0.000
r    41.400     0.010    2     0.000     0.000
r    41.600     0.010    2     0.000     0.000
r    41.800     0.010    2     0.000     0.000
r    42.000     0.010    2     0.000     0.000
r    42.200     0.010    2     0.000     0.000
r    42.400     0.010    2     0.000     0.000
r    42.600     0.010    2     0.000     0.000
r    42.800     0.010    2     0.000     0.000
r    43.000     0.010    2     0.000     0.000
r    43.200     0.010    2     0.000     0.000
r    43.400     0.010    2     0.000     0.000
r    43.600     0.010    2     0.000     0.000
r    43.800     0.010    2     0.000     0.000
r    44.000     0.010    2     0.000     0.000
r    44.200     0.010    2     0.000     0.000
r    44.400     0.010    2     0.000     0.000
r    44.600     0.010    2     0.000     0.000
r    44.800     0.010    2     0.000     0.000
r    45.000     0.010    2     0.000     0.000
r    45.200     0.010    2     0.000     0.000
r    45.400     0.010    2     0.000     0.000
r    45.600     0.010    2     0.000     0.000
r    45.800     0.010    2     0.000     0.000
r    46.000     0.010    2     0.000     0.000
r    46.200     0.010    2     0.000     0.000
r    46.400     0.010    2     0.000     0.000
r    46.600     0.010    2     0.000     0.000
r    46.800     0.010    2     0.000     0.000
r    47.000     0.010    2     0.000     0.000
r    47.200     0.010    2     0.000     0.000
r    47.400     0.010    2     0.000     0.000
r    47.600     0.010    2     0.000     0.000
r    47.800     0.010    2     0.000     0.000
r    48.000     0.010    2     0.000     0.000
r    48.200     0.010    2     0.000     0.000
r    48.400     0.010    2     0.000     0.000
r    48.600     0.010    2     0.000     0.000
r    48.800     0.010    2     0.000     0.000
r    49.000     0.010    2     0.000     0.000
r    49.200     0.010    2     0.000     0.000
r    49.400     0.010    2     0.000     0.000
r    49.600     0.010    2     0.000     0.000
r    49.800     0.010    2     0.000     0.000
r    50.000     0.010    2     0.000     0.000
r    50.200     0.010    2     0.000     0.000
r    50.400     0.010    2     0.000     0.000
r    50.600     0.010    2     0.000     0.000
r    50.800     0.010    2     0.000     0.000
r    51.000     0.010    2     0.000     0.000
r    51.200     0.010    2     0.000     0.000
r    51.400     0.010    2     0.000     0.000
r    51.600     0.010    2     0.000     0.000
r    51.800     0.010    2     0.000     0.000
r    52.000     0.010    2     0.000     0.000
r    52.200     0.010    2     0.000     0.000
r    52.400     0.010    2     0.000     0.000
r    52.600     0.010    2     0.000     0.000
r    52.800     0.010    2     0.000     0.000
r    53.000     0.010    2     0.000     0.000
r    53.200     0.010    2     0.000     0.000
r    53.400     0.010    2     0.000     0.000
r    53.600     0.010    2     0.000     0.000
r    53.800     0.010    2     0.000     0.000
r    54.000     0.010    2     0.000     0.000
r    54.200     0.010    2     0.000     0.000
r    54.400     0.010    2     0.000     0.000
r    54.600     0.010    2     0.000     0.000
r    54.800     0.010    2     0.000     0.000
r    55.000     0.010    2     0.000     0.000
r    55.200     0.010    2     0.000     0.000
r    55.400     0.010    2     0.000     0.000
r    55.600     0.010    2     0.000     0.000
r    55.800     0.010    2     0.000     0.000
r    56.000     0.010    2     0.000     0.000
r    56.200     0.010    2     0.000     0.000
r    56.400     0.010    2     0.000     0.000
r    56.600     0.010    2     0.000     0.000
r    56.800     0.010    2     0.000     0.000
r    57.000     0.010    2     0.000     0.000
r    57.200     0.010    2     0.000     0.000
r    57.400     0.010    2     0.000     0.000
r    57.600     0.010    2     0.000     0.000
r    57.800     0.010    2     0.000     0.000
r    58.000     0.010    2     0.000     0.000
r    58.200     0.010    2     0.000     0.000
r    58.400     0.010    2     0.000     0.000
r    58.600     0.010    2     0.000     0.000
r    58.800     0.010    2     0.000     0.000
r    59.000     0.010    2     0.000     0.000
r    59.200     0.010    2     0.000     0.000
r    59.400     0.010    2     0.000     0.000
r    59.600     0.010    2     0.000     0.000
r    59.800     0.010    2     0.000     0.000
r    60.000     0.010    2     0.000     0.000
r    60.200     0.010    2     0.000     0.000
r    60.400     0.010    2     0.000     0.000
r    60.600     0.010    2     0.000     0.000
r    60.800     0.010    2     0.000     0.000
r    61.000     0.010    2     0.000     0.000
r    61.200     0.010    2     0.000     0.000
r    61.400     0.010    2     0.000     0.000
r    61.600     0.010    2     0.000     0.000
r    61.800     0.010    2     0.000     0.000
r    62.000     0.010    2     0.000     0.000
r    62.200     0.010    2     0.000     0.000
r    62.400     0.010    2     0.000     0.000
r    62.600     0.010    2     0.000     0.000
r    62.800     0.010    2     0.000     0.000
r    63.000     0.010    2     0.000     0.000
r    63.200     0.010    2     0.000     0.000
r    63.400     0.010    2     0.000     0.000
r    63.600     0.010    2     0.000     0.000
r    63.800     0.010    2     0.000     0.000
r    64.000     0.010    2     0.000     0.000
r    64.200     0.010    2     0.000     0.000
r    64.400     0.010    2     0.000     0.000
r    64.600     0.010    2     0.000     0.000
r    64.800     0.010    2     0.000     0.000
r    65.000     0.010    2     0.000     0.000
r    65.200     0.010    2     0.000     0.000
r    65.400     0.010    2     0.000     0.000
r    65.600     0.010    2     0.000     0.000
r    65.800     0.010    2     0.000     0.000
r    66.000     0.010    2     0.000     0.000
r    66.200     0.010    2     0.000     0.000
r    66.400     0.010    2     0.000     0.000
r    66.600     0.010    2     0.000     0.000
r    66.800     0.010    2     0.000     0.000
r    67.000     0.010    2     0.000     0.000
r    67.200     0.010    2     0.000     0.000
r    67.400     0.010    2     0.000     0.000
r    67.600     0.010    2     0.000     0.000
r    67.800     0.010    2     0.000     0.000
r    68.000     0.010    2     0.000     0.000
r    68.200     0.010    2     0.000     0.000
r    68.400     0.010    2     0.000     0.000
r    68.600     0.010    2     0.000     0.000
r    68.800     0.010    2     0.000     0.000
r    69.000     0.010    2     0.000     0.000
r    69.200     0.010    2     0.000     0.000
r    69.400     0.010    2     0.000     0.000
r    69.600     0.010    2     0.000     0.000
r    69.800     0.010    2     0.000     0.000
r    70.000     0.010    2     0.000     0.000
s    43.300     2.000  201
r    30.000     0.010    2     0.000     0.000
r    30.200     0.010    2     0.000     0.000
r    30.400     0.010    2     0.000     0.000
r    30.600     0.010    2     0.000     0.000
r    30.800     0.010    2     0.000     0.000
r    31.000     0.010    2     0.000     0.000
r    31.200     0.010    2     0.000     0.000
r    31.400     0.010    2     0.000     0.000
r    31.600     0.010    2     0.000     0.000
r    31.800     0.010    2     0.000     0.000
r    32.000     0.010    2     0.000     0.000
r    32.200     0.010    2     0.000     0.000
r    32.400     0.010    2     0.000     0.000
r    32.600     0.010    2     0.000     0.000
r    32.800     0.010    2     0.000     0.000
r    33.000     0.010    2     0.000     0.000
r    33.200     0.010    2     0.000     0.000
r    33.400     0.010    2     0.000     0.000
r    33.600     0.010    2     0.000     0.000
r    33.800     0.010    2     0.000     0.000
r    34.000     0.010    2     0.000     0.000
r    34.200     0.010    2     0.000     0.000
r    34.400     0.010    2     0.000     0.000
r    34.600     0.010    2     0.000     0.000
r    34.800     0.010    2     0.000     0.000
r    35.000     0.010    2     0.000     0.000
r    35.200     0.010    2     0.000     0.000
r    35.400     0.010    2     0.000     0.000
r    35.600     0.010    2     0.000     0.000
r    35.800     0.010    2     0.000     0.000
r    36.000     0.010    2     0.000     0.000
r    36.200     0.010    2     0.000     0.000
r    36.400     0.010    2     0.000     0.000
r    36.600     0.010    2     0.000     0.000
r    36.800     0.010    2     0.000     0.000
r    37.000     0.010    2     0.000     0.000
r    37.200     0.010    2     0.000     0.000
r    37.400     0.010    2     0.000     0.000
r    37.600     0.010    2     0.000     0.000
r    37.800     0.010    2     0.000     0.000
r    38.000     0.010    2     0.000     0.000
r    38.200     0.010    2     0.000     0.000
r    38.400     0.010    2     0.000     0.000
r    38.600     0.010    2     0.000     0.000
r    38.800     0.010    2     0.000     0.000
r    39.000     0.010    2     0.000     0.000
r    39.200     0.010    2     0.000     0.000
r    39.400     0.010    2     0.000     0.000
r    39.600     0.010    2     0.000     0.000
r    39.800     0.010    2     0.000     0.000
r    40.000     0.010    2     0.000     0.000
r    40.200     0.010    2     0.000     0.000
r    40.400     0.010    2     0.000     0.000
r    40.600     0.010    2     0.000     0.000
r    40.800     0.010    2     0.000     0.000
r    41.000     0.010    2     0.000     0.000
r    41.200     0.010    2     0.000     0.000
r    41.400     0.010    2     0.000     0.000
r    41.600     0.010    2     0.000     0.000
r    41.800     0.010    2     0.000     0.000
r    42.000     0.010    2     0.000     0.000
r    42.200     0.010    2     0.000     0.000
r    42.400     0.010    2     0.000     0.000
r    42.600     0.010    2     0.000     0.000
r    42.800     0.010    2     0.000     0.000
r    43.000     0.010    2     0.000     0.000
r    43.200     0.010    2     0.000     0.000
r    43.400     0.010    2     0.000     0.000
r    43.600     0.010    2     0.000     0.000
r    43.800     0.010    2     0.000     0.000
r    44.000     0.010    2     0.000     0.000
r    44.200     0.010    2     0.000     0.000
r    44.400     0.010    2     0.000     0.000
r    44.600     0.010    2     0.000     0.000
r    44.800     0.010    2     0.000     0.000
r    45.000     0.010    2     0.000     0.000
r    45.200     0.010    2     0.000     0.000
r    45.400     0.010    2     0.000     0.000
r    45.600     0.010    2     0.000     0.000
r    45.800     0.010    2     0.000     0.000
r    46.000     0.010    2     0.000     0.000
r    46.200     0.010    2     0.000     0.000
r    46.400     0.010    2     0.000     0.000
r    46.600     0.010    2     0.000     0.000
r    46.800     0.010    2     0.000     0.000
r    47.000     0.010    2     0.000     0.000
r    47.200     0.010    2     0.000     0.000
r    47.400     0.010    2     0.000     0.000
r    47.600     0.010    2     0.000     0.000
r    47.800     0.010    2     0.000     0.000
r    48.000     0.010    2     0.000     0.000
r    48.200     0.010    2     0.000     0.000
r    48.400     0.010    2     0.000     0.000
r    48.600     0.010    2     0.000     0.000
r    48.800     0.010    2     0.000     0.000
r    49.000     0.010    2     0.000     0.000
r    49.200     0.010    2     0.000     0.000
r    49.400     0.010    2     0.000     0.000
r    49.600     0.010    2     0.000     0.000
r    49.800     0.010    2     0.000     0.000
r    50.000     0.010    2     0.000     0.000
r    50.200     0.010    2     0.000     0.000
r    50.400     0.010    2     0.000     0.000
r    50.600     0.010    2     0.000     0.000
r    50.800     0.010    2     0.000     0.000
r    51.000     0.010    2     0.000     0.000
r    51.200     0.010    2     0.000     0.000
r    51.400     0.010    2     0.000     0.000
r    51.600     0.010    2     0.000     0.000
r    51.800     0.010    2     0.000     0.000
r    52.000     0.010    2     0.000     0.000
r    52.200     0.010    2     0.000     0.000
r    52.400     0.010    2     0.000     0.000
r    52.600     0.010    2     0.000     0.000
r    52.800     0.010    2     0.000     0.000
r    53.000     0.010    2     0.000     0.000
r    53.200     0.010    2     0.000     0.000
r    53.400     0.010    2     0.000     0.000
r    53.600     0.010    2     0.000     0.000
r    53.800     0.010    2     0.000     0.000
r    54.000     0.010    2     0.000     0.000
r    54.200     0.010    2     0.000     0.000
r    54.400     0.010    2     0.000     0.000
r    54.600     0.010    2     0.000     0.000
r    54.800     0.010    2     0.000     0.000
r    55.000     0.010    2     0.000     0.000
r    55.200     0.010    2     0.000     0.000
r    55.400     0.010    2     0.000     0.000
r    55.600     0.010    2     0.000     0.000
r    55.800     0.010    2     0.000     0.000
r    56.000     0.010    2     0.000     0.000
r    56.200     0.010    2     0.000     0.000
r    56.400     0.010    2     0.000     0.000
r    56.600     0.010    2     0.000     0.000
r    56.800     0.010    2     0.000     0.000
r    57.000     0.010    2     0.000     0.000
r    57.200     0.010    2     0.000     0.000
r    57.400     0.010    2     0.000     0.000
r    57.600     0.010    2     0.000     0.000
r    57.800     0.010    2     0.000     0.000
r    58.000     0.010    2     0.000     0.000
r    58.200     0.010    2     0.000     0.000
r    58.400     0.010    2     0.000     0.000
r    58.600     0.010    2     0.000     0.000
r    58.800     0.010    2     0.000     0.000
r    59.000     0.010    2     0.000     0.000
r    59.200     0.010    2     0.000     0.000
r    59.400     0.010    2     0.000     0.000
r    59.600     0.010    2     0.000     0.000
r    59.800     0.010    2     0.000     0.000
r    60.000     0.010    2     0.000     0.000
r    60.200     0.010    2     0.000     0.000
r    60.400     0.010    2     0.000     0.000
r    60.600     0.010    2     0.000     0.000
r    60.800     0.010    2     0.000     0.000
r    61.000     0.010    2     0.000     0.000
r    61.200     0.010    2     0.000     0.000
r    61.400     0.010    2     0.000     0.000
r    61.600     0.010    2     0.000     0.000
r    61.800     0.010    2     0.000     0.000
r    62.000     0.010    2     0.000     0.000
r    62.200     0.010    2     0.000     0.000
r    62.400     0.010    2     0.000     0.000
r    62.600     0.010    2     0.000     0.000
r    62.800     0.010    2     0.000     0.000
r    63.000     0.010    2     0.000     0.000
r    63.200     0.010    2     0.000     0.000
r    63.400     0.010    2     0.000     0.000
r    63.600     0.010    2     0.000     0.000
r    63.800     0.010    2     0.000     0.000
r    64.000     0.010    2     0.000     0.000
r    64.200     0.010    2     0.000     0.000
r    64.400     0.010    2     0.000     0.000
r    64.600     0.010    2     0.000     0.000
r    64.800     0.010    2     0.000     0.000
r    65.000     0.010    2     0.000     0.000
r    65.200     0.010    2     0.000     0.000
r    65.400     0.010    2     0.000     0.000
r    65.600     0.010    2     0.000     0.000
r    65.800     0.010    2     0.000     0.000
r    66.000     0.010    2     0.000     0.000
r    66.200     0.010    2     0.000     0.000
r    66.400     0.010    2     0.000     0.000
r    66.600     0.010    2     0.000     0.000
r    66.800     0.010    2     0.000     0.000
r    67.000     0.010    2     0.000     0.000
r    67.200     0.010    2     0.000     0.000
r    67.400     0.010    2     0.000     0.000
r    67.600     0.010    2     0.000     0.000
r    67.800     0.010    2     0.000     0.000
r    68.000     0.010    2     0.000     0.000
r    68.200     0.010    2     0.000     0.000
r    68.400     0.010    2     0.000     0.000
r    68.600     0.010    2     0.000     0.000
r    68.800     0.010    2     0.000     0.000
r    69.000     0.010    2     0.000     0.000
r    69.200     0.010    2     0.000     0.000
r    69.400     0.010    2     0.000     0.000
r    69.600     0.010    2     0.000     0.000
r    69.800     0.010    2     0.000     0.000
r    70.000     0.010    2     0.000     0.000
s    56.700     2.000  201
r    30.000     0.010    2     0.000     0.000
r    30.200     0.010    2     0.000     0.000
r    30.400     0.010    2     0.000     0.000
r    30.600     0.010    2     0.000     0.000
r    30.800     0.010    2     0.000     0.000
r    31.000     0.010    2     0.000     0.000
r    31.200     0.010    2     0.000     0.000
r    31.400     0.010    2     0.000     0.000
r    31.600     0.010    2     0.000     0.000
r    31.800     0.010    2     0.000     0.000
r    32.000     0.010    2     0.000     0.000
r    32.200     0.010    2     0.000     0.000
r    32.400     0.010    2     0.000     0.000
r    32.600     0.010    2     0.000     0.000
r    32.800     0.010    2     0.000     0.000
r    33.000     0.010    2     0.000     0.000
r    33.200     0.010    2     0.000     0.000
r    33.400     0.010    2     0.000     0.000
r    33.600     0.010    2     0.000     0.000
r    33.800     0.010    2     0.000     0.000
r    34.000     0.010    2     0.000     0.000
r    34.200     0.010    2     0.000     0.000
r    34.400     0.010    2     0.000     0.000
r    34.600     0.010    2     0.000     0.000
r    34.800     0.010    2     0.000     0.000
r    35.000     0.010    2     0.000     0.000
r    35.200     0.010    2     0.000     0.000
r    35.400     0.010    2     0.000     0.000
r    35.600     0.010    2     0.000     0.000
r    35.800     0.010    2     0.000     0.000
r    36.000     0.010    2     0.000     0.000
r    36.200     0.010    2     0.000     0.000
r    36.400     0.010    2     0.000     0.000
r    36.600     0.010    2     0.000     0.000
r    36.800     0.010    2     0.000     0.000
r    37.000     0.010    2     0.000     0.000
r    37.200     0.010    2     0.000     0.000
r    37.400     0.010    2     0.000     0.000
r    37.600     0.010    2     0.000     0.000
r    37.800     0.010    2     0.000     0.000
r    38.000     0.010    2     0.000     0.000
r    38.200     0.010    2     0.000     0.000
r    38.400     0.010    2     0.000     0.000
r    38.600     0.010    2     0.000     0.000
r    38.800     0.010    2     0.000     0.000
r    39.000     0.010    2     0.000     0.000
r    39.200     0.010    2     0.000     0.000
r    39.400     0.010    2     0.000     0.000
r    39.600     0.010    2     0.000     0.000
r    39.800     0.010    2     0.000     0.000
r    40.000     0.010    2     0.000     0.000
r    40.200     0.010    2     0.000     0.000
r    40.400     0.010    2     0.000     0.000
r    40.600     0.010    2     0.000     0.000
r    40.800     0.010    2     0.000     0.000
r    41.000     0.010    2     0.000     0.000
r    41.200     0.010    2     0.000     0.000
r    41.400     0.010    2     0.000     0.000
r    41.600     0.010    2     0.000     0.000
r    41.800     0.010    2     0.000     0.000
r    42.000     0.010    2     0.000     0.000
r    42.200     0.010    2     0.000     0.000
r    42.400     0.010    2     0.000     0.000
r    42.600     0.010    2     0.000     0.000
r    42.800     0.010    2     0.000     0.000
r    43.000     0.010    2     0.000     0.000
r    43.200     0.010    2     0.000     0.000
r    43.400     0.010    2     0.000     0.000
r    43.600     0.010    2     0.000     0.000
r    43.800     0.010    2     0.000     0.000
r    44.000     0.010    2     0.000     0.000
r    44.200     0.010    2     0.000     0.000
r    44.400     0.010    2     0.000     0.000
r    44.600     0.010    2     0.000     0.000
r    44.800     0.010    2     0.000     0.000
r    45.000     0.010    2     0.000     0.000
r    45.200     0.010    2     0.000     0.000
r    45.400     0.010    2     0.000     0.000
r    45.600     0.010    2     0.000     0.000
r    45.800     0.010    2     0.000     0.000
r    46.000     0.010    2     0.000     0.000
r    46.200     0.010    2     0.000     0.000
r    46.400     0.010    2     0.000     0.000
r    46.600     0.010    2     0.000     0.000
r    46.800     0.010    2     0.000     0.000
r    47.000     0.010    2     0.000     0.000
r    47.200     0.010    2     0.000     0.000
r    47.400     0.010    2     0.000     0.000
r    47.600     0.010    2     0.000     0.000
r    47.800     0.010    2     0.000     0.000
r    48.000     0.010    2     0.000     0.000
r    48.200     0.010    2     0.000     0.000
r    48.400     0.010    2     0.000     0.000
r    48.600     0.010    2     0.000     0.000
r    48.800     0.010    2     0.000     0.000
r    49.000     0.010    2     0.000     0.000
r    49.200     0.010    2     0.000     0.000
r    49.400     0.010    2     0.000     0.000
r    49.600     0.010    2     0.000     0.000
r    49.800     0.010    2     0.000     0.000
r    50.000     0.010    2     0.000     0.000
r    50.200     0.010    2     0.000     0.000
r    50.400     0.010    2     0.000     0.000
r    50.600     0.010    2     0.000     0.000
r    50.800     0.010    2     0.000     0.000
r    51.000     0.010    2     0.000     0.000
r    51.200     0.010    2     0.000     0.000
r    51.400     0.010    2     0.000     0.000
r    51.600     0.010    2     0.000     0.000
r    51.800     0.010    2     0.000     0.000
r    52.000     0.010    2     0.000     0.000
r    52.200     0.010    2     0.000     0.000
r    52.400     0.010    2     0.000     0.000
r    52.600     0.010    2     0.000     0.000
r    52.800     0.010    2     0.000     0.000
r    53.000     0.010    2     0.000     0.000
r    53.200     0.010    2     0.000     0.000
r    53.400     0.010    2     0.000     0.000
r    53.600     0.010    2     0.000     0.000
r    53.800     0.010    2     0.000     0.000
r    54.000     0.010    2     0.000     0.000
r    54.200     0.010    2     0.000     0.000
r    54.400     0.010    2     0.000     0.000
r    54.600     0.010    2     0.000     0.000
r    54.800     0.010    2     0.000     0.000
r    55.000     0.010    2     0.000     0.000
r    55.200     0.010    2     0.000     0.000
r    55.400     0.010    2     0.000     0.000
r    55.600     0.010    2     0.000     0.000
r    55.800     0.010    2     0.000     0.000
r    56.000     0.010    2     0.000     0.000
r    56.200     0.010    2     0.000     0.000
r    56.400     0.010    2     0.000     0.000
r    56.600     0.010    2     0.000     0.000
r    56.800     0.010    2     0.000     0.000
r    57.000     0.010    2     0.000     0.000
r    57.200     0.010    2     0.000     0.000
r    57.400     0.010    2     0.000     0.000
r    57.600     0.010    2     0.000     0.000
r    57.800     0.010    2     0.000     0.000
r    58.000     0.010    2     0.000     0.000
r    58.200     0.010    2     0.000     0.000
r    58.400     0.010    2     0.000     0.000
r    58.600     0.010    2     0.000     0.000
r    58.800     0.010    2     0.000     0.000
r    59.000     0.010    2     0.000     0.000
r    59.200     0.010    2     0.000     0.000
r    59.400     0.010    2     0.000     0.000
r    59.600     0.010    2     0.000     0.000
r    59.800     0.010    2     0.000     0.000
r    60.000     0.010    2     0.000     0.000
r    60.200     0.010    2     0.000     0.000
r    60.400     0.010    2     0.000     0.000
r    60.600     0.010    2     0.000     0.000
r    60.800     0.010    2     0.000     0.000
r    61.000     0.010    2     0.000     0.000
r    61.200     0.010    2     0.000     0.000
r    61.400     0.010    2     0.000     0.000
r    61.600     0.010    2     0.000     0.000
r    61.800     0.010    2     0.000     0.000
r    62.000     0.010    2     0.000     0.000
r    62.200     0.010    2     0.000     0.000
r    62.400     0.010    2     0.000     0.000
r    62.600     0.010    2     0.000     0.000
r    62.800     0.010    2     0.000     0.000
r    63.000     0.010    2     0.000     0.000
r    63.200     0.010    2     0.000     0.000
r    63.400     0.010    2     0.000     0.000
r    63.600     0.010    2     0.000     0.000
r    63.800     0.010    2     0.000     0.000
r    64.000     0.010    2     0.000     0.000
r    64.200     0.010    2     0.000     0.000
r    64.400     0.010    2     0.000     0.000
r    64.600     0.010    2     0.000     0.000
r    64.800     0.010    2     0.000     0.000
r    65.000     0.010    2     0.000     0.000
r    65.200     0.010    2     0.000     0.000
r    65.400     0.010    2     0.000     0.000
r    65.600     0.010    2     0.000     0.000
r    65.800     0.010    2     0.000     0.000
r    66.000     0.010    2     0.000     0.000
r    66.200     0.010    2     0.000     0.000
r    66.400     0.010    2     0.000     0.000
r    66.600     0.010    2     0.000     0.000
r    66.800     0.010    2     0.000     0.000
r    67.000     0.010    2     0.000     0.000
r    67.200     0.010    2     0.000     0.000
r    67.400     0.010    2     0.000     0.000
r    67.600     0.010    2     0.000     0.000
r    67.800     0.010    2     0.000     0.000
r    68.000     0.010    2     0.000     0.000
r    68.200     0.010    2     0.000     0.000
r    68.400     0.010    2     0.000     0.000
r    68.600     0.010    2     0.000     0.000
r    68.800     0.010    2     0.000     0.000
r    69.000     0.010    2     0.000     0.000
r    69.200     0.010    2     0.000     0.000
r    69.400     0.010    2     0.000     0.000
r    69.600     0.010    2     0.000     0.000
r    69.800     0.010    2     0.000     0.000
r    70.000     0.010    2     0.000     0.000
s    70.000     2.000  201
r    30.000     0.010    2     0.000     0.000
r    30.200     0.010    2     0.000     0.000
r    30.400     0.010    2     0.000     0.000
r    30.600     0.010    2     0.000     0.000
r    30.800     0.010    2     0.000     0.000
r    31.000     0.010    2     0.000     0.000
r    31.200     0.010    2     0.000     0.000
r    31.400     0.010    2     0.000     0.000
r    31.600     0.010    2     0.000     0.000
r    31.800     0.010    2     0.000     0.000
r    32.000     0.010    2     0.000     0.000
r    32.200     0.010    2     0.000     0.000
r    32.400     0.010    2     0.000     0.000
r    32.600     0.010    2     0.000     0.000
r    32.800     0.010    2     0.000     0.000
r    33.000     0.010    2     0.000     0.000
r    33.200     0.010    2     0.000     0.000
r    33.400     0.010    2     0.000     0.000
r    33.600     0.010    2     0.000     0.000
r    33.800     0.010    2     0.000     0.000
r    34.000     0.010    2     0.000     0.000
r    34.200     0.010    2     0.000     0.000
r    34.400     0.010    2     0.000     0.000
r    34.600     0.010    2     0.000     0.000
r    34.800     0.010    2     0.000     0.000
r    35.000     0.010    2     0.000     0.000
r    35.200     0.010    2     0.000     0.000
r    35.400     0.010    2     0.000     0.000
r    35.600     0.010    2     0.000     0.000
r    35.800     0.010    2     0.000     0.000
r    36.000     0.010    2     0.000     0.000
r    36.200     0.010    2     0.000     0.000
r    36.400     0.010    2     0.000     0.000
r    36.600     0.010    2     0.000     0.000
r    36.800     0.010    2     0.000     0.000
r    37.000     0.010    2     0.000     0.000
r    37.200     0.010    2     0.000     0.000
r    37.400     0.010    2     0.000     0.000
r    37.600     0.010    2     0.000     0.000
r    37.800     0.010    2     0.000     0.000
r    38.000     0.010    2     0.000     0.000
r    38.200     0.010    2     0.000     0.000
r    38.400     0.010    2     0.000     0.000
r    38.600     0.010    2     0.000     0.000
r    38.800     0.010    2     0.000     0.000
r    39.000     0.010    2     0.000     0.000
r    39.200     0.010    2     0.000     0.000
r    39.400     0.010    2     0.000     0.000
r    39.600     0.010    2     0.000     0.000
r    39.800     0.010    2     0.000     0.000
r    40.000     0.010    2     0.000     0.000
r    40.200     0.010    2     0.000     0.000
r    40.400     0.010    2     0.000     0.000
r    40.600     0.010    2     0.000     0.000
r    40.800     0.010    2     0.000     0.000
r    41.000     0.010    2     0.000     0.000
r    41.200     0.010    2     0.000     0.000
r    41.400     0.010    2     0.000     0.000
r    41.600     0.010    2     0.000     0.000
r    41.800     0.010    2     0.000     0.000
r    42.000     0.010    2     0.000     0.000
r    42.200     0.010    2     0.000     0.000
r    42.400     0.010    2     0.000     0.000
r    42.600     0.010    2     0.000     0.000
r    42.800     0.010    2     0.000     0.000
r    43.000     0.010    2     0.000     0.000
r    43.200     0.010    2     0.000     0.000
r    43.400     0.010    2     0.000     0.000
r    43.600     0.010    2     0.000     0.000
r    43.800     0.010    2     0.000     0.000
r    44.000     0.010    2     0.000     0.000
r    44.200     0.010    2     0.000     0.000
r    44.400     0.010    2     0.000     0.000
r    44.600     0.010    2     0.000     0.000
r    44.800     0.010    2     0.000     0.000
r    45.000     0.010    2     0.000     0.000
r    45.200     0.010    2     0.000     0.000
r    45.400     0.010    2     0.000     0.000
r    45.600     0.010    2     0.000     0.000
r    45.800     0.010    2     0.000     0.000
r    46.000     0.010    2     0.000     0.000
r    46.200     0.010    2     0.000     0.000
r    46.400     0.010    2     0.000     0.000
r    46.600     0.010    2     0.000     0.000
r    46.800     0.010    2     0.000     0.000
r    47.000     0.010    2     0.000     0.000
r    47.200     0.010    2     0.000     0.000
r    47.400     0.010    2     0.000     0.000
r    47.600     0.010    2     0.000     0.000
r    47.800     0.010    2     0.000     0.000
r    48.000     0.010    2     0.000     0.000
r    48.200     0.010    2     0.000     0.000
r    48.400     0.010    2     0.000     0.000
r    48.600     0.010    2     0.000     0.000
r    48.800     0.010    2     0.000     0.000
r    49.000     0.010    2     0.000     0.000
r    49.200     0.010    2     0.000     0.000
r    49.400     0.010    2     0.000     0.000
r    49.600     0.010    2     0.000     0.000
r    49.800     0.010    2     0.000     0.000
r    50.000     0.010    2     0.000     0.000
r    50.200     0.010    2     0.000     0.000
r    50.400     0.010    2     0.000     0.000
r    50.600     0.010    2     0.000     0.000
r    50.800     0.010    2     0.000     0.000
r    51.000     0.010    2     0.000     0.000
r    51.200     0.010    2     0.000     0.000
r    51.400     0.010    2     0.000     0.000
r    51.600     0.010    2     0.000     0.000
r    51.800     0.010    2     0.000     0.000
r    52.000     0.010    2     0.000     0.000
r    52.200     0.010    2     0.000     0.000
r    52.400     0.010    2     0.000     0.000
r    52.600     0.010    2     0.000     0.000
r    52.800     0.010    2     0.000     0.000
r    53.000     0.010    2     0.000     0.000
r    53.200     0.010    2     0.000     0.000
r    53.400     0.010    2     0.000     0.000
r    53.600     0.010    2     0.000     0.000
r    53.800     0.010    2     0.000     0.000
r    54.000     0.010    2     0.000     0.000
r    54.200     0.010    2     0.000     0.000
r    54.400     0.010    2     0.000     0.000
r    54.600     0.010    2     0.000     0.000
r    54.800     0.010    2     0.000     0.000
r    55.000     0.010    2     0.000     0.000
r    55.200     0.010    2     0.000     0.000
r    55.400     0.010    2     0.000     0.000
r    55.600     0.010    2     0.000     0.000
r    55.800     0.010    2     0.000     0.000
r    56.000     0.010    2     0.000     0.000
r    56.200     0.010    2     0.000     0.000
r    56.400     0.010    2     0.000     0.000
r    56.600     0.010    2     0.000     0.000
r    56.800     0.010    2     0.000     0.000
r    57.000     0.010    2     0.000     0.000
r    57.200     0.010    2     0.000     0.000
r    57.400     0.010    2     0.000     0.000
r    57.600     0.010    2     0.000     0.000
r    57.800     0.010    2     0.000     0.000
r    58.000     0.010    2     0.000     0.000
r    58.200     0.010    2     0.000     0.000
r    58.400     0.010    2     0.000     0.000
r    58.600     0.010    2     0.000     0.000
r    58.800     0.010    2     0.000     0.000
r    59.000     0.010    2     0.000     0.000
r    59.200     0.010    2     0.000     0.000
r    59.400     0.010    2     0.000     0.000
r    59.600     0.010    2     0.000     0.000
r    59.800     0.010    2     0.000     0.000
r    60.000     0.010    2     0.000     0.000
r    60.200     0.010    2     0.000     0.000
r    60.400     0.010    2     0.000     0.000
r    60.600     0.010    2     0.000     0.000
r    60.800     0.010    2     0.000     0.000
r    61.000     0.010    2     0.000     0.000
r    61.200     0.010    2     0.000     0.000
r    61.400     0.010    2     0.000     0.000
r    61.600     0.010    2     0.000     0.000
r    61.800     0.010    2     0.000     0.000
r    62.000     0.010    2     0.000     0.000
r    62.200     0.010    2     0.000     0.000
r    62.400     0.010    2     0.000     0.000
r    62.600     0.010    2     0.000     0.000
r    62.800     0.010    2     0.000     0.000
r    63.000     0.010    2     0.000     0.000
r    63.200     0.010    2     0.000     0.000
r    63.400     0.010    2     0.000     0.000
r    63.600     0.010    2     0.000     0.000
r    63.800     0.010    2     0.000     0.000
r    64.000     0.010    2     0.000     0.000
r    64.200     0.010    2     0.000     0.000
r    64.400     0.010    2     0.000     0.000
r    64.600     0.010    2     0.000     0.000
r    64.800     0.010    2     0.000     0.000
r    65.000     0.010    2     0.000     0.000
r    65.200     0.010    2     0.000     0.000
r    65.400     0.010    2     0.000     0.000
r    65.600     0.010    2     0.000     0.000
r    65.800     0.010    2     0.000     0.000
r    66.000     0.010    2     0.000     0.000
r    66.200     0.010    2     0.000     0.000
r    66.400     0.010    2     0.000     0.000
r    66.600     0.010    2     0.000     0.000
r    66.800     0.010    2     0.000     0.000
r    67.000     0.010    2     0.000     0.000
r    67.200     0.010    2     0.000     0.000
r    67.400     0.010    2     0.000     0.000
r    67.600     0.010    2     0.000     0.000
r    67.800     0.010    2     0.000     0.000
r    68.000     0.010    2     0.000     0.000
r    68.200     0.010    2     0.000     0.000
r    68.400     0.010    2     0.000     0.000
r    68.600     0.010    2     0.000     0.000
r    68.800     0.010    2     0.000     0.000
r    69.000     0.010    2     0.000     0.000
r    69.200     0.010    2     0.000     0.000
r    69.400     0.010    2     0.000     0.000
r    69.600     0.010    2     0.000     0.000
r    69.800     0.010    2     0.000     0.000
r    70.000     0.010    2     0.000     0.000
