51 41 1.5 0.33
0 2 4 6 8 10 12 14 16 18 20 22 24 26 28 30 32 34 36 38 40 42 44 46 48 50 52 54 56 58 60 62 64 66 68 70 72 74 76 78 80 82 84 86 88 90 92 94 96 98 100 
0 0 0 0 0 0 0 0 0 0 0 0 0 0 0 0 0 0 0 0 0 0 0 0 0 0 0 0 0 0 0 0 0 0 0 0 0 0 0 0 0 0 0 0 0 0 0 0 0 0 0 
0 0.1 0.2 0.3 0.4 0.5 0.6 0.7 0.8 0.9 1 1.1 1.2 1.3 1.4 1.5 1.6 1.7 1.8 1.9 2 2.1 2.2 2.3 2.4 2.5 2.6 2.7 2.8 2.9 3 3.1 3.2 3.3 3.4 3.5 3.6 3.7 3.8 3.9 4 
1.38802 1.39099 1.39532 1.39862 1.40317 1.40857 1.41484 1.41943 1.42907 1.43622 1.44413 1.45339 1.4574 1.46584 1.47114 1.47818 1.48485 1.48666 1.491 1.49238 1.49376 1.8 1.8 1.8 1.8 1.8 1.8 1.8 1.8 1.8 1.8 1.8 1.8 1.8 1.8 1.8 1.8 1.8 1.8 1.8 1.8 
1.38693 1.38873 1.39343 1.39697 1.40085 1.4063 1.41312 1.41795 1.42736 1.43555 1.44248 1.4528 1.4558 1.46447 1.46892 1.47587 1.48187 1.48445 1.48816 1.49023 1.49214 1.8 1.8 1.8 1.8 1.8 1.8 1.8 1.8 1.8 1.8 1.8 1.8 1.8 1.8 1.8 1.8 1.8 1.8 1.8 1.8 
1.3867 1.38923 1.39289 1.39623 1.40012 1.40517 1.41085 1.41535 1.42479 1.43056 1.43778 1.44655 1.45037 1.45904 1.46434 1.4717 1.47944 1.48226 1.48739 1.48958 1.49345 1.8 1.8 1.8 1.8 1.8 1.8 1.8 1.8 1.8 1.8 1.8 1.8 1.8 1.8 1.8 1.8 1.8 1.8 1.8 1.8 
1.38837 1.39038 1.39295 1.39643 1.39986 1.40464 1.40975 1.41406 1.42168 1.42874 1.43514 1.44453 1.44753 1.45817 1.46193 1.47024 1.47804 1.48136 1.48657 1.48885 1.49281 1.8 1.8 1.8 1.8 1.8 1.8 1.8 1.8 1.8 1.8 1.8 1.8 1.8 1.8 1.8 1.8 1.8 1.8 1.8 1.8 
1.38988 1.39132 1.39381 1.39623 1.39915 1.40304 1.40757 1.41092 1.41823 1.42432 1.43096 1.43939 1.44319 1.45235 1.45811 1.46688 1.47575 1.47939 1.48464 1.48849 1.4933 1.8 1.8 1.8 1.8 1.8 1.8 1.8 1.8 1.8 1.8 1.8 1.8 1.8 1.8 1.8 1.8 1.8 1.8 1.8 1.8 
1.39213 1.39252 1.39432 1.39632 1.39826 1.40128 1.40507 1.40795 1.41422 1.41962 1.42592 1.43405 1.43808 1.44755 1.45368 1.46328 1.47333 1.47679 1.48354 1.4878 1.49335 1.8 1.8 1.8 1.8 1.8 1.8 1.8 1.8 1.8 1.8 1.8 1.8 1.8 1.8 1.8 1.8 1.8 1.8 1.8 1.8 
1.39497 1.39441 1.39532 1.39667 1.39761 1.39939 1.40218 1.40403 1.4096 1.41442 1.42029 1.42843 1.43269 1.44295 1.44951 1.4604 1.4718 1.47621 1.48445 1.48816 1.49466 1.8 1.8 1.8 1.8 1.8 1.8 1.8 1.8 1.8 1.8 1.8 1.8 1.8 1.8 1.8 1.8 1.8 1.8 1.8 1.8 
1.39829 1.39671 1.3966 1.39681 1.39693 1.39689 1.39905 1.40024 1.40466 1.40913 1.4147 1.42276 1.42738 1.4385 1.44591 1.45815 1.47097 1.47539 1.48572 1.4893 1.49666 1.8 1.8 1.8 1.8 1.8 1.8 1.8 1.8 1.8 1.8 1.8 1.8 1.8 1.8 1.8 1.8 1.8 1.8 1.8 1.8 
1.4016 1.39881 1.39753 1.39658 1.39565 1.39421 1.39506 1.39519 1.39909 1.40325 1.40887 1.41726 1.42217 1.43451 1.44269 1.45662 1.47111 1.47588 1.488 1.49055 1.49822 1.8 1.8 1.8 1.8 1.8 1.8 1.8 1.8 1.8 1.8 1.8 1.8 1.8 1.8 1.8 1.8 1.8 1.8 1.8 1.8 
1.40532 1.40119 1.39832 1.39599 1.39393 1.39168 1.39066 1.39037 1.39318 1.39721 1.40323 1.41214 1.41735 1.43151 1.44069 1.4569 1.47351 1.48035 1.49314 1.4975 1.50611 1.8 1.8 1.8 1.8 1.8 1.8 1.8 1.8 1.8 1.8 1.8 1.8 1.8 1.8 1.8 1.8 1.8 1.8 1.8 1.8 
1.40821 1.40315 1.39836 1.39482 1.3913 1.38765 1.38564 1.38424 1.38729 1.39147 1.39813 1.40825 1.41298 1.43028 1.44097 1.45901 1.47791 1.4852 1.49756 1.50443 1.51325 1.8 1.8 1.8 1.8 1.8 1.8 1.8 1.8 1.8 1.8 1.8 1.8 1.8 1.8 1.8 1.8 1.8 1.8 1.8 1.8 
1.41157 1.40494 1.39808 1.39259 1.3879 1.38274 1.37971 1.37814 1.38125 1.38607 1.3942 1.40581 1.41136 1.43048 1.44228 1.46222 1.48286 1.49131 1.50664 1.51245 1.52201 1.8 1.8 1.8 1.8 1.8 1.8 1.8 1.8 1.8 1.8 1.8 1.8 1.8 1.8 1.8 1.8 1.8 1.8 1.8 1.8 
1.41394 1.41076 1.39891 1.39079 1.38446 1.37753 1.37311 1.37029 1.37466 1.38071 1.39085 1.40499 1.41091 1.43295 1.44663 1.46882 1.49207 1.50114 1.51831 1.52388 1.5324 1.8 1.8 1.8 1.8 1.8 1.8 1.8 1.8 1.8 1.8 1.8 1.8 1.8 1.8 1.8 1.8 1.8 1.8 1.8 1.8 
1.41043 1.40964 1.39523 1.38548 1.37837 1.37109 1.36638 1.36395 1.36994 1.37798 1.39057 1.40798 1.41728 1.44129 1.45703 1.47997 1.5049 1.51331 1.52915 1.53414 1.54106 1.8 1.8 1.8 1.8 1.8 1.8 1.8 1.8 1.8 1.8 1.8 1.8 1.8 1.8 1.8 1.8 1.8 1.8 1.8 1.8 
1.39949 1.40094 1.38646 1.37684 1.36968 1.36333 1.35998 1.35824 1.3682 1.37909 1.39534 1.41748 1.42925 1.45548 1.47442 1.49664 1.51969 1.5261 1.53892 1.54276 1.54826 1.8 1.8 1.8 1.8 1.8 1.8 1.8 1.8 1.8 1.8 1.8 1.8 1.8 1.8 1.8 1.8 1.8 1.8 1.8 1.8 
1.40665 1.42113 1.38288 1.3694 1.36089 1.35385 1.3509 1.34763 1.36412 1.37822 1.3966 1.42485 1.43493 1.4647 1.48369 1.50146 1.52052 1.52528 1.54017 1.55569 1.56067 1.8 1.8 1.8 1.8 1.8 1.8 1.8 1.8 1.8 1.8 1.8 1.8 1.8 1.8 1.8 1.8 1.8 1.8 1.8 1.8 
1.38455 1.41589 1.38996 1.3721 1.36146 1.3524 1.3486 1.34642 1.36073 1.37674 1.39509 1.42453 1.44302 1.48015 1.5066 1.53151 1.55969 1.5715 1.5785 1.56757 1.56182 1.8 1.8 1.8 1.8 1.8 1.8 1.8 1.8 1.8 1.8 1.8 1.8 1.8 1.8 1.8 1.8 1.8 1.8 1.8 1.8 
1.33477 1.34549 1.34438 1.34055 1.34093 1.34215 1.34824 1.35033 1.38123 1.40543 1.4426 1.48555 1.51575 1.53947 1.56762 1.5796 1.59092 1.57899 1.55844 1.5551 1.55811 1.8 1.8 1.8 1.8 1.8 1.8 1.8 1.8 1.8 1.8 1.8 1.8 1.8 1.8 1.8 1.8 1.8 1.8 1.8 1.8 
1.30161 1.29996 1.31506 1.32302 1.3296 1.34108 1.35635 1.36712 1.40107 1.43068 1.47415 1.51481 1.55842 1.57296 1.61446 1.5989 1.58143 1.56464 1.55596 1.55374 1.55536 1.8 1.8 1.8 1.8 1.8 1.8 1.8 1.8 1.8 1.8 1.8 1.8 1.8 1.8 1.8 1.8 1.8 1.8 1.8 1.8 
1.28954 1.28112 1.29597 1.31423 1.32849 1.34429 1.36548 1.38489 1.42122 1.44932 1.49434 1.54258 1.58298 1.61149 1.62418 1.59669 1.58449 1.579 1.56353 1.55888 1.55956 1.8 1.8 1.8 1.8 1.8 1.8 1.8 1.8 1.8 1.8 1.8 1.8 1.8 1.8 1.8 1.8 1.8 1.8 1.8 1.8 
1.29235 1.28897 1.30399 1.32204 1.34598 1.36907 1.39429 1.40979 1.44655 1.47817 1.53093 1.56335 1.58175 1.58772 1.59065 1.5805 1.57869 1.57405 1.56556 1.57359 1.57542 1.8 1.8 1.8 1.8 1.8 1.8 1.8 1.8 1.8 1.8 1.8 1.8 1.8 1.8 1.8 1.8 1.8 1.8 1.8 1.8 
1.31332 1.30273 1.33223 1.34882 1.36632 1.39234 1.41706 1.43831 1.47466 1.4984 1.53893 1.57426 1.61963 1.59704 1.60346 1.60227 1.59882 1.60307 1.60707 1.60186 1.58016 1.8 1.8 1.8 1.8 1.8 1.8 1.8 1.8 1.8 1.8 1.8 1.8 1.8 1.8 1.8 1.8 1.8 1.8 1.8 1.8 
1.35199 1.35708 1.3714 1.38924 1.41084 1.4398 1.47309 1.49274 1.52314 1.53854 1.56319 1.59071 1.60245 1.57816 1.59603 1.59647 1.59356 1.59236 1.57638 1.56631 1.56241 1.8 1.8 1.8 1.8 1.8 1.8 1.8 1.8 1.8 1.8 1.8 1.8 1.8 1.8 1.8 1.8 1.8 1.8 1.8 1.8 
1.37557 1.37756 1.40687 1.43155 1.45429 1.48149 1.50993 1.53681 1.56054 1.58098 1.60228 1.61759 1.60841 1.59973 1.61202 1.61594 1.60992 1.59073 1.57187 1.56549 1.56043 1.8 1.8 1.8 1.8 1.8 1.8 1.8 1.8 1.8 1.8 1.8 1.8 1.8 1.8 1.8 1.8 1.8 1.8 1.8 1.8 
1.43413 1.4483 1.46322 1.47892 1.50015 1.52698 1.55015 1.56728 1.5941 1.60217 1.59922 1.61302 1.62137 1.61518 1.60756 1.59488 1.5811 1.58316 1.57984 1.56844 1.55828 1.8 1.8 1.8 1.8 1.8 1.8 1.8 1.8 1.8 1.8 1.8 1.8 1.8 1.8 1.8 1.8 1.8 1.8 1.8 1.8 
1.49605 1.51703 1.52614 1.53425 1.54388 1.5591 1.56764 1.58035 1.59489 1.60589 1.56496 1.5975 1.61129 1.61267 1.60267 1.58735 1.57482 1.56843 1.55994 1.56777 1.56427 1.8 1.8 1.8 1.8 1.8 1.8 1.8 1.8 1.8 1.8 1.8 1.8 1.8 1.8 1.8 1.8 1.8 1.8 1.8 1.8 
1.54803 1.56132 1.57018 1.57294 1.57693 1.58269 1.58205 1.58106 1.58753 1.60476 1.56648 1.5874 1.59063 1.58844 1.59484 1.59026 1.57798 1.57652 1.56903 1.56242 1.55163 1.8 1.8 1.8 1.8 1.8 1.8 1.8 1.8 1.8 1.8 1.8 1.8 1.8 1.8 1.8 1.8 1.8 1.8 1.8 1.8 
1.5818 1.59403 1.60132 1.60015 1.59505 1.59568 1.5929 1.59267 1.59393 1.59592 1.567 1.56445 1.56838 1.5615 1.56268 1.57156 1.57378 1.56093 1.55257 1.55325 1.5473 1.8 1.8 1.8 1.8 1.8 1.8 1.8 1.8 1.8 1.8 1.8 1.8 1.8 1.8 1.8 1.8 1.8 1.8 1.8 1.8 
1.62707 1.63492 1.62223 1.61525 1.60907 1.5987 1.58601 1.57887 1.57416 1.56996 1.56112 1.55918 1.56137 1.55871 1.54566 1.53585 1.53407 1.54811 1.54482 1.53479 1.53119 1.8 1.8 1.8 1.8 1.8 1.8 1.8 1.8 1.8 1.8 1.8 1.8 1.8 1.8 1.8 1.8 1.8 1.8 1.8 1.8 
1.63569 1.63268 1.63094 1.61657 1.60242 1.59121 1.58413 1.58113 1.57279 1.56861 1.55757 1.55786 1.56271 1.56177 1.55283 1.53335 1.51819 1.50759 1.50546 1.51673 1.52142 1.8 1.8 1.8 1.8 1.8 1.8 1.8 1.8 1.8 1.8 1.8 1.8 1.8 1.8 1.8 1.8 1.8 1.8 1.8 1.8 
1.66758 1.59345 1.60524 1.60529 1.60422 1.60237 1.60109 1.58571 1.57491 1.56738 1.5569 1.54397 1.5398 1.54102 1.54945 1.54412 1.53108 1.5256 1.51317 1.50192 1.50529 1.8 1.8 1.8 1.8 1.8 1.8 1.8 1.8 1.8 1.8 1.8 1.8 1.8 1.8 1.8 1.8 1.8 1.8 1.8 1.8 
1.60715 1.64309 1.60045 1.5909 1.59095 1.58969 1.58496 1.5825 1.57602 1.56978 1.56066 1.55284 1.5502 1.54327 1.53831 1.53823 1.53172 1.5158 1.50679 1.50222 1.50815 1.8 1.8 1.8 1.8 1.8 1.8 1.8 1.8 1.8 1.8 1.8 1.8 1.8 1.8 1.8 1.8 1.8 1.8 1.8 1.8 
1.58419 1.59019 1.60868 1.59786 1.5856 1.57412 1.56557 1.55957 1.55327 1.55084 1.55067 1.54724 1.54605 1.5433 1.54018 1.53805 1.54545 1.54942 1.53559 1.529 1.52505 1.8 1.8 1.8 1.8 1.8 1.8 1.8 1.8 1.8 1.8 1.8 1.8 1.8 1.8 1.8 1.8 1.8 1.8 1.8 1.8 
1.57768 1.56921 1.579 1.58162 1.58242 1.57953 1.57364 1.56411 1.54997 1.53963 1.53273 1.52605 1.52786 1.53381 1.53947 1.54346 1.54366 1.54812 1.55709 1.54071 1.53148 1.8 1.8 1.8 1.8 1.8 1.8 1.8 1.8 1.8 1.8 1.8 1.8 1.8 1.8 1.8 1.8 1.8 1.8 1.8 1.8 
1.5861 1.58602 1.59593 1.59191 1.58381 1.57399 1.5633 1.55443 1.54214 1.53271 1.52483 1.51617 1.51344 1.51163 1.51109 1.51696 1.52304 1.52864 1.53702 1.54651 1.5344 1.8 1.8 1.8 1.8 1.8 1.8 1.8 1.8 1.8 1.8 1.8 1.8 1.8 1.8 1.8 1.8 1.8 1.8 1.8 1.8 
1.57339 1.58088 1.58322 1.57878 1.57385 1.56799 1.56019 1.55369 1.54271 1.53469 1.52788 1.52021 1.51756 1.51488 1.51268 1.51429 1.51627 1.51692 1.5194 1.52092 1.52739 1.8 1.8 1.8 1.8 1.8 1.8 1.8 1.8 1.8 1.8 1.8 1.8 1.8 1.8 1.8 1.8 1.8 1.8 1.8 1.8 
1.56888 1.56928 1.57161 1.56895 1.56444 1.5587 1.55164 1.5457 1.53525 1.52801 1.52178 1.51513 1.51349 1.51258 1.51202 1.515 1.51838 1.52101 1.52558 1.52643 1.52609 1.8 1.8 1.8 1.8 1.8 1.8 1.8 1.8 1.8 1.8 1.8 1.8 1.8 1.8 1.8 1.8 1.8 1.8 1.8 1.8 
1.56427 1.56405 1.56442 1.56198 1.5582 1.55304 1.54675 1.54129 1.53181 1.52482 1.51759 1.51201 1.51024 1.50885 1.50786 1.51024 1.51256 1.51453 1.51883 1.5204 1.52126 1.8 1.8 1.8 1.8 1.8 1.8 1.8 1.8 1.8 1.8 1.8 1.8 1.8 1.8 1.8 1.8 1.8 1.8 1.8 1.8 
1.55938 1.55918 1.55781 1.55546 1.55166 1.54693 1.54122 1.53667 1.52824 1.52209 1.51644 1.51053 1.50842 1.50628 1.50486 1.50616 1.50769 1.50858 1.51177 1.51384 1.51501 1.8 1.8 1.8 1.8 1.8 1.8 1.8 1.8 1.8 1.8 1.8 1.8 1.8 1.8 1.8 1.8 1.8 1.8 1.8 1.8 
1.55255 1.55201 1.55003 1.54793 1.5449 1.54096 1.5362 1.53225 1.52546 1.52014 1.5152 1.50982 1.50799 1.5059 1.50432 1.50443 1.50498 1.50564 1.50714 1.50802 1.50937 1.8 1.8 1.8 1.8 1.8 1.8 1.8 1.8 1.8 1.8 1.8 1.8 1.8 1.8 1.8 1.8 1.8 1.8 1.8 1.8 
1.54635 1.54508 1.5431 1.54132 1.53882 1.53539 1.53146 1.5284 1.52241 1.51783 1.51344 1.50864 1.50704 1.50485 1.50332 1.5029 1.50291 1.50335 1.50424 1.50485 1.50497 1.8 1.8 1.8 1.8 1.8 1.8 1.8 1.8 1.8 1.8 1.8 1.8 1.8 1.8 1.8 1.8 1.8 1.8 1.8 1.8 
1.54015 1.53877 1.53706 1.53535 1.53341 1.53055 1.52726 1.52465 1.51984 1.51605 1.51231 1.50781 1.50655 1.50412 1.50261 1.50164 1.50088 1.50098 1.50124 1.50136 1.50104 1.8 1.8 1.8 1.8 1.8 1.8 1.8 1.8 1.8 1.8 1.8 1.8 1.8 1.8 1.8 1.8 1.8 1.8 1.8 1.8 
1.53414 1.53288 1.53158 1.53014 1.52847 1.52618 1.52353 1.52152 1.51748 1.51428 1.51117 1.50716 1.50611 1.50351 1.50212 1.50092 1.49962 1.49956 1.49911 1.49915 1.49868 1.8 1.8 1.8 1.8 1.8 1.8 1.8 1.8 1.8 1.8 1.8 1.8 1.8 1.8 1.8 1.8 1.8 1.8 1.8 1.8 
1.52861 1.52753 1.52654 1.52534 1.52405 1.52224 1.52012 1.51845 1.51518 1.51248 1.50988 1.5065 1.50546 1.50304 1.50175 1.50041 1.49898 1.49869 1.49787 1.49782 1.49741 1.8 1.8 1.8 1.8 1.8 1.8 1.8 1.8 1.8 1.8 1.8 1.8 1.8 1.8 1.8 1.8 1.8 1.8 1.8 1.8 
1.52398 1.52313 1.52217 1.52109 1.52004 1.51848 1.51674 1.51547 1.51284 1.51062 1.50852 1.50579 1.50487 1.50279 1.5016 1.50022 1.49885 1.49846 1.49754 1.49753 1.49712 1.8 1.8 1.8 1.8 1.8 1.8 1.8 1.8 1.8 1.8 1.8 1.8 1.8 1.8 1.8 1.8 1.8 1.8 1.8 1.8 
1.51966 1.51863 1.51812 1.51731 1.51641 1.51519 1.51383 1.51265 1.51071 1.50894 1.50716 1.5051 1.50427 1.5026 1.50151 1.50022 1.49914 1.49869 1.49785 1.49783 1.4977 1.8 1.8 1.8 1.8 1.8 1.8 1.8 1.8 1.8 1.8 1.8 1.8 1.8 1.8 1.8 1.8 1.8 1.8 1.8 1.8 
1.51657 1.51605 1.51512 1.51436 1.51349 1.51243 1.51127 1.51039 1.50874 1.50734 1.50596 1.50448 1.5038 1.50251 1.50161 1.50046 1.49963 1.49927 1.49846 1.49847 1.49861 1.8 1.8 1.8 1.8 1.8 1.8 1.8 1.8 1.8 1.8 1.8 1.8 1.8 1.8 1.8 1.8 1.8 1.8 1.8 1.8 
1.51436 1.51302 1.51289 1.51216 1.51135 1.51038 1.50942 1.50836 1.50721 1.50617 1.50506 1.50393 1.50331 1.50232 1.50168 1.50075 1.50007 1.49986 1.49915 1.4992 1.4993 1.8 1.8 1.8 1.8 1.8 1.8 1.8 1.8 1.8 1.8 1.8 1.8 1.8 1.8 1.8 1.8 1.8 1.8 1.8 1.8 
1.51296 1.51231 1.51101 1.51002 1.50929 1.50809 1.50706 1.50644 1.50549 1.50486 1.50421 1.50352 1.50327 1.50272 1.50237 1.50162 1.50097 1.50075 1.50014 1.49998 1.49988 1.8 1.8 1.8 1.8 1.8 1.8 1.8 1.8 1.8 1.8 1.8 1.8 1.8 1.8 1.8 1.8 1.8 1.8 1.8 1.8 
1.51045 1.50962 1.50905 1.50837 1.50786 1.50725 1.50631 1.50584 1.505 1.50441 1.50387 1.50316 1.5028 1.50236 1.502 1.50144 1.50113 1.50109 1.50095 1.50114 1.50188 1.8 1.8 1.8 1.8 1.8 1.8 1.8 1.8 1.8 1.8 1.8 1.8 1.8 1.8 1.8 1.8 1.8 1.8 1.8 1.8 
1.51112 1.51027 1.50889 1.50815 1.50714 1.50621 1.50508 1.50441 1.50375 1.50333 1.50318 1.50303 1.50304 1.50251 1.50226 1.50209 1.50165 1.50153 1.50158 1.501 1.50096 1.8 1.8 1.8 1.8 1.8 1.8 1.8 1.8 1.8 1.8 1.8 1.8 1.8 1.8 1.8 1.8 1.8 1.8 1.8 1.8 
