51 41 1.5 0.33
0 2 4 6 8 10 12 14 16 18 20 22 24 26 28 30 32 34 36 38 40 42 44 46 48 50 52 54 56 58 60 62 64 66 68 70 72 74 76 78 80 82 84 86 88 90 92 94 96 98 100 
0 0 0 0 0 0 0 0 0 0 0 0 0 0 0 0 0 0 0 0 0 0 0 0 0 0 0 0 0 0 0 0 0 0 0 0 0 0 0 0 0 0 0 0 0 0 0 0 0 0 0 
0 0.1 0.2 0.3 0.4 0.5 0.6 0.7 0.8 0.9 1 1.1 1.2 1.3 1.4 1.5 1.6 1.7 1.8 1.9 2 2.1 2.2 2.3 2.4 2.5 2.6 2.7 2.8 2.9 3 3.1 3.2 3.3 3.4 3.5 3.6 3.7 3.8 3.9 4 
1.51405 1.51398 1.5141 1.51404 1.51413 1.51408 1.51416 1.51412 1.51419 1.51416 1.51422 1.5142 1.51426 1.51423 1.5143 1.51426 1.51434 1.51429 1.5144 1.51431 1.51446 1.8 1.8 1.8 1.8 1.8 1.8 1.8 1.8 1.8 1.8 1.8 1.8 1.8 1.8 1.8 1.8 1.8 1.8 1.8 1.8 
1.51271 1.51293 1.51285 1.51303 1.51294 1.51308 1.51302 1.51313 1.5131 1.51322 1.51318 1.51331 1.51324 1.51338 1.5133 1.51347 1.51335 1.51353 1.51341 1.51365 1.5135 1.8 1.8 1.8 1.8 1.8 1.8 1.8 1.8 1.8 1.8 1.8 1.8 1.8 1.8 1.8 1.8 1.8 1.8 1.8 1.8 
1.50916 1.50904 1.50919 1.50911 1.50921 1.50917 1.50925 1.5092 1.50928 1.50924 1.50934 1.5093 1.50937 1.50934 1.50942 1.50938 1.50947 1.50941 1.50954 1.50946 1.50968 1.8 1.8 1.8 1.8 1.8 1.8 1.8 1.8 1.8 1.8 1.8 1.8 1.8 1.8 1.8 1.8 1.8 1.8 1.8 1.8 
1.50648 1.50681 1.50654 1.5068 1.50658 1.5068 1.50661 1.50678 1.50663 1.50681 1.50665 1.50684 1.50667 1.50686 1.50668 1.50689 1.50667 1.50691 1.50665 1.50701 1.50664 1.8 1.8 1.8 1.8 1.8 1.8 1.8 1.8 1.8 1.8 1.8 1.8 1.8 1.8 1.8 1.8 1.8 1.8 1.8 1.8 
1.50238 1.50224 1.50232 1.50223 1.50228 1.50221 1.50224 1.50217 1.5022 1.50218 1.50215 1.50211 1.50215 1.50209 1.50213 1.50206 1.5021 1.502 1.50207 1.50199 1.502 1.8 1.8 1.8 1.8 1.8 1.8 1.8 1.8 1.8 1.8 1.8 1.8 1.8 1.8 1.8 1.8 1.8 1.8 1.8 1.8 
1.49746 1.49751 1.49736 1.49724 1.49728 1.49716 1.49719 1.49721 1.49712 1.49704 1.49703 1.49693 1.49695 1.49686 1.4969 1.49679 1.49682 1.49681 1.49671 1.49658 1.49651 1.8 1.8 1.8 1.8 1.8 1.8 1.8 1.8 1.8 1.8 1.8 1.8 1.8 1.8 1.8 1.8 1.8 1.8 1.8 1.8 
1.49185 1.49172 1.4917 1.49162 1.49159 1.4915 1.49147 1.49138 1.49136 1.49128 1.49125 1.49114 1.49111 1.49104 1.49101 1.49092 1.49088 1.49074 1.49071 1.49061 1.49043 1.8 1.8 1.8 1.8 1.8 1.8 1.8 1.8 1.8 1.8 1.8 1.8 1.8 1.8 1.8 1.8 1.8 1.8 1.8 1.8 
1.48607 1.48592 1.48586 1.48576 1.4857 1.48558 1.48554 1.48549 1.48538 1.48524 1.48523 1.48507 1.48502 1.4849 1.48484 1.4847 1.48463 1.48452 1.48442 1.48424 1.48398 1.8 1.8 1.8 1.8 1.8 1.8 1.8 1.8 1.8 1.8 1.8 1.8 1.8 1.8 1.8 1.8 1.8 1.8 1.8 1.8 
1.48012 1.47996 1.47986 1.47976 1.47964 1.47953 1.47944 1.47932 1.4792 1.47906 1.47893 1.47882 1.47869 1.47855 1.47841 1.47827 1.47818 1.47806 1.47775 1.47759 1.47693 1.8 1.8 1.8 1.8 1.8 1.8 1.8 1.8 1.8 1.8 1.8 1.8 1.8 1.8 1.8 1.8 1.8 1.8 1.8 1.8 
1.47436 1.47408 1.474 1.47385 1.4737 1.47356 1.47344 1.47329 1.4731 1.47296 1.47273 1.47264 1.47247 1.4723 1.47213 1.47202 1.47189 1.47156 1.4712 1.4714 1.47047 1.8 1.8 1.8 1.8 1.8 1.8 1.8 1.8 1.8 1.8 1.8 1.8 1.8 1.8 1.8 1.8 1.8 1.8 1.8 1.8 
1.46913 1.4688 1.46879 1.46858 1.46842 1.46823 1.46804 1.4678 1.46765 1.46743 1.46719 1.46693 1.46667 1.46659 1.46644 1.46623 1.46583 1.46549 1.46558 1.46485 1.46331 1.8 1.8 1.8 1.8 1.8 1.8 1.8 1.8 1.8 1.8 1.8 1.8 1.8 1.8 1.8 1.8 1.8 1.8 1.8 1.8 
1.46404 1.46343 1.46327 1.46295 1.46273 1.46245 1.46217 1.46211 1.46166 1.46133 1.46128 1.46083 1.46078 1.46045 1.46015 1.45957 1.45906 1.45975 1.45833 1.45763 1.46103 1.8 1.8 1.8 1.8 1.8 1.8 1.8 1.8 1.8 1.8 1.8 1.8 1.8 1.8 1.8 1.8 1.8 1.8 1.8 1.8 
1.45956 1.45861 1.45792 1.4575 1.45713 1.45679 1.45645 1.4562 1.45578 1.4555 1.45555 1.45507 1.45484 1.45439 1.45385 1.45325 1.45346 1.45292 1.45186 1.45403 1.45557 1.8 1.8 1.8 1.8 1.8 1.8 1.8 1.8 1.8 1.8 1.8 1.8 1.8 1.8 1.8 1.8 1.8 1.8 1.8 1.8 
1.45412 1.4535 1.45206 1.45177 1.45147 1.45128 1.45102 1.4508 1.45063 1.45077 1.45102 1.45084 1.45096 1.45049 1.45011 1.45044 1.45002 1.44973 1.4545 1.45961 1.45529 1.8 1.8 1.8 1.8 1.8 1.8 1.8 1.8 1.8 1.8 1.8 1.8 1.8 1.8 1.8 1.8 1.8 1.8 1.8 1.8 
1.44718 1.44888 1.44825 1.44751 1.44763 1.44767 1.44787 1.44838 1.44922 1.44925 1.44917 1.4492 1.44947 1.44915 1.44938 1.44976 1.45152 1.45539 1.46038 1.42798 1.43827 1.8 1.8 1.8 1.8 1.8 1.8 1.8 1.8 1.8 1.8 1.8 1.8 1.8 1.8 1.8 1.8 1.8 1.8 1.8 1.8 
1.45049 1.4422 1.43506 1.43264 1.43177 1.43192 1.43182 1.43142 1.43035 1.43017 1.42955 1.43249 1.43091 1.43127 1.43054 1.43121 1.43159 1.42793 1.40458 1.45715 1.64546 1.8 1.8 1.8 1.8 1.8 1.8 1.8 1.8 1.8 1.8 1.8 1.8 1.8 1.8 1.8 1.8 1.8 1.8 1.8 1.8 
1.44674 1.45007 1.42666 1.42701 1.42483 1.42285 1.42215 1.42178 1.42383 1.42932 1.42931 1.43038 1.43198 1.43504 1.4405 1.45029 1.45518 1.4476 1.538 1.64103 1.45112 1.8 1.8 1.8 1.8 1.8 1.8 1.8 1.8 1.8 1.8 1.8 1.8 1.8 1.8 1.8 1.8 1.8 1.8 1.8 1.8 
1.41748 1.43902 1.42587 1.41869 1.42308 1.42749 1.43046 1.431 1.43829 1.43861 1.4406 1.44557 1.45194 1.45968 1.46511 1.46575 1.46727 1.56205 1.61622 1.43286 1.47456 1.8 1.8 1.8 1.8 1.8 1.8 1.8 1.8 1.8 1.8 1.8 1.8 1.8 1.8 1.8 1.8 1.8 1.8 1.8 1.8 
1.40436 1.41019 1.42864 1.41858 1.4144 1.41612 1.42263 1.43206 1.44008 1.44885 1.45865 1.4648 1.46886 1.47178 1.4802 1.50561 1.62307 1.57344 1.4675 1.50255 1.52389 1.8 1.8 1.8 1.8 1.8 1.8 1.8 1.8 1.8 1.8 1.8 1.8 1.8 1.8 1.8 1.8 1.8 1.8 1.8 1.8 
1.38103 1.37504 1.3934 1.41285 1.41474 1.42741 1.4377 1.44523 1.45345 1.46095 1.46555 1.47499 1.48928 1.49703 1.52371 1.6767 1.55426 1.48784 1.51717 1.5194 1.5353 1.8 1.8 1.8 1.8 1.8 1.8 1.8 1.8 1.8 1.8 1.8 1.8 1.8 1.8 1.8 1.8 1.8 1.8 1.8 1.8 
1.38547 1.38372 1.39084 1.40935 1.43381 1.43285 1.44289 1.44964 1.4532 1.46096 1.47605 1.49202 1.49631 1.53563 1.66008 1.56854 1.51447 1.53537 1.54464 1.54059 1.55706 1.8 1.8 1.8 1.8 1.8 1.8 1.8 1.8 1.8 1.8 1.8 1.8 1.8 1.8 1.8 1.8 1.8 1.8 1.8 1.8 
1.41163 1.39706 1.42 1.42657 1.44143 1.4524 1.44613 1.45437 1.46766 1.47736 1.48309 1.4871 1.53426 1.61094 1.53377 1.50176 1.51634 1.52344 1.52184 1.51581 1.60837 1.8 1.8 1.8 1.8 1.8 1.8 1.8 1.8 1.8 1.8 1.8 1.8 1.8 1.8 1.8 1.8 1.8 1.8 1.8 1.8 
1.446 1.44002 1.44548 1.45576 1.4583 1.4738 1.48983 1.48629 1.49239 1.50102 1.51163 1.57124 1.5996 1.54301 1.52692 1.54391 1.54947 1.5445 1.5615 1.63924 1.68662 1.8 1.8 1.8 1.8 1.8 1.8 1.8 1.8 1.8 1.8 1.8 1.8 1.8 1.8 1.8 1.8 1.8 1.8 1.8 1.8 
1.44995 1.44567 1.46654 1.47576 1.48738 1.49046 1.50226 1.52474 1.52315 1.53348 1.57004 1.63748 1.55911 1.54406 1.55523 1.55616 1.55958 1.60835 1.64333 1.56363 1.58592 1.8 1.8 1.8 1.8 1.8 1.8 1.8 1.8 1.8 1.8 1.8 1.8 1.8 1.8 1.8 1.8 1.8 1.8 1.8 1.8 
1.49057 1.48678 1.49863 1.5072 1.5155 1.52828 1.53786 1.5365 1.54641 1.56496 1.59374 1.56029 1.55396 1.56493 1.56267 1.58323 1.62917 1.58627 1.55216 1.56601 1.59426 1.8 1.8 1.8 1.8 1.8 1.8 1.8 1.8 1.8 1.8 1.8 1.8 1.8 1.8 1.8 1.8 1.8 1.8 1.8 1.8 
1.5543 1.54544 1.53818 1.53796 1.54212 1.54154 1.53956 1.55219 1.56803 1.61139 1.5663 1.55644 1.56428 1.58393 1.62325 1.60187 1.54969 1.55092 1.56409 1.56176 1.58274 1.8 1.8 1.8 1.8 1.8 1.8 1.8 1.8 1.8 1.8 1.8 1.8 1.8 1.8 1.8 1.8 1.8 1.8 1.8 1.8 
1.55418 1.54132 1.54911 1.55827 1.56087 1.56961 1.57307 1.57638 1.59655 1.57013 1.56659 1.57029 1.57934 1.58477 1.56331 1.56385 1.58824 1.58021 1.56914 1.57191 1.58874 1.8 1.8 1.8 1.8 1.8 1.8 1.8 1.8 1.8 1.8 1.8 1.8 1.8 1.8 1.8 1.8 1.8 1.8 1.8 1.8 
1.57695 1.57473 1.58164 1.57949 1.58843 1.58083 1.59441 1.62314 1.58918 1.58032 1.58839 1.59405 1.57571 1.55285 1.55448 1.55307 1.54871 1.55696 1.56192 1.54235 1.56631 1.8 1.8 1.8 1.8 1.8 1.8 1.8 1.8 1.8 1.8 1.8 1.8 1.8 1.8 1.8 1.8 1.8 1.8 1.8 1.8 
1.61101 1.6008 1.59368 1.60486 1.58733 1.60409 1.61481 1.58485 1.57139 1.57386 1.57543 1.56709 1.56129 1.55566 1.54989 1.55424 1.55401 1.55093 1.54883 1.56552 1.58957 1.8 1.8 1.8 1.8 1.8 1.8 1.8 1.8 1.8 1.8 1.8 1.8 1.8 1.8 1.8 1.8 1.8 1.8 1.8 1.8 
1.6367 1.62376 1.61667 1.58731 1.59184 1.59689 1.56803 1.56127 1.57051 1.56873 1.55677 1.55196 1.55986 1.56267 1.55123 1.54096 1.54415 1.54495 1.54616 1.54026 1.56034 1.8 1.8 1.8 1.8 1.8 1.8 1.8 1.8 1.8 1.8 1.8 1.8 1.8 1.8 1.8 1.8 1.8 1.8 1.8 1.8 
1.64295 1.62901 1.60593 1.61863 1.60063 1.57843 1.57289 1.57249 1.5605 1.55203 1.55554 1.55433 1.54751 1.55054 1.55882 1.54625 1.53278 1.5346 1.52969 1.52686 1.53409 1.8 1.8 1.8 1.8 1.8 1.8 1.8 1.8 1.8 1.8 1.8 1.8 1.8 1.8 1.8 1.8 1.8 1.8 1.8 1.8 
1.61228 1.595 1.61887 1.62315 1.57961 1.57202 1.5727 1.56587 1.56209 1.56193 1.55615 1.55289 1.55402 1.54991 1.54411 1.55771 1.54409 1.52431 1.53288 1.52898 1.5366 1.8 1.8 1.8 1.8 1.8 1.8 1.8 1.8 1.8 1.8 1.8 1.8 1.8 1.8 1.8 1.8 1.8 1.8 1.8 1.8 
1.61002 1.60156 1.60388 1.58009 1.56221 1.55738 1.55335 1.55618 1.55927 1.55839 1.55912 1.55547 1.54849 1.54236 1.54131 1.53775 1.55389 1.54902 1.51925 1.53055 1.53432 1.8 1.8 1.8 1.8 1.8 1.8 1.8 1.8 1.8 1.8 1.8 1.8 1.8 1.8 1.8 1.8 1.8 1.8 1.8 1.8 
1.59561 1.6015 1.59068 1.56859 1.56388 1.56214 1.55906 1.55284 1.54685 1.54137 1.53841 1.53688 1.53837 1.54063 1.54141 1.53887 1.53097 1.5394 1.54047 1.49488 1.5245 1.8 1.8 1.8 1.8 1.8 1.8 1.8 1.8 1.8 1.8 1.8 1.8 1.8 1.8 1.8 1.8 1.8 1.8 1.8 1.8 
1.60432 1.59471 1.55392 1.55142 1.54747 1.54323 1.5411 1.54032 1.54072 1.5411 1.54003 1.53857 1.53635 1.53595 1.5358 1.53994 1.54758 1.55085 1.56958 1.56924 1.51655 1.8 1.8 1.8 1.8 1.8 1.8 1.8 1.8 1.8 1.8 1.8 1.8 1.8 1.8 1.8 1.8 1.8 1.8 1.8 1.8 
1.56272 1.53006 1.52966 1.53041 1.5283 1.52762 1.5267 1.52575 1.52425 1.5233 1.52484 1.52337 1.52338 1.52307 1.5233 1.52321 1.52216 1.52435 1.52005 1.56663 1.68032 1.8 1.8 1.8 1.8 1.8 1.8 1.8 1.8 1.8 1.8 1.8 1.8 1.8 1.8 1.8 1.8 1.8 1.8 1.8 1.8 
1.52318 1.51901 1.52069 1.51878 1.51852 1.51784 1.51716 1.51661 1.51627 1.51511 1.51361 1.51273 1.51188 1.51091 1.50993 1.50899 1.50809 1.50652 1.50848 1.48632 1.48609 1.8 1.8 1.8 1.8 1.8 1.8 1.8 1.8 1.8 1.8 1.8 1.8 1.8 1.8 1.8 1.8 1.8 1.8 1.8 1.8 
1.5189 1.51715 1.51558 1.51507 1.51494 1.51437 1.514 1.51363 1.51307 1.51278 1.51265 1.51217 1.51187 1.51159 1.51129 1.51085 1.51092 1.51045 1.50937 1.51404 1.51547 1.8 1.8 1.8 1.8 1.8 1.8 1.8 1.8 1.8 1.8 1.8 1.8 1.8 1.8 1.8 1.8 1.8 1.8 1.8 1.8 
1.51347 1.51217 1.51181 1.51184 1.51159 1.51132 1.51111 1.51097 1.51068 1.51035 1.51013 1.50981 1.50931 1.50933 1.50904 1.50867 1.50831 1.50806 1.50789 1.50635 1.50949 1.8 1.8 1.8 1.8 1.8 1.8 1.8 1.8 1.8 1.8 1.8 1.8 1.8 1.8 1.8 1.8 1.8 1.8 1.8 1.8 
1.50863 1.50836 1.50865 1.50858 1.50851 1.50852 1.5084 1.50824 1.5082 1.50811 1.50805 1.50798 1.50784 1.50785 1.50778 1.50775 1.50747 1.50728 1.5073 1.50717 1.50864 1.8 1.8 1.8 1.8 1.8 1.8 1.8 1.8 1.8 1.8 1.8 1.8 1.8 1.8 1.8 1.8 1.8 1.8 1.8 1.8 
1.50606 1.50666 1.50667 1.50667 1.50669 1.5067 1.50664 1.50664 1.50656 1.50653 1.50641 1.50644 1.5064 1.50634 1.50627 1.50627 1.50628 1.50606 1.50602 1.50579 1.50448 1.8 1.8 1.8 1.8 1.8 1.8 1.8 1.8 1.8 1.8 1.8 1.8 1.8 1.8 1.8 1.8 1.8 1.8 1.8 1.8 
1.50489 1.50535 1.50532 1.50538 1.5054 1.50541 1.50541 1.5054 1.50541 1.50544 1.50539 1.50545 1.50548 1.50546 1.50545 1.50544 1.5055 1.50549 1.5054 1.50559 1.50496 1.8 1.8 1.8 1.8 1.8 1.8 1.8 1.8 1.8 1.8 1.8 1.8 1.8 1.8 1.8 1.8 1.8 1.8 1.8 1.8 
1.50366 1.50396 1.50399 1.50403 1.50405 1.50407 1.5041 1.50414 1.50414 1.50415 1.50426 1.50418 1.50425 1.50425 1.50427 1.50427 1.50428 1.50435 1.50439 1.50435 1.50398 1.8 1.8 1.8 1.8 1.8 1.8 1.8 1.8 1.8 1.8 1.8 1.8 1.8 1.8 1.8 1.8 1.8 1.8 1.8 1.8 
1.50249 1.50269 1.5027 1.50272 1.50277 1.50279 1.50283 1.50285 1.50288 1.50291 1.50294 1.50294 1.503 1.50301 1.50305 1.50307 1.50308 1.50311 1.50317 1.50323 1.503 1.8 1.8 1.8 1.8 1.8 1.8 1.8 1.8 1.8 1.8 1.8 1.8 1.8 1.8 1.8 1.8 1.8 1.8 1.8 1.8 
1.50137 1.50148 1.50149 1.50152 1.50156 1.50157 1.50162 1.50164 1.50167 1.5017 1.50168 1.50174 1.50178 1.50179 1.50183 1.50185 1.50187 1.50191 1.50193 1.50199 1.50192 1.8 1.8 1.8 1.8 1.8 1.8 1.8 1.8 1.8 1.8 1.8 1.8 1.8 1.8 1.8 1.8 1.8 1.8 1.8 1.8 
1.50028 1.50028 1.50035 1.50038 1.50041 1.50042 1.50046 1.50046 1.50051 1.50053 1.50051 1.50059 1.50061 1.50063 1.50066 1.50068 1.5007 1.50075 1.50076 1.50081 1.5008 1.8 1.8 1.8 1.8 1.8 1.8 1.8 1.8 1.8 1.8 1.8 1.8 1.8 1.8 1.8 1.8 1.8 1.8 1.8 1.8 
1.49935 1.49939 1.49941 1.49943 1.49945 1.49946 1.49949 1.49951 1.49953 1.49954 1.49954 1.4996 1.49961 1.49963 1.49964 1.49966 1.49968 1.49972 1.49972 1.49978 1.49977 1.8 1.8 1.8 1.8 1.8 1.8 1.8 1.8 1.8 1.8 1.8 1.8 1.8 1.8 1.8 1.8 1.8 1.8 1.8 1.8 
1.49854 1.49848 1.4986 1.49863 1.49865 1.49867 1.49869 1.49868 1.49873 1.49874 1.49883 1.4988 1.49883 1.49886 1.49887 1.4989 1.49892 1.49895 1.49896 1.49901 1.49902 1.8 1.8 1.8 1.8 1.8 1.8 1.8 1.8 1.8 1.8 1.8 1.8 1.8 1.8 1.8 1.8 1.8 1.8 1.8 1.8 
1.49796 1.49801 1.49803 1.49806 1.49807 1.4981 1.49811 1.49815 1.49815 1.49817 1.49822 1.49822 1.49824 1.49826 1.49828 1.4983 1.49832 1.49834 1.49836 1.49839 1.49841 1.8 1.8 1.8 1.8 1.8 1.8 1.8 1.8 1.8 1.8 1.8 1.8 1.8 1.8 1.8 1.8 1.8 1.8 1.8 1.8 
1.49754 1.49758 1.49758 1.49759 1.4976 1.49762 1.49763 1.49765 1.49765 1.49767 1.49767 1.49769 1.4977 1.49771 1.49772 1.49773 1.49774 1.49774 1.49777 1.49777 1.4978 1.8 1.8 1.8 1.8 1.8 1.8 1.8 1.8 1.8 1.8 1.8 1.8 1.8 1.8 1.8 1.8 1.8 1.8 1.8 1.8 
1.49754 1.49753 1.49751 1.49749 1.49749 1.49748 1.49747 1.49746 1.49745 1.49744 1.49742 1.49742 1.49741 1.4974 1.4974 1.49738 1.49738 1.49736 1.49736 1.49734 1.49735 1.8 1.8 1.8 1.8 1.8 1.8 1.8 1.8 1.8 1.8 1.8 1.8 1.8 1.8 1.8 1.8 1.8 1.8 1.8 1.8 
