51 41 1.5 0.33
0 2 4 6 8 10 12 14 16 18 20 22 24 26 28 30 32 34 36 38 40 42 44 46 48 50 52 54 56 58 60 62 64 66 68 70 72 74 76 78 80 82 84 86 88 90 92 94 96 98 100 
0 0 0 0 0 0 0 0 0 0 0 0 0 0 0 0 0 0 0 0 0 0 0 0 0 0 0 0 0 0 0 0 0 0 0 0 0 0 0 0 0 0 0 0 0 0 0 0 0 0 0 
0 0.1 0.2 0.3 0.4 0.5 0.6 0.7 0.8 0.9 1 1.1 1.2 1.3 1.4 1.5 1.6 1.7 1.8 1.9 2 2.1 2.2 2.3 2.4 2.5 2.6 2.7 2.8 2.9 3 3.1 3.2 3.3 3.4 3.5 3.6 3.7 3.8 3.9 4 
1.51187 1.51185 1.51198 1.51196 1.51206 1.51204 1.51213 1.51212 1.5122 1.5122 1.51227 1.51228 1.51235 1.51235 1.51243 1.51242 1.51251 1.51249 1.5126 1.51257 1.5127 1.8 1.8 1.8 1.8 1.8 1.8 1.8 1.8 1.8 1.8 1.8 1.8 1.8 1.8 1.8 1.8 1.8 1.8 1.8 1.8 
1.5109 1.51106 1.51105 1.51119 1.51116 1.51129 1.51126 1.51136 1.51136 1.51149 1.51146 1.51161 1.51156 1.51171 1.51164 1.51181 1.51173 1.51191 1.51181 1.51205 1.51193 1.8 1.8 1.8 1.8 1.8 1.8 1.8 1.8 1.8 1.8 1.8 1.8 1.8 1.8 1.8 1.8 1.8 1.8 1.8 1.8 
1.50824 1.5081 1.50822 1.50814 1.50821 1.50816 1.5082 1.50816 1.5082 1.50818 1.50824 1.5082 1.50825 1.50821 1.50826 1.50821 1.50829 1.50821 1.50831 1.50822 1.50844 1.8 1.8 1.8 1.8 1.8 1.8 1.8 1.8 1.8 1.8 1.8 1.8 1.8 1.8 1.8 1.8 1.8 1.8 1.8 1.8 
1.50607 1.50634 1.50607 1.50628 1.50606 1.50624 1.50604 1.50618 1.50601 1.50615 1.50602 1.50613 1.50598 1.5061 1.50595 1.50609 1.50591 1.50605 1.50585 1.50608 1.50586 1.8 1.8 1.8 1.8 1.8 1.8 1.8 1.8 1.8 1.8 1.8 1.8 1.8 1.8 1.8 1.8 1.8 1.8 1.8 1.8 
1.50252 1.50246 1.50248 1.50243 1.50244 1.50239 1.50241 1.50235 1.50238 1.50233 1.50233 1.50229 1.50231 1.50225 1.50229 1.50223 1.50225 1.50216 1.50222 1.50212 1.50219 1.8 1.8 1.8 1.8 1.8 1.8 1.8 1.8 1.8 1.8 1.8 1.8 1.8 1.8 1.8 1.8 1.8 1.8 1.8 1.8 
1.49842 1.49854 1.49838 1.49832 1.49833 1.49825 1.4983 1.4983 1.49826 1.49815 1.49818 1.49809 1.49811 1.49804 1.49808 1.498 1.49802 1.498 1.49796 1.49784 1.4978 1.8 1.8 1.8 1.8 1.8 1.8 1.8 1.8 1.8 1.8 1.8 1.8 1.8 1.8 1.8 1.8 1.8 1.8 1.8 1.8 
1.4938 1.49378 1.49374 1.4937 1.49369 1.49362 1.49364 1.49356 1.49359 1.49349 1.49349 1.49341 1.49341 1.49336 1.49335 1.49329 1.49326 1.49318 1.49319 1.49315 1.4929 1.8 1.8 1.8 1.8 1.8 1.8 1.8 1.8 1.8 1.8 1.8 1.8 1.8 1.8 1.8 1.8 1.8 1.8 1.8 1.8 
1.48915 1.48906 1.48906 1.48892 1.48894 1.48883 1.48884 1.48879 1.48874 1.48862 1.48861 1.4885 1.4885 1.4884 1.48837 1.48827 1.48825 1.48819 1.48812 1.48806 1.48764 1.8 1.8 1.8 1.8 1.8 1.8 1.8 1.8 1.8 1.8 1.8 1.8 1.8 1.8 1.8 1.8 1.8 1.8 1.8 1.8 
1.48443 1.48428 1.48428 1.48412 1.48409 1.48398 1.48392 1.48384 1.48374 1.48367 1.48354 1.48347 1.48342 1.48329 1.48321 1.48309 1.48304 1.48293 1.48278 1.48279 1.48188 1.8 1.8 1.8 1.8 1.8 1.8 1.8 1.8 1.8 1.8 1.8 1.8 1.8 1.8 1.8 1.8 1.8 1.8 1.8 1.8 
1.47991 1.4796 1.4796 1.47939 1.47929 1.47917 1.47901 1.47888 1.47872 1.47864 1.47843 1.47833 1.47823 1.47806 1.47793 1.47778 1.47765 1.47737 1.47732 1.47735 1.47615 1.8 1.8 1.8 1.8 1.8 1.8 1.8 1.8 1.8 1.8 1.8 1.8 1.8 1.8 1.8 1.8 1.8 1.8 1.8 1.8 
1.47567 1.47536 1.47529 1.47503 1.47487 1.4747 1.47446 1.47432 1.47412 1.47395 1.47372 1.47351 1.47325 1.47312 1.47291 1.47269 1.47244 1.47224 1.47237 1.47133 1.46976 1.8 1.8 1.8 1.8 1.8 1.8 1.8 1.8 1.8 1.8 1.8 1.8 1.8 1.8 1.8 1.8 1.8 1.8 1.8 1.8 
1.4718 1.47117 1.47106 1.47081 1.47051 1.47029 1.46997 1.46985 1.46947 1.46914 1.46904 1.46866 1.46839 1.46813 1.46782 1.46749 1.46722 1.46741 1.46574 1.465 1.46846 1.8 1.8 1.8 1.8 1.8 1.8 1.8 1.8 1.8 1.8 1.8 1.8 1.8 1.8 1.8 1.8 1.8 1.8 1.8 1.8 
1.46899 1.46809 1.46732 1.4671 1.46666 1.4663 1.46594 1.46559 1.46511 1.4648 1.46464 1.46419 1.46368 1.46334 1.46292 1.46248 1.46207 1.46116 1.46082 1.46248 1.46494 1.8 1.8 1.8 1.8 1.8 1.8 1.8 1.8 1.8 1.8 1.8 1.8 1.8 1.8 1.8 1.8 1.8 1.8 1.8 1.8 
1.46534 1.46452 1.46337 1.46305 1.46276 1.46245 1.46217 1.46193 1.46168 1.4616 1.46153 1.46124 1.46117 1.46064 1.46037 1.46036 1.45951 1.4603 1.46269 1.46328 1.46495 1.8 1.8 1.8 1.8 1.8 1.8 1.8 1.8 1.8 1.8 1.8 1.8 1.8 1.8 1.8 1.8 1.8 1.8 1.8 1.8 
1.46023 1.46051 1.45983 1.4593 1.45922 1.45909 1.45908 1.45927 1.45948 1.45897 1.45865 1.458 1.4579 1.45727 1.45699 1.45673 1.4578 1.46121 1.45973 1.43896 1.45363 1.8 1.8 1.8 1.8 1.8 1.8 1.8 1.8 1.8 1.8 1.8 1.8 1.8 1.8 1.8 1.8 1.8 1.8 1.8 1.8 
1.46408 1.45756 1.45455 1.45429 1.45348 1.45342 1.45351 1.45336 1.45192 1.45197 1.4518 1.45488 1.45417 1.45487 1.45523 1.4573 1.45796 1.4507 1.42653 1.48606 1.62806 1.8 1.8 1.8 1.8 1.8 1.8 1.8 1.8 1.8 1.8 1.8 1.8 1.8 1.8 1.8 1.8 1.8 1.8 1.8 1.8 
1.47103 1.47524 1.45209 1.45121 1.45159 1.45102 1.45048 1.44985 1.45117 1.45526 1.45502 1.4557 1.45671 1.45844 1.46061 1.46161 1.45746 1.46106 1.55112 1.63913 1.49218 1.8 1.8 1.8 1.8 1.8 1.8 1.8 1.8 1.8 1.8 1.8 1.8 1.8 1.8 1.8 1.8 1.8 1.8 1.8 1.8 
1.44735 1.46681 1.45291 1.44458 1.44439 1.44646 1.44879 1.44985 1.45745 1.45822 1.45962 1.4625 1.46429 1.46799 1.4718 1.48051 1.49951 1.5886 1.59224 1.45096 1.48629 1.8 1.8 1.8 1.8 1.8 1.8 1.8 1.8 1.8 1.8 1.8 1.8 1.8 1.8 1.8 1.8 1.8 1.8 1.8 1.8 
1.42826 1.43306 1.44744 1.44155 1.4387 1.44053 1.446 1.45364 1.45849 1.46375 1.46965 1.4753 1.48236 1.49184 1.50581 1.53025 1.60584 1.57698 1.48495 1.507 1.53184 1.8 1.8 1.8 1.8 1.8 1.8 1.8 1.8 1.8 1.8 1.8 1.8 1.8 1.8 1.8 1.8 1.8 1.8 1.8 1.8 
1.42036 1.41835 1.43078 1.44426 1.44257 1.44837 1.45366 1.4558 1.46194 1.46954 1.47784 1.48799 1.50213 1.51142 1.53795 1.64116 1.56271 1.50518 1.52144 1.53059 1.54633 1.8 1.8 1.8 1.8 1.8 1.8 1.8 1.8 1.8 1.8 1.8 1.8 1.8 1.8 1.8 1.8 1.8 1.8 1.8 1.8 
1.42004 1.41948 1.42336 1.43889 1.45557 1.45511 1.46055 1.46964 1.47397 1.4799 1.49146 1.50475 1.51064 1.54527 1.63378 1.56631 1.51695 1.5313 1.54072 1.54024 1.55297 1.8 1.8 1.8 1.8 1.8 1.8 1.8 1.8 1.8 1.8 1.8 1.8 1.8 1.8 1.8 1.8 1.8 1.8 1.8 1.8 
1.43134 1.42218 1.44109 1.44803 1.46419 1.47752 1.4756 1.48034 1.49149 1.50028 1.50507 1.51157 1.55578 1.61509 1.55127 1.51567 1.52332 1.52889 1.5231 1.51598 1.56677 1.8 1.8 1.8 1.8 1.8 1.8 1.8 1.8 1.8 1.8 1.8 1.8 1.8 1.8 1.8 1.8 1.8 1.8 1.8 1.8 
1.45024 1.4503 1.46096 1.47316 1.47632 1.49035 1.50407 1.5047 1.51102 1.52148 1.53251 1.57671 1.61163 1.55921 1.53664 1.54452 1.54695 1.54351 1.56881 1.66209 1.65456 1.8 1.8 1.8 1.8 1.8 1.8 1.8 1.8 1.8 1.8 1.8 1.8 1.8 1.8 1.8 1.8 1.8 1.8 1.8 1.8 
1.47722 1.47277 1.48733 1.49349 1.50362 1.5075 1.51808 1.53258 1.53208 1.54137 1.57227 1.62368 1.56397 1.54247 1.54896 1.55426 1.56485 1.61374 1.63488 1.55739 1.55688 1.8 1.8 1.8 1.8 1.8 1.8 1.8 1.8 1.8 1.8 1.8 1.8 1.8 1.8 1.8 1.8 1.8 1.8 1.8 1.8 
1.51432 1.51165 1.51778 1.52341 1.5275 1.53679 1.54498 1.54743 1.55906 1.57534 1.59304 1.56783 1.55931 1.56751 1.56487 1.57811 1.60766 1.57148 1.53713 1.54687 1.56195 1.8 1.8 1.8 1.8 1.8 1.8 1.8 1.8 1.8 1.8 1.8 1.8 1.8 1.8 1.8 1.8 1.8 1.8 1.8 1.8 
1.55215 1.54637 1.54696 1.55226 1.56103 1.5639 1.56248 1.57187 1.5812 1.60305 1.57059 1.55427 1.55859 1.57327 1.61116 1.59124 1.54283 1.53791 1.5465 1.54681 1.55074 1.8 1.8 1.8 1.8 1.8 1.8 1.8 1.8 1.8 1.8 1.8 1.8 1.8 1.8 1.8 1.8 1.8 1.8 1.8 1.8 
1.58405 1.57853 1.57958 1.58457 1.58114 1.58361 1.58641 1.58817 1.60315 1.58169 1.57247 1.56843 1.57193 1.57572 1.55635 1.55125 1.56468 1.55037 1.53504 1.53587 1.54057 1.8 1.8 1.8 1.8 1.8 1.8 1.8 1.8 1.8 1.8 1.8 1.8 1.8 1.8 1.8 1.8 1.8 1.8 1.8 1.8 
1.60776 1.60654 1.60592 1.59852 1.60299 1.5946 1.60159 1.6128 1.58617 1.57147 1.57671 1.58217 1.56811 1.54114 1.5378 1.53769 1.53886 1.55507 1.55826 1.52611 1.5251 1.8 1.8 1.8 1.8 1.8 1.8 1.8 1.8 1.8 1.8 1.8 1.8 1.8 1.8 1.8 1.8 1.8 1.8 1.8 1.8 
1.62505 1.61715 1.61203 1.62334 1.59914 1.60733 1.61427 1.5879 1.57385 1.57642 1.57797 1.56337 1.55469 1.54546 1.53465 1.53327 1.52944 1.52323 1.52877 1.56512 1.55981 1.8 1.8 1.8 1.8 1.8 1.8 1.8 1.8 1.8 1.8 1.8 1.8 1.8 1.8 1.8 1.8 1.8 1.8 1.8 1.8 
1.62555 1.62205 1.62157 1.60622 1.61861 1.61199 1.58823 1.57637 1.58038 1.57473 1.558 1.54873 1.55263 1.55262 1.54148 1.52784 1.5288 1.52928 1.52519 1.51486 1.52163 1.8 1.8 1.8 1.8 1.8 1.8 1.8 1.8 1.8 1.8 1.8 1.8 1.8 1.8 1.8 1.8 1.8 1.8 1.8 1.8 
1.62448 1.62162 1.6063 1.63273 1.61691 1.58383 1.57054 1.57219 1.56233 1.55322 1.55362 1.55194 1.54543 1.54674 1.54976 1.53601 1.51587 1.51425 1.51 1.50589 1.50751 1.8 1.8 1.8 1.8 1.8 1.8 1.8 1.8 1.8 1.8 1.8 1.8 1.8 1.8 1.8 1.8 1.8 1.8 1.8 1.8 
1.61598 1.60957 1.62225 1.63214 1.5837 1.56849 1.56279 1.54989 1.54474 1.54363 1.54205 1.54068 1.54057 1.53415 1.5285 1.53748 1.52579 1.50249 1.5056 1.50319 1.50697 1.8 1.8 1.8 1.8 1.8 1.8 1.8 1.8 1.8 1.8 1.8 1.8 1.8 1.8 1.8 1.8 1.8 1.8 1.8 1.8 
1.60258 1.60927 1.61486 1.5926 1.56782 1.55521 1.54611 1.54342 1.53975 1.5354 1.53127 1.52653 1.5234 1.52396 1.52584 1.52394 1.53449 1.52696 1.49415 1.49975 1.50696 1.8 1.8 1.8 1.8 1.8 1.8 1.8 1.8 1.8 1.8 1.8 1.8 1.8 1.8 1.8 1.8 1.8 1.8 1.8 1.8 
1.58864 1.60801 1.58318 1.55374 1.54172 1.53882 1.53719 1.53452 1.53202 1.52855 1.52649 1.52363 1.52067 1.51841 1.51806 1.522 1.52595 1.53886 1.53243 1.47992 1.50458 1.8 1.8 1.8 1.8 1.8 1.8 1.8 1.8 1.8 1.8 1.8 1.8 1.8 1.8 1.8 1.8 1.8 1.8 1.8 1.8 
1.58546 1.57785 1.53204 1.52834 1.52734 1.5257 1.52403 1.5229 1.52252 1.52265 1.5219 1.52017 1.51891 1.51888 1.51905 1.51949 1.52125 1.52946 1.56518 1.57969 1.52533 1.8 1.8 1.8 1.8 1.8 1.8 1.8 1.8 1.8 1.8 1.8 1.8 1.8 1.8 1.8 1.8 1.8 1.8 1.8 1.8 
1.54176 1.51553 1.51253 1.51502 1.51341 1.51281 1.51218 1.5115 1.51032 1.51006 1.512 1.51106 1.51121 1.51127 1.51133 1.51157 1.5117 1.51043 1.502 1.54551 1.62602 1.8 1.8 1.8 1.8 1.8 1.8 1.8 1.8 1.8 1.8 1.8 1.8 1.8 1.8 1.8 1.8 1.8 1.8 1.8 1.8 
1.51357 1.50949 1.5098 1.50844 1.50794 1.50765 1.50713 1.50676 1.50641 1.50558 1.50458 1.50388 1.50329 1.50259 1.50209 1.50152 1.50099 1.50109 1.50146 1.48902 1.49363 1.8 1.8 1.8 1.8 1.8 1.8 1.8 1.8 1.8 1.8 1.8 1.8 1.8 1.8 1.8 1.8 1.8 1.8 1.8 1.8 
1.50708 1.50501 1.50373 1.50349 1.50371 1.50374 1.50363 1.50355 1.50341 1.5034 1.5035 1.5033 1.50325 1.5032 1.5032 1.50316 1.50317 1.50304 1.5034 1.5046 1.50757 1.8 1.8 1.8 1.8 1.8 1.8 1.8 1.8 1.8 1.8 1.8 1.8 1.8 1.8 1.8 1.8 1.8 1.8 1.8 1.8 
1.50217 1.50086 1.50063 1.50104 1.50127 1.50135 1.50137 1.50144 1.50143 1.5015 1.5016 1.5016 1.50156 1.50172 1.50182 1.50175 1.50185 1.50163 1.50185 1.5023 1.50505 1.8 1.8 1.8 1.8 1.8 1.8 1.8 1.8 1.8 1.8 1.8 1.8 1.8 1.8 1.8 1.8 1.8 1.8 1.8 1.8 
1.49907 1.499 1.49955 1.49973 1.49989 1.50003 1.50013 1.50004 1.5003 1.50039 1.50051 1.50066 1.50073 1.50086 1.50098 1.50101 1.50109 1.50122 1.50108 1.50116 1.50311 1.8 1.8 1.8 1.8 1.8 1.8 1.8 1.8 1.8 1.8 1.8 1.8 1.8 1.8 1.8 1.8 1.8 1.8 1.8 1.8 
1.49833 1.49912 1.49937 1.49942 1.4996 1.49972 1.49981 1.49989 1.49998 1.50005 1.50009 1.50024 1.50033 1.50037 1.50045 1.50051 1.50056 1.50062 1.50083 1.50059 1.4996 1.8 1.8 1.8 1.8 1.8 1.8 1.8 1.8 1.8 1.8 1.8 1.8 1.8 1.8 1.8 1.8 1.8 1.8 1.8 1.8 
1.49865 1.49925 1.4994 1.49947 1.4996 1.49969 1.49976 1.49979 1.49991 1.49998 1.50009 1.50018 1.50027 1.50032 1.50039 1.50047 1.50053 1.50063 1.50065 1.50087 1.50036 1.8 1.8 1.8 1.8 1.8 1.8 1.8 1.8 1.8 1.8 1.8 1.8 1.8 1.8 1.8 1.8 1.8 1.8 1.8 1.8 
1.49903 1.49942 1.49954 1.49961 1.49968 1.49973 1.49978 1.49985 1.4999 1.49994 1.50004 1.50004 1.50015 1.50018 1.50021 1.50027 1.5003 1.50042 1.50041 1.50047 1.5002 1.8 1.8 1.8 1.8 1.8 1.8 1.8 1.8 1.8 1.8 1.8 1.8 1.8 1.8 1.8 1.8 1.8 1.8 1.8 1.8 
1.49938 1.49961 1.49967 1.49972 1.49976 1.49978 1.49981 1.49987 1.49989 1.49992 1.49995 1.49996 1.50004 1.50005 1.50007 1.50012 1.50013 1.50018 1.50021 1.50026 1.50007 1.8 1.8 1.8 1.8 1.8 1.8 1.8 1.8 1.8 1.8 1.8 1.8 1.8 1.8 1.8 1.8 1.8 1.8 1.8 1.8 
1.49963 1.49974 1.49976 1.49979 1.49982 1.49982 1.49983 1.49986 1.49987 1.4999 1.49989 1.49992 1.49995 1.49996 1.49996 1.5 1.5 1.50002 1.50005 1.50007 1.49997 1.8 1.8 1.8 1.8 1.8 1.8 1.8 1.8 1.8 1.8 1.8 1.8 1.8 1.8 1.8 1.8 1.8 1.8 1.8 1.8 
1.49977 1.49982 1.49982 1.49984 1.49985 1.49984 1.49985 1.49987 1.49987 1.49989 1.49983 1.49992 1.49991 1.49991 1.49991 1.49992 1.49993 1.49994 1.49995 1.49995 1.49992 1.8 1.8 1.8 1.8 1.8 1.8 1.8 1.8 1.8 1.8 1.8 1.8 1.8 1.8 1.8 1.8 1.8 1.8 1.8 1.8 
1.49984 1.49985 1.49985 1.49987 1.49986 1.49986 1.49987 1.49988 1.49987 1.49988 1.49992 1.49989 1.49989 1.4999 1.4999 1.4999 1.49992 1.49991 1.49992 1.49991 1.49992 1.8 1.8 1.8 1.8 1.8 1.8 1.8 1.8 1.8 1.8 1.8 1.8 1.8 1.8 1.8 1.8 1.8 1.8 1.8 1.8 
1.49985 1.49984 1.49986 1.49987 1.49986 1.49987 1.49989 1.49989 1.49989 1.4999 1.49991 1.49992 1.49992 1.49992 1.49994 1.49993 1.49995 1.49994 1.49995 1.49996 1.49997 1.8 1.8 1.8 1.8 1.8 1.8 1.8 1.8 1.8 1.8 1.8 1.8 1.8 1.8 1.8 1.8 1.8 1.8 1.8 1.8 
1.49988 1.49988 1.49991 1.49991 1.49992 1.49994 1.49995 1.49996 1.49997 1.49998 1.49999 1.5 1.50002 1.50002 1.50004 1.50004 1.50006 1.50007 1.50008 1.50011 1.50012 1.8 1.8 1.8 1.8 1.8 1.8 1.8 1.8 1.8 1.8 1.8 1.8 1.8 1.8 1.8 1.8 1.8 1.8 1.8 1.8 
1.49996 1.49997 1.5 1.5 1.50001 1.50003 1.50004 1.50005 1.50007 1.50007 1.50009 1.5001 1.50012 1.50013 1.50014 1.50015 1.50016 1.50018 1.50019 1.50022 1.50023 1.8 1.8 1.8 1.8 1.8 1.8 1.8 1.8 1.8 1.8 1.8 1.8 1.8 1.8 1.8 1.8 1.8 1.8 1.8 1.8 
1.50012 1.50012 1.50012 1.50011 1.50012 1.50012 1.50011 1.50011 1.50011 1.50011 1.50011 1.50011 1.50011 1.50011 1.5001 1.50011 1.5001 1.5001 1.5001 1.5001 1.5001 1.8 1.8 1.8 1.8 1.8 1.8 1.8 1.8 1.8 1.8 1.8 1.8 1.8 1.8 1.8 1.8 1.8 1.8 1.8 1.8 
