51 41 1.5 0.33
0 2 4 6 8 10 12 14 16 18 20 22 24 26 28 30 32 34 36 38 40 42 44 46 48 50 52 54 56 58 60 62 64 66 68 70 72 74 76 78 80 82 84 86 88 90 92 94 96 98 100 
0 0 0 0 0 0 0 0 0 0 0 0 0 0 0 0 0 0 0 0 0 0 0 0 0 0 0 0 0 0 0 0 0 0 0 0 0 0 0 0 0 0 0 0 0 0 0 0 0 0 0 
0 0.1 0.2 0.3 0.4 0.5 0.6 0.7 0.8 0.9 1 1.1 1.2 1.3 1.4 1.5 1.6 1.7 1.8 1.9 2 2.1 2.2 2.3 2.4 2.5 2.6 2.7 2.8 2.9 3 3.1 3.2 3.3 3.4 3.5 3.6 3.7 3.8 3.9 4 
1.51892 1.51886 1.51914 1.51911 1.5193 1.51929 1.51946 1.51945 1.51962 1.51962 1.51978 1.5198 1.51997 1.51996 1.52013 1.52012 1.52031 1.52028 1.52051 1.52047 1.52079 1.8 1.8 1.8 1.8 1.8 1.8 1.8 1.8 1.8 1.8 1.8 1.8 1.8 1.8 1.8 1.8 1.8 1.8 1.8 1.8 
1.51735 1.51766 1.51764 1.51795 1.51787 1.51815 1.51807 1.51829 1.51828 1.51855 1.5185 1.51879 1.5187 1.51899 1.51886 1.51921 1.51903 1.51943 1.51919 1.51974 1.51943 1.8 1.8 1.8 1.8 1.8 1.8 1.8 1.8 1.8 1.8 1.8 1.8 1.8 1.8 1.8 1.8 1.8 1.8 1.8 1.8 
1.5119 1.51168 1.51188 1.51176 1.51188 1.5118 1.51188 1.51182 1.51189 1.51188 1.51196 1.51189 1.51199 1.51192 1.51203 1.51195 1.51208 1.51196 1.51213 1.51202 1.51229 1.8 1.8 1.8 1.8 1.8 1.8 1.8 1.8 1.8 1.8 1.8 1.8 1.8 1.8 1.8 1.8 1.8 1.8 1.8 1.8 
1.50762 1.5081 1.50756 1.50794 1.5075 1.5078 1.50743 1.50768 1.50734 1.50759 1.50729 1.50746 1.50716 1.50739 1.50707 1.50733 1.50694 1.50728 1.50678 1.50728 1.50659 1.8 1.8 1.8 1.8 1.8 1.8 1.8 1.8 1.8 1.8 1.8 1.8 1.8 1.8 1.8 1.8 1.8 1.8 1.8 1.8 
1.5013 1.50103 1.50098 1.50073 1.50073 1.50047 1.50052 1.50029 1.50027 1.50004 1.50002 1.49983 1.49976 1.49958 1.49957 1.49935 1.49933 1.49911 1.4991 1.49879 1.4988 1.8 1.8 1.8 1.8 1.8 1.8 1.8 1.8 1.8 1.8 1.8 1.8 1.8 1.8 1.8 1.8 1.8 1.8 1.8 1.8 
1.49396 1.49398 1.49348 1.49312 1.49308 1.49271 1.49273 1.49261 1.49235 1.49197 1.49189 1.49158 1.49147 1.49117 1.49111 1.49076 1.49072 1.49042 1.4903 1.48974 1.48962 1.8 1.8 1.8 1.8 1.8 1.8 1.8 1.8 1.8 1.8 1.8 1.8 1.8 1.8 1.8 1.8 1.8 1.8 1.8 1.8 
1.48565 1.48528 1.48504 1.48472 1.48453 1.48421 1.48408 1.48374 1.4836 1.48322 1.483 1.48271 1.48252 1.48218 1.482 1.48164 1.48148 1.48111 1.48086 1.48032 1.4799 1.8 1.8 1.8 1.8 1.8 1.8 1.8 1.8 1.8 1.8 1.8 1.8 1.8 1.8 1.8 1.8 1.8 1.8 1.8 1.8 
1.4772 1.47667 1.47645 1.47607 1.47581 1.47549 1.47523 1.47499 1.47464 1.47425 1.47389 1.47356 1.47337 1.47292 1.47268 1.47225 1.47203 1.47135 1.47118 1.47055 1.47004 1.8 1.8 1.8 1.8 1.8 1.8 1.8 1.8 1.8 1.8 1.8 1.8 1.8 1.8 1.8 1.8 1.8 1.8 1.8 1.8 
1.46863 1.46812 1.4678 1.4675 1.46711 1.46687 1.46642 1.46616 1.46572 1.4654 1.4649 1.46454 1.46427 1.46379 1.46342 1.46304 1.46265 1.46181 1.46163 1.46045 1.45945 1.8 1.8 1.8 1.8 1.8 1.8 1.8 1.8 1.8 1.8 1.8 1.8 1.8 1.8 1.8 1.8 1.8 1.8 1.8 1.8 
1.4601 1.45973 1.45931 1.45906 1.45868 1.4585 1.45804 1.45779 1.45738 1.45711 1.4568 1.45635 1.45614 1.45574 1.45539 1.45507 1.45464 1.45429 1.45369 1.45309 1.4527 1.8 1.8 1.8 1.8 1.8 1.8 1.8 1.8 1.8 1.8 1.8 1.8 1.8 1.8 1.8 1.8 1.8 1.8 1.8 1.8 
1.45175 1.45136 1.45124 1.45106 1.45083 1.45067 1.45035 1.45021 1.4499 1.4497 1.44946 1.44917 1.44874 1.4487 1.44842 1.44819 1.44781 1.44759 1.44714 1.44665 1.44663 1.8 1.8 1.8 1.8 1.8 1.8 1.8 1.8 1.8 1.8 1.8 1.8 1.8 1.8 1.8 1.8 1.8 1.8 1.8 1.8 
1.44316 1.44298 1.44286 1.44276 1.44285 1.44269 1.44264 1.44274 1.4425 1.44248 1.4428 1.44255 1.44249 1.44243 1.44229 1.44219 1.44198 1.44257 1.44185 1.44312 1.44457 1.8 1.8 1.8 1.8 1.8 1.8 1.8 1.8 1.8 1.8 1.8 1.8 1.8 1.8 1.8 1.8 1.8 1.8 1.8 1.8 
1.43328 1.43371 1.43349 1.43358 1.43407 1.43426 1.43475 1.43517 1.43565 1.4363 1.43727 1.43775 1.43816 1.43856 1.43896 1.43932 1.43998 1.44121 1.44294 1.44697 1.44836 1.8 1.8 1.8 1.8 1.8 1.8 1.8 1.8 1.8 1.8 1.8 1.8 1.8 1.8 1.8 1.8 1.8 1.8 1.8 1.8 
1.42198 1.42368 1.42385 1.42438 1.42556 1.42654 1.42789 1.42938 1.43072 1.43252 1.43414 1.43585 1.43746 1.43866 1.44008 1.4414 1.44349 1.44682 1.45064 1.45585 1.45823 1.8 1.8 1.8 1.8 1.8 1.8 1.8 1.8 1.8 1.8 1.8 1.8 1.8 1.8 1.8 1.8 1.8 1.8 1.8 1.8 
1.40984 1.41288 1.41436 1.41597 1.41787 1.42006 1.4225 1.42518 1.42786 1.43092 1.43439 1.43692 1.43996 1.44229 1.4451 1.44817 1.45293 1.45748 1.46248 1.4698 1.47315 1.8 1.8 1.8 1.8 1.8 1.8 1.8 1.8 1.8 1.8 1.8 1.8 1.8 1.8 1.8 1.8 1.8 1.8 1.8 1.8 
1.40215 1.40469 1.40213 1.40332 1.40484 1.40718 1.40965 1.41058 1.41513 1.41946 1.42245 1.42836 1.4312 1.43449 1.43783 1.44237 1.44625 1.44797 1.45772 1.50074 1.52724 1.8 1.8 1.8 1.8 1.8 1.8 1.8 1.8 1.8 1.8 1.8 1.8 1.8 1.8 1.8 1.8 1.8 1.8 1.8 1.8 
1.3811 1.39123 1.38368 1.38252 1.38553 1.38973 1.39471 1.40086 1.40864 1.41796 1.42351 1.43268 1.44019 1.44776 1.45815 1.47166 1.48782 1.51444 1.56291 1.61473 1.55214 1.8 1.8 1.8 1.8 1.8 1.8 1.8 1.8 1.8 1.8 1.8 1.8 1.8 1.8 1.8 1.8 1.8 1.8 1.8 1.8 
1.35623 1.36413 1.37575 1.37657 1.38119 1.38935 1.4 1.40617 1.42276 1.43428 1.44517 1.45878 1.47396 1.48701 1.50412 1.53096 1.54891 1.58599 1.59971 1.56495 1.56549 1.8 1.8 1.8 1.8 1.8 1.8 1.8 1.8 1.8 1.8 1.8 1.8 1.8 1.8 1.8 1.8 1.8 1.8 1.8 1.8 
1.34484 1.34983 1.37257 1.38549 1.39311 1.40137 1.41239 1.4247 1.43656 1.44854 1.46154 1.47533 1.49221 1.50379 1.52246 1.5565 1.6176 1.5857 1.54747 1.55052 1.57093 1.8 1.8 1.8 1.8 1.8 1.8 1.8 1.8 1.8 1.8 1.8 1.8 1.8 1.8 1.8 1.8 1.8 1.8 1.8 1.8 
1.34146 1.34147 1.36379 1.38489 1.39872 1.41338 1.42723 1.43827 1.44913 1.46151 1.47498 1.49124 1.51161 1.52884 1.55506 1.64748 1.58177 1.553 1.55521 1.55987 1.58151 1.8 1.8 1.8 1.8 1.8 1.8 1.8 1.8 1.8 1.8 1.8 1.8 1.8 1.8 1.8 1.8 1.8 1.8 1.8 1.8 
1.33675 1.33339 1.35562 1.37962 1.40512 1.42197 1.43519 1.45093 1.46297 1.47217 1.48937 1.50943 1.52852 1.56072 1.6327 1.60233 1.57837 1.58089 1.58537 1.59298 1.61233 1.8 1.8 1.8 1.8 1.8 1.8 1.8 1.8 1.8 1.8 1.8 1.8 1.8 1.8 1.8 1.8 1.8 1.8 1.8 1.8 
1.35926 1.34595 1.3771 1.39765 1.41577 1.43388 1.44595 1.4578 1.47709 1.48709 1.4953 1.509 1.547 1.59531 1.56004 1.54496 1.55248 1.56297 1.57234 1.57701 1.59802 1.8 1.8 1.8 1.8 1.8 1.8 1.8 1.8 1.8 1.8 1.8 1.8 1.8 1.8 1.8 1.8 1.8 1.8 1.8 1.8 
1.4042 1.40799 1.42547 1.44027 1.4553 1.47079 1.48694 1.50119 1.50763 1.51637 1.53019 1.55974 1.60666 1.5547 1.54435 1.5477 1.5503 1.55367 1.56482 1.59533 1.61396 1.8 1.8 1.8 1.8 1.8 1.8 1.8 1.8 1.8 1.8 1.8 1.8 1.8 1.8 1.8 1.8 1.8 1.8 1.8 1.8 
1.42389 1.42933 1.45453 1.46945 1.48244 1.49564 1.50816 1.52952 1.53476 1.54647 1.57253 1.60008 1.60537 1.58196 1.58489 1.59298 1.59921 1.61332 1.61972 1.60415 1.60769 1.8 1.8 1.8 1.8 1.8 1.8 1.8 1.8 1.8 1.8 1.8 1.8 1.8 1.8 1.8 1.8 1.8 1.8 1.8 1.8 
1.46322 1.48044 1.49402 1.50708 1.51931 1.53305 1.54659 1.56168 1.58218 1.60388 1.59063 1.58423 1.59043 1.60401 1.5994 1.59301 1.59648 1.58861 1.57759 1.57095 1.57977 1.8 1.8 1.8 1.8 1.8 1.8 1.8 1.8 1.8 1.8 1.8 1.8 1.8 1.8 1.8 1.8 1.8 1.8 1.8 1.8 
1.51348 1.54041 1.5452 1.55036 1.55684 1.56563 1.57698 1.58745 1.59253 1.5924 1.58233 1.57474 1.57449 1.578 1.59336 1.59812 1.57737 1.56874 1.56627 1.56244 1.56726 1.8 1.8 1.8 1.8 1.8 1.8 1.8 1.8 1.8 1.8 1.8 1.8 1.8 1.8 1.8 1.8 1.8 1.8 1.8 1.8 
1.54267 1.56295 1.56336 1.5783 1.58866 1.58711 1.58456 1.5849 1.58746 1.58732 1.58972 1.58956 1.58741 1.58572 1.5797 1.58151 1.59507 1.58812 1.57213 1.56414 1.56605 1.8 1.8 1.8 1.8 1.8 1.8 1.8 1.8 1.8 1.8 1.8 1.8 1.8 1.8 1.8 1.8 1.8 1.8 1.8 1.8 
1.58607 1.5985 1.61334 1.61162 1.60099 1.59342 1.58981 1.58663 1.58016 1.5754 1.57747 1.58472 1.57917 1.56739 1.56295 1.55947 1.55686 1.56694 1.5827 1.57095 1.56002 1.8 1.8 1.8 1.8 1.8 1.8 1.8 1.8 1.8 1.8 1.8 1.8 1.8 1.8 1.8 1.8 1.8 1.8 1.8 1.8 
1.62251 1.63472 1.62121 1.61282 1.60341 1.59943 1.59353 1.58243 1.57148 1.56586 1.56258 1.5585 1.55921 1.55341 1.54236 1.53678 1.53215 1.52522 1.52039 1.52893 1.53197 1.8 1.8 1.8 1.8 1.8 1.8 1.8 1.8 1.8 1.8 1.8 1.8 1.8 1.8 1.8 1.8 1.8 1.8 1.8 1.8 
1.64571 1.63376 1.62322 1.61337 1.60918 1.60298 1.59282 1.58357 1.57771 1.56972 1.55888 1.55082 1.5475 1.5524 1.54937 1.53628 1.52941 1.52432 1.51962 1.51427 1.51673 1.8 1.8 1.8 1.8 1.8 1.8 1.8 1.8 1.8 1.8 1.8 1.8 1.8 1.8 1.8 1.8 1.8 1.8 1.8 1.8 
1.64627 1.62749 1.61838 1.61681 1.61199 1.6027 1.5924 1.58396 1.57416 1.56521 1.5588 1.5498 1.54132 1.53657 1.54186 1.54249 1.52883 1.52296 1.5184 1.51346 1.51288 1.8 1.8 1.8 1.8 1.8 1.8 1.8 1.8 1.8 1.8 1.8 1.8 1.8 1.8 1.8 1.8 1.8 1.8 1.8 1.8 
1.61712 1.63016 1.62047 1.61061 1.60012 1.59115 1.5858 1.57961 1.57456 1.56923 1.56283 1.5563 1.54874 1.53999 1.53289 1.53773 1.54161 1.52513 1.51727 1.51101 1.51095 1.8 1.8 1.8 1.8 1.8 1.8 1.8 1.8 1.8 1.8 1.8 1.8 1.8 1.8 1.8 1.8 1.8 1.8 1.8 1.8 
1.60165 1.59847 1.59328 1.59009 1.58403 1.57674 1.57049 1.5667 1.56342 1.56036 1.558 1.55509 1.55114 1.54561 1.53768 1.52949 1.53441 1.54673 1.53241 1.52609 1.52313 1.8 1.8 1.8 1.8 1.8 1.8 1.8 1.8 1.8 1.8 1.8 1.8 1.8 1.8 1.8 1.8 1.8 1.8 1.8 1.8 
1.59011 1.59175 1.58701 1.57396 1.56541 1.56152 1.55928 1.55597 1.55337 1.5511 1.54842 1.54536 1.54283 1.54204 1.54132 1.5379 1.52906 1.52734 1.54431 1.53279 1.52553 1.8 1.8 1.8 1.8 1.8 1.8 1.8 1.8 1.8 1.8 1.8 1.8 1.8 1.8 1.8 1.8 1.8 1.8 1.8 1.8 
1.59379 1.59919 1.58079 1.57055 1.56391 1.55871 1.55389 1.55003 1.54618 1.54283 1.53926 1.53515 1.53119 1.52748 1.52486 1.52436 1.52411 1.52165 1.51726 1.53218 1.52384 1.8 1.8 1.8 1.8 1.8 1.8 1.8 1.8 1.8 1.8 1.8 1.8 1.8 1.8 1.8 1.8 1.8 1.8 1.8 1.8 
1.5699 1.56895 1.56075 1.55683 1.55398 1.55161 1.54935 1.54708 1.54479 1.54244 1.5403 1.53775 1.53507 1.53264 1.52992 1.52697 1.52413 1.52109 1.51835 1.51541 1.52124 1.8 1.8 1.8 1.8 1.8 1.8 1.8 1.8 1.8 1.8 1.8 1.8 1.8 1.8 1.8 1.8 1.8 1.8 1.8 1.8 
1.54727 1.54612 1.54341 1.54171 1.54019 1.53912 1.53806 1.53707 1.53605 1.53505 1.53415 1.53294 1.53188 1.53091 1.5299 1.52887 1.52787 1.5273 1.52652 1.52597 1.5249 1.8 1.8 1.8 1.8 1.8 1.8 1.8 1.8 1.8 1.8 1.8 1.8 1.8 1.8 1.8 1.8 1.8 1.8 1.8 1.8 
1.53686 1.53624 1.5343 1.53317 1.53229 1.53158 1.53095 1.53032 1.5296 1.52897 1.52828 1.52758 1.52682 1.52626 1.52563 1.52505 1.52425 1.52361 1.52313 1.52296 1.52241 1.8 1.8 1.8 1.8 1.8 1.8 1.8 1.8 1.8 1.8 1.8 1.8 1.8 1.8 1.8 1.8 1.8 1.8 1.8 1.8 
1.52788 1.52747 1.5264 1.52586 1.52551 1.52506 1.52473 1.52434 1.52392 1.52355 1.52314 1.52271 1.52231 1.52193 1.52156 1.52122 1.52083 1.52045 1.51976 1.5198 1.51968 1.8 1.8 1.8 1.8 1.8 1.8 1.8 1.8 1.8 1.8 1.8 1.8 1.8 1.8 1.8 1.8 1.8 1.8 1.8 1.8 
1.51959 1.51922 1.51917 1.51907 1.51902 1.51889 1.5188 1.51873 1.51857 1.51847 1.51833 1.51818 1.51805 1.51795 1.51786 1.51773 1.51757 1.51731 1.5171 1.51686 1.51691 1.8 1.8 1.8 1.8 1.8 1.8 1.8 1.8 1.8 1.8 1.8 1.8 1.8 1.8 1.8 1.8 1.8 1.8 1.8 1.8 
1.51311 1.51328 1.51332 1.51356 1.51354 1.51366 1.5136 1.51378 1.51371 1.51381 1.5138 1.51383 1.51387 1.51391 1.51397 1.51398 1.51402 1.51394 1.51398 1.51395 1.5138 1.8 1.8 1.8 1.8 1.8 1.8 1.8 1.8 1.8 1.8 1.8 1.8 1.8 1.8 1.8 1.8 1.8 1.8 1.8 1.8 
1.50848 1.50871 1.50882 1.50903 1.50906 1.50923 1.50921 1.50924 1.50939 1.50948 1.50956 1.50966 1.5097 1.5098 1.50989 1.50994 1.51004 1.51003 1.51015 1.51015 1.51024 1.8 1.8 1.8 1.8 1.8 1.8 1.8 1.8 1.8 1.8 1.8 1.8 1.8 1.8 1.8 1.8 1.8 1.8 1.8 1.8 
1.50453 1.50471 1.50491 1.50506 1.50514 1.5053 1.50533 1.5055 1.50556 1.50564 1.50574 1.50589 1.50596 1.50606 1.50615 1.50623 1.50636 1.5064 1.50655 1.50658 1.50682 1.8 1.8 1.8 1.8 1.8 1.8 1.8 1.8 1.8 1.8 1.8 1.8 1.8 1.8 1.8 1.8 1.8 1.8 1.8 1.8 
1.50113 1.50128 1.50148 1.50157 1.5017 1.50183 1.50192 1.50192 1.50216 1.50222 1.50235 1.50248 1.50258 1.50268 1.50278 1.50287 1.503 1.50311 1.50325 1.50333 1.5036 1.8 1.8 1.8 1.8 1.8 1.8 1.8 1.8 1.8 1.8 1.8 1.8 1.8 1.8 1.8 1.8 1.8 1.8 1.8 1.8 
1.49836 1.4984 1.49865 1.49866 1.49883 1.4989 1.49904 1.49911 1.49923 1.49928 1.49941 1.49951 1.49961 1.4997 1.49979 1.49988 1.49999 1.50012 1.50022 1.50034 1.50055 1.8 1.8 1.8 1.8 1.8 1.8 1.8 1.8 1.8 1.8 1.8 1.8 1.8 1.8 1.8 1.8 1.8 1.8 1.8 1.8 
1.49591 1.49566 1.49609 1.4961 1.49625 1.49627 1.49643 1.4964 1.49657 1.49663 1.49674 1.49682 1.49692 1.497 1.49707 1.49716 1.49723 1.49736 1.49745 1.49759 1.49773 1.8 1.8 1.8 1.8 1.8 1.8 1.8 1.8 1.8 1.8 1.8 1.8 1.8 1.8 1.8 1.8 1.8 1.8 1.8 1.8 
1.49416 1.49416 1.49427 1.4943 1.4944 1.49442 1.49454 1.49459 1.49462 1.49469 1.49475 1.4948 1.49488 1.49494 1.49499 1.49507 1.49511 1.4952 1.49526 1.49537 1.49542 1.8 1.8 1.8 1.8 1.8 1.8 1.8 1.8 1.8 1.8 1.8 1.8 1.8 1.8 1.8 1.8 1.8 1.8 1.8 1.8 
1.49265 1.49257 1.49276 1.49285 1.49291 1.49295 1.49302 1.493 1.4931 1.49319 1.49323 1.49329 1.49335 1.49341 1.49346 1.49353 1.49356 1.49363 1.49369 1.49379 1.49377 1.8 1.8 1.8 1.8 1.8 1.8 1.8 1.8 1.8 1.8 1.8 1.8 1.8 1.8 1.8 1.8 1.8 1.8 1.8 1.8 
1.49177 1.49193 1.49185 1.49194 1.49193 1.49197 1.49196 1.49203 1.492 1.49204 1.49205 1.49208 1.4921 1.49211 1.49214 1.49216 1.49217 1.49218 1.4922 1.49223 1.49219 1.8 1.8 1.8 1.8 1.8 1.8 1.8 1.8 1.8 1.8 1.8 1.8 1.8 1.8 1.8 1.8 1.8 1.8 1.8 1.8 
1.49123 1.4913 1.49116 1.49116 1.49109 1.49108 1.49102 1.49102 1.49096 1.49092 1.49089 1.49085 1.49081 1.49077 1.49074 1.4907 1.49067 1.49062 1.49057 1.49051 1.49045 1.8 1.8 1.8 1.8 1.8 1.8 1.8 1.8 1.8 1.8 1.8 1.8 1.8 1.8 1.8 1.8 1.8 1.8 1.8 1.8 
1.49192 1.49185 1.49175 1.49167 1.4916 1.49155 1.49148 1.49143 1.49136 1.49129 1.49123 1.49116 1.49109 1.49103 1.49097 1.49091 1.49085 1.49078 1.49071 1.49061 1.49055 1.8 1.8 1.8 1.8 1.8 1.8 1.8 1.8 1.8 1.8 1.8 1.8 1.8 1.8 1.8 1.8 1.8 1.8 1.8 1.8 
