51 41 1.5 0.33
0 2 4 6 8 10 12 14 16 18 20 22 24 26 28 30 32 34 36 38 40 42 44 46 48 50 52 54 56 58 60 62 64 66 68 70 72 74 76 78 80 82 84 86 88 90 92 94 96 98 100 
0 0 0 0 0 0 0 0 0 0 0 0 0 0 0 0 0 0 0 0 0 0 0 0 0 0 0 0 0 0 0 0 0 0 0 0 0 0 0 0 0 0 0 0 0 0 0 0 0 0 0 
0 0.1 0.2 0.3 0.4 0.5 0.6 0.7 0.8 0.9 1 1.1 1.2 1.3 1.4 1.5 1.6 1.7 1.8 1.9 2 2.1 2.2 2.3 2.4 2.5 2.6 2.7 2.8 2.9 3 3.1 3.2 3.3 3.4 3.5 3.6 3.7 3.8 3.9 4 
1.51317 1.51318 1.51331 1.51335 1.51345 1.51346 1.51357 1.51358 1.51366 1.51371 1.51379 1.51383 1.51393 1.51395 1.51404 1.51406 1.51417 1.51416 1.51431 1.5143 1.51455 1.8 1.8 1.8 1.8 1.8 1.8 1.8 1.8 1.8 1.8 1.8 1.8 1.8 1.8 1.8 1.8 1.8 1.8 1.8 1.8 
1.51144 1.51174 1.51159 1.51182 1.51172 1.51186 1.51181 1.51192 1.51186 1.51201 1.51195 1.51209 1.512 1.51217 1.51205 1.51225 1.51211 1.51231 1.51214 1.51243 1.51213 1.8 1.8 1.8 1.8 1.8 1.8 1.8 1.8 1.8 1.8 1.8 1.8 1.8 1.8 1.8 1.8 1.8 1.8 1.8 1.8 
1.50797 1.5079 1.50796 1.50784 1.50794 1.50782 1.5079 1.5078 1.50788 1.50774 1.50785 1.50772 1.50777 1.5077 1.50775 1.50766 1.50772 1.50762 1.50769 1.50757 1.50756 1.8 1.8 1.8 1.8 1.8 1.8 1.8 1.8 1.8 1.8 1.8 1.8 1.8 1.8 1.8 1.8 1.8 1.8 1.8 1.8 
1.50525 1.50551 1.50521 1.50533 1.5051 1.50523 1.50501 1.50513 1.505 1.50499 1.50487 1.50489 1.50473 1.50481 1.50463 1.50473 1.5045 1.50468 1.50438 1.50465 1.50411 1.8 1.8 1.8 1.8 1.8 1.8 1.8 1.8 1.8 1.8 1.8 1.8 1.8 1.8 1.8 1.8 1.8 1.8 1.8 1.8 
1.50136 1.50102 1.5011 1.50085 1.50084 1.50071 1.50065 1.50051 1.50051 1.50038 1.50025 1.50021 1.50014 1.49997 1.49998 1.4998 1.49981 1.49965 1.49963 1.49944 1.49942 1.8 1.8 1.8 1.8 1.8 1.8 1.8 1.8 1.8 1.8 1.8 1.8 1.8 1.8 1.8 1.8 1.8 1.8 1.8 1.8 
1.49689 1.4966 1.49645 1.49615 1.49605 1.4959 1.49577 1.49568 1.49549 1.49533 1.49517 1.495 1.49494 1.4947 1.49466 1.49442 1.49438 1.49415 1.49407 1.49372 1.49374 1.8 1.8 1.8 1.8 1.8 1.8 1.8 1.8 1.8 1.8 1.8 1.8 1.8 1.8 1.8 1.8 1.8 1.8 1.8 1.8 
1.49194 1.4915 1.49137 1.49115 1.49091 1.49078 1.49054 1.49039 1.49015 1.49002 1.48978 1.48958 1.48948 1.48923 1.48907 1.48886 1.4887 1.48845 1.48827 1.48786 1.48775 1.8 1.8 1.8 1.8 1.8 1.8 1.8 1.8 1.8 1.8 1.8 1.8 1.8 1.8 1.8 1.8 1.8 1.8 1.8 1.8 
1.48676 1.48629 1.48608 1.48589 1.4856 1.48541 1.48517 1.48504 1.48465 1.48449 1.48426 1.48395 1.48382 1.48354 1.48331 1.4831 1.48286 1.48241 1.48231 1.48179 1.48158 1.8 1.8 1.8 1.8 1.8 1.8 1.8 1.8 1.8 1.8 1.8 1.8 1.8 1.8 1.8 1.8 1.8 1.8 1.8 1.8 
1.48147 1.48109 1.48072 1.48054 1.48023 1.47996 1.47973 1.47949 1.47916 1.47891 1.47865 1.47829 1.47809 1.47779 1.47745 1.47725 1.47693 1.47634 1.47622 1.47535 1.4749 1.8 1.8 1.8 1.8 1.8 1.8 1.8 1.8 1.8 1.8 1.8 1.8 1.8 1.8 1.8 1.8 1.8 1.8 1.8 1.8 
1.47589 1.47582 1.47522 1.47504 1.47483 1.47451 1.47435 1.4742 1.47384 1.47358 1.4733 1.47304 1.47282 1.47254 1.47223 1.47205 1.47174 1.47143 1.471 1.47052 1.47021 1.8 1.8 1.8 1.8 1.8 1.8 1.8 1.8 1.8 1.8 1.8 1.8 1.8 1.8 1.8 1.8 1.8 1.8 1.8 1.8 
1.46998 1.46976 1.46958 1.46943 1.46938 1.46911 1.46907 1.46885 1.46873 1.46844 1.46836 1.46815 1.4678 1.46781 1.46759 1.46742 1.46719 1.467 1.46659 1.46623 1.46624 1.8 1.8 1.8 1.8 1.8 1.8 1.8 1.8 1.8 1.8 1.8 1.8 1.8 1.8 1.8 1.8 1.8 1.8 1.8 1.8 
1.4635 1.46405 1.46375 1.46371 1.46385 1.46377 1.46385 1.46387 1.4639 1.46378 1.46399 1.46391 1.46386 1.46393 1.46392 1.46384 1.46377 1.46409 1.46346 1.46427 1.46521 1.8 1.8 1.8 1.8 1.8 1.8 1.8 1.8 1.8 1.8 1.8 1.8 1.8 1.8 1.8 1.8 1.8 1.8 1.8 1.8 
1.45579 1.45643 1.45686 1.45728 1.45772 1.45811 1.45845 1.45883 1.45926 1.45972 1.46042 1.46088 1.46125 1.46162 1.46208 1.46233 1.46265 1.46317 1.46407 1.46732 1.4681 1.8 1.8 1.8 1.8 1.8 1.8 1.8 1.8 1.8 1.8 1.8 1.8 1.8 1.8 1.8 1.8 1.8 1.8 1.8 1.8 
1.44654 1.44815 1.44905 1.45018 1.45116 1.4523 1.45333 1.45453 1.45565 1.45707 1.45851 1.4598 1.46118 1.46204 1.46327 1.46442 1.4656 1.46754 1.47053 1.47484 1.4762 1.8 1.8 1.8 1.8 1.8 1.8 1.8 1.8 1.8 1.8 1.8 1.8 1.8 1.8 1.8 1.8 1.8 1.8 1.8 1.8 
1.43587 1.4383 1.44053 1.44254 1.44446 1.44651 1.44856 1.45072 1.45309 1.45564 1.45845 1.46074 1.46331 1.4652 1.46761 1.46989 1.47265 1.47731 1.48115 1.48742 1.48952 1.8 1.8 1.8 1.8 1.8 1.8 1.8 1.8 1.8 1.8 1.8 1.8 1.8 1.8 1.8 1.8 1.8 1.8 1.8 1.8 
1.42374 1.42475 1.42872 1.43198 1.43479 1.4377 1.44071 1.44231 1.44678 1.45064 1.45398 1.45899 1.46287 1.46568 1.46914 1.4726 1.47681 1.47984 1.48334 1.50714 1.52942 1.8 1.8 1.8 1.8 1.8 1.8 1.8 1.8 1.8 1.8 1.8 1.8 1.8 1.8 1.8 1.8 1.8 1.8 1.8 1.8 
1.40783 1.41139 1.4127 1.41673 1.42189 1.4267 1.4316 1.4365 1.44239 1.45018 1.4554 1.46319 1.46939 1.47392 1.47992 1.48649 1.49444 1.50945 1.5404 1.59935 1.55003 1.8 1.8 1.8 1.8 1.8 1.8 1.8 1.8 1.8 1.8 1.8 1.8 1.8 1.8 1.8 1.8 1.8 1.8 1.8 1.8 
1.39201 1.39225 1.40364 1.40716 1.41296 1.41964 1.42776 1.4329 1.44679 1.45612 1.46397 1.4741 1.48438 1.49218 1.50317 1.52098 1.53726 1.567 1.60473 1.5793 1.56881 1.8 1.8 1.8 1.8 1.8 1.8 1.8 1.8 1.8 1.8 1.8 1.8 1.8 1.8 1.8 1.8 1.8 1.8 1.8 1.8 
1.38319 1.38528 1.3991 1.40734 1.41437 1.4224 1.43126 1.44251 1.45276 1.46367 1.47518 1.48678 1.50137 1.51281 1.52871 1.54369 1.57175 1.62475 1.57947 1.58021 1.58863 1.8 1.8 1.8 1.8 1.8 1.8 1.8 1.8 1.8 1.8 1.8 1.8 1.8 1.8 1.8 1.8 1.8 1.8 1.8 1.8 
1.38113 1.38104 1.39577 1.41 1.41965 1.42945 1.44162 1.4525 1.46297 1.47445 1.48673 1.50036 1.51661 1.53155 1.54502 1.57671 1.63129 1.58578 1.58257 1.59412 1.60342 1.8 1.8 1.8 1.8 1.8 1.8 1.8 1.8 1.8 1.8 1.8 1.8 1.8 1.8 1.8 1.8 1.8 1.8 1.8 1.8 
1.39023 1.39006 1.40469 1.4188 1.43347 1.44618 1.45659 1.46847 1.47988 1.49131 1.50316 1.5161 1.52797 1.54097 1.57583 1.61912 1.58111 1.57681 1.58339 1.59094 1.60029 1.8 1.8 1.8 1.8 1.8 1.8 1.8 1.8 1.8 1.8 1.8 1.8 1.8 1.8 1.8 1.8 1.8 1.8 1.8 1.8 
1.41189 1.40617 1.42792 1.44327 1.45807 1.47162 1.48195 1.49235 1.50348 1.51398 1.52251 1.5323 1.54916 1.58978 1.59494 1.57091 1.56341 1.56292 1.56268 1.5598 1.56665 1.8 1.8 1.8 1.8 1.8 1.8 1.8 1.8 1.8 1.8 1.8 1.8 1.8 1.8 1.8 1.8 1.8 1.8 1.8 1.8 
1.43192 1.43934 1.45703 1.47179 1.48492 1.49701 1.5082 1.51973 1.53047 1.54015 1.54946 1.57284 1.61096 1.59692 1.58044 1.58646 1.59298 1.59342 1.59107 1.59158 1.59409 1.8 1.8 1.8 1.8 1.8 1.8 1.8 1.8 1.8 1.8 1.8 1.8 1.8 1.8 1.8 1.8 1.8 1.8 1.8 1.8 
1.45313 1.46249 1.48111 1.49462 1.50676 1.51649 1.5258 1.53884 1.54821 1.56313 1.5854 1.60385 1.59112 1.58555 1.59038 1.59684 1.60405 1.61998 1.6219 1.61843 1.61675 1.8 1.8 1.8 1.8 1.8 1.8 1.8 1.8 1.8 1.8 1.8 1.8 1.8 1.8 1.8 1.8 1.8 1.8 1.8 1.8 
1.48813 1.50713 1.51316 1.52214 1.52876 1.53791 1.55139 1.56598 1.58268 1.59101 1.5825 1.57784 1.58008 1.58622 1.59165 1.59715 1.60411 1.61265 1.6028 1.60007 1.60026 1.8 1.8 1.8 1.8 1.8 1.8 1.8 1.8 1.8 1.8 1.8 1.8 1.8 1.8 1.8 1.8 1.8 1.8 1.8 1.8 
1.5326 1.54559 1.54658 1.55226 1.56511 1.57833 1.58458 1.58207 1.57968 1.57926 1.57885 1.57765 1.57802 1.57995 1.58469 1.58764 1.5853 1.58926 1.58749 1.58276 1.58311 1.8 1.8 1.8 1.8 1.8 1.8 1.8 1.8 1.8 1.8 1.8 1.8 1.8 1.8 1.8 1.8 1.8 1.8 1.8 1.8 
1.5768 1.57286 1.59138 1.60445 1.59886 1.58603 1.57947 1.57915 1.57943 1.57818 1.5777 1.57632 1.57549 1.57371 1.5678 1.56227 1.56292 1.56738 1.57239 1.56832 1.56551 1.8 1.8 1.8 1.8 1.8 1.8 1.8 1.8 1.8 1.8 1.8 1.8 1.8 1.8 1.8 1.8 1.8 1.8 1.8 1.8 
1.61382 1.61322 1.62123 1.60649 1.60098 1.59585 1.59115 1.5858 1.57981 1.57459 1.5732 1.57445 1.56918 1.55976 1.5542 1.54937 1.54291 1.53768 1.53908 1.54745 1.54759 1.8 1.8 1.8 1.8 1.8 1.8 1.8 1.8 1.8 1.8 1.8 1.8 1.8 1.8 1.8 1.8 1.8 1.8 1.8 1.8 
1.63762 1.62287 1.61875 1.61576 1.60956 1.60554 1.60029 1.59172 1.58232 1.57565 1.57107 1.56545 1.56362 1.55907 1.55079 1.54451 1.53808 1.52996 1.51785 1.50478 1.51995 1.8 1.8 1.8 1.8 1.8 1.8 1.8 1.8 1.8 1.8 1.8 1.8 1.8 1.8 1.8 1.8 1.8 1.8 1.8 1.8 
1.63841 1.61637 1.62064 1.61423 1.61067 1.60542 1.59813 1.59054 1.58492 1.57754 1.56839 1.56133 1.55704 1.55778 1.5553 1.5472 1.54132 1.53632 1.53181 1.52553 1.52287 1.8 1.8 1.8 1.8 1.8 1.8 1.8 1.8 1.8 1.8 1.8 1.8 1.8 1.8 1.8 1.8 1.8 1.8 1.8 1.8 
1.63341 1.61429 1.61275 1.61037 1.60435 1.59693 1.58961 1.58414 1.57729 1.57026 1.56405 1.55566 1.54851 1.54348 1.54422 1.54475 1.53716 1.53246 1.52839 1.52426 1.52121 1.8 1.8 1.8 1.8 1.8 1.8 1.8 1.8 1.8 1.8 1.8 1.8 1.8 1.8 1.8 1.8 1.8 1.8 1.8 1.8 
1.62217 1.62103 1.60099 1.59752 1.59271 1.58618 1.58015 1.57341 1.56785 1.56305 1.55818 1.5527 1.54586 1.53817 1.5319 1.53288 1.53621 1.5286 1.52372 1.51964 1.51649 1.8 1.8 1.8 1.8 1.8 1.8 1.8 1.8 1.8 1.8 1.8 1.8 1.8 1.8 1.8 1.8 1.8 1.8 1.8 1.8 
1.61976 1.60363 1.59393 1.5889 1.5798 1.5728 1.56728 1.56333 1.5594 1.55552 1.55144 1.5466 1.54232 1.53756 1.53037 1.52177 1.52086 1.52774 1.52167 1.5165 1.51343 1.8 1.8 1.8 1.8 1.8 1.8 1.8 1.8 1.8 1.8 1.8 1.8 1.8 1.8 1.8 1.8 1.8 1.8 1.8 1.8 
1.60074 1.60051 1.58596 1.57577 1.56884 1.56361 1.55877 1.55456 1.55076 1.54693 1.54327 1.53912 1.53536 1.53189 1.52902 1.5244 1.51562 1.5091 1.51751 1.51552 1.51095 1.8 1.8 1.8 1.8 1.8 1.8 1.8 1.8 1.8 1.8 1.8 1.8 1.8 1.8 1.8 1.8 1.8 1.8 1.8 1.8 
1.58438 1.58282 1.56847 1.56218 1.55867 1.55546 1.55244 1.54896 1.54531 1.54174 1.53812 1.53412 1.53002 1.52649 1.52351 1.52087 1.51829 1.51261 1.50186 1.50468 1.50745 1.8 1.8 1.8 1.8 1.8 1.8 1.8 1.8 1.8 1.8 1.8 1.8 1.8 1.8 1.8 1.8 1.8 1.8 1.8 1.8 
1.56029 1.55607 1.54994 1.54739 1.54513 1.54309 1.54112 1.53921 1.5372 1.53493 1.53276 1.5304 1.52835 1.52627 1.52422 1.522 1.51987 1.51762 1.5148 1.50638 1.50518 1.8 1.8 1.8 1.8 1.8 1.8 1.8 1.8 1.8 1.8 1.8 1.8 1.8 1.8 1.8 1.8 1.8 1.8 1.8 1.8 
1.54222 1.54018 1.53758 1.53576 1.53435 1.53307 1.53186 1.53068 1.52943 1.52819 1.52692 1.52551 1.5243 1.52304 1.52187 1.52059 1.51929 1.51799 1.51656 1.51514 1.51359 1.8 1.8 1.8 1.8 1.8 1.8 1.8 1.8 1.8 1.8 1.8 1.8 1.8 1.8 1.8 1.8 1.8 1.8 1.8 1.8 
1.5306 1.52962 1.52803 1.52697 1.52622 1.52551 1.52476 1.52411 1.52325 1.52253 1.52172 1.52088 1.52015 1.51933 1.51872 1.51796 1.51713 1.5161 1.51516 1.51431 1.5131 1.8 1.8 1.8 1.8 1.8 1.8 1.8 1.8 1.8 1.8 1.8 1.8 1.8 1.8 1.8 1.8 1.8 1.8 1.8 1.8 
1.52116 1.52067 1.52004 1.51963 1.51929 1.51898 1.51863 1.51839 1.51794 1.51753 1.51711 1.51681 1.51625 1.51602 1.51569 1.51531 1.515 1.51463 1.51375 1.51328 1.51254 1.8 1.8 1.8 1.8 1.8 1.8 1.8 1.8 1.8 1.8 1.8 1.8 1.8 1.8 1.8 1.8 1.8 1.8 1.8 1.8 
1.51378 1.51358 1.51362 1.51351 1.5135 1.51338 1.51338 1.5131 1.51317 1.51305 1.5129 1.51286 1.5127 1.51266 1.51259 1.51243 1.51234 1.51224 1.51206 1.51179 1.51136 1.8 1.8 1.8 1.8 1.8 1.8 1.8 1.8 1.8 1.8 1.8 1.8 1.8 1.8 1.8 1.8 1.8 1.8 1.8 1.8 
1.50852 1.50864 1.50878 1.50884 1.50894 1.50892 1.50908 1.50906 1.50912 1.50913 1.50917 1.50925 1.50923 1.50932 1.50933 1.50937 1.50938 1.50946 1.50944 1.50958 1.50944 1.8 1.8 1.8 1.8 1.8 1.8 1.8 1.8 1.8 1.8 1.8 1.8 1.8 1.8 1.8 1.8 1.8 1.8 1.8 1.8 
1.50437 1.5048 1.50483 1.50501 1.50511 1.50516 1.50535 1.50534 1.50554 1.5056 1.5057 1.50583 1.50591 1.50603 1.50607 1.50622 1.50627 1.50641 1.50651 1.50669 1.5067 1.8 1.8 1.8 1.8 1.8 1.8 1.8 1.8 1.8 1.8 1.8 1.8 1.8 1.8 1.8 1.8 1.8 1.8 1.8 1.8 
1.50117 1.50164 1.50166 1.50187 1.50196 1.50207 1.50222 1.50233 1.50244 1.50253 1.50268 1.50278 1.50293 1.50306 1.50311 1.50329 1.50335 1.50346 1.50366 1.50377 1.50398 1.8 1.8 1.8 1.8 1.8 1.8 1.8 1.8 1.8 1.8 1.8 1.8 1.8 1.8 1.8 1.8 1.8 1.8 1.8 1.8 
1.49863 1.49904 1.49902 1.49923 1.49929 1.49943 1.49951 1.49961 1.49974 1.49986 1.50001 1.50011 1.50026 1.50036 1.50044 1.50063 1.5007 1.5008 1.50102 1.50106 1.50141 1.8 1.8 1.8 1.8 1.8 1.8 1.8 1.8 1.8 1.8 1.8 1.8 1.8 1.8 1.8 1.8 1.8 1.8 1.8 1.8 
1.49665 1.4969 1.49694 1.4971 1.49715 1.49731 1.49733 1.49751 1.49753 1.49766 1.49785 1.49785 1.498 1.49809 1.4982 1.49831 1.49842 1.49848 1.49869 1.4987 1.49909 1.8 1.8 1.8 1.8 1.8 1.8 1.8 1.8 1.8 1.8 1.8 1.8 1.8 1.8 1.8 1.8 1.8 1.8 1.8 1.8 
1.49503 1.49476 1.4952 1.49528 1.49535 1.49548 1.49548 1.49553 1.49567 1.49579 1.49588 1.49595 1.49608 1.49614 1.49625 1.49632 1.49643 1.49648 1.49664 1.49666 1.497 1.8 1.8 1.8 1.8 1.8 1.8 1.8 1.8 1.8 1.8 1.8 1.8 1.8 1.8 1.8 1.8 1.8 1.8 1.8 1.8 
1.49408 1.49404 1.49418 1.4942 1.49428 1.49436 1.49437 1.49449 1.49452 1.49461 1.49457 1.49473 1.49479 1.49483 1.49491 1.49493 1.49504 1.49508 1.49517 1.49523 1.49544 1.8 1.8 1.8 1.8 1.8 1.8 1.8 1.8 1.8 1.8 1.8 1.8 1.8 1.8 1.8 1.8 1.8 1.8 1.8 1.8 
1.49324 1.49302 1.49334 1.49334 1.49344 1.49348 1.49353 1.49352 1.49365 1.4937 1.49372 1.49383 1.49387 1.49391 1.49398 1.49399 1.49408 1.49414 1.49419 1.49429 1.49436 1.8 1.8 1.8 1.8 1.8 1.8 1.8 1.8 1.8 1.8 1.8 1.8 1.8 1.8 1.8 1.8 1.8 1.8 1.8 1.8 
1.49289 1.49291 1.49298 1.49298 1.49304 1.49304 1.49311 1.49312 1.49315 1.49315 1.49322 1.49323 1.49324 1.49327 1.49329 1.49331 1.49333 1.49338 1.49337 1.49347 1.49338 1.8 1.8 1.8 1.8 1.8 1.8 1.8 1.8 1.8 1.8 1.8 1.8 1.8 1.8 1.8 1.8 1.8 1.8 1.8 1.8 
1.49287 1.49296 1.49284 1.49283 1.4928 1.49276 1.49277 1.49274 1.4927 1.49266 1.49264 1.49261 1.49257 1.49255 1.49251 1.49249 1.49245 1.49244 1.49237 1.49238 1.49221 1.8 1.8 1.8 1.8 1.8 1.8 1.8 1.8 1.8 1.8 1.8 1.8 1.8 1.8 1.8 1.8 1.8 1.8 1.8 1.8 
1.49403 1.49403 1.49388 1.49383 1.49375 1.49368 1.49363 1.49357 1.4935 1.49343 1.49337 1.49329 1.49323 1.49317 1.4931 1.49305 1.49297 1.49291 1.49283 1.49274 1.49262 1.8 1.8 1.8 1.8 1.8 1.8 1.8 1.8 1.8 1.8 1.8 1.8 1.8 1.8 1.8 1.8 1.8 1.8 1.8 1.8 
