4
s 30 2 402
r 30 0.01 2 1.36436 0.01
r 30.2 0.01 2 1.37105 0.01
r 30.4 0.01 2 1.39128 0.01
r 30.6 0.01 2 1.42449 0.01
r 30.8 0.01 2 1.46978 0.01
r 31 0.01 2 1.52777 0.01
r 31.2 0.01 2 1.59216 0.01
r 31.4 0.01 2 1.6677 0.01
r 31.6 0.01 2 1.74935 0.01
r 31.8 0.01 2 1.83791 0.01
r 32 0.01 2 1.93267 0.01
r 32.2 0.01 2 2.03153 0.01
r 32.4 0.01 2 2.13458 0.01
r 32.6 0.01 2 2.24168 0.01
r 32.8 0.01 2 2.35155 0.01
r 33 0.01 2 2.46473 0.01
r 33.2 0.01 2 2.57928 0.01
r 33.4 0.01 2 2.6961 0.01
r 33.6 0.01 2 2.81475 0.01
r 33.8 0.01 2 2.93427 0.01
r 34 0.01 2 3.05429 0.01
r 34.2 0.01 2 3.17567 0.01
r 34.4 0.01 2 3.29726 0.01
r 34.6 0.01 2 3.41939 0.01
r 34.8 0.01 2 3.54164 0.01
r 35 0.01 2 3.6654 0.01
r 35.2 0.01 2 3.785 0.01
r 35.4 0.01 2 3.90544 0.01
r 35.6 0.01 2 4.02687 0.01
r 35.8 0.01 2 4.14704 0.01
r 36 0.01 2 4.26716 0.01
r 36.2 0.01 2 4.38912 0.01
r 36.4 0.01 2 4.51032 0.01
r 36.6 0.01 2 4.63273 0.01
r 36.8 0.01 2 4.76136 0.01
r 37 0.01 2 4.88022 0.01
r 37.2 0.01 2 4.99995 0.01
r 37.4 0.01 2 5.11916 0.01
r 37.6 0.01 2 5.24489 0.01
r 37.8 0.01 2 5.36298 0.01
r 38 0.01 2 5.4836 0.01
r 38.2 0.01 2 5.6064 0.01
r 38.4 0.01 2 5.72966 0.01
r 38.6 0.01 2 5.85506 0.01
r 38.8 0.01 2 5.97539 0.01
r 39 0.01 2 6.09556 0.01
r 39.2 0.01 2 6.21934 0.01
r 39.4 0.01 2 6.33655 0.01
r 39.6 0.01 2 6.45974 0.01
r 39.8 0.01 2 6.58165 0.01
r 40 0.01 2 6.7059 0.01
r 40.2 0.01 2 6.83138 0.01
r 40.4 0.01 2 6.95756 0.01
r 40.6 0.01 2 7.0793 0.01
r 40.8 0.01 2 7.19746 0.01
r 41 0.01 2 7.30595 0.01
r 41.2 0.01 2 7.42444 0.01
r 41.4 0.01 2 7.54663 0.01
r 41.6 0.01 2 7.66911 0.01
r 41.8 0.01 2 7.79063 0.01
r 42 0.01 2 7.91609 0.01
r 42.2 0.01 2 8.03417 0.01
r 42.4 0.01 2 8.15576 0.01
r 42.6 0.01 2 8.27971 0.01
r 42.8 0.01 2 8.41617 0.01
r 43 0.01 2 8.51574 0.01
r 43.2 0.01 2 8.63972 0.01
r 43.4 0.01 2 8.76096 0.01
r 43.6 0.01 2 8.8941 0.01
r 43.8 0.01 2 9.01654 0.01
r 44 0.01 2 9.13611 0.01
r 44.2 0.01 2 9.26263 0.01
r 44.4 0.01 2 9.37774 0.01
r 44.6 0.01 2 9.50292 0.01
r 44.8 0.01 2 9.62903 0.01
r 45 0.01 2 9.70102 0.01
r 45.2 0.01 2 9.82488 0.01
r 45.4 0.01 2 9.9437 0.01
r 45.6 0.01 2 10.068 0.01
r 45.8 0.01 2 10.1906 0.01
r 46 0.01 2 10.3046 0.01
r 46.2 0.01 2 10.4288 0.01
r 46.4 0.01 2 10.5557 0.01
r 46.6 0.01 2 10.669 0.01
r 46.8 0.01 2 10.7918 0.01
r 47 0.01 2 10.9037 0.01
r 47.2 0.01 2 11.0256 0.01
r 47.4 0.01 2 11.1474 0.01
r 47.6 0.01 2 11.2732 0.01
r 47.8 0.01 2 11.3839 0.01
r 48 0.01 2 11.5132 0.01
r 48.2 0.01 2 11.6335 0.01
r 48.4 0.01 2 11.7485 0.01
r 48.6 0.01 2 11.8688 0.01
r 48.8 0.01 2 11.9899 0.01
r 49 0.01 2 12.1099 0.01
r 49.2 0.01 2 12.228 0.01
r 49.4 0.01 2 12.3469 0.01
r 49.6 0.01 2 12.4693 0.01
r 49.8 0.01 2 12.5854 0.01
r 50 0.01 2 12.7082 0.01
r 50.2 0.01 2 12.8278 0.01
r 50.4 0.01 2 12.9513 0.01
r 50.6 0.01 2 13.0704 0.01
r 50.8 0.01 2 13.1934 0.01
r 51 0.01 2 13.3093 0.01
r 51.2 0.01 2 13.4312 0.01
r 51.4 0.01 2 13.5535 0.01
r 51.6 0.01 2 13.6738 0.01
r 51.8 0.01 2 13.7999 0.01
r 52 0.01 2 13.9144 0.01
r 52.2 0.01 2 14.0358 0.01
r 52.4 0.01 2 14.1588 0.01
r 52.6 0.01 2 14.2789 0.01
r 52.8 0.01 2 14.4041 0.01
r 53 0.01 2 14.5204 0.01
r 53.2 0.01 2 14.641 0.01
r 53.4 0.01 2 14.7629 0.01
r 53.6 0.01 2 14.8838 0.01
r 53.8 0.01 2 15.0056 0.01
r 54 0.01 2 15.1274 0.01
r 54.2 0.01 2 15.2497 0.01
r 54.4 0.01 2 15.3728 0.01
r 54.6 0.01 2 15.4954 0.01
r 54.8 0.01 2 15.6172 0.01
r 55 0.01 2 15.7394 0.01
r 55.2 0.01 2 15.8615 0.01
r 55.4 0.01 2 15.9821 0.01
r 55.6 0.01 2 16.1029 0.01
r 55.8 0.01 2 16.2246 0.01
r 56 0.01 2 16.3452 0.01
r 56.2 0.01 2 16.4676 0.01
r 56.4 0.01 2 16.5895 0.01
r 56.6 0.01 2 16.7107 0.01
r 56.8 0.01 2 16.8339 0.01
r 57 0.01 2 16.9618 0.01
r 57.2 0.01 2 17.0836 0.01
r 57.4 0.01 2 17.2035 0.01
r 57.6 0.01 2 17.3253 0.01
r 57.8 0.01 2 17.4467 0.01
r 58 0.01 2 17.5687 0.01
r 58.2 0.01 2 17.6917 0.01
r 58.4 0.01 2 17.814 0.01
r 58.6 0.01 2 17.9357 0.01
r 58.8 0.01 2 18.058 0.01
r 59 0.01 2 18.1805 0.01
r 59.2 0.01 2 18.3033 0.01
r 59.4 0.01 2 18.4264 0.01
r 59.6 0.01 2 18.5489 0.01
r 59.8 0.01 2 18.6718 0.01
r 60 0.01 2 18.7949 0.01
r 60.2 0.01 2 18.9179 0.01
r 60.4 0.01 2 19.0422 0.01
r 60.6 0.01 2 19.1644 0.01
r 60.8 0.01 2 19.2881 0.01
r 61 0.01 2 19.4182 0.01
r 61.2 0.01 2 19.5414 0.01
r 61.4 0.01 2 19.6634 0.01
r 61.6 0.01 2 19.7859 0.01
r 61.8 0.01 2 19.9089 0.01
r 62 0.01 2 20.0305 0.01
r 62.2 0.01 2 20.1533 0.01
r 62.4 0.01 2 20.2757 0.01
r 62.6 0.01 2 20.3974 0.01
r 62.8 0.01 2 20.5214 0.01
r 63 0.01 2 20.6424 0.01
r 63.2 0.01 2 20.7651 0.01
r 63.4 0.01 2 20.8873 0.01
r 63.6 0.01 2 21.0104 0.01
r 63.8 0.01 2 21.1339 0.01
r 64 0.01 2 21.2561 0.01
r 64.2 0.01 2 21.3801 0.01
r 64.4 0.01 2 21.5023 0.01
r 64.6 0.01 2 21.6257 0.01
r 64.8 0.01 2 21.7505 0.01
r 65 0.01 2 21.8735 0.01
r 65.2 0.01 2 21.9971 0.01
r 65.4 0.01 2 22.1211 0.01
r 65.6 0.01 2 22.2451 0.01
r 65.8 0.01 2 22.3696 0.01
r 66 0.01 2 22.494 0.01
r 66.2 0.01 2 22.6184 0.01
r 66.4 0.01 2 22.7433 0.01
r 66.6 0.01 2 22.8681 0.01
r 66.8 0.01 2 22.9936 0.01
r 67 0.01 2 23.1173 0.01
r 67.2 0.01 2 23.244 0.01
r 67.4 0.01 2 23.368 0.01
r 67.6 0.01 2 23.4935 0.01
r 67.8 0.01 2 23.6195 0.01
r 68 0.01 2 23.7455 0.01
r 68.2 0.01 2 23.8718 0.01
r 68.4 0.01 2 23.9985 0.01
r 68.6 0.01 2 24.1256 0.01
r 68.8 0.01 2 24.2531 0.01
r 69 0.01 2 24.3808 0.01
r 69.2 0.01 2 24.509 0.01
r 69.4 0.01 2 24.6377 0.01
r 69.6 0.01 2 24.7664 0.01
r 69.8 0.01 2 24.8955 0.01
r 70 0.01 2 25.0251 0.01
r 30 0.01 3 4.10674 0.01
r 30.2 0.01 3 4.10746 0.01
r 30.4 0.01 3 4.11252 0.01
r 30.6 0.01 3 4.12231 0.01
r 30.8 0.01 3 4.13664 0.01
r 31 0.01 3 4.15771 0.01
r 31.2 0.01 3 4.18089 0.01
r 31.4 0.01 3 4.20748 0.01
r 31.6 0.01 3 4.23858 0.01
r 31.8 0.01 3 4.27459 0.01
r 32 0.01 3 4.31358 0.01
r 32.2 0.01 3 4.35763 0.01
r 32.4 0.01 3 4.40512 0.01
r 32.6 0.01 3 4.4563 0.01
r 32.8 0.01 3 4.51322 0.01
r 33 0.01 3 4.58315 0.01
r 33.2 0.01 3 4.63923 0.01
r 33.4 0.01 3 4.71048 0.01
r 33.6 0.01 3 4.78166 0.01
r 33.8 0.01 3 4.85149 0.01
r 34 0.01 3 4.9194 0.01
r 34.2 0.01 3 4.99005 0.01
r 34.4 0.01 3 5.06814 0.01
r 34.6 0.01 3 5.14692 0.01
r 34.8 0.01 3 5.22902 0.01
r 35 0.01 3 5.31762 0.01
r 35.2 0.01 3 5.40563 0.01
r 35.4 0.01 3 5.49999 0.01
r 35.6 0.01 3 5.58457 0.01
r 35.8 0.01 3 5.68009 0.01
r 36 0.01 3 5.77203 0.01
r 36.2 0.01 3 5.86732 0.01
r 36.4 0.01 3 5.96457 0.01
r 36.6 0.01 3 6.06316 0.01
r 36.8 0.01 3 6.16401 0.01
r 37 0.01 3 6.26412 0.01
r 37.2 0.01 3 6.36527 0.01
r 37.4 0.01 3 6.46987 0.01
r 37.6 0.01 3 6.57328 0.01
r 37.8 0.01 3 6.6818 0.01
r 38 0.01 3 6.78889 0.01
r 38.2 0.01 3 6.90651 0.01
r 38.4 0.01 3 7.01513 0.01
r 38.6 0.01 3 7.12449 0.01
r 38.8 0.01 3 7.22876 0.01
r 39 0.01 3 7.34436 0.01
r 39.2 0.01 3 7.45592 0.01
r 39.4 0.01 3 7.57099 0.01
r 39.6 0.01 3 7.68487 0.01
r 39.8 0.01 3 7.81407 0.01
r 40 0.01 3 7.92306 0.01
r 40.2 0.01 3 8.03355 0.01
r 40.4 0.01 3 8.14677 0.01
r 40.6 0.01 3 8.28728 0.01
r 40.8 0.01 3 8.40306 0.01
r 41 0.01 3 8.46042 0.01
r 41.2 0.01 3 8.58005 0.01
r 41.4 0.01 3 8.69214 0.01
r 41.6 0.01 3 8.80715 0.01
r 41.8 0.01 3 8.92267 0.01
r 42 0.01 3 9.0387 0.01
r 42.2 0.01 3 9.15548 0.01
r 42.4 0.01 3 9.27246 0.01
r 42.6 0.01 3 9.38985 0.01
r 42.8 0.01 3 9.50784 0.01
r 43 0.01 3 9.62602 0.01
r 43.2 0.01 3 9.74652 0.01
r 43.4 0.01 3 9.86323 0.01
r 43.6 0.01 3 9.98593 0.01
r 43.8 0.01 3 10.1063 0.01
r 44 0.01 3 10.2266 0.01
r 44.2 0.01 3 10.3468 0.01
r 44.4 0.01 3 10.467 0.01
r 44.6 0.01 3 10.5869 0.01
r 44.8 0.01 3 10.7062 0.01
r 45 0.01 3 10.8143 0.01
r 45.2 0.01 3 10.9349 0.01
r 45.4 0.01 3 11.0529 0.01
r 45.6 0.01 3 11.1729 0.01
r 45.8 0.01 3 11.2935 0.01
r 46 0.01 3 11.4132 0.01
r 46.2 0.01 3 11.5328 0.01
r 46.4 0.01 3 11.6526 0.01
r 46.6 0.01 3 11.7734 0.01
r 46.8 0.01 3 11.894 0.01
r 47 0.01 3 11.9795 0.01
r 47.2 0.01 3 12.097 0.01
r 47.4 0.01 3 12.2145 0.01
r 47.6 0.01 3 12.3248 0.01
r 47.8 0.01 3 12.4362 0.01
r 48 0.01 3 12.5488 0.01
r 48.2 0.01 3 12.6617 0.01
r 48.4 0.01 3 12.7822 0.01
r 48.6 0.01 3 12.8916 0.01
r 48.8 0.01 3 13.0086 0.01
r 49 0.01 3 13.1238 0.01
r 49.2 0.01 3 13.2408 0.01
r 49.4 0.01 3 13.3559 0.01
r 49.6 0.01 3 13.4766 0.01
r 49.8 0.01 3 13.5892 0.01
r 50 0.01 3 13.707 0.01
r 50.2 0.01 3 13.8246 0.01
r 50.4 0.01 3 13.9421 0.01
r 50.6 0.01 3 14.0608 0.01
r 50.8 0.01 3 14.1785 0.01
r 51 0.01 3 14.2984 0.01
r 51.2 0.01 3 14.4153 0.01
r 51.4 0.01 3 14.534 0.01
r 51.6 0.01 3 14.6563 0.01
r 51.8 0.01 3 14.7716 0.01
r 52 0.01 3 14.8918 0.01
r 52.2 0.01 3 15.0102 0.01
r 52.4 0.01 3 15.1314 0.01
r 52.6 0.01 3 15.2496 0.01
r 52.8 0.01 3 15.3697 0.01
r 53 0.01 3 15.4874 0.01
r 53.2 0.01 3 15.6073 0.01
r 53.4 0.01 3 15.7299 0.01
r 53.6 0.01 3 15.8482 0.01
r 53.8 0.01 3 15.9693 0.01
r 54 0.01 3 16.0894 0.01
r 54.2 0.01 3 16.2134 0.01
r 54.4 0.01 3 16.3318 0.01
r 54.6 0.01 3 16.4532 0.01
r 54.8 0.01 3 16.5736 0.01
r 55 0.01 3 16.7291 0.01
r 55.2 0.01 3 16.8488 0.01
r 55.4 0.01 3 16.9697 0.01
r 55.6 0.01 3 17.0904 0.01
r 55.8 0.01 3 17.2116 0.01
r 56 0.01 3 17.3329 0.01
r 56.2 0.01 3 17.4548 0.01
r 56.4 0.01 3 17.5763 0.01
r 56.6 0.01 3 17.6985 0.01
r 56.8 0.01 3 17.8207 0.01
r 57 0.01 3 17.9204 0.01
r 57.2 0.01 3 18.0417 0.01
r 57.4 0.01 3 18.1637 0.01
r 57.6 0.01 3 18.2861 0.01
r 57.8 0.01 3 18.4078 0.01
r 58 0.01 3 18.5288 0.01
r 58.2 0.01 3 18.6435 0.01
r 58.4 0.01 3 18.7736 0.01
r 58.6 0.01 3 18.8969 0.01
r 58.8 0.01 3 19.0187 0.01
r 59 0.01 3 19.1158 0.01
r 59.2 0.01 3 19.2464 0.01
r 59.4 0.01 3 19.3544 0.01
r 59.6 0.01 3 19.4836 0.01
r 59.8 0.01 3 19.6012 0.01
r 60 0.01 3 19.7244 0.01
r 60.2 0.01 3 19.8532 0.01
r 60.4 0.01 3 19.973 0.01
r 60.6 0.01 3 20.0997 0.01
r 60.8 0.01 3 20.217 0.01
r 61 0.01 3 20.3674 0.01
r 61.2 0.01 3 20.4934 0.01
r 61.4 0.01 3 20.6153 0.01
r 61.6 0.01 3 20.7419 0.01
r 61.8 0.01 3 20.8589 0.01
r 62 0.01 3 20.9845 0.01
r 62.2 0.01 3 21.1037 0.01
r 62.4 0.01 3 21.2297 0.01
r 62.6 0.01 3 21.3567 0.01
r 62.8 0.01 3 21.4724 0.01
r 63 0.01 3 21.5771 0.01
r 63.2 0.01 3 21.723 0.01
r 63.4 0.01 3 21.8495 0.01
r 63.6 0.01 3 21.9323 0.01
r 63.8 0.01 3 22.0952 0.01
r 64 0.01 3 22.2158 0.01
r 64.2 0.01 3 22.3259 0.01
r 64.4 0.01 3 22.4594 0.01
r 64.6 0.01 3 22.5692 0.01
r 64.8 0.01 3 22.6972 0.01
r 65 0.01 3 22.7329 0.01
r 65.2 0.01 3 22.8555 0.01
r 65.4 0.01 3 22.9784 0.01
r 65.6 0.01 3 23.1087 0.01
r 65.8 0.01 3 23.2295 0.01
r 66 0.01 3 23.3513 0.01
r 66.2 0.01 3 23.4773 0.01
r 66.4 0.01 3 23.603 0.01
r 66.6 0.01 3 23.7289 0.01
r 66.8 0.01 3 23.8478 0.01
r 67 0.01 3 23.9524 0.01
r 67.2 0.01 3 24.0803 0.01
r 67.4 0.01 3 24.2122 0.01
r 67.6 0.01 3 24.333 0.01
r 67.8 0.01 3 24.4622 0.01
r 68 0.01 3 24.587 0.01
r 68.2 0.01 3 24.7133 0.01
r 68.4 0.01 3 24.8412 0.01
r 68.6 0.01 3 24.9705 0.01
r 68.8 0.01 3 25.0983 0.01
r 69 0.01 3 25.2041 0.01
r 69.2 0.01 3 25.3286 0.01
r 69.4 0.01 3 25.4551 0.01
r 69.6 0.01 3 25.5916 0.01
r 69.8 0.01 3 25.7336 0.01
r 70 0.01 3 25.8479 0.01
s 43.3 2 402
r 30 0.01 2 8.88608 0.01
r 30.2 0.01 2 8.75227 0.01
r 30.4 0.01 2 8.61704 0.01
r 30.6 0.01 2 8.48373 0.01
r 30.8 0.01 2 8.35071 0.01
r 31 0.01 2 8.22831 0.01
r 31.2 0.01 2 8.10077 0.01
r 31.4 0.01 2 7.98512 0.01
r 31.6 0.01 2 7.83941 0.01
r 31.8 0.01 2 7.70286 0.01
r 32 0.01 2 7.58426 0.01
r 32.2 0.01 2 7.45167 0.01
r 32.4 0.01 2 7.32966 0.01
r 32.6 0.01 2 7.21627 0.01
r 32.8 0.01 2 7.08349 0.01
r 33 0.01 2 6.93737 0.01
r 33.2 0.01 2 6.80541 0.01
r 33.4 0.01 2 6.67597 0.01
r 33.6 0.01 2 6.55018 0.01
r 33.8 0.01 2 6.42325 0.01
r 34 0.01 2 6.29897 0.01
r 34.2 0.01 2 6.17178 0.01
r 34.4 0.01 2 6.04312 0.01
r 34.6 0.01 2 5.91435 0.01
r 34.8 0.01 2 5.78286 0.01
r 35 0.01 2 5.65676 0.01
r 35.2 0.01 2 5.52835 0.01
r 35.4 0.01 2 5.40426 0.01
r 35.6 0.01 2 5.27546 0.01
r 35.8 0.01 2 5.14441 0.01
r 36 0.01 2 5.02015 0.01
r 36.2 0.01 2 4.89244 0.01
r 36.4 0.01 2 4.76654 0.01
r 36.6 0.01 2 4.64181 0.01
r 36.8 0.01 2 4.51669 0.01
r 37 0.01 2 4.39369 0.01
r 37.2 0.01 2 4.26827 0.01
r 37.4 0.01 2 4.14235 0.01
r 37.6 0.01 2 4.01658 0.01
r 37.8 0.01 2 3.89144 0.01
r 38 0.01 2 3.76666 0.01
r 38.2 0.01 2 3.64218 0.01
r 38.4 0.01 2 3.51852 0.01
r 38.6 0.01 2 3.39544 0.01
r 38.8 0.01 2 3.27286 0.01
r 39 0.01 2 3.15094 0.01
r 39.2 0.01 2 3.02994 0.01
r 39.4 0.01 2 2.91014 0.01
r 39.6 0.01 2 2.79166 0.01
r 39.8 0.01 2 2.67457 0.01
r 40 0.01 2 2.55901 0.01
r 40.2 0.01 2 2.4463 0.01
r 40.4 0.01 2 2.33544 0.01
r 40.6 0.01 2 2.22637 0.01
r 40.8 0.01 2 2.11933 0.01
r 41 0.01 2 2.01623 0.01
r 41.2 0.01 2 1.91699 0.01
r 41.4 0.01 2 1.82191 0.01
r 41.6 0.01 2 1.73218 0.01
r 41.8 0.01 2 1.64834 0.01
r 42 0.01 2 1.57141 0.01
r 42.2 0.01 2 1.50211 0.01
r 42.4 0.01 2 1.44179 0.01
r 42.6 0.01 2 1.39409 0.01
r 42.8 0.01 2 1.35327 0.01
r 43 0.01 2 1.32588 0.01
r 43.2 0.01 2 1.31215 0.01
r 43.4 0.01 2 1.31112 0.01
r 43.6 0.01 2 1.32271 0.01
r 43.8 0.01 2 1.34727 0.01
r 44 0.01 2 1.38406 0.01
r 44.2 0.01 2 1.43173 0.01
r 44.4 0.01 2 1.48939 0.01
r 44.6 0.01 2 1.55595 0.01
r 44.8 0.01 2 1.6298 0.01
r 45 0.01 2 1.71058 0.01
r 45.2 0.01 2 1.79677 0.01
r 45.4 0.01 2 1.88846 0.01
r 45.6 0.01 2 1.98444 0.01
r 45.8 0.01 2 2.08164 0.01
r 46 0.01 2 2.18354 0.01
r 46.2 0.01 2 2.28713 0.01
r 46.4 0.01 2 2.39334 0.01
r 46.6 0.01 2 2.501 0.01
r 46.8 0.01 2 2.61047 0.01
r 47 0.01 2 2.72126 0.01
r 47.2 0.01 2 2.83286 0.01
r 47.4 0.01 2 2.9453 0.01
r 47.6 0.01 2 3.0583 0.01
r 47.8 0.01 2 3.17203 0.01
r 48 0.01 2 3.28616 0.01
r 48.2 0.01 2 3.401 0.01
r 48.4 0.01 2 3.51655 0.01
r 48.6 0.01 2 3.63268 0.01
r 48.8 0.01 2 3.74943 0.01
r 49 0.01 2 3.86638 0.01
r 49.2 0.01 2 3.98328 0.01
r 49.4 0.01 2 4.10017 0.01
r 49.6 0.01 2 4.21739 0.01
r 49.8 0.01 2 4.3347 0.01
r 50 0.01 2 4.45183 0.01
r 50.2 0.01 2 4.56911 0.01
r 50.4 0.01 2 4.68654 0.01
r 50.6 0.01 2 4.80443 0.01
r 50.8 0.01 2 4.92274 0.01
r 51 0.01 2 5.04084 0.01
r 51.2 0.01 2 5.1599 0.01
r 51.4 0.01 2 5.27831 0.01
r 51.6 0.01 2 5.39695 0.01
r 51.8 0.01 2 5.5158 0.01
r 52 0.01 2 5.6351 0.01
r 52.2 0.01 2 5.75462 0.01
r 52.4 0.01 2 5.87438 0.01
r 52.6 0.01 2 5.99343 0.01
r 52.8 0.01 2 6.11294 0.01
r 53 0.01 2 6.23279 0.01
r 53.2 0.01 2 6.35288 0.01
r 53.4 0.01 2 6.47318 0.01
r 53.6 0.01 2 6.59345 0.01
r 53.8 0.01 2 6.71382 0.01
r 54 0.01 2 6.83461 0.01
r 54.2 0.01 2 6.95515 0.01
r 54.4 0.01 2 7.07578 0.01
r 54.6 0.01 2 7.19682 0.01
r 54.8 0.01 2 7.3176 0.01
r 55 0.01 2 7.43873 0.01
r 55.2 0.01 2 7.55966 0.01
r 55.4 0.01 2 7.68068 0.01
r 55.6 0.01 2 7.80181 0.01
r 55.8 0.01 2 7.92318 0.01
r 56 0.01 2 8.04452 0.01
r 56.2 0.01 2 8.16609 0.01
r 56.4 0.01 2 8.28782 0.01
r 56.6 0.01 2 8.40993 0.01
r 56.8 0.01 2 8.53188 0.01
r 57 0.01 2 8.65303 0.01
r 57.2 0.01 2 8.77525 0.01
r 57.4 0.01 2 8.89764 0.01
r 57.6 0.01 2 9.01945 0.01
r 57.8 0.01 2 9.14143 0.01
r 58 0.01 2 9.26355 0.01
r 58.2 0.01 2 9.38579 0.01
r 58.4 0.01 2 9.50806 0.01
r 58.6 0.01 2 9.63062 0.01
r 58.8 0.01 2 9.75321 0.01
r 59 0.01 2 9.87589 0.01
r 59.2 0.01 2 9.99861 0.01
r 59.4 0.01 2 10.1213 0.01
r 59.6 0.01 2 10.2442 0.01
r 59.8 0.01 2 10.3672 0.01
r 60 0.01 2 10.4901 0.01
r 60.2 0.01 2 10.6132 0.01
r 60.4 0.01 2 10.7363 0.01
r 60.6 0.01 2 10.8594 0.01
r 60.8 0.01 2 10.9827 0.01
r 61 0.01 2 11.1107 0.01
r 61.2 0.01 2 11.2339 0.01
r 61.4 0.01 2 11.3571 0.01
r 61.6 0.01 2 11.4793 0.01
r 61.8 0.01 2 11.6018 0.01
r 62 0.01 2 11.7242 0.01
r 62.2 0.01 2 11.8466 0.01
r 62.4 0.01 2 11.969 0.01
r 62.6 0.01 2 12.0914 0.01
r 62.8 0.01 2 12.2138 0.01
r 63 0.01 2 12.3361 0.01
r 63.2 0.01 2 12.4585 0.01
r 63.4 0.01 2 12.581 0.01
r 63.6 0.01 2 12.7039 0.01
r 63.8 0.01 2 12.8268 0.01
r 64 0.01 2 12.9498 0.01
r 64.2 0.01 2 13.073 0.01
r 64.4 0.01 2 13.1965 0.01
r 64.6 0.01 2 13.3199 0.01
r 64.8 0.01 2 13.4435 0.01
r 65 0.01 2 13.5671 0.01
r 65.2 0.01 2 13.6909 0.01
r 65.4 0.01 2 13.8153 0.01
r 65.6 0.01 2 13.9392 0.01
r 65.8 0.01 2 14.0635 0.01
r 66 0.01 2 14.1878 0.01
r 66.2 0.01 2 14.3123 0.01
r 66.4 0.01 2 14.437 0.01
r 66.6 0.01 2 14.5616 0.01
r 66.8 0.01 2 14.6865 0.01
r 67 0.01 2 14.8115 0.01
r 67.2 0.01 2 14.9381 0.01
r 67.4 0.01 2 15.0619 0.01
r 67.6 0.01 2 15.1878 0.01
r 67.8 0.01 2 15.3134 0.01
r 68 0.01 2 15.4394 0.01
r 68.2 0.01 2 15.5657 0.01
r 68.4 0.01 2 15.6924 0.01
r 68.6 0.01 2 15.8194 0.01
r 68.8 0.01 2 15.9481 0.01
r 69 0.01 2 16.0747 0.01
r 69.2 0.01 2 16.2029 0.01
r 69.4 0.01 2 16.3315 0.01
r 69.6 0.01 2 16.4602 0.01
r 69.8 0.01 2 16.5895 0.01
r 70 0.01 2 16.719 0.01
r 30 0.01 3 9.82423 0.01
r 30.2 0.01 3 9.6989 0.01
r 30.4 0.01 3 9.57723 0.01
r 30.6 0.01 3 9.4517 0.01
r 30.8 0.01 3 9.32631 0.01
r 31 0.01 3 9.20085 0.01
r 31.2 0.01 3 9.07584 0.01
r 31.4 0.01 3 8.95185 0.01
r 31.6 0.01 3 8.82803 0.01
r 31.8 0.01 3 8.70615 0.01
r 32 0.01 3 8.58388 0.01
r 32.2 0.01 3 8.46335 0.01
r 32.4 0.01 3 8.34379 0.01
r 32.6 0.01 3 8.2211 0.01
r 32.8 0.01 3 8.10326 0.01
r 33 0.01 3 8.0854 0.01
r 33.2 0.01 3 7.95015 0.01
r 33.4 0.01 3 7.81719 0.01
r 33.6 0.01 3 7.6995 0.01
r 33.8 0.01 3 7.60282 0.01
r 34 0.01 3 7.50015 0.01
r 34.2 0.01 3 7.35482 0.01
r 34.4 0.01 3 7.24799 0.01
r 34.6 0.01 3 7.129 0.01
r 34.8 0.01 3 7.01699 0.01
r 35 0.01 3 6.86342 0.01
r 35.2 0.01 3 6.76376 0.01
r 35.4 0.01 3 6.64854 0.01
r 35.6 0.01 3 6.53368 0.01
r 35.8 0.01 3 6.46675 0.01
r 36 0.01 3 6.3176 0.01
r 36.2 0.01 3 6.22502 0.01
r 36.4 0.01 3 6.10719 0.01
r 36.6 0.01 3 6.00576 0.01
r 36.8 0.01 3 5.90216 0.01
r 37 0.01 3 5.81259 0.01
r 37.2 0.01 3 5.71669 0.01
r 37.4 0.01 3 5.61544 0.01
r 37.6 0.01 3 5.51723 0.01
r 37.8 0.01 3 5.42609 0.01
r 38 0.01 3 5.33477 0.01
r 38.2 0.01 3 5.24425 0.01
r 38.4 0.01 3 5.1563 0.01
r 38.6 0.01 3 5.07147 0.01
r 38.8 0.01 3 4.99152 0.01
r 39 0.01 3 4.90821 0.01
r 39.2 0.01 3 4.83129 0.01
r 39.4 0.01 3 4.75779 0.01
r 39.6 0.01 3 4.68534 0.01
r 39.8 0.01 3 4.61631 0.01
r 40 0.01 3 4.54902 0.01
r 40.2 0.01 3 4.48744 0.01
r 40.4 0.01 3 4.43103 0.01
r 40.6 0.01 3 4.36634 0.01
r 40.8 0.01 3 4.31232 0.01
r 41 0.01 3 4.26248 0.01
r 41.2 0.01 3 4.21491 0.01
r 41.4 0.01 3 4.17011 0.01
r 41.6 0.01 3 4.12869 0.01
r 41.8 0.01 3 4.09101 0.01
r 42 0.01 3 4.05684 0.01
r 42.2 0.01 3 4.02728 0.01
r 42.4 0.01 3 4.00191 0.01
r 42.6 0.01 3 3.98071 0.01
r 42.8 0.01 3 3.9638 0.01
r 43 0.01 3 3.95156 0.01
r 43.2 0.01 3 3.94342 0.01
r 43.4 0.01 3 3.93995 0.01
r 43.6 0.01 3 3.94034 0.01
r 43.8 0.01 3 3.94553 0.01
r 44 0.01 3 3.95504 0.01
r 44.2 0.01 3 3.96885 0.01
r 44.4 0.01 3 3.98773 0.01
r 44.6 0.01 3 4.01161 0.01
r 44.8 0.01 3 4.03985 0.01
r 45 0.01 3 4.07351 0.01
r 45.2 0.01 3 4.10842 0.01
r 45.4 0.01 3 4.14768 0.01
r 45.6 0.01 3 4.18994 0.01
r 45.8 0.01 3 4.23613 0.01
r 46 0.01 3 4.28587 0.01
r 46.2 0.01 3 4.33933 0.01
r 46.4 0.01 3 4.3958 0.01
r 46.6 0.01 3 4.4557 0.01
r 46.8 0.01 3 4.52066 0.01
r 47 0.01 3 4.58134 0.01
r 47.2 0.01 3 4.64864 0.01
r 47.4 0.01 3 4.71945 0.01
r 47.6 0.01 3 4.79377 0.01
r 47.8 0.01 3 4.86843 0.01
r 48 0.01 3 4.94711 0.01
r 48.2 0.01 3 5.02398 0.01
r 48.4 0.01 3 5.10727 0.01
r 48.6 0.01 3 5.18879 0.01
r 48.8 0.01 3 5.27417 0.01
r 49 0.01 3 5.39952 0.01
r 49.2 0.01 3 5.45448 0.01
r 49.4 0.01 3 5.53891 0.01
r 49.6 0.01 3 5.63321 0.01
r 49.8 0.01 3 5.88712 0.01
r 50 0.01 3 5.96659 0.01
r 50.2 0.01 3 6.03348 0.01
r 50.4 0.01 3 6.11053 0.01
r 50.6 0.01 3 6.18683 0.01
r 50.8 0.01 3 6.26892 0.01
r 51 0.01 3 6.38195 0.01
r 51.2 0.01 3 6.47267 0.01
r 51.4 0.01 3 6.57999 0.01
r 51.6 0.01 3 6.66999 0.01
r 51.8 0.01 3 6.74625 0.01
r 52 0.01 3 6.84948 0.01
r 52.2 0.01 3 6.9673 0.01
r 52.4 0.01 3 7.05511 0.01
r 52.6 0.01 3 7.17372 0.01
r 52.8 0.01 3 7.26437 0.01
r 53 0.01 3 7.39358 0.01
r 53.2 0.01 3 7.52063 0.01
r 53.4 0.01 3 7.58136 0.01
r 53.6 0.01 3 7.69827 0.01
r 53.8 0.01 3 7.79709 0.01
r 54 0.01 3 7.95328 0.01
r 54.2 0.01 3 8.23932 0.01
r 54.4 0.01 3 8.30087 0.01
r 54.6 0.01 3 8.42283 0.01
r 54.8 0.01 3 8.47049 0.01
r 55 0.01 3 8.57732 0.01
r 55.2 0.01 3 8.65836 0.01
r 55.4 0.01 3 8.76138 0.01
r 55.6 0.01 3 8.85933 0.01
r 55.8 0.01 3 8.95999 0.01
r 56 0.01 3 9.06286 0.01
r 56.2 0.01 3 9.1726 0.01
r 56.4 0.01 3 9.27257 0.01
r 56.6 0.01 3 9.38112 0.01
r 56.8 0.01 3 9.49077 0.01
r 57 0.01 3 9.71275 0.01
r 57.2 0.01 3 9.75035 0.01
r 57.4 0.01 3 9.91516 0.01
r 57.6 0.01 3 10.0312 0.01
r 57.8 0.01 3 10.2813 0.01
r 58 0.01 3 10.3688 0.01
r 58.2 0.01 3 10.4092 0.01
r 58.4 0.01 3 10.4908 0.01
r 58.6 0.01 3 10.6529 0.01
r 58.8 0.01 3 10.6992 0.01
r 59 0.01 3 10.8161 0.01
r 59.2 0.01 3 10.8952 0.01
r 59.4 0.01 3 11.0252 0.01
r 59.6 0.01 3 11.1131 0.01
r 59.8 0.01 3 11.2458 0.01
r 60 0.01 3 11.3456 0.01
r 60.2 0.01 3 11.4694 0.01
r 60.4 0.01 3 11.5886 0.01
r 60.6 0.01 3 11.697 0.01
r 60.8 0.01 3 11.8516 0.01
r 61 0.01 3 11.9694 0.01
r 61.2 0.01 3 12.0831 0.01
r 61.4 0.01 3 12.1927 0.01
r 61.6 0.01 3 12.3053 0.01
r 61.8 0.01 3 12.4196 0.01
r 62 0.01 3 12.5353 0.01
r 62.2 0.01 3 12.6508 0.01
r 62.4 0.01 3 12.7673 0.01
r 62.6 0.01 3 12.8846 0.01
r 62.8 0.01 3 13.003 0.01
r 63 0.01 3 13.1262 0.01
r 63.2 0.01 3 13.2453 0.01
r 63.4 0.01 3 13.3646 0.01
r 63.6 0.01 3 13.4846 0.01
r 63.8 0.01 3 13.6057 0.01
r 64 0.01 3 13.7277 0.01
r 64.2 0.01 3 13.8489 0.01
r 64.4 0.01 3 13.9716 0.01
r 64.6 0.01 3 14.0943 0.01
r 64.8 0.01 3 14.2173 0.01
r 65 0.01 3 14.3438 0.01
r 65.2 0.01 3 14.4653 0.01
r 65.4 0.01 3 14.5887 0.01
r 65.6 0.01 3 14.7109 0.01
r 65.8 0.01 3 14.8339 0.01
r 66 0.01 3 14.9572 0.01
r 66.2 0.01 3 15.0808 0.01
r 66.4 0.01 3 15.2043 0.01
r 66.6 0.01 3 15.3281 0.01
r 66.8 0.01 3 15.4527 0.01
r 67 0.01 3 15.5898 0.01
r 67.2 0.01 3 15.7143 0.01
r 67.4 0.01 3 15.8375 0.01
r 67.6 0.01 3 15.962 0.01
r 67.8 0.01 3 16.0869 0.01
r 68 0.01 3 16.2123 0.01
r 68.2 0.01 3 16.3382 0.01
r 68.4 0.01 3 16.4648 0.01
r 68.6 0.01 3 16.5917 0.01
r 68.8 0.01 3 16.7192 0.01
r 69 0.01 3 16.8486 0.01
r 69.2 0.01 3 16.9769 0.01
r 69.4 0.01 3 17.1053 0.01
r 69.6 0.01 3 17.2338 0.01
r 69.8 0.01 3 17.3633 0.01
r 70 0.01 3 17.4934 0.01
s 56.7 2 402
r 30 0.01 2 17.3247 0.01
r 30.2 0.01 2 17.1908 0.01
r 30.4 0.01 2 17.0595 0.01
r 30.6 0.01 2 16.9261 0.01
r 30.8 0.01 2 16.7921 0.01
r 31 0.01 2 16.6741 0.01
r 31.2 0.01 2 16.5454 0.01
r 31.4 0.01 2 16.4299 0.01
r 31.6 0.01 2 16.2815 0.01
r 31.8 0.01 2 16.1495 0.01
r 32 0.01 2 16.0221 0.01
r 32.2 0.01 2 15.8932 0.01
r 32.4 0.01 2 15.7737 0.01
r 32.6 0.01 2 15.6428 0.01
r 32.8 0.01 2 15.5199 0.01
r 33 0.01 2 15.3958 0.01
r 33.2 0.01 2 15.2657 0.01
r 33.4 0.01 2 15.141 0.01
r 33.6 0.01 2 15.0026 0.01
r 33.8 0.01 2 14.8686 0.01
r 34 0.01 2 14.749 0.01
r 34.2 0.01 2 14.6156 0.01
r 34.4 0.01 2 14.4951 0.01
r 34.6 0.01 2 14.3634 0.01
r 34.8 0.01 2 14.2351 0.01
r 35 0.01 2 14.1191 0.01
r 35.2 0.01 2 13.9888 0.01
r 35.4 0.01 2 13.8585 0.01
r 35.6 0.01 2 13.7275 0.01
r 35.8 0.01 2 13.5963 0.01
r 36 0.01 2 13.474 0.01
r 36.2 0.01 2 13.3425 0.01
r 36.4 0.01 2 13.2242 0.01
r 36.6 0.01 2 13.0909 0.01
r 36.8 0.01 2 12.9595 0.01
r 37 0.01 2 12.8362 0.01
r 37.2 0.01 2 12.7071 0.01
r 37.4 0.01 2 12.578 0.01
r 37.6 0.01 2 12.4479 0.01
r 37.8 0.01 2 12.3179 0.01
r 38 0.01 2 12.19 0.01
r 38.2 0.01 2 12.062 0.01
r 38.4 0.01 2 11.9365 0.01
r 38.6 0.01 2 11.8051 0.01
r 38.8 0.01 2 11.6822 0.01
r 39 0.01 2 11.5457 0.01
r 39.2 0.01 2 11.414 0.01
r 39.4 0.01 2 11.2843 0.01
r 39.6 0.01 2 11.1551 0.01
r 39.8 0.01 2 11.0269 0.01
r 40 0.01 2 10.8955 0.01
r 40.2 0.01 2 10.7642 0.01
r 40.4 0.01 2 10.6364 0.01
r 40.6 0.01 2 10.5042 0.01
r 40.8 0.01 2 10.3747 0.01
r 41 0.01 2 10.2485 0.01
r 41.2 0.01 2 10.1183 0.01
r 41.4 0.01 2 9.99063 0.01
r 41.6 0.01 2 9.86111 0.01
r 41.8 0.01 2 9.73279 0.01
r 42 0.01 2 9.6027 0.01
r 42.2 0.01 2 9.47478 0.01
r 42.4 0.01 2 9.34766 0.01
r 42.6 0.01 2 9.21859 0.01
r 42.8 0.01 2 9.09108 0.01
r 43 0.01 2 8.99004 0.01
r 43.2 0.01 2 8.85883 0.01
r 43.4 0.01 2 8.72726 0.01
r 43.6 0.01 2 8.59557 0.01
r 43.8 0.01 2 8.46425 0.01
r 44 0.01 2 8.33286 0.01
r 44.2 0.01 2 8.20174 0.01
r 44.4 0.01 2 8.07099 0.01
r 44.6 0.01 2 7.94075 0.01
r 44.8 0.01 2 7.81025 0.01
r 45 0.01 2 7.67905 0.01
r 45.2 0.01 2 7.54898 0.01
r 45.4 0.01 2 7.41902 0.01
r 45.6 0.01 2 7.28914 0.01
r 45.8 0.01 2 7.15942 0.01
r 46 0.01 2 7.02988 0.01
r 46.2 0.01 2 6.9006 0.01
r 46.4 0.01 2 6.77173 0.01
r 46.6 0.01 2 6.64301 0.01
r 46.8 0.01 2 6.51458 0.01
r 47 0.01 2 6.38464 0.01
r 47.2 0.01 2 6.25519 0.01
r 47.4 0.01 2 6.12596 0.01
r 47.6 0.01 2 5.99703 0.01
r 47.8 0.01 2 5.86839 0.01
r 48 0.01 2 5.74015 0.01
r 48.2 0.01 2 5.61238 0.01
r 48.4 0.01 2 5.48345 0.01
r 48.6 0.01 2 5.35635 0.01
r 48.8 0.01 2 5.22923 0.01
r 49 0.01 2 5.1027 0.01
r 49.2 0.01 2 4.97649 0.01
r 49.4 0.01 2 4.85058 0.01
r 49.6 0.01 2 4.72475 0.01
r 49.8 0.01 2 4.59939 0.01
r 50 0.01 2 4.4746 0.01
r 50.2 0.01 2 4.35033 0.01
r 50.4 0.01 2 4.22656 0.01
r 50.6 0.01 2 4.10316 0.01
r 50.8 0.01 2 3.98038 0.01
r 51 0.01 2 3.85811 0.01
r 51.2 0.01 2 3.73638 0.01
r 51.4 0.01 2 3.61533 0.01
r 51.6 0.01 2 3.49496 0.01
r 51.8 0.01 2 3.37532 0.01
r 52 0.01 2 3.25645 0.01
r 52.2 0.01 2 3.13855 0.01
r 52.4 0.01 2 3.02162 0.01
r 52.6 0.01 2 2.90578 0.01
r 52.8 0.01 2 2.79105 0.01
r 53 0.01 2 2.67769 0.01
r 53.2 0.01 2 2.5656 0.01
r 53.4 0.01 2 2.45531 0.01
r 53.6 0.01 2 2.34677 0.01
r 53.8 0.01 2 2.2404 0.01
r 54 0.01 2 2.13646 0.01
r 54.2 0.01 2 2.0353 0.01
r 54.4 0.01 2 1.93723 0.01
r 54.6 0.01 2 1.84268 0.01
r 54.8 0.01 2 1.75241 0.01
r 55 0.01 2 1.66674 0.01
r 55.2 0.01 2 1.58775 0.01
r 55.4 0.01 2 1.51382 0.01
r 55.6 0.01 2 1.44785 0.01
r 55.8 0.01 2 1.39058 0.01
r 56 0.01 2 1.34321 0.01
r 56.2 0.01 2 1.30661 0.01
r 56.4 0.01 2 1.28207 0.01
r 56.6 0.01 2 1.2699 0.01
r 56.8 0.01 2 1.26997 0.01
r 57 0.01 2 1.28343 0.01
r 57.2 0.01 2 1.30857 0.01
r 57.4 0.01 2 1.34439 0.01
r 57.6 0.01 2 1.39193 0.01
r 57.8 0.01 2 1.44905 0.01
r 58 0.01 2 1.51464 0.01
r 58.2 0.01 2 1.58811 0.01
r 58.4 0.01 2 1.66797 0.01
r 58.6 0.01 2 1.7536 0.01
r 58.8 0.01 2 1.84412 0.01
r 59 0.01 2 1.93877 0.01
r 59.2 0.01 2 2.03691 0.01
r 59.4 0.01 2 2.13862 0.01
r 59.6 0.01 2 2.24303 0.01
r 59.8 0.01 2 2.34975 0.01
r 60 0.01 2 2.45833 0.01
r 60.2 0.01 2 2.56915 0.01
r 60.4 0.01 2 2.68112 0.01
r 60.6 0.01 2 2.79436 0.01
r 60.8 0.01 2 2.90722 0.01
r 61 0.01 2 3.02265 0.01
r 61.2 0.01 2 3.13915 0.01
r 61.4 0.01 2 3.25664 0.01
r 61.6 0.01 2 3.3748 0.01
r 61.8 0.01 2 3.4938 0.01
r 62 0.01 2 3.61315 0.01
r 62.2 0.01 2 3.73325 0.01
r 62.4 0.01 2 3.8534 0.01
r 62.6 0.01 2 3.97406 0.01
r 62.8 0.01 2 4.09515 0.01
r 63 0.01 2 4.21671 0.01
r 63.2 0.01 2 4.33856 0.01
r 63.4 0.01 2 4.46037 0.01
r 63.6 0.01 2 4.58306 0.01
r 63.8 0.01 2 4.70524 0.01
r 64 0.01 2 4.82848 0.01
r 64.2 0.01 2 4.95134 0.01
r 64.4 0.01 2 5.07493 0.01
r 64.6 0.01 2 5.19833 0.01
r 64.8 0.01 2 5.3219 0.01
r 65 0.01 2 5.44559 0.01
r 65.2 0.01 2 5.56956 0.01
r 65.4 0.01 2 5.6939 0.01
r 65.6 0.01 2 5.81789 0.01
r 65.8 0.01 2 5.94156 0.01
r 66 0.01 2 6.06702 0.01
r 66.2 0.01 2 6.19049 0.01
r 66.4 0.01 2 6.31616 0.01
r 66.6 0.01 2 6.44111 0.01
r 66.8 0.01 2 6.5659 0.01
r 67 0.01 2 6.6918 0.01
r 67.2 0.01 2 6.81659 0.01
r 67.4 0.01 2 6.94197 0.01
r 67.6 0.01 2 7.06708 0.01
r 67.8 0.01 2 7.19288 0.01
r 68 0.01 2 7.31969 0.01
r 68.2 0.01 2 7.44571 0.01
r 68.4 0.01 2 7.57198 0.01
r 68.6 0.01 2 7.69971 0.01
r 68.8 0.01 2 7.82699 0.01
r 69 0.01 2 7.95477 0.01
r 69.2 0.01 2 8.0828 0.01
r 69.4 0.01 2 8.2112 0.01
r 69.6 0.01 2 8.34017 0.01
r 69.8 0.01 2 8.4693 0.01
r 70 0.01 2 8.59882 0.01
r 30 0.01 3 17.8145 0.01
r 30.2 0.01 3 17.6857 0.01
r 30.4 0.01 3 17.5544 0.01
r 30.6 0.01 3 17.433 0.01
r 30.8 0.01 3 17.3077 0.01
r 31 0.01 3 17.1304 0.01
r 31.2 0.01 3 16.9938 0.01
r 31.4 0.01 3 16.8622 0.01
r 31.6 0.01 3 16.7371 0.01
r 31.8 0.01 3 16.6117 0.01
r 32 0.01 3 16.4967 0.01
r 32.2 0.01 3 16.3662 0.01
r 32.4 0.01 3 16.2223 0.01
r 32.6 0.01 3 16.0944 0.01
r 32.8 0.01 3 15.966 0.01
r 33 0.01 3 15.8531 0.01
r 33.2 0.01 3 15.7244 0.01
r 33.4 0.01 3 15.5992 0.01
r 33.6 0.01 3 15.4704 0.01
r 33.8 0.01 3 15.3437 0.01
r 34 0.01 3 15.2191 0.01
r 34.2 0.01 3 15.0926 0.01
r 34.4 0.01 3 14.9691 0.01
r 34.6 0.01 3 14.8445 0.01
r 34.8 0.01 3 14.7155 0.01
r 35 0.01 3 14.587 0.01
r 35.2 0.01 3 14.4591 0.01
r 35.4 0.01 3 14.3317 0.01
r 35.6 0.01 3 14.2045 0.01
r 35.8 0.01 3 14.0519 0.01
r 36 0.01 3 13.9499 0.01
r 36.2 0.01 3 13.8257 0.01
r 36.4 0.01 3 13.6999 0.01
r 36.6 0.01 3 13.574 0.01
r 36.8 0.01 3 13.4506 0.01
r 37 0.01 3 13.2999 0.01
r 37.2 0.01 3 13.1999 0.01
r 37.4 0.01 3 13.0738 0.01
r 37.6 0.01 3 12.9475 0.01
r 37.8 0.01 3 12.8222 0.01
r 38 0.01 3 12.6962 0.01
r 38.2 0.01 3 12.5693 0.01
r 38.4 0.01 3 12.444 0.01
r 38.6 0.01 3 12.3178 0.01
r 38.8 0.01 3 12.1931 0.01
r 39 0.01 3 12.0691 0.01
r 39.2 0.01 3 11.9459 0.01
r 39.4 0.01 3 11.8211 0.01
r 39.6 0.01 3 11.6986 0.01
r 39.8 0.01 3 11.552 0.01
r 40 0.01 3 11.4303 0.01
r 40.2 0.01 3 11.3383 0.01
r 40.4 0.01 3 11.1921 0.01
r 40.6 0.01 3 11.0775 0.01
r 40.8 0.01 3 10.9606 0.01
r 41 0.01 3 10.8629 0.01
r 41.2 0.01 3 10.6909 0.01
r 41.4 0.01 3 10.6303 0.01
r 41.6 0.01 3 10.5235 0.01
r 41.8 0.01 3 10.4163 0.01
r 42 0.01 3 10.2277 0.01
r 42.2 0.01 3 10.0911 0.01
r 42.4 0.01 3 10.003 0.01
r 42.6 0.01 3 9.83779 0.01
r 42.8 0.01 3 9.73404 0.01
r 43 0.01 3 9.60422 0.01
r 43.2 0.01 3 9.48332 0.01
r 43.4 0.01 3 9.36555 0.01
r 43.6 0.01 3 9.25007 0.01
r 43.8 0.01 3 9.13394 0.01
r 44 0.01 3 9.02212 0.01
r 44.2 0.01 3 8.90818 0.01
r 44.4 0.01 3 8.78274 0.01
r 44.6 0.01 3 8.67836 0.01
r 44.8 0.01 3 8.5715 0.01
r 45 0.01 3 8.42174 0.01
r 45.2 0.01 3 8.31814 0.01
r 45.4 0.01 3 8.19723 0.01
r 45.6 0.01 3 8.07735 0.01
r 45.8 0.01 3 7.96432 0.01
r 46 0.01 3 7.85393 0.01
r 46.2 0.01 3 7.74806 0.01
r 46.4 0.01 3 7.64048 0.01
r 46.6 0.01 3 7.5281 0.01
r 46.8 0.01 3 7.4286 0.01
r 47 0.01 3 7.29329 0.01
r 47.2 0.01 3 7.18831 0.01
r 47.4 0.01 3 7.07897 0.01
r 47.6 0.01 3 6.97071 0.01
r 47.8 0.01 3 6.87268 0.01
r 48 0.01 3 6.76109 0.01
r 48.2 0.01 3 6.70444 0.01
r 48.4 0.01 3 6.57358 0.01
r 48.6 0.01 3 6.46761 0.01
r 48.8 0.01 3 6.36495 0.01
r 49 0.01 3 6.22274 0.01
r 49.2 0.01 3 6.12614 0.01
r 49.4 0.01 3 6.02927 0.01
r 49.6 0.01 3 5.928 0.01
r 49.8 0.01 3 5.83231 0.01
r 50 0.01 3 5.74343 0.01
r 50.2 0.01 3 5.65116 0.01
r 50.4 0.01 3 5.56067 0.01
r 50.6 0.01 3 5.47165 0.01
r 50.8 0.01 3 5.3849 0.01
r 51 0.01 3 5.2693 0.01
r 51.2 0.01 3 5.1851 0.01
r 51.4 0.01 3 5.10306 0.01
r 51.6 0.01 3 5.01878 0.01
r 51.8 0.01 3 4.95008 0.01
r 52 0.01 3 4.85411 0.01
r 52.2 0.01 3 4.7756 0.01
r 52.4 0.01 3 4.71481 0.01
r 52.6 0.01 3 4.62156 0.01
r 52.8 0.01 3 4.55176 0.01
r 53 0.01 3 4.48022 0.01
r 53.2 0.01 3 4.41604 0.01
r 53.4 0.01 3 4.3511 0.01
r 53.6 0.01 3 4.29076 0.01
r 53.8 0.01 3 4.23351 0.01
r 54 0.01 3 4.17988 0.01
r 54.2 0.01 3 4.12898 0.01
r 54.4 0.01 3 4.08211 0.01
r 54.6 0.01 3 4.03885 0.01
r 54.8 0.01 3 3.99846 0.01
r 55 0.01 3 3.96663 0.01
r 55.2 0.01 3 3.92956 0.01
r 55.4 0.01 3 3.90042 0.01
r 55.6 0.01 3 3.87941 0.01
r 55.8 0.01 3 3.85466 0.01
r 56 0.01 3 3.83827 0.01
r 56.2 0.01 3 3.82616 0.01
r 56.4 0.01 3 3.81843 0.01
r 56.6 0.01 3 3.81533 0.01
r 56.8 0.01 3 3.81548 0.01
r 57 0.01 3 3.82081 0.01
r 57.2 0.01 3 3.82973 0.01
r 57.4 0.01 3 3.84337 0.01
r 57.6 0.01 3 3.8606 0.01
r 57.8 0.01 3 3.88282 0.01
r 58 0.01 3 3.90887 0.01
r 58.2 0.01 3 3.93825 0.01
r 58.4 0.01 3 3.97227 0.01
r 58.6 0.01 3 4.01016 0.01
r 58.8 0.01 3 4.05108 0.01
r 59 0.01 3 4.09644 0.01
r 59.2 0.01 3 4.14435 0.01
r 59.4 0.01 3 4.19464 0.01
r 59.6 0.01 3 4.25279 0.01
r 59.8 0.01 3 4.3075 0.01
r 60 0.01 3 4.37118 0.01
r 60.2 0.01 3 4.4402 0.01
r 60.4 0.01 3 4.50115 0.01
r 60.6 0.01 3 4.58367 0.01
r 60.8 0.01 3 4.66927 0.01
r 61 0.01 3 4.71936 0.01
r 61.2 0.01 3 4.79314 0.01
r 61.4 0.01 3 4.8709 0.01
r 61.6 0.01 3 4.9525 0.01
r 61.8 0.01 3 5.03782 0.01
r 62 0.01 3 5.12601 0.01
r 62.2 0.01 3 5.21005 0.01
r 62.4 0.01 3 5.30362 0.01
r 62.6 0.01 3 5.40398 0.01
r 62.8 0.01 3 5.48945 0.01
r 63 0.01 3 5.60046 0.01
r 63.2 0.01 3 5.67953 0.01
r 63.4 0.01 3 5.77558 0.01
r 63.6 0.01 3 5.8742 0.01
r 63.8 0.01 3 5.97483 0.01
r 64 0.01 3 6.06691 0.01
r 64.2 0.01 3 6.1694 0.01
r 64.4 0.01 3 6.2676 0.01
r 64.6 0.01 3 6.36927 0.01
r 64.8 0.01 3 6.47359 0.01
r 65 0.01 3 6.57809 0.01
r 65.2 0.01 3 6.68524 0.01
r 65.4 0.01 3 6.79465 0.01
r 65.6 0.01 3 6.90511 0.01
r 65.8 0.01 3 7.01779 0.01
r 66 0.01 3 7.13222 0.01
r 66.2 0.01 3 7.24816 0.01
r 66.4 0.01 3 7.36462 0.01
r 66.6 0.01 3 7.48314 0.01
r 66.8 0.01 3 7.60419 0.01
r 67 0.01 3 7.67857 0.01
r 67.2 0.01 3 7.79536 0.01
r 67.4 0.01 3 7.90599 0.01
r 67.6 0.01 3 8.02074 0.01
r 67.8 0.01 3 8.13969 0.01
r 68 0.01 3 8.2573 0.01
r 68.2 0.01 3 8.37121 0.01
r 68.4 0.01 3 8.48958 0.01
r 68.6 0.01 3 8.61154 0.01
r 68.8 0.01 3 8.73343 0.01
r 69 0.01 3 8.91082 0.01
r 69.2 0.01 3 9.02518 0.01
r 69.4 0.01 3 9.12331 0.01
r 69.6 0.01 3 9.22956 0.01
r 69.8 0.01 3 9.34071 0.01
r 70 0.01 3 9.45204 0.01
s 70 2 402
r 30 0.01 2 25.7615 0.01
r 30.2 0.01 2 25.5981 0.01
r 30.4 0.01 2 25.4863 0.01
r 30.6 0.01 2 25.3544 0.01
r 30.8 0.01 2 25.2229 0.01
r 31 0.01 2 25.0917 0.01
r 31.2 0.01 2 24.9601 0.01
r 31.4 0.01 2 24.8264 0.01
r 31.6 0.01 2 24.6956 0.01
r 31.8 0.01 2 24.5724 0.01
r 32 0.01 2 24.4429 0.01
r 32.2 0.01 2 24.3027 0.01
r 32.4 0.01 2 24.1752 0.01
r 32.6 0.01 2 24.0631 0.01
r 32.8 0.01 2 23.9227 0.01
r 33 0.01 2 23.8015 0.01
r 33.2 0.01 2 23.6699 0.01
r 33.4 0.01 2 23.5401 0.01
r 33.6 0.01 2 23.4192 0.01
r 33.8 0.01 2 23.3023 0.01
r 34 0.01 2 23.1544 0.01
r 34.2 0.01 2 23.0326 0.01
r 34.4 0.01 2 22.9083 0.01
r 34.6 0.01 2 22.7806 0.01
r 34.8 0.01 2 22.6681 0.01
r 35 0.01 2 22.5311 0.01
r 35.2 0.01 2 22.4089 0.01
r 35.4 0.01 2 22.2702 0.01
r 35.6 0.01 2 22.1437 0.01
r 35.8 0.01 2 22.0184 0.01
r 36 0.01 2 21.8878 0.01
r 36.2 0.01 2 21.7626 0.01
r 36.4 0.01 2 21.6382 0.01
r 36.6 0.01 2 21.5141 0.01
r 36.8 0.01 2 21.3849 0.01
r 37 0.01 2 21.2558 0.01
r 37.2 0.01 2 21.1271 0.01
r 37.4 0.01 2 20.9995 0.01
r 37.6 0.01 2 20.8682 0.01
r 37.8 0.01 2 20.7406 0.01
r 38 0.01 2 20.6102 0.01
r 38.2 0.01 2 20.4823 0.01
r 38.4 0.01 2 20.3556 0.01
r 38.6 0.01 2 20.2307 0.01
r 38.8 0.01 2 20.099 0.01
r 39 0.01 2 19.9743 0.01
r 39.2 0.01 2 19.8378 0.01
r 39.4 0.01 2 19.7059 0.01
r 39.6 0.01 2 19.5823 0.01
r 39.8 0.01 2 19.4474 0.01
r 40 0.01 2 19.321 0.01
r 40.2 0.01 2 19.1902 0.01
r 40.4 0.01 2 19.0604 0.01
r 40.6 0.01 2 18.9289 0.01
r 40.8 0.01 2 18.8018 0.01
r 41 0.01 2 18.6681 0.01
r 41.2 0.01 2 18.538 0.01
r 41.4 0.01 2 18.4114 0.01
r 41.6 0.01 2 18.2818 0.01
r 41.8 0.01 2 18.157 0.01
r 42 0.01 2 18.0261 0.01
r 42.2 0.01 2 17.9007 0.01
r 42.4 0.01 2 17.7587 0.01
r 42.6 0.01 2 17.6378 0.01
r 42.8 0.01 2 17.5047 0.01
r 43 0.01 2 17.3725 0.01
r 43.2 0.01 2 17.2405 0.01
r 43.4 0.01 2 17.1108 0.01
r 43.6 0.01 2 16.9769 0.01
r 43.8 0.01 2 16.8617 0.01
r 44 0.01 2 16.7306 0.01
r 44.2 0.01 2 16.5848 0.01
r 44.4 0.01 2 16.4544 0.01
r 44.6 0.01 2 16.3224 0.01
r 44.8 0.01 2 16.1937 0.01
r 45 0.01 2 16.0706 0.01
r 45.2 0.01 2 15.9351 0.01
r 45.4 0.01 2 15.7986 0.01
r 45.6 0.01 2 15.6621 0.01
r 45.8 0.01 2 15.5267 0.01
r 46 0.01 2 15.3911 0.01
r 46.2 0.01 2 15.2559 0.01
r 46.4 0.01 2 15.1208 0.01
r 46.6 0.01 2 14.9867 0.01
r 46.8 0.01 2 14.852 0.01
r 47 0.01 2 14.7179 0.01
r 47.2 0.01 2 14.5836 0.01
r 47.4 0.01 2 14.4505 0.01
r 47.6 0.01 2 14.32 0.01
r 47.8 0.01 2 14.1862 0.01
r 48 0.01 2 14.0531 0.01
r 48.2 0.01 2 13.9217 0.01
r 48.4 0.01 2 13.7907 0.01
r 48.6 0.01 2 13.6582 0.01
r 48.8 0.01 2 13.5286 0.01
r 49 0.01 2 13.398 0.01
r 49.2 0.01 2 13.2666 0.01
r 49.4 0.01 2 13.1364 0.01
r 49.6 0.01 2 13.0082 0.01
r 49.8 0.01 2 12.8781 0.01
r 50 0.01 2 12.7482 0.01
r 50.2 0.01 2 12.62 0.01
r 50.4 0.01 2 12.491 0.01
r 50.6 0.01 2 12.3645 0.01
r 50.8 0.01 2 12.2366 0.01
r 51 0.01 2 12.1089 0.01
r 51.2 0.01 2 11.9805 0.01
r 51.4 0.01 2 11.8532 0.01
r 51.6 0.01 2 11.727 0.01
r 51.8 0.01 2 11.5992 0.01
r 52 0.01 2 11.4752 0.01
r 52.2 0.01 2 11.348 0.01
r 52.4 0.01 2 11.2225 0.01
r 52.6 0.01 2 11.0961 0.01
r 52.8 0.01 2 10.9712 0.01
r 53 0.01 2 10.8457 0.01
r 53.2 0.01 2 10.7185 0.01
r 53.4 0.01 2 10.5938 0.01
r 53.6 0.01 2 10.4693 0.01
r 53.8 0.01 2 10.346 0.01
r 54 0.01 2 10.2198 0.01
r 54.2 0.01 2 10.0963 0.01
r 54.4 0.01 2 9.97308 0.01
r 54.6 0.01 2 9.84695 0.01
r 54.8 0.01 2 9.7239 0.01
r 55 0.01 2 9.60005 0.01
r 55.2 0.01 2 9.47699 0.01
r 55.4 0.01 2 9.35296 0.01
r 55.6 0.01 2 9.23009 0.01
r 55.8 0.01 2 9.10629 0.01
r 56 0.01 2 8.98199 0.01
r 56.2 0.01 2 8.86022 0.01
r 56.4 0.01 2 8.73711 0.01
r 56.6 0.01 2 8.61411 0.01
r 56.8 0.01 2 8.49148 0.01
r 57 0.01 2 8.3688 0.01
r 57.2 0.01 2 8.24554 0.01
r 57.4 0.01 2 8.12395 0.01
r 57.6 0.01 2 8.00124 0.01
r 57.8 0.01 2 7.8771 0.01
r 58 0.01 2 7.75562 0.01
r 58.2 0.01 2 7.63277 0.01
r 58.4 0.01 2 7.50979 0.01
r 58.6 0.01 2 7.38688 0.01
r 58.8 0.01 2 7.26395 0.01
r 59 0.01 2 7.14089 0.01
r 59.2 0.01 2 7.01817 0.01
r 59.4 0.01 2 6.8954 0.01
r 59.6 0.01 2 6.77281 0.01
r 59.8 0.01 2 6.65025 0.01
r 60 0.01 2 6.52783 0.01
r 60.2 0.01 2 6.40549 0.01
r 60.4 0.01 2 6.28321 0.01
r 60.6 0.01 2 6.16103 0.01
r 60.8 0.01 2 6.0389 0.01
r 61 0.01 2 5.91716 0.01
r 61.2 0.01 2 5.79501 0.01
r 61.4 0.01 2 5.67259 0.01
r 61.6 0.01 2 5.55045 0.01
r 61.8 0.01 2 5.42837 0.01
r 62 0.01 2 5.3063 0.01
r 62.2 0.01 2 5.18449 0.01
r 62.4 0.01 2 5.06255 0.01
r 62.6 0.01 2 4.9425 0.01
r 62.8 0.01 2 4.82043 0.01
r 63 0.01 2 4.6979 0.01
r 63.2 0.01 2 4.57648 0.01
r 63.4 0.01 2 4.45539 0.01
r 63.6 0.01 2 4.33456 0.01
r 63.8 0.01 2 4.21399 0.01
r 64 0.01 2 4.09343 0.01
r 64.2 0.01 2 3.97324 0.01
r 64.4 0.01 2 3.85329 0.01
r 64.6 0.01 2 3.73467 0.01
r 64.8 0.01 2 3.61479 0.01
r 65 0.01 2 3.49543 0.01
r 65.2 0.01 2 3.37703 0.01
r 65.4 0.01 2 3.25905 0.01
r 65.6 0.01 2 3.14321 0.01
r 65.8 0.01 2 3.02567 0.01
r 66 0.01 2 2.91016 0.01
r 66.2 0.01 2 2.79651 0.01
r 66.4 0.01 2 2.68274 0.01
r 66.6 0.01 2 2.57107 0.01
r 66.8 0.01 2 2.4608 0.01
r 67 0.01 2 2.35238 0.01
r 67.2 0.01 2 2.24621 0.01
r 67.4 0.01 2 2.14208 0.01
r 67.6 0.01 2 2.04104 0.01
r 67.8 0.01 2 1.94348 0.01
r 68 0.01 2 1.84898 0.01
r 68.2 0.01 2 1.75999 0.01
r 68.4 0.01 2 1.67627 0.01
r 68.6 0.01 2 1.59791 0.01
r 68.8 0.01 2 1.5271 0.01
r 69 0.01 2 1.46433 0.01
r 69.2 0.01 2 1.41094 0.01
r 69.4 0.01 2 1.36808 0.01
r 69.6 0.01 2 1.33684 0.01
r 69.8 0.01 2 1.31805 0.01
r 70 0.01 2 1.31227 0.01
r 30 0.01 3 25.9005 0.01
r 30.2 0.01 3 25.7822 0.01
r 30.4 0.01 3 25.6488 0.01
r 30.6 0.01 3 25.5049 0.01
r 30.8 0.01 3 25.384 0.01
r 31 0.01 3 25.2523 0.01
r 31.2 0.01 3 25.122 0.01
r 31.4 0.01 3 24.9941 0.01
r 31.6 0.01 3 24.8609 0.01
r 31.8 0.01 3 24.7324 0.01
r 32 0.01 3 24.6014 0.01
r 32.2 0.01 3 24.4717 0.01
r 32.4 0.01 3 24.3418 0.01
r 32.6 0.01 3 24.2127 0.01
r 32.8 0.01 3 24.0858 0.01
r 33 0.01 3 23.957 0.01
r 33.2 0.01 3 23.8268 0.01
r 33.4 0.01 3 23.7001 0.01
r 33.6 0.01 3 23.5631 0.01
r 33.8 0.01 3 23.4414 0.01
r 34 0.01 3 23.3093 0.01
r 34.2 0.01 3 23.1855 0.01
r 34.4 0.01 3 23.0692 0.01
r 34.6 0.01 3 22.941 0.01
r 34.8 0.01 3 22.8124 0.01
r 35 0.01 3 22.7428 0.01
r 35.2 0.01 3 22.5831 0.01
r 35.4 0.01 3 22.4832 0.01
r 35.6 0.01 3 22.3341 0.01
r 35.8 0.01 3 22.2051 0.01
r 36 0.01 3 22.1012 0.01
r 36.2 0.01 3 21.9697 0.01
r 36.4 0.01 3 21.838 0.01
r 36.6 0.01 3 21.7327 0.01
r 36.8 0.01 3 21.5769 0.01
r 37 0.01 3 21.4869 0.01
r 37.2 0.01 3 21.363 0.01
r 37.4 0.01 3 21.2436 0.01
r 37.6 0.01 3 21.0985 0.01
r 37.8 0.01 3 20.9781 0.01
r 38 0.01 3 20.8586 0.01
r 38.2 0.01 3 20.7162 0.01
r 38.4 0.01 3 20.5883 0.01
r 38.6 0.01 3 20.4625 0.01
r 38.8 0.01 3 20.3313 0.01
r 39 0.01 3 20.2745 0.01
r 39.2 0.01 3 20.147 0.01
r 39.4 0.01 3 20.0151 0.01
r 39.6 0.01 3 19.8851 0.01
r 39.8 0.01 3 19.7556 0.01
r 40 0.01 3 19.6259 0.01
r 40.2 0.01 3 19.496 0.01
r 40.4 0.01 3 19.3646 0.01
r 40.6 0.01 3 19.2356 0.01
r 40.8 0.01 3 19.1038 0.01
r 41 0.01 3 18.9765 0.01
r 41.2 0.01 3 18.8453 0.01
r 41.4 0.01 3 18.7162 0.01
r 41.6 0.01 3 18.5874 0.01
r 41.8 0.01 3 18.459 0.01
r 42 0.01 3 18.3312 0.01
r 42.2 0.01 3 18.2025 0.01
r 42.4 0.01 3 18.0742 0.01
r 42.6 0.01 3 17.9457 0.01
r 42.8 0.01 3 17.8133 0.01
r 43 0.01 3 17.6867 0.01
r 43.2 0.01 3 17.5612 0.01
r 43.4 0.01 3 17.4414 0.01
r 43.6 0.01 3 17.3162 0.01
r 43.8 0.01 3 17.1919 0.01
r 44 0.01 3 17.0677 0.01
r 44.2 0.01 3 16.9427 0.01
r 44.4 0.01 3 16.8184 0.01
r 44.6 0.01 3 16.6949 0.01
r 44.8 0.01 3 16.5717 0.01
r 45 0.01 3 16.4592 0.01
r 45.2 0.01 3 16.3332 0.01
r 45.4 0.01 3 16.2074 0.01
r 45.6 0.01 3 16.0816 0.01
r 45.8 0.01 3 15.9565 0.01
r 46 0.01 3 15.832 0.01
r 46.2 0.01 3 15.708 0.01
r 46.4 0.01 3 15.5845 0.01
r 46.6 0.01 3 15.4616 0.01
r 46.8 0.01 3 15.3396 0.01
r 47 0.01 3 15.218 0.01
r 47.2 0.01 3 15.097 0.01
r 47.4 0.01 3 14.9769 0.01
r 47.6 0.01 3 14.8561 0.01
r 47.8 0.01 3 14.736 0.01
r 48 0.01 3 14.6172 0.01
r 48.2 0.01 3 14.4993 0.01
r 48.4 0.01 3 14.3826 0.01
r 48.6 0.01 3 14.2667 0.01
r 48.8 0.01 3 14.151 0.01
r 49 0.01 3 13.9974 0.01
r 49.2 0.01 3 13.8757 0.01
r 49.4 0.01 3 13.755 0.01
r 49.6 0.01 3 13.6351 0.01
r 49.8 0.01 3 13.5164 0.01
r 50 0.01 3 13.398 0.01
r 50.2 0.01 3 13.2796 0.01
r 50.4 0.01 3 13.1637 0.01
r 50.6 0.01 3 13.0496 0.01
r 50.8 0.01 3 12.9362 0.01
r 51 0.01 3 12.7714 0.01
r 51.2 0.01 3 12.6514 0.01
r 51.4 0.01 3 12.532 0.01
r 51.6 0.01 3 12.4132 0.01
r 51.8 0.01 3 12.2977 0.01
r 52 0.01 3 12.1808 0.01
r 52.2 0.01 3 12.0623 0.01
r 52.4 0.01 3 11.9477 0.01
r 52.6 0.01 3 11.8344 0.01
r 52.8 0.01 3 11.7224 0.01
r 53 0.01 3 11.5875 0.01
r 53.2 0.01 3 11.4689 0.01
r 53.4 0.01 3 11.3522 0.01
r 53.6 0.01 3 11.2354 0.01
r 53.8 0.01 3 11.1198 0.01
r 54 0.01 3 11.0057 0.01
r 54.2 0.01 3 10.8923 0.01
r 54.4 0.01 3 10.7795 0.01
r 54.6 0.01 3 10.6678 0.01
r 54.8 0.01 3 10.5577 0.01
r 55 0.01 3 10.4434 0.01
r 55.2 0.01 3 10.3346 0.01
r 55.4 0.01 3 10.2273 0.01
r 55.6 0.01 3 10.1209 0.01
r 55.8 0.01 3 10.0195 0.01
r 56 0.01 3 9.91403 0.01
r 56.2 0.01 3 9.818 0.01
r 56.4 0.01 3 9.71533 0.01
r 56.6 0.01 3 9.61465 0.01
r 56.8 0.01 3 9.5148 0.01
r 57 0.01 3 9.28611 0.01
r 57.2 0.01 3 9.17869 0.01
r 57.4 0.01 3 9.07265 0.01
r 57.6 0.01 3 8.9952 0.01
r 57.8 0.01 3 8.86632 0.01
r 58 0.01 3 8.75442 0.01
r 58.2 0.01 3 8.65403 0.01
r 58.4 0.01 3 8.50626 0.01
r 58.6 0.01 3 8.43396 0.01
r 58.8 0.01 3 8.32958 0.01
r 59 0.01 3 8.1368 0.01
r 59.2 0.01 3 8.02946 0.01
r 59.4 0.01 3 7.91007 0.01
r 59.6 0.01 3 7.81039 0.01
r 59.8 0.01 3 7.76335 0.01
r 60 0.01 3 7.62795 0.01
r 60.2 0.01 3 7.58222 0.01
r 60.4 0.01 3 7.39236 0.01
r 60.6 0.01 3 7.27619 0.01
r 60.8 0.01 3 7.35372 0.01
r 61 0.01 3 7.02887 0.01
r 61.2 0.01 3 6.92451 0.01
r 61.4 0.01 3 6.82015 0.01
r 61.6 0.01 3 6.71931 0.01
r 61.8 0.01 3 6.62316 0.01
r 62 0.01 3 6.51768 0.01
r 62.2 0.01 3 6.44213 0.01
r 62.4 0.01 3 6.3174 0.01
r 62.6 0.01 3 6.22076 0.01
r 62.8 0.01 3 6.19433 0.01
r 63 0.01 3 6.02652 0.01
r 63.2 0.01 3 5.92413 0.01
r 63.4 0.01 3 5.87799 0.01
r 63.6 0.01 3 5.735 0.01
r 63.8 0.01 3 5.65515 0.01
r 64 0.01 3 5.55516 0.01
r 64.2 0.01 3 5.45569 0.01
r 64.4 0.01 3 5.3705 0.01
r 64.6 0.01 3 5.27892 0.01
r 64.8 0.01 3 5.19816 0.01
r 65 0.01 3 5.10907 0.01
r 65.2 0.01 3 5.0182 0.01
r 65.4 0.01 3 4.93673 0.01
r 65.6 0.01 3 4.85855 0.01
r 65.8 0.01 3 4.7833 0.01
r 66 0.01 3 4.71156 0.01
r 66.2 0.01 3 4.63888 0.01
r 66.4 0.01 3 4.57116 0.01
r 66.6 0.01 3 4.51044 0.01
r 66.8 0.01 3 4.46063 0.01
r 67 0.01 3 4.38483 0.01
r 67.2 0.01 3 4.32944 0.01
r 67.4 0.01 3 4.27682 0.01
r 67.6 0.01 3 4.22865 0.01
r 67.8 0.01 3 4.18402 0.01
r 68 0.01 3 4.14238 0.01
r 68.2 0.01 3 4.1048 0.01
r 68.4 0.01 3 4.07155 0.01
r 68.6 0.01 3 4.04188 0.01
r 68.8 0.01 3 4.01718 0.01
r 69 0.01 3 3.99365 0.01
r 69.2 0.01 3 3.9762 0.01
r 69.4 0.01 3 3.963 0.01
r 69.6 0.01 3 3.95418 0.01
r 69.8 0.01 3 3.95 0.01
r 70 0.01 3 3.9498 0.01
