4
s 30 2 402
r 30 0.01 2 1.36578 0.01
r 30.2 0.01 2 1.37288 0.01
r 30.4 0.01 2 1.39355 0.01
r 30.6 0.01 2 1.42724 0.01
r 30.8 0.01 2 1.47304 0.01
r 31 0.01 2 1.53117 0.01
r 31.2 0.01 2 1.59674 0.01
r 31.4 0.01 2 1.67319 0.01
r 31.6 0.01 2 1.75488 0.01
r 31.8 0.01 2 1.84428 0.01
r 32 0.01 2 1.93923 0.01
r 32.2 0.01 2 2.03937 0.01
r 32.4 0.01 2 2.14338 0.01
r 32.6 0.01 2 2.25097 0.01
r 32.8 0.01 2 2.36181 0.01
r 33 0.01 2 2.47513 0.01
r 33.2 0.01 2 2.59065 0.01
r 33.4 0.01 2 2.70824 0.01
r 33.6 0.01 2 2.82748 0.01
r 33.8 0.01 2 2.94842 0.01
r 34 0.01 2 3.07 0.01
r 34.2 0.01 2 3.19279 0.01
r 34.4 0.01 2 3.31631 0.01
r 34.6 0.01 2 3.44047 0.01
r 34.8 0.01 2 3.56495 0.01
r 35 0.01 2 3.68988 0.01
r 35.2 0.01 2 3.8147 0.01
r 35.4 0.01 2 3.93863 0.01
r 35.6 0.01 2 4.06166 0.01
r 35.8 0.01 2 4.18354 0.01
r 36 0.01 2 4.30488 0.01
r 36.2 0.01 2 4.42676 0.01
r 36.4 0.01 2 4.54926 0.01
r 36.6 0.01 2 4.67079 0.01
r 36.8 0.01 2 4.79303 0.01
r 37 0.01 2 4.91109 0.01
r 37.2 0.01 2 5.03345 0.01
r 37.4 0.01 2 5.15397 0.01
r 37.6 0.01 2 5.27461 0.01
r 37.8 0.01 2 5.39658 0.01
r 38 0.01 2 5.5232 0.01
r 38.2 0.01 2 5.64735 0.01
r 38.4 0.01 2 5.76254 0.01
r 38.6 0.01 2 5.88529 0.01
r 38.8 0.01 2 6.00898 0.01
r 39 0.01 2 6.12389 0.01
r 39.2 0.01 2 6.24524 0.01
r 39.4 0.01 2 6.36425 0.01
r 39.6 0.01 2 6.48304 0.01
r 39.8 0.01 2 6.60752 0.01
r 40 0.01 2 6.729 0.01
r 40.2 0.01 2 6.84722 0.01
r 40.4 0.01 2 6.96719 0.01
r 40.6 0.01 2 7.0882 0.01
r 40.8 0.01 2 7.21633 0.01
r 41 0.01 2 7.32395 0.01
r 41.2 0.01 2 7.43927 0.01
r 41.4 0.01 2 7.55945 0.01
r 41.6 0.01 2 7.67968 0.01
r 41.8 0.01 2 7.79915 0.01
r 42 0.01 2 7.92214 0.01
r 42.2 0.01 2 8.04519 0.01
r 42.4 0.01 2 8.1664 0.01
r 42.6 0.01 2 8.307 0.01
r 42.8 0.01 2 8.40902 0.01
r 43 0.01 2 8.51176 0.01
r 43.2 0.01 2 8.6328 0.01
r 43.4 0.01 2 8.75293 0.01
r 43.6 0.01 2 8.8787 0.01
r 43.8 0.01 2 8.99503 0.01
r 44 0.01 2 9.11161 0.01
r 44.2 0.01 2 9.23676 0.01
r 44.4 0.01 2 9.36773 0.01
r 44.6 0.01 2 9.48847 0.01
r 44.8 0.01 2 9.59675 0.01
r 45 0.01 2 9.71106 0.01
r 45.2 0.01 2 9.83167 0.01
r 45.4 0.01 2 9.95232 0.01
r 45.6 0.01 2 10.0701 0.01
r 45.8 0.01 2 10.1881 0.01
r 46 0.01 2 10.3095 0.01
r 46.2 0.01 2 10.4288 0.01
r 46.4 0.01 2 10.5496 0.01
r 46.6 0.01 2 10.6764 0.01
r 46.8 0.01 2 10.7916 0.01
r 47 0.01 2 10.906 0.01
r 47.2 0.01 2 11.0263 0.01
r 47.4 0.01 2 11.1461 0.01
r 47.6 0.01 2 11.2671 0.01
r 47.8 0.01 2 11.3868 0.01
r 48 0.01 2 11.5083 0.01
r 48.2 0.01 2 11.6288 0.01
r 48.4 0.01 2 11.749 0.01
r 48.6 0.01 2 11.871 0.01
r 48.8 0.01 2 11.9909 0.01
r 49 0.01 2 12.1078 0.01
r 49.2 0.01 2 12.2239 0.01
r 49.4 0.01 2 12.3444 0.01
r 49.6 0.01 2 12.4659 0.01
r 49.8 0.01 2 12.5864 0.01
r 50 0.01 2 12.7051 0.01
r 50.2 0.01 2 12.8277 0.01
r 50.4 0.01 2 12.9468 0.01
r 50.6 0.01 2 13.0677 0.01
r 50.8 0.01 2 13.1884 0.01
r 51 0.01 2 13.3076 0.01
r 51.2 0.01 2 13.4281 0.01
r 51.4 0.01 2 13.5495 0.01
r 51.6 0.01 2 13.6709 0.01
r 51.8 0.01 2 13.7903 0.01
r 52 0.01 2 13.9108 0.01
r 52.2 0.01 2 14.0323 0.01
r 52.4 0.01 2 14.1524 0.01
r 52.6 0.01 2 14.2737 0.01
r 52.8 0.01 2 14.3949 0.01
r 53 0.01 2 14.5163 0.01
r 53.2 0.01 2 14.6379 0.01
r 53.4 0.01 2 14.7595 0.01
r 53.6 0.01 2 14.8813 0.01
r 53.8 0.01 2 15.0027 0.01
r 54 0.01 2 15.1246 0.01
r 54.2 0.01 2 15.2464 0.01
r 54.4 0.01 2 15.3684 0.01
r 54.6 0.01 2 15.4907 0.01
r 54.8 0.01 2 15.6125 0.01
r 55 0.01 2 15.7346 0.01
r 55.2 0.01 2 15.8573 0.01
r 55.4 0.01 2 15.9794 0.01
r 55.6 0.01 2 16.1017 0.01
r 55.8 0.01 2 16.2239 0.01
r 56 0.01 2 16.3461 0.01
r 56.2 0.01 2 16.4682 0.01
r 56.4 0.01 2 16.5905 0.01
r 56.6 0.01 2 16.712 0.01
r 56.8 0.01 2 16.8351 0.01
r 57 0.01 2 16.9572 0.01
r 57.2 0.01 2 17.0792 0.01
r 57.4 0.01 2 17.2013 0.01
r 57.6 0.01 2 17.3235 0.01
r 57.8 0.01 2 17.4454 0.01
r 58 0.01 2 17.5676 0.01
r 58.2 0.01 2 17.6897 0.01
r 58.4 0.01 2 17.8117 0.01
r 58.6 0.01 2 17.9339 0.01
r 58.8 0.01 2 18.0562 0.01
r 59 0.01 2 18.1783 0.01
r 59.2 0.01 2 18.3005 0.01
r 59.4 0.01 2 18.4231 0.01
r 59.6 0.01 2 18.5453 0.01
r 59.8 0.01 2 18.6677 0.01
r 60 0.01 2 18.7899 0.01
r 60.2 0.01 2 18.9127 0.01
r 60.4 0.01 2 19.0351 0.01
r 60.6 0.01 2 19.1577 0.01
r 60.8 0.01 2 19.2804 0.01
r 61 0.01 2 19.4034 0.01
r 61.2 0.01 2 19.5263 0.01
r 61.4 0.01 2 19.6492 0.01
r 61.6 0.01 2 19.7724 0.01
r 61.8 0.01 2 19.8954 0.01
r 62 0.01 2 20.0188 0.01
r 62.2 0.01 2 20.1419 0.01
r 62.4 0.01 2 20.2652 0.01
r 62.6 0.01 2 20.3886 0.01
r 62.8 0.01 2 20.512 0.01
r 63 0.01 2 20.635 0.01
r 63.2 0.01 2 20.7589 0.01
r 63.4 0.01 2 20.8824 0.01
r 63.6 0.01 2 21.0057 0.01
r 63.8 0.01 2 21.1297 0.01
r 64 0.01 2 21.2526 0.01
r 64.2 0.01 2 21.3763 0.01
r 64.4 0.01 2 21.4999 0.01
r 64.6 0.01 2 21.6238 0.01
r 64.8 0.01 2 21.7478 0.01
r 65 0.01 2 21.8718 0.01
r 65.2 0.01 2 21.9966 0.01
r 65.4 0.01 2 22.1205 0.01
r 65.6 0.01 2 22.2449 0.01
r 65.8 0.01 2 22.3697 0.01
r 66 0.01 2 22.4945 0.01
r 66.2 0.01 2 22.6195 0.01
r 66.4 0.01 2 22.7447 0.01
r 66.6 0.01 2 22.8699 0.01
r 66.8 0.01 2 22.9953 0.01
r 67 0.01 2 23.1207 0.01
r 67.2 0.01 2 23.2465 0.01
r 67.4 0.01 2 23.3727 0.01
r 67.6 0.01 2 23.4981 0.01
r 67.8 0.01 2 23.624 0.01
r 68 0.01 2 23.7508 0.01
r 68.2 0.01 2 23.8767 0.01
r 68.4 0.01 2 24.0032 0.01
r 68.6 0.01 2 24.1298 0.01
r 68.8 0.01 2 24.2574 0.01
r 69 0.01 2 24.384 0.01
r 69.2 0.01 2 24.5112 0.01
r 69.4 0.01 2 24.6386 0.01
r 69.6 0.01 2 24.7665 0.01
r 69.8 0.01 2 24.8943 0.01
r 70 0.01 2 25.0224 0.01
r 30 0.01 3 4.11137 0.01
r 30.2 0.01 3 4.11301 0.01
r 30.4 0.01 3 4.11886 0.01
r 30.6 0.01 3 4.12948 0.01
r 30.8 0.01 3 4.14459 0.01
r 31 0.01 3 4.16759 0.01
r 31.2 0.01 3 4.1887 0.01
r 31.4 0.01 3 4.21769 0.01
r 31.6 0.01 3 4.25369 0.01
r 31.8 0.01 3 4.28602 0.01
r 32 0.01 3 4.32652 0.01
r 32.2 0.01 3 4.3708 0.01
r 32.4 0.01 3 4.41888 0.01
r 32.6 0.01 3 4.47048 0.01
r 32.8 0.01 3 4.52535 0.01
r 33 0.01 3 4.58435 0.01
r 33.2 0.01 3 4.64975 0.01
r 33.4 0.01 3 4.71275 0.01
r 33.6 0.01 3 4.77965 0.01
r 33.8 0.01 3 4.85036 0.01
r 34 0.01 3 4.92321 0.01
r 34.2 0.01 3 4.99923 0.01
r 34.4 0.01 3 5.07821 0.01
r 34.6 0.01 3 5.1575 0.01
r 34.8 0.01 3 5.24524 0.01
r 35 0.01 3 5.32298 0.01
r 35.2 0.01 3 5.40927 0.01
r 35.4 0.01 3 5.50185 0.01
r 35.6 0.01 3 5.5906 0.01
r 35.8 0.01 3 5.6817 0.01
r 36 0.01 3 5.77304 0.01
r 36.2 0.01 3 5.86871 0.01
r 36.4 0.01 3 5.96658 0.01
r 36.6 0.01 3 6.0644 0.01
r 36.8 0.01 3 6.16479 0.01
r 37 0.01 3 6.26445 0.01
r 37.2 0.01 3 6.36555 0.01
r 37.4 0.01 3 6.46785 0.01
r 37.6 0.01 3 6.5725 0.01
r 37.8 0.01 3 6.68453 0.01
r 38 0.01 3 6.78767 0.01
r 38.2 0.01 3 6.8924 0.01
r 38.4 0.01 3 7.00543 0.01
r 38.6 0.01 3 7.11522 0.01
r 38.8 0.01 3 7.22507 0.01
r 39 0.01 3 7.33638 0.01
r 39.2 0.01 3 7.44876 0.01
r 39.4 0.01 3 7.56201 0.01
r 39.6 0.01 3 7.67569 0.01
r 39.8 0.01 3 7.79163 0.01
r 40 0.01 3 7.90505 0.01
r 40.2 0.01 3 8.01856 0.01
r 40.4 0.01 3 8.13357 0.01
r 40.6 0.01 3 8.25066 0.01
r 40.8 0.01 3 8.36559 0.01
r 41 0.01 3 8.44907 0.01
r 41.2 0.01 3 8.56134 0.01
r 41.4 0.01 3 8.67842 0.01
r 41.6 0.01 3 8.79243 0.01
r 41.8 0.01 3 8.90622 0.01
r 42 0.01 3 9.02057 0.01
r 42.2 0.01 3 9.13568 0.01
r 42.4 0.01 3 9.2514 0.01
r 42.6 0.01 3 9.36706 0.01
r 42.8 0.01 3 9.48357 0.01
r 43 0.01 3 9.59957 0.01
r 43.2 0.01 3 9.71715 0.01
r 43.4 0.01 3 9.83206 0.01
r 43.6 0.01 3 9.95009 0.01
r 43.8 0.01 3 10.0679 0.01
r 44 0.01 3 10.1862 0.01
r 44.2 0.01 3 10.3048 0.01
r 44.4 0.01 3 10.4233 0.01
r 44.6 0.01 3 10.5422 0.01
r 44.8 0.01 3 10.6612 0.01
r 45 0.01 3 10.7925 0.01
r 45.2 0.01 3 10.91 0.01
r 45.4 0.01 3 11.0281 0.01
r 45.6 0.01 3 11.1467 0.01
r 45.8 0.01 3 11.2656 0.01
r 46 0.01 3 11.3846 0.01
r 46.2 0.01 3 11.5037 0.01
r 46.4 0.01 3 11.6227 0.01
r 46.6 0.01 3 11.7415 0.01
r 46.8 0.01 3 11.8605 0.01
r 47 0.01 3 11.9797 0.01
r 47.2 0.01 3 12.0994 0.01
r 47.4 0.01 3 12.2189 0.01
r 47.6 0.01 3 12.3386 0.01
r 47.8 0.01 3 12.4586 0.01
r 48 0.01 3 12.5781 0.01
r 48.2 0.01 3 12.6974 0.01
r 48.4 0.01 3 12.8178 0.01
r 48.6 0.01 3 12.9328 0.01
r 48.8 0.01 3 13.0573 0.01
r 49 0.01 3 13.166 0.01
r 49.2 0.01 3 13.2851 0.01
r 49.4 0.01 3 13.4041 0.01
r 49.6 0.01 3 13.5235 0.01
r 49.8 0.01 3 13.6428 0.01
r 50 0.01 3 13.7629 0.01
r 50.2 0.01 3 13.8823 0.01
r 50.4 0.01 3 14.0022 0.01
r 50.6 0.01 3 14.1226 0.01
r 50.8 0.01 3 14.2428 0.01
r 51 0.01 3 14.3627 0.01
r 51.2 0.01 3 14.4828 0.01
r 51.4 0.01 3 14.6031 0.01
r 51.6 0.01 3 14.7239 0.01
r 51.8 0.01 3 14.8441 0.01
r 52 0.01 3 14.965 0.01
r 52.2 0.01 3 15.0863 0.01
r 52.4 0.01 3 15.2064 0.01
r 52.6 0.01 3 15.328 0.01
r 52.8 0.01 3 15.4483 0.01
r 53 0.01 3 15.5079 0.01
r 53.2 0.01 3 15.6282 0.01
r 53.4 0.01 3 15.7493 0.01
r 53.6 0.01 3 15.8699 0.01
r 53.8 0.01 3 15.9907 0.01
r 54 0.01 3 16.114 0.01
r 54.2 0.01 3 16.2353 0.01
r 54.4 0.01 3 16.3544 0.01
r 54.6 0.01 3 16.4774 0.01
r 54.8 0.01 3 16.6001 0.01
r 55 0.01 3 16.6948 0.01
r 55.2 0.01 3 16.8217 0.01
r 55.4 0.01 3 16.9434 0.01
r 55.6 0.01 3 17.065 0.01
r 55.8 0.01 3 17.1803 0.01
r 56 0.01 3 17.3093 0.01
r 56.2 0.01 3 17.431 0.01
r 56.4 0.01 3 17.5531 0.01
r 56.6 0.01 3 17.6761 0.01
r 56.8 0.01 3 17.7977 0.01
r 57 0.01 3 17.8838 0.01
r 57.2 0.01 3 18.008 0.01
r 57.4 0.01 3 18.1264 0.01
r 57.6 0.01 3 18.2475 0.01
r 57.8 0.01 3 18.3672 0.01
r 58 0.01 3 18.4762 0.01
r 58.2 0.01 3 18.6164 0.01
r 58.4 0.01 3 18.7406 0.01
r 58.6 0.01 3 18.8653 0.01
r 58.8 0.01 3 18.9889 0.01
r 59 0.01 3 19.0479 0.01
r 59.2 0.01 3 19.168 0.01
r 59.4 0.01 3 19.2915 0.01
r 59.6 0.01 3 19.4136 0.01
r 59.8 0.01 3 19.5365 0.01
r 60 0.01 3 19.6593 0.01
r 60.2 0.01 3 19.7831 0.01
r 60.4 0.01 3 19.9082 0.01
r 60.6 0.01 3 20.0316 0.01
r 60.8 0.01 3 20.1513 0.01
r 61 0.01 3 20.3101 0.01
r 61.2 0.01 3 20.4273 0.01
r 61.4 0.01 3 20.5517 0.01
r 61.6 0.01 3 20.6647 0.01
r 61.8 0.01 3 20.7824 0.01
r 62 0.01 3 20.9245 0.01
r 62.2 0.01 3 21.0241 0.01
r 62.4 0.01 3 21.1717 0.01
r 62.6 0.01 3 21.2933 0.01
r 62.8 0.01 3 21.4182 0.01
r 63 0.01 3 21.5061 0.01
r 63.2 0.01 3 21.6301 0.01
r 63.4 0.01 3 21.7547 0.01
r 63.6 0.01 3 21.8769 0.01
r 63.8 0.01 3 22.017 0.01
r 64 0.01 3 22.1228 0.01
r 64.2 0.01 3 22.2474 0.01
r 64.4 0.01 3 22.3706 0.01
r 64.6 0.01 3 22.4959 0.01
r 64.8 0.01 3 22.6192 0.01
r 65 0.01 3 22.7576 0.01
r 65.2 0.01 3 22.8707 0.01
r 65.4 0.01 3 22.994 0.01
r 65.6 0.01 3 23.1192 0.01
r 65.8 0.01 3 23.2644 0.01
r 66 0.01 3 23.3713 0.01
r 66.2 0.01 3 23.497 0.01
r 66.4 0.01 3 23.6219 0.01
r 66.6 0.01 3 23.7479 0.01
r 66.8 0.01 3 23.8733 0.01
r 67 0.01 3 23.9432 0.01
r 67.2 0.01 3 24.0692 0.01
r 67.4 0.01 3 24.1951 0.01
r 67.6 0.01 3 24.3204 0.01
r 67.8 0.01 3 24.4504 0.01
r 68 0.01 3 24.5826 0.01
r 68.2 0.01 3 24.6996 0.01
r 68.4 0.01 3 24.8261 0.01
r 68.6 0.01 3 24.9535 0.01
r 68.8 0.01 3 25.0804 0.01
r 69 0.01 3 25.1361 0.01
r 69.2 0.01 3 25.2679 0.01
r 69.4 0.01 3 25.3864 0.01
r 69.6 0.01 3 25.5256 0.01
r 69.8 0.01 3 25.643 0.01
r 70 0.01 3 25.7805 0.01
s 43.3 2 402
r 30 0.01 2 8.81885 0.01
r 30.2 0.01 2 8.69556 0.01
r 30.4 0.01 2 8.5656 0.01
r 30.6 0.01 2 8.43857 0.01
r 30.8 0.01 2 8.31121 0.01
r 31 0.01 2 8.18795 0.01
r 31.2 0.01 2 8.06087 0.01
r 31.4 0.01 2 7.93409 0.01
r 31.6 0.01 2 7.80816 0.01
r 31.8 0.01 2 7.68075 0.01
r 32 0.01 2 7.55506 0.01
r 32.2 0.01 2 7.42562 0.01
r 32.4 0.01 2 7.29682 0.01
r 32.6 0.01 2 7.16898 0.01
r 32.8 0.01 2 7.04107 0.01
r 33 0.01 2 6.91911 0.01
r 33.2 0.01 2 6.79457 0.01
r 33.4 0.01 2 6.66839 0.01
r 33.6 0.01 2 6.54225 0.01
r 33.8 0.01 2 6.41272 0.01
r 34 0.01 2 6.2863 0.01
r 34.2 0.01 2 6.15962 0.01
r 34.4 0.01 2 6.03472 0.01
r 34.6 0.01 2 5.90941 0.01
r 34.8 0.01 2 5.77833 0.01
r 35 0.01 2 5.64993 0.01
r 35.2 0.01 2 5.52182 0.01
r 35.4 0.01 2 5.39454 0.01
r 35.6 0.01 2 5.26757 0.01
r 35.8 0.01 2 5.14147 0.01
r 36 0.01 2 5.01486 0.01
r 36.2 0.01 2 4.88894 0.01
r 36.4 0.01 2 4.76322 0.01
r 36.6 0.01 2 4.63783 0.01
r 36.8 0.01 2 4.51281 0.01
r 37 0.01 2 4.38767 0.01
r 37.2 0.01 2 4.26133 0.01
r 37.4 0.01 2 4.13549 0.01
r 37.6 0.01 2 4.00988 0.01
r 37.8 0.01 2 3.88437 0.01
r 38 0.01 2 3.7593 0.01
r 38.2 0.01 2 3.63469 0.01
r 38.4 0.01 2 3.51058 0.01
r 38.6 0.01 2 3.38713 0.01
r 38.8 0.01 2 3.26432 0.01
r 39 0.01 2 3.1424 0.01
r 39.2 0.01 2 3.02127 0.01
r 39.4 0.01 2 2.90137 0.01
r 39.6 0.01 2 2.78276 0.01
r 39.8 0.01 2 2.66551 0.01
r 40 0.01 2 2.54995 0.01
r 40.2 0.01 2 2.43691 0.01
r 40.4 0.01 2 2.3248 0.01
r 40.6 0.01 2 2.21646 0.01
r 40.8 0.01 2 2.10993 0.01
r 41 0.01 2 2.0064 0.01
r 41.2 0.01 2 1.90723 0.01
r 41.4 0.01 2 1.81255 0.01
r 41.6 0.01 2 1.72289 0.01
r 41.8 0.01 2 1.63922 0.01
r 42 0.01 2 1.56222 0.01
r 42.2 0.01 2 1.49314 0.01
r 42.4 0.01 2 1.43316 0.01
r 42.6 0.01 2 1.38291 0.01
r 42.8 0.01 2 1.34398 0.01
r 43 0.01 2 1.31723 0.01
r 43.2 0.01 2 1.30385 0.01
r 43.4 0.01 2 1.30261 0.01
r 43.6 0.01 2 1.31374 0.01
r 43.8 0.01 2 1.33732 0.01
r 44 0.01 2 1.37356 0.01
r 44.2 0.01 2 1.42069 0.01
r 44.4 0.01 2 1.47783 0.01
r 44.6 0.01 2 1.54403 0.01
r 44.8 0.01 2 1.617 0.01
r 45 0.01 2 1.69766 0.01
r 45.2 0.01 2 1.78263 0.01
r 45.4 0.01 2 1.87332 0.01
r 45.6 0.01 2 1.96886 0.01
r 45.8 0.01 2 2.06515 0.01
r 46 0.01 2 2.16654 0.01
r 46.2 0.01 2 2.26952 0.01
r 46.4 0.01 2 2.37467 0.01
r 46.6 0.01 2 2.4819 0.01
r 46.8 0.01 2 2.59066 0.01
r 47 0.01 2 2.70137 0.01
r 47.2 0.01 2 2.81319 0.01
r 47.4 0.01 2 2.92514 0.01
r 47.6 0.01 2 3.03825 0.01
r 47.8 0.01 2 3.15137 0.01
r 48 0.01 2 3.26569 0.01
r 48.2 0.01 2 3.38093 0.01
r 48.4 0.01 2 3.49685 0.01
r 48.6 0.01 2 3.61333 0.01
r 48.8 0.01 2 3.73008 0.01
r 49 0.01 2 3.84753 0.01
r 49.2 0.01 2 3.96458 0.01
r 49.4 0.01 2 4.08217 0.01
r 49.6 0.01 2 4.19985 0.01
r 49.8 0.01 2 4.3177 0.01
r 50 0.01 2 4.43594 0.01
r 50.2 0.01 2 4.55436 0.01
r 50.4 0.01 2 4.67326 0.01
r 50.6 0.01 2 4.79217 0.01
r 50.8 0.01 2 4.91123 0.01
r 51 0.01 2 5.03051 0.01
r 51.2 0.01 2 5.14978 0.01
r 51.4 0.01 2 5.26911 0.01
r 51.6 0.01 2 5.38948 0.01
r 51.8 0.01 2 5.50919 0.01
r 52 0.01 2 5.6286 0.01
r 52.2 0.01 2 5.74836 0.01
r 52.4 0.01 2 5.8683 0.01
r 52.6 0.01 2 5.98847 0.01
r 52.8 0.01 2 6.1088 0.01
r 53 0.01 2 6.22865 0.01
r 53.2 0.01 2 6.34923 0.01
r 53.4 0.01 2 6.47007 0.01
r 53.6 0.01 2 6.59062 0.01
r 53.8 0.01 2 6.71158 0.01
r 54 0.01 2 6.83265 0.01
r 54.2 0.01 2 6.95382 0.01
r 54.4 0.01 2 7.0752 0.01
r 54.6 0.01 2 7.1967 0.01
r 54.8 0.01 2 7.31843 0.01
r 55 0.01 2 7.44034 0.01
r 55.2 0.01 2 7.56238 0.01
r 55.4 0.01 2 7.68448 0.01
r 55.6 0.01 2 7.80662 0.01
r 55.8 0.01 2 7.9287 0.01
r 56 0.01 2 8.05089 0.01
r 56.2 0.01 2 8.17303 0.01
r 56.4 0.01 2 8.29526 0.01
r 56.6 0.01 2 8.41745 0.01
r 56.8 0.01 2 8.53965 0.01
r 57 0.01 2 8.66186 0.01
r 57.2 0.01 2 8.78406 0.01
r 57.4 0.01 2 8.90626 0.01
r 57.6 0.01 2 9.02831 0.01
r 57.8 0.01 2 9.15045 0.01
r 58 0.01 2 9.27257 0.01
r 58.2 0.01 2 9.3947 0.01
r 58.4 0.01 2 9.51678 0.01
r 58.6 0.01 2 9.63896 0.01
r 58.8 0.01 2 9.76118 0.01
r 59 0.01 2 9.88339 0.01
r 59.2 0.01 2 10.0057 0.01
r 59.4 0.01 2 10.128 0.01
r 59.6 0.01 2 10.2503 0.01
r 59.8 0.01 2 10.3727 0.01
r 60 0.01 2 10.4952 0.01
r 60.2 0.01 2 10.6177 0.01
r 60.4 0.01 2 10.7402 0.01
r 60.6 0.01 2 10.8628 0.01
r 60.8 0.01 2 10.9856 0.01
r 61 0.01 2 11.1083 0.01
r 61.2 0.01 2 11.2312 0.01
r 61.4 0.01 2 11.3542 0.01
r 61.6 0.01 2 11.4773 0.01
r 61.8 0.01 2 11.6004 0.01
r 62 0.01 2 11.7236 0.01
r 62.2 0.01 2 11.8469 0.01
r 62.4 0.01 2 11.9702 0.01
r 62.6 0.01 2 12.0936 0.01
r 62.8 0.01 2 12.217 0.01
r 63 0.01 2 12.3404 0.01
r 63.2 0.01 2 12.4638 0.01
r 63.4 0.01 2 12.5872 0.01
r 63.6 0.01 2 12.7106 0.01
r 63.8 0.01 2 12.8341 0.01
r 64 0.01 2 12.9576 0.01
r 64.2 0.01 2 13.0812 0.01
r 64.4 0.01 2 13.2049 0.01
r 64.6 0.01 2 13.3287 0.01
r 64.8 0.01 2 13.4527 0.01
r 65 0.01 2 13.5767 0.01
r 65.2 0.01 2 13.701 0.01
r 65.4 0.01 2 13.8254 0.01
r 65.6 0.01 2 13.95 0.01
r 65.8 0.01 2 14.0747 0.01
r 66 0.01 2 14.1995 0.01
r 66.2 0.01 2 14.3245 0.01
r 66.4 0.01 2 14.4496 0.01
r 66.6 0.01 2 14.5749 0.01
r 66.8 0.01 2 14.7003 0.01
r 67 0.01 2 14.8258 0.01
r 67.2 0.01 2 14.9514 0.01
r 67.4 0.01 2 15.0772 0.01
r 67.6 0.01 2 15.2031 0.01
r 67.8 0.01 2 15.3292 0.01
r 68 0.01 2 15.4553 0.01
r 68.2 0.01 2 15.5817 0.01
r 68.4 0.01 2 15.7082 0.01
r 68.6 0.01 2 15.8349 0.01
r 68.8 0.01 2 15.9618 0.01
r 69 0.01 2 16.0889 0.01
r 69.2 0.01 2 16.2162 0.01
r 69.4 0.01 2 16.3437 0.01
r 69.6 0.01 2 16.4714 0.01
r 69.8 0.01 2 16.5993 0.01
r 70 0.01 2 16.7274 0.01
r 30 0.01 3 9.76978 0.01
r 30.2 0.01 3 9.64497 0.01
r 30.4 0.01 3 9.52017 0.01
r 30.6 0.01 3 9.39594 0.01
r 30.8 0.01 3 9.27652 0.01
r 31 0.01 3 9.2867 0.01
r 31.2 0.01 3 9.14645 0.01
r 31.4 0.01 3 9.01318 0.01
r 31.6 0.01 3 8.88646 0.01
r 31.8 0.01 3 8.83805 0.01
r 32 0.01 3 8.6841 0.01
r 32.2 0.01 3 8.56022 0.01
r 32.4 0.01 3 8.38172 0.01
r 32.6 0.01 3 8.30687 0.01
r 32.8 0.01 3 8.16159 0.01
r 33 0.01 3 8.04384 0.01
r 33.2 0.01 3 7.92025 0.01
r 33.4 0.01 3 7.85099 0.01
r 33.6 0.01 3 7.67777 0.01
r 33.8 0.01 3 7.56491 0.01
r 34 0.01 3 7.43077 0.01
r 34.2 0.01 3 7.36754 0.01
r 34.4 0.01 3 7.2039 0.01
r 34.6 0.01 3 7.09829 0.01
r 34.8 0.01 3 6.95445 0.01
r 35 0.01 3 6.86374 0.01
r 35.2 0.01 3 6.72897 0.01
r 35.4 0.01 3 6.6478 0.01
r 35.6 0.01 3 6.50264 0.01
r 35.8 0.01 3 6.44004 0.01
r 36 0.01 3 6.29146 0.01
r 36.2 0.01 3 6.18346 0.01
r 36.4 0.01 3 6.07965 0.01
r 36.6 0.01 3 5.97776 0.01
r 36.8 0.01 3 5.87648 0.01
r 37 0.01 3 5.78555 0.01
r 37.2 0.01 3 5.68646 0.01
r 37.4 0.01 3 5.58762 0.01
r 37.6 0.01 3 5.49204 0.01
r 37.8 0.01 3 5.39781 0.01
r 38 0.01 3 5.31002 0.01
r 38.2 0.01 3 5.22068 0.01
r 38.4 0.01 3 5.13157 0.01
r 38.6 0.01 3 5.04679 0.01
r 38.8 0.01 3 4.96229 0.01
r 39 0.01 3 4.88998 0.01
r 39.2 0.01 3 4.80594 0.01
r 39.4 0.01 3 4.7324 0.01
r 39.6 0.01 3 4.66231 0.01
r 39.8 0.01 3 4.59239 0.01
r 40 0.01 3 4.52334 0.01
r 40.2 0.01 3 4.46005 0.01
r 40.4 0.01 3 4.39825 0.01
r 40.6 0.01 3 4.34642 0.01
r 40.8 0.01 3 4.28408 0.01
r 41 0.01 3 4.23314 0.01
r 41.2 0.01 3 4.18488 0.01
r 41.4 0.01 3 4.14015 0.01
r 41.6 0.01 3 4.09984 0.01
r 41.8 0.01 3 4.06171 0.01
r 42 0.01 3 4.02841 0.01
r 42.2 0.01 3 3.99951 0.01
r 42.4 0.01 3 3.97403 0.01
r 42.6 0.01 3 3.95299 0.01
r 42.8 0.01 3 3.93658 0.01
r 43 0.01 3 3.92436 0.01
r 43.2 0.01 3 3.91659 0.01
r 43.4 0.01 3 3.91344 0.01
r 43.6 0.01 3 3.91365 0.01
r 43.8 0.01 3 3.91884 0.01
r 44 0.01 3 3.92838 0.01
r 44.2 0.01 3 3.94241 0.01
r 44.4 0.01 3 3.96428 0.01
r 44.6 0.01 3 3.98391 0.01
r 44.8 0.01 3 4.01166 0.01
r 45 0.01 3 4.04476 0.01
r 45.2 0.01 3 4.07815 0.01
r 45.4 0.01 3 4.11609 0.01
r 45.6 0.01 3 4.15772 0.01
r 45.8 0.01 3 4.20319 0.01
r 46 0.01 3 4.25152 0.01
r 46.2 0.01 3 4.30375 0.01
r 46.4 0.01 3 4.35919 0.01
r 46.6 0.01 3 4.43448 0.01
r 46.8 0.01 3 4.54723 0.01
r 47 0.01 3 4.54141 0.01
r 47.2 0.01 3 4.60795 0.01
r 47.4 0.01 3 4.67835 0.01
r 47.6 0.01 3 4.75063 0.01
r 47.8 0.01 3 4.82526 0.01
r 48 0.01 3 4.90173 0.01
r 48.2 0.01 3 4.98032 0.01
r 48.4 0.01 3 5.05991 0.01
r 48.6 0.01 3 5.46478 0.01
r 48.8 0.01 3 5.24993 0.01
r 49 0.01 3 5.33562 0.01
r 49.2 0.01 3 5.41791 0.01
r 49.4 0.01 3 5.50979 0.01
r 49.6 0.01 3 5.59525 0.01
r 49.8 0.01 3 5.6932 0.01
r 50 0.01 3 5.78814 0.01
r 50.2 0.01 3 5.87302 0.01
r 50.4 0.01 3 5.96653 0.01
r 50.6 0.01 3 6.06668 0.01
r 50.8 0.01 3 6.51843 0.01
r 51 0.01 3 6.30273 0.01
r 51.2 0.01 3 6.37733 0.01
r 51.4 0.01 3 6.50713 0.01
r 51.6 0.01 3 6.59357 0.01
r 51.8 0.01 3 6.68727 0.01
r 52 0.01 3 6.82291 0.01
r 52.2 0.01 3 6.90749 0.01
r 52.4 0.01 3 6.99979 0.01
r 52.6 0.01 3 7.10729 0.01
r 52.8 0.01 3 7.23298 0.01
r 53 0.01 3 7.32356 0.01
r 53.2 0.01 3 7.42632 0.01
r 53.4 0.01 3 7.55103 0.01
r 53.6 0.01 3 7.66476 0.01
r 53.8 0.01 3 8.03052 0.01
r 54 0.01 3 7.85655 0.01
r 54.2 0.01 3 8.19808 0.01
r 54.4 0.01 3 8.20656 0.01
r 54.6 0.01 3 8.32648 0.01
r 54.8 0.01 3 8.39606 0.01
r 55 0.01 3 8.46027 0.01
r 55.2 0.01 3 8.55439 0.01
r 55.4 0.01 3 8.68952 0.01
r 55.6 0.01 3 9.0754 0.01
r 55.8 0.01 3 8.92041 0.01
r 56 0.01 3 9.0057 0.01
r 56.2 0.01 3 9.18189 0.01
r 56.4 0.01 3 9.27638 0.01
r 56.6 0.01 3 9.4955 0.01
r 56.8 0.01 3 9.58705 0.01
r 57 0.01 3 9.61219 0.01
r 57.2 0.01 3 9.82292 0.01
r 57.4 0.01 3 9.89255 0.01
r 57.6 0.01 3 10.0025 0.01
r 57.8 0.01 3 10.0927 0.01
r 58 0.01 3 10.2111 0.01
r 58.2 0.01 3 10.3552 0.01
r 58.4 0.01 3 10.4892 0.01
r 58.6 0.01 3 10.593 0.01
r 58.8 0.01 3 10.6974 0.01
r 59 0.01 3 10.9293 0.01
r 59.2 0.01 3 11.0255 0.01
r 59.4 0.01 3 11.1079 0.01
r 59.6 0.01 3 11.223 0.01
r 59.8 0.01 3 11.3157 0.01
r 60 0.01 3 11.4275 0.01
r 60.2 0.01 3 11.5199 0.01
r 60.4 0.01 3 11.6244 0.01
r 60.6 0.01 3 11.7311 0.01
r 60.8 0.01 3 11.8387 0.01
r 61 0.01 3 11.9541 0.01
r 61.2 0.01 3 12.0628 0.01
r 61.4 0.01 3 12.174 0.01
r 61.6 0.01 3 12.2858 0.01
r 61.8 0.01 3 12.3991 0.01
r 62 0.01 3 12.5132 0.01
r 62.2 0.01 3 12.6288 0.01
r 62.4 0.01 3 12.7445 0.01
r 62.6 0.01 3 12.8615 0.01
r 62.8 0.01 3 12.9791 0.01
r 63 0.01 3 13.0977 0.01
r 63.2 0.01 3 13.2175 0.01
r 63.4 0.01 3 13.337 0.01
r 63.6 0.01 3 13.4576 0.01
r 63.8 0.01 3 13.5781 0.01
r 64 0.01 3 13.6997 0.01
r 64.2 0.01 3 13.8214 0.01
r 64.4 0.01 3 13.9429 0.01
r 64.6 0.01 3 14.066 0.01
r 64.8 0.01 3 14.1884 0.01
r 65 0.01 3 14.3036 0.01
r 65.2 0.01 3 14.4238 0.01
r 65.4 0.01 3 14.5446 0.01
r 65.6 0.01 3 14.6659 0.01
r 65.8 0.01 3 14.7878 0.01
r 66 0.01 3 14.9101 0.01
r 66.2 0.01 3 15.0328 0.01
r 66.4 0.01 3 15.1561 0.01
r 66.6 0.01 3 15.2797 0.01
r 66.8 0.01 3 15.4038 0.01
r 67 0.01 3 15.5265 0.01
r 67.2 0.01 3 15.6508 0.01
r 67.4 0.01 3 15.7755 0.01
r 67.6 0.01 3 15.9002 0.01
r 67.8 0.01 3 16.0255 0.01
r 68 0.01 3 16.151 0.01
r 68.2 0.01 3 16.2768 0.01
r 68.4 0.01 3 16.4029 0.01
r 68.6 0.01 3 16.5293 0.01
r 68.8 0.01 3 16.6559 0.01
r 69 0.01 3 16.7768 0.01
r 69.2 0.01 3 16.9028 0.01
r 69.4 0.01 3 17.0291 0.01
r 69.6 0.01 3 17.1557 0.01
r 69.8 0.01 3 17.2827 0.01
r 70 0.01 3 17.41 0.01
s 56.7 2 402
r 30 0.01 2 17.2814 0.01
r 30.2 0.01 2 17.1542 0.01
r 30.4 0.01 2 17.0253 0.01
r 30.6 0.01 2 16.8971 0.01
r 30.8 0.01 2 16.7696 0.01
r 31 0.01 2 16.6461 0.01
r 31.2 0.01 2 16.5194 0.01
r 31.4 0.01 2 16.3932 0.01
r 31.6 0.01 2 16.2667 0.01
r 31.8 0.01 2 16.1403 0.01
r 32 0.01 2 16.0142 0.01
r 32.2 0.01 2 15.8863 0.01
r 32.4 0.01 2 15.7565 0.01
r 32.6 0.01 2 15.6319 0.01
r 32.8 0.01 2 15.5031 0.01
r 33 0.01 2 15.3802 0.01
r 33.2 0.01 2 15.2523 0.01
r 33.4 0.01 2 15.1264 0.01
r 33.6 0.01 2 14.9992 0.01
r 33.8 0.01 2 14.8719 0.01
r 34 0.01 2 14.7455 0.01
r 34.2 0.01 2 14.622 0.01
r 34.4 0.01 2 14.4954 0.01
r 34.6 0.01 2 14.3657 0.01
r 34.8 0.01 2 14.2362 0.01
r 35 0.01 2 14.1086 0.01
r 35.2 0.01 2 13.9806 0.01
r 35.4 0.01 2 13.8533 0.01
r 35.6 0.01 2 13.7274 0.01
r 35.8 0.01 2 13.5997 0.01
r 36 0.01 2 13.4737 0.01
r 36.2 0.01 2 13.3477 0.01
r 36.4 0.01 2 13.219 0.01
r 36.6 0.01 2 13.0893 0.01
r 36.8 0.01 2 12.96 0.01
r 37 0.01 2 12.8343 0.01
r 37.2 0.01 2 12.7049 0.01
r 37.4 0.01 2 12.5756 0.01
r 37.6 0.01 2 12.446 0.01
r 37.8 0.01 2 12.3166 0.01
r 38 0.01 2 12.1879 0.01
r 38.2 0.01 2 12.0585 0.01
r 38.4 0.01 2 11.9297 0.01
r 38.6 0.01 2 11.8014 0.01
r 38.8 0.01 2 11.6777 0.01
r 39 0.01 2 11.5467 0.01
r 39.2 0.01 2 11.4161 0.01
r 39.4 0.01 2 11.2856 0.01
r 39.6 0.01 2 11.1552 0.01
r 39.8 0.01 2 11.0253 0.01
r 40 0.01 2 10.8956 0.01
r 40.2 0.01 2 10.7664 0.01
r 40.4 0.01 2 10.6376 0.01
r 40.6 0.01 2 10.509 0.01
r 40.8 0.01 2 10.3812 0.01
r 41 0.01 2 10.2546 0.01
r 41.2 0.01 2 10.1271 0.01
r 41.4 0.01 2 9.99924 0.01
r 41.6 0.01 2 9.87257 0.01
r 41.8 0.01 2 9.74354 0.01
r 42 0.01 2 9.6145 0.01
r 42.2 0.01 2 9.48568 0.01
r 42.4 0.01 2 9.35735 0.01
r 42.6 0.01 2 9.22933 0.01
r 42.8 0.01 2 9.10183 0.01
r 43 0.01 2 8.98349 0.01
r 43.2 0.01 2 8.85216 0.01
r 43.4 0.01 2 8.7211 0.01
r 43.6 0.01 2 8.59026 0.01
r 43.8 0.01 2 8.45983 0.01
r 44 0.01 2 8.32946 0.01
r 44.2 0.01 2 8.19947 0.01
r 44.4 0.01 2 8.06964 0.01
r 44.6 0.01 2 7.94008 0.01
r 44.8 0.01 2 7.81077 0.01
r 45 0.01 2 7.68179 0.01
r 45.2 0.01 2 7.55309 0.01
r 45.4 0.01 2 7.42447 0.01
r 45.6 0.01 2 7.29585 0.01
r 45.8 0.01 2 7.16703 0.01
r 46 0.01 2 7.03788 0.01
r 46.2 0.01 2 6.90785 0.01
r 46.4 0.01 2 6.77766 0.01
r 46.6 0.01 2 6.64744 0.01
r 46.8 0.01 2 6.51737 0.01
r 47 0.01 2 6.38766 0.01
r 47.2 0.01 2 6.2581 0.01
r 47.4 0.01 2 6.12912 0.01
r 47.6 0.01 2 6.00024 0.01
r 47.8 0.01 2 5.87192 0.01
r 48 0.01 2 5.74432 0.01
r 48.2 0.01 2 5.61718 0.01
r 48.4 0.01 2 5.48947 0.01
r 48.6 0.01 2 5.3627 0.01
r 48.8 0.01 2 5.23608 0.01
r 49 0.01 2 5.10948 0.01
r 49.2 0.01 2 4.98284 0.01
r 49.4 0.01 2 4.85635 0.01
r 49.6 0.01 2 4.73017 0.01
r 49.8 0.01 2 4.60424 0.01
r 50 0.01 2 4.47868 0.01
r 50.2 0.01 2 4.3536 0.01
r 50.4 0.01 2 4.22903 0.01
r 50.6 0.01 2 4.10507 0.01
r 50.8 0.01 2 3.98178 0.01
r 51 0.01 2 3.85928 0.01
r 51.2 0.01 2 3.73753 0.01
r 51.4 0.01 2 3.61659 0.01
r 51.6 0.01 2 3.4964 0.01
r 51.8 0.01 2 3.37693 0.01
r 52 0.01 2 3.2581 0.01
r 52.2 0.01 2 3.14008 0.01
r 52.4 0.01 2 3.023 0.01
r 52.6 0.01 2 2.90699 0.01
r 52.8 0.01 2 2.79208 0.01
r 53 0.01 2 2.67841 0.01
r 53.2 0.01 2 2.56615 0.01
r 53.4 0.01 2 2.45549 0.01
r 53.6 0.01 2 2.34665 0.01
r 53.8 0.01 2 2.24002 0.01
r 54 0.01 2 2.13593 0.01
r 54.2 0.01 2 2.03464 0.01
r 54.4 0.01 2 1.93645 0.01
r 54.6 0.01 2 1.84184 0.01
r 54.8 0.01 2 1.75155 0.01
r 55 0.01 2 1.66587 0.01
r 55.2 0.01 2 1.58621 0.01
r 55.4 0.01 2 1.51277 0.01
r 55.6 0.01 2 1.44673 0.01
r 55.8 0.01 2 1.38944 0.01
r 56 0.01 2 1.34201 0.01
r 56.2 0.01 2 1.30538 0.01
r 56.4 0.01 2 1.28095 0.01
r 56.6 0.01 2 1.26883 0.01
r 56.8 0.01 2 1.2687 0.01
r 57 0.01 2 1.28204 0.01
r 57.2 0.01 2 1.30695 0.01
r 57.4 0.01 2 1.34276 0.01
r 57.6 0.01 2 1.39033 0.01
r 57.8 0.01 2 1.44724 0.01
r 58 0.01 2 1.51237 0.01
r 58.2 0.01 2 1.58563 0.01
r 58.4 0.01 2 1.66532 0.01
r 58.6 0.01 2 1.75059 0.01
r 58.8 0.01 2 1.84088 0.01
r 59 0.01 2 1.93527 0.01
r 59.2 0.01 2 2.03359 0.01
r 59.4 0.01 2 2.13479 0.01
r 59.6 0.01 2 2.23882 0.01
r 59.8 0.01 2 2.34503 0.01
r 60 0.01 2 2.45347 0.01
r 60.2 0.01 2 2.56368 0.01
r 60.4 0.01 2 2.67576 0.01
r 60.6 0.01 2 2.7875 0.01
r 60.8 0.01 2 2.90158 0.01
r 61 0.01 2 3.01692 0.01
r 61.2 0.01 2 3.13319 0.01
r 61.4 0.01 2 3.25039 0.01
r 61.6 0.01 2 3.36823 0.01
r 61.8 0.01 2 3.48687 0.01
r 62 0.01 2 3.60648 0.01
r 62.2 0.01 2 3.72629 0.01
r 62.4 0.01 2 3.84653 0.01
r 62.6 0.01 2 3.96749 0.01
r 62.8 0.01 2 4.08892 0.01
r 63 0.01 2 4.21093 0.01
r 63.2 0.01 2 4.33327 0.01
r 63.4 0.01 2 4.45588 0.01
r 63.6 0.01 2 4.5786 0.01
r 63.8 0.01 2 4.70169 0.01
r 64 0.01 2 4.82496 0.01
r 64.2 0.01 2 4.94843 0.01
r 64.4 0.01 2 5.07196 0.01
r 64.6 0.01 2 5.19582 0.01
r 64.8 0.01 2 5.31982 0.01
r 65 0.01 2 5.44364 0.01
r 65.2 0.01 2 5.56799 0.01
r 65.4 0.01 2 5.69251 0.01
r 65.6 0.01 2 5.81715 0.01
r 65.8 0.01 2 5.94187 0.01
r 66 0.01 2 6.0665 0.01
r 66.2 0.01 2 6.19149 0.01
r 66.4 0.01 2 6.31666 0.01
r 66.6 0.01 2 6.44187 0.01
r 66.8 0.01 2 6.56727 0.01
r 67 0.01 2 6.69293 0.01
r 67.2 0.01 2 6.81841 0.01
r 67.4 0.01 2 6.94419 0.01
r 67.6 0.01 2 7.07014 0.01
r 67.8 0.01 2 7.19626 0.01
r 68 0.01 2 7.32235 0.01
r 68.2 0.01 2 7.44876 0.01
r 68.4 0.01 2 7.5753 0.01
r 68.6 0.01 2 7.70203 0.01
r 68.8 0.01 2 7.82899 0.01
r 69 0.01 2 7.95604 0.01
r 69.2 0.01 2 8.08325 0.01
r 69.4 0.01 2 8.21078 0.01
r 69.6 0.01 2 8.33845 0.01
r 69.8 0.01 2 8.4663 0.01
r 70 0.01 2 8.59439 0.01
r 30 0.01 3 17.6952 0.01
r 30.2 0.01 3 17.5669 0.01
r 30.4 0.01 3 17.4395 0.01
r 30.6 0.01 3 17.3125 0.01
r 30.8 0.01 3 17.1855 0.01
r 31 0.01 3 17.0607 0.01
r 31.2 0.01 3 16.9374 0.01
r 31.4 0.01 3 16.8162 0.01
r 31.6 0.01 3 16.6843 0.01
r 31.8 0.01 3 16.5558 0.01
r 32 0.01 3 16.4276 0.01
r 32.2 0.01 3 16.3008 0.01
r 32.4 0.01 3 16.1728 0.01
r 32.6 0.01 3 16.0516 0.01
r 32.8 0.01 3 15.9194 0.01
r 33 0.01 3 15.8005 0.01
r 33.2 0.01 3 15.6741 0.01
r 33.4 0.01 3 15.5477 0.01
r 33.6 0.01 3 15.4218 0.01
r 33.8 0.01 3 15.2957 0.01
r 34 0.01 3 15.1702 0.01
r 34.2 0.01 3 15.0451 0.01
r 34.4 0.01 3 14.9197 0.01
r 34.6 0.01 3 14.7933 0.01
r 34.8 0.01 3 14.67 0.01
r 35 0.01 3 14.5446 0.01
r 35.2 0.01 3 14.4186 0.01
r 35.4 0.01 3 14.2919 0.01
r 35.6 0.01 3 14.166 0.01
r 35.8 0.01 3 14.0403 0.01
r 36 0.01 3 13.9142 0.01
r 36.2 0.01 3 13.7887 0.01
r 36.4 0.01 3 13.658 0.01
r 36.6 0.01 3 13.5322 0.01
r 36.8 0.01 3 13.4078 0.01
r 37 0.01 3 13.2885 0.01
r 37.2 0.01 3 13.1489 0.01
r 37.4 0.01 3 13.0318 0.01
r 37.6 0.01 3 12.9309 0.01
r 37.8 0.01 3 12.8041 0.01
r 38 0.01 3 12.6473 0.01
r 38.2 0.01 3 12.5496 0.01
r 38.4 0.01 3 12.3925 0.01
r 38.6 0.01 3 12.2973 0.01
r 38.8 0.01 3 12.1715 0.01
r 39 0.01 3 12.0439 0.01
r 39.2 0.01 3 11.8902 0.01
r 39.4 0.01 3 11.7485 0.01
r 39.6 0.01 3 11.6484 0.01
r 39.8 0.01 3 11.5275 0.01
r 40 0.01 3 11.4088 0.01
r 40.2 0.01 3 11.245 0.01
r 40.4 0.01 3 11.1711 0.01
r 40.6 0.01 3 11.0466 0.01
r 40.8 0.01 3 10.8855 0.01
r 41 0.01 3 10.7719 0.01
r 41.2 0.01 3 10.6494 0.01
r 41.4 0.01 3 10.5275 0.01
r 41.6 0.01 3 10.3777 0.01
r 41.8 0.01 3 10.2552 0.01
r 42 0.01 3 10.1374 0.01
r 42.2 0.01 3 10.0204 0.01
r 42.4 0.01 3 9.90536 0.01
r 42.6 0.01 3 9.7917 0.01
r 42.8 0.01 3 9.65365 0.01
r 43 0.01 3 9.53399 0.01
r 43.2 0.01 3 9.41599 0.01
r 43.4 0.01 3 9.29992 0.01
r 43.6 0.01 3 9.18104 0.01
r 43.8 0.01 3 9.06588 0.01
r 44 0.01 3 8.94724 0.01
r 44.2 0.01 3 8.93346 0.01
r 44.4 0.01 3 8.71768 0.01
r 44.6 0.01 3 8.60251 0.01
r 44.8 0.01 3 8.523 0.01
r 45 0.01 3 8.37387 0.01
r 45.2 0.01 3 8.25905 0.01
r 45.4 0.01 3 8.15298 0.01
r 45.6 0.01 3 8.03656 0.01
r 45.8 0.01 3 7.93094 0.01
r 46 0.01 3 7.81247 0.01
r 46.2 0.01 3 7.70491 0.01
r 46.4 0.01 3 7.599 0.01
r 46.6 0.01 3 7.49341 0.01
r 46.8 0.01 3 7.39569 0.01
r 47 0.01 3 7.28542 0.01
r 47.2 0.01 3 7.15546 0.01
r 47.4 0.01 3 7.06668 0.01
r 47.6 0.01 3 6.9632 0.01
r 47.8 0.01 3 6.85712 0.01
r 48 0.01 3 6.74636 0.01
r 48.2 0.01 3 6.7005 0.01
r 48.4 0.01 3 6.55406 0.01
r 48.6 0.01 3 6.41219 0.01
r 48.8 0.01 3 6.31939 0.01
r 49 0.01 3 6.23842 0.01
r 49.2 0.01 3 6.14214 0.01
r 49.4 0.01 3 6.04319 0.01
r 49.6 0.01 3 5.96034 0.01
r 49.8 0.01 3 5.86616 0.01
r 50 0.01 3 5.76654 0.01
r 50.2 0.01 3 5.62133 0.01
r 50.4 0.01 3 5.53047 0.01
r 50.6 0.01 3 5.4394 0.01
r 50.8 0.01 3 5.60567 0.01
r 51 0.01 3 5.30455 0.01
r 51.2 0.01 3 5.17316 0.01
r 51.4 0.01 3 5.09 0.01
r 51.6 0.01 3 5.00798 0.01
r 51.8 0.01 3 4.93422 0.01
r 52 0.01 3 4.84188 0.01
r 52.2 0.01 3 4.76373 0.01
r 52.4 0.01 3 4.68928 0.01
r 52.6 0.01 3 4.61752 0.01
r 52.8 0.01 3 4.54823 0.01
r 53 0.01 3 4.47619 0.01
r 53.2 0.01 3 4.41226 0.01
r 53.4 0.01 3 4.34813 0.01
r 53.6 0.01 3 4.28818 0.01
r 53.8 0.01 3 4.23133 0.01
r 54 0.01 3 4.17781 0.01
r 54.2 0.01 3 4.12734 0.01
r 54.4 0.01 3 4.08076 0.01
r 54.6 0.01 3 4.03727 0.01
r 54.8 0.01 3 3.99742 0.01
r 55 0.01 3 3.96635 0.01
r 55.2 0.01 3 3.92924 0.01
r 55.4 0.01 3 3.90012 0.01
r 55.6 0.01 3 3.87526 0.01
r 55.8 0.01 3 3.85413 0.01
r 56 0.01 3 3.83693 0.01
r 56.2 0.01 3 3.82404 0.01
r 56.4 0.01 3 3.81542 0.01
r 56.6 0.01 3 3.81125 0.01
r 56.8 0.01 3 3.81096 0.01
r 57 0.01 3 3.81562 0.01
r 57.2 0.01 3 3.82383 0.01
r 57.4 0.01 3 3.83619 0.01
r 57.6 0.01 3 3.8588 0.01
r 57.8 0.01 3 3.87504 0.01
r 58 0.01 3 3.89804 0.01
r 58.2 0.01 3 3.92738 0.01
r 58.4 0.01 3 3.96256 0.01
r 58.6 0.01 3 3.99652 0.01
r 58.8 0.01 3 4.03706 0.01
r 59 0.01 3 4.08137 0.01
r 59.2 0.01 3 4.1292 0.01
r 59.4 0.01 3 4.18111 0.01
r 59.6 0.01 3 4.23479 0.01
r 59.8 0.01 3 4.29531 0.01
r 60 0.01 3 4.35441 0.01
r 60.2 0.01 3 4.41825 0.01
r 60.4 0.01 3 4.48432 0.01
r 60.6 0.01 3 4.55856 0.01
r 60.8 0.01 3 4.62938 0.01
r 61 0.01 3 4.70169 0.01
r 61.2 0.01 3 4.7751 0.01
r 61.4 0.01 3 4.85224 0.01
r 61.6 0.01 3 4.93328 0.01
r 61.8 0.01 3 5.01795 0.01
r 62 0.01 3 5.10528 0.01
r 62.2 0.01 3 5.18902 0.01
r 62.4 0.01 3 5.27779 0.01
r 62.6 0.01 3 5.37259 0.01
r 62.8 0.01 3 5.48496 0.01
r 63 0.01 3 5.567 0.01
r 63.2 0.01 3 5.66021 0.01
r 63.4 0.01 3 5.77702 0.01
r 63.6 0.01 3 5.88502 0.01
r 63.8 0.01 3 5.99929 0.01
r 64 0.01 3 6.09012 0.01
r 64.2 0.01 3 6.20084 0.01
r 64.4 0.01 3 6.30608 0.01
r 64.6 0.01 3 6.43212 0.01
r 64.8 0.01 3 6.52549 0.01
r 65 0.01 3 6.55267 0.01
r 65.2 0.01 3 6.66139 0.01
r 65.4 0.01 3 6.76285 0.01
r 65.6 0.01 3 6.87181 0.01
r 65.8 0.01 3 6.98339 0.01
r 66 0.01 3 7.09629 0.01
r 66.2 0.01 3 7.21147 0.01
r 66.4 0.01 3 7.3297 0.01
r 66.6 0.01 3 7.43926 0.01
r 66.8 0.01 3 7.56848 0.01
r 67 0.01 3 7.63822 0.01
r 67.2 0.01 3 7.75013 0.01
r 67.4 0.01 3 7.86322 0.01
r 67.6 0.01 3 7.97896 0.01
r 67.8 0.01 3 8.09175 0.01
r 68 0.01 3 8.20768 0.01
r 68.2 0.01 3 8.32425 0.01
r 68.4 0.01 3 8.44558 0.01
r 68.6 0.01 3 8.55767 0.01
r 68.8 0.01 3 8.67855 0.01
r 69 0.01 3 8.79243 0.01
r 69.2 0.01 3 8.91234 0.01
r 69.4 0.01 3 9.03477 0.01
r 69.6 0.01 3 9.1568 0.01
r 69.8 0.01 3 9.27971 0.01
r 70 0.01 3 9.40345 0.01
s 70 2 402
r 30 0.01 2 25.7536 0.01
r 30.2 0.01 2 25.6265 0.01
r 30.4 0.01 2 25.4989 0.01
r 30.6 0.01 2 25.3704 0.01
r 30.8 0.01 2 25.2421 0.01
r 31 0.01 2 25.123 0.01
r 31.2 0.01 2 24.9898 0.01
r 31.4 0.01 2 24.8676 0.01
r 31.6 0.01 2 24.7364 0.01
r 31.8 0.01 2 24.6115 0.01
r 32 0.01 2 24.487 0.01
r 32.2 0.01 2 24.357 0.01
r 32.4 0.01 2 24.2292 0.01
r 32.6 0.01 2 24.1027 0.01
r 32.8 0.01 2 23.9777 0.01
r 33 0.01 2 23.8537 0.01
r 33.2 0.01 2 23.7269 0.01
r 33.4 0.01 2 23.5995 0.01
r 33.6 0.01 2 23.4728 0.01
r 33.8 0.01 2 23.3446 0.01
r 34 0.01 2 23.2179 0.01
r 34.2 0.01 2 23.091 0.01
r 34.4 0.01 2 22.9632 0.01
r 34.6 0.01 2 22.835 0.01
r 34.8 0.01 2 22.7079 0.01
r 35 0.01 2 22.5847 0.01
r 35.2 0.01 2 22.4533 0.01
r 35.4 0.01 2 22.3256 0.01
r 35.6 0.01 2 22.2012 0.01
r 35.8 0.01 2 22.0731 0.01
r 36 0.01 2 21.9461 0.01
r 36.2 0.01 2 21.8186 0.01
r 36.4 0.01 2 21.6912 0.01
r 36.6 0.01 2 21.5615 0.01
r 36.8 0.01 2 21.428 0.01
r 37 0.01 2 21.2969 0.01
r 37.2 0.01 2 21.1669 0.01
r 37.4 0.01 2 21.0369 0.01
r 37.6 0.01 2 20.9074 0.01
r 37.8 0.01 2 20.7782 0.01
r 38 0.01 2 20.6505 0.01
r 38.2 0.01 2 20.5195 0.01
r 38.4 0.01 2 20.389 0.01
r 38.6 0.01 2 20.256 0.01
r 38.8 0.01 2 20.1245 0.01
r 39 0.01 2 19.993 0.01
r 39.2 0.01 2 19.8619 0.01
r 39.4 0.01 2 19.7323 0.01
r 39.6 0.01 2 19.6017 0.01
r 39.8 0.01 2 19.4713 0.01
r 40 0.01 2 19.3408 0.01
r 40.2 0.01 2 19.2106 0.01
r 40.4 0.01 2 19.0811 0.01
r 40.6 0.01 2 18.9511 0.01
r 40.8 0.01 2 18.8188 0.01
r 41 0.01 2 18.6875 0.01
r 41.2 0.01 2 18.5564 0.01
r 41.4 0.01 2 18.4252 0.01
r 41.6 0.01 2 18.294 0.01
r 41.8 0.01 2 18.1631 0.01
r 42 0.01 2 18.0317 0.01
r 42.2 0.01 2 17.8995 0.01
r 42.4 0.01 2 17.7687 0.01
r 42.6 0.01 2 17.6354 0.01
r 42.8 0.01 2 17.5028 0.01
r 43 0.01 2 17.371 0.01
r 43.2 0.01 2 17.239 0.01
r 43.4 0.01 2 17.107 0.01
r 43.6 0.01 2 16.9746 0.01
r 43.8 0.01 2 16.8427 0.01
r 44 0.01 2 16.7113 0.01
r 44.2 0.01 2 16.5789 0.01
r 44.4 0.01 2 16.4458 0.01
r 44.6 0.01 2 16.3128 0.01
r 44.8 0.01 2 16.1804 0.01
r 45 0.01 2 16.0496 0.01
r 45.2 0.01 2 15.917 0.01
r 45.4 0.01 2 15.7839 0.01
r 45.6 0.01 2 15.6506 0.01
r 45.8 0.01 2 15.5175 0.01
r 46 0.01 2 15.3835 0.01
r 46.2 0.01 2 15.2501 0.01
r 46.4 0.01 2 15.1165 0.01
r 46.6 0.01 2 14.9833 0.01
r 46.8 0.01 2 14.8503 0.01
r 47 0.01 2 14.7189 0.01
r 47.2 0.01 2 14.5859 0.01
r 47.4 0.01 2 14.4531 0.01
r 47.6 0.01 2 14.3201 0.01
r 47.8 0.01 2 14.187 0.01
r 48 0.01 2 14.0546 0.01
r 48.2 0.01 2 13.9228 0.01
r 48.4 0.01 2 13.7913 0.01
r 48.6 0.01 2 13.66 0.01
r 48.8 0.01 2 13.5291 0.01
r 49 0.01 2 13.3986 0.01
r 49.2 0.01 2 13.2682 0.01
r 49.4 0.01 2 13.1382 0.01
r 49.6 0.01 2 13.0088 0.01
r 49.8 0.01 2 12.8794 0.01
r 50 0.01 2 12.7508 0.01
r 50.2 0.01 2 12.6226 0.01
r 50.4 0.01 2 12.4948 0.01
r 50.6 0.01 2 12.367 0.01
r 50.8 0.01 2 12.2386 0.01
r 51 0.01 2 12.1046 0.01
r 51.2 0.01 2 11.9762 0.01
r 51.4 0.01 2 11.8481 0.01
r 51.6 0.01 2 11.7204 0.01
r 51.8 0.01 2 11.593 0.01
r 52 0.01 2 11.466 0.01
r 52.2 0.01 2 11.3393 0.01
r 52.4 0.01 2 11.2129 0.01
r 52.6 0.01 2 11.0868 0.01
r 52.8 0.01 2 10.961 0.01
r 53 0.01 2 10.8355 0.01
r 53.2 0.01 2 10.7102 0.01
r 53.4 0.01 2 10.5853 0.01
r 53.6 0.01 2 10.4606 0.01
r 53.8 0.01 2 10.3363 0.01
r 54 0.01 2 10.2122 0.01
r 54.2 0.01 2 10.0884 0.01
r 54.4 0.01 2 9.96477 0.01
r 54.6 0.01 2 9.84134 0.01
r 54.8 0.01 2 9.71804 0.01
r 55 0.01 2 9.59498 0.01
r 55.2 0.01 2 9.47207 0.01
r 55.4 0.01 2 9.34932 0.01
r 55.6 0.01 2 9.22676 0.01
r 55.8 0.01 2 9.10441 0.01
r 56 0.01 2 8.98219 0.01
r 56.2 0.01 2 8.8601 0.01
r 56.4 0.01 2 8.73801 0.01
r 56.6 0.01 2 8.61596 0.01
r 56.8 0.01 2 8.49393 0.01
r 57 0.01 2 8.372 0.01
r 57.2 0.01 2 8.24988 0.01
r 57.4 0.01 2 8.12806 0.01
r 57.6 0.01 2 8.00595 0.01
r 57.8 0.01 2 7.88388 0.01
r 58 0.01 2 7.76212 0.01
r 58.2 0.01 2 7.64006 0.01
r 58.4 0.01 2 7.51797 0.01
r 58.6 0.01 2 7.39619 0.01
r 58.8 0.01 2 7.27362 0.01
r 59 0.01 2 7.15218 0.01
r 59.2 0.01 2 7.02965 0.01
r 59.4 0.01 2 6.9056 0.01
r 59.6 0.01 2 6.78291 0.01
r 59.8 0.01 2 6.66064 0.01
r 60 0.01 2 6.53785 0.01
r 60.2 0.01 2 6.41495 0.01
r 60.4 0.01 2 6.29229 0.01
r 60.6 0.01 2 6.16952 0.01
r 60.8 0.01 2 6.04671 0.01
r 61 0.01 2 5.92391 0.01
r 61.2 0.01 2 5.80101 0.01
r 61.4 0.01 2 5.67812 0.01
r 61.6 0.01 2 5.55529 0.01
r 61.8 0.01 2 5.43251 0.01
r 62 0.01 2 5.30971 0.01
r 62.2 0.01 2 5.18693 0.01
r 62.4 0.01 2 5.06421 0.01
r 62.6 0.01 2 4.94152 0.01
r 62.8 0.01 2 4.819 0.01
r 63 0.01 2 4.69652 0.01
r 63.2 0.01 2 4.57412 0.01
r 63.4 0.01 2 4.45186 0.01
r 63.6 0.01 2 4.32975 0.01
r 63.8 0.01 2 4.20785 0.01
r 64 0.01 2 4.08622 0.01
r 64.2 0.01 2 3.96493 0.01
r 64.4 0.01 2 3.84397 0.01
r 64.6 0.01 2 3.72347 0.01
r 64.8 0.01 2 3.60333 0.01
r 65 0.01 2 3.48379 0.01
r 65.2 0.01 2 3.36471 0.01
r 65.4 0.01 2 3.24631 0.01
r 65.6 0.01 2 3.12869 0.01
r 65.8 0.01 2 3.01195 0.01
r 66 0.01 2 2.89628 0.01
r 66.2 0.01 2 2.78172 0.01
r 66.4 0.01 2 2.66834 0.01
r 66.6 0.01 2 2.55641 0.01
r 66.8 0.01 2 2.44601 0.01
r 67 0.01 2 2.33818 0.01
r 67.2 0.01 2 2.23179 0.01
r 67.4 0.01 2 2.12775 0.01
r 67.6 0.01 2 2.02669 0.01
r 67.8 0.01 2 1.92906 0.01
r 68 0.01 2 1.8353 0.01
r 68.2 0.01 2 1.74611 0.01
r 68.4 0.01 2 1.66211 0.01
r 68.6 0.01 2 1.58433 0.01
r 68.8 0.01 2 1.51363 0.01
r 69 0.01 2 1.4512 0.01
r 69.2 0.01 2 1.39794 0.01
r 69.4 0.01 2 1.35513 0.01
r 69.6 0.01 2 1.32383 0.01
r 69.8 0.01 2 1.30486 0.01
r 70 0.01 2 1.29878 0.01
r 30 0.01 3 25.8431 0.01
r 30.2 0.01 3 25.7182 0.01
r 30.4 0.01 3 25.587 0.01
r 30.6 0.01 3 25.4627 0.01
r 30.8 0.01 3 25.3365 0.01
r 31 0.01 3 25.2182 0.01
r 31.2 0.01 3 25.0954 0.01
r 31.4 0.01 3 24.9686 0.01
r 31.6 0.01 3 24.839 0.01
r 31.8 0.01 3 24.7128 0.01
r 32 0.01 3 24.5865 0.01
r 32.2 0.01 3 24.4581 0.01
r 32.4 0.01 3 24.3312 0.01
r 32.6 0.01 3 24.2042 0.01
r 32.8 0.01 3 24.0773 0.01
r 33 0.01 3 23.9566 0.01
r 33.2 0.01 3 23.829 0.01
r 33.4 0.01 3 23.6986 0.01
r 33.6 0.01 3 23.5728 0.01
r 33.8 0.01 3 23.4461 0.01
r 34 0.01 3 23.3216 0.01
r 34.2 0.01 3 23.196 0.01
r 34.4 0.01 3 23.0695 0.01
r 34.6 0.01 3 22.9411 0.01
r 34.8 0.01 3 22.8124 0.01
r 35 0.01 3 22.6906 0.01
r 35.2 0.01 3 22.5564 0.01
r 35.4 0.01 3 22.4294 0.01
r 35.6 0.01 3 22.3032 0.01
r 35.8 0.01 3 22.1759 0.01
r 36 0.01 3 22.0522 0.01
r 36.2 0.01 3 21.9212 0.01
r 36.4 0.01 3 21.7964 0.01
r 36.6 0.01 3 21.6702 0.01
r 36.8 0.01 3 21.5408 0.01
r 37 0.01 3 21.4284 0.01
r 37.2 0.01 3 21.2993 0.01
r 37.4 0.01 3 21.1675 0.01
r 37.6 0.01 3 21.0411 0.01
r 37.8 0.01 3 20.9122 0.01
r 38 0.01 3 20.7835 0.01
r 38.2 0.01 3 20.6547 0.01
r 38.4 0.01 3 20.5262 0.01
r 38.6 0.01 3 20.3987 0.01
r 38.8 0.01 3 20.271 0.01
r 39 0.01 3 20.1791 0.01
r 39.2 0.01 3 20.0506 0.01
r 39.4 0.01 3 19.9209 0.01
r 39.6 0.01 3 19.7913 0.01
r 39.8 0.01 3 19.6614 0.01
r 40 0.01 3 19.532 0.01
r 40.2 0.01 3 19.4032 0.01
r 40.4 0.01 3 19.2746 0.01
r 40.6 0.01 3 19.1498 0.01
r 40.8 0.01 3 19.019 0.01
r 41 0.01 3 18.8922 0.01
r 41.2 0.01 3 18.7655 0.01
r 41.4 0.01 3 18.6387 0.01
r 41.6 0.01 3 18.5149 0.01
r 41.8 0.01 3 18.3853 0.01
r 42 0.01 3 18.265 0.01
r 42.2 0.01 3 18.138 0.01
r 42.4 0.01 3 18.0115 0.01
r 42.6 0.01 3 17.8844 0.01
r 42.8 0.01 3 17.7586 0.01
r 43 0.01 3 17.6346 0.01
r 43.2 0.01 3 17.5091 0.01
r 43.4 0.01 3 17.3846 0.01
r 43.6 0.01 3 17.261 0.01
r 43.8 0.01 3 17.138 0.01
r 44 0.01 3 17.0158 0.01
r 44.2 0.01 3 16.8931 0.01
r 44.4 0.01 3 16.7713 0.01
r 44.6 0.01 3 16.6493 0.01
r 44.8 0.01 3 16.528 0.01
r 45 0.01 3 16.407 0.01
r 45.2 0.01 3 16.2861 0.01
r 45.4 0.01 3 16.1658 0.01
r 45.6 0.01 3 16.0458 0.01
r 45.8 0.01 3 15.9256 0.01
r 46 0.01 3 15.8057 0.01
r 46.2 0.01 3 15.6859 0.01
r 46.4 0.01 3 15.5665 0.01
r 46.6 0.01 3 15.4498 0.01
r 46.8 0.01 3 15.3348 0.01
r 47 0.01 3 15.2017 0.01
r 47.2 0.01 3 15.1069 0.01
r 47.4 0.01 3 14.9704 0.01
r 47.6 0.01 3 14.8547 0.01
r 47.8 0.01 3 14.7433 0.01
r 48 0.01 3 14.6228 0.01
r 48.2 0.01 3 14.5079 0.01
r 48.4 0.01 3 14.3666 0.01
r 48.6 0.01 3 14.2949 0.01
r 48.8 0.01 3 14.128 0.01
r 49 0.01 3 14.0431 0.01
r 49.2 0.01 3 13.9138 0.01
r 49.4 0.01 3 13.7877 0.01
r 49.6 0.01 3 13.6563 0.01
r 49.8 0.01 3 13.5489 0.01
r 50 0.01 3 13.4586 0.01
r 50.2 0.01 3 13.3295 0.01
r 50.4 0.01 3 13.2168 0.01
r 50.6 0.01 3 13.1092 0.01
r 50.8 0.01 3 12.9601 0.01
r 51 0.01 3 12.7867 0.01
r 51.2 0.01 3 12.6624 0.01
r 51.4 0.01 3 12.5396 0.01
r 51.6 0.01 3 12.4153 0.01
r 51.8 0.01 3 12.2929 0.01
r 52 0.01 3 12.1724 0.01
r 52.2 0.01 3 12.0515 0.01
r 52.4 0.01 3 11.93 0.01
r 52.6 0.01 3 11.8081 0.01
r 52.8 0.01 3 11.6889 0.01
r 53 0.01 3 11.5692 0.01
r 53.2 0.01 3 11.4508 0.01
r 53.4 0.01 3 11.3332 0.01
r 53.6 0.01 3 11.2166 0.01
r 53.8 0.01 3 11.1006 0.01
r 54 0.01 3 10.9861 0.01
r 54.2 0.01 3 10.8725 0.01
r 54.4 0.01 3 10.7596 0.01
r 54.6 0.01 3 10.6481 0.01
r 54.8 0.01 3 10.5378 0.01
r 55 0.01 3 10.3591 0.01
r 55.2 0.01 3 10.242 0.01
r 55.4 0.01 3 10.1258 0.01
r 55.6 0.01 3 10.0103 0.01
r 55.8 0.01 3 9.89541 0.01
r 56 0.01 3 9.78157 0.01
r 56.2 0.01 3 9.66839 0.01
r 56.4 0.01 3 9.55618 0.01
r 56.6 0.01 3 9.44485 0.01
r 56.8 0.01 3 9.33519 0.01
r 57 0.01 3 9.22122 0.01
r 57.2 0.01 3 9.1168 0.01
r 57.4 0.01 3 9.01321 0.01
r 57.6 0.01 3 8.90208 0.01
r 57.8 0.01 3 8.79837 0.01
r 58 0.01 3 8.71138 0.01
r 58.2 0.01 3 8.61333 0.01
r 58.4 0.01 3 8.52764 0.01
r 58.6 0.01 3 8.4126 0.01
r 58.8 0.01 3 8.31463 0.01
r 59 0.01 3 8.13229 0.01
r 59.2 0.01 3 8.02844 0.01
r 59.4 0.01 3 7.92704 0.01
r 59.6 0.01 3 7.82815 0.01
r 59.8 0.01 3 7.73207 0.01
r 60 0.01 3 7.6412 0.01
r 60.2 0.01 3 7.55326 0.01
r 60.4 0.01 3 7.46781 0.01
r 60.6 0.01 3 7.38878 0.01
r 60.8 0.01 3 7.12391 0.01
r 61 0.01 3 6.98145 0.01
r 61.2 0.01 3 6.87778 0.01
r 61.4 0.01 3 6.77639 0.01
r 61.6 0.01 3 6.67712 0.01
r 61.8 0.01 3 6.58245 0.01
r 62 0.01 3 6.48864 0.01
r 62.2 0.01 3 6.38103 0.01
r 62.4 0.01 3 6.29347 0.01
r 62.6 0.01 3 6.18575 0.01
r 62.8 0.01 3 6.08612 0.01
r 63 0.01 3 6.00366 0.01
r 63.2 0.01 3 5.87895 0.01
r 63.4 0.01 3 5.78053 0.01
r 63.6 0.01 3 5.72361 0.01
r 63.8 0.01 3 5.61379 0.01
r 64 0.01 3 5.53908 0.01
r 64.2 0.01 3 5.40969 0.01
r 64.4 0.01 3 5.32301 0.01
r 64.6 0.01 3 5.23633 0.01
r 64.8 0.01 3 5.15438 0.01
r 65 0.01 3 5.08112 0.01
r 65.2 0.01 3 5.0096 0.01
r 65.4 0.01 3 4.90827 0.01
r 65.6 0.01 3 4.83006 0.01
r 65.8 0.01 3 4.75294 0.01
r 66 0.01 3 4.68104 0.01
r 66.2 0.01 3 4.61164 0.01
r 66.4 0.01 3 4.54439 0.01
r 66.6 0.01 3 4.48029 0.01
r 66.8 0.01 3 4.41928 0.01
r 67 0.01 3 4.36039 0.01
r 67.2 0.01 3 4.30305 0.01
r 67.4 0.01 3 4.25045 0.01
r 67.6 0.01 3 4.20096 0.01
r 67.8 0.01 3 4.15525 0.01
r 68 0.01 3 4.11314 0.01
r 68.2 0.01 3 4.07423 0.01
r 68.4 0.01 3 4.03958 0.01
r 68.6 0.01 3 4.00872 0.01
r 68.8 0.01 3 3.98196 0.01
r 69 0.01 3 3.9591 0.01
r 69.2 0.01 3 3.94056 0.01
r 69.4 0.01 3 3.9262 0.01
r 69.6 0.01 3 3.91618 0.01
r 69.8 0.01 3 3.91096 0.01
r 70 0.01 3 3.90914 0.01
