4
s 30 2 201
r 30 0.01 2 1.32667 0.01
r 30.2 0.01 2 1.33335 0.01
r 30.4 0.01 2 1.35321 0.01
r 30.6 0.01 2 1.3857 0.01
r 30.8 0.01 2 1.42998 0.01
r 31 0.01 2 1.48481 0.01
r 31.2 0.01 2 1.54934 0.01
r 31.4 0.01 2 1.62232 0.01
r 31.6 0.01 2 1.70257 0.01
r 31.8 0.01 2 1.78925 0.01
r 32 0.01 2 1.88143 0.01
r 32.2 0.01 2 1.97812 0.01
r 32.4 0.01 2 2.07887 0.01
r 32.6 0.01 2 2.18336 0.01
r 32.8 0.01 2 2.29063 0.01
r 33 0.01 2 2.40011 0.01
r 33.2 0.01 2 2.51227 0.01
r 33.4 0.01 2 2.62644 0.01
r 33.6 0.01 2 2.74239 0.01
r 33.8 0.01 2 2.85986 0.01
r 34 0.01 2 2.97859 0.01
r 34.2 0.01 2 3.09857 0.01
r 34.4 0.01 2 3.21956 0.01
r 34.6 0.01 2 3.34153 0.01
r 34.8 0.01 2 3.46434 0.01
r 35 0.01 2 3.58778 0.01
r 35.2 0.01 2 3.71205 0.01
r 35.4 0.01 2 3.83671 0.01
r 35.6 0.01 2 3.96207 0.01
r 35.8 0.01 2 4.08796 0.01
r 36 0.01 2 4.21431 0.01
r 36.2 0.01 2 4.34103 0.01
r 36.4 0.01 2 4.46843 0.01
r 36.6 0.01 2 4.59567 0.01
r 36.8 0.01 2 4.72372 0.01
r 37 0.01 2 4.85211 0.01
r 37.2 0.01 2 4.98014 0.01
r 37.4 0.01 2 5.10866 0.01
r 37.6 0.01 2 5.23756 0.01
r 37.8 0.01 2 5.36684 0.01
r 38 0.01 2 5.49593 0.01
r 38.2 0.01 2 5.62538 0.01
r 38.4 0.01 2 5.75508 0.01
r 38.6 0.01 2 5.88485 0.01
r 38.8 0.01 2 6.01483 0.01
r 39 0.01 2 6.14492 0.01
r 39.2 0.01 2 6.27518 0.01
r 39.4 0.01 2 6.40563 0.01
r 39.6 0.01 2 6.53619 0.01
r 39.8 0.01 2 6.66674 0.01
r 40 0.01 2 6.7974 0.01
r 40.2 0.01 2 6.92836 0.01
r 40.4 0.01 2 7.0593 0.01
r 40.6 0.01 2 7.19022 0.01
r 40.8 0.01 2 7.32121 0.01
r 41 0.01 2 7.45237 0.01
r 41.2 0.01 2 7.58361 0.01
r 41.4 0.01 2 7.71492 0.01
r 41.6 0.01 2 7.8463 0.01
r 41.8 0.01 2 7.97776 0.01
r 42 0.01 2 8.10926 0.01
r 42.2 0.01 2 8.24086 0.01
r 42.4 0.01 2 8.37274 0.01
r 42.6 0.01 2 8.50426 0.01
r 42.8 0.01 2 8.63591 0.01
r 43 0.01 2 8.76768 0.01
r 43.2 0.01 2 8.89945 0.01
r 43.4 0.01 2 9.03131 0.01
r 43.6 0.01 2 9.16326 0.01
r 43.8 0.01 2 9.29527 0.01
r 44 0.01 2 9.42733 0.01
r 44.2 0.01 2 9.55927 0.01
r 44.4 0.01 2 9.69126 0.01
r 44.6 0.01 2 9.82333 0.01
r 44.8 0.01 2 9.95547 0.01
r 45 0.01 2 10.0876 0.01
r 45.2 0.01 2 10.2199 0.01
r 45.4 0.01 2 10.3522 0.01
r 45.6 0.01 2 10.4845 0.01
r 45.8 0.01 2 10.6167 0.01
r 46 0.01 2 10.7489 0.01
r 46.2 0.01 2 10.8812 0.01
r 46.4 0.01 2 11.0136 0.01
r 46.6 0.01 2 11.1459 0.01
r 46.8 0.01 2 11.2784 0.01
r 47 0.01 2 11.4109 0.01
r 47.2 0.01 2 11.5435 0.01
r 47.4 0.01 2 11.6758 0.01
r 47.6 0.01 2 11.8082 0.01
r 47.8 0.01 2 11.9407 0.01
r 48 0.01 2 12.0731 0.01
r 48.2 0.01 2 12.2057 0.01
r 48.4 0.01 2 12.3382 0.01
r 48.6 0.01 2 12.4708 0.01
r 48.8 0.01 2 12.6035 0.01
r 49 0.01 2 12.7362 0.01
r 49.2 0.01 2 12.8687 0.01
r 49.4 0.01 2 13.0014 0.01
r 49.6 0.01 2 13.1339 0.01
r 49.8 0.01 2 13.2665 0.01
r 50 0.01 2 13.3992 0.01
r 50.2 0.01 2 13.5319 0.01
r 50.4 0.01 2 13.6648 0.01
r 50.6 0.01 2 13.7974 0.01
r 50.8 0.01 2 13.9303 0.01
r 51 0.01 2 14.0629 0.01
r 51.2 0.01 2 14.1955 0.01
r 51.4 0.01 2 14.3283 0.01
r 51.6 0.01 2 14.4611 0.01
r 51.8 0.01 2 14.5939 0.01
r 52 0.01 2 14.7267 0.01
r 52.2 0.01 2 14.8595 0.01
r 52.4 0.01 2 14.9924 0.01
r 52.6 0.01 2 15.1252 0.01
r 52.8 0.01 2 15.2581 0.01
r 53 0.01 2 15.3907 0.01
r 53.2 0.01 2 15.5235 0.01
r 53.4 0.01 2 15.6565 0.01
r 53.6 0.01 2 15.7893 0.01
r 53.8 0.01 2 15.9221 0.01
r 54 0.01 2 16.055 0.01
r 54.2 0.01 2 16.1879 0.01
r 54.4 0.01 2 16.3208 0.01
r 54.6 0.01 2 16.4538 0.01
r 54.8 0.01 2 16.5867 0.01
r 55 0.01 2 16.7196 0.01
r 55.2 0.01 2 16.8524 0.01
r 55.4 0.01 2 16.9853 0.01
r 55.6 0.01 2 17.1183 0.01
r 55.8 0.01 2 17.2512 0.01
r 56 0.01 2 17.3842 0.01
r 56.2 0.01 2 17.5172 0.01
r 56.4 0.01 2 17.6502 0.01
r 56.6 0.01 2 17.7832 0.01
r 56.8 0.01 2 17.9162 0.01
r 57 0.01 2 18.0489 0.01
r 57.2 0.01 2 18.1819 0.01
r 57.4 0.01 2 18.3148 0.01
r 57.6 0.01 2 18.4478 0.01
r 57.8 0.01 2 18.5809 0.01
r 58 0.01 2 18.7139 0.01
r 58.2 0.01 2 18.8469 0.01
r 58.4 0.01 2 18.98 0.01
r 58.6 0.01 2 19.1131 0.01
r 58.8 0.01 2 19.2462 0.01
r 59 0.01 2 19.3789 0.01
r 59.2 0.01 2 19.5119 0.01
r 59.4 0.01 2 19.6449 0.01
r 59.6 0.01 2 19.7779 0.01
r 59.8 0.01 2 19.9109 0.01
r 60 0.01 2 20.044 0.01
r 60.2 0.01 2 20.177 0.01
r 60.4 0.01 2 20.3101 0.01
r 60.6 0.01 2 20.4432 0.01
r 60.8 0.01 2 20.5763 0.01
r 61 0.01 2 20.7093 0.01
r 61.2 0.01 2 20.8423 0.01
r 61.4 0.01 2 20.9754 0.01
r 61.6 0.01 2 21.1085 0.01
r 61.8 0.01 2 21.2416 0.01
r 62 0.01 2 21.3747 0.01
r 62.2 0.01 2 21.5078 0.01
r 62.4 0.01 2 21.6408 0.01
r 62.6 0.01 2 21.774 0.01
r 62.8 0.01 2 21.9071 0.01
r 63 0.01 2 22.0401 0.01
r 63.2 0.01 2 22.1732 0.01
r 63.4 0.01 2 22.3063 0.01
r 63.6 0.01 2 22.4396 0.01
r 63.8 0.01 2 22.5727 0.01
r 64 0.01 2 22.7058 0.01
r 64.2 0.01 2 22.8389 0.01
r 64.4 0.01 2 22.972 0.01
r 64.6 0.01 2 23.1051 0.01
r 64.8 0.01 2 23.2383 0.01
r 65 0.01 2 23.3712 0.01
r 65.2 0.01 2 23.5043 0.01
r 65.4 0.01 2 23.6374 0.01
r 65.6 0.01 2 23.7705 0.01
r 65.8 0.01 2 23.9036 0.01
r 66 0.01 2 24.0367 0.01
r 66.2 0.01 2 24.1698 0.01
r 66.4 0.01 2 24.3029 0.01
r 66.6 0.01 2 24.4361 0.01
r 66.8 0.01 2 24.5693 0.01
r 67 0.01 2 24.7024 0.01
r 67.2 0.01 2 24.8356 0.01
r 67.4 0.01 2 24.9687 0.01
r 67.6 0.01 2 25.1019 0.01
r 67.8 0.01 2 25.2351 0.01
r 68 0.01 2 25.3682 0.01
r 68.2 0.01 2 25.5014 0.01
r 68.4 0.01 2 25.6346 0.01
r 68.6 0.01 2 25.7678 0.01
r 68.8 0.01 2 25.901 0.01
r 69 0.01 2 26.034 0.01
r 69.2 0.01 2 26.1671 0.01
r 69.4 0.01 2 26.3002 0.01
r 69.6 0.01 2 26.4333 0.01
r 69.8 0.01 2 26.5665 0.01
r 70 0.01 2 26.6997 0.01
s 43.3 2 201
r 30 0.01 2 8.96538 0.01
r 30.2 0.01 2 8.83356 0.01
r 30.4 0.01 2 8.70186 0.01
r 30.6 0.01 2 8.5701 0.01
r 30.8 0.01 2 8.43846 0.01
r 31 0.01 2 8.30664 0.01
r 31.2 0.01 2 8.17518 0.01
r 31.4 0.01 2 8.04357 0.01
r 31.6 0.01 2 7.91205 0.01
r 31.8 0.01 2 7.78063 0.01
r 32 0.01 2 7.64933 0.01
r 32.2 0.01 2 7.51814 0.01
r 32.4 0.01 2 7.38701 0.01
r 32.6 0.01 2 7.25565 0.01
r 32.8 0.01 2 7.12461 0.01
r 33 0.01 2 6.99365 0.01
r 33.2 0.01 2 6.8628 0.01
r 33.4 0.01 2 6.73204 0.01
r 33.6 0.01 2 6.60139 0.01
r 33.8 0.01 2 6.47079 0.01
r 34 0.01 2 6.34035 0.01
r 34.2 0.01 2 6.21006 0.01
r 34.4 0.01 2 6.07995 0.01
r 34.6 0.01 2 5.94981 0.01
r 34.8 0.01 2 5.8199 0.01
r 35 0.01 2 5.6902 0.01
r 35.2 0.01 2 5.56062 0.01
r 35.4 0.01 2 5.43122 0.01
r 35.6 0.01 2 5.30204 0.01
r 35.8 0.01 2 5.17303 0.01
r 36 0.01 2 5.04426 0.01
r 36.2 0.01 2 4.91576 0.01
r 36.4 0.01 2 4.78755 0.01
r 36.6 0.01 2 4.65953 0.01
r 36.8 0.01 2 4.53194 0.01
r 37 0.01 2 4.40459 0.01
r 37.2 0.01 2 4.27777 0.01
r 37.4 0.01 2 4.15105 0.01
r 37.6 0.01 2 4.02524 0.01
r 37.8 0.01 2 3.89967 0.01
r 38 0.01 2 3.77421 0.01
r 38.2 0.01 2 3.6498 0.01
r 38.4 0.01 2 3.52583 0.01
r 38.6 0.01 2 3.40266 0.01
r 38.8 0.01 2 3.28034 0.01
r 39 0.01 2 3.15886 0.01
r 39.2 0.01 2 3.03844 0.01
r 39.4 0.01 2 2.91905 0.01
r 39.6 0.01 2 2.80089 0.01
r 39.8 0.01 2 2.68422 0.01
r 40 0.01 2 2.56915 0.01
r 40.2 0.01 2 2.45601 0.01
r 40.4 0.01 2 2.34489 0.01
r 40.6 0.01 2 2.23617 0.01
r 40.8 0.01 2 2.1312 0.01
r 41 0.01 2 2.02785 0.01
r 41.2 0.01 2 1.92909 0.01
r 41.4 0.01 2 1.8346 0.01
r 41.6 0.01 2 1.74517 0.01
r 41.8 0.01 2 1.6618 0.01
r 42 0.01 2 1.58493 0.01
r 42.2 0.01 2 1.51629 0.01
r 42.4 0.01 2 1.45677 0.01
r 42.6 0.01 2 1.40718 0.01
r 42.8 0.01 2 1.36946 0.01
r 43 0.01 2 1.34227 0.01
r 43.2 0.01 2 1.32974 0.01
r 43.4 0.01 2 1.32996 0.01
r 43.6 0.01 2 1.34237 0.01
r 43.8 0.01 2 1.36797 0.01
r 44 0.01 2 1.40643 0.01
r 44.2 0.01 2 1.45606 0.01
r 44.4 0.01 2 1.51592 0.01
r 44.6 0.01 2 1.58492 0.01
r 44.8 0.01 2 1.66173 0.01
r 45 0.01 2 1.745 0.01
r 45.2 0.01 2 1.83444 0.01
r 45.4 0.01 2 1.92879 0.01
r 45.6 0.01 2 2.02767 0.01
r 45.8 0.01 2 2.13029 0.01
r 46 0.01 2 2.23614 0.01
r 46.2 0.01 2 2.34479 0.01
r 46.4 0.01 2 2.45589 0.01
r 46.6 0.01 2 2.56911 0.01
r 46.8 0.01 2 2.68415 0.01
r 47 0.01 2 2.80085 0.01
r 47.2 0.01 2 2.91894 0.01
r 47.4 0.01 2 3.03839 0.01
r 47.6 0.01 2 3.15887 0.01
r 47.8 0.01 2 3.28043 0.01
r 48 0.01 2 3.40283 0.01
r 48.2 0.01 2 3.52605 0.01
r 48.4 0.01 2 3.64983 0.01
r 48.6 0.01 2 3.77439 0.01
r 48.8 0.01 2 3.89945 0.01
r 49 0.01 2 4.0251 0.01
r 49.2 0.01 2 4.15114 0.01
r 49.4 0.01 2 4.27765 0.01
r 49.6 0.01 2 4.40457 0.01
r 49.8 0.01 2 4.53194 0.01
r 50 0.01 2 4.6597 0.01
r 50.2 0.01 2 4.78754 0.01
r 50.4 0.01 2 4.91575 0.01
r 50.6 0.01 2 5.04436 0.01
r 50.8 0.01 2 5.17306 0.01
r 51 0.01 2 5.30201 0.01
r 51.2 0.01 2 5.43122 0.01
r 51.4 0.01 2 5.56063 0.01
r 51.6 0.01 2 5.6905 0.01
r 51.8 0.01 2 5.82009 0.01
r 52 0.01 2 5.94984 0.01
r 52.2 0.01 2 6.07984 0.01
r 52.4 0.01 2 6.21009 0.01
r 52.6 0.01 2 6.34053 0.01
r 52.8 0.01 2 6.47115 0.01
r 53 0.01 2 6.60136 0.01
r 53.2 0.01 2 6.73205 0.01
r 53.4 0.01 2 6.86279 0.01
r 53.6 0.01 2 6.99366 0.01
r 53.8 0.01 2 7.12464 0.01
r 54 0.01 2 7.25575 0.01
r 54.2 0.01 2 7.3869 0.01
r 54.4 0.01 2 7.51802 0.01
r 54.6 0.01 2 7.64926 0.01
r 54.8 0.01 2 7.78062 0.01
r 55 0.01 2 7.91202 0.01
r 55.2 0.01 2 8.0435 0.01
r 55.4 0.01 2 8.17503 0.01
r 55.6 0.01 2 8.30663 0.01
r 55.8 0.01 2 8.43834 0.01
r 56 0.01 2 8.56999 0.01
r 56.2 0.01 2 8.70176 0.01
r 56.4 0.01 2 8.83353 0.01
r 56.6 0.01 2 8.96538 0.01
r 56.8 0.01 2 9.09754 0.01
r 57 0.01 2 9.22919 0.01
r 57.2 0.01 2 9.36124 0.01
r 57.4 0.01 2 9.49332 0.01
r 57.6 0.01 2 9.62521 0.01
r 57.8 0.01 2 9.75732 0.01
r 58 0.01 2 9.88942 0.01
r 58.2 0.01 2 10.0216 0.01
r 58.4 0.01 2 10.154 0.01
r 58.6 0.01 2 10.2861 0.01
r 58.8 0.01 2 10.4183 0.01
r 59 0.01 2 10.5505 0.01
r 59.2 0.01 2 10.6828 0.01
r 59.4 0.01 2 10.8152 0.01
r 59.6 0.01 2 10.9475 0.01
r 59.8 0.01 2 11.0799 0.01
r 60 0.01 2 11.2123 0.01
r 60.2 0.01 2 11.3447 0.01
r 60.4 0.01 2 11.477 0.01
r 60.6 0.01 2 11.6094 0.01
r 60.8 0.01 2 11.7419 0.01
r 61 0.01 2 11.8743 0.01
r 61.2 0.01 2 12.0072 0.01
r 61.4 0.01 2 12.1397 0.01
r 61.6 0.01 2 12.2723 0.01
r 61.8 0.01 2 12.4047 0.01
r 62 0.01 2 12.5372 0.01
r 62.2 0.01 2 12.6698 0.01
r 62.4 0.01 2 12.8023 0.01
r 62.6 0.01 2 12.9349 0.01
r 62.8 0.01 2 13.0676 0.01
r 63 0.01 2 13.2006 0.01
r 63.2 0.01 2 13.3332 0.01
r 63.4 0.01 2 13.4658 0.01
r 63.6 0.01 2 13.5985 0.01
r 63.8 0.01 2 13.7311 0.01
r 64 0.01 2 13.8638 0.01
r 64.2 0.01 2 13.9965 0.01
r 64.4 0.01 2 14.1293 0.01
r 64.6 0.01 2 14.262 0.01
r 64.8 0.01 2 14.3947 0.01
r 65 0.01 2 14.5277 0.01
r 65.2 0.01 2 14.6604 0.01
r 65.4 0.01 2 14.7932 0.01
r 65.6 0.01 2 14.9259 0.01
r 65.8 0.01 2 15.0587 0.01
r 66 0.01 2 15.1915 0.01
r 66.2 0.01 2 15.3243 0.01
r 66.4 0.01 2 15.4571 0.01
r 66.6 0.01 2 15.5899 0.01
r 66.8 0.01 2 15.7228 0.01
r 67 0.01 2 15.856 0.01
r 67.2 0.01 2 15.9888 0.01
r 67.4 0.01 2 16.1216 0.01
r 67.6 0.01 2 16.2544 0.01
r 67.8 0.01 2 16.3872 0.01
r 68 0.01 2 16.5201 0.01
r 68.2 0.01 2 16.653 0.01
r 68.4 0.01 2 16.7859 0.01
r 68.6 0.01 2 16.9188 0.01
r 68.8 0.01 2 17.0517 0.01
r 69 0.01 2 17.1849 0.01
r 69.2 0.01 2 17.3177 0.01
r 69.4 0.01 2 17.4506 0.01
r 69.6 0.01 2 17.5835 0.01
r 69.8 0.01 2 17.7164 0.01
r 70 0.01 2 17.8494 0.01
s 56.7 2 201
r 30 0.01 2 17.8494 0.01
r 30.2 0.01 2 17.7164 0.01
r 30.4 0.01 2 17.5835 0.01
r 30.6 0.01 2 17.4506 0.01
r 30.8 0.01 2 17.3177 0.01
r 31 0.01 2 17.1847 0.01
r 31.2 0.01 2 17.0517 0.01
r 31.4 0.01 2 16.9188 0.01
r 31.6 0.01 2 16.7859 0.01
r 31.8 0.01 2 16.653 0.01
r 32 0.01 2 16.5201 0.01
r 32.2 0.01 2 16.3872 0.01
r 32.4 0.01 2 16.2544 0.01
r 32.6 0.01 2 16.1216 0.01
r 32.8 0.01 2 15.9888 0.01
r 33 0.01 2 15.8557 0.01
r 33.2 0.01 2 15.7228 0.01
r 33.4 0.01 2 15.5899 0.01
r 33.6 0.01 2 15.4571 0.01
r 33.8 0.01 2 15.3243 0.01
r 34 0.01 2 15.1915 0.01
r 34.2 0.01 2 15.0587 0.01
r 34.4 0.01 2 14.9259 0.01
r 34.6 0.01 2 14.7932 0.01
r 34.8 0.01 2 14.6604 0.01
r 35 0.01 2 14.5275 0.01
r 35.2 0.01 2 14.3947 0.01
r 35.4 0.01 2 14.262 0.01
r 35.6 0.01 2 14.1293 0.01
r 35.8 0.01 2 13.9965 0.01
r 36 0.01 2 13.8638 0.01
r 36.2 0.01 2 13.7311 0.01
r 36.4 0.01 2 13.5985 0.01
r 36.6 0.01 2 13.4658 0.01
r 36.8 0.01 2 13.3332 0.01
r 37 0.01 2 13.2002 0.01
r 37.2 0.01 2 13.0676 0.01
r 37.4 0.01 2 12.9349 0.01
r 37.6 0.01 2 12.8023 0.01
r 37.8 0.01 2 12.6698 0.01
r 38 0.01 2 12.5372 0.01
r 38.2 0.01 2 12.4047 0.01
r 38.4 0.01 2 12.2723 0.01
r 38.6 0.01 2 12.1397 0.01
r 38.8 0.01 2 12.0072 0.01
r 39 0.01 2 11.8744 0.01
r 39.2 0.01 2 11.7419 0.01
r 39.4 0.01 2 11.6094 0.01
r 39.6 0.01 2 11.477 0.01
r 39.8 0.01 2 11.3447 0.01
r 40 0.01 2 11.2123 0.01
r 40.2 0.01 2 11.0799 0.01
r 40.4 0.01 2 10.9475 0.01
r 40.6 0.01 2 10.8152 0.01
r 40.8 0.01 2 10.6828 0.01
r 41 0.01 2 10.5505 0.01
r 41.2 0.01 2 10.4183 0.01
r 41.4 0.01 2 10.2861 0.01
r 41.6 0.01 2 10.154 0.01
r 41.8 0.01 2 10.0216 0.01
r 42 0.01 2 9.88942 0.01
r 42.2 0.01 2 9.75732 0.01
r 42.4 0.01 2 9.62521 0.01
r 42.6 0.01 2 9.49332 0.01
r 42.8 0.01 2 9.36124 0.01
r 43 0.01 2 9.22938 0.01
r 43.2 0.01 2 9.09754 0.01
r 43.4 0.01 2 8.96538 0.01
r 43.6 0.01 2 8.83353 0.01
r 43.8 0.01 2 8.70176 0.01
r 44 0.01 2 8.56999 0.01
r 44.2 0.01 2 8.43834 0.01
r 44.4 0.01 2 8.30663 0.01
r 44.6 0.01 2 8.17503 0.01
r 44.8 0.01 2 8.0435 0.01
r 45 0.01 2 7.91209 0.01
r 45.2 0.01 2 7.78062 0.01
r 45.4 0.01 2 7.64926 0.01
r 45.6 0.01 2 7.51802 0.01
r 45.8 0.01 2 7.3869 0.01
r 46 0.01 2 7.25575 0.01
r 46.2 0.01 2 7.12464 0.01
r 46.4 0.01 2 6.99366 0.01
r 46.6 0.01 2 6.86279 0.01
r 46.8 0.01 2 6.73205 0.01
r 47 0.01 2 6.60183 0.01
r 47.2 0.01 2 6.47115 0.01
r 47.4 0.01 2 6.34053 0.01
r 47.6 0.01 2 6.21009 0.01
r 47.8 0.01 2 6.07984 0.01
r 48 0.01 2 5.94984 0.01
r 48.2 0.01 2 5.82009 0.01
r 48.4 0.01 2 5.6905 0.01
r 48.6 0.01 2 5.56063 0.01
r 48.8 0.01 2 5.43122 0.01
r 49 0.01 2 5.30203 0.01
r 49.2 0.01 2 5.17306 0.01
r 49.4 0.01 2 5.04436 0.01
r 49.6 0.01 2 4.91575 0.01
r 49.8 0.01 2 4.78754 0.01
r 50 0.01 2 4.6597 0.01
r 50.2 0.01 2 4.53194 0.01
r 50.4 0.01 2 4.40457 0.01
r 50.6 0.01 2 4.27765 0.01
r 50.8 0.01 2 4.15114 0.01
r 51 0.01 2 4.02505 0.01
r 51.2 0.01 2 3.89945 0.01
r 51.4 0.01 2 3.77439 0.01
r 51.6 0.01 2 3.64983 0.01
r 51.8 0.01 2 3.52605 0.01
r 52 0.01 2 3.40283 0.01
r 52.2 0.01 2 3.28043 0.01
r 52.4 0.01 2 3.15887 0.01
r 52.6 0.01 2 3.03839 0.01
r 52.8 0.01 2 2.91894 0.01
r 53 0.01 2 2.80084 0.01
r 53.2 0.01 2 2.68415 0.01
r 53.4 0.01 2 2.56911 0.01
r 53.6 0.01 2 2.45589 0.01
r 53.8 0.01 2 2.34479 0.01
r 54 0.01 2 2.23614 0.01
r 54.2 0.01 2 2.13029 0.01
r 54.4 0.01 2 2.02767 0.01
r 54.6 0.01 2 1.92879 0.01
r 54.8 0.01 2 1.83444 0.01
r 55 0.01 2 1.7449 0.01
r 55.2 0.01 2 1.66173 0.01
r 55.4 0.01 2 1.58492 0.01
r 55.6 0.01 2 1.51592 0.01
r 55.8 0.01 2 1.45606 0.01
r 56 0.01 2 1.40643 0.01
r 56.2 0.01 2 1.36797 0.01
r 56.4 0.01 2 1.34237 0.01
r 56.6 0.01 2 1.32996 0.01
r 56.8 0.01 2 1.32974 0.01
r 57 0.01 2 1.34404 0.01
r 57.2 0.01 2 1.36946 0.01
r 57.4 0.01 2 1.40718 0.01
r 57.6 0.01 2 1.45677 0.01
r 57.8 0.01 2 1.51629 0.01
r 58 0.01 2 1.58493 0.01
r 58.2 0.01 2 1.6618 0.01
r 58.4 0.01 2 1.74517 0.01
r 58.6 0.01 2 1.8346 0.01
r 58.8 0.01 2 1.92909 0.01
r 59 0.01 2 2.02827 0.01
r 59.2 0.01 2 2.1312 0.01
r 59.4 0.01 2 2.23617 0.01
r 59.6 0.01 2 2.34489 0.01
r 59.8 0.01 2 2.45601 0.01
r 60 0.01 2 2.56915 0.01
r 60.2 0.01 2 2.68422 0.01
r 60.4 0.01 2 2.80089 0.01
r 60.6 0.01 2 2.91905 0.01
r 60.8 0.01 2 3.03844 0.01
r 61 0.01 2 3.15889 0.01
r 61.2 0.01 2 3.28034 0.01
r 61.4 0.01 2 3.40266 0.01
r 61.6 0.01 2 3.52583 0.01
r 61.8 0.01 2 3.6498 0.01
r 62 0.01 2 3.77421 0.01
r 62.2 0.01 2 3.89967 0.01
r 62.4 0.01 2 4.02524 0.01
r 62.6 0.01 2 4.15105 0.01
r 62.8 0.01 2 4.27777 0.01
r 63 0.01 2 4.40466 0.01
r 63.2 0.01 2 4.53194 0.01
r 63.4 0.01 2 4.65953 0.01
r 63.6 0.01 2 4.78755 0.01
r 63.8 0.01 2 4.91576 0.01
r 64 0.01 2 5.04426 0.01
r 64.2 0.01 2 5.17303 0.01
r 64.4 0.01 2 5.30204 0.01
r 64.6 0.01 2 5.43122 0.01
r 64.8 0.01 2 5.56062 0.01
r 65 0.01 2 5.69021 0.01
r 65.2 0.01 2 5.8199 0.01
r 65.4 0.01 2 5.94981 0.01
r 65.6 0.01 2 6.07995 0.01
r 65.8 0.01 2 6.21006 0.01
r 66 0.01 2 6.34035 0.01
r 66.2 0.01 2 6.47079 0.01
r 66.4 0.01 2 6.60139 0.01
r 66.6 0.01 2 6.73204 0.01
r 66.8 0.01 2 6.8628 0.01
r 67 0.01 2 6.99365 0.01
r 67.2 0.01 2 7.12461 0.01
r 67.4 0.01 2 7.25565 0.01
r 67.6 0.01 2 7.38701 0.01
r 67.8 0.01 2 7.51814 0.01
r 68 0.01 2 7.64933 0.01
r 68.2 0.01 2 7.78063 0.01
r 68.4 0.01 2 7.91205 0.01
r 68.6 0.01 2 8.04357 0.01
r 68.8 0.01 2 8.17518 0.01
r 69 0.01 2 8.30674 0.01
r 69.2 0.01 2 8.43846 0.01
r 69.4 0.01 2 8.5701 0.01
r 69.6 0.01 2 8.70186 0.01
r 69.8 0.01 2 8.83356 0.01
r 70 0.01 2 8.96538 0.01
s 70 2 201
r 30 0.01 2 26.6997 0.01
r 30.2 0.01 2 26.5665 0.01
r 30.4 0.01 2 26.4333 0.01
r 30.6 0.01 2 26.3002 0.01
r 30.8 0.01 2 26.1671 0.01
r 31 0.01 2 26.0342 0.01
r 31.2 0.01 2 25.901 0.01
r 31.4 0.01 2 25.7678 0.01
r 31.6 0.01 2 25.6346 0.01
r 31.8 0.01 2 25.5014 0.01
r 32 0.01 2 25.3682 0.01
r 32.2 0.01 2 25.2351 0.01
r 32.4 0.01 2 25.1019 0.01
r 32.6 0.01 2 24.9687 0.01
r 32.8 0.01 2 24.8356 0.01
r 33 0.01 2 24.7024 0.01
r 33.2 0.01 2 24.5693 0.01
r 33.4 0.01 2 24.4361 0.01
r 33.6 0.01 2 24.3029 0.01
r 33.8 0.01 2 24.1698 0.01
r 34 0.01 2 24.0367 0.01
r 34.2 0.01 2 23.9036 0.01
r 34.4 0.01 2 23.7705 0.01
r 34.6 0.01 2 23.6374 0.01
r 34.8 0.01 2 23.5043 0.01
r 35 0.01 2 23.3714 0.01
r 35.2 0.01 2 23.2383 0.01
r 35.4 0.01 2 23.1051 0.01
r 35.6 0.01 2 22.972 0.01
r 35.8 0.01 2 22.8389 0.01
r 36 0.01 2 22.7058 0.01
r 36.2 0.01 2 22.5727 0.01
r 36.4 0.01 2 22.4396 0.01
r 36.6 0.01 2 22.3063 0.01
r 36.8 0.01 2 22.1732 0.01
r 37 0.01 2 22.0403 0.01
r 37.2 0.01 2 21.9071 0.01
r 37.4 0.01 2 21.774 0.01
r 37.6 0.01 2 21.6408 0.01
r 37.8 0.01 2 21.5078 0.01
r 38 0.01 2 21.3747 0.01
r 38.2 0.01 2 21.2416 0.01
r 38.4 0.01 2 21.1085 0.01
r 38.6 0.01 2 20.9754 0.01
r 38.8 0.01 2 20.8423 0.01
r 39 0.01 2 20.7094 0.01
r 39.2 0.01 2 20.5763 0.01
r 39.4 0.01 2 20.4432 0.01
r 39.6 0.01 2 20.3101 0.01
r 39.8 0.01 2 20.177 0.01
r 40 0.01 2 20.044 0.01
r 40.2 0.01 2 19.9109 0.01
r 40.4 0.01 2 19.7779 0.01
r 40.6 0.01 2 19.6449 0.01
r 40.8 0.01 2 19.5119 0.01
r 41 0.01 2 19.3791 0.01
r 41.2 0.01 2 19.2462 0.01
r 41.4 0.01 2 19.1131 0.01
r 41.6 0.01 2 18.98 0.01
r 41.8 0.01 2 18.8469 0.01
r 42 0.01 2 18.7139 0.01
r 42.2 0.01 2 18.5809 0.01
r 42.4 0.01 2 18.4478 0.01
r 42.6 0.01 2 18.3148 0.01
r 42.8 0.01 2 18.1819 0.01
r 43 0.01 2 18.0492 0.01
r 43.2 0.01 2 17.9162 0.01
r 43.4 0.01 2 17.7832 0.01
r 43.6 0.01 2 17.6502 0.01
r 43.8 0.01 2 17.5172 0.01
r 44 0.01 2 17.3842 0.01
r 44.2 0.01 2 17.2512 0.01
r 44.4 0.01 2 17.1183 0.01
r 44.6 0.01 2 16.9853 0.01
r 44.8 0.01 2 16.8524 0.01
r 45 0.01 2 16.7196 0.01
r 45.2 0.01 2 16.5867 0.01
r 45.4 0.01 2 16.4538 0.01
r 45.6 0.01 2 16.3208 0.01
r 45.8 0.01 2 16.1879 0.01
r 46 0.01 2 16.055 0.01
r 46.2 0.01 2 15.9221 0.01
r 46.4 0.01 2 15.7893 0.01
r 46.6 0.01 2 15.6565 0.01
r 46.8 0.01 2 15.5235 0.01
r 47 0.01 2 15.391 0.01
r 47.2 0.01 2 15.2581 0.01
r 47.4 0.01 2 15.1252 0.01
r 47.6 0.01 2 14.9924 0.01
r 47.8 0.01 2 14.8595 0.01
r 48 0.01 2 14.7267 0.01
r 48.2 0.01 2 14.5939 0.01
r 48.4 0.01 2 14.4611 0.01
r 48.6 0.01 2 14.3283 0.01
r 48.8 0.01 2 14.1955 0.01
r 49 0.01 2 14.0629 0.01
r 49.2 0.01 2 13.9303 0.01
r 49.4 0.01 2 13.7974 0.01
r 49.6 0.01 2 13.6648 0.01
r 49.8 0.01 2 13.5319 0.01
r 50 0.01 2 13.3992 0.01
r 50.2 0.01 2 13.2665 0.01
r 50.4 0.01 2 13.1339 0.01
r 50.6 0.01 2 13.0014 0.01
r 50.8 0.01 2 12.8687 0.01
r 51 0.01 2 12.7361 0.01
r 51.2 0.01 2 12.6035 0.01
r 51.4 0.01 2 12.4708 0.01
r 51.6 0.01 2 12.3382 0.01
r 51.8 0.01 2 12.2057 0.01
r 52 0.01 2 12.0731 0.01
r 52.2 0.01 2 11.9407 0.01
r 52.4 0.01 2 11.8082 0.01
r 52.6 0.01 2 11.6758 0.01
r 52.8 0.01 2 11.5435 0.01
r 53 0.01 2 11.4108 0.01
r 53.2 0.01 2 11.2784 0.01
r 53.4 0.01 2 11.1459 0.01
r 53.6 0.01 2 11.0136 0.01
r 53.8 0.01 2 10.8812 0.01
r 54 0.01 2 10.7489 0.01
r 54.2 0.01 2 10.6167 0.01
r 54.4 0.01 2 10.4845 0.01
r 54.6 0.01 2 10.3522 0.01
r 54.8 0.01 2 10.2199 0.01
r 55 0.01 2 10.0877 0.01
r 55.2 0.01 2 9.95547 0.01
r 55.4 0.01 2 9.82333 0.01
r 55.6 0.01 2 9.69126 0.01
r 55.8 0.01 2 9.55927 0.01
r 56 0.01 2 9.42733 0.01
r 56.2 0.01 2 9.29527 0.01
r 56.4 0.01 2 9.16326 0.01
r 56.6 0.01 2 9.03131 0.01
r 56.8 0.01 2 8.89945 0.01
r 57 0.01 2 8.76767 0.01
r 57.2 0.01 2 8.63591 0.01
r 57.4 0.01 2 8.50426 0.01
r 57.6 0.01 2 8.37274 0.01
r 57.8 0.01 2 8.24086 0.01
r 58 0.01 2 8.10926 0.01
r 58.2 0.01 2 7.97776 0.01
r 58.4 0.01 2 7.8463 0.01
r 58.6 0.01 2 7.71492 0.01
r 58.8 0.01 2 7.58361 0.01
r 59 0.01 2 7.45237 0.01
r 59.2 0.01 2 7.32121 0.01
r 59.4 0.01 2 7.19022 0.01
r 59.6 0.01 2 7.0593 0.01
r 59.8 0.01 2 6.92836 0.01
r 60 0.01 2 6.7974 0.01
r 60.2 0.01 2 6.66674 0.01
r 60.4 0.01 2 6.53619 0.01
r 60.6 0.01 2 6.40563 0.01
r 60.8 0.01 2 6.27518 0.01
r 61 0.01 2 6.14496 0.01
r 61.2 0.01 2 6.01483 0.01
r 61.4 0.01 2 5.88485 0.01
r 61.6 0.01 2 5.75508 0.01
r 61.8 0.01 2 5.62538 0.01
r 62 0.01 2 5.49593 0.01
r 62.2 0.01 2 5.36684 0.01
r 62.4 0.01 2 5.23756 0.01
r 62.6 0.01 2 5.10866 0.01
r 62.8 0.01 2 4.98014 0.01
r 63 0.01 2 4.85173 0.01
r 63.2 0.01 2 4.72372 0.01
r 63.4 0.01 2 4.59567 0.01
r 63.6 0.01 2 4.46843 0.01
r 63.8 0.01 2 4.34103 0.01
r 64 0.01 2 4.21431 0.01
r 64.2 0.01 2 4.08796 0.01
r 64.4 0.01 2 3.96207 0.01
r 64.6 0.01 2 3.83671 0.01
r 64.8 0.01 2 3.71205 0.01
r 65 0.01 2 3.58786 0.01
r 65.2 0.01 2 3.46434 0.01
r 65.4 0.01 2 3.34153 0.01
r 65.6 0.01 2 3.21956 0.01
r 65.8 0.01 2 3.09857 0.01
r 66 0.01 2 2.97859 0.01
r 66.2 0.01 2 2.85986 0.01
r 66.4 0.01 2 2.74239 0.01
r 66.6 0.01 2 2.62644 0.01
r 66.8 0.01 2 2.51227 0.01
r 67 0.01 2 2.40048 0.01
r 67.2 0.01 2 2.29063 0.01
r 67.4 0.01 2 2.18336 0.01
r 67.6 0.01 2 2.07887 0.01
r 67.8 0.01 2 1.97812 0.01
r 68 0.01 2 1.88143 0.01
r 68.2 0.01 2 1.78925 0.01
r 68.4 0.01 2 1.70257 0.01
r 68.6 0.01 2 1.62232 0.01
r 68.8 0.01 2 1.54934 0.01
r 69 0.01 2 1.48499 0.01
r 69.2 0.01 2 1.42998 0.01
r 69.4 0.01 2 1.3857 0.01
r 69.6 0.01 2 1.35321 0.01
r 69.8 0.01 2 1.33335 0.01
r 70 0.01 2 1.32667 0.01
