5
s 30 2 402
r 30 0.01 2 1.39187 0.01
r 30.2 0.01 2 1.39873 0.01
r 30.4 0.01 2 1.41934 0.01
r 30.6 0.01 2 1.45319 0.01
r 30.8 0.01 2 1.4993 0.01
r 31 0.01 2 1.55869 0.01
r 31.2 0.01 2 1.62401 0.01
r 31.4 0.01 2 1.70169 0.01
r 31.6 0.01 2 1.78336 0.01
r 31.8 0.01 2 1.87313 0.01
r 32 0.01 2 1.96894 0.01
r 32.2 0.01 2 2.06938 0.01
r 32.4 0.01 2 2.1748 0.01
r 32.6 0.01 2 2.28413 0.01
r 32.8 0.01 2 2.39649 0.01
r 33 0.01 2 2.5114 0.01
r 33.2 0.01 2 2.62827 0.01
r 33.4 0.01 2 2.74666 0.01
r 33.6 0.01 2 2.86592 0.01
r 33.8 0.01 2 2.98558 0.01
r 34 0.01 2 3.10615 0.01
r 34.2 0.01 2 3.22677 0.01
r 34.4 0.01 2 3.34709 0.01
r 34.6 0.01 2 3.46758 0.01
r 34.8 0.01 2 3.58816 0.01
r 35 0.01 2 3.70876 0.01
r 35.2 0.01 2 3.82929 0.01
r 35.4 0.01 2 3.94985 0.01
r 35.6 0.01 2 4.07093 0.01
r 35.8 0.01 2 4.19211 0.01
r 36 0.01 2 4.31361 0.01
r 36.2 0.01 2 4.43517 0.01
r 36.4 0.01 2 4.55707 0.01
r 36.6 0.01 2 4.67814 0.01
r 36.8 0.01 2 4.79952 0.01
r 37 0.01 2 4.92106 0.01
r 37.2 0.01 2 5.04252 0.01
r 37.4 0.01 2 5.16418 0.01
r 37.6 0.01 2 5.2858 0.01
r 37.8 0.01 2 5.40751 0.01
r 38 0.01 2 5.52943 0.01
r 38.2 0.01 2 5.65103 0.01
r 38.4 0.01 2 5.77225 0.01
r 38.6 0.01 2 5.89307 0.01
r 38.8 0.01 2 6.01357 0.01
r 39 0.01 2 6.13414 0.01
r 39.2 0.01 2 6.25444 0.01
r 39.4 0.01 2 6.37462 0.01
r 39.6 0.01 2 6.49442 0.01
r 39.8 0.01 2 6.61426 0.01
r 40 0.01 2 6.73421 0.01
r 40.2 0.01 2 6.85403 0.01
r 40.4 0.01 2 6.97411 0.01
r 40.6 0.01 2 7.09366 0.01
r 40.8 0.01 2 7.21363 0.01
r 41 0.01 2 7.33403 0.01
r 41.2 0.01 2 7.45455 0.01
r 41.4 0.01 2 7.57534 0.01
r 41.6 0.01 2 7.69593 0.01
r 41.8 0.01 2 7.81763 0.01
r 42 0.01 2 7.93906 0.01
r 42.2 0.01 2 8.06054 0.01
r 42.4 0.01 2 8.18274 0.01
r 42.6 0.01 2 8.30324 0.01
r 42.8 0.01 2 8.42399 0.01
r 43 0.01 2 8.5449 0.01
r 43.2 0.01 2 8.66479 0.01
r 43.4 0.01 2 8.78459 0.01
r 43.6 0.01 2 8.90387 0.01
r 43.8 0.01 2 9.02345 0.01
r 44 0.01 2 9.1425 0.01
r 44.2 0.01 2 9.26169 0.01
r 44.4 0.01 2 9.38067 0.01
r 44.6 0.01 2 9.4995 0.01
r 44.8 0.01 2 9.62035 0.01
r 45 0.01 2 9.73695 0.01
r 45.2 0.01 2 9.85667 0.01
r 45.4 0.01 2 9.97697 0.01
r 45.6 0.01 2 10.0952 0.01
r 45.8 0.01 2 10.2156 0.01
r 46 0.01 2 10.3349 0.01
r 46.2 0.01 2 10.454 0.01
r 46.4 0.01 2 10.5736 0.01
r 46.6 0.01 2 10.6939 0.01
r 46.8 0.01 2 10.8108 0.01
r 47 0.01 2 10.929 0.01
r 47.2 0.01 2 11.0469 0.01
r 47.4 0.01 2 11.1657 0.01
r 47.6 0.01 2 11.2836 0.01
r 47.8 0.01 2 11.4019 0.01
r 48 0.01 2 11.5205 0.01
r 48.2 0.01 2 11.639 0.01
r 48.4 0.01 2 11.7576 0.01
r 48.6 0.01 2 11.8757 0.01
r 48.8 0.01 2 11.9938 0.01
r 49 0.01 2 12.1113 0.01
r 49.2 0.01 2 12.23 0.01
r 49.4 0.01 2 12.349 0.01
r 49.6 0.01 2 12.4685 0.01
r 49.8 0.01 2 12.5873 0.01
r 50 0.01 2 12.7069 0.01
r 50.2 0.01 2 12.8257 0.01
r 50.4 0.01 2 12.9452 0.01
r 50.6 0.01 2 13.0651 0.01
r 50.8 0.01 2 13.1855 0.01
r 51 0.01 2 13.3053 0.01
r 51.2 0.01 2 13.4248 0.01
r 51.4 0.01 2 13.5449 0.01
r 51.6 0.01 2 13.6657 0.01
r 51.8 0.01 2 13.7863 0.01
r 52 0.01 2 13.907 0.01
r 52.2 0.01 2 14.0278 0.01
r 52.4 0.01 2 14.149 0.01
r 52.6 0.01 2 14.2703 0.01
r 52.8 0.01 2 14.3915 0.01
r 53 0.01 2 14.5125 0.01
r 53.2 0.01 2 14.6336 0.01
r 53.4 0.01 2 14.7548 0.01
r 53.6 0.01 2 14.8766 0.01
r 53.8 0.01 2 14.9987 0.01
r 54 0.01 2 15.1208 0.01
r 54.2 0.01 2 15.243 0.01
r 54.4 0.01 2 15.3646 0.01
r 54.6 0.01 2 15.4858 0.01
r 54.8 0.01 2 15.6072 0.01
r 55 0.01 2 15.7287 0.01
r 55.2 0.01 2 15.8499 0.01
r 55.4 0.01 2 15.9711 0.01
r 55.6 0.01 2 16.0924 0.01
r 55.8 0.01 2 16.2136 0.01
r 56 0.01 2 16.3349 0.01
r 56.2 0.01 2 16.4563 0.01
r 56.4 0.01 2 16.5779 0.01
r 56.6 0.01 2 16.6996 0.01
r 56.8 0.01 2 16.8214 0.01
r 57 0.01 2 16.9433 0.01
r 57.2 0.01 2 17.0647 0.01
r 57.4 0.01 2 17.187 0.01
r 57.6 0.01 2 17.3091 0.01
r 57.8 0.01 2 17.4311 0.01
r 58 0.01 2 17.5532 0.01
r 58.2 0.01 2 17.6752 0.01
r 58.4 0.01 2 17.7972 0.01
r 58.6 0.01 2 17.9191 0.01
r 58.8 0.01 2 18.0407 0.01
r 59 0.01 2 18.1619 0.01
r 59.2 0.01 2 18.2831 0.01
r 59.4 0.01 2 18.404 0.01
r 59.6 0.01 2 18.5243 0.01
r 59.8 0.01 2 18.6443 0.01
r 60 0.01 2 18.7648 0.01
r 60.2 0.01 2 18.8851 0.01
r 60.4 0.01 2 19.0053 0.01
r 60.6 0.01 2 19.1264 0.01
r 60.8 0.01 2 19.2478 0.01
r 61 0.01 2 19.3694 0.01
r 61.2 0.01 2 19.4917 0.01
r 61.4 0.01 2 19.6144 0.01
r 61.6 0.01 2 19.7375 0.01
r 61.8 0.01 2 19.8612 0.01
r 62 0.01 2 19.9852 0.01
r 62.2 0.01 2 20.1096 0.01
r 62.4 0.01 2 20.2337 0.01
r 62.6 0.01 2 20.3572 0.01
r 62.8 0.01 2 20.4819 0.01
r 63 0.01 2 20.6048 0.01
r 63.2 0.01 2 20.7283 0.01
r 63.4 0.01 2 20.8524 0.01
r 63.6 0.01 2 20.9773 0.01
r 63.8 0.01 2 21.1021 0.01
r 64 0.01 2 21.2271 0.01
r 64.2 0.01 2 21.3526 0.01
r 64.4 0.01 2 21.4781 0.01
r 64.6 0.01 2 21.6041 0.01
r 64.8 0.01 2 21.73 0.01
r 65 0.01 2 21.8556 0.01
r 65.2 0.01 2 21.9819 0.01
r 65.4 0.01 2 22.1096 0.01
r 65.6 0.01 2 22.2359 0.01
r 65.8 0.01 2 22.3627 0.01
r 66 0.01 2 22.4893 0.01
r 66.2 0.01 2 22.6154 0.01
r 66.4 0.01 2 22.7421 0.01
r 66.6 0.01 2 22.8684 0.01
r 66.8 0.01 2 22.9945 0.01
r 67 0.01 2 23.1208 0.01
r 67.2 0.01 2 23.2461 0.01
r 67.4 0.01 2 23.3723 0.01
r 67.6 0.01 2 23.4975 0.01
r 67.8 0.01 2 23.6233 0.01
r 68 0.01 2 23.7488 0.01
r 68.2 0.01 2 23.874 0.01
r 68.4 0.01 2 23.9997 0.01
r 68.6 0.01 2 24.1253 0.01
r 68.8 0.01 2 24.251 0.01
r 69 0.01 2 24.3767 0.01
r 69.2 0.01 2 24.5021 0.01
r 69.4 0.01 2 24.6279 0.01
r 69.6 0.01 2 24.7536 0.01
r 69.8 0.01 2 24.8796 0.01
r 70 0.01 2 25.0054 0.01
r 30 0.01 3 4.18982 0.01
r 30.2 0.01 3 4.19108 0.01
r 30.4 0.01 3 4.19672 0.01
r 30.6 0.01 3 4.20715 0.01
r 30.8 0.01 3 4.22217 0.01
r 31 0.01 3 4.24386 0.01
r 31.2 0.01 3 4.26764 0.01
r 31.4 0.01 3 4.2945 0.01
r 31.6 0.01 3 4.32749 0.01
r 31.8 0.01 3 4.36414 0.01
r 32 0.01 3 4.40462 0.01
r 32.2 0.01 3 4.45014 0.01
r 32.4 0.01 3 4.50189 0.01
r 32.6 0.01 3 4.55165 0.01
r 32.8 0.01 3 4.60951 0.01
r 33 0.01 3 4.6729 0.01
r 33.2 0.01 3 4.73295 0.01
r 33.4 0.01 3 4.80337 0.01
r 33.6 0.01 3 4.87999 0.01
r 33.8 0.01 3 4.94975 0.01
r 34 0.01 3 5.01701 0.01
r 34.2 0.01 3 5.09201 0.01
r 34.4 0.01 3 5.16659 0.01
r 34.6 0.01 3 5.24508 0.01
r 34.8 0.01 3 5.32773 0.01
r 35 0.01 3 5.41394 0.01
r 35.2 0.01 3 5.50217 0.01
r 35.4 0.01 3 5.59289 0.01
r 35.6 0.01 3 5.68209 0.01
r 35.8 0.01 3 5.77431 0.01
r 36 0.01 3 5.86965 0.01
r 36.2 0.01 3 5.96677 0.01
r 36.4 0.01 3 6.06563 0.01
r 36.6 0.01 3 6.16697 0.01
r 36.8 0.01 3 6.27406 0.01
r 37 0.01 3 6.4252 0.01
r 37.2 0.01 3 6.52845 0.01
r 37.4 0.01 3 6.65113 0.01
r 37.6 0.01 3 6.78329 0.01
r 37.8 0.01 3 6.87745 0.01
r 38 0.01 3 6.97096 0.01
r 38.2 0.01 3 7.05939 0.01
r 38.4 0.01 3 7.15917 0.01
r 38.6 0.01 3 7.25372 0.01
r 38.8 0.01 3 7.36784 0.01
r 39 0.01 3 7.47251 0.01
r 39.2 0.01 3 7.57848 0.01
r 39.4 0.01 3 7.6911 0.01
r 39.6 0.01 3 7.8052 0.01
r 39.8 0.01 3 7.90367 0.01
r 40 0.01 3 8.01557 0.01
r 40.2 0.01 3 8.15059 0.01
r 40.4 0.01 3 8.26785 0.01
r 40.6 0.01 3 8.38392 0.01
r 40.8 0.01 3 8.45664 0.01
r 41 0.01 3 8.57587 0.01
r 41.2 0.01 3 8.69187 0.01
r 41.4 0.01 3 8.80489 0.01
r 41.6 0.01 3 8.91937 0.01
r 41.8 0.01 3 9.0351 0.01
r 42 0.01 3 9.15158 0.01
r 42.2 0.01 3 9.26839 0.01
r 42.4 0.01 3 9.38572 0.01
r 42.6 0.01 3 9.49953 0.01
r 42.8 0.01 3 9.61529 0.01
r 43 0.01 3 9.73325 0.01
r 43.2 0.01 3 9.85045 0.01
r 43.4 0.01 3 9.96192 0.01
r 43.6 0.01 3 10.0783 0.01
r 43.8 0.01 3 10.1947 0.01
r 44 0.01 3 10.3113 0.01
r 44.2 0.01 3 10.4286 0.01
r 44.4 0.01 3 10.546 0.01
r 44.6 0.01 3 10.6638 0.01
r 44.8 0.01 3 10.7819 0.01
r 45 0.01 3 10.8822 0.01
r 45.2 0.01 3 10.9988 0.01
r 45.4 0.01 3 11.1157 0.01
r 45.6 0.01 3 11.233 0.01
r 45.8 0.01 3 11.3504 0.01
r 46 0.01 3 11.468 0.01
r 46.2 0.01 3 11.5856 0.01
r 46.4 0.01 3 11.7033 0.01
r 46.6 0.01 3 11.8206 0.01
r 46.8 0.01 3 11.938 0.01
r 47 0.01 3 12.0353 0.01
r 47.2 0.01 3 12.1506 0.01
r 47.4 0.01 3 12.2659 0.01
r 47.6 0.01 3 12.3813 0.01
r 47.8 0.01 3 12.4972 0.01
r 48 0.01 3 12.6131 0.01
r 48.2 0.01 3 12.7291 0.01
r 48.4 0.01 3 12.8456 0.01
r 48.6 0.01 3 12.9624 0.01
r 48.8 0.01 3 13.079 0.01
r 49 0.01 3 13.1962 0.01
r 49.2 0.01 3 13.3136 0.01
r 49.4 0.01 3 13.431 0.01
r 49.6 0.01 3 13.5488 0.01
r 49.8 0.01 3 13.6665 0.01
r 50 0.01 3 13.7845 0.01
r 50.2 0.01 3 13.9028 0.01
r 50.4 0.01 3 14.0214 0.01
r 50.6 0.01 3 14.1403 0.01
r 50.8 0.01 3 14.2596 0.01
r 51 0.01 3 14.379 0.01
r 51.2 0.01 3 14.4985 0.01
r 51.4 0.01 3 14.6183 0.01
r 51.6 0.01 3 14.7379 0.01
r 51.8 0.01 3 14.8578 0.01
r 52 0.01 3 14.978 0.01
r 52.2 0.01 3 15.0982 0.01
r 52.4 0.01 3 15.2179 0.01
r 52.6 0.01 3 15.3385 0.01
r 52.8 0.01 3 15.4593 0.01
r 53 0.01 3 15.5551 0.01
r 53.2 0.01 3 15.6758 0.01
r 53.4 0.01 3 15.7967 0.01
r 53.6 0.01 3 15.9177 0.01
r 53.8 0.01 3 16.0388 0.01
r 54 0.01 3 16.1601 0.01
r 54.2 0.01 3 16.2814 0.01
r 54.4 0.01 3 16.4027 0.01
r 54.6 0.01 3 16.5233 0.01
r 54.8 0.01 3 16.6437 0.01
r 55 0.01 3 16.7348 0.01
r 55.2 0.01 3 16.8552 0.01
r 55.4 0.01 3 16.9756 0.01
r 55.6 0.01 3 17.0959 0.01
r 55.8 0.01 3 17.2164 0.01
r 56 0.01 3 17.337 0.01
r 56.2 0.01 3 17.4575 0.01
r 56.4 0.01 3 17.5783 0.01
r 56.6 0.01 3 17.6996 0.01
r 56.8 0.01 3 17.8209 0.01
r 57 0.01 3 17.888 0.01
r 57.2 0.01 3 18.0094 0.01
r 57.4 0.01 3 18.1291 0.01
r 57.6 0.01 3 18.2523 0.01
r 57.8 0.01 3 18.3738 0.01
r 58 0.01 3 18.4924 0.01
r 58.2 0.01 3 18.6176 0.01
r 58.4 0.01 3 18.7379 0.01
r 58.6 0.01 3 18.8576 0.01
r 58.8 0.01 3 18.9817 0.01
r 59 0.01 3 19.1084 0.01
r 59.2 0.01 3 19.2307 0.01
r 59.4 0.01 3 19.3513 0.01
r 59.6 0.01 3 19.4727 0.01
r 59.8 0.01 3 19.5951 0.01
r 60 0.01 3 19.7167 0.01
r 60.2 0.01 3 19.8373 0.01
r 60.4 0.01 3 19.9546 0.01
r 60.6 0.01 3 20.0799 0.01
r 60.8 0.01 3 20.201 0.01
r 61 0.01 3 20.2968 0.01
r 61.2 0.01 3 20.4083 0.01
r 61.4 0.01 3 20.5536 0.01
r 61.6 0.01 3 20.6776 0.01
r 61.8 0.01 3 20.8015 0.01
r 62 0.01 3 20.9245 0.01
r 62.2 0.01 3 21.034 0.01
r 62.4 0.01 3 21.1687 0.01
r 62.6 0.01 3 21.29 0.01
r 62.8 0.01 3 21.4116 0.01
r 63 0.01 3 21.4879 0.01
r 63.2 0.01 3 21.6113 0.01
r 63.4 0.01 3 21.7368 0.01
r 63.6 0.01 3 21.8617 0.01
r 63.8 0.01 3 21.9865 0.01
r 64 0.01 3 22.1105 0.01
r 64.2 0.01 3 22.2432 0.01
r 64.4 0.01 3 22.3625 0.01
r 64.6 0.01 3 22.4973 0.01
r 64.8 0.01 3 22.6223 0.01
r 65 0.01 3 22.7101 0.01
r 65.2 0.01 3 22.8349 0.01
r 65.4 0.01 3 22.9589 0.01
r 65.6 0.01 3 23.0841 0.01
r 65.8 0.01 3 23.2101 0.01
r 66 0.01 3 23.3355 0.01
r 66.2 0.01 3 23.4611 0.01
r 66.4 0.01 3 23.5875 0.01
r 66.6 0.01 3 23.7064 0.01
r 66.8 0.01 3 23.8396 0.01
r 67 0.01 3 23.9932 0.01
r 67.2 0.01 3 24.0587 0.01
r 67.4 0.01 3 24.2498 0.01
r 67.6 0.01 3 24.3755 0.01
r 67.8 0.01 3 24.505 0.01
r 68 0.01 3 24.6258 0.01
r 68.2 0.01 3 24.7537 0.01
r 68.4 0.01 3 24.8791 0.01
r 68.6 0.01 3 25.0041 0.01
r 68.8 0.01 3 25.1273 0.01
r 69 0.01 3 25.1638 0.01
r 69.2 0.01 3 25.2882 0.01
r 69.4 0.01 3 25.4132 0.01
r 69.6 0.01 3 25.539 0.01
r 69.8 0.01 3 25.6628 0.01
r 70 0.01 3 25.7896 0.01
s 40 2 402
r 30 0.01 2 6.8042 0.01
r 30.2 0.01 2 6.6726 0.01
r 30.4 0.01 2 6.53817 0.01
r 30.6 0.01 2 6.40592 0.01
r 30.8 0.01 2 6.27432 0.01
r 31 0.01 2 6.14491 0.01
r 31.2 0.01 2 6.01373 0.01
r 31.4 0.01 2 5.88355 0.01
r 31.6 0.01 2 5.75466 0.01
r 31.8 0.01 2 5.62559 0.01
r 32 0.01 2 5.49857 0.01
r 32.2 0.01 2 5.37189 0.01
r 32.4 0.01 2 5.24616 0.01
r 32.6 0.01 2 5.12068 0.01
r 32.8 0.01 2 4.99566 0.01
r 33 0.01 2 4.87076 0.01
r 33.2 0.01 2 4.74631 0.01
r 33.4 0.01 2 4.62143 0.01
r 33.6 0.01 2 4.49622 0.01
r 33.8 0.01 2 4.37176 0.01
r 34 0.01 2 4.24727 0.01
r 34.2 0.01 2 4.12323 0.01
r 34.4 0.01 2 3.99879 0.01
r 34.6 0.01 2 3.87542 0.01
r 34.8 0.01 2 3.75255 0.01
r 35 0.01 2 3.63 0.01
r 35.2 0.01 2 3.50805 0.01
r 35.4 0.01 2 3.38684 0.01
r 35.6 0.01 2 3.26649 0.01
r 35.8 0.01 2 3.14654 0.01
r 36 0.01 2 3.02768 0.01
r 36.2 0.01 2 2.90971 0.01
r 36.4 0.01 2 2.793 0.01
r 36.6 0.01 2 2.67725 0.01
r 36.8 0.01 2 2.5648 0.01
r 37 0.01 2 2.45055 0.01
r 37.2 0.01 2 2.34013 0.01
r 37.4 0.01 2 2.23213 0.01
r 37.6 0.01 2 2.1267 0.01
r 37.8 0.01 2 2.0244 0.01
r 38 0.01 2 1.92591 0.01
r 38.2 0.01 2 1.83209 0.01
r 38.4 0.01 2 1.74372 0.01
r 38.6 0.01 2 1.66079 0.01
r 38.8 0.01 2 1.58611 0.01
r 39 0.01 2 1.51971 0.01
r 39.2 0.01 2 1.46305 0.01
r 39.4 0.01 2 1.41731 0.01
r 39.6 0.01 2 1.3836 0.01
r 39.8 0.01 2 1.36272 0.01
r 40 0.01 2 1.35524 0.01
r 40.2 0.01 2 1.36086 0.01
r 40.4 0.01 2 1.37985 0.01
r 40.6 0.01 2 1.41156 0.01
r 40.8 0.01 2 1.45515 0.01
r 41 0.01 2 1.50943 0.01
r 41.2 0.01 2 1.57354 0.01
r 41.4 0.01 2 1.64551 0.01
r 41.6 0.01 2 1.72448 0.01
r 41.8 0.01 2 1.80995 0.01
r 42 0.01 2 1.90033 0.01
r 42.2 0.01 2 1.99508 0.01
r 42.4 0.01 2 2.09337 0.01
r 42.6 0.01 2 2.19446 0.01
r 42.8 0.01 2 2.29844 0.01
r 43 0.01 2 2.40428 0.01
r 43.2 0.01 2 2.5106 0.01
r 43.4 0.01 2 2.6192 0.01
r 43.6 0.01 2 2.72913 0.01
r 43.8 0.01 2 2.84007 0.01
r 44 0.01 2 2.95185 0.01
r 44.2 0.01 2 3.06492 0.01
r 44.4 0.01 2 3.17897 0.01
r 44.6 0.01 2 3.29387 0.01
r 44.8 0.01 2 3.40943 0.01
r 45 0.01 2 3.52549 0.01
r 45.2 0.01 2 3.64167 0.01
r 45.4 0.01 2 3.75844 0.01
r 45.6 0.01 2 3.87573 0.01
r 45.8 0.01 2 3.99345 0.01
r 46 0.01 2 4.11096 0.01
r 46.2 0.01 2 4.22893 0.01
r 46.4 0.01 2 4.34611 0.01
r 46.6 0.01 2 4.46351 0.01
r 46.8 0.01 2 4.58103 0.01
r 47 0.01 2 4.69834 0.01
r 47.2 0.01 2 4.81563 0.01
r 47.4 0.01 2 4.93288 0.01
r 47.6 0.01 2 5.05031 0.01
r 47.8 0.01 2 5.16808 0.01
r 48 0.01 2 5.28582 0.01
r 48.2 0.01 2 5.40309 0.01
r 48.4 0.01 2 5.52116 0.01
r 48.6 0.01 2 5.63804 0.01
r 48.8 0.01 2 5.75575 0.01
r 49 0.01 2 5.8735 0.01
r 49.2 0.01 2 5.9915 0.01
r 49.4 0.01 2 6.10975 0.01
r 49.6 0.01 2 6.22807 0.01
r 49.8 0.01 2 6.34682 0.01
r 50 0.01 2 6.46537 0.01
r 50.2 0.01 2 6.5842 0.01
r 50.4 0.01 2 6.70376 0.01
r 50.6 0.01 2 6.82264 0.01
r 50.8 0.01 2 6.94232 0.01
r 51 0.01 2 7.0621 0.01
r 51.2 0.01 2 7.18215 0.01
r 51.4 0.01 2 7.3023 0.01
r 51.6 0.01 2 7.42184 0.01
r 51.8 0.01 2 7.54195 0.01
r 52 0.01 2 7.66207 0.01
r 52.2 0.01 2 7.78249 0.01
r 52.4 0.01 2 7.90319 0.01
r 52.6 0.01 2 8.02358 0.01
r 52.8 0.01 2 8.14455 0.01
r 53 0.01 2 8.26514 0.01
r 53.2 0.01 2 8.38619 0.01
r 53.4 0.01 2 8.50731 0.01
r 53.6 0.01 2 8.62856 0.01
r 53.8 0.01 2 8.74983 0.01
r 54 0.01 2 8.87128 0.01
r 54.2 0.01 2 8.99262 0.01
r 54.4 0.01 2 9.11404 0.01
r 54.6 0.01 2 9.23531 0.01
r 54.8 0.01 2 9.35676 0.01
r 55 0.01 2 9.47851 0.01
r 55.2 0.01 2 9.60065 0.01
r 55.4 0.01 2 9.72145 0.01
r 55.6 0.01 2 9.84215 0.01
r 55.8 0.01 2 9.96301 0.01
r 56 0.01 2 10.0839 0.01
r 56.2 0.01 2 10.2049 0.01
r 56.4 0.01 2 10.3261 0.01
r 56.6 0.01 2 10.4474 0.01
r 56.8 0.01 2 10.569 0.01
r 57 0.01 2 10.6909 0.01
r 57.2 0.01 2 10.8127 0.01
r 57.4 0.01 2 10.9345 0.01
r 57.6 0.01 2 11.0565 0.01
r 57.8 0.01 2 11.1785 0.01
r 58 0.01 2 11.3005 0.01
r 58.2 0.01 2 11.4225 0.01
r 58.4 0.01 2 11.5444 0.01
r 58.6 0.01 2 11.6662 0.01
r 58.8 0.01 2 11.7879 0.01
r 59 0.01 2 11.9092 0.01
r 59.2 0.01 2 12.0305 0.01
r 59.4 0.01 2 12.1514 0.01
r 59.6 0.01 2 12.272 0.01
r 59.8 0.01 2 12.3928 0.01
r 60 0.01 2 12.5131 0.01
r 60.2 0.01 2 12.6333 0.01
r 60.4 0.01 2 12.7537 0.01
r 60.6 0.01 2 12.8747 0.01
r 60.8 0.01 2 12.9961 0.01
r 61 0.01 2 13.1177 0.01
r 61.2 0.01 2 13.24 0.01
r 61.4 0.01 2 13.3628 0.01
r 61.6 0.01 2 13.4859 0.01
r 61.8 0.01 2 13.6095 0.01
r 62 0.01 2 13.7335 0.01
r 62.2 0.01 2 13.8578 0.01
r 62.4 0.01 2 13.9814 0.01
r 62.6 0.01 2 14.1053 0.01
r 62.8 0.01 2 14.2293 0.01
r 63 0.01 2 14.3528 0.01
r 63.2 0.01 2 14.4764 0.01
r 63.4 0.01 2 14.6004 0.01
r 63.6 0.01 2 14.7248 0.01
r 63.8 0.01 2 14.8496 0.01
r 64 0.01 2 14.9748 0.01
r 64.2 0.01 2 15.1003 0.01
r 64.4 0.01 2 15.2259 0.01
r 64.6 0.01 2 15.3518 0.01
r 64.8 0.01 2 15.4778 0.01
r 65 0.01 2 15.6036 0.01
r 65.2 0.01 2 15.731 0.01
r 65.4 0.01 2 15.8574 0.01
r 65.6 0.01 2 15.984 0.01
r 65.8 0.01 2 16.1104 0.01
r 66 0.01 2 16.2368 0.01
r 66.2 0.01 2 16.3633 0.01
r 66.4 0.01 2 16.4897 0.01
r 66.6 0.01 2 16.6161 0.01
r 66.8 0.01 2 16.7424 0.01
r 67 0.01 2 16.8684 0.01
r 67.2 0.01 2 16.9943 0.01
r 67.4 0.01 2 17.1201 0.01
r 67.6 0.01 2 17.2458 0.01
r 67.8 0.01 2 17.3715 0.01
r 68 0.01 2 17.497 0.01
r 68.2 0.01 2 17.6224 0.01
r 68.4 0.01 2 17.7481 0.01
r 68.6 0.01 2 17.8736 0.01
r 68.8 0.01 2 17.9993 0.01
r 69 0.01 2 18.1248 0.01
r 69.2 0.01 2 18.2504 0.01
r 69.4 0.01 2 18.3762 0.01
r 69.6 0.01 2 18.502 0.01
r 69.8 0.01 2 18.6278 0.01
r 70 0.01 2 18.7538 0.01
r 30 0.01 3 8.01524 0.01
r 30.2 0.01 3 7.90604 0.01
r 30.4 0.01 3 7.79121 0.01
r 30.6 0.01 3 7.66148 0.01
r 30.8 0.01 3 7.54707 0.01
r 31 0.01 3 7.42913 0.01
r 31.2 0.01 3 7.31493 0.01
r 31.4 0.01 3 7.19618 0.01
r 31.6 0.01 3 7.07826 0.01
r 31.8 0.01 3 6.96692 0.01
r 32 0.01 3 6.85914 0.01
r 32.2 0.01 3 6.75355 0.01
r 32.4 0.01 3 6.63179 0.01
r 32.6 0.01 3 6.52379 0.01
r 32.8 0.01 3 6.4179 0.01
r 33 0.01 3 6.34006 0.01
r 33.2 0.01 3 6.25908 0.01
r 33.4 0.01 3 6.116 0.01
r 33.6 0.01 3 6.19251 0.01
r 33.8 0.01 3 5.96055 0.01
r 34 0.01 3 5.81728 0.01
r 34.2 0.01 3 5.77664 0.01
r 34.4 0.01 3 5.68785 0.01
r 34.6 0.01 3 5.56368 0.01
r 34.8 0.01 3 5.46962 0.01
r 35 0.01 3 5.37454 0.01
r 35.2 0.01 3 5.30565 0.01
r 35.4 0.01 3 5.17882 0.01
r 35.6 0.01 3 5.11379 0.01
r 35.8 0.01 3 5.05261 0.01
r 36 0.01 3 4.9331 0.01
r 36.2 0.01 3 4.85732 0.01
r 36.4 0.01 3 4.78544 0.01
r 36.6 0.01 3 4.71679 0.01
r 36.8 0.01 3 4.64894 0.01
r 37 0.01 3 4.58267 0.01
r 37.2 0.01 3 4.52226 0.01
r 37.4 0.01 3 4.46635 0.01
r 37.6 0.01 3 4.41287 0.01
r 37.8 0.01 3 4.36312 0.01
r 38 0.01 3 4.31891 0.01
r 38.2 0.01 3 4.27498 0.01
r 38.4 0.01 3 4.2359 0.01
r 38.6 0.01 3 4.20468 0.01
r 38.8 0.01 3 4.17131 0.01
r 39 0.01 3 4.14466 0.01
r 39.2 0.01 3 4.12305 0.01
r 39.4 0.01 3 4.10579 0.01
r 39.6 0.01 3 4.09308 0.01
r 39.8 0.01 3 4.08602 0.01
r 40 0.01 3 4.0812 0.01
r 40.2 0.01 3 4.08015 0.01
r 40.4 0.01 3 4.08358 0.01
r 40.6 0.01 3 4.09168 0.01
r 40.8 0.01 3 4.10425 0.01
r 41 0.01 3 4.12148 0.01
r 41.2 0.01 3 4.14334 0.01
r 41.4 0.01 3 4.17024 0.01
r 41.6 0.01 3 4.26589 0.01
r 41.8 0.01 3 4.23137 0.01
r 42 0.01 3 4.26842 0.01
r 42.2 0.01 3 4.30935 0.01
r 42.4 0.01 3 4.353 0.01
r 42.6 0.01 3 4.40119 0.01
r 42.8 0.01 3 4.45449 0.01
r 43 0.01 3 4.50704 0.01
r 43.2 0.01 3 4.5656 0.01
r 43.4 0.01 3 4.62706 0.01
r 43.6 0.01 3 4.69142 0.01
r 43.8 0.01 3 4.75891 0.01
r 44 0.01 3 4.82814 0.01
r 44.2 0.01 3 5.21567 0.01
r 44.4 0.01 3 4.97575 0.01
r 44.6 0.01 3 5.05472 0.01
r 44.8 0.01 3 5.13349 0.01
r 45 0.01 3 5.22026 0.01
r 45.2 0.01 3 5.3042 0.01
r 45.4 0.01 3 5.38783 0.01
r 45.6 0.01 3 5.47184 0.01
r 45.8 0.01 3 5.55921 0.01
r 46 0.01 3 5.6503 0.01
r 46.2 0.01 3 5.74087 0.01
r 46.4 0.01 3 5.83014 0.01
r 46.6 0.01 3 5.92438 0.01
r 46.8 0.01 3 6.41719 0.01
r 47 0.01 3 6.12581 0.01
r 47.2 0.01 3 6.21321 0.01
r 47.4 0.01 3 6.63231 0.01
r 47.6 0.01 3 6.41635 0.01
r 47.8 0.01 3 6.51094 0.01
r 48 0.01 3 6.59861 0.01
r 48.2 0.01 3 6.8436 0.01
r 48.4 0.01 3 6.91742 0.01
r 48.6 0.01 3 6.99522 0.01
r 48.8 0.01 3 7.07894 0.01
r 49 0.01 3 7.17701 0.01
r 49.2 0.01 3 7.26755 0.01
r 49.4 0.01 3 7.35485 0.01
r 49.6 0.01 3 7.45119 0.01
r 49.8 0.01 3 7.54783 0.01
r 50 0.01 3 7.64732 0.01
r 50.2 0.01 3 7.74793 0.01
r 50.4 0.01 3 7.85003 0.01
r 50.6 0.01 3 7.95105 0.01
r 50.8 0.01 3 8.0585 0.01
r 51 0.01 3 8.20161 0.01
r 51.2 0.01 3 8.30573 0.01
r 51.4 0.01 3 8.41641 0.01
r 51.6 0.01 3 8.51654 0.01
r 51.8 0.01 3 8.6289 0.01
r 52 0.01 3 8.74545 0.01
r 52.2 0.01 3 8.83957 0.01
r 52.4 0.01 3 8.96014 0.01
r 52.6 0.01 3 9.07808 0.01
r 52.8 0.01 3 9.18193 0.01
r 53 0.01 3 9.30873 0.01
r 53.2 0.01 3 9.42717 0.01
r 53.4 0.01 3 9.54354 0.01
r 53.6 0.01 3 9.66134 0.01
r 53.8 0.01 3 9.7734 0.01
r 54 0.01 3 9.88864 0.01
r 54.2 0.01 3 9.98864 0.01
r 54.4 0.01 3 10.111 0.01
r 54.6 0.01 3 10.2472 0.01
r 54.8 0.01 3 10.3527 0.01
r 55 0.01 3 10.4574 0.01
r 55.2 0.01 3 10.5767 0.01
r 55.4 0.01 3 10.6959 0.01
r 55.6 0.01 3 10.8149 0.01
r 55.8 0.01 3 10.935 0.01
r 56 0.01 3 11.0542 0.01
r 56.2 0.01 3 11.1744 0.01
r 56.4 0.01 3 11.2957 0.01
r 56.6 0.01 3 11.4167 0.01
r 56.8 0.01 3 11.5356 0.01
r 57 0.01 3 11.5762 0.01
r 57.2 0.01 3 11.6967 0.01
r 57.4 0.01 3 11.8171 0.01
r 57.6 0.01 3 11.938 0.01
r 57.8 0.01 3 12.0592 0.01
r 58 0.01 3 12.1803 0.01
r 58.2 0.01 3 12.3015 0.01
r 58.4 0.01 3 12.4228 0.01
r 58.6 0.01 3 12.5445 0.01
r 58.8 0.01 3 12.666 0.01
r 59 0.01 3 12.7475 0.01
r 59.2 0.01 3 12.8688 0.01
r 59.4 0.01 3 12.9898 0.01
r 59.6 0.01 3 13.1104 0.01
r 59.8 0.01 3 13.2311 0.01
r 60 0.01 3 13.3516 0.01
r 60.2 0.01 3 13.4721 0.01
r 60.4 0.01 3 13.5966 0.01
r 60.6 0.01 3 13.7183 0.01
r 60.8 0.01 3 13.8403 0.01
r 61 0.01 3 13.9631 0.01
r 61.2 0.01 3 14.0847 0.01
r 61.4 0.01 3 14.2121 0.01
r 61.6 0.01 3 14.3394 0.01
r 61.8 0.01 3 14.4638 0.01
r 62 0.01 3 14.59 0.01
r 62.2 0.01 3 14.7117 0.01
r 62.4 0.01 3 14.834 0.01
r 62.6 0.01 3 14.9576 0.01
r 62.8 0.01 3 15.0806 0.01
r 63 0.01 3 15.1921 0.01
r 63.2 0.01 3 15.3158 0.01
r 63.4 0.01 3 15.4419 0.01
r 63.6 0.01 3 15.5641 0.01
r 63.8 0.01 3 15.6911 0.01
r 64 0.01 3 15.8163 0.01
r 64.2 0.01 3 15.9427 0.01
r 64.4 0.01 3 16.0688 0.01
r 64.6 0.01 3 16.1962 0.01
r 64.8 0.01 3 16.3249 0.01
r 65 0.01 3 16.4664 0.01
r 65.2 0.01 3 16.5872 0.01
r 65.4 0.01 3 16.718 0.01
r 65.6 0.01 3 16.835 0.01
r 65.8 0.01 3 16.9693 0.01
r 66 0.01 3 17.09 0.01
r 66.2 0.01 3 17.2166 0.01
r 66.4 0.01 3 17.3391 0.01
r 66.6 0.01 3 17.4687 0.01
r 66.8 0.01 3 17.5988 0.01
r 67 0.01 3 17.6646 0.01
r 67.2 0.01 3 17.7894 0.01
r 67.4 0.01 3 17.9159 0.01
r 67.6 0.01 3 18.0414 0.01
r 67.8 0.01 3 18.1667 0.01
r 68 0.01 3 18.2917 0.01
r 68.2 0.01 3 18.416 0.01
r 68.4 0.01 3 18.542 0.01
r 68.6 0.01 3 18.6668 0.01
r 68.8 0.01 3 18.7915 0.01
r 69 0.01 3 18.9209 0.01
r 69.2 0.01 3 19.0453 0.01
r 69.4 0.01 3 19.1698 0.01
r 69.6 0.01 3 19.2953 0.01
r 69.8 0.01 3 19.4207 0.01
r 70 0.01 3 19.5462 0.01
s 50 2 402
r 30 0.01 2 13.029 0.01
r 30.2 0.01 2 12.8963 0.01
r 30.4 0.01 2 12.7629 0.01
r 30.6 0.01 2 12.6305 0.01
r 30.8 0.01 2 12.4982 0.01
r 31 0.01 2 12.3754 0.01
r 31.2 0.01 2 12.243 0.01
r 31.4 0.01 2 12.1115 0.01
r 31.6 0.01 2 11.9822 0.01
r 31.8 0.01 2 11.8526 0.01
r 32 0.01 2 11.7251 0.01
r 32.2 0.01 2 11.5988 0.01
r 32.4 0.01 2 11.4736 0.01
r 32.6 0.01 2 11.3471 0.01
r 32.8 0.01 2 11.22 0.01
r 33 0.01 2 11.0967 0.01
r 33.2 0.01 2 10.9713 0.01
r 33.4 0.01 2 10.8459 0.01
r 33.6 0.01 2 10.721 0.01
r 33.8 0.01 2 10.5971 0.01
r 34 0.01 2 10.4809 0.01
r 34.2 0.01 2 10.3556 0.01
r 34.4 0.01 2 10.2299 0.01
r 34.6 0.01 2 10.1035 0.01
r 34.8 0.01 2 9.97837 0.01
r 35 0.01 2 9.84433 0.01
r 35.2 0.01 2 9.71954 0.01
r 35.4 0.01 2 9.5953 0.01
r 35.6 0.01 2 9.47077 0.01
r 35.8 0.01 2 9.3462 0.01
r 36 0.01 2 9.22121 0.01
r 36.2 0.01 2 9.09713 0.01
r 36.4 0.01 2 8.97153 0.01
r 36.6 0.01 2 8.84307 0.01
r 36.8 0.01 2 8.71542 0.01
r 37 0.01 2 8.59005 0.01
r 37.2 0.01 2 8.46158 0.01
r 37.4 0.01 2 8.33333 0.01
r 37.6 0.01 2 8.2047 0.01
r 37.8 0.01 2 8.07607 0.01
r 38 0.01 2 7.94686 0.01
r 38.2 0.01 2 7.81802 0.01
r 38.4 0.01 2 7.69029 0.01
r 38.6 0.01 2 7.56345 0.01
r 38.8 0.01 2 7.43627 0.01
r 39 0.01 2 7.31846 0.01
r 39.2 0.01 2 7.18828 0.01
r 39.4 0.01 2 7.06149 0.01
r 39.6 0.01 2 6.93553 0.01
r 39.8 0.01 2 6.80962 0.01
r 40 0.01 2 6.67811 0.01
r 40.2 0.01 2 6.55176 0.01
r 40.4 0.01 2 6.42371 0.01
r 40.6 0.01 2 6.29585 0.01
r 40.8 0.01 2 6.16754 0.01
r 41 0.01 2 6.03908 0.01
r 41.2 0.01 2 5.90992 0.01
r 41.4 0.01 2 5.7811 0.01
r 41.6 0.01 2 5.65095 0.01
r 41.8 0.01 2 5.52073 0.01
r 42 0.01 2 5.39027 0.01
r 42.2 0.01 2 5.25993 0.01
r 42.4 0.01 2 5.12997 0.01
r 42.6 0.01 2 4.99952 0.01
r 42.8 0.01 2 4.87015 0.01
r 43 0.01 2 4.74147 0.01
r 43.2 0.01 2 4.61332 0.01
r 43.4 0.01 2 4.48571 0.01
r 43.6 0.01 2 4.35876 0.01
r 43.8 0.01 2 4.23233 0.01
r 44 0.01 2 4.10671 0.01
r 44.2 0.01 2 3.98203 0.01
r 44.4 0.01 2 3.85779 0.01
r 44.6 0.01 2 3.7343 0.01
r 44.8 0.01 2 3.6116 0.01
r 45 0.01 2 3.48911 0.01
r 45.2 0.01 2 3.36753 0.01
r 45.4 0.01 2 3.24682 0.01
r 45.6 0.01 2 3.12672 0.01
r 45.8 0.01 2 3.00766 0.01
r 46 0.01 2 2.88933 0.01
r 46.2 0.01 2 2.77204 0.01
r 46.4 0.01 2 2.65621 0.01
r 46.6 0.01 2 2.5421 0.01
r 46.8 0.01 2 2.43002 0.01
r 47 0.01 2 2.31927 0.01
r 47.2 0.01 2 2.21149 0.01
r 47.4 0.01 2 2.10638 0.01
r 47.6 0.01 2 2.00448 0.01
r 47.8 0.01 2 1.9059 0.01
r 48 0.01 2 1.81131 0.01
r 48.2 0.01 2 1.72151 0.01
r 48.4 0.01 2 1.63682 0.01
r 48.6 0.01 2 1.5586 0.01
r 48.8 0.01 2 1.48725 0.01
r 49 0.01 2 1.42436 0.01
r 49.2 0.01 2 1.37048 0.01
r 49.4 0.01 2 1.327 0.01
r 49.6 0.01 2 1.29483 0.01
r 49.8 0.01 2 1.27479 0.01
r 50 0.01 2 1.26736 0.01
r 50.2 0.01 2 1.27303 0.01
r 50.4 0.01 2 1.29126 0.01
r 50.6 0.01 2 1.32151 0.01
r 50.8 0.01 2 1.36293 0.01
r 51 0.01 2 1.41465 0.01
r 51.2 0.01 2 1.47502 0.01
r 51.4 0.01 2 1.5436 0.01
r 51.6 0.01 2 1.61895 0.01
r 51.8 0.01 2 1.70046 0.01
r 52 0.01 2 1.78681 0.01
r 52.2 0.01 2 1.87786 0.01
r 52.4 0.01 2 1.97278 0.01
r 52.6 0.01 2 2.07119 0.01
r 52.8 0.01 2 2.17222 0.01
r 53 0.01 2 2.27572 0.01
r 53.2 0.01 2 2.38099 0.01
r 53.4 0.01 2 2.48844 0.01
r 53.6 0.01 2 2.59711 0.01
r 53.8 0.01 2 2.70734 0.01
r 54 0.01 2 2.81884 0.01
r 54.2 0.01 2 2.9311 0.01
r 54.4 0.01 2 3.04437 0.01
r 54.6 0.01 2 3.15836 0.01
r 54.8 0.01 2 3.27345 0.01
r 55 0.01 2 3.3888 0.01
r 55.2 0.01 2 3.50494 0.01
r 55.4 0.01 2 3.6216 0.01
r 55.6 0.01 2 3.73865 0.01
r 55.8 0.01 2 3.85619 0.01
r 56 0.01 2 3.97417 0.01
r 56.2 0.01 2 4.0925 0.01
r 56.4 0.01 2 4.2113 0.01
r 56.6 0.01 2 4.3308 0.01
r 56.8 0.01 2 4.45057 0.01
r 57 0.01 2 4.57069 0.01
r 57.2 0.01 2 4.69119 0.01
r 57.4 0.01 2 4.81193 0.01
r 57.6 0.01 2 4.93288 0.01
r 57.8 0.01 2 5.05393 0.01
r 58 0.01 2 5.17523 0.01
r 58.2 0.01 2 5.29661 0.01
r 58.4 0.01 2 5.41807 0.01
r 58.6 0.01 2 5.5396 0.01
r 58.8 0.01 2 5.66121 0.01
r 59 0.01 2 5.78285 0.01
r 59.2 0.01 2 5.90401 0.01
r 59.4 0.01 2 6.02518 0.01
r 59.6 0.01 2 6.14778 0.01
r 59.8 0.01 2 6.26939 0.01
r 60 0.01 2 6.38819 0.01
r 60.2 0.01 2 6.51355 0.01
r 60.4 0.01 2 6.63202 0.01
r 60.6 0.01 2 6.75394 0.01
r 60.8 0.01 2 6.87702 0.01
r 61 0.01 2 6.99713 0.01
r 61.2 0.01 2 7.11903 0.01
r 61.4 0.01 2 7.24139 0.01
r 61.6 0.01 2 7.36455 0.01
r 61.8 0.01 2 7.48832 0.01
r 62 0.01 2 7.6122 0.01
r 62.2 0.01 2 7.7364 0.01
r 62.4 0.01 2 7.86075 0.01
r 62.6 0.01 2 7.98568 0.01
r 62.8 0.01 2 8.10907 0.01
r 63 0.01 2 8.23402 0.01
r 63.2 0.01 2 8.35814 0.01
r 63.4 0.01 2 8.48307 0.01
r 63.6 0.01 2 8.60644 0.01
r 63.8 0.01 2 8.73236 0.01
r 64 0.01 2 8.85802 0.01
r 64.2 0.01 2 8.98355 0.01
r 64.4 0.01 2 9.10758 0.01
r 64.6 0.01 2 9.23463 0.01
r 64.8 0.01 2 9.3594 0.01
r 65 0.01 2 9.48335 0.01
r 65.2 0.01 2 9.61022 0.01
r 65.4 0.01 2 9.73737 0.01
r 65.6 0.01 2 9.86424 0.01
r 65.8 0.01 2 9.99068 0.01
r 66 0.01 2 10.1173 0.01
r 66.2 0.01 2 10.2445 0.01
r 66.4 0.01 2 10.3701 0.01
r 66.6 0.01 2 10.4967 0.01
r 66.8 0.01 2 10.6227 0.01
r 67 0.01 2 10.7497 0.01
r 67.2 0.01 2 10.877 0.01
r 67.4 0.01 2 11.0045 0.01
r 67.6 0.01 2 11.1275 0.01
r 67.8 0.01 2 11.2527 0.01
r 68 0.01 2 11.3789 0.01
r 68.2 0.01 2 11.5048 0.01
r 68.4 0.01 2 11.6299 0.01
r 68.6 0.01 2 11.7553 0.01
r 68.8 0.01 2 11.8801 0.01
r 69 0.01 2 12.0063 0.01
r 69.2 0.01 2 12.1328 0.01
r 69.4 0.01 2 12.2581 0.01
r 69.6 0.01 2 12.3834 0.01
r 69.8 0.01 2 12.5092 0.01
r 70 0.01 2 12.6367 0.01
r 30 0.01 3 13.8463 0.01
r 30.2 0.01 3 13.715 0.01
r 30.4 0.01 3 13.5829 0.01
r 30.6 0.01 3 13.4517 0.01
r 30.8 0.01 3 13.3201 0.01
r 31 0.01 3 13.1894 0.01
r 31.2 0.01 3 13.0587 0.01
r 31.4 0.01 3 12.9294 0.01
r 31.6 0.01 3 12.8008 0.01
r 31.8 0.01 3 12.6733 0.01
r 32 0.01 3 12.55 0.01
r 32.2 0.01 3 12.4209 0.01
r 32.4 0.01 3 12.2956 0.01
r 32.6 0.01 3 12.1705 0.01
r 32.8 0.01 3 12.0454 0.01
r 33 0.01 3 11.8795 0.01
r 33.2 0.01 3 11.7547 0.01
r 33.4 0.01 3 11.6299 0.01
r 33.6 0.01 3 11.5052 0.01
r 33.8 0.01 3 11.3805 0.01
r 34 0.01 3 11.2559 0.01
r 34.2 0.01 3 11.1316 0.01
r 34.4 0.01 3 11.0075 0.01
r 34.6 0.01 3 10.8839 0.01
r 34.8 0.01 3 10.7609 0.01
r 35 0.01 3 10.7098 0.01
r 35.2 0.01 3 10.5855 0.01
r 35.4 0.01 3 10.4549 0.01
r 35.6 0.01 3 10.3325 0.01
r 35.8 0.01 3 10.2162 0.01
r 36 0.01 3 10.0928 0.01
r 36.2 0.01 3 9.96781 0.01
r 36.4 0.01 3 9.83443 0.01
r 36.6 0.01 3 9.7101 0.01
r 36.8 0.01 3 9.5921 0.01
r 37 0.01 3 9.47157 0.01
r 37.2 0.01 3 9.35027 0.01
r 37.4 0.01 3 9.21527 0.01
r 37.6 0.01 3 9.09764 0.01
r 37.8 0.01 3 8.97866 0.01
r 38 0.01 3 8.86626 0.01
r 38.2 0.01 3 8.73218 0.01
r 38.4 0.01 3 8.61048 0.01
r 38.6 0.01 3 8.49708 0.01
r 38.8 0.01 3 8.36484 0.01
r 39 0.01 3 8.2762 0.01
r 39.2 0.01 3 8.16613 0.01
r 39.4 0.01 3 8.03102 0.01
r 39.6 0.01 3 7.90167 0.01
r 39.8 0.01 3 7.78438 0.01
r 40 0.01 3 7.70517 0.01
r 40.2 0.01 3 7.5499 0.01
r 40.4 0.01 3 7.46522 0.01
r 40.6 0.01 3 7.32688 0.01
r 40.8 0.01 3 7.21303 0.01
r 41 0.01 3 7.09859 0.01
r 41.2 0.01 3 7.00308 0.01
r 41.4 0.01 3 6.89052 0.01
r 41.6 0.01 3 6.76591 0.01
r 41.8 0.01 3 6.66731 0.01
r 42 0.01 3 6.54023 0.01
r 42.2 0.01 3 6.44378 0.01
r 42.4 0.01 3 6.33115 0.01
r 42.6 0.01 3 6.22231 0.01
r 42.8 0.01 3 6.11402 0.01
r 43 0.01 3 6.01602 0.01
r 43.2 0.01 3 5.9103 0.01
r 43.4 0.01 3 5.8222 0.01
r 43.6 0.01 3 5.71171 0.01
r 43.8 0.01 3 5.62801 0.01
r 44 0.01 3 5.52412 0.01
r 44.2 0.01 3 5.42129 0.01
r 44.4 0.01 3 5.33593 0.01
r 44.6 0.01 3 5.23236 0.01
r 44.8 0.01 3 5.1376 0.01
r 45 0.01 3 5.04781 0.01
r 45.2 0.01 3 4.9574 0.01
r 45.4 0.01 3 4.873 0.01
r 45.6 0.01 3 4.79241 0.01
r 45.8 0.01 3 4.71252 0.01
r 46 0.01 3 4.63603 0.01
r 46.2 0.01 3 4.56156 0.01
r 46.4 0.01 3 4.49087 0.01
r 46.6 0.01 3 4.42473 0.01
r 46.8 0.01 3 4.36008 0.01
r 47 0.01 3 4.29906 0.01
r 47.2 0.01 3 4.24619 0.01
r 47.4 0.01 3 4.18364 0.01
r 47.6 0.01 3 4.13233 0.01
r 47.8 0.01 3 4.08396 0.01
r 48 0.01 3 4.04149 0.01
r 48.2 0.01 3 3.99987 0.01
r 48.4 0.01 3 3.96367 0.01
r 48.6 0.01 3 3.93433 0.01
r 48.8 0.01 3 3.90187 0.01
r 49 0.01 3 3.87641 0.01
r 49.2 0.01 3 3.85572 0.01
r 49.4 0.01 3 3.8393 0.01
r 49.6 0.01 3 3.82708 0.01
r 49.8 0.01 3 3.81982 0.01
r 50 0.01 3 3.81545 0.01
r 50.2 0.01 3 3.81663 0.01
r 50.4 0.01 3 3.82149 0.01
r 50.6 0.01 3 3.83092 0.01
r 50.8 0.01 3 3.84447 0.01
r 51 0.01 3 3.86479 0.01
r 51.2 0.01 3 3.88539 0.01
r 51.4 0.01 3 3.91085 0.01
r 51.6 0.01 3 4.02571 0.01
r 51.8 0.01 3 3.97338 0.01
r 52 0.01 3 4.01035 0.01
r 52.2 0.01 3 4.05195 0.01
r 52.4 0.01 3 4.09641 0.01
r 52.6 0.01 3 4.16504 0.01
r 52.8 0.01 3 4.22079 0.01
r 53 0.01 3 4.26883 0.01
r 53.2 0.01 3 4.3206 0.01
r 53.4 0.01 3 4.37883 0.01
r 53.6 0.01 3 4.4361 0.01
r 53.8 0.01 3 4.49958 0.01
r 54 0.01 3 4.56694 0.01
r 54.2 0.01 3 4.6401 0.01
r 54.4 0.01 3 4.71757 0.01
r 54.6 0.01 3 4.79943 0.01
r 54.8 0.01 3 4.88416 0.01
r 55 0.01 3 4.97559 0.01
r 55.2 0.01 3 5.0628 0.01
r 55.4 0.01 3 5.15672 0.01
r 55.6 0.01 3 5.26763 0.01
r 55.8 0.01 3 5.35931 0.01
r 56 0.01 3 5.47512 0.01
r 56.2 0.01 3 5.58782 0.01
r 56.4 0.01 3 5.669 0.01
r 56.6 0.01 3 5.78653 0.01
r 56.8 0.01 3 5.87546 0.01
r 57 0.01 3 5.86427 0.01
r 57.2 0.01 3 6.12662 0.01
r 57.4 0.01 3 6.06038 0.01
r 57.6 0.01 3 6.1608 0.01
r 57.8 0.01 3 6.26057 0.01
r 58 0.01 3 6.41652 0.01
r 58.2 0.01 3 6.53002 0.01
r 58.4 0.01 3 6.59419 0.01
r 58.6 0.01 3 6.70033 0.01
r 58.8 0.01 3 6.79731 0.01
r 59 0.01 3 6.91393 0.01
r 59.2 0.01 3 7.02643 0.01
r 59.4 0.01 3 7.11455 0.01
r 59.6 0.01 3 7.35167 0.01
r 59.8 0.01 3 7.43655 0.01
r 60 0.01 3 7.52544 0.01
r 60.2 0.01 3 7.62009 0.01
r 60.4 0.01 3 7.71377 0.01
r 60.6 0.01 3 7.81376 0.01
r 60.8 0.01 3 7.91588 0.01
r 61 0.01 3 8.0209 0.01
r 61.2 0.01 3 8.12573 0.01
r 61.4 0.01 3 8.23237 0.01
r 61.6 0.01 3 8.34066 0.01
r 61.8 0.01 3 8.45103 0.01
r 62 0.01 3 8.56237 0.01
r 62.2 0.01 3 8.67632 0.01
r 62.4 0.01 3 8.79051 0.01
r 62.6 0.01 3 8.90622 0.01
r 62.8 0.01 3 9.02323 0.01
r 63 0.01 3 9.33364 0.01
r 63.2 0.01 3 9.41898 0.01
r 63.4 0.01 3 9.50397 0.01
r 63.6 0.01 3 9.61392 0.01
r 63.8 0.01 3 9.70407 0.01
r 64 0.01 3 9.81023 0.01
r 64.2 0.01 3 9.91222 0.01
r 64.4 0.01 3 9.99716 0.01
r 64.6 0.01 3 10.1088 0.01
r 64.8 0.01 3 10.2223 0.01
r 65 0.01 3 10.3313 0.01
r 65.2 0.01 3 10.4424 0.01
r 65.4 0.01 3 10.5544 0.01
r 65.6 0.01 3 10.6676 0.01
r 65.8 0.01 3 10.7818 0.01
r 66 0.01 3 10.8966 0.01
r 66.2 0.01 3 11.0123 0.01
r 66.4 0.01 3 11.129 0.01
r 66.6 0.01 3 11.2462 0.01
r 66.8 0.01 3 11.3637 0.01
r 67 0.01 3 11.5002 0.01
r 67.2 0.01 3 11.6111 0.01
r 67.4 0.01 3 11.7235 0.01
r 67.6 0.01 3 11.8374 0.01
r 67.8 0.01 3 11.9538 0.01
r 68 0.01 3 12.0699 0.01
r 68.2 0.01 3 12.1871 0.01
r 68.4 0.01 3 12.3052 0.01
r 68.6 0.01 3 12.4242 0.01
r 68.8 0.01 3 12.5441 0.01
r 69 0.01 3 12.6952 0.01
r 69.2 0.01 3 12.8086 0.01
r 69.4 0.01 3 12.9242 0.01
r 69.6 0.01 3 13.0405 0.01
r 69.8 0.01 3 13.1584 0.01
r 70 0.01 3 13.2771 0.01
s 60 2 402
r 30 0.01 2 19.4019 0.01
r 30.2 0.01 2 19.2683 0.01
r 30.4 0.01 2 19.1359 0.01
r 30.6 0.01 2 19.0053 0.01
r 30.8 0.01 2 18.872 0.01
r 31 0.01 2 18.7427 0.01
r 31.2 0.01 2 18.6114 0.01
r 31.4 0.01 2 18.4807 0.01
r 31.6 0.01 2 18.3519 0.01
r 31.8 0.01 2 18.2232 0.01
r 32 0.01 2 18.0973 0.01
r 32.2 0.01 2 17.9717 0.01
r 32.4 0.01 2 17.846 0.01
r 32.6 0.01 2 17.7206 0.01
r 32.8 0.01 2 17.5937 0.01
r 33 0.01 2 17.4698 0.01
r 33.2 0.01 2 17.3443 0.01
r 33.4 0.01 2 17.2187 0.01
r 33.6 0.01 2 17.0954 0.01
r 33.8 0.01 2 16.969 0.01
r 34 0.01 2 16.8432 0.01
r 34.2 0.01 2 16.7185 0.01
r 34.4 0.01 2 16.593 0.01
r 34.6 0.01 2 16.4677 0.01
r 34.8 0.01 2 16.3421 0.01
r 35 0.01 2 16.2218 0.01
r 35.2 0.01 2 16.0951 0.01
r 35.4 0.01 2 15.9697 0.01
r 35.6 0.01 2 15.8431 0.01
r 35.8 0.01 2 15.7172 0.01
r 36 0.01 2 15.5896 0.01
r 36.2 0.01 2 15.4623 0.01
r 36.4 0.01 2 15.3342 0.01
r 36.6 0.01 2 15.2077 0.01
r 36.8 0.01 2 15.0781 0.01
r 37 0.01 2 14.9693 0.01
r 37.2 0.01 2 14.8321 0.01
r 37.4 0.01 2 14.6992 0.01
r 37.6 0.01 2 14.567 0.01
r 37.8 0.01 2 14.4386 0.01
r 38 0.01 2 14.3093 0.01
r 38.2 0.01 2 14.1808 0.01
r 38.4 0.01 2 14.0528 0.01
r 38.6 0.01 2 13.926 0.01
r 38.8 0.01 2 13.8001 0.01
r 39 0.01 2 13.6727 0.01
r 39.2 0.01 2 13.5464 0.01
r 39.4 0.01 2 13.4201 0.01
r 39.6 0.01 2 13.2936 0.01
r 39.8 0.01 2 13.167 0.01
r 40 0.01 2 13.0401 0.01
r 40.2 0.01 2 12.9134 0.01
r 40.4 0.01 2 12.7857 0.01
r 40.6 0.01 2 12.6569 0.01
r 40.8 0.01 2 12.527 0.01
r 41 0.01 2 12.3967 0.01
r 41.2 0.01 2 12.2661 0.01
r 41.4 0.01 2 12.1352 0.01
r 41.6 0.01 2 12.0039 0.01
r 41.8 0.01 2 11.8729 0.01
r 42 0.01 2 11.7413 0.01
r 42.2 0.01 2 11.6099 0.01
r 42.4 0.01 2 11.4788 0.01
r 42.6 0.01 2 11.3481 0.01
r 42.8 0.01 2 11.2179 0.01
r 43 0.01 2 11.107 0.01
r 43.2 0.01 2 10.9753 0.01
r 43.4 0.01 2 10.8416 0.01
r 43.6 0.01 2 10.7115 0.01
r 43.8 0.01 2 10.5817 0.01
r 44 0.01 2 10.4487 0.01
r 44.2 0.01 2 10.3135 0.01
r 44.4 0.01 2 10.1831 0.01
r 44.6 0.01 2 10.0514 0.01
r 44.8 0.01 2 9.92127 0.01
r 45 0.01 2 9.79415 0.01
r 45.2 0.01 2 9.66465 0.01
r 45.4 0.01 2 9.53475 0.01
r 45.6 0.01 2 9.4057 0.01
r 45.8 0.01 2 9.27601 0.01
r 46 0.01 2 9.14537 0.01
r 46.2 0.01 2 9.01561 0.01
r 46.4 0.01 2 8.88646 0.01
r 46.6 0.01 2 8.75662 0.01
r 46.8 0.01 2 8.6278 0.01
r 47 0.01 2 8.50273 0.01
r 47.2 0.01 2 8.3732 0.01
r 47.4 0.01 2 8.24299 0.01
r 47.6 0.01 2 8.11473 0.01
r 47.8 0.01 2 7.98671 0.01
r 48 0.01 2 7.85708 0.01
r 48.2 0.01 2 7.72708 0.01
r 48.4 0.01 2 7.59712 0.01
r 48.6 0.01 2 7.46614 0.01
r 48.8 0.01 2 7.33424 0.01
r 49 0.01 2 7.20305 0.01
r 49.2 0.01 2 7.07225 0.01
r 49.4 0.01 2 6.9416 0.01
r 49.6 0.01 2 6.81153 0.01
r 49.8 0.01 2 6.682 0.01
r 50 0.01 2 6.55291 0.01
r 50.2 0.01 2 6.42421 0.01
r 50.4 0.01 2 6.29581 0.01
r 50.6 0.01 2 6.16772 0.01
r 50.8 0.01 2 6.03994 0.01
r 51 0.01 2 5.9129 0.01
r 51.2 0.01 2 5.78553 0.01
r 51.4 0.01 2 5.65899 0.01
r 51.6 0.01 2 5.53197 0.01
r 51.8 0.01 2 5.4054 0.01
r 52 0.01 2 5.27927 0.01
r 52.2 0.01 2 5.15355 0.01
r 52.4 0.01 2 5.0282 0.01
r 52.6 0.01 2 4.90324 0.01
r 52.8 0.01 2 4.77868 0.01
r 53 0.01 2 4.65414 0.01
r 53.2 0.01 2 4.53019 0.01
r 53.4 0.01 2 4.40664 0.01
r 53.6 0.01 2 4.28351 0.01
r 53.8 0.01 2 4.16073 0.01
r 54 0.01 2 4.03835 0.01
r 54.2 0.01 2 3.91644 0.01
r 54.4 0.01 2 3.79507 0.01
r 54.6 0.01 2 3.67435 0.01
r 54.8 0.01 2 3.55423 0.01
r 55 0.01 2 3.43489 0.01
r 55.2 0.01 2 3.31624 0.01
r 55.4 0.01 2 3.19848 0.01
r 55.6 0.01 2 3.0816 0.01
r 55.8 0.01 2 2.96588 0.01
r 56 0.01 2 2.85136 0.01
r 56.2 0.01 2 2.73809 0.01
r 56.4 0.01 2 2.62607 0.01
r 56.6 0.01 2 2.51553 0.01
r 56.8 0.01 2 2.40651 0.01
r 57 0.01 2 2.29965 0.01
r 57.2 0.01 2 2.1945 0.01
r 57.4 0.01 2 2.09176 0.01
r 57.6 0.01 2 1.99186 0.01
r 57.8 0.01 2 1.89558 0.01
r 58 0.01 2 1.80311 0.01
r 58.2 0.01 2 1.71516 0.01
r 58.4 0.01 2 1.6324 0.01
r 58.6 0.01 2 1.55579 0.01
r 58.8 0.01 2 1.48612 0.01
r 59 0.01 2 1.42487 0.01
r 59.2 0.01 2 1.37213 0.01
r 59.4 0.01 2 1.32977 0.01
r 59.6 0.01 2 1.2988 0.01
r 59.8 0.01 2 1.27994 0.01
r 60 0.01 2 1.27373 0.01
r 60.2 0.01 2 1.28022 0.01
r 60.4 0.01 2 1.29936 0.01
r 60.6 0.01 2 1.33061 0.01
r 60.8 0.01 2 1.37328 0.01
r 61 0.01 2 1.42593 0.01
r 61.2 0.01 2 1.48802 0.01
r 61.4 0.01 2 1.55815 0.01
r 61.6 0.01 2 1.63526 0.01
r 61.8 0.01 2 1.71854 0.01
r 62 0.01 2 1.80704 0.01
r 62.2 0.01 2 1.90024 0.01
r 62.4 0.01 2 1.99757 0.01
r 62.6 0.01 2 2.09817 0.01
r 62.8 0.01 2 2.20194 0.01
r 63 0.01 2 2.30717 0.01
r 63.2 0.01 2 2.41546 0.01
r 63.4 0.01 2 2.52574 0.01
r 63.6 0.01 2 2.63764 0.01
r 63.8 0.01 2 2.75123 0.01
r 64 0.01 2 2.8662 0.01
r 64.2 0.01 2 2.98234 0.01
r 64.4 0.01 2 3.09933 0.01
r 64.6 0.01 2 3.21736 0.01
r 64.8 0.01 2 3.33642 0.01
r 65 0.01 2 3.45636 0.01
r 65.2 0.01 2 3.57719 0.01
r 65.4 0.01 2 3.69872 0.01
r 65.6 0.01 2 3.82083 0.01
r 65.8 0.01 2 3.94351 0.01
r 66 0.01 2 4.0667 0.01
r 66.2 0.01 2 4.19014 0.01
r 66.4 0.01 2 4.31381 0.01
r 66.6 0.01 2 4.43757 0.01
r 66.8 0.01 2 4.56133 0.01
r 67 0.01 2 4.68522 0.01
r 67.2 0.01 2 4.80871 0.01
r 67.4 0.01 2 4.93225 0.01
r 67.6 0.01 2 5.05584 0.01
r 67.8 0.01 2 5.17949 0.01
r 68 0.01 2 5.30318 0.01
r 68.2 0.01 2 5.42701 0.01
r 68.4 0.01 2 5.55109 0.01
r 68.6 0.01 2 5.67528 0.01
r 68.8 0.01 2 5.79973 0.01
r 69 0.01 2 5.92389 0.01
r 69.2 0.01 2 6.04869 0.01
r 69.4 0.01 2 6.1737 0.01
r 69.6 0.01 2 6.29889 0.01
r 69.8 0.01 2 6.42426 0.01
r 70 0.01 2 6.54981 0.01
r 30 0.01 3 19.8014 0.01
r 30.2 0.01 3 19.668 0.01
r 30.4 0.01 3 19.5368 0.01
r 30.6 0.01 3 19.4027 0.01
r 30.8 0.01 3 19.2717 0.01
r 31 0.01 3 19.0739 0.01
r 31.2 0.01 3 18.9384 0.01
r 31.4 0.01 3 18.8133 0.01
r 31.6 0.01 3 18.6841 0.01
r 31.8 0.01 3 18.5528 0.01
r 32 0.01 3 18.4266 0.01
r 32.2 0.01 3 18.2923 0.01
r 32.4 0.01 3 18.1756 0.01
r 32.6 0.01 3 18.0481 0.01
r 32.8 0.01 3 17.9266 0.01
r 33 0.01 3 17.8012 0.01
r 33.2 0.01 3 17.6664 0.01
r 33.4 0.01 3 17.5413 0.01
r 33.6 0.01 3 17.4165 0.01
r 33.8 0.01 3 17.2916 0.01
r 34 0.01 3 17.1665 0.01
r 34.2 0.01 3 17.0408 0.01
r 34.4 0.01 3 16.9163 0.01
r 34.6 0.01 3 16.791 0.01
r 34.8 0.01 3 16.667 0.01
r 35 0.01 3 16.5421 0.01
r 35.2 0.01 3 16.4189 0.01
r 35.4 0.01 3 16.2946 0.01
r 35.6 0.01 3 16.1714 0.01
r 35.8 0.01 3 16.0479 0.01
r 36 0.01 3 15.9243 0.01
r 36.2 0.01 3 15.802 0.01
r 36.4 0.01 3 15.6784 0.01
r 36.6 0.01 3 15.5555 0.01
r 36.8 0.01 3 15.4321 0.01
r 37 0.01 3 15.291 0.01
r 37.2 0.01 3 15.1656 0.01
r 37.4 0.01 3 15.0399 0.01
r 37.6 0.01 3 14.9143 0.01
r 37.8 0.01 3 14.7883 0.01
r 38 0.01 3 14.6625 0.01
r 38.2 0.01 3 14.5369 0.01
r 38.4 0.01 3 14.4118 0.01
r 38.6 0.01 3 14.2875 0.01
r 38.8 0.01 3 14.1636 0.01
r 39 0.01 3 14.0579 0.01
r 39.2 0.01 3 13.9321 0.01
r 39.4 0.01 3 13.8074 0.01
r 39.6 0.01 3 13.6822 0.01
r 39.8 0.01 3 13.5578 0.01
r 40 0.01 3 13.4331 0.01
r 40.2 0.01 3 13.3084 0.01
r 40.4 0.01 3 13.184 0.01
r 40.6 0.01 3 13.0598 0.01
r 40.8 0.01 3 12.9357 0.01
r 41 0.01 3 12.8107 0.01
r 41.2 0.01 3 12.6856 0.01
r 41.4 0.01 3 12.5602 0.01
r 41.6 0.01 3 12.4356 0.01
r 41.8 0.01 3 12.3094 0.01
r 42 0.01 3 12.1859 0.01
r 42.2 0.01 3 12.064 0.01
r 42.4 0.01 3 11.9418 0.01
r 42.6 0.01 3 11.8207 0.01
r 42.8 0.01 3 11.6998 0.01
r 43 0.01 3 11.5437 0.01
r 43.2 0.01 3 11.4198 0.01
r 43.4 0.01 3 11.2977 0.01
r 43.6 0.01 3 11.1773 0.01
r 43.8 0.01 3 11.0558 0.01
r 44 0.01 3 10.9349 0.01
r 44.2 0.01 3 10.817 0.01
r 44.4 0.01 3 10.6996 0.01
r 44.6 0.01 3 10.5832 0.01
r 44.8 0.01 3 10.4669 0.01
r 45 0.01 3 10.3535 0.01
r 45.2 0.01 3 10.2419 0.01
r 45.4 0.01 3 10.1307 0.01
r 45.6 0.01 3 10.0228 0.01
r 45.8 0.01 3 9.91555 0.01
r 46 0.01 3 9.81425 0.01
r 46.2 0.01 3 9.69919 0.01
r 46.4 0.01 3 9.60178 0.01
r 46.6 0.01 3 9.49438 0.01
r 46.8 0.01 3 9.27366 0.01
r 47 0.01 3 9.13809 0.01
r 47.2 0.01 3 9.02807 0.01
r 47.4 0.01 3 8.91956 0.01
r 47.6 0.01 3 8.80519 0.01
r 47.8 0.01 3 8.71146 0.01
r 48 0.01 3 8.61168 0.01
r 48.2 0.01 3 8.49292 0.01
r 48.4 0.01 3 8.40683 0.01
r 48.6 0.01 3 8.2973 0.01
r 48.8 0.01 3 8.17776 0.01
r 49 0.01 3 8.0271 0.01
r 49.2 0.01 3 7.92008 0.01
r 49.4 0.01 3 7.74595 0.01
r 49.6 0.01 3 7.63732 0.01
r 49.8 0.01 3 7.52784 0.01
r 50 0.01 3 7.42072 0.01
r 50.2 0.01 3 7.32573 0.01
r 50.4 0.01 3 7.20803 0.01
r 50.6 0.01 3 7.10175 0.01
r 50.8 0.01 3 7.00103 0.01
r 51 0.01 3 6.91481 0.01
r 51.2 0.01 3 6.80486 0.01
r 51.4 0.01 3 6.68697 0.01
r 51.6 0.01 3 6.59638 0.01
r 51.8 0.01 3 6.49056 0.01
r 52 0.01 3 6.3988 0.01
r 52.2 0.01 3 6.30105 0.01
r 52.4 0.01 3 6.20783 0.01
r 52.6 0.01 3 6.0682 0.01
r 52.8 0.01 3 6.02287 0.01
r 53 0.01 3 5.89715 0.01
r 53.2 0.01 3 5.80158 0.01
r 53.4 0.01 3 5.72087 0.01
r 53.6 0.01 3 5.63573 0.01
r 53.8 0.01 3 5.56225 0.01
r 54 0.01 3 5.44879 0.01
r 54.2 0.01 3 5.32109 0.01
r 54.4 0.01 3 5.23301 0.01
r 54.6 0.01 3 5.1515 0.01
r 54.8 0.01 3 5.06647 0.01
r 55 0.01 3 4.9861 0.01
r 55.2 0.01 3 4.92314 0.01
r 55.4 0.01 3 4.82888 0.01
r 55.6 0.01 3 4.74518 0.01
r 55.8 0.01 3 4.66982 0.01
r 56 0.01 3 4.59929 0.01
r 56.2 0.01 3 4.53032 0.01
r 56.4 0.01 3 4.46603 0.01
r 56.6 0.01 3 4.40089 0.01
r 56.8 0.01 3 4.34384 0.01
r 57 0.01 3 4.28273 0.01
r 57.2 0.01 3 4.22608 0.01
r 57.4 0.01 3 4.17386 0.01
r 57.6 0.01 3 4.12471 0.01
r 57.8 0.01 3 4.07941 0.01
r 58 0.01 3 4.0375 0.01
r 58.2 0.01 3 3.99893 0.01
r 58.4 0.01 3 3.96449 0.01
r 58.6 0.01 3 3.93438 0.01
r 58.8 0.01 3 3.90782 0.01
r 59 0.01 3 3.88432 0.01
r 59.2 0.01 3 3.86568 0.01
r 59.4 0.01 3 3.85117 0.01
r 59.6 0.01 3 3.84094 0.01
r 59.8 0.01 3 3.83542 0.01
r 60 0.01 3 3.83321 0.01
r 60.2 0.01 3 3.83663 0.01
r 60.4 0.01 3 3.84226 0.01
r 60.6 0.01 3 3.85315 0.01
r 60.8 0.01 3 3.86832 0.01
r 61 0.01 3 3.88755 0.01
r 61.2 0.01 3 3.91099 0.01
r 61.4 0.01 3 3.93863 0.01
r 61.6 0.01 3 3.96991 0.01
r 61.8 0.01 3 4.00518 0.01
r 62 0.01 3 4.04407 0.01
r 62.2 0.01 3 4.0871 0.01
r 62.4 0.01 3 4.13406 0.01
r 62.6 0.01 3 4.18403 0.01
r 62.8 0.01 3 4.23749 0.01
r 63 0.01 3 4.29582 0.01
r 63.2 0.01 3 4.35429 0.01
r 63.4 0.01 3 4.4158 0.01
r 63.6 0.01 3 4.48029 0.01
r 63.8 0.01 3 4.5489 0.01
r 64 0.01 3 4.61725 0.01
r 64.2 0.01 3 4.68952 0.01
r 64.4 0.01 3 4.76653 0.01
r 64.6 0.01 3 4.85332 0.01
r 64.8 0.01 3 4.92862 0.01
r 65 0.01 3 5.0142 0.01
r 65.2 0.01 3 5.10103 0.01
r 65.4 0.01 3 5.17669 0.01
r 65.6 0.01 3 5.25776 0.01
r 65.8 0.01 3 5.34618 0.01
r 66 0.01 3 5.43571 0.01
r 66.2 0.01 3 5.52887 0.01
r 66.4 0.01 3 5.62474 0.01
r 66.6 0.01 3 5.72171 0.01
r 66.8 0.01 3 5.8235 0.01
r 67 0.01 3 5.9209 0.01
r 67.2 0.01 3 6.02603 0.01
r 67.4 0.01 3 6.12903 0.01
r 67.6 0.01 3 6.24412 0.01
r 67.8 0.01 3 6.3516 0.01
r 68 0.01 3 6.45668 0.01
r 68.2 0.01 3 6.55985 0.01
r 68.4 0.01 3 6.6863 0.01
r 68.6 0.01 3 6.79576 0.01
r 68.8 0.01 3 6.91129 0.01
r 69 0.01 3 6.9479 0.01
r 69.2 0.01 3 7.05839 0.01
r 69.4 0.01 3 7.17103 0.01
r 69.6 0.01 3 7.28395 0.01
r 69.8 0.01 3 7.3985 0.01
r 70 0.01 3 7.51418 0.01
s 70 2 402
r 30 0.01 2 25.7564 0.01
r 30.2 0.01 2 25.6237 0.01
r 30.4 0.01 2 25.4907 0.01
r 30.6 0.01 2 25.358 0.01
r 30.8 0.01 2 25.2269 0.01
r 31 0.01 2 25.096 0.01
r 31.2 0.01 2 24.9651 0.01
r 31.4 0.01 2 24.8353 0.01
r 31.6 0.01 2 24.7121 0.01
r 31.8 0.01 2 24.5779 0.01
r 32 0.01 2 24.4533 0.01
r 32.2 0.01 2 24.3259 0.01
r 32.4 0.01 2 24.1995 0.01
r 32.6 0.01 2 24.073 0.01
r 32.8 0.01 2 23.947 0.01
r 33 0.01 2 23.8265 0.01
r 33.2 0.01 2 23.6997 0.01
r 33.4 0.01 2 23.5752 0.01
r 33.6 0.01 2 23.449 0.01
r 33.8 0.01 2 23.3226 0.01
r 34 0.01 2 23.1976 0.01
r 34.2 0.01 2 23.0715 0.01
r 34.4 0.01 2 22.9456 0.01
r 34.6 0.01 2 22.8226 0.01
r 34.8 0.01 2 22.6961 0.01
r 35 0.01 2 22.5694 0.01
r 35.2 0.01 2 22.4497 0.01
r 35.4 0.01 2 22.3191 0.01
r 35.6 0.01 2 22.1932 0.01
r 35.8 0.01 2 22.0718 0.01
r 36 0.01 2 21.9415 0.01
r 36.2 0.01 2 21.8169 0.01
r 36.4 0.01 2 21.689 0.01
r 36.6 0.01 2 21.5604 0.01
r 36.8 0.01 2 21.4328 0.01
r 37 0.01 2 21.3129 0.01
r 37.2 0.01 2 21.1831 0.01
r 37.4 0.01 2 21.0534 0.01
r 37.6 0.01 2 20.9247 0.01
r 37.8 0.01 2 20.7905 0.01
r 38 0.01 2 20.662 0.01
r 38.2 0.01 2 20.534 0.01
r 38.4 0.01 2 20.4073 0.01
r 38.6 0.01 2 20.2794 0.01
r 38.8 0.01 2 20.1528 0.01
r 39 0.01 2 20.0262 0.01
r 39.2 0.01 2 19.9 0.01
r 39.4 0.01 2 19.7736 0.01
r 39.6 0.01 2 19.6475 0.01
r 39.8 0.01 2 19.5213 0.01
r 40 0.01 2 19.3946 0.01
r 40.2 0.01 2 19.2667 0.01
r 40.4 0.01 2 19.1387 0.01
r 40.6 0.01 2 19.0097 0.01
r 40.8 0.01 2 18.8794 0.01
r 41 0.01 2 18.75 0.01
r 41.2 0.01 2 18.6187 0.01
r 41.4 0.01 2 18.4906 0.01
r 41.6 0.01 2 18.3574 0.01
r 41.8 0.01 2 18.2253 0.01
r 42 0.01 2 18.0942 0.01
r 42.2 0.01 2 17.963 0.01
r 42.4 0.01 2 17.8317 0.01
r 42.6 0.01 2 17.7011 0.01
r 42.8 0.01 2 17.5682 0.01
r 43 0.01 2 17.4375 0.01
r 43.2 0.01 2 17.3059 0.01
r 43.4 0.01 2 17.1745 0.01
r 43.6 0.01 2 17.0428 0.01
r 43.8 0.01 2 16.9107 0.01
r 44 0.01 2 16.7795 0.01
r 44.2 0.01 2 16.6489 0.01
r 44.4 0.01 2 16.5176 0.01
r 44.6 0.01 2 16.3872 0.01
r 44.8 0.01 2 16.2571 0.01
r 45 0.01 2 16.1285 0.01
r 45.2 0.01 2 15.9985 0.01
r 45.4 0.01 2 15.869 0.01
r 45.6 0.01 2 15.74 0.01
r 45.8 0.01 2 15.6112 0.01
r 46 0.01 2 15.4815 0.01
r 46.2 0.01 2 15.3514 0.01
r 46.4 0.01 2 15.2204 0.01
r 46.6 0.01 2 15.0877 0.01
r 46.8 0.01 2 14.9538 0.01
r 47 0.01 2 14.8199 0.01
r 47.2 0.01 2 14.6857 0.01
r 47.4 0.01 2 14.5526 0.01
r 47.6 0.01 2 14.4162 0.01
r 47.8 0.01 2 14.2799 0.01
r 48 0.01 2 14.1433 0.01
r 48.2 0.01 2 14.007 0.01
r 48.4 0.01 2 13.8712 0.01
r 48.6 0.01 2 13.7359 0.01
r 48.8 0.01 2 13.6011 0.01
r 49 0.01 2 13.4666 0.01
r 49.2 0.01 2 13.3329 0.01
r 49.4 0.01 2 13.1997 0.01
r 49.6 0.01 2 13.0672 0.01
r 49.8 0.01 2 12.9352 0.01
r 50 0.01 2 12.8038 0.01
r 50.2 0.01 2 12.6728 0.01
r 50.4 0.01 2 12.5421 0.01
r 50.6 0.01 2 12.4119 0.01
r 50.8 0.01 2 12.282 0.01
r 51 0.01 2 12.1522 0.01
r 51.2 0.01 2 12.0228 0.01
r 51.4 0.01 2 11.8937 0.01
r 51.6 0.01 2 11.7648 0.01
r 51.8 0.01 2 11.6363 0.01
r 52 0.01 2 11.5085 0.01
r 52.2 0.01 2 11.3806 0.01
r 52.4 0.01 2 11.2529 0.01
r 52.6 0.01 2 11.1254 0.01
r 52.8 0.01 2 10.9982 0.01
r 53 0.01 2 10.8712 0.01
r 53.2 0.01 2 10.7444 0.01
r 53.4 0.01 2 10.6181 0.01
r 53.6 0.01 2 10.4919 0.01
r 53.8 0.01 2 10.3659 0.01
r 54 0.01 2 10.2402 0.01
r 54.2 0.01 2 10.1148 0.01
r 54.4 0.01 2 9.98966 0.01
r 54.6 0.01 2 9.86464 0.01
r 54.8 0.01 2 9.74012 0.01
r 55 0.01 2 9.57158 0.01
r 55.2 0.01 2 9.44894 0.01
r 55.4 0.01 2 9.32417 0.01
r 55.6 0.01 2 9.20132 0.01
r 55.8 0.01 2 9.07685 0.01
r 56 0.01 2 8.95416 0.01
r 56.2 0.01 2 8.8319 0.01
r 56.4 0.01 2 8.70872 0.01
r 56.6 0.01 2 8.58597 0.01
r 56.8 0.01 2 8.46292 0.01
r 57 0.01 2 8.34088 0.01
r 57.2 0.01 2 8.21822 0.01
r 57.4 0.01 2 8.09589 0.01
r 57.6 0.01 2 7.97333 0.01
r 57.8 0.01 2 7.85087 0.01
r 58 0.01 2 7.72852 0.01
r 58.2 0.01 2 7.60731 0.01
r 58.4 0.01 2 7.48502 0.01
r 58.6 0.01 2 7.36408 0.01
r 58.8 0.01 2 7.24243 0.01
r 59 0.01 2 7.15314 0.01
r 59.2 0.01 2 7.0318 0.01
r 59.4 0.01 2 6.90577 0.01
r 59.6 0.01 2 6.78343 0.01
r 59.8 0.01 2 6.64135 0.01
r 60 0.01 2 6.52135 0.01
r 60.2 0.01 2 6.4001 0.01
r 60.4 0.01 2 6.27678 0.01
r 60.6 0.01 2 6.15602 0.01
r 60.8 0.01 2 6.03419 0.01
r 61 0.01 2 5.91023 0.01
r 61.2 0.01 2 5.78825 0.01
r 61.4 0.01 2 5.66651 0.01
r 61.6 0.01 2 5.54495 0.01
r 61.8 0.01 2 5.42376 0.01
r 62 0.01 2 5.30213 0.01
r 62.2 0.01 2 5.18033 0.01
r 62.4 0.01 2 5.05853 0.01
r 62.6 0.01 2 4.9366 0.01
r 62.8 0.01 2 4.81483 0.01
r 63 0.01 2 4.69301 0.01
r 63.2 0.01 2 4.5715 0.01
r 63.4 0.01 2 4.45148 0.01
r 63.6 0.01 2 4.33006 0.01
r 63.8 0.01 2 4.20867 0.01
r 64 0.01 2 4.08737 0.01
r 64.2 0.01 2 3.96626 0.01
r 64.4 0.01 2 3.84559 0.01
r 64.6 0.01 2 3.72542 0.01
r 64.8 0.01 2 3.6059 0.01
r 65 0.01 2 3.48681 0.01
r 65.2 0.01 2 3.36788 0.01
r 65.4 0.01 2 3.24949 0.01
r 65.6 0.01 2 3.13161 0.01
r 65.8 0.01 2 3.01422 0.01
r 66 0.01 2 2.89757 0.01
r 66.2 0.01 2 2.78197 0.01
r 66.4 0.01 2 2.66767 0.01
r 66.6 0.01 2 2.55489 0.01
r 66.8 0.01 2 2.4437 0.01
r 67 0.01 2 2.33463 0.01
r 67.2 0.01 2 2.22758 0.01
r 67.4 0.01 2 2.12299 0.01
r 67.6 0.01 2 2.02152 0.01
r 67.8 0.01 2 1.92364 0.01
r 68 0.01 2 1.82976 0.01
r 68.2 0.01 2 1.74048 0.01
r 68.4 0.01 2 1.65648 0.01
r 68.6 0.01 2 1.57874 0.01
r 68.8 0.01 2 1.50801 0.01
r 69 0.01 2 1.44551 0.01
r 69.2 0.01 2 1.3922 0.01
r 69.4 0.01 2 1.3493 0.01
r 69.6 0.01 2 1.31786 0.01
r 69.8 0.01 2 1.29871 0.01
r 70 0.01 2 1.29239 0.01
r 30 0.01 3 25.8452 0.01
r 30.2 0.01 3 25.7111 0.01
r 30.4 0.01 3 25.5781 0.01
r 30.6 0.01 3 25.4477 0.01
r 30.8 0.01 3 25.3157 0.01
r 31 0.01 3 25.1663 0.01
r 31.2 0.01 3 25.0349 0.01
r 31.4 0.01 3 24.9049 0.01
r 31.6 0.01 3 24.7864 0.01
r 31.8 0.01 3 24.6478 0.01
r 32 0.01 3 24.5322 0.01
r 32.2 0.01 3 24.3911 0.01
r 32.4 0.01 3 24.279 0.01
r 32.6 0.01 3 24.1541 0.01
r 32.8 0.01 3 24.016 0.01
r 33 0.01 3 23.9051 0.01
r 33.2 0.01 3 23.7802 0.01
r 33.4 0.01 3 23.6515 0.01
r 33.6 0.01 3 23.5286 0.01
r 33.8 0.01 3 23.4036 0.01
r 34 0.01 3 23.2799 0.01
r 34.2 0.01 3 23.1521 0.01
r 34.4 0.01 3 23.0265 0.01
r 34.6 0.01 3 22.901 0.01
r 34.8 0.01 3 22.7764 0.01
r 35 0.01 3 22.6792 0.01
r 35.2 0.01 3 22.5267 0.01
r 35.4 0.01 3 22.4033 0.01
r 35.6 0.01 3 22.28 0.01
r 35.8 0.01 3 22.1576 0.01
r 36 0.01 3 22.031 0.01
r 36.2 0.01 3 21.9291 0.01
r 36.4 0.01 3 21.8033 0.01
r 36.6 0.01 3 21.657 0.01
r 36.8 0.01 3 21.5322 0.01
r 37 0.01 3 21.453 0.01
r 37.2 0.01 3 21.3253 0.01
r 37.4 0.01 3 21.1951 0.01
r 37.6 0.01 3 21.0703 0.01
r 37.8 0.01 3 20.9396 0.01
r 38 0.01 3 20.8133 0.01
r 38.2 0.01 3 20.685 0.01
r 38.4 0.01 3 20.5552 0.01
r 38.6 0.01 3 20.4308 0.01
r 38.8 0.01 3 20.3028 0.01
r 39 0.01 3 20.1766 0.01
r 39.2 0.01 3 20.0497 0.01
r 39.4 0.01 3 19.9242 0.01
r 39.6 0.01 3 19.7986 0.01
r 39.8 0.01 3 19.6727 0.01
r 40 0.01 3 19.5478 0.01
r 40.2 0.01 3 19.4204 0.01
r 40.4 0.01 3 19.2943 0.01
r 40.6 0.01 3 19.1673 0.01
r 40.8 0.01 3 19.0396 0.01
r 41 0.01 3 18.937 0.01
r 41.2 0.01 3 18.8099 0.01
r 41.4 0.01 3 18.6775 0.01
r 41.6 0.01 3 18.5483 0.01
r 41.8 0.01 3 18.4217 0.01
r 42 0.01 3 18.2933 0.01
r 42.2 0.01 3 18.1646 0.01
r 42.4 0.01 3 18.0342 0.01
r 42.6 0.01 3 17.904 0.01
r 42.8 0.01 3 17.7762 0.01
r 43 0.01 3 17.6473 0.01
r 43.2 0.01 3 17.5189 0.01
r 43.4 0.01 3 17.3929 0.01
r 43.6 0.01 3 17.2649 0.01
r 43.8 0.01 3 17.1397 0.01
r 44 0.01 3 17.0138 0.01
r 44.2 0.01 3 16.8885 0.01
r 44.4 0.01 3 16.765 0.01
r 44.6 0.01 3 16.6396 0.01
r 44.8 0.01 3 16.5159 0.01
r 45 0.01 3 16.3962 0.01
r 45.2 0.01 3 16.2716 0.01
r 45.4 0.01 3 16.1501 0.01
r 45.6 0.01 3 16.0278 0.01
r 45.8 0.01 3 15.9063 0.01
r 46 0.01 3 15.7947 0.01
r 46.2 0.01 3 15.6722 0.01
r 46.4 0.01 3 15.5397 0.01
r 46.6 0.01 3 15.4364 0.01
r 46.8 0.01 3 15.32 0.01
r 47 0.01 3 15.175 0.01
r 47.2 0.01 3 15.0547 0.01
r 47.4 0.01 3 14.9327 0.01
r 47.6 0.01 3 14.8128 0.01
r 47.8 0.01 3 14.6941 0.01
r 48 0.01 3 14.5777 0.01
r 48.2 0.01 3 14.4664 0.01
r 48.4 0.01 3 14.3493 0.01
r 48.6 0.01 3 14.2312 0.01
r 48.8 0.01 3 14.1139 0.01
r 49 0.01 3 14.028 0.01
r 49.2 0.01 3 13.9201 0.01
r 49.4 0.01 3 13.7941 0.01
r 49.6 0.01 3 13.6939 0.01
r 49.8 0.01 3 13.5842 0.01
r 50 0.01 3 13.506 0.01
r 50.2 0.01 3 13.3807 0.01
r 50.4 0.01 3 13.1594 0.01
r 50.6 0.01 3 13.0445 0.01
r 50.8 0.01 3 12.9333 0.01
r 51 0.01 3 12.812 0.01
r 51.2 0.01 3 12.9351 0.01
r 51.4 0.01 3 12.5901 0.01
r 51.6 0.01 3 12.4906 0.01
r 51.8 0.01 3 12.35 0.01
r 52 0.01 3 12.2917 0.01
r 52.2 0.01 3 12.1247 0.01
r 52.4 0.01 3 12.0113 0.01
r 52.6 0.01 3 11.8837 0.01
r 52.8 0.01 3 11.7848 0.01
r 53 0.01 3 11.5876 0.01
r 53.2 0.01 3 11.4695 0.01
r 53.4 0.01 3 11.3519 0.01
r 53.6 0.01 3 11.2351 0.01
r 53.8 0.01 3 11.1197 0.01
r 54 0.01 3 11.0043 0.01
r 54.2 0.01 3 10.8906 0.01
r 54.4 0.01 3 10.7773 0.01
r 54.6 0.01 3 10.6651 0.01
r 54.8 0.01 3 10.5536 0.01
r 55 0.01 3 10.3819 0.01
r 55.2 0.01 3 10.2639 0.01
r 55.4 0.01 3 10.1466 0.01
r 55.6 0.01 3 10.03 0.01
r 55.8 0.01 3 9.91333 0.01
r 56 0.01 3 9.79865 0.01
r 56.2 0.01 3 9.68509 0.01
r 56.4 0.01 3 9.57227 0.01
r 56.6 0.01 3 9.46046 0.01
r 56.8 0.01 3 9.35059 0.01
r 57 0.01 3 9.21756 0.01
r 57.2 0.01 3 9.09956 0.01
r 57.4 0.01 3 8.98228 0.01
r 57.6 0.01 3 8.86598 0.01
r 57.8 0.01 3 8.75072 0.01
r 58 0.01 3 8.6366 0.01
r 58.2 0.01 3 8.52353 0.01
r 58.4 0.01 3 8.41168 0.01
r 58.6 0.01 3 8.29762 0.01
r 58.8 0.01 3 8.18742 0.01
r 59 0.01 3 8.0808 0.01
r 59.2 0.01 3 7.97639 0.01
r 59.4 0.01 3 7.86029 0.01
r 59.6 0.01 3 7.74492 0.01
r 59.8 0.01 3 7.63115 0.01
r 60 0.01 3 7.51531 0.01
r 60.2 0.01 3 7.40257 0.01
r 60.4 0.01 3 7.28984 0.01
r 60.6 0.01 3 7.17908 0.01
r 60.8 0.01 3 7.0695 0.01
r 61 0.01 3 6.96021 0.01
r 61.2 0.01 3 6.85241 0.01
r 61.4 0.01 3 6.74605 0.01
r 61.6 0.01 3 6.64185 0.01
r 61.8 0.01 3 6.53901 0.01
r 62 0.01 3 6.44423 0.01
r 62.2 0.01 3 6.34261 0.01
r 62.4 0.01 3 6.2504 0.01
r 62.6 0.01 3 6.15285 0.01
r 62.8 0.01 3 6.05776 0.01
r 63 0.01 3 5.95225 0.01
r 63.2 0.01 3 5.85368 0.01
r 63.4 0.01 3 5.74744 0.01
r 63.6 0.01 3 5.6527 0.01
r 63.8 0.01 3 5.55994 0.01
r 64 0.01 3 5.46841 0.01
r 64.2 0.01 3 5.37929 0.01
r 64.4 0.01 3 5.29319 0.01
r 64.6 0.01 3 5.21235 0.01
r 64.8 0.01 3 5.12758 0.01
r 65 0.01 3 5.06577 0.01
r 65.2 0.01 3 4.96086 0.01
r 65.4 0.01 3 4.88309 0.01
r 65.6 0.01 3 4.81149 0.01
r 65.8 0.01 3 4.73407 0.01
r 66 0.01 3 4.66213 0.01
r 66.2 0.01 3 4.59387 0.01
r 66.4 0.01 3 4.52958 0.01
r 66.6 0.01 3 4.46192 0.01
r 66.8 0.01 3 4.4001 0.01
r 67 0.01 3 4.34163 0.01
r 67.2 0.01 3 4.28706 0.01
r 67.4 0.01 3 4.23228 0.01
r 67.6 0.01 3 4.18278 0.01
r 67.8 0.01 3 4.13692 0.01
r 68 0.01 3 4.09465 0.01
r 68.2 0.01 3 4.05577 0.01
r 68.4 0.01 3 4.02112 0.01
r 68.6 0.01 3 3.99026 0.01
r 68.8 0.01 3 3.96337 0.01
r 69 0.01 3 3.94048 0.01
r 69.2 0.01 3 3.92181 0.01
r 69.4 0.01 3 3.9074 0.01
r 69.6 0.01 3 3.89723 0.01
r 69.8 0.01 3 3.89176 0.01
r 70 0.01 3 3.88988 0.01
