4
s 30 2 201
r 30 0.01 2 1.38677 0.01
r 30.2 0.01 2 1.39379 0.01
r 30.4 0.01 2 1.41454 0.01
r 30.6 0.01 2 1.44846 0.01
r 30.8 0.01 2 1.49465 0.01
r 31 0.01 2 1.55252 0.01
r 31.2 0.01 2 1.61999 0.01
r 31.4 0.01 2 1.69766 0.01
r 31.6 0.01 2 1.77858 0.01
r 31.8 0.01 2 1.86851 0.01
r 32 0.01 2 1.96448 0.01
r 32.2 0.01 2 2.06457 0.01
r 32.4 0.01 2 2.16875 0.01
r 32.6 0.01 2 2.27642 0.01
r 32.8 0.01 2 2.38704 0.01
r 33 0.01 2 2.50167 0.01
r 33.2 0.01 2 2.61491 0.01
r 33.4 0.01 2 2.73154 0.01
r 33.6 0.01 2 2.84975 0.01
r 33.8 0.01 2 2.96973 0.01
r 34 0.01 2 3.08934 0.01
r 34.2 0.01 2 3.21048 0.01
r 34.4 0.01 2 3.33233 0.01
r 34.6 0.01 2 3.45476 0.01
r 34.8 0.01 2 3.5774 0.01
r 35 0.01 2 3.70067 0.01
r 35.2 0.01 2 3.82379 0.01
r 35.4 0.01 2 3.94741 0.01
r 35.6 0.01 2 4.07052 0.01
r 35.8 0.01 2 4.1941 0.01
r 36 0.01 2 4.31751 0.01
r 36.2 0.01 2 4.44149 0.01
r 36.4 0.01 2 4.56451 0.01
r 36.6 0.01 2 4.6881 0.01
r 36.8 0.01 2 4.81109 0.01
r 37 0.01 2 4.9346 0.01
r 37.2 0.01 2 5.0574 0.01
r 37.4 0.01 2 5.18034 0.01
r 37.6 0.01 2 5.3032 0.01
r 37.8 0.01 2 5.42593 0.01
r 38 0.01 2 5.54866 0.01
r 38.2 0.01 2 5.67111 0.01
r 38.4 0.01 2 5.79368 0.01
r 38.6 0.01 2 5.91601 0.01
r 38.8 0.01 2 6.03805 0.01
r 39 0.01 2 6.15992 0.01
r 39.2 0.01 2 6.2816 0.01
r 39.4 0.01 2 6.40324 0.01
r 39.6 0.01 2 6.52483 0.01
r 39.8 0.01 2 6.64634 0.01
r 40 0.01 2 6.76753 0.01
r 40.2 0.01 2 6.8889 0.01
r 40.4 0.01 2 7.00994 0.01
r 40.6 0.01 2 7.13063 0.01
r 40.8 0.01 2 7.25123 0.01
r 41 0.01 2 7.37176 0.01
r 41.2 0.01 2 7.49195 0.01
r 41.4 0.01 2 7.61221 0.01
r 41.6 0.01 2 7.73232 0.01
r 41.8 0.01 2 7.85244 0.01
r 42 0.01 2 7.97232 0.01
r 42.2 0.01 2 8.09215 0.01
r 42.4 0.01 2 8.21192 0.01
r 42.6 0.01 2 8.33019 0.01
r 42.8 0.01 2 8.44959 0.01
r 43 0.01 2 8.56776 0.01
r 43.2 0.01 2 8.68647 0.01
r 43.4 0.01 2 8.80501 0.01
r 43.6 0.01 2 8.92361 0.01
r 43.8 0.01 2 9.042 0.01
r 44 0.01 2 9.16093 0.01
r 44.2 0.01 2 9.27907 0.01
r 44.4 0.01 2 9.39707 0.01
r 44.6 0.01 2 9.51521 0.01
r 44.8 0.01 2 9.6335 0.01
r 45 0.01 2 9.75132 0.01
r 45.2 0.01 2 9.8693 0.01
r 45.4 0.01 2 9.98742 0.01
r 45.6 0.01 2 10.1054 0.01
r 45.8 0.01 2 10.2235 0.01
r 46 0.01 2 10.3411 0.01
r 46.2 0.01 2 10.4592 0.01
r 46.4 0.01 2 10.5772 0.01
r 46.6 0.01 2 10.6953 0.01
r 46.8 0.01 2 10.8135 0.01
r 47 0.01 2 10.9315 0.01
r 47.2 0.01 2 11.0494 0.01
r 47.4 0.01 2 11.1675 0.01
r 47.6 0.01 2 11.2856 0.01
r 47.8 0.01 2 11.4036 0.01
r 48 0.01 2 11.5217 0.01
r 48.2 0.01 2 11.6399 0.01
r 48.4 0.01 2 11.7582 0.01
r 48.6 0.01 2 11.8766 0.01
r 48.8 0.01 2 11.9951 0.01
r 49 0.01 2 12.1136 0.01
r 49.2 0.01 2 12.2322 0.01
r 49.4 0.01 2 12.3508 0.01
r 49.6 0.01 2 12.4695 0.01
r 49.8 0.01 2 12.5883 0.01
r 50 0.01 2 12.707 0.01
r 50.2 0.01 2 12.8256 0.01
r 50.4 0.01 2 12.9446 0.01
r 50.6 0.01 2 13.0636 0.01
r 50.8 0.01 2 13.1828 0.01
r 51 0.01 2 13.302 0.01
r 51.2 0.01 2 13.4214 0.01
r 51.4 0.01 2 13.5408 0.01
r 51.6 0.01 2 13.6603 0.01
r 51.8 0.01 2 13.7799 0.01
r 52 0.01 2 13.8996 0.01
r 52.2 0.01 2 14.0193 0.01
r 52.4 0.01 2 14.1391 0.01
r 52.6 0.01 2 14.259 0.01
r 52.8 0.01 2 14.3791 0.01
r 53 0.01 2 14.4989 0.01
r 53.2 0.01 2 14.6191 0.01
r 53.4 0.01 2 14.7395 0.01
r 53.6 0.01 2 14.8599 0.01
r 53.8 0.01 2 14.9803 0.01
r 54 0.01 2 15.1009 0.01
r 54.2 0.01 2 15.2215 0.01
r 54.4 0.01 2 15.3422 0.01
r 54.6 0.01 2 15.463 0.01
r 54.8 0.01 2 15.584 0.01
r 55 0.01 2 15.7049 0.01
r 55.2 0.01 2 15.8261 0.01
r 55.4 0.01 2 15.9472 0.01
r 55.6 0.01 2 16.0684 0.01
r 55.8 0.01 2 16.1898 0.01
r 56 0.01 2 16.311 0.01
r 56.2 0.01 2 16.4326 0.01
r 56.4 0.01 2 16.5541 0.01
r 56.6 0.01 2 16.6757 0.01
r 56.8 0.01 2 16.7973 0.01
r 57 0.01 2 16.919 0.01
r 57.2 0.01 2 17.0407 0.01
r 57.4 0.01 2 17.1626 0.01
r 57.6 0.01 2 17.2845 0.01
r 57.8 0.01 2 17.4065 0.01
r 58 0.01 2 17.5285 0.01
r 58.2 0.01 2 17.6507 0.01
r 58.4 0.01 2 17.7729 0.01
r 58.6 0.01 2 17.8947 0.01
r 58.8 0.01 2 18.017 0.01
r 59 0.01 2 18.1393 0.01
r 59.2 0.01 2 18.2617 0.01
r 59.4 0.01 2 18.3842 0.01
r 59.6 0.01 2 18.5066 0.01
r 59.8 0.01 2 18.6292 0.01
r 60 0.01 2 18.7518 0.01
r 60.2 0.01 2 18.8745 0.01
r 60.4 0.01 2 18.9973 0.01
r 60.6 0.01 2 19.1202 0.01
r 60.8 0.01 2 19.2432 0.01
r 61 0.01 2 19.3663 0.01
r 61.2 0.01 2 19.4895 0.01
r 61.4 0.01 2 19.6128 0.01
r 61.6 0.01 2 19.7361 0.01
r 61.8 0.01 2 19.8596 0.01
r 62 0.01 2 19.9831 0.01
r 62.2 0.01 2 20.1067 0.01
r 62.4 0.01 2 20.2305 0.01
r 62.6 0.01 2 20.3544 0.01
r 62.8 0.01 2 20.4784 0.01
r 63 0.01 2 20.6026 0.01
r 63.2 0.01 2 20.7269 0.01
r 63.4 0.01 2 20.8513 0.01
r 63.6 0.01 2 20.9757 0.01
r 63.8 0.01 2 21.1004 0.01
r 64 0.01 2 21.2251 0.01
r 64.2 0.01 2 21.3499 0.01
r 64.4 0.01 2 21.4749 0.01
r 64.6 0.01 2 21.5999 0.01
r 64.8 0.01 2 21.7251 0.01
r 65 0.01 2 21.8505 0.01
r 65.2 0.01 2 21.9759 0.01
r 65.4 0.01 2 22.1014 0.01
r 65.6 0.01 2 22.227 0.01
r 65.8 0.01 2 22.3527 0.01
r 66 0.01 2 22.4785 0.01
r 66.2 0.01 2 22.6044 0.01
r 66.4 0.01 2 22.7304 0.01
r 66.6 0.01 2 22.8564 0.01
r 66.8 0.01 2 22.9825 0.01
r 67 0.01 2 23.1087 0.01
r 67.2 0.01 2 23.2349 0.01
r 67.4 0.01 2 23.3611 0.01
r 67.6 0.01 2 23.4874 0.01
r 67.8 0.01 2 23.6138 0.01
r 68 0.01 2 23.7402 0.01
r 68.2 0.01 2 23.8668 0.01
r 68.4 0.01 2 23.9933 0.01
r 68.6 0.01 2 24.12 0.01
r 68.8 0.01 2 24.2467 0.01
r 69 0.01 2 24.3735 0.01
r 69.2 0.01 2 24.5004 0.01
r 69.4 0.01 2 24.6274 0.01
r 69.6 0.01 2 24.7544 0.01
r 69.8 0.01 2 24.8816 0.01
r 70 0.01 2 25.0088 0.01
s 43.3 2 201
r 30 0.01 2 8.82206 0.01
r 30.2 0.01 2 8.696 0.01
r 30.4 0.01 2 8.57003 0.01
r 30.6 0.01 2 8.44401 0.01
r 30.8 0.01 2 8.31788 0.01
r 31 0.01 2 8.19206 0.01
r 31.2 0.01 2 8.06603 0.01
r 31.4 0.01 2 7.94013 0.01
r 31.6 0.01 2 7.81402 0.01
r 31.8 0.01 2 7.68783 0.01
r 32 0.01 2 7.56163 0.01
r 32.2 0.01 2 7.43556 0.01
r 32.4 0.01 2 7.30947 0.01
r 32.6 0.01 2 7.18339 0.01
r 32.8 0.01 2 7.0573 0.01
r 33 0.01 2 6.93124 0.01
r 33.2 0.01 2 6.80504 0.01
r 33.4 0.01 2 6.67896 0.01
r 33.6 0.01 2 6.55282 0.01
r 33.8 0.01 2 6.42676 0.01
r 34 0.01 2 6.30063 0.01
r 34.2 0.01 2 6.17452 0.01
r 34.4 0.01 2 6.04846 0.01
r 34.6 0.01 2 5.92241 0.01
r 34.8 0.01 2 5.79638 0.01
r 35 0.01 2 5.67046 0.01
r 35.2 0.01 2 5.54437 0.01
r 35.4 0.01 2 5.41831 0.01
r 35.6 0.01 2 5.29218 0.01
r 35.8 0.01 2 5.16613 0.01
r 36 0.01 2 5.04005 0.01
r 36.2 0.01 2 4.9141 0.01
r 36.4 0.01 2 4.78831 0.01
r 36.6 0.01 2 4.66256 0.01
r 36.8 0.01 2 4.5372 0.01
r 37 0.01 2 4.41123 0.01
r 37.2 0.01 2 4.28624 0.01
r 37.4 0.01 2 4.16065 0.01
r 37.6 0.01 2 4.03566 0.01
r 37.8 0.01 2 3.91089 0.01
r 38 0.01 2 3.78652 0.01
r 38.2 0.01 2 3.66267 0.01
r 38.4 0.01 2 3.53923 0.01
r 38.6 0.01 2 3.41671 0.01
r 38.8 0.01 2 3.29414 0.01
r 39 0.01 2 3.17278 0.01
r 39.2 0.01 2 3.05202 0.01
r 39.4 0.01 2 2.93242 0.01
r 39.6 0.01 2 2.81403 0.01
r 39.8 0.01 2 2.69662 0.01
r 40 0.01 2 2.58072 0.01
r 40.2 0.01 2 2.46726 0.01
r 40.4 0.01 2 2.35486 0.01
r 40.6 0.01 2 2.24524 0.01
r 40.8 0.01 2 2.13969 0.01
r 41 0.01 2 2.03532 0.01
r 41.2 0.01 2 1.93551 0.01
r 41.4 0.01 2 1.83988 0.01
r 41.6 0.01 2 1.74949 0.01
r 41.8 0.01 2 1.66505 0.01
r 42 0.01 2 1.58736 0.01
r 42.2 0.01 2 1.51716 0.01
r 42.4 0.01 2 1.4561 0.01
r 42.6 0.01 2 1.40686 0.01
r 42.8 0.01 2 1.36612 0.01
r 43 0.01 2 1.33834 0.01
r 43.2 0.01 2 1.3247 0.01
r 43.4 0.01 2 1.32391 0.01
r 43.6 0.01 2 1.33451 0.01
r 43.8 0.01 2 1.35812 0.01
r 44 0.01 2 1.39474 0.01
r 44.2 0.01 2 1.44218 0.01
r 44.4 0.01 2 1.49955 0.01
r 44.6 0.01 2 1.56576 0.01
r 44.8 0.01 2 1.63918 0.01
r 45 0.01 2 1.71956 0.01
r 45.2 0.01 2 1.80517 0.01
r 45.4 0.01 2 1.89611 0.01
r 45.6 0.01 2 1.99125 0.01
r 45.8 0.01 2 2.08784 0.01
r 46 0.01 2 2.18835 0.01
r 46.2 0.01 2 2.29127 0.01
r 46.4 0.01 2 2.39662 0.01
r 46.6 0.01 2 2.50373 0.01
r 46.8 0.01 2 2.61234 0.01
r 47 0.01 2 2.72259 0.01
r 47.2 0.01 2 2.83437 0.01
r 47.4 0.01 2 2.94599 0.01
r 47.6 0.01 2 3.0589 0.01
r 47.8 0.01 2 3.17196 0.01
r 48 0.01 2 3.28551 0.01
r 48.2 0.01 2 3.40027 0.01
r 48.4 0.01 2 3.51552 0.01
r 48.6 0.01 2 3.63105 0.01
r 48.8 0.01 2 3.74709 0.01
r 49 0.01 2 3.86362 0.01
r 49.2 0.01 2 3.9806 0.01
r 49.4 0.01 2 4.09745 0.01
r 49.6 0.01 2 4.21435 0.01
r 49.8 0.01 2 4.33189 0.01
r 50 0.01 2 4.44926 0.01
r 50.2 0.01 2 4.56712 0.01
r 50.4 0.01 2 4.68522 0.01
r 50.6 0.01 2 4.80342 0.01
r 50.8 0.01 2 4.92193 0.01
r 51 0.01 2 5.04036 0.01
r 51.2 0.01 2 5.1592 0.01
r 51.4 0.01 2 5.27819 0.01
r 51.6 0.01 2 5.39713 0.01
r 51.8 0.01 2 5.51618 0.01
r 52 0.01 2 5.63562 0.01
r 52.2 0.01 2 5.75473 0.01
r 52.4 0.01 2 5.87429 0.01
r 52.6 0.01 2 5.99413 0.01
r 52.8 0.01 2 6.11367 0.01
r 53 0.01 2 6.23351 0.01
r 53.2 0.01 2 6.35355 0.01
r 53.4 0.01 2 6.47368 0.01
r 53.6 0.01 2 6.59391 0.01
r 53.8 0.01 2 6.71422 0.01
r 54 0.01 2 6.83462 0.01
r 54.2 0.01 2 6.95507 0.01
r 54.4 0.01 2 7.07568 0.01
r 54.6 0.01 2 7.1964 0.01
r 54.8 0.01 2 7.31725 0.01
r 55 0.01 2 7.43814 0.01
r 55.2 0.01 2 7.55922 0.01
r 55.4 0.01 2 7.68029 0.01
r 55.6 0.01 2 7.80147 0.01
r 55.8 0.01 2 7.92271 0.01
r 56 0.01 2 8.04401 0.01
r 56.2 0.01 2 8.1654 0.01
r 56.4 0.01 2 8.2869 0.01
r 56.6 0.01 2 8.40844 0.01
r 56.8 0.01 2 8.53009 0.01
r 57 0.01 2 8.65172 0.01
r 57.2 0.01 2 8.77353 0.01
r 57.4 0.01 2 8.89542 0.01
r 57.6 0.01 2 9.01723 0.01
r 57.8 0.01 2 9.13917 0.01
r 58 0.01 2 9.26109 0.01
r 58.2 0.01 2 9.38309 0.01
r 58.4 0.01 2 9.50515 0.01
r 58.6 0.01 2 9.62732 0.01
r 58.8 0.01 2 9.74957 0.01
r 59 0.01 2 9.87194 0.01
r 59.2 0.01 2 9.99433 0.01
r 59.4 0.01 2 10.1168 0.01
r 59.6 0.01 2 10.2393 0.01
r 59.8 0.01 2 10.3618 0.01
r 60 0.01 2 10.4844 0.01
r 60.2 0.01 2 10.6071 0.01
r 60.4 0.01 2 10.7299 0.01
r 60.6 0.01 2 10.8528 0.01
r 60.8 0.01 2 10.9758 0.01
r 61 0.01 2 11.0989 0.01
r 61.2 0.01 2 11.2221 0.01
r 61.4 0.01 2 11.3454 0.01
r 61.6 0.01 2 11.4687 0.01
r 61.8 0.01 2 11.5922 0.01
r 62 0.01 2 11.7157 0.01
r 62.2 0.01 2 11.8394 0.01
r 62.4 0.01 2 11.9631 0.01
r 62.6 0.01 2 12.087 0.01
r 62.8 0.01 2 12.211 0.01
r 63 0.01 2 12.3352 0.01
r 63.2 0.01 2 12.4594 0.01
r 63.4 0.01 2 12.5838 0.01
r 63.6 0.01 2 12.7083 0.01
r 63.8 0.01 2 12.8329 0.01
r 64 0.01 2 12.9576 0.01
r 64.2 0.01 2 13.0825 0.01
r 64.4 0.01 2 13.2075 0.01
r 64.6 0.01 2 13.3325 0.01
r 64.8 0.01 2 13.4577 0.01
r 65 0.01 2 13.583 0.01
r 65.2 0.01 2 13.7084 0.01
r 65.4 0.01 2 13.8339 0.01
r 65.6 0.01 2 13.9596 0.01
r 65.8 0.01 2 14.0853 0.01
r 66 0.01 2 14.2111 0.01
r 66.2 0.01 2 14.337 0.01
r 66.4 0.01 2 14.4629 0.01
r 66.6 0.01 2 14.589 0.01
r 66.8 0.01 2 14.7151 0.01
r 67 0.01 2 14.8413 0.01
r 67.2 0.01 2 14.9674 0.01
r 67.4 0.01 2 15.0937 0.01
r 67.6 0.01 2 15.22 0.01
r 67.8 0.01 2 15.3464 0.01
r 68 0.01 2 15.4729 0.01
r 68.2 0.01 2 15.5994 0.01
r 68.4 0.01 2 15.7259 0.01
r 68.6 0.01 2 15.8526 0.01
r 68.8 0.01 2 15.9794 0.01
r 69 0.01 2 16.1062 0.01
r 69.2 0.01 2 16.2331 0.01
r 69.4 0.01 2 16.3601 0.01
r 69.6 0.01 2 16.4871 0.01
r 69.8 0.01 2 16.6142 0.01
r 70 0.01 2 16.7415 0.01
s 56.7 2 201
r 30 0.01 2 17.2657 0.01
r 30.2 0.01 2 17.1395 0.01
r 30.4 0.01 2 17.0134 0.01
r 30.6 0.01 2 16.8874 0.01
r 30.8 0.01 2 16.7614 0.01
r 31 0.01 2 16.6355 0.01
r 31.2 0.01 2 16.5094 0.01
r 31.4 0.01 2 16.3835 0.01
r 31.6 0.01 2 16.2575 0.01
r 31.8 0.01 2 16.1313 0.01
r 32 0.01 2 16.0051 0.01
r 32.2 0.01 2 15.879 0.01
r 32.4 0.01 2 15.7527 0.01
r 32.6 0.01 2 15.6264 0.01
r 32.8 0.01 2 15.5001 0.01
r 33 0.01 2 15.3739 0.01
r 33.2 0.01 2 15.2475 0.01
r 33.4 0.01 2 15.1211 0.01
r 33.6 0.01 2 14.9947 0.01
r 33.8 0.01 2 14.8681 0.01
r 34 0.01 2 14.7417 0.01
r 34.2 0.01 2 14.6152 0.01
r 34.4 0.01 2 14.4888 0.01
r 34.6 0.01 2 14.3623 0.01
r 34.8 0.01 2 14.2359 0.01
r 35 0.01 2 14.1093 0.01
r 35.2 0.01 2 13.9825 0.01
r 35.4 0.01 2 13.8555 0.01
r 35.6 0.01 2 13.7283 0.01
r 35.8 0.01 2 13.6011 0.01
r 36 0.01 2 13.4738 0.01
r 36.2 0.01 2 13.3465 0.01
r 36.4 0.01 2 13.2192 0.01
r 36.6 0.01 2 13.0917 0.01
r 36.8 0.01 2 12.9639 0.01
r 37 0.01 2 12.8362 0.01
r 37.2 0.01 2 12.7081 0.01
r 37.4 0.01 2 12.5799 0.01
r 37.6 0.01 2 12.4515 0.01
r 37.8 0.01 2 12.3231 0.01
r 38 0.01 2 12.1946 0.01
r 38.2 0.01 2 12.0659 0.01
r 38.4 0.01 2 11.9371 0.01
r 38.6 0.01 2 11.8083 0.01
r 38.8 0.01 2 11.6794 0.01
r 39 0.01 2 11.5507 0.01
r 39.2 0.01 2 11.4219 0.01
r 39.4 0.01 2 11.2931 0.01
r 39.6 0.01 2 11.164 0.01
r 39.8 0.01 2 11.0349 0.01
r 40 0.01 2 10.9057 0.01
r 40.2 0.01 2 10.7765 0.01
r 40.4 0.01 2 10.6473 0.01
r 40.6 0.01 2 10.5182 0.01
r 40.8 0.01 2 10.389 0.01
r 41 0.01 2 10.2599 0.01
r 41.2 0.01 2 10.1308 0.01
r 41.4 0.01 2 10.0018 0.01
r 41.6 0.01 2 9.87271 0.01
r 41.8 0.01 2 9.74351 0.01
r 42 0.01 2 9.6141 0.01
r 42.2 0.01 2 9.48444 0.01
r 42.4 0.01 2 9.35487 0.01
r 42.6 0.01 2 9.22532 0.01
r 42.8 0.01 2 9.09585 0.01
r 43 0.01 2 8.96649 0.01
r 43.2 0.01 2 8.83717 0.01
r 43.4 0.01 2 8.7079 0.01
r 43.6 0.01 2 8.57872 0.01
r 43.8 0.01 2 8.44963 0.01
r 44 0.01 2 8.3205 0.01
r 44.2 0.01 2 8.19134 0.01
r 44.4 0.01 2 8.06226 0.01
r 44.6 0.01 2 7.93321 0.01
r 44.8 0.01 2 7.80421 0.01
r 45 0.01 2 7.67538 0.01
r 45.2 0.01 2 7.54645 0.01
r 45.4 0.01 2 7.41758 0.01
r 45.6 0.01 2 7.28877 0.01
r 45.8 0.01 2 7.16006 0.01
r 46 0.01 2 7.03144 0.01
r 46.2 0.01 2 6.90292 0.01
r 46.4 0.01 2 6.77445 0.01
r 46.6 0.01 2 6.64599 0.01
r 46.8 0.01 2 6.51758 0.01
r 47 0.01 2 6.38972 0.01
r 47.2 0.01 2 6.26112 0.01
r 47.4 0.01 2 6.13276 0.01
r 47.6 0.01 2 6.00486 0.01
r 47.8 0.01 2 5.87683 0.01
r 48 0.01 2 5.74914 0.01
r 48.2 0.01 2 5.62125 0.01
r 48.4 0.01 2 5.49383 0.01
r 48.6 0.01 2 5.36655 0.01
r 48.8 0.01 2 5.23952 0.01
r 49 0.01 2 5.11269 0.01
r 49.2 0.01 2 4.98618 0.01
r 49.4 0.01 2 4.85982 0.01
r 49.6 0.01 2 4.73397 0.01
r 49.8 0.01 2 4.60839 0.01
r 50 0.01 2 4.4833 0.01
r 50.2 0.01 2 4.35873 0.01
r 50.4 0.01 2 4.23456 0.01
r 50.6 0.01 2 4.11095 0.01
r 50.8 0.01 2 3.98752 0.01
r 51 0.01 2 3.86468 0.01
r 51.2 0.01 2 3.74254 0.01
r 51.4 0.01 2 3.62108 0.01
r 51.6 0.01 2 3.50026 0.01
r 51.8 0.01 2 3.38021 0.01
r 52 0.01 2 3.26098 0.01
r 52.2 0.01 2 3.14265 0.01
r 52.4 0.01 2 3.02526 0.01
r 52.6 0.01 2 2.90898 0.01
r 52.8 0.01 2 2.79382 0.01
r 53 0.01 2 2.67999 0.01
r 53.2 0.01 2 2.56763 0.01
r 53.4 0.01 2 2.45694 0.01
r 53.6 0.01 2 2.34814 0.01
r 53.8 0.01 2 2.24145 0.01
r 54 0.01 2 2.13717 0.01
r 54.2 0.01 2 2.03569 0.01
r 54.4 0.01 2 1.93731 0.01
r 54.6 0.01 2 1.84253 0.01
r 54.8 0.01 2 1.75266 0.01
r 55 0.01 2 1.66625 0.01
r 55.2 0.01 2 1.58646 0.01
r 55.4 0.01 2 1.51291 0.01
r 55.6 0.01 2 1.44677 0.01
r 55.8 0.01 2 1.38942 0.01
r 56 0.01 2 1.34196 0.01
r 56.2 0.01 2 1.30524 0.01
r 56.4 0.01 2 1.28076 0.01
r 56.6 0.01 2 1.26872 0.01
r 56.8 0.01 2 1.26856 0.01
r 57 0.01 2 1.28021 0.01
r 57.2 0.01 2 1.30532 0.01
r 57.4 0.01 2 1.34312 0.01
r 57.6 0.01 2 1.38936 0.01
r 57.8 0.01 2 1.44642 0.01
r 58 0.01 2 1.51191 0.01
r 58.2 0.01 2 1.5854 0.01
r 58.4 0.01 2 1.66529 0.01
r 58.6 0.01 2 1.75034 0.01
r 58.8 0.01 2 1.84055 0.01
r 59 0.01 2 1.93462 0.01
r 59.2 0.01 2 2.03279 0.01
r 59.4 0.01 2 2.13407 0.01
r 59.6 0.01 2 2.2379 0.01
r 59.8 0.01 2 2.34404 0.01
r 60 0.01 2 2.45252 0.01
r 60.2 0.01 2 2.56264 0.01
r 60.4 0.01 2 2.67436 0.01
r 60.6 0.01 2 2.78762 0.01
r 60.8 0.01 2 2.90005 0.01
r 61 0.01 2 3.01533 0.01
r 61.2 0.01 2 3.13148 0.01
r 61.4 0.01 2 3.24864 0.01
r 61.6 0.01 2 3.36642 0.01
r 61.8 0.01 2 3.48501 0.01
r 62 0.01 2 3.6042 0.01
r 62.2 0.01 2 3.72398 0.01
r 62.4 0.01 2 3.84429 0.01
r 62.6 0.01 2 3.96515 0.01
r 62.8 0.01 2 4.08648 0.01
r 63 0.01 2 4.2081 0.01
r 63.2 0.01 2 4.33026 0.01
r 63.4 0.01 2 4.45286 0.01
r 63.6 0.01 2 4.57573 0.01
r 63.8 0.01 2 4.69892 0.01
r 64 0.01 2 4.82236 0.01
r 64.2 0.01 2 4.94613 0.01
r 64.4 0.01 2 5.07013 0.01
r 64.6 0.01 2 5.1944 0.01
r 64.8 0.01 2 5.31879 0.01
r 65 0.01 2 5.44301 0.01
r 65.2 0.01 2 5.56787 0.01
r 65.4 0.01 2 5.69293 0.01
r 65.6 0.01 2 5.81818 0.01
r 65.8 0.01 2 5.94359 0.01
r 66 0.01 2 6.06913 0.01
r 66.2 0.01 2 6.19485 0.01
r 66.4 0.01 2 6.32063 0.01
r 66.6 0.01 2 6.44657 0.01
r 66.8 0.01 2 6.57262 0.01
r 67 0.01 2 6.6988 0.01
r 67.2 0.01 2 6.82499 0.01
r 67.4 0.01 2 6.95127 0.01
r 67.6 0.01 2 7.07763 0.01
r 67.8 0.01 2 7.20412 0.01
r 68 0.01 2 7.33064 0.01
r 68.2 0.01 2 7.45731 0.01
r 68.4 0.01 2 7.58409 0.01
r 68.6 0.01 2 7.71078 0.01
r 68.8 0.01 2 7.83779 0.01
r 69 0.01 2 7.96456 0.01
r 69.2 0.01 2 8.09153 0.01
r 69.4 0.01 2 8.21867 0.01
r 69.6 0.01 2 8.34567 0.01
r 69.8 0.01 2 8.47284 0.01
r 70 0.01 2 8.60005 0.01
s 70 2 201
r 30 0.01 2 25.7365 0.01
r 30.2 0.01 2 25.6105 0.01
r 30.4 0.01 2 25.484 0.01
r 30.6 0.01 2 25.3579 0.01
r 30.8 0.01 2 25.232 0.01
r 31 0.01 2 25.106 0.01
r 31.2 0.01 2 24.9801 0.01
r 31.4 0.01 2 24.8541 0.01
r 31.6 0.01 2 24.7281 0.01
r 31.8 0.01 2 24.6019 0.01
r 32 0.01 2 24.4756 0.01
r 32.2 0.01 2 24.3494 0.01
r 32.4 0.01 2 24.2232 0.01
r 32.6 0.01 2 24.0969 0.01
r 32.8 0.01 2 23.9706 0.01
r 33 0.01 2 23.8443 0.01
r 33.2 0.01 2 23.718 0.01
r 33.4 0.01 2 23.5915 0.01
r 33.6 0.01 2 23.4651 0.01
r 33.8 0.01 2 23.3386 0.01
r 34 0.01 2 23.2121 0.01
r 34.2 0.01 2 23.0857 0.01
r 34.4 0.01 2 22.9593 0.01
r 34.6 0.01 2 22.8328 0.01
r 34.8 0.01 2 22.7063 0.01
r 35 0.01 2 22.5796 0.01
r 35.2 0.01 2 22.4527 0.01
r 35.4 0.01 2 22.3257 0.01
r 35.6 0.01 2 22.1985 0.01
r 35.8 0.01 2 22.0713 0.01
r 36 0.01 2 21.944 0.01
r 36.2 0.01 2 21.8167 0.01
r 36.4 0.01 2 21.6893 0.01
r 36.6 0.01 2 21.5616 0.01
r 36.8 0.01 2 21.4338 0.01
r 37 0.01 2 21.3058 0.01
r 37.2 0.01 2 21.1776 0.01
r 37.4 0.01 2 21.0495 0.01
r 37.6 0.01 2 20.921 0.01
r 37.8 0.01 2 20.7925 0.01
r 38 0.01 2 20.6637 0.01
r 38.2 0.01 2 20.5349 0.01
r 38.4 0.01 2 20.4059 0.01
r 38.6 0.01 2 20.277 0.01
r 38.8 0.01 2 20.1482 0.01
r 39 0.01 2 20.0193 0.01
r 39.2 0.01 2 19.8903 0.01
r 39.4 0.01 2 19.7612 0.01
r 39.6 0.01 2 19.6316 0.01
r 39.8 0.01 2 19.502 0.01
r 40 0.01 2 19.3724 0.01
r 40.2 0.01 2 19.243 0.01
r 40.4 0.01 2 19.1136 0.01
r 40.6 0.01 2 18.9842 0.01
r 40.8 0.01 2 18.8548 0.01
r 41 0.01 2 18.7252 0.01
r 41.2 0.01 2 18.5956 0.01
r 41.4 0.01 2 18.4661 0.01
r 41.6 0.01 2 18.3365 0.01
r 41.8 0.01 2 18.2067 0.01
r 42 0.01 2 18.0766 0.01
r 42.2 0.01 2 17.9464 0.01
r 42.4 0.01 2 17.8163 0.01
r 42.6 0.01 2 17.6861 0.01
r 42.8 0.01 2 17.5558 0.01
r 43 0.01 2 17.427 0.01
r 43.2 0.01 2 17.297 0.01
r 43.4 0.01 2 17.1659 0.01
r 43.6 0.01 2 17.0355 0.01
r 43.8 0.01 2 16.9049 0.01
r 44 0.01 2 16.774 0.01
r 44.2 0.01 2 16.6431 0.01
r 44.4 0.01 2 16.5117 0.01
r 44.6 0.01 2 16.3805 0.01
r 44.8 0.01 2 16.2484 0.01
r 45 0.01 2 16.1163 0.01
r 45.2 0.01 2 15.9876 0.01
r 45.4 0.01 2 15.8503 0.01
r 45.6 0.01 2 15.7127 0.01
r 45.8 0.01 2 15.5751 0.01
r 46 0.01 2 15.4377 0.01
r 46.2 0.01 2 15.3005 0.01
r 46.4 0.01 2 15.1637 0.01
r 46.6 0.01 2 15.0272 0.01
r 46.8 0.01 2 14.891 0.01
r 47 0.01 2 14.7553 0.01
r 47.2 0.01 2 14.6199 0.01
r 47.4 0.01 2 14.4849 0.01
r 47.6 0.01 2 14.3501 0.01
r 47.8 0.01 2 14.2158 0.01
r 48 0.01 2 14.0819 0.01
r 48.2 0.01 2 13.9483 0.01
r 48.4 0.01 2 13.815 0.01
r 48.6 0.01 2 13.6819 0.01
r 48.8 0.01 2 13.5492 0.01
r 49 0.01 2 13.4168 0.01
r 49.2 0.01 2 13.2848 0.01
r 49.4 0.01 2 13.153 0.01
r 49.6 0.01 2 13.0217 0.01
r 49.8 0.01 2 12.8906 0.01
r 50 0.01 2 12.7599 0.01
r 50.2 0.01 2 12.6296 0.01
r 50.4 0.01 2 12.4996 0.01
r 50.6 0.01 2 12.3697 0.01
r 50.8 0.01 2 12.2401 0.01
r 51 0.01 2 12.1107 0.01
r 51.2 0.01 2 11.9816 0.01
r 51.4 0.01 2 11.8529 0.01
r 51.6 0.01 2 11.7244 0.01
r 51.8 0.01 2 11.5963 0.01
r 52 0.01 2 11.4683 0.01
r 52.2 0.01 2 11.3405 0.01
r 52.4 0.01 2 11.2131 0.01
r 52.6 0.01 2 11.0858 0.01
r 52.8 0.01 2 10.9587 0.01
r 53 0.01 2 10.8319 0.01
r 53.2 0.01 2 10.7053 0.01
r 53.4 0.01 2 10.5789 0.01
r 53.6 0.01 2 10.4527 0.01
r 53.8 0.01 2 10.3268 0.01
r 54 0.01 2 10.201 0.01
r 54.2 0.01 2 10.0754 0.01
r 54.4 0.01 2 9.94996 0.01
r 54.6 0.01 2 9.82469 0.01
r 54.8 0.01 2 9.69956 0.01
r 55 0.01 2 9.57459 0.01
r 55.2 0.01 2 9.44978 0.01
r 55.4 0.01 2 9.3251 0.01
r 55.6 0.01 2 9.20059 0.01
r 55.8 0.01 2 9.07623 0.01
r 56 0.01 2 8.95202 0.01
r 56.2 0.01 2 8.82793 0.01
r 56.4 0.01 2 8.70394 0.01
r 56.6 0.01 2 8.58004 0.01
r 56.8 0.01 2 8.4562 0.01
r 57 0.01 2 8.33252 0.01
r 57.2 0.01 2 8.20889 0.01
r 57.4 0.01 2 8.08536 0.01
r 57.6 0.01 2 7.96193 0.01
r 57.8 0.01 2 7.83863 0.01
r 58 0.01 2 7.71539 0.01
r 58.2 0.01 2 7.59223 0.01
r 58.4 0.01 2 7.46911 0.01
r 58.6 0.01 2 7.34604 0.01
r 58.8 0.01 2 7.22302 0.01
r 59 0.01 2 7.10004 0.01
r 59.2 0.01 2 6.97712 0.01
r 59.4 0.01 2 6.85427 0.01
r 59.6 0.01 2 6.73146 0.01
r 59.8 0.01 2 6.60874 0.01
r 60 0.01 2 6.48609 0.01
r 60.2 0.01 2 6.36348 0.01
r 60.4 0.01 2 6.24091 0.01
r 60.6 0.01 2 6.11837 0.01
r 60.8 0.01 2 5.99587 0.01
r 61 0.01 2 5.87346 0.01
r 61.2 0.01 2 5.75109 0.01
r 61.4 0.01 2 5.62877 0.01
r 61.6 0.01 2 5.50655 0.01
r 61.8 0.01 2 5.38441 0.01
r 62 0.01 2 5.26238 0.01
r 62.2 0.01 2 5.14054 0.01
r 62.4 0.01 2 5.01871 0.01
r 62.6 0.01 2 4.89698 0.01
r 62.8 0.01 2 4.77595 0.01
r 63 0.01 2 4.65402 0.01
r 63.2 0.01 2 4.53279 0.01
r 63.4 0.01 2 4.4118 0.01
r 63.6 0.01 2 4.29097 0.01
r 63.8 0.01 2 4.17051 0.01
r 64 0.01 2 4.05058 0.01
r 64.2 0.01 2 3.93039 0.01
r 64.4 0.01 2 3.8107 0.01
r 64.6 0.01 2 3.69168 0.01
r 64.8 0.01 2 3.57279 0.01
r 65 0.01 2 3.45457 0.01
r 65.2 0.01 2 3.33691 0.01
r 65.4 0.01 2 3.21992 0.01
r 65.6 0.01 2 3.10368 0.01
r 65.8 0.01 2 2.98828 0.01
r 66 0.01 2 2.87378 0.01
r 66.2 0.01 2 2.7603 0.01
r 66.4 0.01 2 2.64804 0.01
r 66.6 0.01 2 2.53719 0.01
r 66.8 0.01 2 2.42821 0.01
r 67 0.01 2 2.32059 0.01
r 67.2 0.01 2 2.21525 0.01
r 67.4 0.01 2 2.11229 0.01
r 67.6 0.01 2 2.01223 0.01
r 67.8 0.01 2 1.91546 0.01
r 68 0.01 2 1.8226 0.01
r 68.2 0.01 2 1.73428 0.01
r 68.4 0.01 2 1.65108 0.01
r 68.6 0.01 2 1.5739 0.01
r 68.8 0.01 2 1.50386 0.01
r 69 0.01 2 1.44211 0.01
r 69.2 0.01 2 1.38928 0.01
r 69.4 0.01 2 1.34685 0.01
r 69.6 0.01 2 1.31585 0.01
r 69.8 0.01 2 1.29712 0.01
r 70 0.01 2 1.2912 0.01
