4
s 30 2 201
r 30 0.01 2 1.36578 0.01
r 30.2 0.01 2 1.37288 0.01
r 30.4 0.01 2 1.39355 0.01
r 30.6 0.01 2 1.42724 0.01
r 30.8 0.01 2 1.47304 0.01
r 31 0.01 2 1.53117 0.01
r 31.2 0.01 2 1.59674 0.01
r 31.4 0.01 2 1.67319 0.01
r 31.6 0.01 2 1.75488 0.01
r 31.8 0.01 2 1.84428 0.01
r 32 0.01 2 1.93923 0.01
r 32.2 0.01 2 2.03937 0.01
r 32.4 0.01 2 2.14338 0.01
r 32.6 0.01 2 2.25097 0.01
r 32.8 0.01 2 2.36181 0.01
r 33 0.01 2 2.47513 0.01
r 33.2 0.01 2 2.59065 0.01
r 33.4 0.01 2 2.70824 0.01
r 33.6 0.01 2 2.82748 0.01
r 33.8 0.01 2 2.94842 0.01
r 34 0.01 2 3.07 0.01
r 34.2 0.01 2 3.19279 0.01
r 34.4 0.01 2 3.31631 0.01
r 34.6 0.01 2 3.44047 0.01
r 34.8 0.01 2 3.56495 0.01
r 35 0.01 2 3.68988 0.01
r 35.2 0.01 2 3.8147 0.01
r 35.4 0.01 2 3.93863 0.01
r 35.6 0.01 2 4.06166 0.01
r 35.8 0.01 2 4.18354 0.01
r 36 0.01 2 4.30488 0.01
r 36.2 0.01 2 4.42676 0.01
r 36.4 0.01 2 4.54926 0.01
r 36.6 0.01 2 4.67079 0.01
r 36.8 0.01 2 4.79303 0.01
r 37 0.01 2 4.91109 0.01
r 37.2 0.01 2 5.03345 0.01
r 37.4 0.01 2 5.15397 0.01
r 37.6 0.01 2 5.27461 0.01
r 37.8 0.01 2 5.39658 0.01
r 38 0.01 2 5.5232 0.01
r 38.2 0.01 2 5.64735 0.01
r 38.4 0.01 2 5.76254 0.01
r 38.6 0.01 2 5.88529 0.01
r 38.8 0.01 2 6.00898 0.01
r 39 0.01 2 6.12389 0.01
r 39.2 0.01 2 6.24524 0.01
r 39.4 0.01 2 6.36425 0.01
r 39.6 0.01 2 6.48304 0.01
r 39.8 0.01 2 6.60752 0.01
r 40 0.01 2 6.729 0.01
r 40.2 0.01 2 6.84722 0.01
r 40.4 0.01 2 6.96719 0.01
r 40.6 0.01 2 7.0882 0.01
r 40.8 0.01 2 7.21633 0.01
r 41 0.01 2 7.32395 0.01
r 41.2 0.01 2 7.43927 0.01
r 41.4 0.01 2 7.55945 0.01
r 41.6 0.01 2 7.67968 0.01
r 41.8 0.01 2 7.79915 0.01
r 42 0.01 2 7.92214 0.01
r 42.2 0.01 2 8.04519 0.01
r 42.4 0.01 2 8.1664 0.01
r 42.6 0.01 2 8.307 0.01
r 42.8 0.01 2 8.40902 0.01
r 43 0.01 2 8.51176 0.01
r 43.2 0.01 2 8.6328 0.01
r 43.4 0.01 2 8.75293 0.01
r 43.6 0.01 2 8.8787 0.01
r 43.8 0.01 2 8.99503 0.01
r 44 0.01 2 9.11161 0.01
r 44.2 0.01 2 9.23676 0.01
r 44.4 0.01 2 9.36773 0.01
r 44.6 0.01 2 9.48847 0.01
r 44.8 0.01 2 9.59675 0.01
r 45 0.01 2 9.71106 0.01
r 45.2 0.01 2 9.83167 0.01
r 45.4 0.01 2 9.95232 0.01
r 45.6 0.01 2 10.0701 0.01
r 45.8 0.01 2 10.1881 0.01
r 46 0.01 2 10.3095 0.01
r 46.2 0.01 2 10.4288 0.01
r 46.4 0.01 2 10.5496 0.01
r 46.6 0.01 2 10.6764 0.01
r 46.8 0.01 2 10.7916 0.01
r 47 0.01 2 10.906 0.01
r 47.2 0.01 2 11.0263 0.01
r 47.4 0.01 2 11.1461 0.01
r 47.6 0.01 2 11.2671 0.01
r 47.8 0.01 2 11.3868 0.01
r 48 0.01 2 11.5083 0.01
r 48.2 0.01 2 11.6288 0.01
r 48.4 0.01 2 11.749 0.01
r 48.6 0.01 2 11.871 0.01
r 48.8 0.01 2 11.9909 0.01
r 49 0.01 2 12.1078 0.01
r 49.2 0.01 2 12.2239 0.01
r 49.4 0.01 2 12.3444 0.01
r 49.6 0.01 2 12.4659 0.01
r 49.8 0.01 2 12.5864 0.01
r 50 0.01 2 12.7051 0.01
r 50.2 0.01 2 12.8277 0.01
r 50.4 0.01 2 12.9468 0.01
r 50.6 0.01 2 13.0677 0.01
r 50.8 0.01 2 13.1884 0.01
r 51 0.01 2 13.3076 0.01
r 51.2 0.01 2 13.4281 0.01
r 51.4 0.01 2 13.5495 0.01
r 51.6 0.01 2 13.6709 0.01
r 51.8 0.01 2 13.7903 0.01
r 52 0.01 2 13.9108 0.01
r 52.2 0.01 2 14.0323 0.01
r 52.4 0.01 2 14.1524 0.01
r 52.6 0.01 2 14.2737 0.01
r 52.8 0.01 2 14.3949 0.01
r 53 0.01 2 14.5163 0.01
r 53.2 0.01 2 14.6379 0.01
r 53.4 0.01 2 14.7595 0.01
r 53.6 0.01 2 14.8813 0.01
r 53.8 0.01 2 15.0027 0.01
r 54 0.01 2 15.1246 0.01
r 54.2 0.01 2 15.2464 0.01
r 54.4 0.01 2 15.3684 0.01
r 54.6 0.01 2 15.4907 0.01
r 54.8 0.01 2 15.6125 0.01
r 55 0.01 2 15.7346 0.01
r 55.2 0.01 2 15.8573 0.01
r 55.4 0.01 2 15.9794 0.01
r 55.6 0.01 2 16.1017 0.01
r 55.8 0.01 2 16.2239 0.01
r 56 0.01 2 16.3461 0.01
r 56.2 0.01 2 16.4682 0.01
r 56.4 0.01 2 16.5905 0.01
r 56.6 0.01 2 16.712 0.01
r 56.8 0.01 2 16.8351 0.01
r 57 0.01 2 16.9572 0.01
r 57.2 0.01 2 17.0792 0.01
r 57.4 0.01 2 17.2013 0.01
r 57.6 0.01 2 17.3235 0.01
r 57.8 0.01 2 17.4454 0.01
r 58 0.01 2 17.5676 0.01
r 58.2 0.01 2 17.6897 0.01
r 58.4 0.01 2 17.8117 0.01
r 58.6 0.01 2 17.9339 0.01
r 58.8 0.01 2 18.0562 0.01
r 59 0.01 2 18.1783 0.01
r 59.2 0.01 2 18.3005 0.01
r 59.4 0.01 2 18.4231 0.01
r 59.6 0.01 2 18.5453 0.01
r 59.8 0.01 2 18.6677 0.01
r 60 0.01 2 18.7899 0.01
r 60.2 0.01 2 18.9127 0.01
r 60.4 0.01 2 19.0351 0.01
r 60.6 0.01 2 19.1577 0.01
r 60.8 0.01 2 19.2804 0.01
r 61 0.01 2 19.4034 0.01
r 61.2 0.01 2 19.5263 0.01
r 61.4 0.01 2 19.6492 0.01
r 61.6 0.01 2 19.7724 0.01
r 61.8 0.01 2 19.8954 0.01
r 62 0.01 2 20.0188 0.01
r 62.2 0.01 2 20.1419 0.01
r 62.4 0.01 2 20.2652 0.01
r 62.6 0.01 2 20.3886 0.01
r 62.8 0.01 2 20.512 0.01
r 63 0.01 2 20.635 0.01
r 63.2 0.01 2 20.7589 0.01
r 63.4 0.01 2 20.8824 0.01
r 63.6 0.01 2 21.0057 0.01
r 63.8 0.01 2 21.1297 0.01
r 64 0.01 2 21.2526 0.01
r 64.2 0.01 2 21.3763 0.01
r 64.4 0.01 2 21.4999 0.01
r 64.6 0.01 2 21.6238 0.01
r 64.8 0.01 2 21.7478 0.01
r 65 0.01 2 21.8718 0.01
r 65.2 0.01 2 21.9966 0.01
r 65.4 0.01 2 22.1205 0.01
r 65.6 0.01 2 22.2449 0.01
r 65.8 0.01 2 22.3697 0.01
r 66 0.01 2 22.4945 0.01
r 66.2 0.01 2 22.6195 0.01
r 66.4 0.01 2 22.7447 0.01
r 66.6 0.01 2 22.8699 0.01
r 66.8 0.01 2 22.9953 0.01
r 67 0.01 2 23.1207 0.01
r 67.2 0.01 2 23.2465 0.01
r 67.4 0.01 2 23.3727 0.01
r 67.6 0.01 2 23.4981 0.01
r 67.8 0.01 2 23.624 0.01
r 68 0.01 2 23.7508 0.01
r 68.2 0.01 2 23.8767 0.01
r 68.4 0.01 2 24.0032 0.01
r 68.6 0.01 2 24.1298 0.01
r 68.8 0.01 2 24.2574 0.01
r 69 0.01 2 24.384 0.01
r 69.2 0.01 2 24.5112 0.01
r 69.4 0.01 2 24.6386 0.01
r 69.6 0.01 2 24.7665 0.01
r 69.8 0.01 2 24.8943 0.01
r 70 0.01 2 25.0224 0.01
s 43.3 2 201
r 30 0.01 2 8.81885 0.01
r 30.2 0.01 2 8.69556 0.01
r 30.4 0.01 2 8.5656 0.01
r 30.6 0.01 2 8.43857 0.01
r 30.8 0.01 2 8.31121 0.01
r 31 0.01 2 8.18795 0.01
r 31.2 0.01 2 8.06087 0.01
r 31.4 0.01 2 7.93409 0.01
r 31.6 0.01 2 7.80816 0.01
r 31.8 0.01 2 7.68075 0.01
r 32 0.01 2 7.55506 0.01
r 32.2 0.01 2 7.42562 0.01
r 32.4 0.01 2 7.29682 0.01
r 32.6 0.01 2 7.16898 0.01
r 32.8 0.01 2 7.04107 0.01
r 33 0.01 2 6.91911 0.01
r 33.2 0.01 2 6.79457 0.01
r 33.4 0.01 2 6.66839 0.01
r 33.6 0.01 2 6.54225 0.01
r 33.8 0.01 2 6.41272 0.01
r 34 0.01 2 6.2863 0.01
r 34.2 0.01 2 6.15962 0.01
r 34.4 0.01 2 6.03472 0.01
r 34.6 0.01 2 5.90941 0.01
r 34.8 0.01 2 5.77833 0.01
r 35 0.01 2 5.64993 0.01
r 35.2 0.01 2 5.52182 0.01
r 35.4 0.01 2 5.39454 0.01
r 35.6 0.01 2 5.26757 0.01
r 35.8 0.01 2 5.14147 0.01
r 36 0.01 2 5.01486 0.01
r 36.2 0.01 2 4.88894 0.01
r 36.4 0.01 2 4.76322 0.01
r 36.6 0.01 2 4.63783 0.01
r 36.8 0.01 2 4.51281 0.01
r 37 0.01 2 4.38767 0.01
r 37.2 0.01 2 4.26133 0.01
r 37.4 0.01 2 4.13549 0.01
r 37.6 0.01 2 4.00988 0.01
r 37.8 0.01 2 3.88437 0.01
r 38 0.01 2 3.7593 0.01
r 38.2 0.01 2 3.63469 0.01
r 38.4 0.01 2 3.51058 0.01
r 38.6 0.01 2 3.38713 0.01
r 38.8 0.01 2 3.26432 0.01
r 39 0.01 2 3.1424 0.01
r 39.2 0.01 2 3.02127 0.01
r 39.4 0.01 2 2.90137 0.01
r 39.6 0.01 2 2.78276 0.01
r 39.8 0.01 2 2.66551 0.01
r 40 0.01 2 2.54995 0.01
r 40.2 0.01 2 2.43691 0.01
r 40.4 0.01 2 2.3248 0.01
r 40.6 0.01 2 2.21646 0.01
r 40.8 0.01 2 2.10993 0.01
r 41 0.01 2 2.0064 0.01
r 41.2 0.01 2 1.90723 0.01
r 41.4 0.01 2 1.81255 0.01
r 41.6 0.01 2 1.72289 0.01
r 41.8 0.01 2 1.63922 0.01
r 42 0.01 2 1.56222 0.01
r 42.2 0.01 2 1.49314 0.01
r 42.4 0.01 2 1.43316 0.01
r 42.6 0.01 2 1.38291 0.01
r 42.8 0.01 2 1.34398 0.01
r 43 0.01 2 1.31723 0.01
r 43.2 0.01 2 1.30385 0.01
r 43.4 0.01 2 1.30261 0.01
r 43.6 0.01 2 1.31374 0.01
r 43.8 0.01 2 1.33732 0.01
r 44 0.01 2 1.37356 0.01
r 44.2 0.01 2 1.42069 0.01
r 44.4 0.01 2 1.47783 0.01
r 44.6 0.01 2 1.54403 0.01
r 44.8 0.01 2 1.617 0.01
r 45 0.01 2 1.69766 0.01
r 45.2 0.01 2 1.78263 0.01
r 45.4 0.01 2 1.87332 0.01
r 45.6 0.01 2 1.96886 0.01
r 45.8 0.01 2 2.06515 0.01
r 46 0.01 2 2.16654 0.01
r 46.2 0.01 2 2.26952 0.01
r 46.4 0.01 2 2.37467 0.01
r 46.6 0.01 2 2.4819 0.01
r 46.8 0.01 2 2.59066 0.01
r 47 0.01 2 2.70137 0.01
r 47.2 0.01 2 2.81319 0.01
r 47.4 0.01 2 2.92514 0.01
r 47.6 0.01 2 3.03825 0.01
r 47.8 0.01 2 3.15137 0.01
r 48 0.01 2 3.26569 0.01
r 48.2 0.01 2 3.38093 0.01
r 48.4 0.01 2 3.49685 0.01
r 48.6 0.01 2 3.61333 0.01
r 48.8 0.01 2 3.73008 0.01
r 49 0.01 2 3.84753 0.01
r 49.2 0.01 2 3.96458 0.01
r 49.4 0.01 2 4.08217 0.01
r 49.6 0.01 2 4.19985 0.01
r 49.8 0.01 2 4.3177 0.01
r 50 0.01 2 4.43594 0.01
r 50.2 0.01 2 4.55436 0.01
r 50.4 0.01 2 4.67326 0.01
r 50.6 0.01 2 4.79217 0.01
r 50.8 0.01 2 4.91123 0.01
r 51 0.01 2 5.03051 0.01
r 51.2 0.01 2 5.14978 0.01
r 51.4 0.01 2 5.26911 0.01
r 51.6 0.01 2 5.38948 0.01
r 51.8 0.01 2 5.50919 0.01
r 52 0.01 2 5.6286 0.01
r 52.2 0.01 2 5.74836 0.01
r 52.4 0.01 2 5.8683 0.01
r 52.6 0.01 2 5.98847 0.01
r 52.8 0.01 2 6.1088 0.01
r 53 0.01 2 6.22865 0.01
r 53.2 0.01 2 6.34923 0.01
r 53.4 0.01 2 6.47007 0.01
r 53.6 0.01 2 6.59062 0.01
r 53.8 0.01 2 6.71158 0.01
r 54 0.01 2 6.83265 0.01
r 54.2 0.01 2 6.95382 0.01
r 54.4 0.01 2 7.0752 0.01
r 54.6 0.01 2 7.1967 0.01
r 54.8 0.01 2 7.31843 0.01
r 55 0.01 2 7.44034 0.01
r 55.2 0.01 2 7.56238 0.01
r 55.4 0.01 2 7.68448 0.01
r 55.6 0.01 2 7.80662 0.01
r 55.8 0.01 2 7.9287 0.01
r 56 0.01 2 8.05089 0.01
r 56.2 0.01 2 8.17303 0.01
r 56.4 0.01 2 8.29526 0.01
r 56.6 0.01 2 8.41745 0.01
r 56.8 0.01 2 8.53965 0.01
r 57 0.01 2 8.66186 0.01
r 57.2 0.01 2 8.78406 0.01
r 57.4 0.01 2 8.90626 0.01
r 57.6 0.01 2 9.02831 0.01
r 57.8 0.01 2 9.15045 0.01
r 58 0.01 2 9.27257 0.01
r 58.2 0.01 2 9.3947 0.01
r 58.4 0.01 2 9.51678 0.01
r 58.6 0.01 2 9.63896 0.01
r 58.8 0.01 2 9.76118 0.01
r 59 0.01 2 9.88339 0.01
r 59.2 0.01 2 10.0057 0.01
r 59.4 0.01 2 10.128 0.01
r 59.6 0.01 2 10.2503 0.01
r 59.8 0.01 2 10.3727 0.01
r 60 0.01 2 10.4952 0.01
r 60.2 0.01 2 10.6177 0.01
r 60.4 0.01 2 10.7402 0.01
r 60.6 0.01 2 10.8628 0.01
r 60.8 0.01 2 10.9856 0.01
r 61 0.01 2 11.1083 0.01
r 61.2 0.01 2 11.2312 0.01
r 61.4 0.01 2 11.3542 0.01
r 61.6 0.01 2 11.4773 0.01
r 61.8 0.01 2 11.6004 0.01
r 62 0.01 2 11.7236 0.01
r 62.2 0.01 2 11.8469 0.01
r 62.4 0.01 2 11.9702 0.01
r 62.6 0.01 2 12.0936 0.01
r 62.8 0.01 2 12.217 0.01
r 63 0.01 2 12.3404 0.01
r 63.2 0.01 2 12.4638 0.01
r 63.4 0.01 2 12.5872 0.01
r 63.6 0.01 2 12.7106 0.01
r 63.8 0.01 2 12.8341 0.01
r 64 0.01 2 12.9576 0.01
r 64.2 0.01 2 13.0812 0.01
r 64.4 0.01 2 13.2049 0.01
r 64.6 0.01 2 13.3287 0.01
r 64.8 0.01 2 13.4527 0.01
r 65 0.01 2 13.5767 0.01
r 65.2 0.01 2 13.701 0.01
r 65.4 0.01 2 13.8254 0.01
r 65.6 0.01 2 13.95 0.01
r 65.8 0.01 2 14.0747 0.01
r 66 0.01 2 14.1995 0.01
r 66.2 0.01 2 14.3245 0.01
r 66.4 0.01 2 14.4496 0.01
r 66.6 0.01 2 14.5749 0.01
r 66.8 0.01 2 14.7003 0.01
r 67 0.01 2 14.8258 0.01
r 67.2 0.01 2 14.9514 0.01
r 67.4 0.01 2 15.0772 0.01
r 67.6 0.01 2 15.2031 0.01
r 67.8 0.01 2 15.3292 0.01
r 68 0.01 2 15.4553 0.01
r 68.2 0.01 2 15.5817 0.01
r 68.4 0.01 2 15.7082 0.01
r 68.6 0.01 2 15.8349 0.01
r 68.8 0.01 2 15.9618 0.01
r 69 0.01 2 16.0889 0.01
r 69.2 0.01 2 16.2162 0.01
r 69.4 0.01 2 16.3437 0.01
r 69.6 0.01 2 16.4714 0.01
r 69.8 0.01 2 16.5993 0.01
r 70 0.01 2 16.7274 0.01
s 56.7 2 201
r 30 0.01 2 17.2814 0.01
r 30.2 0.01 2 17.1542 0.01
r 30.4 0.01 2 17.0253 0.01
r 30.6 0.01 2 16.8971 0.01
r 30.8 0.01 2 16.7696 0.01
r 31 0.01 2 16.6461 0.01
r 31.2 0.01 2 16.5194 0.01
r 31.4 0.01 2 16.3932 0.01
r 31.6 0.01 2 16.2667 0.01
r 31.8 0.01 2 16.1403 0.01
r 32 0.01 2 16.0142 0.01
r 32.2 0.01 2 15.8863 0.01
r 32.4 0.01 2 15.7565 0.01
r 32.6 0.01 2 15.6319 0.01
r 32.8 0.01 2 15.5031 0.01
r 33 0.01 2 15.3802 0.01
r 33.2 0.01 2 15.2523 0.01
r 33.4 0.01 2 15.1264 0.01
r 33.6 0.01 2 14.9992 0.01
r 33.8 0.01 2 14.8719 0.01
r 34 0.01 2 14.7455 0.01
r 34.2 0.01 2 14.622 0.01
r 34.4 0.01 2 14.4954 0.01
r 34.6 0.01 2 14.3657 0.01
r 34.8 0.01 2 14.2362 0.01
r 35 0.01 2 14.1086 0.01
r 35.2 0.01 2 13.9806 0.01
r 35.4 0.01 2 13.8533 0.01
r 35.6 0.01 2 13.7274 0.01
r 35.8 0.01 2 13.5997 0.01
r 36 0.01 2 13.4737 0.01
r 36.2 0.01 2 13.3477 0.01
r 36.4 0.01 2 13.219 0.01
r 36.6 0.01 2 13.0893 0.01
r 36.8 0.01 2 12.96 0.01
r 37 0.01 2 12.8343 0.01
r 37.2 0.01 2 12.7049 0.01
r 37.4 0.01 2 12.5756 0.01
r 37.6 0.01 2 12.446 0.01
r 37.8 0.01 2 12.3166 0.01
r 38 0.01 2 12.1879 0.01
r 38.2 0.01 2 12.0585 0.01
r 38.4 0.01 2 11.9297 0.01
r 38.6 0.01 2 11.8014 0.01
r 38.8 0.01 2 11.6777 0.01
r 39 0.01 2 11.5467 0.01
r 39.2 0.01 2 11.4161 0.01
r 39.4 0.01 2 11.2856 0.01
r 39.6 0.01 2 11.1552 0.01
r 39.8 0.01 2 11.0253 0.01
r 40 0.01 2 10.8956 0.01
r 40.2 0.01 2 10.7664 0.01
r 40.4 0.01 2 10.6376 0.01
r 40.6 0.01 2 10.509 0.01
r 40.8 0.01 2 10.3812 0.01
r 41 0.01 2 10.2546 0.01
r 41.2 0.01 2 10.1271 0.01
r 41.4 0.01 2 9.99924 0.01
r 41.6 0.01 2 9.87257 0.01
r 41.8 0.01 2 9.74354 0.01
r 42 0.01 2 9.6145 0.01
r 42.2 0.01 2 9.48568 0.01
r 42.4 0.01 2 9.35735 0.01
r 42.6 0.01 2 9.22933 0.01
r 42.8 0.01 2 9.10183 0.01
r 43 0.01 2 8.98349 0.01
r 43.2 0.01 2 8.85216 0.01
r 43.4 0.01 2 8.7211 0.01
r 43.6 0.01 2 8.59026 0.01
r 43.8 0.01 2 8.45983 0.01
r 44 0.01 2 8.32946 0.01
r 44.2 0.01 2 8.19947 0.01
r 44.4 0.01 2 8.06964 0.01
r 44.6 0.01 2 7.94008 0.01
r 44.8 0.01 2 7.81077 0.01
r 45 0.01 2 7.68179 0.01
r 45.2 0.01 2 7.55309 0.01
r 45.4 0.01 2 7.42447 0.01
r 45.6 0.01 2 7.29585 0.01
r 45.8 0.01 2 7.16703 0.01
r 46 0.01 2 7.03788 0.01
r 46.2 0.01 2 6.90785 0.01
r 46.4 0.01 2 6.77766 0.01
r 46.6 0.01 2 6.64744 0.01
r 46.8 0.01 2 6.51737 0.01
r 47 0.01 2 6.38766 0.01
r 47.2 0.01 2 6.2581 0.01
r 47.4 0.01 2 6.12912 0.01
r 47.6 0.01 2 6.00024 0.01
r 47.8 0.01 2 5.87192 0.01
r 48 0.01 2 5.74432 0.01
r 48.2 0.01 2 5.61718 0.01
r 48.4 0.01 2 5.48947 0.01
r 48.6 0.01 2 5.3627 0.01
r 48.8 0.01 2 5.23608 0.01
r 49 0.01 2 5.10948 0.01
r 49.2 0.01 2 4.98284 0.01
r 49.4 0.01 2 4.85635 0.01
r 49.6 0.01 2 4.73017 0.01
r 49.8 0.01 2 4.60424 0.01
r 50 0.01 2 4.47868 0.01
r 50.2 0.01 2 4.3536 0.01
r 50.4 0.01 2 4.22903 0.01
r 50.6 0.01 2 4.10507 0.01
r 50.8 0.01 2 3.98178 0.01
r 51 0.01 2 3.85928 0.01
r 51.2 0.01 2 3.73753 0.01
r 51.4 0.01 2 3.61659 0.01
r 51.6 0.01 2 3.4964 0.01
r 51.8 0.01 2 3.37693 0.01
r 52 0.01 2 3.2581 0.01
r 52.2 0.01 2 3.14008 0.01
r 52.4 0.01 2 3.023 0.01
r 52.6 0.01 2 2.90699 0.01
r 52.8 0.01 2 2.79208 0.01
r 53 0.01 2 2.67841 0.01
r 53.2 0.01 2 2.56615 0.01
r 53.4 0.01 2 2.45549 0.01
r 53.6 0.01 2 2.34665 0.01
r 53.8 0.01 2 2.24002 0.01
r 54 0.01 2 2.13593 0.01
r 54.2 0.01 2 2.03464 0.01
r 54.4 0.01 2 1.93645 0.01
r 54.6 0.01 2 1.84184 0.01
r 54.8 0.01 2 1.75155 0.01
r 55 0.01 2 1.66587 0.01
r 55.2 0.01 2 1.58621 0.01
r 55.4 0.01 2 1.51277 0.01
r 55.6 0.01 2 1.44673 0.01
r 55.8 0.01 2 1.38944 0.01
r 56 0.01 2 1.34201 0.01
r 56.2 0.01 2 1.30538 0.01
r 56.4 0.01 2 1.28095 0.01
r 56.6 0.01 2 1.26883 0.01
r 56.8 0.01 2 1.2687 0.01
r 57 0.01 2 1.28204 0.01
r 57.2 0.01 2 1.30695 0.01
r 57.4 0.01 2 1.34276 0.01
r 57.6 0.01 2 1.39033 0.01
r 57.8 0.01 2 1.44724 0.01
r 58 0.01 2 1.51237 0.01
r 58.2 0.01 2 1.58563 0.01
r 58.4 0.01 2 1.66532 0.01
r 58.6 0.01 2 1.75059 0.01
r 58.8 0.01 2 1.84088 0.01
r 59 0.01 2 1.93527 0.01
r 59.2 0.01 2 2.03359 0.01
r 59.4 0.01 2 2.13479 0.01
r 59.6 0.01 2 2.23882 0.01
r 59.8 0.01 2 2.34503 0.01
r 60 0.01 2 2.45347 0.01
r 60.2 0.01 2 2.56368 0.01
r 60.4 0.01 2 2.67576 0.01
r 60.6 0.01 2 2.7875 0.01
r 60.8 0.01 2 2.90158 0.01
r 61 0.01 2 3.01692 0.01
r 61.2 0.01 2 3.13319 0.01
r 61.4 0.01 2 3.25039 0.01
r 61.6 0.01 2 3.36823 0.01
r 61.8 0.01 2 3.48687 0.01
r 62 0.01 2 3.60648 0.01
r 62.2 0.01 2 3.72629 0.01
r 62.4 0.01 2 3.84653 0.01
r 62.6 0.01 2 3.96749 0.01
r 62.8 0.01 2 4.08892 0.01
r 63 0.01 2 4.21093 0.01
r 63.2 0.01 2 4.33327 0.01
r 63.4 0.01 2 4.45588 0.01
r 63.6 0.01 2 4.5786 0.01
r 63.8 0.01 2 4.70169 0.01
r 64 0.01 2 4.82496 0.01
r 64.2 0.01 2 4.94843 0.01
r 64.4 0.01 2 5.07196 0.01
r 64.6 0.01 2 5.19582 0.01
r 64.8 0.01 2 5.31982 0.01
r 65 0.01 2 5.44364 0.01
r 65.2 0.01 2 5.56799 0.01
r 65.4 0.01 2 5.69251 0.01
r 65.6 0.01 2 5.81715 0.01
r 65.8 0.01 2 5.94187 0.01
r 66 0.01 2 6.0665 0.01
r 66.2 0.01 2 6.19149 0.01
r 66.4 0.01 2 6.31666 0.01
r 66.6 0.01 2 6.44187 0.01
r 66.8 0.01 2 6.56727 0.01
r 67 0.01 2 6.69293 0.01
r 67.2 0.01 2 6.81841 0.01
r 67.4 0.01 2 6.94419 0.01
r 67.6 0.01 2 7.07014 0.01
r 67.8 0.01 2 7.19626 0.01
r 68 0.01 2 7.32235 0.01
r 68.2 0.01 2 7.44876 0.01
r 68.4 0.01 2 7.5753 0.01
r 68.6 0.01 2 7.70203 0.01
r 68.8 0.01 2 7.82899 0.01
r 69 0.01 2 7.95604 0.01
r 69.2 0.01 2 8.08325 0.01
r 69.4 0.01 2 8.21078 0.01
r 69.6 0.01 2 8.33845 0.01
r 69.8 0.01 2 8.4663 0.01
r 70 0.01 2 8.59439 0.01
s 70 2 201
r 30 0.01 2 25.7536 0.01
r 30.2 0.01 2 25.6265 0.01
r 30.4 0.01 2 25.4989 0.01
r 30.6 0.01 2 25.3704 0.01
r 30.8 0.01 2 25.2421 0.01
r 31 0.01 2 25.123 0.01
r 31.2 0.01 2 24.9898 0.01
r 31.4 0.01 2 24.8676 0.01
r 31.6 0.01 2 24.7364 0.01
r 31.8 0.01 2 24.6115 0.01
r 32 0.01 2 24.487 0.01
r 32.2 0.01 2 24.357 0.01
r 32.4 0.01 2 24.2292 0.01
r 32.6 0.01 2 24.1027 0.01
r 32.8 0.01 2 23.9777 0.01
r 33 0.01 2 23.8537 0.01
r 33.2 0.01 2 23.7269 0.01
r 33.4 0.01 2 23.5995 0.01
r 33.6 0.01 2 23.4728 0.01
r 33.8 0.01 2 23.3446 0.01
r 34 0.01 2 23.2179 0.01
r 34.2 0.01 2 23.091 0.01
r 34.4 0.01 2 22.9632 0.01
r 34.6 0.01 2 22.835 0.01
r 34.8 0.01 2 22.7079 0.01
r 35 0.01 2 22.5847 0.01
r 35.2 0.01 2 22.4533 0.01
r 35.4 0.01 2 22.3256 0.01
r 35.6 0.01 2 22.2012 0.01
r 35.8 0.01 2 22.0731 0.01
r 36 0.01 2 21.9461 0.01
r 36.2 0.01 2 21.8186 0.01
r 36.4 0.01 2 21.6912 0.01
r 36.6 0.01 2 21.5615 0.01
r 36.8 0.01 2 21.428 0.01
r 37 0.01 2 21.2969 0.01
r 37.2 0.01 2 21.1669 0.01
r 37.4 0.01 2 21.0369 0.01
r 37.6 0.01 2 20.9074 0.01
r 37.8 0.01 2 20.7782 0.01
r 38 0.01 2 20.6505 0.01
r 38.2 0.01 2 20.5195 0.01
r 38.4 0.01 2 20.389 0.01
r 38.6 0.01 2 20.256 0.01
r 38.8 0.01 2 20.1245 0.01
r 39 0.01 2 19.993 0.01
r 39.2 0.01 2 19.8619 0.01
r 39.4 0.01 2 19.7323 0.01
r 39.6 0.01 2 19.6017 0.01
r 39.8 0.01 2 19.4713 0.01
r 40 0.01 2 19.3408 0.01
r 40.2 0.01 2 19.2106 0.01
r 40.4 0.01 2 19.0811 0.01
r 40.6 0.01 2 18.9511 0.01
r 40.8 0.01 2 18.8188 0.01
r 41 0.01 2 18.6875 0.01
r 41.2 0.01 2 18.5564 0.01
r 41.4 0.01 2 18.4252 0.01
r 41.6 0.01 2 18.294 0.01
r 41.8 0.01 2 18.1631 0.01
r 42 0.01 2 18.0317 0.01
r 42.2 0.01 2 17.8995 0.01
r 42.4 0.01 2 17.7687 0.01
r 42.6 0.01 2 17.6354 0.01
r 42.8 0.01 2 17.5028 0.01
r 43 0.01 2 17.371 0.01
r 43.2 0.01 2 17.239 0.01
r 43.4 0.01 2 17.107 0.01
r 43.6 0.01 2 16.9746 0.01
r 43.8 0.01 2 16.8427 0.01
r 44 0.01 2 16.7113 0.01
r 44.2 0.01 2 16.5789 0.01
r 44.4 0.01 2 16.4458 0.01
r 44.6 0.01 2 16.3128 0.01
r 44.8 0.01 2 16.1804 0.01
r 45 0.01 2 16.0496 0.01
r 45.2 0.01 2 15.917 0.01
r 45.4 0.01 2 15.7839 0.01
r 45.6 0.01 2 15.6506 0.01
r 45.8 0.01 2 15.5175 0.01
r 46 0.01 2 15.3835 0.01
r 46.2 0.01 2 15.2501 0.01
r 46.4 0.01 2 15.1165 0.01
r 46.6 0.01 2 14.9833 0.01
r 46.8 0.01 2 14.8503 0.01
r 47 0.01 2 14.7189 0.01
r 47.2 0.01 2 14.5859 0.01
r 47.4 0.01 2 14.4531 0.01
r 47.6 0.01 2 14.3201 0.01
r 47.8 0.01 2 14.187 0.01
r 48 0.01 2 14.0546 0.01
r 48.2 0.01 2 13.9228 0.01
r 48.4 0.01 2 13.7913 0.01
r 48.6 0.01 2 13.66 0.01
r 48.8 0.01 2 13.5291 0.01
r 49 0.01 2 13.3986 0.01
r 49.2 0.01 2 13.2682 0.01
r 49.4 0.01 2 13.1382 0.01
r 49.6 0.01 2 13.0088 0.01
r 49.8 0.01 2 12.8794 0.01
r 50 0.01 2 12.7508 0.01
r 50.2 0.01 2 12.6226 0.01
r 50.4 0.01 2 12.4948 0.01
r 50.6 0.01 2 12.367 0.01
r 50.8 0.01 2 12.2386 0.01
r 51 0.01 2 12.1046 0.01
r 51.2 0.01 2 11.9762 0.01
r 51.4 0.01 2 11.8481 0.01
r 51.6 0.01 2 11.7204 0.01
r 51.8 0.01 2 11.593 0.01
r 52 0.01 2 11.466 0.01
r 52.2 0.01 2 11.3393 0.01
r 52.4 0.01 2 11.2129 0.01
r 52.6 0.01 2 11.0868 0.01
r 52.8 0.01 2 10.961 0.01
r 53 0.01 2 10.8355 0.01
r 53.2 0.01 2 10.7102 0.01
r 53.4 0.01 2 10.5853 0.01
r 53.6 0.01 2 10.4606 0.01
r 53.8 0.01 2 10.3363 0.01
r 54 0.01 2 10.2122 0.01
r 54.2 0.01 2 10.0884 0.01
r 54.4 0.01 2 9.96477 0.01
r 54.6 0.01 2 9.84134 0.01
r 54.8 0.01 2 9.71804 0.01
r 55 0.01 2 9.59498 0.01
r 55.2 0.01 2 9.47207 0.01
r 55.4 0.01 2 9.34932 0.01
r 55.6 0.01 2 9.22676 0.01
r 55.8 0.01 2 9.10441 0.01
r 56 0.01 2 8.98219 0.01
r 56.2 0.01 2 8.8601 0.01
r 56.4 0.01 2 8.73801 0.01
r 56.6 0.01 2 8.61596 0.01
r 56.8 0.01 2 8.49393 0.01
r 57 0.01 2 8.372 0.01
r 57.2 0.01 2 8.24988 0.01
r 57.4 0.01 2 8.12806 0.01
r 57.6 0.01 2 8.00595 0.01
r 57.8 0.01 2 7.88388 0.01
r 58 0.01 2 7.76212 0.01
r 58.2 0.01 2 7.64006 0.01
r 58.4 0.01 2 7.51797 0.01
r 58.6 0.01 2 7.39619 0.01
r 58.8 0.01 2 7.27362 0.01
r 59 0.01 2 7.15218 0.01
r 59.2 0.01 2 7.02965 0.01
r 59.4 0.01 2 6.9056 0.01
r 59.6 0.01 2 6.78291 0.01
r 59.8 0.01 2 6.66064 0.01
r 60 0.01 2 6.53785 0.01
r 60.2 0.01 2 6.41495 0.01
r 60.4 0.01 2 6.29229 0.01
r 60.6 0.01 2 6.16952 0.01
r 60.8 0.01 2 6.04671 0.01
r 61 0.01 2 5.92391 0.01
r 61.2 0.01 2 5.80101 0.01
r 61.4 0.01 2 5.67812 0.01
r 61.6 0.01 2 5.55529 0.01
r 61.8 0.01 2 5.43251 0.01
r 62 0.01 2 5.30971 0.01
r 62.2 0.01 2 5.18693 0.01
r 62.4 0.01 2 5.06421 0.01
r 62.6 0.01 2 4.94152 0.01
r 62.8 0.01 2 4.819 0.01
r 63 0.01 2 4.69652 0.01
r 63.2 0.01 2 4.57412 0.01
r 63.4 0.01 2 4.45186 0.01
r 63.6 0.01 2 4.32975 0.01
r 63.8 0.01 2 4.20785 0.01
r 64 0.01 2 4.08622 0.01
r 64.2 0.01 2 3.96493 0.01
r 64.4 0.01 2 3.84397 0.01
r 64.6 0.01 2 3.72347 0.01
r 64.8 0.01 2 3.60333 0.01
r 65 0.01 2 3.48379 0.01
r 65.2 0.01 2 3.36471 0.01
r 65.4 0.01 2 3.24631 0.01
r 65.6 0.01 2 3.12869 0.01
r 65.8 0.01 2 3.01195 0.01
r 66 0.01 2 2.89628 0.01
r 66.2 0.01 2 2.78172 0.01
r 66.4 0.01 2 2.66834 0.01
r 66.6 0.01 2 2.55641 0.01
r 66.8 0.01 2 2.44601 0.01
r 67 0.01 2 2.33818 0.01
r 67.2 0.01 2 2.23179 0.01
r 67.4 0.01 2 2.12775 0.01
r 67.6 0.01 2 2.02669 0.01
r 67.8 0.01 2 1.92906 0.01
r 68 0.01 2 1.8353 0.01
r 68.2 0.01 2 1.74611 0.01
r 68.4 0.01 2 1.66211 0.01
r 68.6 0.01 2 1.58433 0.01
r 68.8 0.01 2 1.51363 0.01
r 69 0.01 2 1.4512 0.01
r 69.2 0.01 2 1.39794 0.01
r 69.4 0.01 2 1.35513 0.01
r 69.6 0.01 2 1.32383 0.01
r 69.8 0.01 2 1.30486 0.01
r 70 0.01 2 1.29878 0.01
