4
s 30 2 402
r 30 0.01 2 1.38482 0.01
r 30.2 0.01 2 1.39177 0.01
r 30.4 0.01 2 1.41246 0.01
r 30.6 0.01 2 1.44635 0.01
r 30.8 0.01 2 1.49251 0.01
r 31 0.01 2 1.55168 0.01
r 31.2 0.01 2 1.61711 0.01
r 31.4 0.01 2 1.69438 0.01
r 31.6 0.01 2 1.77695 0.01
r 31.8 0.01 2 1.867 0.01
r 32 0.01 2 1.96379 0.01
r 32.2 0.01 2 2.06441 0.01
r 32.4 0.01 2 2.16931 0.01
r 32.6 0.01 2 2.27781 0.01
r 32.8 0.01 2 2.38944 0.01
r 33 0.01 2 2.50353 0.01
r 33.2 0.01 2 2.61984 0.01
r 33.4 0.01 2 2.73786 0.01
r 33.6 0.01 2 2.85671 0.01
r 33.8 0.01 2 2.9759 0.01
r 34 0.01 2 3.09717 0.01
r 34.2 0.01 2 3.2171 0.01
r 34.4 0.01 2 3.33892 0.01
r 34.6 0.01 2 3.45983 0.01
r 34.8 0.01 2 3.58207 0.01
r 35 0.01 2 3.70316 0.01
r 35.2 0.01 2 3.82116 0.01
r 35.4 0.01 2 3.94301 0.01
r 35.6 0.01 2 4.06127 0.01
r 35.8 0.01 2 4.18105 0.01
r 36 0.01 2 4.30204 0.01
r 36.2 0.01 2 4.42456 0.01
r 36.4 0.01 2 4.55977 0.01
r 36.6 0.01 2 4.67663 0.01
r 36.8 0.01 2 4.79653 0.01
r 37 0.01 2 4.91792 0.01
r 37.2 0.01 2 5.03797 0.01
r 37.4 0.01 2 5.15817 0.01
r 37.6 0.01 2 5.27825 0.01
r 37.8 0.01 2 5.39939 0.01
r 38 0.01 2 5.52524 0.01
r 38.2 0.01 2 5.64805 0.01
r 38.4 0.01 2 5.77472 0.01
r 38.6 0.01 2 5.90215 0.01
r 38.8 0.01 2 6.03303 0.01
r 39 0.01 2 6.12768 0.01
r 39.2 0.01 2 6.24641 0.01
r 39.4 0.01 2 6.36685 0.01
r 39.6 0.01 2 6.48641 0.01
r 39.8 0.01 2 6.60609 0.01
r 40 0.01 2 6.73163 0.01
r 40.2 0.01 2 6.84875 0.01
r 40.4 0.01 2 6.9767 0.01
r 40.6 0.01 2 7.10209 0.01
r 40.8 0.01 2 7.20218 0.01
r 41 0.01 2 7.32158 0.01
r 41.2 0.01 2 7.4356 0.01
r 41.4 0.01 2 7.55539 0.01
r 41.6 0.01 2 7.67277 0.01
r 41.8 0.01 2 7.79647 0.01
r 42 0.01 2 7.90961 0.01
r 42.2 0.01 2 8.02828 0.01
r 42.4 0.01 2 8.14454 0.01
r 42.6 0.01 2 8.26773 0.01
r 42.8 0.01 2 8.39127 0.01
r 43 0.01 2 8.50338 0.01
r 43.2 0.01 2 8.62027 0.01
r 43.4 0.01 2 8.73958 0.01
r 43.6 0.01 2 8.85858 0.01
r 43.8 0.01 2 8.98162 0.01
r 44 0.01 2 9.0979 0.01
r 44.2 0.01 2 9.21784 0.01
r 44.4 0.01 2 9.34064 0.01
r 44.6 0.01 2 9.46315 0.01
r 44.8 0.01 2 9.58645 0.01
r 45 0.01 2 9.69776 0.01
r 45.2 0.01 2 9.82327 0.01
r 45.4 0.01 2 9.94887 0.01
r 45.6 0.01 2 10.0654 0.01
r 45.8 0.01 2 10.1927 0.01
r 46 0.01 2 10.3066 0.01
r 46.2 0.01 2 10.4303 0.01
r 46.4 0.01 2 10.5503 0.01
r 46.6 0.01 2 10.6797 0.01
r 46.8 0.01 2 10.7933 0.01
r 47 0.01 2 10.9037 0.01
r 47.2 0.01 2 11.0247 0.01
r 47.4 0.01 2 11.1551 0.01
r 47.6 0.01 2 11.2593 0.01
r 47.8 0.01 2 11.3911 0.01
r 48 0.01 2 11.5117 0.01
r 48.2 0.01 2 11.6213 0.01
r 48.4 0.01 2 11.7431 0.01
r 48.6 0.01 2 11.8647 0.01
r 48.8 0.01 2 11.9855 0.01
r 49 0.01 2 12.0984 0.01
r 49.2 0.01 2 12.2228 0.01
r 49.4 0.01 2 12.34 0.01
r 49.6 0.01 2 12.4618 0.01
r 49.8 0.01 2 12.5867 0.01
r 50 0.01 2 12.6976 0.01
r 50.2 0.01 2 12.8208 0.01
r 50.4 0.01 2 12.9424 0.01
r 50.6 0.01 2 13.0661 0.01
r 50.8 0.01 2 13.1904 0.01
r 51 0.01 2 13.3028 0.01
r 51.2 0.01 2 13.4279 0.01
r 51.4 0.01 2 13.5533 0.01
r 51.6 0.01 2 13.6751 0.01
r 51.8 0.01 2 13.7985 0.01
r 52 0.01 2 13.9308 0.01
r 52.2 0.01 2 14.0466 0.01
r 52.4 0.01 2 14.1835 0.01
r 52.6 0.01 2 14.3037 0.01
r 52.8 0.01 2 14.4096 0.01
r 53 0.01 2 14.5236 0.01
r 53.2 0.01 2 14.6475 0.01
r 53.4 0.01 2 14.7677 0.01
r 53.6 0.01 2 14.8908 0.01
r 53.8 0.01 2 15.0152 0.01
r 54 0.01 2 15.1322 0.01
r 54.2 0.01 2 15.2608 0.01
r 54.4 0.01 2 15.3847 0.01
r 54.6 0.01 2 15.497 0.01
r 54.8 0.01 2 15.6318 0.01
r 55 0.01 2 15.7378 0.01
r 55.2 0.01 2 15.858 0.01
r 55.4 0.01 2 15.9797 0.01
r 55.6 0.01 2 16.1005 0.01
r 55.8 0.01 2 16.2226 0.01
r 56 0.01 2 16.3453 0.01
r 56.2 0.01 2 16.4676 0.01
r 56.4 0.01 2 16.591 0.01
r 56.6 0.01 2 16.7131 0.01
r 56.8 0.01 2 16.8347 0.01
r 57 0.01 2 16.9531 0.01
r 57.2 0.01 2 17.0726 0.01
r 57.4 0.01 2 17.1955 0.01
r 57.6 0.01 2 17.3155 0.01
r 57.8 0.01 2 17.4365 0.01
r 58 0.01 2 17.56 0.01
r 58.2 0.01 2 17.68 0.01
r 58.4 0.01 2 17.8021 0.01
r 58.6 0.01 2 17.9237 0.01
r 58.8 0.01 2 18.0479 0.01
r 59 0.01 2 18.1707 0.01
r 59.2 0.01 2 18.2924 0.01
r 59.4 0.01 2 18.4146 0.01
r 59.6 0.01 2 18.5361 0.01
r 59.8 0.01 2 18.6581 0.01
r 60 0.01 2 18.7798 0.01
r 60.2 0.01 2 18.902 0.01
r 60.4 0.01 2 19.0244 0.01
r 60.6 0.01 2 19.1472 0.01
r 60.8 0.01 2 19.27 0.01
r 61 0.01 2 19.3918 0.01
r 61.2 0.01 2 19.5152 0.01
r 61.4 0.01 2 19.6381 0.01
r 61.6 0.01 2 19.762 0.01
r 61.8 0.01 2 19.8857 0.01
r 62 0.01 2 20.009 0.01
r 62.2 0.01 2 20.1333 0.01
r 62.4 0.01 2 20.2576 0.01
r 62.6 0.01 2 20.3813 0.01
r 62.8 0.01 2 20.5057 0.01
r 63 0.01 2 20.6306 0.01
r 63.2 0.01 2 20.7546 0.01
r 63.4 0.01 2 20.8789 0.01
r 63.6 0.01 2 21.003 0.01
r 63.8 0.01 2 21.1282 0.01
r 64 0.01 2 21.2508 0.01
r 64.2 0.01 2 21.3755 0.01
r 64.4 0.01 2 21.4997 0.01
r 64.6 0.01 2 21.6238 0.01
r 64.8 0.01 2 21.748 0.01
r 65 0.01 2 21.8728 0.01
r 65.2 0.01 2 21.9982 0.01
r 65.4 0.01 2 22.123 0.01
r 65.6 0.01 2 22.2495 0.01
r 65.8 0.01 2 22.3732 0.01
r 66 0.01 2 22.4987 0.01
r 66.2 0.01 2 22.6234 0.01
r 66.4 0.01 2 22.7487 0.01
r 66.6 0.01 2 22.8744 0.01
r 66.8 0.01 2 22.9992 0.01
r 67 0.01 2 23.1354 0.01
r 67.2 0.01 2 23.2589 0.01
r 67.4 0.01 2 23.3836 0.01
r 67.6 0.01 2 23.5082 0.01
r 67.8 0.01 2 23.6331 0.01
r 68 0.01 2 23.759 0.01
r 68.2 0.01 2 23.8831 0.01
r 68.4 0.01 2 24.0083 0.01
r 68.6 0.01 2 24.1335 0.01
r 68.8 0.01 2 24.2596 0.01
r 69 0.01 2 24.3877 0.01
r 69.2 0.01 2 24.5122 0.01
r 69.4 0.01 2 24.639 0.01
r 69.6 0.01 2 24.7672 0.01
r 69.8 0.01 2 24.894 0.01
r 70 0.01 2 25.0213 0.01
r 30 0.01 3 4.16824 0.01
r 30.2 0.01 3 4.16874 0.01
r 30.4 0.01 3 4.17409 0.01
r 30.6 0.01 3 4.18408 0.01
r 30.8 0.01 3 4.19865 0.01
r 31 0.01 3 4.21959 0.01
r 31.2 0.01 3 4.24258 0.01
r 31.4 0.01 3 4.2699 0.01
r 31.6 0.01 3 4.30193 0.01
r 31.8 0.01 3 4.33844 0.01
r 32 0.01 3 4.3789 0.01
r 32.2 0.01 3 4.42359 0.01
r 32.4 0.01 3 4.4715 0.01
r 32.6 0.01 3 4.52276 0.01
r 32.8 0.01 3 4.57788 0.01
r 33 0.01 3 4.63917 0.01
r 33.2 0.01 3 4.70029 0.01
r 33.4 0.01 3 4.77308 0.01
r 33.6 0.01 3 4.859 0.01
r 33.8 0.01 3 4.92258 0.01
r 34 0.01 3 4.99217 0.01
r 34.2 0.01 3 5.06301 0.01
r 34.4 0.01 3 5.14066 0.01
r 34.6 0.01 3 5.22002 0.01
r 34.8 0.01 3 5.30307 0.01
r 35 0.01 3 5.39048 0.01
r 35.2 0.01 3 5.4787 0.01
r 35.4 0.01 3 5.57214 0.01
r 35.6 0.01 3 5.66473 0.01
r 35.8 0.01 3 5.75648 0.01
r 36 0.01 3 5.85112 0.01
r 36.2 0.01 3 5.9482 0.01
r 36.4 0.01 3 6.04733 0.01
r 36.6 0.01 3 6.14765 0.01
r 36.8 0.01 3 6.25016 0.01
r 37 0.01 3 6.43524 0.01
r 37.2 0.01 3 6.51416 0.01
r 37.4 0.01 3 6.66678 0.01
r 37.6 0.01 3 6.75426 0.01
r 37.8 0.01 3 6.82874 0.01
r 38 0.01 3 6.93988 0.01
r 38.2 0.01 3 7.02876 0.01
r 38.4 0.01 3 7.12743 0.01
r 38.6 0.01 3 7.22863 0.01
r 38.8 0.01 3 7.34011 0.01
r 39 0.01 3 7.44392 0.01
r 39.2 0.01 3 7.56049 0.01
r 39.4 0.01 3 7.66804 0.01
r 39.6 0.01 3 7.7767 0.01
r 39.8 0.01 3 7.89731 0.01
r 40 0.01 3 8.00293 0.01
r 40.2 0.01 3 8.11159 0.01
r 40.4 0.01 3 8.22482 0.01
r 40.6 0.01 3 8.33639 0.01
r 40.8 0.01 3 8.44837 0.01
r 41 0.01 3 8.5655 0.01
r 41.2 0.01 3 8.67699 0.01
r 41.4 0.01 3 8.79109 0.01
r 41.6 0.01 3 8.90541 0.01
r 41.8 0.01 3 9.02114 0.01
r 42 0.01 3 9.13639 0.01
r 42.2 0.01 3 9.25389 0.01
r 42.4 0.01 3 9.37063 0.01
r 42.6 0.01 3 9.48808 0.01
r 42.8 0.01 3 9.60576 0.01
r 43 0.01 3 9.73819 0.01
r 43.2 0.01 3 9.85359 0.01
r 43.4 0.01 3 9.9634 0.01
r 43.6 0.01 3 10.075 0.01
r 43.8 0.01 3 10.1881 0.01
r 44 0.01 3 10.3031 0.01
r 44.2 0.01 3 10.4191 0.01
r 44.4 0.01 3 10.5358 0.01
r 44.6 0.01 3 10.6522 0.01
r 44.8 0.01 3 10.7707 0.01
r 45 0.01 3 10.8916 0.01
r 45.2 0.01 3 11.0108 0.01
r 45.4 0.01 3 11.13 0.01
r 45.6 0.01 3 11.2503 0.01
r 45.8 0.01 3 11.3717 0.01
r 46 0.01 3 11.4928 0.01
r 46.2 0.01 3 11.6123 0.01
r 46.4 0.01 3 11.7332 0.01
r 46.6 0.01 3 11.8529 0.01
r 46.8 0.01 3 11.972 0.01
r 47 0.01 3 12.0813 0.01
r 47.2 0.01 3 12.1888 0.01
r 47.4 0.01 3 12.2996 0.01
r 47.6 0.01 3 12.4083 0.01
r 47.8 0.01 3 12.5196 0.01
r 48 0.01 3 12.6361 0.01
r 48.2 0.01 3 12.7487 0.01
r 48.4 0.01 3 12.8625 0.01
r 48.6 0.01 3 12.9755 0.01
r 48.8 0.01 3 13.0897 0.01
r 49 0.01 3 13.2037 0.01
r 49.2 0.01 3 13.3197 0.01
r 49.4 0.01 3 13.4364 0.01
r 49.6 0.01 3 13.5534 0.01
r 49.8 0.01 3 13.6719 0.01
r 50 0.01 3 13.7878 0.01
r 50.2 0.01 3 13.9056 0.01
r 50.4 0.01 3 14.0234 0.01
r 50.6 0.01 3 14.1426 0.01
r 50.8 0.01 3 14.2599 0.01
r 51 0.01 3 14.3794 0.01
r 51.2 0.01 3 14.4988 0.01
r 51.4 0.01 3 14.6166 0.01
r 51.6 0.01 3 14.7364 0.01
r 51.8 0.01 3 14.8562 0.01
r 52 0.01 3 14.9764 0.01
r 52.2 0.01 3 15.0959 0.01
r 52.4 0.01 3 15.2155 0.01
r 52.6 0.01 3 15.3344 0.01
r 52.8 0.01 3 15.4537 0.01
r 53 0.01 3 15.5742 0.01
r 53.2 0.01 3 15.6937 0.01
r 53.4 0.01 3 15.8085 0.01
r 53.6 0.01 3 15.9302 0.01
r 53.8 0.01 3 16.0576 0.01
r 54 0.01 3 16.1774 0.01
r 54.2 0.01 3 16.3042 0.01
r 54.4 0.01 3 16.4103 0.01
r 54.6 0.01 3 16.537 0.01
r 54.8 0.01 3 16.6647 0.01
r 55 0.01 3 16.7548 0.01
r 55.2 0.01 3 16.8785 0.01
r 55.4 0.01 3 16.9997 0.01
r 55.6 0.01 3 17.1203 0.01
r 55.8 0.01 3 17.2376 0.01
r 56 0.01 3 17.3592 0.01
r 56.2 0.01 3 17.4818 0.01
r 56.4 0.01 3 17.6058 0.01
r 56.6 0.01 3 17.7241 0.01
r 56.8 0.01 3 17.8447 0.01
r 57 0.01 3 17.9659 0.01
r 57.2 0.01 3 18.0847 0.01
r 57.4 0.01 3 18.2086 0.01
r 57.6 0.01 3 18.3336 0.01
r 57.8 0.01 3 18.4471 0.01
r 58 0.01 3 18.5785 0.01
r 58.2 0.01 3 18.7053 0.01
r 58.4 0.01 3 18.8268 0.01
r 58.6 0.01 3 18.9485 0.01
r 58.8 0.01 3 19.07 0.01
r 59 0.01 3 19.0257 0.01
r 59.2 0.01 3 19.1454 0.01
r 59.4 0.01 3 19.2676 0.01
r 59.6 0.01 3 19.3883 0.01
r 59.8 0.01 3 19.5129 0.01
r 60 0.01 3 19.6323 0.01
r 60.2 0.01 3 19.7605 0.01
r 60.4 0.01 3 19.8807 0.01
r 60.6 0.01 3 20.0067 0.01
r 60.8 0.01 3 20.1202 0.01
r 61 0.01 3 20.3092 0.01
r 61.2 0.01 3 20.4187 0.01
r 61.4 0.01 3 20.5544 0.01
r 61.6 0.01 3 20.6748 0.01
r 61.8 0.01 3 20.8007 0.01
r 62 0.01 3 20.92 0.01
r 62.2 0.01 3 21.0351 0.01
r 62.4 0.01 3 21.1685 0.01
r 62.6 0.01 3 21.2918 0.01
r 62.8 0.01 3 21.4144 0.01
r 63 0.01 3 21.4931 0.01
r 63.2 0.01 3 21.6156 0.01
r 63.4 0.01 3 21.739 0.01
r 63.6 0.01 3 21.8809 0.01
r 63.8 0.01 3 21.9875 0.01
r 64 0.01 3 22.1128 0.01
r 64.2 0.01 3 22.2376 0.01
r 64.4 0.01 3 22.3625 0.01
r 64.6 0.01 3 22.4841 0.01
r 64.8 0.01 3 22.6248 0.01
r 65 0.01 3 22.7512 0.01
r 65.2 0.01 3 22.8594 0.01
r 65.4 0.01 3 23.0246 0.01
r 65.6 0.01 3 23.1302 0.01
r 65.8 0.01 3 23.268 0.01
r 66 0.01 3 23.3575 0.01
r 66.2 0.01 3 23.5127 0.01
r 66.4 0.01 3 23.6492 0.01
r 66.6 0.01 3 23.7624 0.01
r 66.8 0.01 3 23.8975 0.01
r 67 0.01 3 23.9348 0.01
r 67.2 0.01 3 24.0816 0.01
r 67.4 0.01 3 24.1865 0.01
r 67.6 0.01 3 24.3464 0.01
r 67.8 0.01 3 24.4682 0.01
r 68 0.01 3 24.5612 0.01
r 68.2 0.01 3 24.6875 0.01
r 68.4 0.01 3 24.8148 0.01
r 68.6 0.01 3 24.9705 0.01
r 68.8 0.01 3 25.0851 0.01
r 69 0.01 3 25.1516 0.01
r 69.2 0.01 3 25.2804 0.01
r 69.4 0.01 3 25.4208 0.01
r 69.6 0.01 3 25.5476 0.01
r 69.8 0.01 3 25.6678 0.01
r 70 0.01 3 25.7932 0.01
s 43.3 2 402
r 30 0.01 2 8.92186 0.01
r 30.2 0.01 2 8.77793 0.01
r 30.4 0.01 2 8.65011 0.01
r 30.6 0.01 2 8.50883 0.01
r 30.8 0.01 2 8.37744 0.01
r 31 0.01 2 8.24643 0.01
r 31.2 0.01 2 8.11182 0.01
r 31.4 0.01 2 7.97743 0.01
r 31.6 0.01 2 7.84243 0.01
r 31.8 0.01 2 7.70799 0.01
r 32 0.01 2 7.57398 0.01
r 32.2 0.01 2 7.44326 0.01
r 32.4 0.01 2 7.3119 0.01
r 32.6 0.01 2 7.18015 0.01
r 32.8 0.01 2 7.04607 0.01
r 33 0.01 2 6.96132 0.01
r 33.2 0.01 2 6.82411 0.01
r 33.4 0.01 2 6.69486 0.01
r 33.6 0.01 2 6.5648 0.01
r 33.8 0.01 2 6.43102 0.01
r 34 0.01 2 6.30149 0.01
r 34.2 0.01 2 6.17531 0.01
r 34.4 0.01 2 6.04494 0.01
r 34.6 0.01 2 5.92023 0.01
r 34.8 0.01 2 5.81244 0.01
r 35 0.01 2 5.68102 0.01
r 35.2 0.01 2 5.54476 0.01
r 35.4 0.01 2 5.42273 0.01
r 35.6 0.01 2 5.29451 0.01
r 35.8 0.01 2 5.16175 0.01
r 36 0.01 2 5.03339 0.01
r 36.2 0.01 2 4.90708 0.01
r 36.4 0.01 2 4.78326 0.01
r 36.6 0.01 2 4.65766 0.01
r 36.8 0.01 2 4.53464 0.01
r 37 0.01 2 4.41219 0.01
r 37.2 0.01 2 4.29006 0.01
r 37.4 0.01 2 4.16755 0.01
r 37.6 0.01 2 4.04647 0.01
r 37.8 0.01 2 3.92451 0.01
r 38 0.01 2 3.80037 0.01
r 38.2 0.01 2 3.67736 0.01
r 38.4 0.01 2 3.55344 0.01
r 38.6 0.01 2 3.4305 0.01
r 38.8 0.01 2 3.308 0.01
r 39 0.01 2 3.18525 0.01
r 39.2 0.01 2 3.06374 0.01
r 39.4 0.01 2 2.94312 0.01
r 39.6 0.01 2 2.82404 0.01
r 39.8 0.01 2 2.70555 0.01
r 40 0.01 2 2.58909 0.01
r 40.2 0.01 2 2.47458 0.01
r 40.4 0.01 2 2.3623 0.01
r 40.6 0.01 2 2.2525 0.01
r 40.8 0.01 2 2.14456 0.01
r 41 0.01 2 2.03949 0.01
r 41.2 0.01 2 1.93918 0.01
r 41.4 0.01 2 1.84291 0.01
r 41.6 0.01 2 1.75159 0.01
r 41.8 0.01 2 1.66644 0.01
r 42 0.01 2 1.58832 0.01
r 42.2 0.01 2 1.51768 0.01
r 42.4 0.01 2 1.45644 0.01
r 42.6 0.01 2 1.40754 0.01
r 42.8 0.01 2 1.36642 0.01
r 43 0.01 2 1.33814 0.01
r 43.2 0.01 2 1.32398 0.01
r 43.4 0.01 2 1.32244 0.01
r 43.6 0.01 2 1.33389 0.01
r 43.8 0.01 2 1.35832 0.01
r 44 0.01 2 1.39505 0.01
r 44.2 0.01 2 1.44292 0.01
r 44.4 0.01 2 1.501 0.01
r 44.6 0.01 2 1.56794 0.01
r 44.8 0.01 2 1.64235 0.01
r 45 0.01 2 1.72347 0.01
r 45.2 0.01 2 1.81054 0.01
r 45.4 0.01 2 1.90251 0.01
r 45.6 0.01 2 1.99826 0.01
r 45.8 0.01 2 2.09648 0.01
r 46 0.01 2 2.19868 0.01
r 46.2 0.01 2 2.30257 0.01
r 46.4 0.01 2 2.40854 0.01
r 46.6 0.01 2 2.51639 0.01
r 46.8 0.01 2 2.62582 0.01
r 47 0.01 2 2.73599 0.01
r 47.2 0.01 2 2.84722 0.01
r 47.4 0.01 2 2.95892 0.01
r 47.6 0.01 2 3.07123 0.01
r 47.8 0.01 2 3.18404 0.01
r 48 0.01 2 3.29765 0.01
r 48.2 0.01 2 3.41189 0.01
r 48.4 0.01 2 3.52692 0.01
r 48.6 0.01 2 3.6421 0.01
r 48.8 0.01 2 3.75885 0.01
r 49 0.01 2 3.87371 0.01
r 49.2 0.01 2 3.98986 0.01
r 49.4 0.01 2 4.10683 0.01
r 49.6 0.01 2 4.22413 0.01
r 49.8 0.01 2 4.34044 0.01
r 50 0.01 2 4.45663 0.01
r 50.2 0.01 2 4.57361 0.01
r 50.4 0.01 2 4.69322 0.01
r 50.6 0.01 2 4.81107 0.01
r 50.8 0.01 2 4.9295 0.01
r 51 0.01 2 5.04942 0.01
r 51.2 0.01 2 5.16773 0.01
r 51.4 0.01 2 5.28672 0.01
r 51.6 0.01 2 5.40597 0.01
r 51.8 0.01 2 5.52628 0.01
r 52 0.01 2 5.64657 0.01
r 52.2 0.01 2 5.76675 0.01
r 52.4 0.01 2 5.88184 0.01
r 52.6 0.01 2 6.00116 0.01
r 52.8 0.01 2 6.11995 0.01
r 53 0.01 2 6.23894 0.01
r 53.2 0.01 2 6.3579 0.01
r 53.4 0.01 2 6.47782 0.01
r 53.6 0.01 2 6.59721 0.01
r 53.8 0.01 2 6.71647 0.01
r 54 0.01 2 6.83648 0.01
r 54.2 0.01 2 6.95655 0.01
r 54.4 0.01 2 7.07635 0.01
r 54.6 0.01 2 7.19597 0.01
r 54.8 0.01 2 7.31609 0.01
r 55 0.01 2 7.43385 0.01
r 55.2 0.01 2 7.55389 0.01
r 55.4 0.01 2 7.67419 0.01
r 55.6 0.01 2 7.79432 0.01
r 55.8 0.01 2 7.9156 0.01
r 56 0.01 2 8.03517 0.01
r 56.2 0.01 2 8.15576 0.01
r 56.4 0.01 2 8.27648 0.01
r 56.6 0.01 2 8.39718 0.01
r 56.8 0.01 2 8.51782 0.01
r 57 0.01 2 8.63786 0.01
r 57.2 0.01 2 8.75858 0.01
r 57.4 0.01 2 8.87965 0.01
r 57.6 0.01 2 9.00088 0.01
r 57.8 0.01 2 9.1223 0.01
r 58 0.01 2 9.24383 0.01
r 58.2 0.01 2 9.36555 0.01
r 58.4 0.01 2 9.48739 0.01
r 58.6 0.01 2 9.60927 0.01
r 58.8 0.01 2 9.73127 0.01
r 59 0.01 2 9.8529 0.01
r 59.2 0.01 2 9.976 0.01
r 59.4 0.01 2 10.097 0.01
r 59.6 0.01 2 10.2189 0.01
r 59.8 0.01 2 10.3408 0.01
r 60 0.01 2 10.4627 0.01
r 60.2 0.01 2 10.5844 0.01
r 60.4 0.01 2 10.7076 0.01
r 60.6 0.01 2 10.8289 0.01
r 60.8 0.01 2 10.9514 0.01
r 61 0.01 2 11.074 0.01
r 61.2 0.01 2 11.1974 0.01
r 61.4 0.01 2 11.3204 0.01
r 61.6 0.01 2 11.4437 0.01
r 61.8 0.01 2 11.5675 0.01
r 62 0.01 2 11.6915 0.01
r 62.2 0.01 2 11.8167 0.01
r 62.4 0.01 2 11.9407 0.01
r 62.6 0.01 2 12.0639 0.01
r 62.8 0.01 2 12.1891 0.01
r 63 0.01 2 12.3132 0.01
r 63.2 0.01 2 12.4362 0.01
r 63.4 0.01 2 12.5614 0.01
r 63.6 0.01 2 12.6853 0.01
r 63.8 0.01 2 12.8086 0.01
r 64 0.01 2 12.9328 0.01
r 64.2 0.01 2 13.0571 0.01
r 64.4 0.01 2 13.1823 0.01
r 64.6 0.01 2 13.307 0.01
r 64.8 0.01 2 13.4306 0.01
r 65 0.01 2 13.5552 0.01
r 65.2 0.01 2 13.6801 0.01
r 65.4 0.01 2 13.805 0.01
r 65.6 0.01 2 13.931 0.01
r 65.8 0.01 2 14.0551 0.01
r 66 0.01 2 14.1804 0.01
r 66.2 0.01 2 14.3057 0.01
r 66.4 0.01 2 14.4309 0.01
r 66.6 0.01 2 14.5561 0.01
r 66.8 0.01 2 14.6811 0.01
r 67 0.01 2 14.8186 0.01
r 67.2 0.01 2 14.9434 0.01
r 67.4 0.01 2 15.0682 0.01
r 67.6 0.01 2 15.1929 0.01
r 67.8 0.01 2 15.3177 0.01
r 68 0.01 2 15.4425 0.01
r 68.2 0.01 2 15.5673 0.01
r 68.4 0.01 2 15.6926 0.01
r 68.6 0.01 2 15.8182 0.01
r 68.8 0.01 2 15.9441 0.01
r 69 0.01 2 16.0702 0.01
r 69.2 0.01 2 16.1967 0.01
r 69.4 0.01 2 16.3236 0.01
r 69.6 0.01 2 16.4507 0.01
r 69.8 0.01 2 16.5783 0.01
r 70 0.01 2 16.7061 0.01
r 30 0.01 3 9.93484 0.01
r 30.2 0.01 3 9.80475 0.01
r 30.4 0.01 3 9.67946 0.01
r 30.6 0.01 3 9.55857 0.01
r 30.8 0.01 3 9.43021 0.01
r 31 0.01 3 9.30293 0.01
r 31.2 0.01 3 9.17642 0.01
r 31.4 0.01 3 9.05096 0.01
r 31.6 0.01 3 8.92523 0.01
r 31.8 0.01 3 8.80058 0.01
r 32 0.01 3 8.67785 0.01
r 32.2 0.01 3 8.55565 0.01
r 32.4 0.01 3 8.43487 0.01
r 32.6 0.01 3 8.31107 0.01
r 32.8 0.01 3 8.19239 0.01
r 33 0.01 3 8.09031 0.01
r 33.2 0.01 3 7.96787 0.01
r 33.4 0.01 3 7.84528 0.01
r 33.6 0.01 3 7.72546 0.01
r 33.8 0.01 3 7.60608 0.01
r 34 0.01 3 7.48824 0.01
r 34.2 0.01 3 7.37201 0.01
r 34.4 0.01 3 7.25874 0.01
r 34.6 0.01 3 7.14695 0.01
r 34.8 0.01 3 7.03842 0.01
r 35 0.01 3 6.96285 0.01
r 35.2 0.01 3 7.16684 0.01
r 35.4 0.01 3 6.71798 0.01
r 35.6 0.01 3 6.6024 0.01
r 35.8 0.01 3 6.50038 0.01
r 36 0.01 3 6.38282 0.01
r 36.2 0.01 3 6.29355 0.01
r 36.4 0.01 3 6.17497 0.01
r 36.6 0.01 3 6.06398 0.01
r 36.8 0.01 3 5.9641 0.01
r 37 0.01 3 5.86875 0.01
r 37.2 0.01 3 5.76874 0.01
r 37.4 0.01 3 5.67171 0.01
r 37.6 0.01 3 5.57496 0.01
r 37.8 0.01 3 5.4775 0.01
r 38 0.01 3 5.39012 0.01
r 38.2 0.01 3 5.29715 0.01
r 38.4 0.01 3 5.20867 0.01
r 38.6 0.01 3 5.1226 0.01
r 38.8 0.01 3 5.04006 0.01
r 39 0.01 3 4.95943 0.01
r 39.2 0.01 3 4.87933 0.01
r 39.4 0.01 3 4.80533 0.01
r 39.6 0.01 3 4.73259 0.01
r 39.8 0.01 3 4.66326 0.01
r 40 0.01 3 4.59566 0.01
r 40.2 0.01 3 4.52982 0.01
r 40.4 0.01 3 4.47422 0.01
r 40.6 0.01 3 4.41145 0.01
r 40.8 0.01 3 4.35748 0.01
r 41 0.01 3 4.30714 0.01
r 41.2 0.01 3 4.26512 0.01
r 41.4 0.01 3 4.21351 0.01
r 41.6 0.01 3 4.17162 0.01
r 41.8 0.01 3 4.13298 0.01
r 42 0.01 3 4.09796 0.01
r 42.2 0.01 3 4.06713 0.01
r 42.4 0.01 3 4.04061 0.01
r 42.6 0.01 3 4.01842 0.01
r 42.8 0.01 3 4.00089 0.01
r 43 0.01 3 3.98769 0.01
r 43.2 0.01 3 3.97877 0.01
r 43.4 0.01 3 3.97445 0.01
r 43.6 0.01 3 3.97416 0.01
r 43.8 0.01 3 3.97857 0.01
r 44 0.01 3 3.98743 0.01
r 44.2 0.01 3 4.00088 0.01
r 44.4 0.01 3 4.02273 0.01
r 44.6 0.01 3 4.04246 0.01
r 44.8 0.01 3 4.07049 0.01
r 45 0.01 3 4.10324 0.01
r 45.2 0.01 3 4.13693 0.01
r 45.4 0.01 3 4.17632 0.01
r 45.6 0.01 3 4.2179 0.01
r 45.8 0.01 3 4.37128 0.01
r 46 0.01 3 4.3136 0.01
r 46.2 0.01 3 4.36646 0.01
r 46.4 0.01 3 4.42263 0.01
r 46.6 0.01 3 4.4801 0.01
r 46.8 0.01 3 4.54952 0.01
r 47 0.01 3 4.60728 0.01
r 47.2 0.01 3 4.6746 0.01
r 47.4 0.01 3 4.74532 0.01
r 47.6 0.01 3 4.82169 0.01
r 47.8 0.01 3 4.89351 0.01
r 48 0.01 3 4.96974 0.01
r 48.2 0.01 3 5.04803 0.01
r 48.4 0.01 3 5.12972 0.01
r 48.6 0.01 3 5.21231 0.01
r 48.8 0.01 3 5.29791 0.01
r 49 0.01 3 5.41169 0.01
r 49.2 0.01 3 5.50739 0.01
r 49.4 0.01 3 5.57514 0.01
r 49.6 0.01 3 5.65879 0.01
r 49.8 0.01 3 5.78031 0.01
r 50 0.01 3 5.89496 0.01
r 50.2 0.01 3 6.0545 0.01
r 50.4 0.01 3 6.13065 0.01
r 50.6 0.01 3 6.20958 0.01
r 50.8 0.01 3 6.2909 0.01
r 51 0.01 3 6.38378 0.01
r 51.2 0.01 3 6.46852 0.01
r 51.4 0.01 3 6.56557 0.01
r 51.6 0.01 3 6.6674 0.01
r 51.8 0.01 3 6.75404 0.01
r 52 0.01 3 6.85496 0.01
r 52.2 0.01 3 6.95258 0.01
r 52.4 0.01 3 7.05563 0.01
r 52.6 0.01 3 7.1606 0.01
r 52.8 0.01 3 7.26523 0.01
r 53 0.01 3 7.57008 0.01
r 53.2 0.01 3 7.65917 0.01
r 53.4 0.01 3 7.72459 0.01
r 53.6 0.01 3 7.81216 0.01
r 53.8 0.01 3 7.93218 0.01
r 54 0.01 3 8.01367 0.01
r 54.2 0.01 3 8.0933 0.01
r 54.4 0.01 3 8.18651 0.01
r 54.6 0.01 3 8.28795 0.01
r 54.8 0.01 3 8.39167 0.01
r 55 0.01 3 8.49477 0.01
r 55.2 0.01 3 8.6006 0.01
r 55.4 0.01 3 8.73291 0.01
r 55.6 0.01 3 8.80482 0.01
r 55.8 0.01 3 8.9107 0.01
r 56 0.01 3 9.02016 0.01
r 56.2 0.01 3 9.13747 0.01
r 56.4 0.01 3 9.24196 0.01
r 56.6 0.01 3 9.35754 0.01
r 56.8 0.01 3 9.46612 0.01
r 57 0.01 3 9.58372 0.01
r 57.2 0.01 3 9.69878 0.01
r 57.4 0.01 3 9.81911 0.01
r 57.6 0.01 3 9.9341 0.01
r 57.8 0.01 3 10.059 0.01
r 58 0.01 3 10.172 0.01
r 58.2 0.01 3 10.2796 0.01
r 58.4 0.01 3 10.4148 0.01
r 58.6 0.01 3 10.531 0.01
r 58.8 0.01 3 10.6472 0.01
r 59 0.01 3 10.798 0.01
r 59.2 0.01 3 10.898 0.01
r 59.4 0.01 3 11.0443 0.01
r 59.6 0.01 3 11.1643 0.01
r 59.8 0.01 3 11.2878 0.01
r 60 0.01 3 11.409 0.01
r 60.2 0.01 3 11.5309 0.01
r 60.4 0.01 3 11.6535 0.01
r 60.6 0.01 3 11.7762 0.01
r 60.8 0.01 3 11.8988 0.01
r 61 0.01 3 11.9682 0.01
r 61.2 0.01 3 12.0763 0.01
r 61.4 0.01 3 12.1882 0.01
r 61.6 0.01 3 12.301 0.01
r 61.8 0.01 3 12.4156 0.01
r 62 0.01 3 12.5311 0.01
r 62.2 0.01 3 12.6466 0.01
r 62.4 0.01 3 12.7623 0.01
r 62.6 0.01 3 12.8792 0.01
r 62.8 0.01 3 12.9976 0.01
r 63 0.01 3 13.1167 0.01
r 63.2 0.01 3 13.2354 0.01
r 63.4 0.01 3 13.3546 0.01
r 63.6 0.01 3 13.4744 0.01
r 63.8 0.01 3 13.5946 0.01
r 64 0.01 3 13.7156 0.01
r 64.2 0.01 3 13.8366 0.01
r 64.4 0.01 3 13.9589 0.01
r 64.6 0.01 3 14.0814 0.01
r 64.8 0.01 3 14.2041 0.01
r 65 0.01 3 14.3266 0.01
r 65.2 0.01 3 14.4467 0.01
r 65.4 0.01 3 14.567 0.01
r 65.6 0.01 3 14.6895 0.01
r 65.8 0.01 3 14.811 0.01
r 66 0.01 3 14.9334 0.01
r 66.2 0.01 3 15.0556 0.01
r 66.4 0.01 3 15.1784 0.01
r 66.6 0.01 3 15.3008 0.01
r 66.8 0.01 3 15.4242 0.01
r 67 0.01 3 15.5559 0.01
r 67.2 0.01 3 15.6777 0.01
r 67.4 0.01 3 15.7965 0.01
r 67.6 0.01 3 15.9192 0.01
r 67.8 0.01 3 16.0414 0.01
r 68 0.01 3 16.1669 0.01
r 68.2 0.01 3 16.2913 0.01
r 68.4 0.01 3 16.4154 0.01
r 68.6 0.01 3 16.5406 0.01
r 68.8 0.01 3 16.6598 0.01
r 69 0.01 3 16.7934 0.01
r 69.2 0.01 3 16.9196 0.01
r 69.4 0.01 3 17.0463 0.01
r 69.6 0.01 3 17.1767 0.01
r 69.8 0.01 3 17.3003 0.01
r 70 0.01 3 17.4256 0.01
s 56.7 2 402
r 30 0.01 2 17.3305 0.01
r 30.2 0.01 2 17.1931 0.01
r 30.4 0.01 2 17.0568 0.01
r 30.6 0.01 2 16.921 0.01
r 30.8 0.01 2 16.7853 0.01
r 31 0.01 2 16.6601 0.01
r 31.2 0.01 2 16.5171 0.01
r 31.4 0.01 2 16.3975 0.01
r 31.6 0.01 2 16.2734 0.01
r 31.8 0.01 2 16.1388 0.01
r 32 0.01 2 16.0165 0.01
r 32.2 0.01 2 15.8764 0.01
r 32.4 0.01 2 15.7517 0.01
r 32.6 0.01 2 15.6224 0.01
r 32.8 0.01 2 15.4891 0.01
r 33 0.01 2 15.3935 0.01
r 33.2 0.01 2 15.2471 0.01
r 33.4 0.01 2 15.1288 0.01
r 33.6 0.01 2 14.9844 0.01
r 33.8 0.01 2 14.862 0.01
r 34 0.01 2 14.7325 0.01
r 34.2 0.01 2 14.5966 0.01
r 34.4 0.01 2 14.4671 0.01
r 34.6 0.01 2 14.3429 0.01
r 34.8 0.01 2 14.2217 0.01
r 35 0.01 2 14.1018 0.01
r 35.2 0.01 2 13.9724 0.01
r 35.4 0.01 2 13.8446 0.01
r 35.6 0.01 2 13.7143 0.01
r 35.8 0.01 2 13.5914 0.01
r 36 0.01 2 13.4657 0.01
r 36.2 0.01 2 13.3365 0.01
r 36.4 0.01 2 13.2094 0.01
r 36.6 0.01 2 13.0799 0.01
r 36.8 0.01 2 12.9529 0.01
r 37 0.01 2 12.8389 0.01
r 37.2 0.01 2 12.7211 0.01
r 37.4 0.01 2 12.589 0.01
r 37.6 0.01 2 12.4653 0.01
r 37.8 0.01 2 12.3229 0.01
r 38 0.01 2 12.1937 0.01
r 38.2 0.01 2 12.0707 0.01
r 38.4 0.01 2 11.9379 0.01
r 38.6 0.01 2 11.8157 0.01
r 38.8 0.01 2 11.6856 0.01
r 39 0.01 2 11.5576 0.01
r 39.2 0.01 2 11.4242 0.01
r 39.4 0.01 2 11.2919 0.01
r 39.6 0.01 2 11.1599 0.01
r 39.8 0.01 2 11.0263 0.01
r 40 0.01 2 10.8925 0.01
r 40.2 0.01 2 10.7627 0.01
r 40.4 0.01 2 10.6299 0.01
r 40.6 0.01 2 10.4969 0.01
r 40.8 0.01 2 10.366 0.01
r 41 0.01 2 10.2376 0.01
r 41.2 0.01 2 10.1056 0.01
r 41.4 0.01 2 9.97348 0.01
r 41.6 0.01 2 9.84385 0.01
r 41.8 0.01 2 9.7118 0.01
r 42 0.01 2 9.58506 0.01
r 42.2 0.01 2 9.45401 0.01
r 42.4 0.01 2 9.32341 0.01
r 42.6 0.01 2 9.19315 0.01
r 42.8 0.01 2 9.0643 0.01
r 43 0.01 2 8.9372 0.01
r 43.2 0.01 2 8.80972 0.01
r 43.4 0.01 2 8.6822 0.01
r 43.6 0.01 2 8.55598 0.01
r 43.8 0.01 2 8.42817 0.01
r 44 0.01 2 8.30004 0.01
r 44.2 0.01 2 8.17227 0.01
r 44.4 0.01 2 8.04418 0.01
r 44.6 0.01 2 7.91674 0.01
r 44.8 0.01 2 7.78867 0.01
r 45 0.01 2 7.67742 0.01
r 45.2 0.01 2 7.5469 0.01
r 45.4 0.01 2 7.41658 0.01
r 45.6 0.01 2 7.28624 0.01
r 45.8 0.01 2 7.15661 0.01
r 46 0.01 2 7.02649 0.01
r 46.2 0.01 2 6.89704 0.01
r 46.4 0.01 2 6.76829 0.01
r 46.6 0.01 2 6.63969 0.01
r 46.8 0.01 2 6.51172 0.01
r 47 0.01 2 6.38412 0.01
r 47.2 0.01 2 6.25702 0.01
r 47.4 0.01 2 6.13025 0.01
r 47.6 0.01 2 6.00353 0.01
r 47.8 0.01 2 5.87547 0.01
r 48 0.01 2 5.74705 0.01
r 48.2 0.01 2 5.61677 0.01
r 48.4 0.01 2 5.48723 0.01
r 48.6 0.01 2 5.35816 0.01
r 48.8 0.01 2 5.2293 0.01
r 49 0.01 2 5.10055 0.01
r 49.2 0.01 2 4.97281 0.01
r 49.4 0.01 2 4.84559 0.01
r 49.6 0.01 2 4.71905 0.01
r 49.8 0.01 2 4.59339 0.01
r 50 0.01 2 4.46867 0.01
r 50.2 0.01 2 4.34466 0.01
r 50.4 0.01 2 4.22123 0.01
r 50.6 0.01 2 4.09833 0.01
r 50.8 0.01 2 3.97606 0.01
r 51 0.01 2 3.85415 0.01
r 51.2 0.01 2 3.73289 0.01
r 51.4 0.01 2 3.61227 0.01
r 51.6 0.01 2 3.49227 0.01
r 51.8 0.01 2 3.37275 0.01
r 52 0.01 2 3.25372 0.01
r 52.2 0.01 2 3.13532 0.01
r 52.4 0.01 2 3.01811 0.01
r 52.6 0.01 2 2.90224 0.01
r 52.8 0.01 2 2.7875 0.01
r 53 0.01 2 2.67407 0.01
r 53.2 0.01 2 2.56206 0.01
r 53.4 0.01 2 2.45178 0.01
r 53.6 0.01 2 2.34325 0.01
r 53.8 0.01 2 2.23698 0.01
r 54 0.01 2 2.13313 0.01
r 54.2 0.01 2 2.03196 0.01
r 54.4 0.01 2 1.9339 0.01
r 54.6 0.01 2 1.83951 0.01
r 54.8 0.01 2 1.74925 0.01
r 55 0.01 2 1.66374 0.01
r 55.2 0.01 2 1.58428 0.01
r 55.4 0.01 2 1.51092 0.01
r 55.6 0.01 2 1.4449 0.01
r 55.8 0.01 2 1.38771 0.01
r 56 0.01 2 1.34053 0.01
r 56.2 0.01 2 1.30404 0.01
r 56.4 0.01 2 1.27969 0.01
r 56.6 0.01 2 1.26791 0.01
r 56.8 0.01 2 1.26768 0.01
r 57 0.01 2 1.28156 0.01
r 57.2 0.01 2 1.30608 0.01
r 57.4 0.01 2 1.34219 0.01
r 57.6 0.01 2 1.38991 0.01
r 57.8 0.01 2 1.44683 0.01
r 58 0.01 2 1.51247 0.01
r 58.2 0.01 2 1.586 0.01
r 58.4 0.01 2 1.66592 0.01
r 58.6 0.01 2 1.75149 0.01
r 58.8 0.01 2 1.84156 0.01
r 59 0.01 2 1.93589 0.01
r 59.2 0.01 2 2.0339 0.01
r 59.4 0.01 2 2.13519 0.01
r 59.6 0.01 2 2.23893 0.01
r 59.8 0.01 2 2.34497 0.01
r 60 0.01 2 2.45304 0.01
r 60.2 0.01 2 2.5631 0.01
r 60.4 0.01 2 2.67529 0.01
r 60.6 0.01 2 2.78666 0.01
r 60.8 0.01 2 2.90089 0.01
r 61 0.01 2 3.01638 0.01
r 61.2 0.01 2 3.13273 0.01
r 61.4 0.01 2 3.25025 0.01
r 61.6 0.01 2 3.36835 0.01
r 61.8 0.01 2 3.48721 0.01
r 62 0.01 2 3.60671 0.01
r 62.2 0.01 2 3.72672 0.01
r 62.4 0.01 2 3.84695 0.01
r 62.6 0.01 2 3.96752 0.01
r 62.8 0.01 2 4.08843 0.01
r 63 0.01 2 4.20945 0.01
r 63.2 0.01 2 4.33127 0.01
r 63.4 0.01 2 4.45344 0.01
r 63.6 0.01 2 4.57593 0.01
r 63.8 0.01 2 4.69879 0.01
r 64 0.01 2 4.82192 0.01
r 64.2 0.01 2 4.94508 0.01
r 64.4 0.01 2 5.06882 0.01
r 64.6 0.01 2 5.1926 0.01
r 64.8 0.01 2 5.31652 0.01
r 65 0.01 2 5.44051 0.01
r 65.2 0.01 2 5.56509 0.01
r 65.4 0.01 2 5.68953 0.01
r 65.6 0.01 2 5.81417 0.01
r 65.8 0.01 2 5.93879 0.01
r 66 0.01 2 6.06385 0.01
r 66.2 0.01 2 6.18868 0.01
r 66.4 0.01 2 6.31337 0.01
r 66.6 0.01 2 6.43893 0.01
r 66.8 0.01 2 6.56341 0.01
r 67 0.01 2 6.68802 0.01
r 67.2 0.01 2 6.81282 0.01
r 67.4 0.01 2 6.93777 0.01
r 67.6 0.01 2 7.06236 0.01
r 67.8 0.01 2 7.18719 0.01
r 68 0.01 2 7.31195 0.01
r 68.2 0.01 2 7.43684 0.01
r 68.4 0.01 2 7.56229 0.01
r 68.6 0.01 2 7.68757 0.01
r 68.8 0.01 2 7.81343 0.01
r 69 0.01 2 7.93938 0.01
r 69.2 0.01 2 8.06603 0.01
r 69.4 0.01 2 8.19302 0.01
r 69.6 0.01 2 8.32011 0.01
r 69.8 0.01 2 8.4476 0.01
r 70 0.01 2 8.5755 0.01
r 30 0.01 3 17.8736 0.01
r 30.2 0.01 3 17.7355 0.01
r 30.4 0.01 3 17.613 0.01
r 30.6 0.01 3 17.4739 0.01
r 30.8 0.01 3 17.3552 0.01
r 31 0.01 3 17.1555 0.01
r 31.2 0.01 3 17.0526 0.01
r 31.4 0.01 3 16.9065 0.01
r 31.6 0.01 3 16.7851 0.01
r 31.8 0.01 3 16.6393 0.01
r 32 0.01 3 16.5269 0.01
r 32.2 0.01 3 16.3801 0.01
r 32.4 0.01 3 16.2537 0.01
r 32.6 0.01 3 16.1234 0.01
r 32.8 0.01 3 15.997 0.01
r 33 0.01 3 15.8668 0.01
r 33.2 0.01 3 15.7381 0.01
r 33.4 0.01 3 15.6087 0.01
r 33.6 0.01 3 15.4863 0.01
r 33.8 0.01 3 15.3593 0.01
r 34 0.01 3 15.2241 0.01
r 34.2 0.01 3 15.097 0.01
r 34.4 0.01 3 14.9706 0.01
r 34.6 0.01 3 14.8524 0.01
r 34.8 0.01 3 14.7211 0.01
r 35 0.01 3 14.5979 0.01
r 35.2 0.01 3 14.483 0.01
r 35.4 0.01 3 14.3506 0.01
r 35.6 0.01 3 14.2259 0.01
r 35.8 0.01 3 14.0855 0.01
r 36 0.01 3 13.9471 0.01
r 36.2 0.01 3 13.844 0.01
r 36.4 0.01 3 13.6899 0.01
r 36.6 0.01 3 13.5923 0.01
r 36.8 0.01 3 13.4456 0.01
r 37 0.01 3 13.3495 0.01
r 37.2 0.01 3 13.2264 0.01
r 37.4 0.01 3 13.0745 0.01
r 37.6 0.01 3 12.9589 0.01
r 37.8 0.01 3 12.8608 0.01
r 38 0.01 3 12.7348 0.01
r 38.2 0.01 3 12.6099 0.01
r 38.4 0.01 3 12.4623 0.01
r 38.6 0.01 3 12.3378 0.01
r 38.8 0.01 3 12.2134 0.01
r 39 0.01 3 12.1124 0.01
r 39.2 0.01 3 11.9647 0.01
r 39.4 0.01 3 11.8636 0.01
r 39.6 0.01 3 11.7421 0.01
r 39.8 0.01 3 11.6214 0.01
r 40 0.01 3 11.475 0.01
r 40.2 0.01 3 11.3536 0.01
r 40.4 0.01 3 11.2305 0.01
r 40.6 0.01 3 11.1415 0.01
r 40.8 0.01 3 10.9933 0.01
r 41 0.01 3 10.8685 0.01
r 41.2 0.01 3 10.7954 0.01
r 41.4 0.01 3 10.6225 0.01
r 41.6 0.01 3 10.5366 0.01
r 41.8 0.01 3 10.3553 0.01
r 42 0.01 3 10.2311 0.01
r 42.2 0.01 3 10.1233 0.01
r 42.4 0.01 3 10.0395 0.01
r 42.6 0.01 3 9.92675 0.01
r 42.8 0.01 3 9.74622 0.01
r 43 0.01 3 9.62297 0.01
r 43.2 0.01 3 9.50255 0.01
r 43.4 0.01 3 9.37938 0.01
r 43.6 0.01 3 9.2648 0.01
r 43.8 0.01 3 9.14055 0.01
r 44 0.01 3 9.01616 0.01
r 44.2 0.01 3 8.9 0.01
r 44.4 0.01 3 8.78155 0.01
r 44.6 0.01 3 8.6654 0.01
r 44.8 0.01 3 8.57806 0.01
r 45 0.01 3 8.43514 0.01
r 45.2 0.01 3 8.31868 0.01
r 45.4 0.01 3 8.20875 0.01
r 45.6 0.01 3 8.09183 0.01
r 45.8 0.01 3 7.9759 0.01
r 46 0.01 3 7.86175 0.01
r 46.2 0.01 3 7.74747 0.01
r 46.4 0.01 3 7.63599 0.01
r 46.6 0.01 3 7.51888 0.01
r 46.8 0.01 3 7.42345 0.01
r 47 0.01 3 7.29684 0.01
r 47.2 0.01 3 7.18351 0.01
r 47.4 0.01 3 7.07303 0.01
r 47.6 0.01 3 6.96219 0.01
r 47.8 0.01 3 6.85186 0.01
r 48 0.01 3 6.7472 0.01
r 48.2 0.01 3 6.65314 0.01
r 48.4 0.01 3 6.54198 0.01
r 48.6 0.01 3 6.44372 0.01
r 48.8 0.01 3 6.34772 0.01
r 49 0.01 3 6.21906 0.01
r 49.2 0.01 3 6.1136 0.01
r 49.4 0.01 3 6.01663 0.01
r 49.6 0.01 3 5.91677 0.01
r 49.8 0.01 3 5.81681 0.01
r 50 0.01 3 5.72005 0.01
r 50.2 0.01 3 5.62341 0.01
r 50.4 0.01 3 5.52918 0.01
r 50.6 0.01 3 5.43682 0.01
r 50.8 0.01 3 5.34665 0.01
r 51 0.01 3 5.26087 0.01
r 51.2 0.01 3 5.17302 0.01
r 51.4 0.01 3 5.0876 0.01
r 51.6 0.01 3 5.00722 0.01
r 51.8 0.01 3 4.93029 0.01
r 52 0.01 3 4.84961 0.01
r 52.2 0.01 3 4.77428 0.01
r 52.4 0.01 3 4.70218 0.01
r 52.6 0.01 3 4.63323 0.01
r 52.8 0.01 3 4.56398 0.01
r 53 0.01 3 4.47602 0.01
r 53.2 0.01 3 4.40941 0.01
r 53.4 0.01 3 4.34762 0.01
r 53.6 0.01 3 4.28402 0.01
r 53.8 0.01 3 4.22737 0.01
r 54 0.01 3 4.17305 0.01
r 54.2 0.01 3 4.12295 0.01
r 54.4 0.01 3 4.07541 0.01
r 54.6 0.01 3 4.03287 0.01
r 54.8 0.01 3 4.00051 0.01
r 55 0.01 3 3.95888 0.01
r 55.2 0.01 3 3.92187 0.01
r 55.4 0.01 3 3.89272 0.01
r 55.6 0.01 3 3.87163 0.01
r 55.8 0.01 3 3.84688 0.01
r 56 0.01 3 3.8306 0.01
r 56.2 0.01 3 3.81873 0.01
r 56.4 0.01 3 3.81116 0.01
r 56.6 0.01 3 3.80831 0.01
r 56.8 0.01 3 3.8087 0.01
r 57 0.01 3 3.81398 0.01
r 57.2 0.01 3 3.82321 0.01
r 57.4 0.01 3 3.83686 0.01
r 57.6 0.01 3 3.85487 0.01
r 57.8 0.01 3 3.87679 0.01
r 58 0.01 3 3.90246 0.01
r 58.2 0.01 3 3.93241 0.01
r 58.4 0.01 3 3.96608 0.01
r 58.6 0.01 3 4.00404 0.01
r 58.8 0.01 3 4.04505 0.01
r 59 0.01 3 4.08972 0.01
r 59.2 0.01 3 4.13683 0.01
r 59.4 0.01 3 4.18783 0.01
r 59.6 0.01 3 4.24626 0.01
r 59.8 0.01 3 4.30578 0.01
r 60 0.01 3 4.36939 0.01
r 60.2 0.01 3 4.42915 0.01
r 60.4 0.01 3 4.51655 0.01
r 60.6 0.01 3 4.61313 0.01
r 60.8 0.01 3 4.66284 0.01
r 61 0.01 3 4.70878 0.01
r 61.2 0.01 3 4.78201 0.01
r 61.4 0.01 3 4.8591 0.01
r 61.6 0.01 3 4.94001 0.01
r 61.8 0.01 3 5.02418 0.01
r 62 0.01 3 5.11148 0.01
r 62.2 0.01 3 5.19565 0.01
r 62.4 0.01 3 5.28904 0.01
r 62.6 0.01 3 5.38756 0.01
r 62.8 0.01 3 5.46868 0.01
r 63 0.01 3 5.6289 0.01
r 63.2 0.01 3 5.67876 0.01
r 63.4 0.01 3 5.74875 0.01
r 63.6 0.01 3 5.84754 0.01
r 63.8 0.01 3 5.94743 0.01
r 64 0.01 3 6.03769 0.01
r 64.2 0.01 3 6.13894 0.01
r 64.4 0.01 3 6.23627 0.01
r 64.6 0.01 3 6.33658 0.01
r 64.8 0.01 3 6.43828 0.01
r 65 0.01 3 6.54186 0.01
r 65.2 0.01 3 6.64709 0.01
r 65.4 0.01 3 6.75439 0.01
r 65.6 0.01 3 6.86318 0.01
r 65.8 0.01 3 6.974 0.01
r 66 0.01 3 7.0857 0.01
r 66.2 0.01 3 7.1999 0.01
r 66.4 0.01 3 7.31467 0.01
r 66.6 0.01 3 7.43143 0.01
r 66.8 0.01 3 7.54946 0.01
r 67 0.01 3 7.62269 0.01
r 67.2 0.01 3 7.73481 0.01
r 67.4 0.01 3 7.84789 0.01
r 67.6 0.01 3 7.96161 0.01
r 67.8 0.01 3 8.07662 0.01
r 68 0.01 3 8.19259 0.01
r 68.2 0.01 3 8.30915 0.01
r 68.4 0.01 3 8.4263 0.01
r 68.6 0.01 3 8.54428 0.01
r 68.8 0.01 3 8.6658 0.01
r 69 0.01 3 8.84023 0.01
r 69.2 0.01 3 8.95356 0.01
r 69.4 0.01 3 9.07084 0.01
r 69.6 0.01 3 9.1762 0.01
r 69.8 0.01 3 9.292 0.01
r 70 0.01 3 9.40466 0.01
s 70 2 402
r 30 0.01 2 25.7714 0.01
r 30.2 0.01 2 25.6355 0.01
r 30.4 0.01 2 25.5034 0.01
r 30.6 0.01 2 25.3677 0.01
r 30.8 0.01 2 25.2336 0.01
r 31 0.01 2 25.1042 0.01
r 31.2 0.01 2 24.9641 0.01
r 31.4 0.01 2 24.8409 0.01
r 31.6 0.01 2 24.7041 0.01
r 31.8 0.01 2 24.5889 0.01
r 32 0.01 2 24.4507 0.01
r 32.2 0.01 2 24.3203 0.01
r 32.4 0.01 2 24.1844 0.01
r 32.6 0.01 2 24.0565 0.01
r 32.8 0.01 2 23.935 0.01
r 33 0.01 2 23.8211 0.01
r 33.2 0.01 2 23.6848 0.01
r 33.4 0.01 2 23.5711 0.01
r 33.6 0.01 2 23.439 0.01
r 33.8 0.01 2 23.3031 0.01
r 34 0.01 2 23.1689 0.01
r 34.2 0.01 2 23.0432 0.01
r 34.4 0.01 2 22.9242 0.01
r 34.6 0.01 2 22.788 0.01
r 34.8 0.01 2 22.6642 0.01
r 35 0.01 2 22.5358 0.01
r 35.2 0.01 2 22.4236 0.01
r 35.4 0.01 2 22.2836 0.01
r 35.6 0.01 2 22.1616 0.01
r 35.8 0.01 2 22.0297 0.01
r 36 0.01 2 21.9032 0.01
r 36.2 0.01 2 21.7755 0.01
r 36.4 0.01 2 21.6453 0.01
r 36.6 0.01 2 21.5249 0.01
r 36.8 0.01 2 21.3957 0.01
r 37 0.01 2 21.279 0.01
r 37.2 0.01 2 21.1512 0.01
r 37.4 0.01 2 21.0243 0.01
r 37.6 0.01 2 20.9013 0.01
r 37.8 0.01 2 20.7665 0.01
r 38 0.01 2 20.6412 0.01
r 38.2 0.01 2 20.5098 0.01
r 38.4 0.01 2 20.3801 0.01
r 38.6 0.01 2 20.2519 0.01
r 38.8 0.01 2 20.1384 0.01
r 39 0.01 2 20.0023 0.01
r 39.2 0.01 2 19.8688 0.01
r 39.4 0.01 2 19.7325 0.01
r 39.6 0.01 2 19.6029 0.01
r 39.8 0.01 2 19.4694 0.01
r 40 0.01 2 19.3358 0.01
r 40.2 0.01 2 19.2046 0.01
r 40.4 0.01 2 19.0722 0.01
r 40.6 0.01 2 18.9398 0.01
r 40.8 0.01 2 18.8067 0.01
r 41 0.01 2 18.6848 0.01
r 41.2 0.01 2 18.5566 0.01
r 41.4 0.01 2 18.4227 0.01
r 41.6 0.01 2 18.2904 0.01
r 41.8 0.01 2 18.1595 0.01
r 42 0.01 2 18.028 0.01
r 42.2 0.01 2 17.8961 0.01
r 42.4 0.01 2 17.7659 0.01
r 42.6 0.01 2 17.6382 0.01
r 42.8 0.01 2 17.5112 0.01
r 43 0.01 2 17.3843 0.01
r 43.2 0.01 2 17.2522 0.01
r 43.4 0.01 2 17.1232 0.01
r 43.6 0.01 2 16.9906 0.01
r 43.8 0.01 2 16.8606 0.01
r 44 0.01 2 16.7294 0.01
r 44.2 0.01 2 16.5976 0.01
r 44.4 0.01 2 16.4692 0.01
r 44.6 0.01 2 16.3368 0.01
r 44.8 0.01 2 16.2051 0.01
r 45 0.01 2 16.0777 0.01
r 45.2 0.01 2 15.9457 0.01
r 45.4 0.01 2 15.8165 0.01
r 45.6 0.01 2 15.6848 0.01
r 45.8 0.01 2 15.5546 0.01
r 46 0.01 2 15.4322 0.01
r 46.2 0.01 2 15.3006 0.01
r 46.4 0.01 2 15.1695 0.01
r 46.6 0.01 2 15.0391 0.01
r 46.8 0.01 2 14.9078 0.01
r 47 0.01 2 14.7433 0.01
r 47.2 0.01 2 14.6075 0.01
r 47.4 0.01 2 14.472 0.01
r 47.6 0.01 2 14.337 0.01
r 47.8 0.01 2 14.2023 0.01
r 48 0.01 2 14.0678 0.01
r 48.2 0.01 2 13.934 0.01
r 48.4 0.01 2 13.8007 0.01
r 48.6 0.01 2 13.668 0.01
r 48.8 0.01 2 13.5357 0.01
r 49 0.01 2 13.404 0.01
r 49.2 0.01 2 13.2729 0.01
r 49.4 0.01 2 13.1425 0.01
r 49.6 0.01 2 13.0125 0.01
r 49.8 0.01 2 12.8829 0.01
r 50 0.01 2 12.754 0.01
r 50.2 0.01 2 12.6254 0.01
r 50.4 0.01 2 12.4968 0.01
r 50.6 0.01 2 12.368 0.01
r 50.8 0.01 2 12.2393 0.01
r 51 0.01 2 12.1106 0.01
r 51.2 0.01 2 11.982 0.01
r 51.4 0.01 2 11.8533 0.01
r 51.6 0.01 2 11.7246 0.01
r 51.8 0.01 2 11.5959 0.01
r 52 0.01 2 11.4671 0.01
r 52.2 0.01 2 11.3386 0.01
r 52.4 0.01 2 11.2101 0.01
r 52.6 0.01 2 11.082 0.01
r 52.8 0.01 2 10.9538 0.01
r 53 0.01 2 10.826 0.01
r 53.2 0.01 2 10.6983 0.01
r 53.4 0.01 2 10.5708 0.01
r 53.6 0.01 2 10.4435 0.01
r 53.8 0.01 2 10.3164 0.01
r 54 0.01 2 10.1895 0.01
r 54.2 0.01 2 10.0628 0.01
r 54.4 0.01 2 9.93638 0.01
r 54.6 0.01 2 9.8103 0.01
r 54.8 0.01 2 9.68438 0.01
r 55 0.01 2 9.55887 0.01
r 55.2 0.01 2 9.43346 0.01
r 55.4 0.01 2 9.30847 0.01
r 55.6 0.01 2 9.18361 0.01
r 55.8 0.01 2 9.0592 0.01
r 56 0.01 2 8.93495 0.01
r 56.2 0.01 2 8.81089 0.01
r 56.4 0.01 2 8.68697 0.01
r 56.6 0.01 2 8.56327 0.01
r 56.8 0.01 2 8.43975 0.01
r 57 0.01 2 8.31655 0.01
r 57.2 0.01 2 8.1933 0.01
r 57.4 0.01 2 8.07023 0.01
r 57.6 0.01 2 7.94766 0.01
r 57.8 0.01 2 7.82536 0.01
r 58 0.01 2 7.70279 0.01
r 58.2 0.01 2 7.58061 0.01
r 58.4 0.01 2 7.45851 0.01
r 58.6 0.01 2 7.33644 0.01
r 58.8 0.01 2 7.21448 0.01
r 59 0.01 2 7.09241 0.01
r 59.2 0.01 2 6.97055 0.01
r 59.4 0.01 2 6.84848 0.01
r 59.6 0.01 2 6.72665 0.01
r 59.8 0.01 2 6.60473 0.01
r 60 0.01 2 6.48317 0.01
r 60.2 0.01 2 6.36168 0.01
r 60.4 0.01 2 6.24038 0.01
r 60.6 0.01 2 6.11908 0.01
r 60.8 0.01 2 5.99773 0.01
r 61 0.01 2 5.88066 0.01
r 61.2 0.01 2 5.75877 0.01
r 61.4 0.01 2 5.63692 0.01
r 61.6 0.01 2 5.515 0.01
r 61.8 0.01 2 5.39258 0.01
r 62 0.01 2 5.27004 0.01
r 62.2 0.01 2 5.14765 0.01
r 62.4 0.01 2 5.0255 0.01
r 62.6 0.01 2 4.9037 0.01
r 62.8 0.01 2 4.78229 0.01
r 63 0.01 2 4.66019 0.01
r 63.2 0.01 2 4.53819 0.01
r 63.4 0.01 2 4.41646 0.01
r 63.6 0.01 2 4.29515 0.01
r 63.8 0.01 2 4.17444 0.01
r 64 0.01 2 4.05387 0.01
r 64.2 0.01 2 3.93382 0.01
r 64.4 0.01 2 3.81428 0.01
r 64.6 0.01 2 3.69527 0.01
r 64.8 0.01 2 3.5778 0.01
r 65 0.01 2 3.45882 0.01
r 65.2 0.01 2 3.34145 0.01
r 65.4 0.01 2 3.22462 0.01
r 65.6 0.01 2 3.11022 0.01
r 65.8 0.01 2 2.99354 0.01
r 66 0.01 2 2.87883 0.01
r 66.2 0.01 2 2.766 0.01
r 66.4 0.01 2 2.65321 0.01
r 66.6 0.01 2 2.54261 0.01
r 66.8 0.01 2 2.43352 0.01
r 67 0.01 2 2.32638 0.01
r 67.2 0.01 2 2.22091 0.01
r 67.4 0.01 2 2.11801 0.01
r 67.6 0.01 2 2.018 0.01
r 67.8 0.01 2 1.92159 0.01
r 68 0.01 2 1.82822 0.01
r 68.2 0.01 2 1.74056 0.01
r 68.4 0.01 2 1.65793 0.01
r 68.6 0.01 2 1.58086 0.01
r 68.8 0.01 2 1.51063 0.01
r 69 0.01 2 1.44892 0.01
r 69.2 0.01 2 1.39623 0.01
r 69.4 0.01 2 1.35399 0.01
r 69.6 0.01 2 1.32325 0.01
r 69.8 0.01 2 1.30483 0.01
r 70 0.01 2 1.29928 0.01
r 30 0.01 3 25.8331 0.01
r 30.2 0.01 3 25.7034 0.01
r 30.4 0.01 3 25.6019 0.01
r 30.6 0.01 3 25.438 0.01
r 30.8 0.01 3 25.332 0.01
r 31 0.01 3 25.1915 0.01
r 31.2 0.01 3 25.0567 0.01
r 31.4 0.01 3 24.9224 0.01
r 31.6 0.01 3 24.7853 0.01
r 31.8 0.01 3 24.6559 0.01
r 32 0.01 3 24.5246 0.01
r 32.2 0.01 3 24.3926 0.01
r 32.4 0.01 3 24.2618 0.01
r 32.6 0.01 3 24.1366 0.01
r 32.8 0.01 3 24.0028 0.01
r 33 0.01 3 23.8899 0.01
r 33.2 0.01 3 23.7601 0.01
r 33.4 0.01 3 23.6308 0.01
r 33.6 0.01 3 23.5008 0.01
r 33.8 0.01 3 23.3758 0.01
r 34 0.01 3 23.2459 0.01
r 34.2 0.01 3 23.1241 0.01
r 34.4 0.01 3 22.9988 0.01
r 34.6 0.01 3 22.8717 0.01
r 34.8 0.01 3 22.7626 0.01
r 35 0.01 3 22.6484 0.01
r 35.2 0.01 3 22.5372 0.01
r 35.4 0.01 3 22.3975 0.01
r 35.6 0.01 3 22.3074 0.01
r 35.8 0.01 3 22.1448 0.01
r 36 0.01 3 22.0539 0.01
r 36.2 0.01 3 21.8847 0.01
r 36.4 0.01 3 21.7549 0.01
r 36.6 0.01 3 21.6804 0.01
r 36.8 0.01 3 21.5178 0.01
r 37 0.01 3 21.4661 0.01
r 37.2 0.01 3 21.34 0.01
r 37.4 0.01 3 21.2183 0.01
r 37.6 0.01 3 21.0911 0.01
r 37.8 0.01 3 20.964 0.01
r 38 0.01 3 20.83 0.01
r 38.2 0.01 3 20.6958 0.01
r 38.4 0.01 3 20.5706 0.01
r 38.6 0.01 3 20.4453 0.01
r 38.8 0.01 3 20.3195 0.01
r 39 0.01 3 20.2499 0.01
r 39.2 0.01 3 20.1181 0.01
r 39.4 0.01 3 19.9851 0.01
r 39.6 0.01 3 19.8538 0.01
r 39.8 0.01 3 19.7223 0.01
r 40 0.01 3 19.5904 0.01
r 40.2 0.01 3 19.4627 0.01
r 40.4 0.01 3 19.3244 0.01
r 40.6 0.01 3 19.1974 0.01
r 40.8 0.01 3 19.0651 0.01
r 41 0.01 3 18.9288 0.01
r 41.2 0.01 3 18.7983 0.01
r 41.4 0.01 3 18.6661 0.01
r 41.6 0.01 3 18.5389 0.01
r 41.8 0.01 3 18.4093 0.01
r 42 0.01 3 18.2755 0.01
r 42.2 0.01 3 18.1511 0.01
r 42.4 0.01 3 18.0163 0.01
r 42.6 0.01 3 17.8884 0.01
r 42.8 0.01 3 17.7614 0.01
r 43 0.01 3 17.6329 0.01
r 43.2 0.01 3 17.5064 0.01
r 43.4 0.01 3 17.3804 0.01
r 43.6 0.01 3 17.2544 0.01
r 43.8 0.01 3 17.13 0.01
r 44 0.01 3 17.0063 0.01
r 44.2 0.01 3 16.8832 0.01
r 44.4 0.01 3 16.7599 0.01
r 44.6 0.01 3 16.6362 0.01
r 44.8 0.01 3 16.5136 0.01
r 45 0.01 3 16.3901 0.01
r 45.2 0.01 3 16.2681 0.01
r 45.4 0.01 3 16.1462 0.01
r 45.6 0.01 3 16.0188 0.01
r 45.8 0.01 3 15.8968 0.01
r 46 0.01 3 15.7753 0.01
r 46.2 0.01 3 15.6546 0.01
r 46.4 0.01 3 15.5347 0.01
r 46.6 0.01 3 15.4154 0.01
r 46.8 0.01 3 15.297 0.01
r 47 0.01 3 15.1514 0.01
r 47.2 0.01 3 15.0307 0.01
r 47.4 0.01 3 14.9114 0.01
r 47.6 0.01 3 14.7926 0.01
r 47.8 0.01 3 14.6743 0.01
r 48 0.01 3 14.5566 0.01
r 48.2 0.01 3 14.4366 0.01
r 48.4 0.01 3 14.3201 0.01
r 48.6 0.01 3 14.205 0.01
r 48.8 0.01 3 14.0906 0.01
r 49 0.01 3 13.9857 0.01
r 49.2 0.01 3 13.8789 0.01
r 49.4 0.01 3 13.7735 0.01
r 49.6 0.01 3 13.6692 0.01
r 49.8 0.01 3 13.5678 0.01
r 50 0.01 3 13.4627 0.01
r 50.2 0.01 3 13.301 0.01
r 50.4 0.01 3 13.2333 0.01
r 50.6 0.01 3 13.1328 0.01
r 50.8 0.01 3 12.9163 0.01
r 51 0.01 3 12.7785 0.01
r 51.2 0.01 3 12.6684 0.01
r 51.4 0.01 3 12.5626 0.01
r 51.6 0.01 3 12.4479 0.01
r 51.8 0.01 3 12.3445 0.01
r 52 0.01 3 12.2451 0.01
r 52.2 0.01 3 12.1809 0.01
r 52.4 0.01 3 12.012 0.01
r 52.6 0.01 3 11.8912 0.01
r 52.8 0.01 3 11.712 0.01
r 53 0.01 3 11.5912 0.01
r 53.2 0.01 3 11.4798 0.01
r 53.4 0.01 3 11.3752 0.01
r 53.6 0.01 3 11.2656 0.01
r 53.8 0.01 3 11.167 0.01
r 54 0.01 3 11.0666 0.01
r 54.2 0.01 3 10.9523 0.01
r 54.4 0.01 3 10.8621 0.01
r 54.6 0.01 3 10.7844 0.01
r 54.8 0.01 3 10.6454 0.01
r 55 0.01 3 10.5668 0.01
r 55.2 0.01 3 10.373 0.01
r 55.4 0.01 3 10.2464 0.01
r 55.6 0.01 3 10.0943 0.01
r 55.8 0.01 3 9.98783 0.01
r 56 0.01 3 9.94156 0.01
r 56.2 0.01 3 9.69889 0.01
r 56.4 0.01 3 9.59211 0.01
r 56.6 0.01 3 9.47844 0.01
r 56.8 0.01 3 9.50442 0.01
r 57 0.01 3 9.21663 0.01
r 57.2 0.01 3 9.09981 0.01
r 57.4 0.01 3 8.98316 0.01
r 57.6 0.01 3 8.86773 0.01
r 57.8 0.01 3 8.73591 0.01
r 58 0.01 3 8.61395 0.01
r 58.2 0.01 3 8.53042 0.01
r 58.4 0.01 3 8.39293 0.01
r 58.6 0.01 3 8.27278 0.01
r 58.8 0.01 3 8.17744 0.01
r 59 0.01 3 8.06617 0.01
r 59.2 0.01 3 7.94261 0.01
r 59.4 0.01 3 7.89079 0.01
r 59.6 0.01 3 7.74371 0.01
r 59.8 0.01 3 7.61764 0.01
r 60 0.01 3 7.55198 0.01
r 60.2 0.01 3 7.52114 0.01
r 60.4 0.01 3 7.43516 0.01
r 60.6 0.01 3 7.23035 0.01
r 60.8 0.01 3 7.28642 0.01
r 61 0.01 3 6.99003 0.01
r 61.2 0.01 3 6.89222 0.01
r 61.4 0.01 3 6.7761 0.01
r 61.6 0.01 3 6.65227 0.01
r 61.8 0.01 3 6.56485 0.01
r 62 0.01 3 6.46578 0.01
r 62.2 0.01 3 6.35092 0.01
r 62.4 0.01 3 6.37922 0.01
r 62.6 0.01 3 6.17919 0.01
r 62.8 0.01 3 6.06275 0.01
r 63 0.01 3 5.96594 0.01
r 63.2 0.01 3 5.87081 0.01
r 63.4 0.01 3 5.78082 0.01
r 63.6 0.01 3 5.69511 0.01
r 63.8 0.01 3 5.63087 0.01
r 64 0.01 3 5.48646 0.01
r 64.2 0.01 3 5.40684 0.01
r 64.4 0.01 3 5.31133 0.01
r 64.6 0.01 3 5.53834 0.01
r 64.8 0.01 3 5.1433 0.01
r 65 0.01 3 5.06267 0.01
r 65.2 0.01 3 4.99925 0.01
r 65.4 0.01 3 4.89226 0.01
r 65.6 0.01 3 4.81029 0.01
r 65.8 0.01 3 4.74001 0.01
r 66 0.01 3 4.67471 0.01
r 66.2 0.01 3 4.60941 0.01
r 66.4 0.01 3 4.52565 0.01
r 66.6 0.01 3 4.46051 0.01
r 66.8 0.01 3 4.40053 0.01
r 67 0.01 3 4.3562 0.01
r 67.2 0.01 3 4.28542 0.01
r 67.4 0.01 3 4.30992 0.01
r 67.6 0.01 3 4.18495 0.01
r 67.8 0.01 3 4.14058 0.01
r 68 0.01 3 4.09971 0.01
r 68.2 0.01 3 4.06261 0.01
r 68.4 0.01 3 4.02932 0.01
r 68.6 0.01 3 4.00037 0.01
r 68.8 0.01 3 3.97572 0.01
r 69 0.01 3 3.9531 0.01
r 69.2 0.01 3 3.936 0.01
r 69.4 0.01 3 3.92312 0.01
r 69.6 0.01 3 3.91458 0.01
r 69.8 0.01 3 3.91053 0.01
r 70 0.01 3 3.91065 0.01
