4
s 30 2 201
r 30 0.01 2 1.36436 0.01
r 30.2 0.01 2 1.37105 0.01
r 30.4 0.01 2 1.39128 0.01
r 30.6 0.01 2 1.42449 0.01
r 30.8 0.01 2 1.46978 0.01
r 31 0.01 2 1.52777 0.01
r 31.2 0.01 2 1.59216 0.01
r 31.4 0.01 2 1.6677 0.01
r 31.6 0.01 2 1.74935 0.01
r 31.8 0.01 2 1.83791 0.01
r 32 0.01 2 1.93267 0.01
r 32.2 0.01 2 2.03153 0.01
r 32.4 0.01 2 2.13458 0.01
r 32.6 0.01 2 2.24168 0.01
r 32.8 0.01 2 2.35155 0.01
r 33 0.01 2 2.46473 0.01
r 33.2 0.01 2 2.57928 0.01
r 33.4 0.01 2 2.6961 0.01
r 33.6 0.01 2 2.81475 0.01
r 33.8 0.01 2 2.93427 0.01
r 34 0.01 2 3.05429 0.01
r 34.2 0.01 2 3.17567 0.01
r 34.4 0.01 2 3.29726 0.01
r 34.6 0.01 2 3.41939 0.01
r 34.8 0.01 2 3.54164 0.01
r 35 0.01 2 3.6654 0.01
r 35.2 0.01 2 3.785 0.01
r 35.4 0.01 2 3.90544 0.01
r 35.6 0.01 2 4.02687 0.01
r 35.8 0.01 2 4.14704 0.01
r 36 0.01 2 4.26716 0.01
r 36.2 0.01 2 4.38912 0.01
r 36.4 0.01 2 4.51032 0.01
r 36.6 0.01 2 4.63273 0.01
r 36.8 0.01 2 4.76136 0.01
r 37 0.01 2 4.88022 0.01
r 37.2 0.01 2 4.99995 0.01
r 37.4 0.01 2 5.11916 0.01
r 37.6 0.01 2 5.24489 0.01
r 37.8 0.01 2 5.36298 0.01
r 38 0.01 2 5.4836 0.01
r 38.2 0.01 2 5.6064 0.01
r 38.4 0.01 2 5.72966 0.01
r 38.6 0.01 2 5.85506 0.01
r 38.8 0.01 2 5.97539 0.01
r 39 0.01 2 6.09556 0.01
r 39.2 0.01 2 6.21934 0.01
r 39.4 0.01 2 6.33655 0.01
r 39.6 0.01 2 6.45974 0.01
r 39.8 0.01 2 6.58165 0.01
r 40 0.01 2 6.7059 0.01
r 40.2 0.01 2 6.83138 0.01
r 40.4 0.01 2 6.95756 0.01
r 40.6 0.01 2 7.0793 0.01
r 40.8 0.01 2 7.19746 0.01
r 41 0.01 2 7.30595 0.01
r 41.2 0.01 2 7.42444 0.01
r 41.4 0.01 2 7.54663 0.01
r 41.6 0.01 2 7.66911 0.01
r 41.8 0.01 2 7.79063 0.01
r 42 0.01 2 7.91609 0.01
r 42.2 0.01 2 8.03417 0.01
r 42.4 0.01 2 8.15576 0.01
r 42.6 0.01 2 8.27971 0.01
r 42.8 0.01 2 8.41617 0.01
r 43 0.01 2 8.51574 0.01
r 43.2 0.01 2 8.63972 0.01
r 43.4 0.01 2 8.76096 0.01
r 43.6 0.01 2 8.8941 0.01
r 43.8 0.01 2 9.01654 0.01
r 44 0.01 2 9.13611 0.01
r 44.2 0.01 2 9.26263 0.01
r 44.4 0.01 2 9.37774 0.01
r 44.6 0.01 2 9.50292 0.01
r 44.8 0.01 2 9.62903 0.01
r 45 0.01 2 9.70102 0.01
r 45.2 0.01 2 9.82488 0.01
r 45.4 0.01 2 9.9437 0.01
r 45.6 0.01 2 10.068 0.01
r 45.8 0.01 2 10.1906 0.01
r 46 0.01 2 10.3046 0.01
r 46.2 0.01 2 10.4288 0.01
r 46.4 0.01 2 10.5557 0.01
r 46.6 0.01 2 10.669 0.01
r 46.8 0.01 2 10.7918 0.01
r 47 0.01 2 10.9037 0.01
r 47.2 0.01 2 11.0256 0.01
r 47.4 0.01 2 11.1474 0.01
r 47.6 0.01 2 11.2732 0.01
r 47.8 0.01 2 11.3839 0.01
r 48 0.01 2 11.5132 0.01
r 48.2 0.01 2 11.6335 0.01
r 48.4 0.01 2 11.7485 0.01
r 48.6 0.01 2 11.8688 0.01
r 48.8 0.01 2 11.9899 0.01
r 49 0.01 2 12.1099 0.01
r 49.2 0.01 2 12.228 0.01
r 49.4 0.01 2 12.3469 0.01
r 49.6 0.01 2 12.4693 0.01
r 49.8 0.01 2 12.5854 0.01
r 50 0.01 2 12.7082 0.01
r 50.2 0.01 2 12.8278 0.01
r 50.4 0.01 2 12.9513 0.01
r 50.6 0.01 2 13.0704 0.01
r 50.8 0.01 2 13.1934 0.01
r 51 0.01 2 13.3093 0.01
r 51.2 0.01 2 13.4312 0.01
r 51.4 0.01 2 13.5535 0.01
r 51.6 0.01 2 13.6738 0.01
r 51.8 0.01 2 13.7999 0.01
r 52 0.01 2 13.9144 0.01
r 52.2 0.01 2 14.0358 0.01
r 52.4 0.01 2 14.1588 0.01
r 52.6 0.01 2 14.2789 0.01
r 52.8 0.01 2 14.4041 0.01
r 53 0.01 2 14.5204 0.01
r 53.2 0.01 2 14.641 0.01
r 53.4 0.01 2 14.7629 0.01
r 53.6 0.01 2 14.8838 0.01
r 53.8 0.01 2 15.0056 0.01
r 54 0.01 2 15.1274 0.01
r 54.2 0.01 2 15.2497 0.01
r 54.4 0.01 2 15.3728 0.01
r 54.6 0.01 2 15.4954 0.01
r 54.8 0.01 2 15.6172 0.01
r 55 0.01 2 15.7394 0.01
r 55.2 0.01 2 15.8615 0.01
r 55.4 0.01 2 15.9821 0.01
r 55.6 0.01 2 16.1029 0.01
r 55.8 0.01 2 16.2246 0.01
r 56 0.01 2 16.3452 0.01
r 56.2 0.01 2 16.4676 0.01
r 56.4 0.01 2 16.5895 0.01
r 56.6 0.01 2 16.7107 0.01
r 56.8 0.01 2 16.8339 0.01
r 57 0.01 2 16.9618 0.01
r 57.2 0.01 2 17.0836 0.01
r 57.4 0.01 2 17.2035 0.01
r 57.6 0.01 2 17.3253 0.01
r 57.8 0.01 2 17.4467 0.01
r 58 0.01 2 17.5687 0.01
r 58.2 0.01 2 17.6917 0.01
r 58.4 0.01 2 17.814 0.01
r 58.6 0.01 2 17.9357 0.01
r 58.8 0.01 2 18.058 0.01
r 59 0.01 2 18.1805 0.01
r 59.2 0.01 2 18.3033 0.01
r 59.4 0.01 2 18.4264 0.01
r 59.6 0.01 2 18.5489 0.01
r 59.8 0.01 2 18.6718 0.01
r 60 0.01 2 18.7949 0.01
r 60.2 0.01 2 18.9179 0.01
r 60.4 0.01 2 19.0422 0.01
r 60.6 0.01 2 19.1644 0.01
r 60.8 0.01 2 19.2881 0.01
r 61 0.01 2 19.4182 0.01
r 61.2 0.01 2 19.5414 0.01
r 61.4 0.01 2 19.6634 0.01
r 61.6 0.01 2 19.7859 0.01
r 61.8 0.01 2 19.9089 0.01
r 62 0.01 2 20.0305 0.01
r 62.2 0.01 2 20.1533 0.01
r 62.4 0.01 2 20.2757 0.01
r 62.6 0.01 2 20.3974 0.01
r 62.8 0.01 2 20.5214 0.01
r 63 0.01 2 20.6424 0.01
r 63.2 0.01 2 20.7651 0.01
r 63.4 0.01 2 20.8873 0.01
r 63.6 0.01 2 21.0104 0.01
r 63.8 0.01 2 21.1339 0.01
r 64 0.01 2 21.2561 0.01
r 64.2 0.01 2 21.3801 0.01
r 64.4 0.01 2 21.5023 0.01
r 64.6 0.01 2 21.6257 0.01
r 64.8 0.01 2 21.7505 0.01
r 65 0.01 2 21.8735 0.01
r 65.2 0.01 2 21.9971 0.01
r 65.4 0.01 2 22.1211 0.01
r 65.6 0.01 2 22.2451 0.01
r 65.8 0.01 2 22.3696 0.01
r 66 0.01 2 22.494 0.01
r 66.2 0.01 2 22.6184 0.01
r 66.4 0.01 2 22.7433 0.01
r 66.6 0.01 2 22.8681 0.01
r 66.8 0.01 2 22.9936 0.01
r 67 0.01 2 23.1173 0.01
r 67.2 0.01 2 23.244 0.01
r 67.4 0.01 2 23.368 0.01
r 67.6 0.01 2 23.4935 0.01
r 67.8 0.01 2 23.6195 0.01
r 68 0.01 2 23.7455 0.01
r 68.2 0.01 2 23.8718 0.01
r 68.4 0.01 2 23.9985 0.01
r 68.6 0.01 2 24.1256 0.01
r 68.8 0.01 2 24.2531 0.01
r 69 0.01 2 24.3808 0.01
r 69.2 0.01 2 24.509 0.01
r 69.4 0.01 2 24.6377 0.01
r 69.6 0.01 2 24.7664 0.01
r 69.8 0.01 2 24.8955 0.01
r 70 0.01 2 25.0251 0.01
s 43.3 2 201
r 30 0.01 2 8.88608 0.01
r 30.2 0.01 2 8.75227 0.01
r 30.4 0.01 2 8.61704 0.01
r 30.6 0.01 2 8.48373 0.01
r 30.8 0.01 2 8.35071 0.01
r 31 0.01 2 8.22831 0.01
r 31.2 0.01 2 8.10077 0.01
r 31.4 0.01 2 7.98512 0.01
r 31.6 0.01 2 7.83941 0.01
r 31.8 0.01 2 7.70286 0.01
r 32 0.01 2 7.58426 0.01
r 32.2 0.01 2 7.45167 0.01
r 32.4 0.01 2 7.32966 0.01
r 32.6 0.01 2 7.21627 0.01
r 32.8 0.01 2 7.08349 0.01
r 33 0.01 2 6.93737 0.01
r 33.2 0.01 2 6.80541 0.01
r 33.4 0.01 2 6.67597 0.01
r 33.6 0.01 2 6.55018 0.01
r 33.8 0.01 2 6.42325 0.01
r 34 0.01 2 6.29897 0.01
r 34.2 0.01 2 6.17178 0.01
r 34.4 0.01 2 6.04312 0.01
r 34.6 0.01 2 5.91435 0.01
r 34.8 0.01 2 5.78286 0.01
r 35 0.01 2 5.65676 0.01
r 35.2 0.01 2 5.52835 0.01
r 35.4 0.01 2 5.40426 0.01
r 35.6 0.01 2 5.27546 0.01
r 35.8 0.01 2 5.14441 0.01
r 36 0.01 2 5.02015 0.01
r 36.2 0.01 2 4.89244 0.01
r 36.4 0.01 2 4.76654 0.01
r 36.6 0.01 2 4.64181 0.01
r 36.8 0.01 2 4.51669 0.01
r 37 0.01 2 4.39369 0.01
r 37.2 0.01 2 4.26827 0.01
r 37.4 0.01 2 4.14235 0.01
r 37.6 0.01 2 4.01658 0.01
r 37.8 0.01 2 3.89144 0.01
r 38 0.01 2 3.76666 0.01
r 38.2 0.01 2 3.64218 0.01
r 38.4 0.01 2 3.51852 0.01
r 38.6 0.01 2 3.39544 0.01
r 38.8 0.01 2 3.27286 0.01
r 39 0.01 2 3.15094 0.01
r 39.2 0.01 2 3.02994 0.01
r 39.4 0.01 2 2.91014 0.01
r 39.6 0.01 2 2.79166 0.01
r 39.8 0.01 2 2.67457 0.01
r 40 0.01 2 2.55901 0.01
r 40.2 0.01 2 2.4463 0.01
r 40.4 0.01 2 2.33544 0.01
r 40.6 0.01 2 2.22637 0.01
r 40.8 0.01 2 2.11933 0.01
r 41 0.01 2 2.01623 0.01
r 41.2 0.01 2 1.91699 0.01
r 41.4 0.01 2 1.82191 0.01
r 41.6 0.01 2 1.73218 0.01
r 41.8 0.01 2 1.64834 0.01
r 42 0.01 2 1.57141 0.01
r 42.2 0.01 2 1.50211 0.01
r 42.4 0.01 2 1.44179 0.01
r 42.6 0.01 2 1.39409 0.01
r 42.8 0.01 2 1.35327 0.01
r 43 0.01 2 1.32588 0.01
r 43.2 0.01 2 1.31215 0.01
r 43.4 0.01 2 1.31112 0.01
r 43.6 0.01 2 1.32271 0.01
r 43.8 0.01 2 1.34727 0.01
r 44 0.01 2 1.38406 0.01
r 44.2 0.01 2 1.43173 0.01
r 44.4 0.01 2 1.48939 0.01
r 44.6 0.01 2 1.55595 0.01
r 44.8 0.01 2 1.6298 0.01
r 45 0.01 2 1.71058 0.01
r 45.2 0.01 2 1.79677 0.01
r 45.4 0.01 2 1.88846 0.01
r 45.6 0.01 2 1.98444 0.01
r 45.8 0.01 2 2.08164 0.01
r 46 0.01 2 2.18354 0.01
r 46.2 0.01 2 2.28713 0.01
r 46.4 0.01 2 2.39334 0.01
r 46.6 0.01 2 2.501 0.01
r 46.8 0.01 2 2.61047 0.01
r 47 0.01 2 2.72126 0.01
r 47.2 0.01 2 2.83286 0.01
r 47.4 0.01 2 2.9453 0.01
r 47.6 0.01 2 3.0583 0.01
r 47.8 0.01 2 3.17203 0.01
r 48 0.01 2 3.28616 0.01
r 48.2 0.01 2 3.401 0.01
r 48.4 0.01 2 3.51655 0.01
r 48.6 0.01 2 3.63268 0.01
r 48.8 0.01 2 3.74943 0.01
r 49 0.01 2 3.86638 0.01
r 49.2 0.01 2 3.98328 0.01
r 49.4 0.01 2 4.10017 0.01
r 49.6 0.01 2 4.21739 0.01
r 49.8 0.01 2 4.3347 0.01
r 50 0.01 2 4.45183 0.01
r 50.2 0.01 2 4.56911 0.01
r 50.4 0.01 2 4.68654 0.01
r 50.6 0.01 2 4.80443 0.01
r 50.8 0.01 2 4.92274 0.01
r 51 0.01 2 5.04084 0.01
r 51.2 0.01 2 5.1599 0.01
r 51.4 0.01 2 5.27831 0.01
r 51.6 0.01 2 5.39695 0.01
r 51.8 0.01 2 5.5158 0.01
r 52 0.01 2 5.6351 0.01
r 52.2 0.01 2 5.75462 0.01
r 52.4 0.01 2 5.87438 0.01
r 52.6 0.01 2 5.99343 0.01
r 52.8 0.01 2 6.11294 0.01
r 53 0.01 2 6.23279 0.01
r 53.2 0.01 2 6.35288 0.01
r 53.4 0.01 2 6.47318 0.01
r 53.6 0.01 2 6.59345 0.01
r 53.8 0.01 2 6.71382 0.01
r 54 0.01 2 6.83461 0.01
r 54.2 0.01 2 6.95515 0.01
r 54.4 0.01 2 7.07578 0.01
r 54.6 0.01 2 7.19682 0.01
r 54.8 0.01 2 7.3176 0.01
r 55 0.01 2 7.43873 0.01
r 55.2 0.01 2 7.55966 0.01
r 55.4 0.01 2 7.68068 0.01
r 55.6 0.01 2 7.80181 0.01
r 55.8 0.01 2 7.92318 0.01
r 56 0.01 2 8.04452 0.01
r 56.2 0.01 2 8.16609 0.01
r 56.4 0.01 2 8.28782 0.01
r 56.6 0.01 2 8.40993 0.01
r 56.8 0.01 2 8.53188 0.01
r 57 0.01 2 8.65303 0.01
r 57.2 0.01 2 8.77525 0.01
r 57.4 0.01 2 8.89764 0.01
r 57.6 0.01 2 9.01945 0.01
r 57.8 0.01 2 9.14143 0.01
r 58 0.01 2 9.26355 0.01
r 58.2 0.01 2 9.38579 0.01
r 58.4 0.01 2 9.50806 0.01
r 58.6 0.01 2 9.63062 0.01
r 58.8 0.01 2 9.75321 0.01
r 59 0.01 2 9.87589 0.01
r 59.2 0.01 2 9.99861 0.01
r 59.4 0.01 2 10.1213 0.01
r 59.6 0.01 2 10.2442 0.01
r 59.8 0.01 2 10.3672 0.01
r 60 0.01 2 10.4901 0.01
r 60.2 0.01 2 10.6132 0.01
r 60.4 0.01 2 10.7363 0.01
r 60.6 0.01 2 10.8594 0.01
r 60.8 0.01 2 10.9827 0.01
r 61 0.01 2 11.1107 0.01
r 61.2 0.01 2 11.2339 0.01
r 61.4 0.01 2 11.3571 0.01
r 61.6 0.01 2 11.4793 0.01
r 61.8 0.01 2 11.6018 0.01
r 62 0.01 2 11.7242 0.01
r 62.2 0.01 2 11.8466 0.01
r 62.4 0.01 2 11.969 0.01
r 62.6 0.01 2 12.0914 0.01
r 62.8 0.01 2 12.2138 0.01
r 63 0.01 2 12.3361 0.01
r 63.2 0.01 2 12.4585 0.01
r 63.4 0.01 2 12.581 0.01
r 63.6 0.01 2 12.7039 0.01
r 63.8 0.01 2 12.8268 0.01
r 64 0.01 2 12.9498 0.01
r 64.2 0.01 2 13.073 0.01
r 64.4 0.01 2 13.1965 0.01
r 64.6 0.01 2 13.3199 0.01
r 64.8 0.01 2 13.4435 0.01
r 65 0.01 2 13.5671 0.01
r 65.2 0.01 2 13.6909 0.01
r 65.4 0.01 2 13.8153 0.01
r 65.6 0.01 2 13.9392 0.01
r 65.8 0.01 2 14.0635 0.01
r 66 0.01 2 14.1878 0.01
r 66.2 0.01 2 14.3123 0.01
r 66.4 0.01 2 14.437 0.01
r 66.6 0.01 2 14.5616 0.01
r 66.8 0.01 2 14.6865 0.01
r 67 0.01 2 14.8115 0.01
r 67.2 0.01 2 14.9381 0.01
r 67.4 0.01 2 15.0619 0.01
r 67.6 0.01 2 15.1878 0.01
r 67.8 0.01 2 15.3134 0.01
r 68 0.01 2 15.4394 0.01
r 68.2 0.01 2 15.5657 0.01
r 68.4 0.01 2 15.6924 0.01
r 68.6 0.01 2 15.8194 0.01
r 68.8 0.01 2 15.9481 0.01
r 69 0.01 2 16.0747 0.01
r 69.2 0.01 2 16.2029 0.01
r 69.4 0.01 2 16.3315 0.01
r 69.6 0.01 2 16.4602 0.01
r 69.8 0.01 2 16.5895 0.01
r 70 0.01 2 16.719 0.01
s 56.7 2 201
r 30 0.01 2 17.3247 0.01
r 30.2 0.01 2 17.1908 0.01
r 30.4 0.01 2 17.0595 0.01
r 30.6 0.01 2 16.9261 0.01
r 30.8 0.01 2 16.7921 0.01
r 31 0.01 2 16.6741 0.01
r 31.2 0.01 2 16.5454 0.01
r 31.4 0.01 2 16.4299 0.01
r 31.6 0.01 2 16.2815 0.01
r 31.8 0.01 2 16.1495 0.01
r 32 0.01 2 16.0221 0.01
r 32.2 0.01 2 15.8932 0.01
r 32.4 0.01 2 15.7737 0.01
r 32.6 0.01 2 15.6428 0.01
r 32.8 0.01 2 15.5199 0.01
r 33 0.01 2 15.3958 0.01
r 33.2 0.01 2 15.2657 0.01
r 33.4 0.01 2 15.141 0.01
r 33.6 0.01 2 15.0026 0.01
r 33.8 0.01 2 14.8686 0.01
r 34 0.01 2 14.749 0.01
r 34.2 0.01 2 14.6156 0.01
r 34.4 0.01 2 14.4951 0.01
r 34.6 0.01 2 14.3634 0.01
r 34.8 0.01 2 14.2351 0.01
r 35 0.01 2 14.1191 0.01
r 35.2 0.01 2 13.9888 0.01
r 35.4 0.01 2 13.8585 0.01
r 35.6 0.01 2 13.7275 0.01
r 35.8 0.01 2 13.5963 0.01
r 36 0.01 2 13.474 0.01
r 36.2 0.01 2 13.3425 0.01
r 36.4 0.01 2 13.2242 0.01
r 36.6 0.01 2 13.0909 0.01
r 36.8 0.01 2 12.9595 0.01
r 37 0.01 2 12.8362 0.01
r 37.2 0.01 2 12.7071 0.01
r 37.4 0.01 2 12.578 0.01
r 37.6 0.01 2 12.4479 0.01
r 37.8 0.01 2 12.3179 0.01
r 38 0.01 2 12.19 0.01
r 38.2 0.01 2 12.062 0.01
r 38.4 0.01 2 11.9365 0.01
r 38.6 0.01 2 11.8051 0.01
r 38.8 0.01 2 11.6822 0.01
r 39 0.01 2 11.5457 0.01
r 39.2 0.01 2 11.414 0.01
r 39.4 0.01 2 11.2843 0.01
r 39.6 0.01 2 11.1551 0.01
r 39.8 0.01 2 11.0269 0.01
r 40 0.01 2 10.8955 0.01
r 40.2 0.01 2 10.7642 0.01
r 40.4 0.01 2 10.6364 0.01
r 40.6 0.01 2 10.5042 0.01
r 40.8 0.01 2 10.3747 0.01
r 41 0.01 2 10.2485 0.01
r 41.2 0.01 2 10.1183 0.01
r 41.4 0.01 2 9.99063 0.01
r 41.6 0.01 2 9.86111 0.01
r 41.8 0.01 2 9.73279 0.01
r 42 0.01 2 9.6027 0.01
r 42.2 0.01 2 9.47478 0.01
r 42.4 0.01 2 9.34766 0.01
r 42.6 0.01 2 9.21859 0.01
r 42.8 0.01 2 9.09108 0.01
r 43 0.01 2 8.99004 0.01
r 43.2 0.01 2 8.85883 0.01
r 43.4 0.01 2 8.72726 0.01
r 43.6 0.01 2 8.59557 0.01
r 43.8 0.01 2 8.46425 0.01
r 44 0.01 2 8.33286 0.01
r 44.2 0.01 2 8.20174 0.01
r 44.4 0.01 2 8.07099 0.01
r 44.6 0.01 2 7.94075 0.01
r 44.8 0.01 2 7.81025 0.01
r 45 0.01 2 7.67905 0.01
r 45.2 0.01 2 7.54898 0.01
r 45.4 0.01 2 7.41902 0.01
r 45.6 0.01 2 7.28914 0.01
r 45.8 0.01 2 7.15942 0.01
r 46 0.01 2 7.02988 0.01
r 46.2 0.01 2 6.9006 0.01
r 46.4 0.01 2 6.77173 0.01
r 46.6 0.01 2 6.64301 0.01
r 46.8 0.01 2 6.51458 0.01
r 47 0.01 2 6.38464 0.01
r 47.2 0.01 2 6.25519 0.01
r 47.4 0.01 2 6.12596 0.01
r 47.6 0.01 2 5.99703 0.01
r 47.8 0.01 2 5.86839 0.01
r 48 0.01 2 5.74015 0.01
r 48.2 0.01 2 5.61238 0.01
r 48.4 0.01 2 5.48345 0.01
r 48.6 0.01 2 5.35635 0.01
r 48.8 0.01 2 5.22923 0.01
r 49 0.01 2 5.1027 0.01
r 49.2 0.01 2 4.97649 0.01
r 49.4 0.01 2 4.85058 0.01
r 49.6 0.01 2 4.72475 0.01
r 49.8 0.01 2 4.59939 0.01
r 50 0.01 2 4.4746 0.01
r 50.2 0.01 2 4.35033 0.01
r 50.4 0.01 2 4.22656 0.01
r 50.6 0.01 2 4.10316 0.01
r 50.8 0.01 2 3.98038 0.01
r 51 0.01 2 3.85811 0.01
r 51.2 0.01 2 3.73638 0.01
r 51.4 0.01 2 3.61533 0.01
r 51.6 0.01 2 3.49496 0.01
r 51.8 0.01 2 3.37532 0.01
r 52 0.01 2 3.25645 0.01
r 52.2 0.01 2 3.13855 0.01
r 52.4 0.01 2 3.02162 0.01
r 52.6 0.01 2 2.90578 0.01
r 52.8 0.01 2 2.79105 0.01
r 53 0.01 2 2.67769 0.01
r 53.2 0.01 2 2.5656 0.01
r 53.4 0.01 2 2.45531 0.01
r 53.6 0.01 2 2.34677 0.01
r 53.8 0.01 2 2.2404 0.01
r 54 0.01 2 2.13646 0.01
r 54.2 0.01 2 2.0353 0.01
r 54.4 0.01 2 1.93723 0.01
r 54.6 0.01 2 1.84268 0.01
r 54.8 0.01 2 1.75241 0.01
r 55 0.01 2 1.66674 0.01
r 55.2 0.01 2 1.58775 0.01
r 55.4 0.01 2 1.51382 0.01
r 55.6 0.01 2 1.44785 0.01
r 55.8 0.01 2 1.39058 0.01
r 56 0.01 2 1.34321 0.01
r 56.2 0.01 2 1.30661 0.01
r 56.4 0.01 2 1.28207 0.01
r 56.6 0.01 2 1.2699 0.01
r 56.8 0.01 2 1.26997 0.01
r 57 0.01 2 1.28343 0.01
r 57.2 0.01 2 1.30857 0.01
r 57.4 0.01 2 1.34439 0.01
r 57.6 0.01 2 1.39193 0.01
r 57.8 0.01 2 1.44905 0.01
r 58 0.01 2 1.51464 0.01
r 58.2 0.01 2 1.58811 0.01
r 58.4 0.01 2 1.66797 0.01
r 58.6 0.01 2 1.7536 0.01
r 58.8 0.01 2 1.84412 0.01
r 59 0.01 2 1.93877 0.01
r 59.2 0.01 2 2.03691 0.01
r 59.4 0.01 2 2.13862 0.01
r 59.6 0.01 2 2.24303 0.01
r 59.8 0.01 2 2.34975 0.01
r 60 0.01 2 2.45833 0.01
r 60.2 0.01 2 2.56915 0.01
r 60.4 0.01 2 2.68112 0.01
r 60.6 0.01 2 2.79436 0.01
r 60.8 0.01 2 2.90722 0.01
r 61 0.01 2 3.02265 0.01
r 61.2 0.01 2 3.13915 0.01
r 61.4 0.01 2 3.25664 0.01
r 61.6 0.01 2 3.3748 0.01
r 61.8 0.01 2 3.4938 0.01
r 62 0.01 2 3.61315 0.01
r 62.2 0.01 2 3.73325 0.01
r 62.4 0.01 2 3.8534 0.01
r 62.6 0.01 2 3.97406 0.01
r 62.8 0.01 2 4.09515 0.01
r 63 0.01 2 4.21671 0.01
r 63.2 0.01 2 4.33856 0.01
r 63.4 0.01 2 4.46037 0.01
r 63.6 0.01 2 4.58306 0.01
r 63.8 0.01 2 4.70524 0.01
r 64 0.01 2 4.82848 0.01
r 64.2 0.01 2 4.95134 0.01
r 64.4 0.01 2 5.07493 0.01
r 64.6 0.01 2 5.19833 0.01
r 64.8 0.01 2 5.3219 0.01
r 65 0.01 2 5.44559 0.01
r 65.2 0.01 2 5.56956 0.01
r 65.4 0.01 2 5.6939 0.01
r 65.6 0.01 2 5.81789 0.01
r 65.8 0.01 2 5.94156 0.01
r 66 0.01 2 6.06702 0.01
r 66.2 0.01 2 6.19049 0.01
r 66.4 0.01 2 6.31616 0.01
r 66.6 0.01 2 6.44111 0.01
r 66.8 0.01 2 6.5659 0.01
r 67 0.01 2 6.6918 0.01
r 67.2 0.01 2 6.81659 0.01
r 67.4 0.01 2 6.94197 0.01
r 67.6 0.01 2 7.06708 0.01
r 67.8 0.01 2 7.19288 0.01
r 68 0.01 2 7.31969 0.01
r 68.2 0.01 2 7.44571 0.01
r 68.4 0.01 2 7.57198 0.01
r 68.6 0.01 2 7.69971 0.01
r 68.8 0.01 2 7.82699 0.01
r 69 0.01 2 7.95477 0.01
r 69.2 0.01 2 8.0828 0.01
r 69.4 0.01 2 8.2112 0.01
r 69.6 0.01 2 8.34017 0.01
r 69.8 0.01 2 8.4693 0.01
r 70 0.01 2 8.59882 0.01
s 70 2 201
r 30 0.01 2 25.7615 0.01
r 30.2 0.01 2 25.5981 0.01
r 30.4 0.01 2 25.4863 0.01
r 30.6 0.01 2 25.3544 0.01
r 30.8 0.01 2 25.2229 0.01
r 31 0.01 2 25.0917 0.01
r 31.2 0.01 2 24.9601 0.01
r 31.4 0.01 2 24.8264 0.01
r 31.6 0.01 2 24.6956 0.01
r 31.8 0.01 2 24.5724 0.01
r 32 0.01 2 24.4429 0.01
r 32.2 0.01 2 24.3027 0.01
r 32.4 0.01 2 24.1752 0.01
r 32.6 0.01 2 24.0631 0.01
r 32.8 0.01 2 23.9227 0.01
r 33 0.01 2 23.8015 0.01
r 33.2 0.01 2 23.6699 0.01
r 33.4 0.01 2 23.5401 0.01
r 33.6 0.01 2 23.4192 0.01
r 33.8 0.01 2 23.3023 0.01
r 34 0.01 2 23.1544 0.01
r 34.2 0.01 2 23.0326 0.01
r 34.4 0.01 2 22.9083 0.01
r 34.6 0.01 2 22.7806 0.01
r 34.8 0.01 2 22.6681 0.01
r 35 0.01 2 22.5311 0.01
r 35.2 0.01 2 22.4089 0.01
r 35.4 0.01 2 22.2702 0.01
r 35.6 0.01 2 22.1437 0.01
r 35.8 0.01 2 22.0184 0.01
r 36 0.01 2 21.8878 0.01
r 36.2 0.01 2 21.7626 0.01
r 36.4 0.01 2 21.6382 0.01
r 36.6 0.01 2 21.5141 0.01
r 36.8 0.01 2 21.3849 0.01
r 37 0.01 2 21.2558 0.01
r 37.2 0.01 2 21.1271 0.01
r 37.4 0.01 2 20.9995 0.01
r 37.6 0.01 2 20.8682 0.01
r 37.8 0.01 2 20.7406 0.01
r 38 0.01 2 20.6102 0.01
r 38.2 0.01 2 20.4823 0.01
r 38.4 0.01 2 20.3556 0.01
r 38.6 0.01 2 20.2307 0.01
r 38.8 0.01 2 20.099 0.01
r 39 0.01 2 19.9743 0.01
r 39.2 0.01 2 19.8378 0.01
r 39.4 0.01 2 19.7059 0.01
r 39.6 0.01 2 19.5823 0.01
r 39.8 0.01 2 19.4474 0.01
r 40 0.01 2 19.321 0.01
r 40.2 0.01 2 19.1902 0.01
r 40.4 0.01 2 19.0604 0.01
r 40.6 0.01 2 18.9289 0.01
r 40.8 0.01 2 18.8018 0.01
r 41 0.01 2 18.6681 0.01
r 41.2 0.01 2 18.538 0.01
r 41.4 0.01 2 18.4114 0.01
r 41.6 0.01 2 18.2818 0.01
r 41.8 0.01 2 18.157 0.01
r 42 0.01 2 18.0261 0.01
r 42.2 0.01 2 17.9007 0.01
r 42.4 0.01 2 17.7587 0.01
r 42.6 0.01 2 17.6378 0.01
r 42.8 0.01 2 17.5047 0.01
r 43 0.01 2 17.3725 0.01
r 43.2 0.01 2 17.2405 0.01
r 43.4 0.01 2 17.1108 0.01
r 43.6 0.01 2 16.9769 0.01
r 43.8 0.01 2 16.8617 0.01
r 44 0.01 2 16.7306 0.01
r 44.2 0.01 2 16.5848 0.01
r 44.4 0.01 2 16.4544 0.01
r 44.6 0.01 2 16.3224 0.01
r 44.8 0.01 2 16.1937 0.01
r 45 0.01 2 16.0706 0.01
r 45.2 0.01 2 15.9351 0.01
r 45.4 0.01 2 15.7986 0.01
r 45.6 0.01 2 15.6621 0.01
r 45.8 0.01 2 15.5267 0.01
r 46 0.01 2 15.3911 0.01
r 46.2 0.01 2 15.2559 0.01
r 46.4 0.01 2 15.1208 0.01
r 46.6 0.01 2 14.9867 0.01
r 46.8 0.01 2 14.852 0.01
r 47 0.01 2 14.7179 0.01
r 47.2 0.01 2 14.5836 0.01
r 47.4 0.01 2 14.4505 0.01
r 47.6 0.01 2 14.32 0.01
r 47.8 0.01 2 14.1862 0.01
r 48 0.01 2 14.0531 0.01
r 48.2 0.01 2 13.9217 0.01
r 48.4 0.01 2 13.7907 0.01
r 48.6 0.01 2 13.6582 0.01
r 48.8 0.01 2 13.5286 0.01
r 49 0.01 2 13.398 0.01
r 49.2 0.01 2 13.2666 0.01
r 49.4 0.01 2 13.1364 0.01
r 49.6 0.01 2 13.0082 0.01
r 49.8 0.01 2 12.8781 0.01
r 50 0.01 2 12.7482 0.01
r 50.2 0.01 2 12.62 0.01
r 50.4 0.01 2 12.491 0.01
r 50.6 0.01 2 12.3645 0.01
r 50.8 0.01 2 12.2366 0.01
r 51 0.01 2 12.1089 0.01
r 51.2 0.01 2 11.9805 0.01
r 51.4 0.01 2 11.8532 0.01
r 51.6 0.01 2 11.727 0.01
r 51.8 0.01 2 11.5992 0.01
r 52 0.01 2 11.4752 0.01
r 52.2 0.01 2 11.348 0.01
r 52.4 0.01 2 11.2225 0.01
r 52.6 0.01 2 11.0961 0.01
r 52.8 0.01 2 10.9712 0.01
r 53 0.01 2 10.8457 0.01
r 53.2 0.01 2 10.7185 0.01
r 53.4 0.01 2 10.5938 0.01
r 53.6 0.01 2 10.4693 0.01
r 53.8 0.01 2 10.346 0.01
r 54 0.01 2 10.2198 0.01
r 54.2 0.01 2 10.0963 0.01
r 54.4 0.01 2 9.97308 0.01
r 54.6 0.01 2 9.84695 0.01
r 54.8 0.01 2 9.7239 0.01
r 55 0.01 2 9.60005 0.01
r 55.2 0.01 2 9.47699 0.01
r 55.4 0.01 2 9.35296 0.01
r 55.6 0.01 2 9.23009 0.01
r 55.8 0.01 2 9.10629 0.01
r 56 0.01 2 8.98199 0.01
r 56.2 0.01 2 8.86022 0.01
r 56.4 0.01 2 8.73711 0.01
r 56.6 0.01 2 8.61411 0.01
r 56.8 0.01 2 8.49148 0.01
r 57 0.01 2 8.3688 0.01
r 57.2 0.01 2 8.24554 0.01
r 57.4 0.01 2 8.12395 0.01
r 57.6 0.01 2 8.00124 0.01
r 57.8 0.01 2 7.8771 0.01
r 58 0.01 2 7.75562 0.01
r 58.2 0.01 2 7.63277 0.01
r 58.4 0.01 2 7.50979 0.01
r 58.6 0.01 2 7.38688 0.01
r 58.8 0.01 2 7.26395 0.01
r 59 0.01 2 7.14089 0.01
r 59.2 0.01 2 7.01817 0.01
r 59.4 0.01 2 6.8954 0.01
r 59.6 0.01 2 6.77281 0.01
r 59.8 0.01 2 6.65025 0.01
r 60 0.01 2 6.52783 0.01
r 60.2 0.01 2 6.40549 0.01
r 60.4 0.01 2 6.28321 0.01
r 60.6 0.01 2 6.16103 0.01
r 60.8 0.01 2 6.0389 0.01
r 61 0.01 2 5.91716 0.01
r 61.2 0.01 2 5.79501 0.01
r 61.4 0.01 2 5.67259 0.01
r 61.6 0.01 2 5.55045 0.01
r 61.8 0.01 2 5.42837 0.01
r 62 0.01 2 5.3063 0.01
r 62.2 0.01 2 5.18449 0.01
r 62.4 0.01 2 5.06255 0.01
r 62.6 0.01 2 4.9425 0.01
r 62.8 0.01 2 4.82043 0.01
r 63 0.01 2 4.6979 0.01
r 63.2 0.01 2 4.57648 0.01
r 63.4 0.01 2 4.45539 0.01
r 63.6 0.01 2 4.33456 0.01
r 63.8 0.01 2 4.21399 0.01
r 64 0.01 2 4.09343 0.01
r 64.2 0.01 2 3.97324 0.01
r 64.4 0.01 2 3.85329 0.01
r 64.6 0.01 2 3.73467 0.01
r 64.8 0.01 2 3.61479 0.01
r 65 0.01 2 3.49543 0.01
r 65.2 0.01 2 3.37703 0.01
r 65.4 0.01 2 3.25905 0.01
r 65.6 0.01 2 3.14321 0.01
r 65.8 0.01 2 3.02567 0.01
r 66 0.01 2 2.91016 0.01
r 66.2 0.01 2 2.79651 0.01
r 66.4 0.01 2 2.68274 0.01
r 66.6 0.01 2 2.57107 0.01
r 66.8 0.01 2 2.4608 0.01
r 67 0.01 2 2.35238 0.01
r 67.2 0.01 2 2.24621 0.01
r 67.4 0.01 2 2.14208 0.01
r 67.6 0.01 2 2.04104 0.01
r 67.8 0.01 2 1.94348 0.01
r 68 0.01 2 1.84898 0.01
r 68.2 0.01 2 1.75999 0.01
r 68.4 0.01 2 1.67627 0.01
r 68.6 0.01 2 1.59791 0.01
r 68.8 0.01 2 1.5271 0.01
r 69 0.01 2 1.46433 0.01
r 69.2 0.01 2 1.41094 0.01
r 69.4 0.01 2 1.36808 0.01
r 69.6 0.01 2 1.33684 0.01
r 69.8 0.01 2 1.31805 0.01
r 70 0.01 2 1.31227 0.01
