4
s 30 2 402
r 30 0.01 2 1.38677 0.01
r 30.2 0.01 2 1.39379 0.01
r 30.4 0.01 2 1.41454 0.01
r 30.6 0.01 2 1.44846 0.01
r 30.8 0.01 2 1.49465 0.01
r 31 0.01 2 1.55252 0.01
r 31.2 0.01 2 1.61999 0.01
r 31.4 0.01 2 1.69766 0.01
r 31.6 0.01 2 1.77858 0.01
r 31.8 0.01 2 1.86851 0.01
r 32 0.01 2 1.96448 0.01
r 32.2 0.01 2 2.06457 0.01
r 32.4 0.01 2 2.16875 0.01
r 32.6 0.01 2 2.27642 0.01
r 32.8 0.01 2 2.38704 0.01
r 33 0.01 2 2.50167 0.01
r 33.2 0.01 2 2.61491 0.01
r 33.4 0.01 2 2.73154 0.01
r 33.6 0.01 2 2.84975 0.01
r 33.8 0.01 2 2.96973 0.01
r 34 0.01 2 3.08934 0.01
r 34.2 0.01 2 3.21048 0.01
r 34.4 0.01 2 3.33233 0.01
r 34.6 0.01 2 3.45476 0.01
r 34.8 0.01 2 3.5774 0.01
r 35 0.01 2 3.70067 0.01
r 35.2 0.01 2 3.82379 0.01
r 35.4 0.01 2 3.94741 0.01
r 35.6 0.01 2 4.07052 0.01
r 35.8 0.01 2 4.1941 0.01
r 36 0.01 2 4.31751 0.01
r 36.2 0.01 2 4.44149 0.01
r 36.4 0.01 2 4.56451 0.01
r 36.6 0.01 2 4.6881 0.01
r 36.8 0.01 2 4.81109 0.01
r 37 0.01 2 4.9346 0.01
r 37.2 0.01 2 5.0574 0.01
r 37.4 0.01 2 5.18034 0.01
r 37.6 0.01 2 5.3032 0.01
r 37.8 0.01 2 5.42593 0.01
r 38 0.01 2 5.54866 0.01
r 38.2 0.01 2 5.67111 0.01
r 38.4 0.01 2 5.79368 0.01
r 38.6 0.01 2 5.91601 0.01
r 38.8 0.01 2 6.03805 0.01
r 39 0.01 2 6.15992 0.01
r 39.2 0.01 2 6.2816 0.01
r 39.4 0.01 2 6.40324 0.01
r 39.6 0.01 2 6.52483 0.01
r 39.8 0.01 2 6.64634 0.01
r 40 0.01 2 6.76753 0.01
r 40.2 0.01 2 6.8889 0.01
r 40.4 0.01 2 7.00994 0.01
r 40.6 0.01 2 7.13063 0.01
r 40.8 0.01 2 7.25123 0.01
r 41 0.01 2 7.37176 0.01
r 41.2 0.01 2 7.49195 0.01
r 41.4 0.01 2 7.61221 0.01
r 41.6 0.01 2 7.73232 0.01
r 41.8 0.01 2 7.85244 0.01
r 42 0.01 2 7.97232 0.01
r 42.2 0.01 2 8.09215 0.01
r 42.4 0.01 2 8.21192 0.01
r 42.6 0.01 2 8.33019 0.01
r 42.8 0.01 2 8.44959 0.01
r 43 0.01 2 8.56776 0.01
r 43.2 0.01 2 8.68647 0.01
r 43.4 0.01 2 8.80501 0.01
r 43.6 0.01 2 8.92361 0.01
r 43.8 0.01 2 9.042 0.01
r 44 0.01 2 9.16093 0.01
r 44.2 0.01 2 9.27907 0.01
r 44.4 0.01 2 9.39707 0.01
r 44.6 0.01 2 9.51521 0.01
r 44.8 0.01 2 9.6335 0.01
r 45 0.01 2 9.75132 0.01
r 45.2 0.01 2 9.8693 0.01
r 45.4 0.01 2 9.98742 0.01
r 45.6 0.01 2 10.1054 0.01
r 45.8 0.01 2 10.2235 0.01
r 46 0.01 2 10.3411 0.01
r 46.2 0.01 2 10.4592 0.01
r 46.4 0.01 2 10.5772 0.01
r 46.6 0.01 2 10.6953 0.01
r 46.8 0.01 2 10.8135 0.01
r 47 0.01 2 10.9315 0.01
r 47.2 0.01 2 11.0494 0.01
r 47.4 0.01 2 11.1675 0.01
r 47.6 0.01 2 11.2856 0.01
r 47.8 0.01 2 11.4036 0.01
r 48 0.01 2 11.5217 0.01
r 48.2 0.01 2 11.6399 0.01
r 48.4 0.01 2 11.7582 0.01
r 48.6 0.01 2 11.8766 0.01
r 48.8 0.01 2 11.9951 0.01
r 49 0.01 2 12.1136 0.01
r 49.2 0.01 2 12.2322 0.01
r 49.4 0.01 2 12.3508 0.01
r 49.6 0.01 2 12.4695 0.01
r 49.8 0.01 2 12.5883 0.01
r 50 0.01 2 12.707 0.01
r 50.2 0.01 2 12.8256 0.01
r 50.4 0.01 2 12.9446 0.01
r 50.6 0.01 2 13.0636 0.01
r 50.8 0.01 2 13.1828 0.01
r 51 0.01 2 13.302 0.01
r 51.2 0.01 2 13.4214 0.01
r 51.4 0.01 2 13.5408 0.01
r 51.6 0.01 2 13.6603 0.01
r 51.8 0.01 2 13.7799 0.01
r 52 0.01 2 13.8996 0.01
r 52.2 0.01 2 14.0193 0.01
r 52.4 0.01 2 14.1391 0.01
r 52.6 0.01 2 14.259 0.01
r 52.8 0.01 2 14.3791 0.01
r 53 0.01 2 14.4989 0.01
r 53.2 0.01 2 14.6191 0.01
r 53.4 0.01 2 14.7395 0.01
r 53.6 0.01 2 14.8599 0.01
r 53.8 0.01 2 14.9803 0.01
r 54 0.01 2 15.1009 0.01
r 54.2 0.01 2 15.2215 0.01
r 54.4 0.01 2 15.3422 0.01
r 54.6 0.01 2 15.463 0.01
r 54.8 0.01 2 15.584 0.01
r 55 0.01 2 15.7049 0.01
r 55.2 0.01 2 15.8261 0.01
r 55.4 0.01 2 15.9472 0.01
r 55.6 0.01 2 16.0684 0.01
r 55.8 0.01 2 16.1898 0.01
r 56 0.01 2 16.311 0.01
r 56.2 0.01 2 16.4326 0.01
r 56.4 0.01 2 16.5541 0.01
r 56.6 0.01 2 16.6757 0.01
r 56.8 0.01 2 16.7973 0.01
r 57 0.01 2 16.919 0.01
r 57.2 0.01 2 17.0407 0.01
r 57.4 0.01 2 17.1626 0.01
r 57.6 0.01 2 17.2845 0.01
r 57.8 0.01 2 17.4065 0.01
r 58 0.01 2 17.5285 0.01
r 58.2 0.01 2 17.6507 0.01
r 58.4 0.01 2 17.7729 0.01
r 58.6 0.01 2 17.8947 0.01
r 58.8 0.01 2 18.017 0.01
r 59 0.01 2 18.1393 0.01
r 59.2 0.01 2 18.2617 0.01
r 59.4 0.01 2 18.3842 0.01
r 59.6 0.01 2 18.5066 0.01
r 59.8 0.01 2 18.6292 0.01
r 60 0.01 2 18.7518 0.01
r 60.2 0.01 2 18.8745 0.01
r 60.4 0.01 2 18.9973 0.01
r 60.6 0.01 2 19.1202 0.01
r 60.8 0.01 2 19.2432 0.01
r 61 0.01 2 19.3663 0.01
r 61.2 0.01 2 19.4895 0.01
r 61.4 0.01 2 19.6128 0.01
r 61.6 0.01 2 19.7361 0.01
r 61.8 0.01 2 19.8596 0.01
r 62 0.01 2 19.9831 0.01
r 62.2 0.01 2 20.1067 0.01
r 62.4 0.01 2 20.2305 0.01
r 62.6 0.01 2 20.3544 0.01
r 62.8 0.01 2 20.4784 0.01
r 63 0.01 2 20.6026 0.01
r 63.2 0.01 2 20.7269 0.01
r 63.4 0.01 2 20.8513 0.01
r 63.6 0.01 2 20.9757 0.01
r 63.8 0.01 2 21.1004 0.01
r 64 0.01 2 21.2251 0.01
r 64.2 0.01 2 21.3499 0.01
r 64.4 0.01 2 21.4749 0.01
r 64.6 0.01 2 21.5999 0.01
r 64.8 0.01 2 21.7251 0.01
r 65 0.01 2 21.8505 0.01
r 65.2 0.01 2 21.9759 0.01
r 65.4 0.01 2 22.1014 0.01
r 65.6 0.01 2 22.227 0.01
r 65.8 0.01 2 22.3527 0.01
r 66 0.01 2 22.4785 0.01
r 66.2 0.01 2 22.6044 0.01
r 66.4 0.01 2 22.7304 0.01
r 66.6 0.01 2 22.8564 0.01
r 66.8 0.01 2 22.9825 0.01
r 67 0.01 2 23.1087 0.01
r 67.2 0.01 2 23.2349 0.01
r 67.4 0.01 2 23.3611 0.01
r 67.6 0.01 2 23.4874 0.01
r 67.8 0.01 2 23.6138 0.01
r 68 0.01 2 23.7402 0.01
r 68.2 0.01 2 23.8668 0.01
r 68.4 0.01 2 23.9933 0.01
r 68.6 0.01 2 24.12 0.01
r 68.8 0.01 2 24.2467 0.01
r 69 0.01 2 24.3735 0.01
r 69.2 0.01 2 24.5004 0.01
r 69.4 0.01 2 24.6274 0.01
r 69.6 0.01 2 24.7544 0.01
r 69.8 0.01 2 24.8816 0.01
r 70 0.01 2 25.0088 0.01
r 30 0.01 3 4.17511 0.01
r 30.2 0.01 3 4.17701 0.01
r 30.4 0.01 3 4.18354 0.01
r 30.6 0.01 3 4.19468 0.01
r 30.8 0.01 3 4.21042 0.01
r 31 0.01 3 4.23348 0.01
r 31.2 0.01 3 4.25675 0.01
r 31.4 0.01 3 4.28499 0.01
r 31.6 0.01 3 4.31811 0.01
r 31.8 0.01 3 4.35626 0.01
r 32 0.01 3 4.39723 0.01
r 32.2 0.01 3 4.44286 0.01
r 32.4 0.01 3 4.49306 0.01
r 32.6 0.01 3 4.5438 0.01
r 32.8 0.01 3 4.60027 0.01
r 33 0.01 3 4.66167 0.01
r 33.2 0.01 3 4.72334 0.01
r 33.4 0.01 3 4.79227 0.01
r 33.6 0.01 3 4.85971 0.01
r 33.8 0.01 3 4.93096 0.01
r 34 0.01 3 5.0043 0.01
r 34.2 0.01 3 5.11299 0.01
r 34.4 0.01 3 5.18443 0.01
r 34.6 0.01 3 5.24265 0.01
r 34.8 0.01 3 5.33286 0.01
r 35 0.01 3 5.41262 0.01
r 35.2 0.01 3 5.50047 0.01
r 35.4 0.01 3 5.59626 0.01
r 35.6 0.01 3 5.68418 0.01
r 35.8 0.01 3 5.77758 0.01
r 36 0.01 3 5.87033 0.01
r 36.2 0.01 3 5.96777 0.01
r 36.4 0.01 3 6.06725 0.01
r 36.6 0.01 3 6.169 0.01
r 36.8 0.01 3 6.268 0.01
r 37 0.01 3 6.4538 0.01
r 37.2 0.01 3 6.54919 0.01
r 37.4 0.01 3 6.61531 0.01
r 37.6 0.01 3 6.74302 0.01
r 37.8 0.01 3 6.83907 0.01
r 38 0.01 3 6.939 0.01
r 38.2 0.01 3 7.03995 0.01
r 38.4 0.01 3 7.14162 0.01
r 38.6 0.01 3 7.24366 0.01
r 38.8 0.01 3 7.34631 0.01
r 39 0.01 3 7.45011 0.01
r 39.2 0.01 3 7.5591 0.01
r 39.4 0.01 3 7.66797 0.01
r 39.6 0.01 3 7.77871 0.01
r 39.8 0.01 3 7.88962 0.01
r 40 0.01 3 8.00089 0.01
r 40.2 0.01 3 8.11693 0.01
r 40.4 0.01 3 8.22684 0.01
r 40.6 0.01 3 8.34135 0.01
r 40.8 0.01 3 8.45087 0.01
r 41 0.01 3 8.56557 0.01
r 41.2 0.01 3 8.67966 0.01
r 41.4 0.01 3 8.79521 0.01
r 41.6 0.01 3 8.90994 0.01
r 41.8 0.01 3 9.02332 0.01
r 42 0.01 3 9.13851 0.01
r 42.2 0.01 3 9.25402 0.01
r 42.4 0.01 3 9.37013 0.01
r 42.6 0.01 3 9.48643 0.01
r 42.8 0.01 3 9.603 0.01
r 43 0.01 3 9.7183 0.01
r 43.2 0.01 3 9.8352 0.01
r 43.4 0.01 3 9.95187 0.01
r 43.6 0.01 3 10.0655 0.01
r 43.8 0.01 3 10.1823 0.01
r 44 0.01 3 10.2997 0.01
r 44.2 0.01 3 10.4171 0.01
r 44.4 0.01 3 10.5347 0.01
r 44.6 0.01 3 10.6522 0.01
r 44.8 0.01 3 10.7773 0.01
r 45 0.01 3 10.879 0.01
r 45.2 0.01 3 10.9952 0.01
r 45.4 0.01 3 11.1114 0.01
r 45.6 0.01 3 11.228 0.01
r 45.8 0.01 3 11.3445 0.01
r 46 0.01 3 11.4611 0.01
r 46.2 0.01 3 11.5782 0.01
r 46.4 0.01 3 11.6954 0.01
r 46.6 0.01 3 11.8127 0.01
r 46.8 0.01 3 11.9302 0.01
r 47 0.01 3 12.046 0.01
r 47.2 0.01 3 12.1626 0.01
r 47.4 0.01 3 12.279 0.01
r 47.6 0.01 3 12.3953 0.01
r 47.8 0.01 3 12.5118 0.01
r 48 0.01 3 12.6284 0.01
r 48.2 0.01 3 12.7454 0.01
r 48.4 0.01 3 12.8626 0.01
r 48.6 0.01 3 12.98 0.01
r 48.8 0.01 3 13.0976 0.01
r 49 0.01 3 13.2153 0.01
r 49.2 0.01 3 13.3332 0.01
r 49.4 0.01 3 13.4513 0.01
r 49.6 0.01 3 13.5694 0.01
r 49.8 0.01 3 13.6875 0.01
r 50 0.01 3 13.8059 0.01
r 50.2 0.01 3 13.9243 0.01
r 50.4 0.01 3 14.043 0.01
r 50.6 0.01 3 14.1617 0.01
r 50.8 0.01 3 14.2806 0.01
r 51 0.01 3 14.3995 0.01
r 51.2 0.01 3 14.5186 0.01
r 51.4 0.01 3 14.6378 0.01
r 51.6 0.01 3 14.7571 0.01
r 51.8 0.01 3 14.8766 0.01
r 52 0.01 3 14.9961 0.01
r 52.2 0.01 3 15.1157 0.01
r 52.4 0.01 3 15.2355 0.01
r 52.6 0.01 3 15.3553 0.01
r 52.8 0.01 3 15.4753 0.01
r 53 0.01 3 15.5798 0.01
r 53.2 0.01 3 15.6997 0.01
r 53.4 0.01 3 15.8197 0.01
r 53.6 0.01 3 15.9398 0.01
r 53.8 0.01 3 16.0601 0.01
r 54 0.01 3 16.1799 0.01
r 54.2 0.01 3 16.3004 0.01
r 54.4 0.01 3 16.4209 0.01
r 54.6 0.01 3 16.5415 0.01
r 54.8 0.01 3 16.6623 0.01
r 55 0.01 3 16.7897 0.01
r 55.2 0.01 3 16.9105 0.01
r 55.4 0.01 3 17.0313 0.01
r 55.6 0.01 3 17.1521 0.01
r 55.8 0.01 3 17.2733 0.01
r 56 0.01 3 17.3943 0.01
r 56.2 0.01 3 17.5155 0.01
r 56.4 0.01 3 17.6367 0.01
r 56.6 0.01 3 17.7581 0.01
r 56.8 0.01 3 17.8795 0.01
r 57 0.01 3 17.9725 0.01
r 57.2 0.01 3 18.0938 0.01
r 57.4 0.01 3 18.2152 0.01
r 57.6 0.01 3 18.3368 0.01
r 57.8 0.01 3 18.4584 0.01
r 58 0.01 3 18.5801 0.01
r 58.2 0.01 3 18.7014 0.01
r 58.4 0.01 3 18.8233 0.01
r 58.6 0.01 3 18.9453 0.01
r 58.8 0.01 3 19.0674 0.01
r 59 0.01 3 19.1452 0.01
r 59.2 0.01 3 19.2671 0.01
r 59.4 0.01 3 19.3892 0.01
r 59.6 0.01 3 19.5112 0.01
r 59.8 0.01 3 19.6335 0.01
r 60 0.01 3 19.7558 0.01
r 60.2 0.01 3 19.8782 0.01
r 60.4 0.01 3 20.0007 0.01
r 60.6 0.01 3 20.1234 0.01
r 60.8 0.01 3 20.2463 0.01
r 61 0.01 3 20.3133 0.01
r 61.2 0.01 3 20.4358 0.01
r 61.4 0.01 3 20.5594 0.01
r 61.6 0.01 3 20.6819 0.01
r 61.8 0.01 3 20.805 0.01
r 62 0.01 3 20.9283 0.01
r 62.2 0.01 3 21.0518 0.01
r 62.4 0.01 3 21.1754 0.01
r 62.6 0.01 3 21.2991 0.01
r 62.8 0.01 3 21.424 0.01
r 63 0.01 3 21.5019 0.01
r 63.2 0.01 3 21.6258 0.01
r 63.4 0.01 3 21.7499 0.01
r 63.6 0.01 3 21.8739 0.01
r 63.8 0.01 3 21.9993 0.01
r 64 0.01 3 22.1229 0.01
r 64.2 0.01 3 22.2475 0.01
r 64.4 0.01 3 22.3712 0.01
r 64.6 0.01 3 22.4969 0.01
r 64.8 0.01 3 22.6219 0.01
r 65 0.01 3 22.7272 0.01
r 65.2 0.01 3 22.8865 0.01
r 65.4 0.01 3 23.0119 0.01
r 65.6 0.01 3 23.1376 0.01
r 65.8 0.01 3 23.2633 0.01
r 66 0.01 3 23.389 0.01
r 66.2 0.01 3 23.425 0.01
r 66.4 0.01 3 23.6407 0.01
r 66.6 0.01 3 23.7668 0.01
r 66.8 0.01 3 23.8564 0.01
r 67 0.01 3 23.9787 0.01
r 67.2 0.01 3 24.1075 0.01
r 67.4 0.01 3 24.2329 0.01
r 67.6 0.01 3 24.3586 0.01
r 67.8 0.01 3 24.4849 0.01
r 68 0.01 3 24.5391 0.01
r 68.2 0.01 3 24.6684 0.01
r 68.4 0.01 3 24.8653 0.01
r 68.6 0.01 3 24.9919 0.01
r 68.8 0.01 3 25.1196 0.01
r 69 0.01 3 25.1735 0.01
r 69.2 0.01 3 25.3016 0.01
r 69.4 0.01 3 25.4294 0.01
r 69.6 0.01 3 25.5585 0.01
r 69.8 0.01 3 25.6567 0.01
r 70 0.01 3 25.7658 0.01
s 43.3 2 402
r 30 0.01 2 8.82206 0.01
r 30.2 0.01 2 8.696 0.01
r 30.4 0.01 2 8.57003 0.01
r 30.6 0.01 2 8.44401 0.01
r 30.8 0.01 2 8.31788 0.01
r 31 0.01 2 8.19206 0.01
r 31.2 0.01 2 8.06603 0.01
r 31.4 0.01 2 7.94013 0.01
r 31.6 0.01 2 7.81402 0.01
r 31.8 0.01 2 7.68783 0.01
r 32 0.01 2 7.56163 0.01
r 32.2 0.01 2 7.43556 0.01
r 32.4 0.01 2 7.30947 0.01
r 32.6 0.01 2 7.18339 0.01
r 32.8 0.01 2 7.0573 0.01
r 33 0.01 2 6.93124 0.01
r 33.2 0.01 2 6.80504 0.01
r 33.4 0.01 2 6.67896 0.01
r 33.6 0.01 2 6.55282 0.01
r 33.8 0.01 2 6.42676 0.01
r 34 0.01 2 6.30063 0.01
r 34.2 0.01 2 6.17452 0.01
r 34.4 0.01 2 6.04846 0.01
r 34.6 0.01 2 5.92241 0.01
r 34.8 0.01 2 5.79638 0.01
r 35 0.01 2 5.67046 0.01
r 35.2 0.01 2 5.54437 0.01
r 35.4 0.01 2 5.41831 0.01
r 35.6 0.01 2 5.29218 0.01
r 35.8 0.01 2 5.16613 0.01
r 36 0.01 2 5.04005 0.01
r 36.2 0.01 2 4.9141 0.01
r 36.4 0.01 2 4.78831 0.01
r 36.6 0.01 2 4.66256 0.01
r 36.8 0.01 2 4.5372 0.01
r 37 0.01 2 4.41123 0.01
r 37.2 0.01 2 4.28624 0.01
r 37.4 0.01 2 4.16065 0.01
r 37.6 0.01 2 4.03566 0.01
r 37.8 0.01 2 3.91089 0.01
r 38 0.01 2 3.78652 0.01
r 38.2 0.01 2 3.66267 0.01
r 38.4 0.01 2 3.53923 0.01
r 38.6 0.01 2 3.41671 0.01
r 38.8 0.01 2 3.29414 0.01
r 39 0.01 2 3.17278 0.01
r 39.2 0.01 2 3.05202 0.01
r 39.4 0.01 2 2.93242 0.01
r 39.6 0.01 2 2.81403 0.01
r 39.8 0.01 2 2.69662 0.01
r 40 0.01 2 2.58072 0.01
r 40.2 0.01 2 2.46726 0.01
r 40.4 0.01 2 2.35486 0.01
r 40.6 0.01 2 2.24524 0.01
r 40.8 0.01 2 2.13969 0.01
r 41 0.01 2 2.03532 0.01
r 41.2 0.01 2 1.93551 0.01
r 41.4 0.01 2 1.83988 0.01
r 41.6 0.01 2 1.74949 0.01
r 41.8 0.01 2 1.66505 0.01
r 42 0.01 2 1.58736 0.01
r 42.2 0.01 2 1.51716 0.01
r 42.4 0.01 2 1.4561 0.01
r 42.6 0.01 2 1.40686 0.01
r 42.8 0.01 2 1.36612 0.01
r 43 0.01 2 1.33834 0.01
r 43.2 0.01 2 1.3247 0.01
r 43.4 0.01 2 1.32391 0.01
r 43.6 0.01 2 1.33451 0.01
r 43.8 0.01 2 1.35812 0.01
r 44 0.01 2 1.39474 0.01
r 44.2 0.01 2 1.44218 0.01
r 44.4 0.01 2 1.49955 0.01
r 44.6 0.01 2 1.56576 0.01
r 44.8 0.01 2 1.63918 0.01
r 45 0.01 2 1.71956 0.01
r 45.2 0.01 2 1.80517 0.01
r 45.4 0.01 2 1.89611 0.01
r 45.6 0.01 2 1.99125 0.01
r 45.8 0.01 2 2.08784 0.01
r 46 0.01 2 2.18835 0.01
r 46.2 0.01 2 2.29127 0.01
r 46.4 0.01 2 2.39662 0.01
r 46.6 0.01 2 2.50373 0.01
r 46.8 0.01 2 2.61234 0.01
r 47 0.01 2 2.72259 0.01
r 47.2 0.01 2 2.83437 0.01
r 47.4 0.01 2 2.94599 0.01
r 47.6 0.01 2 3.0589 0.01
r 47.8 0.01 2 3.17196 0.01
r 48 0.01 2 3.28551 0.01
r 48.2 0.01 2 3.40027 0.01
r 48.4 0.01 2 3.51552 0.01
r 48.6 0.01 2 3.63105 0.01
r 48.8 0.01 2 3.74709 0.01
r 49 0.01 2 3.86362 0.01
r 49.2 0.01 2 3.9806 0.01
r 49.4 0.01 2 4.09745 0.01
r 49.6 0.01 2 4.21435 0.01
r 49.8 0.01 2 4.33189 0.01
r 50 0.01 2 4.44926 0.01
r 50.2 0.01 2 4.56712 0.01
r 50.4 0.01 2 4.68522 0.01
r 50.6 0.01 2 4.80342 0.01
r 50.8 0.01 2 4.92193 0.01
r 51 0.01 2 5.04036 0.01
r 51.2 0.01 2 5.1592 0.01
r 51.4 0.01 2 5.27819 0.01
r 51.6 0.01 2 5.39713 0.01
r 51.8 0.01 2 5.51618 0.01
r 52 0.01 2 5.63562 0.01
r 52.2 0.01 2 5.75473 0.01
r 52.4 0.01 2 5.87429 0.01
r 52.6 0.01 2 5.99413 0.01
r 52.8 0.01 2 6.11367 0.01
r 53 0.01 2 6.23351 0.01
r 53.2 0.01 2 6.35355 0.01
r 53.4 0.01 2 6.47368 0.01
r 53.6 0.01 2 6.59391 0.01
r 53.8 0.01 2 6.71422 0.01
r 54 0.01 2 6.83462 0.01
r 54.2 0.01 2 6.95507 0.01
r 54.4 0.01 2 7.07568 0.01
r 54.6 0.01 2 7.1964 0.01
r 54.8 0.01 2 7.31725 0.01
r 55 0.01 2 7.43814 0.01
r 55.2 0.01 2 7.55922 0.01
r 55.4 0.01 2 7.68029 0.01
r 55.6 0.01 2 7.80147 0.01
r 55.8 0.01 2 7.92271 0.01
r 56 0.01 2 8.04401 0.01
r 56.2 0.01 2 8.1654 0.01
r 56.4 0.01 2 8.2869 0.01
r 56.6 0.01 2 8.40844 0.01
r 56.8 0.01 2 8.53009 0.01
r 57 0.01 2 8.65172 0.01
r 57.2 0.01 2 8.77353 0.01
r 57.4 0.01 2 8.89542 0.01
r 57.6 0.01 2 9.01723 0.01
r 57.8 0.01 2 9.13917 0.01
r 58 0.01 2 9.26109 0.01
r 58.2 0.01 2 9.38309 0.01
r 58.4 0.01 2 9.50515 0.01
r 58.6 0.01 2 9.62732 0.01
r 58.8 0.01 2 9.74957 0.01
r 59 0.01 2 9.87194 0.01
r 59.2 0.01 2 9.99433 0.01
r 59.4 0.01 2 10.1168 0.01
r 59.6 0.01 2 10.2393 0.01
r 59.8 0.01 2 10.3618 0.01
r 60 0.01 2 10.4844 0.01
r 60.2 0.01 2 10.6071 0.01
r 60.4 0.01 2 10.7299 0.01
r 60.6 0.01 2 10.8528 0.01
r 60.8 0.01 2 10.9758 0.01
r 61 0.01 2 11.0989 0.01
r 61.2 0.01 2 11.2221 0.01
r 61.4 0.01 2 11.3454 0.01
r 61.6 0.01 2 11.4687 0.01
r 61.8 0.01 2 11.5922 0.01
r 62 0.01 2 11.7157 0.01
r 62.2 0.01 2 11.8394 0.01
r 62.4 0.01 2 11.9631 0.01
r 62.6 0.01 2 12.087 0.01
r 62.8 0.01 2 12.211 0.01
r 63 0.01 2 12.3352 0.01
r 63.2 0.01 2 12.4594 0.01
r 63.4 0.01 2 12.5838 0.01
r 63.6 0.01 2 12.7083 0.01
r 63.8 0.01 2 12.8329 0.01
r 64 0.01 2 12.9576 0.01
r 64.2 0.01 2 13.0825 0.01
r 64.4 0.01 2 13.2075 0.01
r 64.6 0.01 2 13.3325 0.01
r 64.8 0.01 2 13.4577 0.01
r 65 0.01 2 13.583 0.01
r 65.2 0.01 2 13.7084 0.01
r 65.4 0.01 2 13.8339 0.01
r 65.6 0.01 2 13.9596 0.01
r 65.8 0.01 2 14.0853 0.01
r 66 0.01 2 14.2111 0.01
r 66.2 0.01 2 14.337 0.01
r 66.4 0.01 2 14.4629 0.01
r 66.6 0.01 2 14.589 0.01
r 66.8 0.01 2 14.7151 0.01
r 67 0.01 2 14.8413 0.01
r 67.2 0.01 2 14.9674 0.01
r 67.4 0.01 2 15.0937 0.01
r 67.6 0.01 2 15.22 0.01
r 67.8 0.01 2 15.3464 0.01
r 68 0.01 2 15.4729 0.01
r 68.2 0.01 2 15.5994 0.01
r 68.4 0.01 2 15.7259 0.01
r 68.6 0.01 2 15.8526 0.01
r 68.8 0.01 2 15.9794 0.01
r 69 0.01 2 16.1062 0.01
r 69.2 0.01 2 16.2331 0.01
r 69.4 0.01 2 16.3601 0.01
r 69.6 0.01 2 16.4871 0.01
r 69.8 0.01 2 16.6142 0.01
r 70 0.01 2 16.7415 0.01
r 30 0.01 3 9.90811 0.01
r 30.2 0.01 3 9.79021 0.01
r 30.4 0.01 3 9.6581 0.01
r 30.6 0.01 3 9.53365 0.01
r 30.8 0.01 3 9.41427 0.01
r 31 0.01 3 9.29187 0.01
r 31.2 0.01 3 9.16724 0.01
r 31.4 0.01 3 9.04425 0.01
r 31.6 0.01 3 8.92155 0.01
r 31.8 0.01 3 8.79985 0.01
r 32 0.01 3 8.67793 0.01
r 32.2 0.01 3 8.55726 0.01
r 32.4 0.01 3 8.43739 0.01
r 32.6 0.01 3 8.31627 0.01
r 32.8 0.01 3 8.19737 0.01
r 33 0.01 3 8.16508 0.01
r 33.2 0.01 3 8.03093 0.01
r 33.4 0.01 3 7.91007 0.01
r 33.6 0.01 3 7.80728 0.01
r 33.8 0.01 3 7.68617 0.01
r 34 0.01 3 7.55392 0.01
r 34.2 0.01 3 7.44149 0.01
r 34.4 0.01 3 7.33652 0.01
r 34.6 0.01 3 7.21978 0.01
r 34.8 0.01 3 7.08311 0.01
r 35 0.01 3 6.95157 0.01
r 35.2 0.01 3 6.83891 0.01
r 35.4 0.01 3 6.76801 0.01
r 35.6 0.01 3 6.61562 0.01
r 35.8 0.01 3 6.53931 0.01
r 36 0.01 3 6.4155 0.01
r 36.2 0.01 3 6.30615 0.01
r 36.4 0.01 3 6.19452 0.01
r 36.6 0.01 3 6.13831 0.01
r 36.8 0.01 3 5.97458 0.01
r 37 0.01 3 5.89677 0.01
r 37.2 0.01 3 5.78332 0.01
r 37.4 0.01 3 6.00012 0.01
r 37.6 0.01 3 5.58705 0.01
r 37.8 0.01 3 5.49476 0.01
r 38 0.01 3 5.40014 0.01
r 38.2 0.01 3 5.30927 0.01
r 38.4 0.01 3 5.22278 0.01
r 38.6 0.01 3 5.13434 0.01
r 38.8 0.01 3 5.04659 0.01
r 39 0.01 3 4.96577 0.01
r 39.2 0.01 3 4.88487 0.01
r 39.4 0.01 3 4.80766 0.01
r 39.6 0.01 3 4.73378 0.01
r 39.8 0.01 3 4.66919 0.01
r 40 0.01 3 4.59132 0.01
r 40.2 0.01 3 4.52548 0.01
r 40.4 0.01 3 4.46232 0.01
r 40.6 0.01 3 4.40305 0.01
r 40.8 0.01 3 4.34727 0.01
r 41 0.01 3 4.29437 0.01
r 41.2 0.01 3 4.24546 0.01
r 41.4 0.01 3 4.20055 0.01
r 41.6 0.01 3 4.15957 0.01
r 41.8 0.01 3 4.12266 0.01
r 42 0.01 3 4.09004 0.01
r 42.2 0.01 3 4.06053 0.01
r 42.4 0.01 3 4.03537 0.01
r 42.6 0.01 3 4.01461 0.01
r 42.8 0.01 3 3.99835 0.01
r 43 0.01 3 3.98626 0.01
r 43.2 0.01 3 3.9791 0.01
r 43.4 0.01 3 3.97603 0.01
r 43.6 0.01 3 3.97679 0.01
r 43.8 0.01 3 3.98246 0.01
r 44 0.01 3 3.99256 0.01
r 44.2 0.01 3 4.00682 0.01
r 44.4 0.01 3 4.02918 0.01
r 44.6 0.01 3 4.04848 0.01
r 44.8 0.01 3 4.07596 0.01
r 45 0.01 3 4.10986 0.01
r 45.2 0.01 3 4.1445 0.01
r 45.4 0.01 3 4.1804 0.01
r 45.6 0.01 3 4.22266 0.01
r 45.8 0.01 3 4.26717 0.01
r 46 0.01 3 4.31606 0.01
r 46.2 0.01 3 4.36902 0.01
r 46.4 0.01 3 4.42377 0.01
r 46.6 0.01 3 4.48281 0.01
r 46.8 0.01 3 4.54737 0.01
r 47 0.01 3 4.60679 0.01
r 47.2 0.01 3 4.67353 0.01
r 47.4 0.01 3 4.74391 0.01
r 47.6 0.01 3 4.81773 0.01
r 47.8 0.01 3 4.89227 0.01
r 48 0.01 3 4.96771 0.01
r 48.2 0.01 3 5.04758 0.01
r 48.4 0.01 3 5.12766 0.01
r 48.6 0.01 3 5.2098 0.01
r 48.8 0.01 3 5.60147 0.01
r 49 0.01 3 5.3909 0.01
r 49.2 0.01 3 5.47325 0.01
r 49.4 0.01 3 5.55583 0.01
r 49.6 0.01 3 5.65032 0.01
r 49.8 0.01 3 5.74879 0.01
r 50 0.01 3 5.84321 0.01
r 50.2 0.01 3 5.93007 0.01
r 50.4 0.01 3 6.02946 0.01
r 50.6 0.01 3 6.1202 0.01
r 50.8 0.01 3 6.22169 0.01
r 51 0.01 3 6.73501 0.01
r 51.2 0.01 3 6.42251 0.01
r 51.4 0.01 3 6.53098 0.01
r 51.6 0.01 3 6.61662 0.01
r 51.8 0.01 3 6.96928 0.01
r 52 0.01 3 7.03768 0.01
r 52.2 0.01 3 7.12017 0.01
r 52.4 0.01 3 7.19165 0.01
r 52.6 0.01 3 7.28582 0.01
r 52.8 0.01 3 7.35407 0.01
r 53 0.01 3 7.44186 0.01
r 53.2 0.01 3 7.53931 0.01
r 53.4 0.01 3 7.62775 0.01
r 53.6 0.01 3 7.72458 0.01
r 53.8 0.01 3 7.82897 0.01
r 54 0.01 3 7.93102 0.01
r 54.2 0.01 3 8.03325 0.01
r 54.4 0.01 3 8.12657 0.01
r 54.6 0.01 3 8.2412 0.01
r 54.8 0.01 3 8.34832 0.01
r 55 0.01 3 8.46109 0.01
r 55.2 0.01 3 8.57213 0.01
r 55.4 0.01 3 8.68121 0.01
r 55.6 0.01 3 8.78272 0.01
r 55.8 0.01 3 8.91559 0.01
r 56 0.01 3 9.02724 0.01
r 56.2 0.01 3 9.12462 0.01
r 56.4 0.01 3 9.23349 0.01
r 56.6 0.01 3 9.3543 0.01
r 56.8 0.01 3 9.47305 0.01
r 57 0.01 3 9.59392 0.01
r 57.2 0.01 3 9.69636 0.01
r 57.4 0.01 3 9.81505 0.01
r 57.6 0.01 3 9.94851 0.01
r 57.8 0.01 3 10.0681 0.01
r 58 0.01 3 10.1871 0.01
r 58.2 0.01 3 10.2869 0.01
r 58.4 0.01 3 10.4117 0.01
r 58.6 0.01 3 10.5259 0.01
r 58.8 0.01 3 10.6446 0.01
r 59 0.01 3 10.8525 0.01
r 59.2 0.01 3 10.9579 0.01
r 59.4 0.01 3 11.0653 0.01
r 59.6 0.01 3 11.1324 0.01
r 59.8 0.01 3 11.2254 0.01
r 60 0.01 3 11.3935 0.01
r 60.2 0.01 3 11.5065 0.01
r 60.4 0.01 3 11.5778 0.01
r 60.6 0.01 3 11.6947 0.01
r 60.8 0.01 3 11.8111 0.01
r 61 0.01 3 11.9743 0.01
r 61.2 0.01 3 12.0758 0.01
r 61.4 0.01 3 12.1897 0.01
r 61.6 0.01 3 12.3003 0.01
r 61.8 0.01 3 12.4133 0.01
r 62 0.01 3 12.5277 0.01
r 62.2 0.01 3 12.6431 0.01
r 62.4 0.01 3 12.7593 0.01
r 62.6 0.01 3 12.8762 0.01
r 62.8 0.01 3 12.994 0.01
r 63 0.01 3 13.1138 0.01
r 63.2 0.01 3 13.2339 0.01
r 63.4 0.01 3 13.3539 0.01
r 63.6 0.01 3 13.4738 0.01
r 63.8 0.01 3 13.5945 0.01
r 64 0.01 3 13.7159 0.01
r 64.2 0.01 3 13.8376 0.01
r 64.4 0.01 3 13.9596 0.01
r 64.6 0.01 3 14.0821 0.01
r 64.8 0.01 3 14.2048 0.01
r 65 0.01 3 14.3202 0.01
r 65.2 0.01 3 14.4404 0.01
r 65.4 0.01 3 14.5613 0.01
r 65.6 0.01 3 14.6827 0.01
r 65.8 0.01 3 14.8048 0.01
r 66 0.01 3 14.9274 0.01
r 66.2 0.01 3 15.0504 0.01
r 66.4 0.01 3 15.1737 0.01
r 66.6 0.01 3 15.2976 0.01
r 66.8 0.01 3 15.4214 0.01
r 67 0.01 3 15.5373 0.01
r 67.2 0.01 3 15.6594 0.01
r 67.4 0.01 3 15.7817 0.01
r 67.6 0.01 3 15.9045 0.01
r 67.8 0.01 3 16.0273 0.01
r 68 0.01 3 16.1508 0.01
r 68.2 0.01 3 16.2742 0.01
r 68.4 0.01 3 16.3983 0.01
r 68.6 0.01 3 16.5228 0.01
r 68.8 0.01 3 16.6476 0.01
r 69 0.01 3 16.7718 0.01
r 69.2 0.01 3 16.8972 0.01
r 69.4 0.01 3 17.023 0.01
r 69.6 0.01 3 17.149 0.01
r 69.8 0.01 3 17.2752 0.01
r 70 0.01 3 17.4018 0.01
s 56.7 2 402
r 30 0.01 2 17.2657 0.01
r 30.2 0.01 2 17.1395 0.01
r 30.4 0.01 2 17.0134 0.01
r 30.6 0.01 2 16.8874 0.01
r 30.8 0.01 2 16.7614 0.01
r 31 0.01 2 16.6355 0.01
r 31.2 0.01 2 16.5094 0.01
r 31.4 0.01 2 16.3835 0.01
r 31.6 0.01 2 16.2575 0.01
r 31.8 0.01 2 16.1313 0.01
r 32 0.01 2 16.0051 0.01
r 32.2 0.01 2 15.879 0.01
r 32.4 0.01 2 15.7527 0.01
r 32.6 0.01 2 15.6264 0.01
r 32.8 0.01 2 15.5001 0.01
r 33 0.01 2 15.3739 0.01
r 33.2 0.01 2 15.2475 0.01
r 33.4 0.01 2 15.1211 0.01
r 33.6 0.01 2 14.9947 0.01
r 33.8 0.01 2 14.8681 0.01
r 34 0.01 2 14.7417 0.01
r 34.2 0.01 2 14.6152 0.01
r 34.4 0.01 2 14.4888 0.01
r 34.6 0.01 2 14.3623 0.01
r 34.8 0.01 2 14.2359 0.01
r 35 0.01 2 14.1093 0.01
r 35.2 0.01 2 13.9825 0.01
r 35.4 0.01 2 13.8555 0.01
r 35.6 0.01 2 13.7283 0.01
r 35.8 0.01 2 13.6011 0.01
r 36 0.01 2 13.4738 0.01
r 36.2 0.01 2 13.3465 0.01
r 36.4 0.01 2 13.2192 0.01
r 36.6 0.01 2 13.0917 0.01
r 36.8 0.01 2 12.9639 0.01
r 37 0.01 2 12.8362 0.01
r 37.2 0.01 2 12.7081 0.01
r 37.4 0.01 2 12.5799 0.01
r 37.6 0.01 2 12.4515 0.01
r 37.8 0.01 2 12.3231 0.01
r 38 0.01 2 12.1946 0.01
r 38.2 0.01 2 12.0659 0.01
r 38.4 0.01 2 11.9371 0.01
r 38.6 0.01 2 11.8083 0.01
r 38.8 0.01 2 11.6794 0.01
r 39 0.01 2 11.5507 0.01
r 39.2 0.01 2 11.4219 0.01
r 39.4 0.01 2 11.2931 0.01
r 39.6 0.01 2 11.164 0.01
r 39.8 0.01 2 11.0349 0.01
r 40 0.01 2 10.9057 0.01
r 40.2 0.01 2 10.7765 0.01
r 40.4 0.01 2 10.6473 0.01
r 40.6 0.01 2 10.5182 0.01
r 40.8 0.01 2 10.389 0.01
r 41 0.01 2 10.2599 0.01
r 41.2 0.01 2 10.1308 0.01
r 41.4 0.01 2 10.0018 0.01
r 41.6 0.01 2 9.87271 0.01
r 41.8 0.01 2 9.74351 0.01
r 42 0.01 2 9.6141 0.01
r 42.2 0.01 2 9.48444 0.01
r 42.4 0.01 2 9.35487 0.01
r 42.6 0.01 2 9.22532 0.01
r 42.8 0.01 2 9.09585 0.01
r 43 0.01 2 8.96649 0.01
r 43.2 0.01 2 8.83717 0.01
r 43.4 0.01 2 8.7079 0.01
r 43.6 0.01 2 8.57872 0.01
r 43.8 0.01 2 8.44963 0.01
r 44 0.01 2 8.3205 0.01
r 44.2 0.01 2 8.19134 0.01
r 44.4 0.01 2 8.06226 0.01
r 44.6 0.01 2 7.93321 0.01
r 44.8 0.01 2 7.80421 0.01
r 45 0.01 2 7.67538 0.01
r 45.2 0.01 2 7.54645 0.01
r 45.4 0.01 2 7.41758 0.01
r 45.6 0.01 2 7.28877 0.01
r 45.8 0.01 2 7.16006 0.01
r 46 0.01 2 7.03144 0.01
r 46.2 0.01 2 6.90292 0.01
r 46.4 0.01 2 6.77445 0.01
r 46.6 0.01 2 6.64599 0.01
r 46.8 0.01 2 6.51758 0.01
r 47 0.01 2 6.38972 0.01
r 47.2 0.01 2 6.26112 0.01
r 47.4 0.01 2 6.13276 0.01
r 47.6 0.01 2 6.00486 0.01
r 47.8 0.01 2 5.87683 0.01
r 48 0.01 2 5.74914 0.01
r 48.2 0.01 2 5.62125 0.01
r 48.4 0.01 2 5.49383 0.01
r 48.6 0.01 2 5.36655 0.01
r 48.8 0.01 2 5.23952 0.01
r 49 0.01 2 5.11269 0.01
r 49.2 0.01 2 4.98618 0.01
r 49.4 0.01 2 4.85982 0.01
r 49.6 0.01 2 4.73397 0.01
r 49.8 0.01 2 4.60839 0.01
r 50 0.01 2 4.4833 0.01
r 50.2 0.01 2 4.35873 0.01
r 50.4 0.01 2 4.23456 0.01
r 50.6 0.01 2 4.11095 0.01
r 50.8 0.01 2 3.98752 0.01
r 51 0.01 2 3.86468 0.01
r 51.2 0.01 2 3.74254 0.01
r 51.4 0.01 2 3.62108 0.01
r 51.6 0.01 2 3.50026 0.01
r 51.8 0.01 2 3.38021 0.01
r 52 0.01 2 3.26098 0.01
r 52.2 0.01 2 3.14265 0.01
r 52.4 0.01 2 3.02526 0.01
r 52.6 0.01 2 2.90898 0.01
r 52.8 0.01 2 2.79382 0.01
r 53 0.01 2 2.67999 0.01
r 53.2 0.01 2 2.56763 0.01
r 53.4 0.01 2 2.45694 0.01
r 53.6 0.01 2 2.34814 0.01
r 53.8 0.01 2 2.24145 0.01
r 54 0.01 2 2.13717 0.01
r 54.2 0.01 2 2.03569 0.01
r 54.4 0.01 2 1.93731 0.01
r 54.6 0.01 2 1.84253 0.01
r 54.8 0.01 2 1.75266 0.01
r 55 0.01 2 1.66625 0.01
r 55.2 0.01 2 1.58646 0.01
r 55.4 0.01 2 1.51291 0.01
r 55.6 0.01 2 1.44677 0.01
r 55.8 0.01 2 1.38942 0.01
r 56 0.01 2 1.34196 0.01
r 56.2 0.01 2 1.30524 0.01
r 56.4 0.01 2 1.28076 0.01
r 56.6 0.01 2 1.26872 0.01
r 56.8 0.01 2 1.26856 0.01
r 57 0.01 2 1.28021 0.01
r 57.2 0.01 2 1.30532 0.01
r 57.4 0.01 2 1.34312 0.01
r 57.6 0.01 2 1.38936 0.01
r 57.8 0.01 2 1.44642 0.01
r 58 0.01 2 1.51191 0.01
r 58.2 0.01 2 1.5854 0.01
r 58.4 0.01 2 1.66529 0.01
r 58.6 0.01 2 1.75034 0.01
r 58.8 0.01 2 1.84055 0.01
r 59 0.01 2 1.93462 0.01
r 59.2 0.01 2 2.03279 0.01
r 59.4 0.01 2 2.13407 0.01
r 59.6 0.01 2 2.2379 0.01
r 59.8 0.01 2 2.34404 0.01
r 60 0.01 2 2.45252 0.01
r 60.2 0.01 2 2.56264 0.01
r 60.4 0.01 2 2.67436 0.01
r 60.6 0.01 2 2.78762 0.01
r 60.8 0.01 2 2.90005 0.01
r 61 0.01 2 3.01533 0.01
r 61.2 0.01 2 3.13148 0.01
r 61.4 0.01 2 3.24864 0.01
r 61.6 0.01 2 3.36642 0.01
r 61.8 0.01 2 3.48501 0.01
r 62 0.01 2 3.6042 0.01
r 62.2 0.01 2 3.72398 0.01
r 62.4 0.01 2 3.84429 0.01
r 62.6 0.01 2 3.96515 0.01
r 62.8 0.01 2 4.08648 0.01
r 63 0.01 2 4.2081 0.01
r 63.2 0.01 2 4.33026 0.01
r 63.4 0.01 2 4.45286 0.01
r 63.6 0.01 2 4.57573 0.01
r 63.8 0.01 2 4.69892 0.01
r 64 0.01 2 4.82236 0.01
r 64.2 0.01 2 4.94613 0.01
r 64.4 0.01 2 5.07013 0.01
r 64.6 0.01 2 5.1944 0.01
r 64.8 0.01 2 5.31879 0.01
r 65 0.01 2 5.44301 0.01
r 65.2 0.01 2 5.56787 0.01
r 65.4 0.01 2 5.69293 0.01
r 65.6 0.01 2 5.81818 0.01
r 65.8 0.01 2 5.94359 0.01
r 66 0.01 2 6.06913 0.01
r 66.2 0.01 2 6.19485 0.01
r 66.4 0.01 2 6.32063 0.01
r 66.6 0.01 2 6.44657 0.01
r 66.8 0.01 2 6.57262 0.01
r 67 0.01 2 6.6988 0.01
r 67.2 0.01 2 6.82499 0.01
r 67.4 0.01 2 6.95127 0.01
r 67.6 0.01 2 7.07763 0.01
r 67.8 0.01 2 7.20412 0.01
r 68 0.01 2 7.33064 0.01
r 68.2 0.01 2 7.45731 0.01
r 68.4 0.01 2 7.58409 0.01
r 68.6 0.01 2 7.71078 0.01
r 68.8 0.01 2 7.83779 0.01
r 69 0.01 2 7.96456 0.01
r 69.2 0.01 2 8.09153 0.01
r 69.4 0.01 2 8.21867 0.01
r 69.6 0.01 2 8.34567 0.01
r 69.8 0.01 2 8.47284 0.01
r 70 0.01 2 8.60005 0.01
r 30 0.01 3 17.811 0.01
r 30.2 0.01 3 17.6844 0.01
r 30.4 0.01 3 17.5585 0.01
r 30.6 0.01 3 17.433 0.01
r 30.8 0.01 3 17.3067 0.01
r 31 0.01 3 17.1807 0.01
r 31.2 0.01 3 17.0552 0.01
r 31.4 0.01 3 16.9296 0.01
r 31.6 0.01 3 16.8036 0.01
r 31.8 0.01 3 16.6777 0.01
r 32 0.01 3 16.5524 0.01
r 32.2 0.01 3 16.4268 0.01
r 32.4 0.01 3 16.3004 0.01
r 32.6 0.01 3 16.172 0.01
r 32.8 0.01 3 16.0447 0.01
r 33 0.01 3 15.8225 0.01
r 33.2 0.01 3 15.6965 0.01
r 33.4 0.01 3 15.5706 0.01
r 33.6 0.01 3 15.4444 0.01
r 33.8 0.01 3 15.3185 0.01
r 34 0.01 3 15.1926 0.01
r 34.2 0.01 3 15.0668 0.01
r 34.4 0.01 3 14.9408 0.01
r 34.6 0.01 3 14.8154 0.01
r 34.8 0.01 3 14.6898 0.01
r 35 0.01 3 14.5638 0.01
r 35.2 0.01 3 14.4382 0.01
r 35.4 0.01 3 14.3127 0.01
r 35.6 0.01 3 14.1873 0.01
r 35.8 0.01 3 14.062 0.01
r 36 0.01 3 13.9368 0.01
r 36.2 0.01 3 13.812 0.01
r 36.4 0.01 3 13.6873 0.01
r 36.6 0.01 3 13.5628 0.01
r 36.8 0.01 3 13.439 0.01
r 37 0.01 3 13.3239 0.01
r 37.2 0.01 3 13.1992 0.01
r 37.4 0.01 3 13.0988 0.01
r 37.6 0.01 3 12.9726 0.01
r 37.8 0.01 3 12.8471 0.01
r 38 0.01 3 12.7216 0.01
r 38.2 0.01 3 12.5962 0.01
r 38.4 0.01 3 12.4701 0.01
r 38.6 0.01 3 12.3232 0.01
r 38.8 0.01 3 12.1981 0.01
r 39 0.01 3 12.0992 0.01
r 39.2 0.01 3 11.9761 0.01
r 39.4 0.01 3 11.8245 0.01
r 39.6 0.01 3 11.7021 0.01
r 39.8 0.01 3 11.5753 0.01
r 40 0.01 3 11.4574 0.01
r 40.2 0.01 3 11.3613 0.01
r 40.4 0.01 3 11.2226 0.01
r 40.6 0.01 3 11.1263 0.01
r 40.8 0.01 3 10.9873 0.01
r 41 0.01 3 10.8496 0.01
r 41.2 0.01 3 10.7387 0.01
r 41.4 0.01 3 10.604 0.01
r 41.6 0.01 3 10.4981 0.01
r 41.8 0.01 3 10.3531 0.01
r 42 0.01 3 10.2253 0.01
r 42.2 0.01 3 10.102 0.01
r 42.4 0.01 3 10.0119 0.01
r 42.6 0.01 3 9.85371 0.01
r 42.8 0.01 3 9.73061 0.01
r 43 0.01 3 9.61895 0.01
r 43.2 0.01 3 9.50515 0.01
r 43.4 0.01 3 9.37021 0.01
r 43.6 0.01 3 9.24995 0.01
r 43.8 0.01 3 9.13897 0.01
r 44 0.01 3 9.01035 0.01
r 44.2 0.01 3 8.89154 0.01
r 44.4 0.01 3 8.77406 0.01
r 44.6 0.01 3 8.6558 0.01
r 44.8 0.01 3 8.53433 0.01
r 45 0.01 3 8.42753 0.01
r 45.2 0.01 3 8.31359 0.01
r 45.4 0.01 3 8.19144 0.01
r 45.6 0.01 3 8.0755 0.01
r 45.8 0.01 3 7.96714 0.01
r 46 0.01 3 7.8437 0.01
r 46.2 0.01 3 7.73353 0.01
r 46.4 0.01 3 7.61701 0.01
r 46.6 0.01 3 7.50547 0.01
r 46.8 0.01 3 7.39552 0.01
r 47 0.01 3 7.27981 0.01
r 47.2 0.01 3 7.16926 0.01
r 47.4 0.01 3 7.06699 0.01
r 47.6 0.01 3 6.95262 0.01
r 47.8 0.01 3 6.84672 0.01
r 48 0.01 3 6.74104 0.01
r 48.2 0.01 3 6.63947 0.01
r 48.4 0.01 3 6.53471 0.01
r 48.6 0.01 3 6.43193 0.01
r 48.8 0.01 3 6.33763 0.01
r 49 0.01 3 6.21272 0.01
r 49.2 0.01 3 6.1189 0.01
r 49.4 0.01 3 6.01717 0.01
r 49.6 0.01 3 5.92135 0.01
r 49.8 0.01 3 5.82227 0.01
r 50 0.01 3 5.72326 0.01
r 50.2 0.01 3 5.63763 0.01
r 50.4 0.01 3 5.54558 0.01
r 50.6 0.01 3 5.46047 0.01
r 50.8 0.01 3 5.36895 0.01
r 51 0.01 3 5.25853 0.01
r 51.2 0.01 3 5.17266 0.01
r 51.4 0.01 3 5.0922 0.01
r 51.6 0.01 3 5.01154 0.01
r 51.8 0.01 3 4.93302 0.01
r 52 0.01 3 4.85554 0.01
r 52.2 0.01 3 4.78374 0.01
r 52.4 0.01 3 4.71832 0.01
r 52.6 0.01 3 4.64242 0.01
r 52.8 0.01 3 4.54382 0.01
r 53 0.01 3 4.47533 0.01
r 53.2 0.01 3 4.41024 0.01
r 53.4 0.01 3 4.34919 0.01
r 53.6 0.01 3 4.2859 0.01
r 53.8 0.01 3 4.22926 0.01
r 54 0.01 3 4.17558 0.01
r 54.2 0.01 3 4.1253 0.01
r 54.4 0.01 3 4.07813 0.01
r 54.6 0.01 3 4.03519 0.01
r 54.8 0.01 3 3.99508 0.01
r 55 0.01 3 3.96298 0.01
r 55.2 0.01 3 3.92608 0.01
r 55.4 0.01 3 3.8971 0.01
r 55.6 0.01 3 3.87617 0.01
r 55.8 0.01 3 3.8513 0.01
r 56 0.01 3 3.83463 0.01
r 56.2 0.01 3 3.82226 0.01
r 56.4 0.01 3 3.81418 0.01
r 56.6 0.01 3 3.8109 0.01
r 56.8 0.01 3 3.81151 0.01
r 57 0.01 3 3.81572 0.01
r 57.2 0.01 3 3.82698 0.01
r 57.4 0.01 3 3.83758 0.01
r 57.6 0.01 3 3.85521 0.01
r 57.8 0.01 3 3.87726 0.01
r 58 0.01 3 3.90201 0.01
r 58.2 0.01 3 3.93122 0.01
r 58.4 0.01 3 3.96449 0.01
r 58.6 0.01 3 4.00186 0.01
r 58.8 0.01 3 4.04268 0.01
r 59 0.01 3 4.0891 0.01
r 59.2 0.01 3 4.13338 0.01
r 59.4 0.01 3 4.18421 0.01
r 59.6 0.01 3 4.2455 0.01
r 59.8 0.01 3 4.29685 0.01
r 60 0.01 3 4.35992 0.01
r 60.2 0.01 3 4.42501 0.01
r 60.4 0.01 3 4.52985 0.01
r 60.6 0.01 3 4.56263 0.01
r 60.8 0.01 3 4.62688 0.01
r 61 0.01 3 4.70187 0.01
r 61.2 0.01 3 4.77514 0.01
r 61.4 0.01 3 4.85223 0.01
r 61.6 0.01 3 4.93308 0.01
r 61.8 0.01 3 5.01758 0.01
r 62 0.01 3 5.10465 0.01
r 62.2 0.01 3 5.18926 0.01
r 62.4 0.01 3 5.28472 0.01
r 62.6 0.01 3 5.36833 0.01
r 62.8 0.01 3 5.47168 0.01
r 63 0.01 3 5.56545 0.01
r 63.2 0.01 3 5.69022 0.01
r 63.4 0.01 3 5.75443 0.01
r 63.6 0.01 3 5.84491 0.01
r 63.8 0.01 3 5.93796 0.01
r 64 0.01 3 6.02928 0.01
r 64.2 0.01 3 6.12763 0.01
r 64.4 0.01 3 6.22515 0.01
r 64.6 0.01 3 6.32593 0.01
r 64.8 0.01 3 6.42931 0.01
r 65 0.01 3 6.61458 0.01
r 65.2 0.01 3 6.70457 0.01
r 65.4 0.01 3 6.79715 0.01
r 65.6 0.01 3 6.88688 0.01
r 65.8 0.01 3 6.9839 0.01
r 66 0.01 3 7.08158 0.01
r 66.2 0.01 3 7.18387 0.01
r 66.4 0.01 3 7.2866 0.01
r 66.6 0.01 3 7.393 0.01
r 66.8 0.01 3 7.5009 0.01
r 67 0.01 3 7.61023 0.01
r 67.2 0.01 3 7.72096 0.01
r 67.4 0.01 3 7.83479 0.01
r 67.6 0.01 3 7.94811 0.01
r 67.8 0.01 3 8.06162 0.01
r 68 0.01 3 8.17727 0.01
r 68.2 0.01 3 8.28812 0.01
r 68.4 0.01 3 8.40556 0.01
r 68.6 0.01 3 8.52452 0.01
r 68.8 0.01 3 8.64383 0.01
r 69 0.01 3 8.76255 0.01
r 69.2 0.01 3 8.8818 0.01
r 69.4 0.01 3 9.01975 0.01
r 69.6 0.01 3 9.13061 0.01
r 69.8 0.01 3 9.22369 0.01
r 70 0.01 3 9.34072 0.01
s 70 2 402
r 30 0.01 2 25.7365 0.01
r 30.2 0.01 2 25.6105 0.01
r 30.4 0.01 2 25.484 0.01
r 30.6 0.01 2 25.3579 0.01
r 30.8 0.01 2 25.232 0.01
r 31 0.01 2 25.106 0.01
r 31.2 0.01 2 24.9801 0.01
r 31.4 0.01 2 24.8541 0.01
r 31.6 0.01 2 24.7281 0.01
r 31.8 0.01 2 24.6019 0.01
r 32 0.01 2 24.4756 0.01
r 32.2 0.01 2 24.3494 0.01
r 32.4 0.01 2 24.2232 0.01
r 32.6 0.01 2 24.0969 0.01
r 32.8 0.01 2 23.9706 0.01
r 33 0.01 2 23.8443 0.01
r 33.2 0.01 2 23.718 0.01
r 33.4 0.01 2 23.5915 0.01
r 33.6 0.01 2 23.4651 0.01
r 33.8 0.01 2 23.3386 0.01
r 34 0.01 2 23.2121 0.01
r 34.2 0.01 2 23.0857 0.01
r 34.4 0.01 2 22.9593 0.01
r 34.6 0.01 2 22.8328 0.01
r 34.8 0.01 2 22.7063 0.01
r 35 0.01 2 22.5796 0.01
r 35.2 0.01 2 22.4527 0.01
r 35.4 0.01 2 22.3257 0.01
r 35.6 0.01 2 22.1985 0.01
r 35.8 0.01 2 22.0713 0.01
r 36 0.01 2 21.944 0.01
r 36.2 0.01 2 21.8167 0.01
r 36.4 0.01 2 21.6893 0.01
r 36.6 0.01 2 21.5616 0.01
r 36.8 0.01 2 21.4338 0.01
r 37 0.01 2 21.3058 0.01
r 37.2 0.01 2 21.1776 0.01
r 37.4 0.01 2 21.0495 0.01
r 37.6 0.01 2 20.921 0.01
r 37.8 0.01 2 20.7925 0.01
r 38 0.01 2 20.6637 0.01
r 38.2 0.01 2 20.5349 0.01
r 38.4 0.01 2 20.4059 0.01
r 38.6 0.01 2 20.277 0.01
r 38.8 0.01 2 20.1482 0.01
r 39 0.01 2 20.0193 0.01
r 39.2 0.01 2 19.8903 0.01
r 39.4 0.01 2 19.7612 0.01
r 39.6 0.01 2 19.6316 0.01
r 39.8 0.01 2 19.502 0.01
r 40 0.01 2 19.3724 0.01
r 40.2 0.01 2 19.243 0.01
r 40.4 0.01 2 19.1136 0.01
r 40.6 0.01 2 18.9842 0.01
r 40.8 0.01 2 18.8548 0.01
r 41 0.01 2 18.7252 0.01
r 41.2 0.01 2 18.5956 0.01
r 41.4 0.01 2 18.4661 0.01
r 41.6 0.01 2 18.3365 0.01
r 41.8 0.01 2 18.2067 0.01
r 42 0.01 2 18.0766 0.01
r 42.2 0.01 2 17.9464 0.01
r 42.4 0.01 2 17.8163 0.01
r 42.6 0.01 2 17.6861 0.01
r 42.8 0.01 2 17.5558 0.01
r 43 0.01 2 17.427 0.01
r 43.2 0.01 2 17.297 0.01
r 43.4 0.01 2 17.1659 0.01
r 43.6 0.01 2 17.0355 0.01
r 43.8 0.01 2 16.9049 0.01
r 44 0.01 2 16.774 0.01
r 44.2 0.01 2 16.6431 0.01
r 44.4 0.01 2 16.5117 0.01
r 44.6 0.01 2 16.3805 0.01
r 44.8 0.01 2 16.2484 0.01
r 45 0.01 2 16.1163 0.01
r 45.2 0.01 2 15.9876 0.01
r 45.4 0.01 2 15.8503 0.01
r 45.6 0.01 2 15.7127 0.01
r 45.8 0.01 2 15.5751 0.01
r 46 0.01 2 15.4377 0.01
r 46.2 0.01 2 15.3005 0.01
r 46.4 0.01 2 15.1637 0.01
r 46.6 0.01 2 15.0272 0.01
r 46.8 0.01 2 14.891 0.01
r 47 0.01 2 14.7553 0.01
r 47.2 0.01 2 14.6199 0.01
r 47.4 0.01 2 14.4849 0.01
r 47.6 0.01 2 14.3501 0.01
r 47.8 0.01 2 14.2158 0.01
r 48 0.01 2 14.0819 0.01
r 48.2 0.01 2 13.9483 0.01
r 48.4 0.01 2 13.815 0.01
r 48.6 0.01 2 13.6819 0.01
r 48.8 0.01 2 13.5492 0.01
r 49 0.01 2 13.4168 0.01
r 49.2 0.01 2 13.2848 0.01
r 49.4 0.01 2 13.153 0.01
r 49.6 0.01 2 13.0217 0.01
r 49.8 0.01 2 12.8906 0.01
r 50 0.01 2 12.7599 0.01
r 50.2 0.01 2 12.6296 0.01
r 50.4 0.01 2 12.4996 0.01
r 50.6 0.01 2 12.3697 0.01
r 50.8 0.01 2 12.2401 0.01
r 51 0.01 2 12.1107 0.01
r 51.2 0.01 2 11.9816 0.01
r 51.4 0.01 2 11.8529 0.01
r 51.6 0.01 2 11.7244 0.01
r 51.8 0.01 2 11.5963 0.01
r 52 0.01 2 11.4683 0.01
r 52.2 0.01 2 11.3405 0.01
r 52.4 0.01 2 11.2131 0.01
r 52.6 0.01 2 11.0858 0.01
r 52.8 0.01 2 10.9587 0.01
r 53 0.01 2 10.8319 0.01
r 53.2 0.01 2 10.7053 0.01
r 53.4 0.01 2 10.5789 0.01
r 53.6 0.01 2 10.4527 0.01
r 53.8 0.01 2 10.3268 0.01
r 54 0.01 2 10.201 0.01
r 54.2 0.01 2 10.0754 0.01
r 54.4 0.01 2 9.94996 0.01
r 54.6 0.01 2 9.82469 0.01
r 54.8 0.01 2 9.69956 0.01
r 55 0.01 2 9.57459 0.01
r 55.2 0.01 2 9.44978 0.01
r 55.4 0.01 2 9.3251 0.01
r 55.6 0.01 2 9.20059 0.01
r 55.8 0.01 2 9.07623 0.01
r 56 0.01 2 8.95202 0.01
r 56.2 0.01 2 8.82793 0.01
r 56.4 0.01 2 8.70394 0.01
r 56.6 0.01 2 8.58004 0.01
r 56.8 0.01 2 8.4562 0.01
r 57 0.01 2 8.33252 0.01
r 57.2 0.01 2 8.20889 0.01
r 57.4 0.01 2 8.08536 0.01
r 57.6 0.01 2 7.96193 0.01
r 57.8 0.01 2 7.83863 0.01
r 58 0.01 2 7.71539 0.01
r 58.2 0.01 2 7.59223 0.01
r 58.4 0.01 2 7.46911 0.01
r 58.6 0.01 2 7.34604 0.01
r 58.8 0.01 2 7.22302 0.01
r 59 0.01 2 7.10004 0.01
r 59.2 0.01 2 6.97712 0.01
r 59.4 0.01 2 6.85427 0.01
r 59.6 0.01 2 6.73146 0.01
r 59.8 0.01 2 6.60874 0.01
r 60 0.01 2 6.48609 0.01
r 60.2 0.01 2 6.36348 0.01
r 60.4 0.01 2 6.24091 0.01
r 60.6 0.01 2 6.11837 0.01
r 60.8 0.01 2 5.99587 0.01
r 61 0.01 2 5.87346 0.01
r 61.2 0.01 2 5.75109 0.01
r 61.4 0.01 2 5.62877 0.01
r 61.6 0.01 2 5.50655 0.01
r 61.8 0.01 2 5.38441 0.01
r 62 0.01 2 5.26238 0.01
r 62.2 0.01 2 5.14054 0.01
r 62.4 0.01 2 5.01871 0.01
r 62.6 0.01 2 4.89698 0.01
r 62.8 0.01 2 4.77595 0.01
r 63 0.01 2 4.65402 0.01
r 63.2 0.01 2 4.53279 0.01
r 63.4 0.01 2 4.4118 0.01
r 63.6 0.01 2 4.29097 0.01
r 63.8 0.01 2 4.17051 0.01
r 64 0.01 2 4.05058 0.01
r 64.2 0.01 2 3.93039 0.01
r 64.4 0.01 2 3.8107 0.01
r 64.6 0.01 2 3.69168 0.01
r 64.8 0.01 2 3.57279 0.01
r 65 0.01 2 3.45457 0.01
r 65.2 0.01 2 3.33691 0.01
r 65.4 0.01 2 3.21992 0.01
r 65.6 0.01 2 3.10368 0.01
r 65.8 0.01 2 2.98828 0.01
r 66 0.01 2 2.87378 0.01
r 66.2 0.01 2 2.7603 0.01
r 66.4 0.01 2 2.64804 0.01
r 66.6 0.01 2 2.53719 0.01
r 66.8 0.01 2 2.42821 0.01
r 67 0.01 2 2.32059 0.01
r 67.2 0.01 2 2.21525 0.01
r 67.4 0.01 2 2.11229 0.01
r 67.6 0.01 2 2.01223 0.01
r 67.8 0.01 2 1.91546 0.01
r 68 0.01 2 1.8226 0.01
r 68.2 0.01 2 1.73428 0.01
r 68.4 0.01 2 1.65108 0.01
r 68.6 0.01 2 1.5739 0.01
r 68.8 0.01 2 1.50386 0.01
r 69 0.01 2 1.44211 0.01
r 69.2 0.01 2 1.38928 0.01
r 69.4 0.01 2 1.34685 0.01
r 69.6 0.01 2 1.31585 0.01
r 69.8 0.01 2 1.29712 0.01
r 70 0.01 2 1.2912 0.01
r 30 0.01 3 25.7793 0.01
r 30.2 0.01 3 25.6533 0.01
r 30.4 0.01 3 25.5273 0.01
r 30.6 0.01 3 25.4014 0.01
r 30.8 0.01 3 25.2755 0.01
r 31 0.01 3 25.1563 0.01
r 31.2 0.01 3 25.0303 0.01
r 31.4 0.01 3 24.9043 0.01
r 31.6 0.01 3 24.7784 0.01
r 31.8 0.01 3 24.6521 0.01
r 32 0.01 3 24.5259 0.01
r 32.2 0.01 3 24.3998 0.01
r 32.4 0.01 3 24.2737 0.01
r 32.6 0.01 3 24.1477 0.01
r 32.8 0.01 3 24.0217 0.01
r 33 0.01 3 23.9088 0.01
r 33.2 0.01 3 23.7827 0.01
r 33.4 0.01 3 23.6533 0.01
r 33.6 0.01 3 23.5275 0.01
r 33.8 0.01 3 23.4011 0.01
r 34 0.01 3 23.2751 0.01
r 34.2 0.01 3 23.1489 0.01
r 34.4 0.01 3 23.023 0.01
r 34.6 0.01 3 22.8971 0.01
r 34.8 0.01 3 22.7708 0.01
r 35 0.01 3 22.6646 0.01
r 35.2 0.01 3 22.5382 0.01
r 35.4 0.01 3 22.4117 0.01
r 35.6 0.01 3 22.2854 0.01
r 35.8 0.01 3 22.1586 0.01
r 36 0.01 3 22.0319 0.01
r 36.2 0.01 3 21.9051 0.01
r 36.4 0.01 3 21.7785 0.01
r 36.6 0.01 3 21.6516 0.01
r 36.8 0.01 3 21.5254 0.01
r 37 0.01 3 21.4258 0.01
r 37.2 0.01 3 21.2987 0.01
r 37.4 0.01 3 21.1717 0.01
r 37.6 0.01 3 21.0432 0.01
r 37.8 0.01 3 20.9155 0.01
r 38 0.01 3 20.788 0.01
r 38.2 0.01 3 20.6602 0.01
r 38.4 0.01 3 20.5324 0.01
r 38.6 0.01 3 20.4048 0.01
r 38.8 0.01 3 20.277 0.01
r 39 0.01 3 20.1833 0.01
r 39.2 0.01 3 20.0564 0.01
r 39.4 0.01 3 19.9276 0.01
r 39.6 0.01 3 19.7985 0.01
r 39.8 0.01 3 19.6694 0.01
r 40 0.01 3 19.5409 0.01
r 40.2 0.01 3 19.4125 0.01
r 40.4 0.01 3 19.2837 0.01
r 40.6 0.01 3 19.1559 0.01
r 40.8 0.01 3 19.0273 0.01
r 41 0.01 3 18.9008 0.01
r 41.2 0.01 3 18.7721 0.01
r 41.4 0.01 3 18.6441 0.01
r 41.6 0.01 3 18.5169 0.01
r 41.8 0.01 3 18.3894 0.01
r 42 0.01 3 18.2618 0.01
r 42.2 0.01 3 18.1339 0.01
r 42.4 0.01 3 18.0061 0.01
r 42.6 0.01 3 17.8787 0.01
r 42.8 0.01 3 17.7514 0.01
r 43 0.01 3 17.6295 0.01
r 43.2 0.01 3 17.5026 0.01
r 43.4 0.01 3 17.3755 0.01
r 43.6 0.01 3 17.2497 0.01
r 43.8 0.01 3 17.1238 0.01
r 44 0.01 3 16.9983 0.01
r 44.2 0.01 3 16.873 0.01
r 44.4 0.01 3 16.7483 0.01
r 44.6 0.01 3 16.6241 0.01
r 44.8 0.01 3 16.5005 0.01
r 45 0.01 3 16.3766 0.01
r 45.2 0.01 3 16.2538 0.01
r 45.4 0.01 3 16.1309 0.01
r 45.6 0.01 3 16.0087 0.01
r 45.8 0.01 3 15.8839 0.01
r 46 0.01 3 15.763 0.01
r 46.2 0.01 3 15.6431 0.01
r 46.4 0.01 3 15.5238 0.01
r 46.6 0.01 3 15.4057 0.01
r 46.8 0.01 3 15.2882 0.01
r 47 0.01 3 15.1474 0.01
r 47.2 0.01 3 15.0269 0.01
r 47.4 0.01 3 14.9049 0.01
r 47.6 0.01 3 14.7858 0.01
r 47.8 0.01 3 14.6672 0.01
r 48 0.01 3 14.5503 0.01
r 48.2 0.01 3 14.4341 0.01
r 48.4 0.01 3 14.3197 0.01
r 48.6 0.01 3 14.2063 0.01
r 48.8 0.01 3 14.0955 0.01
r 49 0.01 3 13.981 0.01
r 49.2 0.01 3 13.8741 0.01
r 49.4 0.01 3 13.7686 0.01
r 49.6 0.01 3 13.642 0.01
r 49.8 0.01 3 13.5455 0.01
r 50 0.01 3 13.4373 0.01
r 50.2 0.01 3 13.3641 0.01
r 50.4 0.01 3 13.1286 0.01
r 50.6 0.01 3 13.0753 0.01
r 50.8 0.01 3 12.9281 0.01
r 51 0.01 3 12.9608 0.01
r 51.2 0.01 3 12.6703 0.01
r 51.4 0.01 3 12.5511 0.01
r 51.6 0.01 3 12.4172 0.01
r 51.8 0.01 3 12.3184 0.01
r 52 0.01 3 12.1999 0.01
r 52.2 0.01 3 12.1006 0.01
r 52.4 0.01 3 12.013 0.01
r 52.6 0.01 3 11.8371 0.01
r 52.8 0.01 3 11.7287 0.01
r 53 0.01 3 11.5989 0.01
r 53.2 0.01 3 11.4901 0.01
r 53.4 0.01 3 11.3828 0.01
r 53.6 0.01 3 11.2788 0.01
r 53.8 0.01 3 11.1738 0.01
r 54 0.01 3 11.074 0.01
r 54.2 0.01 3 10.9668 0.01
r 54.4 0.01 3 10.8687 0.01
r 54.6 0.01 3 10.8513 0.01
r 54.8 0.01 3 10.6657 0.01
r 55 0.01 3 10.3865 0.01
r 55.2 0.01 3 10.2796 0.01
r 55.4 0.01 3 10.1809 0.01
r 55.6 0.01 3 10.0656 0.01
r 55.8 0.01 3 9.98009 0.01
r 56 0.01 3 9.87594 0.01
r 56.2 0.01 3 9.75107 0.01
r 56.4 0.01 3 9.65914 0.01
r 56.6 0.01 3 9.5628 0.01
r 56.8 0.01 3 9.48364 0.01
r 57 0.01 3 9.20816 0.01
r 57.2 0.01 3 9.0838 0.01
r 57.4 0.01 3 8.99967 0.01
r 57.6 0.01 3 8.8797 0.01
r 57.8 0.01 3 8.76156 0.01
r 58 0.01 3 8.64592 0.01
r 58.2 0.01 3 8.53856 0.01
r 58.4 0.01 3 8.45628 0.01
r 58.6 0.01 3 8.358 0.01
r 58.8 0.01 3 8.18409 0.01
r 59 0.01 3 8.09135 0.01
r 59.2 0.01 3 7.95262 0.01
r 59.4 0.01 3 7.88737 0.01
r 59.6 0.01 3 7.78799 0.01
r 59.8 0.01 3 7.69334 0.01
r 60 0.01 3 7.56325 0.01
r 60.2 0.01 3 7.4077 0.01
r 60.4 0.01 3 7.3373 0.01
r 60.6 0.01 3 7.1859 0.01
r 60.8 0.01 3 7.17206 0.01
r 61 0.01 3 6.93755 0.01
r 61.2 0.01 3 6.83395 0.01
r 61.4 0.01 3 6.73281 0.01
r 61.6 0.01 3 6.63427 0.01
r 61.8 0.01 3 6.52704 0.01
r 62 0.01 3 6.44699 0.01
r 62.2 0.01 3 6.32744 0.01
r 62.4 0.01 3 6.22601 0.01
r 62.6 0.01 3 6.19084 0.01
r 62.8 0.01 3 6.113 0.01
r 63 0.01 3 5.94033 0.01
r 63.2 0.01 3 5.86441 0.01
r 63.4 0.01 3 5.78341 0.01
r 63.6 0.01 3 5.65332 0.01
r 63.8 0.01 3 5.55351 0.01
r 64 0.01 3 5.47851 0.01
r 64.2 0.01 3 5.38028 0.01
r 64.4 0.01 3 5.27938 0.01
r 64.6 0.01 3 5.19783 0.01
r 64.8 0.01 3 5.11232 0.01
r 65 0.01 3 5.11473 0.01
r 65.2 0.01 3 5.06083 0.01
r 65.4 0.01 3 4.86632 0.01
r 65.6 0.01 3 4.78854 0.01
r 65.8 0.01 3 4.71445 0.01
r 66 0.01 3 4.64448 0.01
r 66.2 0.01 3 4.57448 0.01
r 66.4 0.01 3 4.50772 0.01
r 66.6 0.01 3 4.44528 0.01
r 66.8 0.01 3 4.38261 0.01
r 67 0.01 3 4.34579 0.01
r 67.2 0.01 3 4.29727 0.01
r 67.4 0.01 3 4.21761 0.01
r 67.6 0.01 3 4.16972 0.01
r 67.8 0.01 3 4.12445 0.01
r 68 0.01 3 4.08333 0.01
r 68.2 0.01 3 4.04529 0.01
r 68.4 0.01 3 4.01157 0.01
r 68.6 0.01 3 3.98232 0.01
r 68.8 0.01 3 3.9559 0.01
r 69 0.01 3 3.93307 0.01
r 69.2 0.01 3 3.91517 0.01
r 69.4 0.01 3 3.9015 0.01
r 69.6 0.01 3 3.89213 0.01
r 69.8 0.01 3 3.88733 0.01
r 70 0.01 3 3.88632 0.01
