4
s 30 2 402
r 30 0.01 2 1.39243 0.01
r 30.2 0.01 2 1.39968 0.01
r 30.4 0.01 2 1.42076 0.01
r 30.6 0.01 2 1.45513 0.01
r 30.8 0.01 2 1.50183 0.01
r 31 0.01 2 1.56074 0.01
r 31.2 0.01 2 1.62792 0.01
r 31.4 0.01 2 1.7058 0.01
r 31.6 0.01 2 1.78915 0.01
r 31.8 0.01 2 1.88034 0.01
r 32 0.01 2 1.97787 0.01
r 32.2 0.01 2 2.07919 0.01
r 32.4 0.01 2 2.18511 0.01
r 32.6 0.01 2 2.29457 0.01
r 32.8 0.01 2 2.40701 0.01
r 33 0.01 2 2.52195 0.01
r 33.2 0.01 2 2.63892 0.01
r 33.4 0.01 2 2.75769 0.01
r 33.6 0.01 2 2.87773 0.01
r 33.8 0.01 2 2.99938 0.01
r 34 0.01 2 3.12097 0.01
r 34.2 0.01 2 3.24324 0.01
r 34.4 0.01 2 3.36532 0.01
r 34.6 0.01 2 3.48698 0.01
r 34.8 0.01 2 3.60773 0.01
r 35 0.01 2 3.72799 0.01
r 35.2 0.01 2 3.84705 0.01
r 35.4 0.01 2 3.96606 0.01
r 35.6 0.01 2 4.085 0.01
r 35.8 0.01 2 4.20673 0.01
r 36 0.01 2 4.32349 0.01
r 36.2 0.01 2 4.44304 0.01
r 36.4 0.01 2 4.56296 0.01
r 36.6 0.01 2 4.68359 0.01
r 36.8 0.01 2 4.80465 0.01
r 37 0.01 2 4.92406 0.01
r 37.2 0.01 2 5.04525 0.01
r 37.4 0.01 2 5.16521 0.01
r 37.6 0.01 2 5.28527 0.01
r 37.8 0.01 2 5.40851 0.01
r 38 0.01 2 5.52831 0.01
r 38.2 0.01 2 5.64991 0.01
r 38.4 0.01 2 5.77174 0.01
r 38.6 0.01 2 5.89451 0.01
r 38.8 0.01 2 6.01728 0.01
r 39 0.01 2 6.13496 0.01
r 39.2 0.01 2 6.25548 0.01
r 39.4 0.01 2 6.37622 0.01
r 39.6 0.01 2 6.49711 0.01
r 39.8 0.01 2 6.61985 0.01
r 40 0.01 2 6.74133 0.01
r 40.2 0.01 2 6.86134 0.01
r 40.4 0.01 2 6.98631 0.01
r 40.6 0.01 2 7.10364 0.01
r 40.8 0.01 2 7.22672 0.01
r 41 0.01 2 7.33644 0.01
r 41.2 0.01 2 7.45467 0.01
r 41.4 0.01 2 7.57375 0.01
r 41.6 0.01 2 7.69572 0.01
r 41.8 0.01 2 7.81154 0.01
r 42 0.01 2 7.93507 0.01
r 42.2 0.01 2 8.05354 0.01
r 42.4 0.01 2 8.17506 0.01
r 42.6 0.01 2 8.29612 0.01
r 42.8 0.01 2 8.41679 0.01
r 43 0.01 2 8.52708 0.01
r 43.2 0.01 2 8.64516 0.01
r 43.4 0.01 2 8.7659 0.01
r 43.6 0.01 2 8.88559 0.01
r 43.8 0.01 2 9.00274 0.01
r 44 0.01 2 9.12409 0.01
r 44.2 0.01 2 9.24408 0.01
r 44.4 0.01 2 9.36604 0.01
r 44.6 0.01 2 9.48669 0.01
r 44.8 0.01 2 9.60676 0.01
r 45 0.01 2 9.72116 0.01
r 45.2 0.01 2 9.84171 0.01
r 45.4 0.01 2 9.96424 0.01
r 45.6 0.01 2 10.0828 0.01
r 45.8 0.01 2 10.2037 0.01
r 46 0.01 2 10.3261 0.01
r 46.2 0.01 2 10.4481 0.01
r 46.4 0.01 2 10.5691 0.01
r 46.6 0.01 2 10.6895 0.01
r 46.8 0.01 2 10.8119 0.01
r 47 0.01 2 10.9261 0.01
r 47.2 0.01 2 11.0466 0.01
r 47.4 0.01 2 11.1675 0.01
r 47.6 0.01 2 11.2903 0.01
r 47.8 0.01 2 11.4045 0.01
r 48 0.01 2 11.5242 0.01
r 48.2 0.01 2 11.6444 0.01
r 48.4 0.01 2 11.7629 0.01
r 48.6 0.01 2 11.8833 0.01
r 48.8 0.01 2 12.0012 0.01
r 49 0.01 2 12.115 0.01
r 49.2 0.01 2 12.2334 0.01
r 49.4 0.01 2 12.3523 0.01
r 49.6 0.01 2 12.4727 0.01
r 49.8 0.01 2 12.5908 0.01
r 50 0.01 2 12.7101 0.01
r 50.2 0.01 2 12.8302 0.01
r 50.4 0.01 2 12.9498 0.01
r 50.6 0.01 2 13.0702 0.01
r 50.8 0.01 2 13.1917 0.01
r 51 0.01 2 13.3076 0.01
r 51.2 0.01 2 13.4284 0.01
r 51.4 0.01 2 13.5511 0.01
r 51.6 0.01 2 13.6712 0.01
r 51.8 0.01 2 13.791 0.01
r 52 0.01 2 13.9134 0.01
r 52.2 0.01 2 14.0346 0.01
r 52.4 0.01 2 14.1556 0.01
r 52.6 0.01 2 14.2771 0.01
r 52.8 0.01 2 14.3994 0.01
r 53 0.01 2 14.5193 0.01
r 53.2 0.01 2 14.6406 0.01
r 53.4 0.01 2 14.7625 0.01
r 53.6 0.01 2 14.8835 0.01
r 53.8 0.01 2 15.004 0.01
r 54 0.01 2 15.1251 0.01
r 54.2 0.01 2 15.2467 0.01
r 54.4 0.01 2 15.3694 0.01
r 54.6 0.01 2 15.4899 0.01
r 54.8 0.01 2 15.611 0.01
r 55 0.01 2 15.7321 0.01
r 55.2 0.01 2 15.8537 0.01
r 55.4 0.01 2 15.9751 0.01
r 55.6 0.01 2 16.0966 0.01
r 55.8 0.01 2 16.2182 0.01
r 56 0.01 2 16.3397 0.01
r 56.2 0.01 2 16.4622 0.01
r 56.4 0.01 2 16.5828 0.01
r 56.6 0.01 2 16.7045 0.01
r 56.8 0.01 2 16.8262 0.01
r 57 0.01 2 16.9484 0.01
r 57.2 0.01 2 17.071 0.01
r 57.4 0.01 2 17.1926 0.01
r 57.6 0.01 2 17.3144 0.01
r 57.8 0.01 2 17.4353 0.01
r 58 0.01 2 17.5569 0.01
r 58.2 0.01 2 17.6795 0.01
r 58.4 0.01 2 17.8011 0.01
r 58.6 0.01 2 17.9217 0.01
r 58.8 0.01 2 18.0431 0.01
r 59 0.01 2 18.1647 0.01
r 59.2 0.01 2 18.2863 0.01
r 59.4 0.01 2 18.4079 0.01
r 59.6 0.01 2 18.5293 0.01
r 59.8 0.01 2 18.6509 0.01
r 60 0.01 2 18.7725 0.01
r 60.2 0.01 2 18.8949 0.01
r 60.4 0.01 2 19.0159 0.01
r 60.6 0.01 2 19.1379 0.01
r 60.8 0.01 2 19.2599 0.01
r 61 0.01 2 19.3833 0.01
r 61.2 0.01 2 19.5059 0.01
r 61.4 0.01 2 19.6277 0.01
r 61.6 0.01 2 19.7508 0.01
r 61.8 0.01 2 19.8742 0.01
r 62 0.01 2 19.9978 0.01
r 62.2 0.01 2 20.1223 0.01
r 62.4 0.01 2 20.2449 0.01
r 62.6 0.01 2 20.3687 0.01
r 62.8 0.01 2 20.4927 0.01
r 63 0.01 2 20.6169 0.01
r 63.2 0.01 2 20.741 0.01
r 63.4 0.01 2 20.8652 0.01
r 63.6 0.01 2 20.9897 0.01
r 63.8 0.01 2 21.1142 0.01
r 64 0.01 2 21.2389 0.01
r 64.2 0.01 2 21.3636 0.01
r 64.4 0.01 2 21.4887 0.01
r 64.6 0.01 2 21.6137 0.01
r 64.8 0.01 2 21.7388 0.01
r 65 0.01 2 21.864 0.01
r 65.2 0.01 2 21.9894 0.01
r 65.4 0.01 2 22.1147 0.01
r 65.6 0.01 2 22.2403 0.01
r 65.8 0.01 2 22.3659 0.01
r 66 0.01 2 22.4916 0.01
r 66.2 0.01 2 22.6174 0.01
r 66.4 0.01 2 22.7432 0.01
r 66.6 0.01 2 22.8689 0.01
r 66.8 0.01 2 22.9945 0.01
r 67 0.01 2 23.1203 0.01
r 67.2 0.01 2 23.2458 0.01
r 67.4 0.01 2 23.3714 0.01
r 67.6 0.01 2 23.4969 0.01
r 67.8 0.01 2 23.6223 0.01
r 68 0.01 2 23.7477 0.01
r 68.2 0.01 2 23.8733 0.01
r 68.4 0.01 2 23.999 0.01
r 68.6 0.01 2 24.1249 0.01
r 68.8 0.01 2 24.2507 0.01
r 69 0.01 2 24.3756 0.01
r 69.2 0.01 2 24.5023 0.01
r 69.4 0.01 2 24.6287 0.01
r 69.6 0.01 2 24.7554 0.01
r 69.8 0.01 2 24.8823 0.01
r 70 0.01 2 25.0097 0.01
r 30 0.01 3 4.19154 0.01
r 30.2 0.01 3 4.19221 0.01
r 30.4 0.01 3 4.19747 0.01
r 30.6 0.01 3 4.20753 0.01
r 30.8 0.01 3 4.22217 0.01
r 31 0.01 3 4.24371 0.01
r 31.2 0.01 3 4.26633 0.01
r 31.4 0.01 3 4.29427 0.01
r 31.6 0.01 3 4.32597 0.01
r 31.8 0.01 3 4.36332 0.01
r 32 0.01 3 4.40311 0.01
r 32.2 0.01 3 4.44767 0.01
r 32.4 0.01 3 4.4955 0.01
r 32.6 0.01 3 4.54624 0.01
r 32.8 0.01 3 4.60415 0.01
r 33 0.01 3 4.66016 0.01
r 33.2 0.01 3 4.72761 0.01
r 33.4 0.01 3 4.79303 0.01
r 33.6 0.01 3 4.86523 0.01
r 33.8 0.01 3 4.94284 0.01
r 34 0.01 3 5.00833 0.01
r 34.2 0.01 3 5.07948 0.01
r 34.4 0.01 3 5.15763 0.01
r 34.6 0.01 3 5.23502 0.01
r 34.8 0.01 3 5.31598 0.01
r 35 0.01 3 5.40203 0.01
r 35.2 0.01 3 5.49415 0.01
r 35.4 0.01 3 5.57949 0.01
r 35.6 0.01 3 5.66952 0.01
r 35.8 0.01 3 5.76001 0.01
r 36 0.01 3 5.8537 0.01
r 36.2 0.01 3 5.95004 0.01
r 36.4 0.01 3 6.04812 0.01
r 36.6 0.01 3 6.14816 0.01
r 36.8 0.01 3 6.25004 0.01
r 37 0.01 3 6.35162 0.01
r 37.2 0.01 3 6.45389 0.01
r 37.4 0.01 3 6.56348 0.01
r 37.6 0.01 3 6.66722 0.01
r 37.8 0.01 3 6.78997 0.01
r 38 0.01 3 6.90467 0.01
r 38.2 0.01 3 7.02195 0.01
r 38.4 0.01 3 7.1384 0.01
r 38.6 0.01 3 7.25545 0.01
r 38.8 0.01 3 7.37375 0.01
r 39 0.01 3 7.45063 0.01
r 39.2 0.01 3 7.55746 0.01
r 39.4 0.01 3 7.66496 0.01
r 39.6 0.01 3 7.77835 0.01
r 39.8 0.01 3 7.88695 0.01
r 40 0.01 3 7.99974 0.01
r 40.2 0.01 3 8.1168 0.01
r 40.4 0.01 3 8.23204 0.01
r 40.6 0.01 3 8.34743 0.01
r 40.8 0.01 3 8.4638 0.01
r 41 0.01 3 8.56952 0.01
r 41.2 0.01 3 8.68606 0.01
r 41.4 0.01 3 8.80024 0.01
r 41.6 0.01 3 8.91342 0.01
r 41.8 0.01 3 9.02804 0.01
r 42 0.01 3 9.14348 0.01
r 42.2 0.01 3 9.25941 0.01
r 42.4 0.01 3 9.37574 0.01
r 42.6 0.01 3 9.49253 0.01
r 42.8 0.01 3 9.60958 0.01
r 43 0.01 3 9.72682 0.01
r 43.2 0.01 3 9.84537 0.01
r 43.4 0.01 3 9.95923 0.01
r 43.6 0.01 3 10.082 0.01
r 43.8 0.01 3 10.1956 0.01
r 44 0.01 3 10.3148 0.01
r 44.2 0.01 3 10.4331 0.01
r 44.4 0.01 3 10.5526 0.01
r 44.6 0.01 3 10.6729 0.01
r 44.8 0.01 3 10.7919 0.01
r 45 0.01 3 10.869 0.01
r 45.2 0.01 3 10.9877 0.01
r 45.4 0.01 3 11.1065 0.01
r 45.6 0.01 3 11.2259 0.01
r 45.8 0.01 3 11.3457 0.01
r 46 0.01 3 11.4651 0.01
r 46.2 0.01 3 11.5848 0.01
r 46.4 0.01 3 11.6971 0.01
r 46.6 0.01 3 11.823 0.01
r 46.8 0.01 3 11.9356 0.01
r 47 0.01 3 12.0541 0.01
r 47.2 0.01 3 12.1707 0.01
r 47.4 0.01 3 12.2882 0.01
r 47.6 0.01 3 12.4048 0.01
r 47.8 0.01 3 12.5223 0.01
r 48 0.01 3 12.6392 0.01
r 48.2 0.01 3 12.7585 0.01
r 48.4 0.01 3 12.8751 0.01
r 48.6 0.01 3 12.9928 0.01
r 48.8 0.01 3 13.1077 0.01
r 49 0.01 3 13.2264 0.01
r 49.2 0.01 3 13.3432 0.01
r 49.4 0.01 3 13.4604 0.01
r 49.6 0.01 3 13.5734 0.01
r 49.8 0.01 3 13.6863 0.01
r 50 0.01 3 13.8054 0.01
r 50.2 0.01 3 13.9222 0.01
r 50.4 0.01 3 14.0371 0.01
r 50.6 0.01 3 14.1585 0.01
r 50.8 0.01 3 14.2732 0.01
r 51 0.01 3 14.3915 0.01
r 51.2 0.01 3 14.5108 0.01
r 51.4 0.01 3 14.6314 0.01
r 51.6 0.01 3 14.749 0.01
r 51.8 0.01 3 14.8744 0.01
r 52 0.01 3 14.9881 0.01
r 52.2 0.01 3 15.1097 0.01
r 52.4 0.01 3 15.2291 0.01
r 52.6 0.01 3 15.3484 0.01
r 52.8 0.01 3 15.4702 0.01
r 53 0.01 3 15.5512 0.01
r 53.2 0.01 3 15.6717 0.01
r 53.4 0.01 3 15.7919 0.01
r 53.6 0.01 3 15.9129 0.01
r 53.8 0.01 3 16.0323 0.01
r 54 0.01 3 16.1544 0.01
r 54.2 0.01 3 16.274 0.01
r 54.4 0.01 3 16.3951 0.01
r 54.6 0.01 3 16.516 0.01
r 54.8 0.01 3 16.6366 0.01
r 55 0.01 3 16.7878 0.01
r 55.2 0.01 3 16.9081 0.01
r 55.4 0.01 3 17.0288 0.01
r 55.6 0.01 3 17.1496 0.01
r 55.8 0.01 3 17.2705 0.01
r 56 0.01 3 17.3914 0.01
r 56.2 0.01 3 17.5125 0.01
r 56.4 0.01 3 17.6337 0.01
r 56.6 0.01 3 17.7549 0.01
r 56.8 0.01 3 17.8766 0.01
r 57 0.01 3 17.958 0.01
r 57.2 0.01 3 18.0809 0.01
r 57.4 0.01 3 18.2122 0.01
r 57.6 0.01 3 18.3338 0.01
r 57.8 0.01 3 18.4457 0.01
r 58 0.01 3 18.5771 0.01
r 58.2 0.01 3 18.6966 0.01
r 58.4 0.01 3 18.8106 0.01
r 58.6 0.01 3 18.9327 0.01
r 58.8 0.01 3 19.0646 0.01
r 59 0.01 3 19.1111 0.01
r 59.2 0.01 3 19.2239 0.01
r 59.4 0.01 3 19.3537 0.01
r 59.6 0.01 3 19.4773 0.01
r 59.8 0.01 3 19.6006 0.01
r 60 0.01 3 19.7225 0.01
r 60.2 0.01 3 19.8448 0.01
r 60.4 0.01 3 19.9672 0.01
r 60.6 0.01 3 20.0897 0.01
r 60.8 0.01 3 20.199 0.01
r 61 0.01 3 20.2632 0.01
r 61.2 0.01 3 20.3881 0.01
r 61.4 0.01 3 20.5106 0.01
r 61.6 0.01 3 20.6406 0.01
r 61.8 0.01 3 20.7732 0.01
r 62 0.01 3 20.8933 0.01
r 62.2 0.01 3 21.0172 0.01
r 62.4 0.01 3 21.141 0.01
r 62.6 0.01 3 21.2517 0.01
r 62.8 0.01 3 21.3758 0.01
r 63 0.01 3 21.4621 0.01
r 63.2 0.01 3 21.5986 0.01
r 63.4 0.01 3 21.7083 0.01
r 63.6 0.01 3 21.8313 0.01
r 63.8 0.01 3 21.9662 0.01
r 64 0.01 3 22.0829 0.01
r 64.2 0.01 3 22.2045 0.01
r 64.4 0.01 3 22.3311 0.01
r 64.6 0.01 3 22.455 0.01
r 64.8 0.01 3 22.5876 0.01
r 65 0.01 3 22.7421 0.01
r 65.2 0.01 3 22.8689 0.01
r 65.4 0.01 3 22.9932 0.01
r 65.6 0.01 3 23.1199 0.01
r 65.8 0.01 3 23.2447 0.01
r 66 0.01 3 23.3709 0.01
r 66.2 0.01 3 23.4978 0.01
r 66.4 0.01 3 23.6234 0.01
r 66.6 0.01 3 23.7499 0.01
r 66.8 0.01 3 23.8744 0.01
r 67 0.01 3 23.9753 0.01
r 67.2 0.01 3 24.0979 0.01
r 67.4 0.01 3 24.2234 0.01
r 67.6 0.01 3 24.3494 0.01
r 67.8 0.01 3 24.4745 0.01
r 68 0.01 3 24.6085 0.01
r 68.2 0.01 3 24.7239 0.01
r 68.4 0.01 3 24.8491 0.01
r 68.6 0.01 3 25.0001 0.01
r 68.8 0.01 3 25.102 0.01
r 69 0.01 3 25.1651 0.01
r 69.2 0.01 3 25.2867 0.01
r 69.4 0.01 3 25.4134 0.01
r 69.6 0.01 3 25.5486 0.01
r 69.8 0.01 3 25.6692 0.01
r 70 0.01 3 25.7965 0.01
s 43.3 2 402
r 30 0.01 2 8.84601 0.01
r 30.2 0.01 2 8.71961 0.01
r 30.4 0.01 2 8.58531 0.01
r 30.6 0.01 2 8.45503 0.01
r 30.8 0.01 2 8.32929 0.01
r 31 0.01 2 8.20638 0.01
r 31.2 0.01 2 8.07809 0.01
r 31.4 0.01 2 7.946 0.01
r 31.6 0.01 2 7.81863 0.01
r 31.8 0.01 2 7.68575 0.01
r 32 0.01 2 7.56167 0.01
r 32.2 0.01 2 7.43212 0.01
r 32.4 0.01 2 7.30463 0.01
r 32.6 0.01 2 7.17885 0.01
r 32.8 0.01 2 7.04588 0.01
r 33 0.01 2 6.94457 0.01
r 33.2 0.01 2 6.80551 0.01
r 33.4 0.01 2 6.66869 0.01
r 33.6 0.01 2 6.54467 0.01
r 33.8 0.01 2 6.41248 0.01
r 34 0.01 2 6.28453 0.01
r 34.2 0.01 2 6.15947 0.01
r 34.4 0.01 2 6.02733 0.01
r 34.6 0.01 2 5.90111 0.01
r 34.8 0.01 2 5.77558 0.01
r 35 0.01 2 5.65114 0.01
r 35.2 0.01 2 5.52714 0.01
r 35.4 0.01 2 5.40216 0.01
r 35.6 0.01 2 5.27635 0.01
r 35.8 0.01 2 5.15092 0.01
r 36 0.01 2 5.02419 0.01
r 36.2 0.01 2 4.89775 0.01
r 36.4 0.01 2 4.77197 0.01
r 36.6 0.01 2 4.64674 0.01
r 36.8 0.01 2 4.52183 0.01
r 37 0.01 2 4.39766 0.01
r 37.2 0.01 2 4.27401 0.01
r 37.4 0.01 2 4.15065 0.01
r 37.6 0.01 2 4.02841 0.01
r 37.8 0.01 2 3.90569 0.01
r 38 0.01 2 3.78319 0.01
r 38.2 0.01 2 3.66106 0.01
r 38.4 0.01 2 3.53923 0.01
r 38.6 0.01 2 3.41814 0.01
r 38.8 0.01 2 3.29712 0.01
r 39 0.01 2 3.17721 0.01
r 39.2 0.01 2 3.05728 0.01
r 39.4 0.01 2 2.93866 0.01
r 39.6 0.01 2 2.82083 0.01
r 39.8 0.01 2 2.70394 0.01
r 40 0.01 2 2.58828 0.01
r 40.2 0.01 2 2.47466 0.01
r 40.4 0.01 2 2.36258 0.01
r 40.6 0.01 2 2.25295 0.01
r 40.8 0.01 2 2.14742 0.01
r 41 0.01 2 2.04244 0.01
r 41.2 0.01 2 1.94257 0.01
r 41.4 0.01 2 1.8463 0.01
r 41.6 0.01 2 1.75527 0.01
r 41.8 0.01 2 1.6701 0.01
r 42 0.01 2 1.59169 0.01
r 42.2 0.01 2 1.52074 0.01
r 42.4 0.01 2 1.45893 0.01
r 42.6 0.01 2 1.40978 0.01
r 42.8 0.01 2 1.368 0.01
r 43 0.01 2 1.33962 0.01
r 43.2 0.01 2 1.3252 0.01
r 43.4 0.01 2 1.32366 0.01
r 43.6 0.01 2 1.33449 0.01
r 43.8 0.01 2 1.35833 0.01
r 44 0.01 2 1.39466 0.01
r 44.2 0.01 2 1.4423 0.01
r 44.4 0.01 2 1.50021 0.01
r 44.6 0.01 2 1.56727 0.01
r 44.8 0.01 2 1.64138 0.01
r 45 0.01 2 1.72348 0.01
r 45.2 0.01 2 1.8092 0.01
r 45.4 0.01 2 1.90067 0.01
r 45.6 0.01 2 1.99764 0.01
r 45.8 0.01 2 2.09479 0.01
r 46 0.01 2 2.1963 0.01
r 46.2 0.01 2 2.30043 0.01
r 46.4 0.01 2 2.40637 0.01
r 46.6 0.01 2 2.51405 0.01
r 46.8 0.01 2 2.62307 0.01
r 47 0.01 2 2.73337 0.01
r 47.2 0.01 2 2.84446 0.01
r 47.4 0.01 2 2.95686 0.01
r 47.6 0.01 2 3.06973 0.01
r 47.8 0.01 2 3.18199 0.01
r 48 0.01 2 3.29523 0.01
r 48.2 0.01 2 3.40929 0.01
r 48.4 0.01 2 3.5237 0.01
r 48.6 0.01 2 3.63847 0.01
r 48.8 0.01 2 3.75348 0.01
r 49 0.01 2 3.86899 0.01
r 49.2 0.01 2 3.98403 0.01
r 49.4 0.01 2 4.09929 0.01
r 49.6 0.01 2 4.21475 0.01
r 49.8 0.01 2 4.33058 0.01
r 50 0.01 2 4.44671 0.01
r 50.2 0.01 2 4.56336 0.01
r 50.4 0.01 2 4.6807 0.01
r 50.6 0.01 2 4.79871 0.01
r 50.8 0.01 2 4.9171 0.01
r 51 0.01 2 5.03585 0.01
r 51.2 0.01 2 5.15468 0.01
r 51.4 0.01 2 5.27384 0.01
r 51.6 0.01 2 5.39296 0.01
r 51.8 0.01 2 5.51218 0.01
r 52 0.01 2 5.63175 0.01
r 52.2 0.01 2 5.75165 0.01
r 52.4 0.01 2 5.87174 0.01
r 52.6 0.01 2 5.99177 0.01
r 52.8 0.01 2 6.11188 0.01
r 53 0.01 2 6.23174 0.01
r 53.2 0.01 2 6.35198 0.01
r 53.4 0.01 2 6.47219 0.01
r 53.6 0.01 2 6.5927 0.01
r 53.8 0.01 2 6.7133 0.01
r 54 0.01 2 6.83399 0.01
r 54.2 0.01 2 6.95477 0.01
r 54.4 0.01 2 7.0755 0.01
r 54.6 0.01 2 7.19629 0.01
r 54.8 0.01 2 7.31723 0.01
r 55 0.01 2 7.43861 0.01
r 55.2 0.01 2 7.55976 0.01
r 55.4 0.01 2 7.68099 0.01
r 55.6 0.01 2 7.80228 0.01
r 55.8 0.01 2 7.92362 0.01
r 56 0.01 2 8.04495 0.01
r 56.2 0.01 2 8.16633 0.01
r 56.4 0.01 2 8.28779 0.01
r 56.6 0.01 2 8.40937 0.01
r 56.8 0.01 2 8.53103 0.01
r 57 0.01 2 8.65274 0.01
r 57.2 0.01 2 8.7745 0.01
r 57.4 0.01 2 8.89626 0.01
r 57.6 0.01 2 9.018 0.01
r 57.8 0.01 2 9.13969 0.01
r 58 0.01 2 9.26131 0.01
r 58.2 0.01 2 9.38292 0.01
r 58.4 0.01 2 9.50453 0.01
r 58.6 0.01 2 9.62615 0.01
r 58.8 0.01 2 9.74772 0.01
r 59 0.01 2 9.86924 0.01
r 59.2 0.01 2 9.99079 0.01
r 59.4 0.01 2 10.1124 0.01
r 59.6 0.01 2 10.2339 0.01
r 59.8 0.01 2 10.3554 0.01
r 60 0.01 2 10.4769 0.01
r 60.2 0.01 2 10.5986 0.01
r 60.4 0.01 2 10.7203 0.01
r 60.6 0.01 2 10.8424 0.01
r 60.8 0.01 2 10.9646 0.01
r 61 0.01 2 11.087 0.01
r 61.2 0.01 2 11.2097 0.01
r 61.4 0.01 2 11.3325 0.01
r 61.6 0.01 2 11.4556 0.01
r 61.8 0.01 2 11.5789 0.01
r 62 0.01 2 11.7024 0.01
r 62.2 0.01 2 11.826 0.01
r 62.4 0.01 2 11.9497 0.01
r 62.6 0.01 2 12.0735 0.01
r 62.8 0.01 2 12.1974 0.01
r 63 0.01 2 12.3213 0.01
r 63.2 0.01 2 12.4454 0.01
r 63.4 0.01 2 12.5696 0.01
r 63.6 0.01 2 12.694 0.01
r 63.8 0.01 2 12.8186 0.01
r 64 0.01 2 12.9433 0.01
r 64.2 0.01 2 13.0682 0.01
r 64.4 0.01 2 13.1931 0.01
r 64.6 0.01 2 13.3182 0.01
r 64.8 0.01 2 13.4433 0.01
r 65 0.01 2 13.5686 0.01
r 65.2 0.01 2 13.6939 0.01
r 65.4 0.01 2 13.8193 0.01
r 65.6 0.01 2 13.9449 0.01
r 65.8 0.01 2 14.0705 0.01
r 66 0.01 2 14.1962 0.01
r 66.2 0.01 2 14.3219 0.01
r 66.4 0.01 2 14.4476 0.01
r 66.6 0.01 2 14.5733 0.01
r 66.8 0.01 2 14.6989 0.01
r 67 0.01 2 14.8244 0.01
r 67.2 0.01 2 14.95 0.01
r 67.4 0.01 2 15.0755 0.01
r 67.6 0.01 2 15.2009 0.01
r 67.8 0.01 2 15.3263 0.01
r 68 0.01 2 15.4516 0.01
r 68.2 0.01 2 15.5769 0.01
r 68.4 0.01 2 15.7024 0.01
r 68.6 0.01 2 15.828 0.01
r 68.8 0.01 2 15.954 0.01
r 69 0.01 2 16.0802 0.01
r 69.2 0.01 2 16.2064 0.01
r 69.4 0.01 2 16.3329 0.01
r 69.6 0.01 2 16.4596 0.01
r 69.8 0.01 2 16.5866 0.01
r 70 0.01 2 16.7137 0.01
r 30 0.01 3 9.89542 0.01
r 30.2 0.01 3 9.7682 0.01
r 30.4 0.01 3 9.6415 0.01
r 30.6 0.01 3 9.51456 0.01
r 30.8 0.01 3 9.38937 0.01
r 31 0.01 3 9.26464 0.01
r 31.2 0.01 3 9.14544 0.01
r 31.4 0.01 3 9.02201 0.01
r 31.6 0.01 3 8.89864 0.01
r 31.8 0.01 3 8.7767 0.01
r 32 0.01 3 8.65454 0.01
r 32.2 0.01 3 8.53358 0.01
r 32.4 0.01 3 8.41454 0.01
r 32.6 0.01 3 8.29677 0.01
r 32.8 0.01 3 8.17558 0.01
r 33 0.01 3 8.09615 0.01
r 33.2 0.01 3 8.02002 0.01
r 33.4 0.01 3 7.86594 0.01
r 33.6 0.01 3 7.77855 0.01
r 33.8 0.01 3 7.67212 0.01
r 34 0.01 3 7.56637 0.01
r 34.2 0.01 3 7.43851 0.01
r 34.4 0.01 3 7.31639 0.01
r 34.6 0.01 3 7.20108 0.01
r 34.8 0.01 3 7.09024 0.01
r 35 0.01 3 6.99486 0.01
r 35.2 0.01 3 6.82489 0.01
r 35.4 0.01 3 6.71727 0.01
r 35.6 0.01 3 6.59142 0.01
r 35.8 0.01 3 6.52135 0.01
r 36 0.01 3 6.37478 0.01
r 36.2 0.01 3 6.26841 0.01
r 36.4 0.01 3 6.16072 0.01
r 36.6 0.01 3 6.06156 0.01
r 36.8 0.01 3 5.95286 0.01
r 37 0.01 3 5.85483 0.01
r 37.2 0.01 3 5.75947 0.01
r 37.4 0.01 3 5.66213 0.01
r 37.6 0.01 3 5.56582 0.01
r 37.8 0.01 3 5.46913 0.01
r 38 0.01 3 5.37793 0.01
r 38.2 0.01 3 5.2896 0.01
r 38.4 0.01 3 5.19902 0.01
r 38.6 0.01 3 5.11241 0.01
r 38.8 0.01 3 5.02916 0.01
r 39 0.01 3 4.95172 0.01
r 39.2 0.01 3 4.87276 0.01
r 39.4 0.01 3 4.79841 0.01
r 39.6 0.01 3 4.72813 0.01
r 39.8 0.01 3 4.73207 0.01
r 40 0.01 3 4.59196 0.01
r 40.2 0.01 3 4.5281 0.01
r 40.4 0.01 3 4.4654 0.01
r 40.6 0.01 3 4.40693 0.01
r 40.8 0.01 3 4.3517 0.01
r 41 0.01 3 4.29975 0.01
r 41.2 0.01 3 4.25197 0.01
r 41.4 0.01 3 4.20744 0.01
r 41.6 0.01 3 4.16708 0.01
r 41.8 0.01 3 4.13002 0.01
r 42 0.01 3 4.09601 0.01
r 42.2 0.01 3 4.06624 0.01
r 42.4 0.01 3 4.04053 0.01
r 42.6 0.01 3 4.0192 0.01
r 42.8 0.01 3 4.0022 0.01
r 43 0.01 3 3.98978 0.01
r 43.2 0.01 3 3.98191 0.01
r 43.4 0.01 3 3.97837 0.01
r 43.6 0.01 3 3.97843 0.01
r 43.8 0.01 3 3.98365 0.01
r 44 0.01 3 3.99319 0.01
r 44.2 0.01 3 4.00764 0.01
r 44.4 0.01 3 4.02827 0.01
r 44.6 0.01 3 4.04715 0.01
r 44.8 0.01 3 4.07429 0.01
r 45 0.01 3 4.10694 0.01
r 45.2 0.01 3 4.13822 0.01
r 45.4 0.01 3 4.17405 0.01
r 45.6 0.01 3 4.21448 0.01
r 45.8 0.01 3 4.25963 0.01
r 46 0.01 3 4.3075 0.01
r 46.2 0.01 3 4.36042 0.01
r 46.4 0.01 3 4.41243 0.01
r 46.6 0.01 3 4.49631 0.01
r 46.8 0.01 3 4.546 0.01
r 47 0.01 3 4.59139 0.01
r 47.2 0.01 3 4.6579 0.01
r 47.4 0.01 3 4.72689 0.01
r 47.6 0.01 3 4.79821 0.01
r 47.8 0.01 3 4.87304 0.01
r 48 0.01 3 4.94905 0.01
r 48.2 0.01 3 5.02653 0.01
r 48.4 0.01 3 5.11146 0.01
r 48.6 0.01 3 5.19216 0.01
r 48.8 0.01 3 5.27485 0.01
r 49 0.01 3 5.36893 0.01
r 49.2 0.01 3 5.4713 0.01
r 49.4 0.01 3 5.55449 0.01
r 49.6 0.01 3 5.64772 0.01
r 49.8 0.01 3 5.73756 0.01
r 50 0.01 3 5.82863 0.01
r 50.2 0.01 3 5.92297 0.01
r 50.4 0.01 3 6.02044 0.01
r 50.6 0.01 3 6.11891 0.01
r 50.8 0.01 3 6.21809 0.01
r 51 0.01 3 6.34089 0.01
r 51.2 0.01 3 6.45284 0.01
r 51.4 0.01 3 6.57423 0.01
r 51.6 0.01 3 6.66809 0.01
r 51.8 0.01 3 6.76503 0.01
r 52 0.01 3 6.92751 0.01
r 52.2 0.01 3 6.96363 0.01
r 52.4 0.01 3 7.06846 0.01
r 52.6 0.01 3 7.17082 0.01
r 52.8 0.01 3 7.283 0.01
r 53 0.01 3 7.36548 0.01
r 53.2 0.01 3 7.48378 0.01
r 53.4 0.01 3 7.58994 0.01
r 53.6 0.01 3 7.70881 0.01
r 53.8 0.01 3 7.81011 0.01
r 54 0.01 3 8.09556 0.01
r 54.2 0.01 3 8.00305 0.01
r 54.4 0.01 3 8.25043 0.01
r 54.6 0.01 3 8.34473 0.01
r 54.8 0.01 3 8.44101 0.01
r 55 0.01 3 8.53921 0.01
r 55.2 0.01 3 8.64677 0.01
r 55.4 0.01 3 8.72886 0.01
r 55.6 0.01 3 8.82558 0.01
r 55.8 0.01 3 8.92417 0.01
r 56 0.01 3 9.02698 0.01
r 56.2 0.01 3 9.1338 0.01
r 56.4 0.01 3 9.23468 0.01
r 56.6 0.01 3 9.34418 0.01
r 56.8 0.01 3 9.45451 0.01
r 57 0.01 3 9.68759 0.01
r 57.2 0.01 3 9.74662 0.01
r 57.4 0.01 3 9.84513 0.01
r 57.6 0.01 3 9.95394 0.01
r 57.8 0.01 3 10.0982 0.01
r 58 0.01 3 10.2074 0.01
r 58.2 0.01 3 10.3143 0.01
r 58.4 0.01 3 10.4109 0.01
r 58.6 0.01 3 10.5176 0.01
r 58.8 0.01 3 10.6595 0.01
r 59 0.01 3 10.7614 0.01
r 59.2 0.01 3 10.8742 0.01
r 59.4 0.01 3 10.9745 0.01
r 59.6 0.01 3 11.1298 0.01
r 59.8 0.01 3 11.2151 0.01
r 60 0.01 3 11.3412 0.01
r 60.2 0.01 3 11.4565 0.01
r 60.4 0.01 3 11.5767 0.01
r 60.6 0.01 3 11.6932 0.01
r 60.8 0.01 3 11.8025 0.01
r 61 0.01 3 11.9717 0.01
r 61.2 0.01 3 12.0834 0.01
r 61.4 0.01 3 12.1939 0.01
r 61.6 0.01 3 12.3064 0.01
r 61.8 0.01 3 12.4196 0.01
r 62 0.01 3 12.5336 0.01
r 62.2 0.01 3 12.6488 0.01
r 62.4 0.01 3 12.7648 0.01
r 62.6 0.01 3 12.8817 0.01
r 62.8 0.01 3 12.9997 0.01
r 63 0.01 3 13.1209 0.01
r 63.2 0.01 3 13.2403 0.01
r 63.4 0.01 3 13.36 0.01
r 63.6 0.01 3 13.4803 0.01
r 63.8 0.01 3 13.6015 0.01
r 64 0.01 3 13.7231 0.01
r 64.2 0.01 3 13.8452 0.01
r 64.4 0.01 3 13.9676 0.01
r 64.6 0.01 3 14.0902 0.01
r 64.8 0.01 3 14.2133 0.01
r 65 0.01 3 14.3258 0.01
r 65.2 0.01 3 14.446 0.01
r 65.4 0.01 3 14.5668 0.01
r 65.6 0.01 3 14.6881 0.01
r 65.8 0.01 3 14.81 0.01
r 66 0.01 3 14.9324 0.01
r 66.2 0.01 3 15.0552 0.01
r 66.4 0.01 3 15.1783 0.01
r 66.6 0.01 3 15.3016 0.01
r 66.8 0.01 3 15.4252 0.01
r 67 0.01 3 15.5495 0.01
r 67.2 0.01 3 15.6702 0.01
r 67.4 0.01 3 15.7919 0.01
r 67.6 0.01 3 15.9094 0.01
r 67.8 0.01 3 16.0364 0.01
r 68 0.01 3 16.1546 0.01
r 68.2 0.01 3 16.2778 0.01
r 68.4 0.01 3 16.4063 0.01
r 68.6 0.01 3 16.5304 0.01
r 68.8 0.01 3 16.6499 0.01
r 69 0.01 3 16.7726 0.01
r 69.2 0.01 3 16.8976 0.01
r 69.4 0.01 3 17.0235 0.01
r 69.6 0.01 3 17.1496 0.01
r 69.8 0.01 3 17.2772 0.01
r 70 0.01 3 17.4036 0.01
s 56.7 2 402
r 30 0.01 2 17.2955 0.01
r 30.2 0.01 2 17.166 0.01
r 30.4 0.01 2 17.0359 0.01
r 30.6 0.01 2 16.9041 0.01
r 30.8 0.01 2 16.7735 0.01
r 31 0.01 2 16.6664 0.01
r 31.2 0.01 2 16.5361 0.01
r 31.4 0.01 2 16.4062 0.01
r 31.6 0.01 2 16.2726 0.01
r 31.8 0.01 2 16.1419 0.01
r 32 0.01 2 16.0128 0.01
r 32.2 0.01 2 15.8848 0.01
r 32.4 0.01 2 15.7586 0.01
r 32.6 0.01 2 15.6287 0.01
r 32.8 0.01 2 15.4963 0.01
r 33 0.01 2 15.3801 0.01
r 33.2 0.01 2 15.2492 0.01
r 33.4 0.01 2 15.1324 0.01
r 33.6 0.01 2 14.9977 0.01
r 33.8 0.01 2 14.8674 0.01
r 34 0.01 2 14.7451 0.01
r 34.2 0.01 2 14.6089 0.01
r 34.4 0.01 2 14.4795 0.01
r 34.6 0.01 2 14.3523 0.01
r 34.8 0.01 2 14.2297 0.01
r 35 0.01 2 14.1088 0.01
r 35.2 0.01 2 13.9808 0.01
r 35.4 0.01 2 13.8532 0.01
r 35.6 0.01 2 13.7212 0.01
r 35.8 0.01 2 13.5909 0.01
r 36 0.01 2 13.465 0.01
r 36.2 0.01 2 13.3344 0.01
r 36.4 0.01 2 13.2079 0.01
r 36.6 0.01 2 13.0817 0.01
r 36.8 0.01 2 12.9557 0.01
r 37 0.01 2 12.8319 0.01
r 37.2 0.01 2 12.7022 0.01
r 37.4 0.01 2 12.5732 0.01
r 37.6 0.01 2 12.4479 0.01
r 37.8 0.01 2 12.3187 0.01
r 38 0.01 2 12.1891 0.01
r 38.2 0.01 2 12.061 0.01
r 38.4 0.01 2 11.9346 0.01
r 38.6 0.01 2 11.8071 0.01
r 38.8 0.01 2 11.6772 0.01
r 39 0.01 2 11.549 0.01
r 39.2 0.01 2 11.4197 0.01
r 39.4 0.01 2 11.2902 0.01
r 39.6 0.01 2 11.1597 0.01
r 39.8 0.01 2 11.0303 0.01
r 40 0.01 2 10.8994 0.01
r 40.2 0.01 2 10.7686 0.01
r 40.4 0.01 2 10.642 0.01
r 40.6 0.01 2 10.5094 0.01
r 40.8 0.01 2 10.3793 0.01
r 41 0.01 2 10.2522 0.01
r 41.2 0.01 2 10.1202 0.01
r 41.4 0.01 2 9.99008 0.01
r 41.6 0.01 2 9.85992 0.01
r 41.8 0.01 2 9.72919 0.01
r 42 0.01 2 9.59768 0.01
r 42.2 0.01 2 9.46603 0.01
r 42.4 0.01 2 9.33491 0.01
r 42.6 0.01 2 9.20433 0.01
r 42.8 0.01 2 9.07445 0.01
r 43 0.01 2 8.95158 0.01
r 43.2 0.01 2 8.82143 0.01
r 43.4 0.01 2 8.69451 0.01
r 43.6 0.01 2 8.565 0.01
r 43.8 0.01 2 8.43422 0.01
r 44 0.01 2 8.30616 0.01
r 44.2 0.01 2 8.17714 0.01
r 44.4 0.01 2 8.04896 0.01
r 44.6 0.01 2 7.92048 0.01
r 44.8 0.01 2 7.79205 0.01
r 45 0.01 2 7.67152 0.01
r 45.2 0.01 2 7.542 0.01
r 45.4 0.01 2 7.41271 0.01
r 45.6 0.01 2 7.28362 0.01
r 45.8 0.01 2 7.15443 0.01
r 46 0.01 2 7.02504 0.01
r 46.2 0.01 2 6.89556 0.01
r 46.4 0.01 2 6.76625 0.01
r 46.6 0.01 2 6.63719 0.01
r 46.8 0.01 2 6.50763 0.01
r 47 0.01 2 6.37922 0.01
r 47.2 0.01 2 6.25024 0.01
r 47.4 0.01 2 6.12172 0.01
r 47.6 0.01 2 5.99341 0.01
r 47.8 0.01 2 5.8654 0.01
r 48 0.01 2 5.73766 0.01
r 48.2 0.01 2 5.61018 0.01
r 48.4 0.01 2 5.48313 0.01
r 48.6 0.01 2 5.35626 0.01
r 48.8 0.01 2 5.22958 0.01
r 49 0.01 2 5.10327 0.01
r 49.2 0.01 2 4.97704 0.01
r 49.4 0.01 2 4.8514 0.01
r 49.6 0.01 2 4.72621 0.01
r 49.8 0.01 2 4.60159 0.01
r 50 0.01 2 4.47769 0.01
r 50.2 0.01 2 4.3542 0.01
r 50.4 0.01 2 4.23115 0.01
r 50.6 0.01 2 4.1086 0.01
r 50.8 0.01 2 3.9864 0.01
r 51 0.01 2 3.86489 0.01
r 51.2 0.01 2 3.74388 0.01
r 51.4 0.01 2 3.62342 0.01
r 51.6 0.01 2 3.50337 0.01
r 51.8 0.01 2 3.38373 0.01
r 52 0.01 2 3.26473 0.01
r 52.2 0.01 2 3.1465 0.01
r 52.4 0.01 2 3.02918 0.01
r 52.6 0.01 2 2.91291 0.01
r 52.8 0.01 2 2.79779 0.01
r 53 0.01 2 2.68394 0.01
r 53.2 0.01 2 2.57149 0.01
r 53.4 0.01 2 2.46067 0.01
r 53.6 0.01 2 2.35186 0.01
r 53.8 0.01 2 2.24537 0.01
r 54 0.01 2 2.1413 0.01
r 54.2 0.01 2 2.03993 0.01
r 54.4 0.01 2 1.94164 0.01
r 54.6 0.01 2 1.8469 0.01
r 54.8 0.01 2 1.75646 0.01
r 55 0.01 2 1.67066 0.01
r 55.2 0.01 2 1.59085 0.01
r 55.4 0.01 2 1.51722 0.01
r 55.6 0.01 2 1.45096 0.01
r 55.8 0.01 2 1.39344 0.01
r 56 0.01 2 1.34574 0.01
r 56.2 0.01 2 1.30894 0.01
r 56.4 0.01 2 1.28427 0.01
r 56.6 0.01 2 1.27212 0.01
r 56.8 0.01 2 1.27216 0.01
r 57 0.01 2 1.28513 0.01
r 57.2 0.01 2 1.31019 0.01
r 57.4 0.01 2 1.34586 0.01
r 57.6 0.01 2 1.39359 0.01
r 57.8 0.01 2 1.45057 0.01
r 58 0.01 2 1.51579 0.01
r 58.2 0.01 2 1.58909 0.01
r 58.4 0.01 2 1.66891 0.01
r 58.6 0.01 2 1.75438 0.01
r 58.8 0.01 2 1.84464 0.01
r 59 0.01 2 1.939 0.01
r 59.2 0.01 2 2.03717 0.01
r 59.4 0.01 2 2.13848 0.01
r 59.6 0.01 2 2.24255 0.01
r 59.8 0.01 2 2.3488 0.01
r 60 0.01 2 2.4572 0.01
r 60.2 0.01 2 2.56734 0.01
r 60.4 0.01 2 2.67789 0.01
r 60.6 0.01 2 2.79065 0.01
r 60.8 0.01 2 2.90459 0.01
r 61 0.01 2 3.01957 0.01
r 61.2 0.01 2 3.13552 0.01
r 61.4 0.01 2 3.2525 0.01
r 61.6 0.01 2 3.37007 0.01
r 61.8 0.01 2 3.4884 0.01
r 62 0.01 2 3.60737 0.01
r 62.2 0.01 2 3.72689 0.01
r 62.4 0.01 2 3.8474 0.01
r 62.6 0.01 2 3.96809 0.01
r 62.8 0.01 2 4.08941 0.01
r 63 0.01 2 4.21112 0.01
r 63.2 0.01 2 4.33359 0.01
r 63.4 0.01 2 4.45643 0.01
r 63.6 0.01 2 4.57967 0.01
r 63.8 0.01 2 4.70327 0.01
r 64 0.01 2 4.82726 0.01
r 64.2 0.01 2 4.95153 0.01
r 64.4 0.01 2 5.07592 0.01
r 64.6 0.01 2 5.2006 0.01
r 64.8 0.01 2 5.32544 0.01
r 65 0.01 2 5.44969 0.01
r 65.2 0.01 2 5.5748 0.01
r 65.4 0.01 2 5.70001 0.01
r 65.6 0.01 2 5.82531 0.01
r 65.8 0.01 2 5.95074 0.01
r 66 0.01 2 6.07622 0.01
r 66.2 0.01 2 6.20173 0.01
r 66.4 0.01 2 6.32727 0.01
r 66.6 0.01 2 6.45273 0.01
r 66.8 0.01 2 6.57816 0.01
r 67 0.01 2 6.70357 0.01
r 67.2 0.01 2 6.82893 0.01
r 67.4 0.01 2 6.95424 0.01
r 67.6 0.01 2 7.0795 0.01
r 67.8 0.01 2 7.20472 0.01
r 68 0.01 2 7.32991 0.01
r 68.2 0.01 2 7.45515 0.01
r 68.4 0.01 2 7.58056 0.01
r 68.6 0.01 2 7.70621 0.01
r 68.8 0.01 2 7.83201 0.01
r 69 0.01 2 7.95806 0.01
r 69.2 0.01 2 8.08429 0.01
r 69.4 0.01 2 8.21079 0.01
r 69.6 0.01 2 8.33748 0.01
r 69.8 0.01 2 8.46482 0.01
r 70 0.01 2 8.59194 0.01
r 30 0.01 3 17.8595 0.01
r 30.2 0.01 3 17.7342 0.01
r 30.4 0.01 3 17.6057 0.01
r 30.6 0.01 3 17.4755 0.01
r 30.8 0.01 3 17.3478 0.01
r 31 0.01 3 17.2151 0.01
r 31.2 0.01 3 17.0917 0.01
r 31.4 0.01 3 16.9644 0.01
r 31.6 0.01 3 16.8262 0.01
r 31.8 0.01 3 16.7101 0.01
r 32 0.01 3 16.5842 0.01
r 32.2 0.01 3 16.4551 0.01
r 32.4 0.01 3 16.3243 0.01
r 32.6 0.01 3 16.1923 0.01
r 32.8 0.01 3 16.0608 0.01
r 33 0.01 3 15.8195 0.01
r 33.2 0.01 3 15.6889 0.01
r 33.4 0.01 3 15.5626 0.01
r 33.6 0.01 3 15.4386 0.01
r 33.8 0.01 3 15.3094 0.01
r 34 0.01 3 15.1881 0.01
r 34.2 0.01 3 15.0538 0.01
r 34.4 0.01 3 14.9278 0.01
r 34.6 0.01 3 14.8028 0.01
r 34.8 0.01 3 14.6777 0.01
r 35 0.01 3 14.5536 0.01
r 35.2 0.01 3 14.4298 0.01
r 35.4 0.01 3 14.3056 0.01
r 35.6 0.01 3 14.1802 0.01
r 35.8 0.01 3 14.055 0.01
r 36 0.01 3 13.9301 0.01
r 36.2 0.01 3 13.8045 0.01
r 36.4 0.01 3 13.6795 0.01
r 36.6 0.01 3 13.5546 0.01
r 36.8 0.01 3 13.4304 0.01
r 37 0.01 3 13.3353 0.01
r 37.2 0.01 3 13.1875 0.01
r 37.4 0.01 3 13.0904 0.01
r 37.6 0.01 3 12.9668 0.01
r 37.8 0.01 3 12.844 0.01
r 38 0.01 3 12.7216 0.01
r 38.2 0.01 3 12.5984 0.01
r 38.4 0.01 3 12.4752 0.01
r 38.6 0.01 3 12.3514 0.01
r 38.8 0.01 3 12.2278 0.01
r 39 0.01 3 12.0798 0.01
r 39.2 0.01 3 11.979 0.01
r 39.4 0.01 3 11.8565 0.01
r 39.6 0.01 3 11.709 0.01
r 39.8 0.01 3 11.5864 0.01
r 40 0.01 3 11.465 0.01
r 40.2 0.01 3 11.3483 0.01
r 40.4 0.01 3 11.2335 0.01
r 40.6 0.01 3 11.0865 0.01
r 40.8 0.01 3 10.9958 0.01
r 41 0.01 3 10.8879 0.01
r 41.2 0.01 3 10.768 0.01
r 41.4 0.01 3 10.5834 0.01
r 41.6 0.01 3 10.5364 0.01
r 41.8 0.01 3 10.3543 0.01
r 42 0.01 3 10.2155 0.01
r 42.2 0.01 3 10.1233 0.01
r 42.4 0.01 3 9.96461 0.01
r 42.6 0.01 3 9.89857 0.01
r 42.8 0.01 3 9.71862 0.01
r 43 0.01 3 9.61584 0.01
r 43.2 0.01 3 9.53557 0.01
r 43.4 0.01 3 9.39666 0.01
r 43.6 0.01 3 9.31807 0.01
r 43.8 0.01 3 9.19874 0.01
r 44 0.01 3 9.02464 0.01
r 44.2 0.01 3 8.90918 0.01
r 44.4 0.01 3 8.76516 0.01
r 44.6 0.01 3 8.65338 0.01
r 44.8 0.01 3 8.5423 0.01
r 45 0.01 3 8.41539 0.01
r 45.2 0.01 3 8.31442 0.01
r 45.4 0.01 3 8.21333 0.01
r 45.6 0.01 3 8.07232 0.01
r 45.8 0.01 3 7.95812 0.01
r 46 0.01 3 7.84744 0.01
r 46.2 0.01 3 7.73464 0.01
r 46.4 0.01 3 7.62792 0.01
r 46.6 0.01 3 7.51721 0.01
r 46.8 0.01 3 7.41859 0.01
r 47 0.01 3 7.27488 0.01
r 47.2 0.01 3 7.16304 0.01
r 47.4 0.01 3 7.0597 0.01
r 47.6 0.01 3 6.95382 0.01
r 47.8 0.01 3 6.84988 0.01
r 48 0.01 3 6.74614 0.01
r 48.2 0.01 3 6.63441 0.01
r 48.4 0.01 3 6.54128 0.01
r 48.6 0.01 3 6.44289 0.01
r 48.8 0.01 3 6.33618 0.01
r 49 0.01 3 6.21496 0.01
r 49.2 0.01 3 6.10421 0.01
r 49.4 0.01 3 6.00055 0.01
r 49.6 0.01 3 5.89978 0.01
r 49.8 0.01 3 5.80073 0.01
r 50 0.01 3 5.70428 0.01
r 50.2 0.01 3 5.61034 0.01
r 50.4 0.01 3 5.51781 0.01
r 50.6 0.01 3 5.42775 0.01
r 50.8 0.01 3 5.34252 0.01
r 51 0.01 3 5.25242 0.01
r 51.2 0.01 3 5.1723 0.01
r 51.4 0.01 3 5.08759 0.01
r 51.6 0.01 3 5.00967 0.01
r 51.8 0.01 3 4.93404 0.01
r 52 0.01 3 4.86411 0.01
r 52.2 0.01 3 4.79478 0.01
r 52.4 0.01 3 4.68553 0.01
r 52.6 0.01 3 4.6099 0.01
r 52.8 0.01 3 4.54153 0.01
r 53 0.01 3 4.47272 0.01
r 53.2 0.01 3 4.40727 0.01
r 53.4 0.01 3 4.34723 0.01
r 53.6 0.01 3 4.28623 0.01
r 53.8 0.01 3 4.22963 0.01
r 54 0.01 3 4.17719 0.01
r 54.2 0.01 3 4.128 0.01
r 54.4 0.01 3 4.08243 0.01
r 54.6 0.01 3 4.04011 0.01
r 54.8 0.01 3 4.0017 0.01
r 55 0.01 3 3.97167 0.01
r 55.2 0.01 3 3.93548 0.01
r 55.4 0.01 3 3.9072 0.01
r 55.6 0.01 3 3.88704 0.01
r 55.8 0.01 3 3.86286 0.01
r 56 0.01 3 3.84596 0.01
r 56.2 0.01 3 3.83331 0.01
r 56.4 0.01 3 3.82494 0.01
r 56.6 0.01 3 3.82094 0.01
r 56.8 0.01 3 3.8212 0.01
r 57 0.01 3 3.82595 0.01
r 57.2 0.01 3 3.83412 0.01
r 57.4 0.01 3 3.84719 0.01
r 57.6 0.01 3 3.86388 0.01
r 57.8 0.01 3 3.88568 0.01
r 58 0.01 3 3.91069 0.01
r 58.2 0.01 3 3.93975 0.01
r 58.4 0.01 3 3.97415 0.01
r 58.6 0.01 3 4.0101 0.01
r 58.8 0.01 3 4.05304 0.01
r 59 0.01 3 4.09574 0.01
r 59.2 0.01 3 4.14264 0.01
r 59.4 0.01 3 4.19277 0.01
r 59.6 0.01 3 4.25007 0.01
r 59.8 0.01 3 4.30396 0.01
r 60 0.01 3 4.37234 0.01
r 60.2 0.01 3 4.43355 0.01
r 60.4 0.01 3 4.5087 0.01
r 60.6 0.01 3 4.58511 0.01
r 60.8 0.01 3 4.66733 0.01
r 61 0.01 3 4.71079 0.01
r 61.2 0.01 3 4.7836 0.01
r 61.4 0.01 3 4.86021 0.01
r 61.6 0.01 3 4.9408 0.01
r 61.8 0.01 3 5.02486 0.01
r 62 0.01 3 5.1118 0.01
r 62.2 0.01 3 5.19536 0.01
r 62.4 0.01 3 5.28775 0.01
r 62.6 0.01 3 5.38848 0.01
r 62.8 0.01 3 5.48093 0.01
r 63 0.01 3 5.56776 0.01
r 63.2 0.01 3 5.65866 0.01
r 63.4 0.01 3 5.7495 0.01
r 63.6 0.01 3 5.84545 0.01
r 63.8 0.01 3 5.94077 0.01
r 64 0.01 3 6.03964 0.01
r 64.2 0.01 3 6.14067 0.01
r 64.4 0.01 3 6.2404 0.01
r 64.6 0.01 3 6.34543 0.01
r 64.8 0.01 3 6.45129 0.01
r 65 0.01 3 6.55184 0.01
r 65.2 0.01 3 6.65112 0.01
r 65.4 0.01 3 6.76082 0.01
r 65.6 0.01 3 6.87095 0.01
r 65.8 0.01 3 6.98071 0.01
r 66 0.01 3 7.09441 0.01
r 66.2 0.01 3 7.20804 0.01
r 66.4 0.01 3 7.32355 0.01
r 66.6 0.01 3 7.44517 0.01
r 66.8 0.01 3 7.55555 0.01
r 67 0.01 3 7.621 0.01
r 67.2 0.01 3 7.73213 0.01
r 67.4 0.01 3 7.84345 0.01
r 67.6 0.01 3 7.95785 0.01
r 67.8 0.01 3 8.07204 0.01
r 68 0.01 3 8.1832 0.01
r 68.2 0.01 3 8.29742 0.01
r 68.4 0.01 3 8.4127 0.01
r 68.6 0.01 3 8.53193 0.01
r 68.8 0.01 3 8.65139 0.01
r 69 0.01 3 8.76249 0.01
r 69.2 0.01 3 8.88365 0.01
r 69.4 0.01 3 9.00455 0.01
r 69.6 0.01 3 9.12557 0.01
r 69.8 0.01 3 9.24811 0.01
r 70 0.01 3 9.37113 0.01
s 70 2 402
r 30 0.01 2 25.7532 0.01
r 30.2 0.01 2 25.6263 0.01
r 30.4 0.01 2 25.4915 0.01
r 30.6 0.01 2 25.3625 0.01
r 30.8 0.01 2 25.2337 0.01
r 31 0.01 2 25.1168 0.01
r 31.2 0.01 2 24.9866 0.01
r 31.4 0.01 2 24.8642 0.01
r 31.6 0.01 2 24.7346 0.01
r 31.8 0.01 2 24.6015 0.01
r 32 0.01 2 24.4753 0.01
r 32.2 0.01 2 24.3435 0.01
r 32.4 0.01 2 24.217 0.01
r 32.6 0.01 2 24.0912 0.01
r 32.8 0.01 2 23.9617 0.01
r 33 0.01 2 23.8354 0.01
r 33.2 0.01 2 23.7073 0.01
r 33.4 0.01 2 23.5786 0.01
r 33.6 0.01 2 23.4518 0.01
r 33.8 0.01 2 23.3239 0.01
r 34 0.01 2 23.1957 0.01
r 34.2 0.01 2 23.0735 0.01
r 34.4 0.01 2 22.9398 0.01
r 34.6 0.01 2 22.8151 0.01
r 34.8 0.01 2 22.6859 0.01
r 35 0.01 2 22.5705 0.01
r 35.2 0.01 2 22.438 0.01
r 35.4 0.01 2 22.3098 0.01
r 35.6 0.01 2 22.177 0.01
r 35.8 0.01 2 22.0533 0.01
r 36 0.01 2 21.9253 0.01
r 36.2 0.01 2 21.7966 0.01
r 36.4 0.01 2 21.6706 0.01
r 36.6 0.01 2 21.5461 0.01
r 36.8 0.01 2 21.4199 0.01
r 37 0.01 2 21.296 0.01
r 37.2 0.01 2 21.1687 0.01
r 37.4 0.01 2 21.0393 0.01
r 37.6 0.01 2 20.9124 0.01
r 37.8 0.01 2 20.7826 0.01
r 38 0.01 2 20.6548 0.01
r 38.2 0.01 2 20.5254 0.01
r 38.4 0.01 2 20.4009 0.01
r 38.6 0.01 2 20.2684 0.01
r 38.8 0.01 2 20.1431 0.01
r 39 0.01 2 20.0149 0.01
r 39.2 0.01 2 19.8834 0.01
r 39.4 0.01 2 19.7525 0.01
r 39.6 0.01 2 19.624 0.01
r 39.8 0.01 2 19.4968 0.01
r 40 0.01 2 19.3673 0.01
r 40.2 0.01 2 19.2328 0.01
r 40.4 0.01 2 19.1049 0.01
r 40.6 0.01 2 18.9754 0.01
r 40.8 0.01 2 18.8417 0.01
r 41 0.01 2 18.7116 0.01
r 41.2 0.01 2 18.5816 0.01
r 41.4 0.01 2 18.4508 0.01
r 41.6 0.01 2 18.3177 0.01
r 41.8 0.01 2 18.1849 0.01
r 42 0.01 2 18.0528 0.01
r 42.2 0.01 2 17.9195 0.01
r 42.4 0.01 2 17.7856 0.01
r 42.6 0.01 2 17.6495 0.01
r 42.8 0.01 2 17.5141 0.01
r 43 0.01 2 17.3808 0.01
r 43.2 0.01 2 17.2468 0.01
r 43.4 0.01 2 17.1132 0.01
r 43.6 0.01 2 16.9803 0.01
r 43.8 0.01 2 16.8469 0.01
r 44 0.01 2 16.7161 0.01
r 44.2 0.01 2 16.5849 0.01
r 44.4 0.01 2 16.454 0.01
r 44.6 0.01 2 16.3234 0.01
r 44.8 0.01 2 16.1929 0.01
r 45 0.01 2 16.0608 0.01
r 45.2 0.01 2 15.9292 0.01
r 45.4 0.01 2 15.7967 0.01
r 45.6 0.01 2 15.6642 0.01
r 45.8 0.01 2 15.5313 0.01
r 46 0.01 2 15.398 0.01
r 46.2 0.01 2 15.2645 0.01
r 46.4 0.01 2 15.1309 0.01
r 46.6 0.01 2 14.9972 0.01
r 46.8 0.01 2 14.8632 0.01
r 47 0.01 2 14.7289 0.01
r 47.2 0.01 2 14.5947 0.01
r 47.4 0.01 2 14.4607 0.01
r 47.6 0.01 2 14.3268 0.01
r 47.8 0.01 2 14.1932 0.01
r 48 0.01 2 14.0597 0.01
r 48.2 0.01 2 13.9268 0.01
r 48.4 0.01 2 13.7943 0.01
r 48.6 0.01 2 13.662 0.01
r 48.8 0.01 2 13.5304 0.01
r 49 0.01 2 13.3989 0.01
r 49.2 0.01 2 13.2681 0.01
r 49.4 0.01 2 13.1375 0.01
r 49.6 0.01 2 13.0074 0.01
r 49.8 0.01 2 12.8778 0.01
r 50 0.01 2 12.7479 0.01
r 50.2 0.01 2 12.6186 0.01
r 50.4 0.01 2 12.4891 0.01
r 50.6 0.01 2 12.3605 0.01
r 50.8 0.01 2 12.2308 0.01
r 51 0.01 2 12.102 0.01
r 51.2 0.01 2 11.9734 0.01
r 51.4 0.01 2 11.845 0.01
r 51.6 0.01 2 11.717 0.01
r 51.8 0.01 2 11.5891 0.01
r 52 0.01 2 11.4615 0.01
r 52.2 0.01 2 11.3341 0.01
r 52.4 0.01 2 11.207 0.01
r 52.6 0.01 2 11.0796 0.01
r 52.8 0.01 2 10.9527 0.01
r 53 0.01 2 10.8262 0.01
r 53.2 0.01 2 10.6996 0.01
r 53.4 0.01 2 10.5733 0.01
r 53.6 0.01 2 10.4473 0.01
r 53.8 0.01 2 10.3222 0.01
r 54 0.01 2 10.197 0.01
r 54.2 0.01 2 10.0718 0.01
r 54.4 0.01 2 9.94685 0.01
r 54.6 0.01 2 9.82215 0.01
r 54.8 0.01 2 9.69782 0.01
r 55 0.01 2 9.57312 0.01
r 55.2 0.01 2 9.44909 0.01
r 55.4 0.01 2 9.3252 0.01
r 55.6 0.01 2 9.20144 0.01
r 55.8 0.01 2 9.07819 0.01
r 56 0.01 2 8.95488 0.01
r 56.2 0.01 2 8.83176 0.01
r 56.4 0.01 2 8.70883 0.01
r 56.6 0.01 2 8.586 0.01
r 56.8 0.01 2 8.4634 0.01
r 57 0.01 2 8.34098 0.01
r 57.2 0.01 2 8.2187 0.01
r 57.4 0.01 2 8.09658 0.01
r 57.6 0.01 2 7.97465 0.01
r 57.8 0.01 2 7.85292 0.01
r 58 0.01 2 7.73127 0.01
r 58.2 0.01 2 7.60963 0.01
r 58.4 0.01 2 7.48797 0.01
r 58.6 0.01 2 7.36661 0.01
r 58.8 0.01 2 7.24475 0.01
r 59 0.01 2 7.12278 0.01
r 59.2 0.01 2 7.00114 0.01
r 59.4 0.01 2 6.87942 0.01
r 59.6 0.01 2 6.75785 0.01
r 59.8 0.01 2 6.63628 0.01
r 60 0.01 2 6.51466 0.01
r 60.2 0.01 2 6.39295 0.01
r 60.4 0.01 2 6.27114 0.01
r 60.6 0.01 2 6.14927 0.01
r 60.8 0.01 2 6.02739 0.01
r 61 0.01 2 5.9056 0.01
r 61.2 0.01 2 5.78439 0.01
r 61.4 0.01 2 5.66263 0.01
r 61.6 0.01 2 5.54094 0.01
r 61.8 0.01 2 5.41938 0.01
r 62 0.01 2 5.29772 0.01
r 62.2 0.01 2 5.17603 0.01
r 62.4 0.01 2 5.05446 0.01
r 62.6 0.01 2 4.93279 0.01
r 62.8 0.01 2 4.81112 0.01
r 63 0.01 2 4.68949 0.01
r 63.2 0.01 2 4.56794 0.01
r 63.4 0.01 2 4.44639 0.01
r 63.6 0.01 2 4.32487 0.01
r 63.8 0.01 2 4.20341 0.01
r 64 0.01 2 4.08206 0.01
r 64.2 0.01 2 3.96096 0.01
r 64.4 0.01 2 3.84018 0.01
r 64.6 0.01 2 3.7198 0.01
r 64.8 0.01 2 3.59973 0.01
r 65 0.01 2 3.48018 0.01
r 65.2 0.01 2 3.36104 0.01
r 65.4 0.01 2 3.24252 0.01
r 65.6 0.01 2 3.1247 0.01
r 65.8 0.01 2 3.00769 0.01
r 66 0.01 2 2.89157 0.01
r 66.2 0.01 2 2.77658 0.01
r 66.4 0.01 2 2.66271 0.01
r 66.6 0.01 2 2.55036 0.01
r 66.8 0.01 2 2.43962 0.01
r 67 0.01 2 2.33149 0.01
r 67.2 0.01 2 2.22481 0.01
r 67.4 0.01 2 2.12056 0.01
r 67.6 0.01 2 2.01932 0.01
r 67.8 0.01 2 1.92157 0.01
r 68 0.01 2 1.8279 0.01
r 68.2 0.01 2 1.7389 0.01
r 68.4 0.01 2 1.65511 0.01
r 68.6 0.01 2 1.57751 0.01
r 68.8 0.01 2 1.50697 0.01
r 69 0.01 2 1.44467 0.01
r 69.2 0.01 2 1.39153 0.01
r 69.4 0.01 2 1.34879 0.01
r 69.6 0.01 2 1.31751 0.01
r 69.8 0.01 2 1.29851 0.01
r 70 0.01 2 1.29233 0.01
r 30 0.01 3 25.8446 0.01
r 30.2 0.01 3 25.7132 0.01
r 30.4 0.01 3 25.5789 0.01
r 30.6 0.01 3 25.4528 0.01
r 30.8 0.01 3 25.3234 0.01
r 31 0.01 3 25.1986 0.01
r 31.2 0.01 3 25.0701 0.01
r 31.4 0.01 3 24.9384 0.01
r 31.6 0.01 3 24.8101 0.01
r 31.8 0.01 3 24.6819 0.01
r 32 0.01 3 24.5528 0.01
r 32.2 0.01 3 24.426 0.01
r 32.4 0.01 3 24.2992 0.01
r 32.6 0.01 3 24.1709 0.01
r 32.8 0.01 3 24.0415 0.01
r 33 0.01 3 23.9127 0.01
r 33.2 0.01 3 23.7892 0.01
r 33.4 0.01 3 23.6626 0.01
r 33.6 0.01 3 23.5328 0.01
r 33.8 0.01 3 23.4066 0.01
r 34 0.01 3 23.2772 0.01
r 34.2 0.01 3 23.1488 0.01
r 34.4 0.01 3 23.025 0.01
r 34.6 0.01 3 22.8966 0.01
r 34.8 0.01 3 22.7713 0.01
r 35 0.01 3 22.6684 0.01
r 35.2 0.01 3 22.537 0.01
r 35.4 0.01 3 22.4138 0.01
r 35.6 0.01 3 22.283 0.01
r 35.8 0.01 3 22.1609 0.01
r 36 0.01 3 22.0362 0.01
r 36.2 0.01 3 21.9105 0.01
r 36.4 0.01 3 21.7781 0.01
r 36.6 0.01 3 21.6595 0.01
r 36.8 0.01 3 21.529 0.01
r 37 0.01 3 21.4747 0.01
r 37.2 0.01 3 21.3546 0.01
r 37.4 0.01 3 21.228 0.01
r 37.6 0.01 3 21.0996 0.01
r 37.8 0.01 3 20.9654 0.01
r 38 0.01 3 20.8351 0.01
r 38.2 0.01 3 20.7159 0.01
r 38.4 0.01 3 20.588 0.01
r 38.6 0.01 3 20.4608 0.01
r 38.8 0.01 3 20.3326 0.01
r 39 0.01 3 20.2387 0.01
r 39.2 0.01 3 20.1122 0.01
r 39.4 0.01 3 19.9871 0.01
r 39.6 0.01 3 19.8624 0.01
r 39.8 0.01 3 19.7178 0.01
r 40 0.01 3 19.5873 0.01
r 40.2 0.01 3 19.4574 0.01
r 40.4 0.01 3 19.3275 0.01
r 40.6 0.01 3 19.1973 0.01
r 40.8 0.01 3 19.0709 0.01
r 41 0.01 3 18.9382 0.01
r 41.2 0.01 3 18.809 0.01
r 41.4 0.01 3 18.6796 0.01
r 41.6 0.01 3 18.5494 0.01
r 41.8 0.01 3 18.4192 0.01
r 42 0.01 3 18.2887 0.01
r 42.2 0.01 3 18.1579 0.01
r 42.4 0.01 3 18.0277 0.01
r 42.6 0.01 3 17.8983 0.01
r 42.8 0.01 3 17.7692 0.01
r 43 0.01 3 17.6414 0.01
r 43.2 0.01 3 17.5136 0.01
r 43.4 0.01 3 17.3866 0.01
r 43.6 0.01 3 17.26 0.01
r 43.8 0.01 3 17.1345 0.01
r 44 0.01 3 17.0096 0.01
r 44.2 0.01 3 16.885 0.01
r 44.4 0.01 3 16.7607 0.01
r 44.6 0.01 3 16.6367 0.01
r 44.8 0.01 3 16.5133 0.01
r 45 0.01 3 16.3899 0.01
r 45.2 0.01 3 16.2669 0.01
r 45.4 0.01 3 16.1443 0.01
r 45.6 0.01 3 16.0222 0.01
r 45.8 0.01 3 15.9003 0.01
r 46 0.01 3 15.7779 0.01
r 46.2 0.01 3 15.6562 0.01
r 46.4 0.01 3 15.5371 0.01
r 46.6 0.01 3 15.4192 0.01
r 46.8 0.01 3 15.3023 0.01
r 47 0.01 3 15.1624 0.01
r 47.2 0.01 3 15.0414 0.01
r 47.4 0.01 3 14.9208 0.01
r 47.6 0.01 3 14.8008 0.01
r 47.8 0.01 3 14.6819 0.01
r 48 0.01 3 14.5628 0.01
r 48.2 0.01 3 14.4451 0.01
r 48.4 0.01 3 14.3274 0.01
r 48.6 0.01 3 14.2115 0.01
r 48.8 0.01 3 14.0952 0.01
r 49 0.01 3 13.9809 0.01
r 49.2 0.01 3 13.8721 0.01
r 49.4 0.01 3 13.764 0.01
r 49.6 0.01 3 13.6579 0.01
r 49.8 0.01 3 13.5501 0.01
r 50 0.01 3 13.4499 0.01
r 50.2 0.01 3 13.3541 0.01
r 50.4 0.01 3 13.141 0.01
r 50.6 0.01 3 13.0954 0.01
r 50.8 0.01 3 13.0218 0.01
r 51 0.01 3 12.8208 0.01
r 51.2 0.01 3 12.919 0.01
r 51.4 0.01 3 12.5805 0.01
r 51.6 0.01 3 12.5377 0.01
r 51.8 0.01 3 12.3546 0.01
r 52 0.01 3 12.25 0.01
r 52.2 0.01 3 12.1519 0.01
r 52.4 0.01 3 12.0588 0.01
r 52.6 0.01 3 11.9358 0.01
r 52.8 0.01 3 11.7611 0.01
r 53 0.01 3 11.5773 0.01
r 53.2 0.01 3 11.459 0.01
r 53.4 0.01 3 11.3413 0.01
r 53.6 0.01 3 11.2242 0.01
r 53.8 0.01 3 11.1082 0.01
r 54 0.01 3 10.9933 0.01
r 54.2 0.01 3 10.8794 0.01
r 54.4 0.01 3 10.766 0.01
r 54.6 0.01 3 10.6539 0.01
r 54.8 0.01 3 10.5428 0.01
r 55 0.01 3 10.4285 0.01
r 55.2 0.01 3 10.3196 0.01
r 55.4 0.01 3 10.2119 0.01
r 55.6 0.01 3 10.1065 0.01
r 55.8 0.01 3 10.0176 0.01
r 56 0.01 3 9.8992 0.01
r 56.2 0.01 3 9.8145 0.01
r 56.4 0.01 3 9.70537 0.01
r 56.6 0.01 3 9.61326 0.01
r 56.8 0.01 3 9.45795 0.01
r 57 0.01 3 9.20217 0.01
r 57.2 0.01 3 9.08446 0.01
r 57.4 0.01 3 8.96726 0.01
r 57.6 0.01 3 8.85088 0.01
r 57.8 0.01 3 8.7353 0.01
r 58 0.01 3 8.62082 0.01
r 58.2 0.01 3 8.50753 0.01
r 58.4 0.01 3 8.39551 0.01
r 58.6 0.01 3 8.28182 0.01
r 58.8 0.01 3 8.17154 0.01
r 59 0.01 3 8.07063 0.01
r 59.2 0.01 3 7.95431 0.01
r 59.4 0.01 3 7.83584 0.01
r 59.6 0.01 3 7.72231 0.01
r 59.8 0.01 3 7.60893 0.01
r 60 0.01 3 7.49682 0.01
r 60.2 0.01 3 7.38574 0.01
r 60.4 0.01 3 7.27661 0.01
r 60.6 0.01 3 7.16905 0.01
r 60.8 0.01 3 7.06328 0.01
r 61 0.01 3 6.95605 0.01
r 61.2 0.01 3 6.85488 0.01
r 61.4 0.01 3 6.75363 0.01
r 61.6 0.01 3 6.65536 0.01
r 61.8 0.01 3 6.56026 0.01
r 62 0.01 3 6.44735 0.01
r 62.2 0.01 3 6.35487 0.01
r 62.4 0.01 3 6.24846 0.01
r 62.6 0.01 3 6.15736 0.01
r 62.8 0.01 3 6.06979 0.01
r 63 0.01 3 5.95515 0.01
r 63.2 0.01 3 5.85232 0.01
r 63.4 0.01 3 5.75176 0.01
r 63.6 0.01 3 5.65593 0.01
r 63.8 0.01 3 5.56102 0.01
r 64 0.01 3 5.469 0.01
r 64.2 0.01 3 5.38061 0.01
r 64.4 0.01 3 5.2936 0.01
r 64.6 0.01 3 5.21295 0.01
r 64.8 0.01 3 5.13888 0.01
r 65 0.01 3 5.04316 0.01
r 65.2 0.01 3 4.96381 0.01
r 65.4 0.01 3 4.88598 0.01
r 65.6 0.01 3 4.81047 0.01
r 65.8 0.01 3 4.73329 0.01
r 66 0.01 3 4.66238 0.01
r 66.2 0.01 3 4.59425 0.01
r 66.4 0.01 3 4.5258 0.01
r 66.6 0.01 3 4.46719 0.01
r 66.8 0.01 3 4.40048 0.01
r 67 0.01 3 4.34195 0.01
r 67.2 0.01 3 4.2847 0.01
r 67.4 0.01 3 4.23878 0.01
r 67.6 0.01 3 4.18273 0.01
r 67.8 0.01 3 4.13687 0.01
r 68 0.01 3 4.0945 0.01
r 68.2 0.01 3 4.05565 0.01
r 68.4 0.01 3 4.02098 0.01
r 68.6 0.01 3 3.99009 0.01
r 68.8 0.01 3 3.96327 0.01
r 69 0.01 3 3.94035 0.01
r 69.2 0.01 3 3.9217 0.01
r 69.4 0.01 3 3.90724 0.01
r 69.6 0.01 3 3.89709 0.01
r 69.8 0.01 3 3.89173 0.01
r 70 0.01 3 3.88974 0.01
