  &pltpar  isep=0,  idata=1,
           imod=1, iray=1, irayps=1, ibnd=0,
           irays=0,isum=3,
           itx=3, itxout=3,
           iplot=1,vred=8.000,
  &end
  &axepar  xmin=0.0, xmax=410.0, zmin=0.0, zmax=60.0,
  &end
  &trapar  imodf=1, i2pt=0, 
           ishot=2,
           xshot=348.590,
           zshot=2.000,
           isrch=1,
            aamin=0.000, aamax=90.000,space=1.000,x2pt=0.100,
             ray= 1.2, 2.2, 3.2, 7.2, 2.1, 4.1, 4.1, 5.1, 6.1, 7.1, 8.1, 6.2, 4.2, 4.1, 5.1, 6.1, 7.1, 8.1, 7.2, 4.1, 5.1, 6.1, 7.1, 8.1, 7.2, 4.1, 5.1, 6.1, 7.1,
           nrbnd=   0, 0, 0, 0, 0, 0, 0, 0, 0, 0, 0, 0, 0, 0, 0, 0, 0, 0, 0, 0, 0, 0, 0, 0, 0, 0, 0, 0, 0,
           rbnd=                                       ,
           ncbnd=   0, 0, 0, 0, 0, 0, 0, 0, 0, 0, 0, 0, 0, 2, 2, 2, 2, 2, 2, 2, 2, 2, 2, 2, 2, 2, 2, 2, 2,
           cbnd=                                        1, 3, 1, 3, 1, 3, 1, 3, 1, 3, 1, 3, 1, 4, 1, 6, 1, 8, 1, 10, 1, 12, 1, 11, 3, 4, 3, 6, 3, 8, 3, 10,
           nray=  30, 0, 0, 30, 0, 30, 70, 70, 70, 0, 0, 0, 0, 70, 70, 70, 0, 0, 0, 70, 70, 70, 0, 0, 0, 70, 70, 70, 0,
           
           
  &end
  &invpar  invr=1,
           ivray=   1, 2, 3, 8, 9, 10, 5, 5, 5, 5, 13, 7, 16, 14, 14, 14, 14, 15, 12, 24, 24, 24, 24, 25, 28, 40, 40, 40, 40,
           
           
  &end
