   348.590    -1.000     0.000         0
   315.156     8.426     0.060        14
   315.156     7.369     0.060         5
   315.156    14.044     0.060        24
   315.779     8.366     0.060        14
   315.779     7.309     0.060         5
   315.779    13.944     0.060        24
   316.556     8.226     0.060        14
   316.556     7.169     0.060         5
   316.556    13.710     0.060        24
   317.513     8.089     0.060        14
   317.513     7.032     0.060         5
   317.513    13.482     0.060        24
   318.160     8.007     0.060        14
   318.160     6.950     0.060         5
   318.160    13.345     0.060        24
   318.633     7.912     0.060        14
   318.633     6.855     0.060         5
   318.633    13.186     0.060        24
   319.589     7.778     0.060        14
   319.589     6.721     0.060         5
   319.589    12.963     0.060        24
   320.059     7.677     0.060        14
   320.059     6.620     0.060         5
   320.059    12.795     0.060        24
     0.000     0.000     0.000        -1
