5
s 30 2 31
r 20 0.01 6 4.62572 0.01
r 22 0.01 6 4.26018 0.01
r 24 0.01 6 3.8319 0.01
r 26 0.01 6 3.46788 0.01
r 28 0.01 6 2.91728 0.01
r 30 0.01 6 2.71889 0.01
r 32 0.01 6 2.85756 0.01
r 34 0.01 6 3.2782 0.01
r 36 0.01 6 3.7546 0.01
r 38 0.01 6 4.23761 0.01
r 40 0.01 6 4.75796 0.01
r 42 0.01 6 5.27372 0.01
r 44 0.01 6 5.80583 0.01
r 46 0.01 6 6.23365 0.01
r 48 0.01 6 6.67214 0.01
r 50 0.01 6 7.17219 0.01
r 52 0.01 6 7.66879 0.01
r 54 0.01 6 8.15925 0.01
r 56 0.01 6 8.62969 0.01
r 58 0.01 6 9.08863 0.01
r 60 0.01 6 9.52313 0.01
r 62 0.01 6 9.97133 0.01
r 64 0.01 6 10.4455 0.01
r 66 0.01 6 10.9145 0.01
r 68 0.01 6 11.3617 0.01
r 70 0.01 6 11.7805 0.01
r 72 0.01 6 12.2051 0.01
r 74 0.01 6 12.6358 0.01
r 76 0.01 6 13.0582 0.01
r 78 0.01 6 13.4841 0.01
r 80 0.01 6 13.8991 0.01
s 40 2 31
r 20 0.01 6 7.0115 0.01
r 22 0.01 6 6.54883 0.01
r 24 0.01 6 6.11652 0.01
r 26 0.01 6 6.00418 0.01
r 28 0.01 6 5.27374 0.01
r 30 0.01 6 4.75796 0.01
r 32 0.01 6 4.27657 0.01
r 34 0.01 6 3.80242 0.01
r 36 0.01 6 3.36524 0.01
r 38 0.01 6 2.97299 0.01
r 40 0.01 6 2.84999 0.01
r 42 0.01 6 3.06586 0.01
r 44 0.01 6 3.51868 0.01
r 46 0.01 6 4.04487 0.01
r 48 0.01 6 4.41759 0.01
r 50 0.01 6 4.93031 0.01
r 52 0.01 6 5.41029 0.01
r 54 0.01 6 5.91684 0.01
r 56 0.01 6 6.40051 0.01
r 58 0.01 6 6.87526 0.01
r 60 0.01 6 7.32112 0.01
r 62 0.01 6 7.78446 0.01
r 64 0.01 6 8.28224 0.01
r 66 0.01 6 8.77681 0.01
r 68 0.01 6 9.24921 0.01
r 70 0.01 6 9.68628 0.01
r 72 0.01 6 10.1313 0.01
r 74 0.01 6 10.5863 0.01
r 76 0.01 6 11.0344 0.01
r 78 0.01 6 11.4884 0.01
r 80 0.01 6 11.9285 0.01
s 50 2 31
r 20 0.01 6 9.35049 0.01
r 22 0.01 6 8.90871 0.01
r 24 0.01 6 8.49055 0.01
r 26 0.01 6 8.11214 0.01
r 28 0.01 6 7.66785 0.01
r 30 0.01 6 7.17135 0.01
r 32 0.01 6 6.70154 0.01
r 34 0.01 6 6.2474 0.01
r 36 0.01 6 5.80806 0.01
r 38 0.01 6 5.40241 0.01
r 40 0.01 6 4.94686 0.01
r 42 0.01 6 4.40286 0.01
r 44 0.01 6 3.8886 0.01
r 46 0.01 6 3.45767 0.01
r 48 0.01 6 3.0962 0.01
r 50 0.01 6 2.975 0.01
r 52 0.01 6 3.17061 0.01
r 54 0.01 6 3.60125 0.01
r 56 0.01 6 4.09821 0.01
r 58 0.01 6 4.60275 0.01
r 60 0.01 6 5.00711 0.01
r 62 0.01 6 5.47559 0.01
r 64 0.01 6 5.9838 0.01
r 66 0.01 6 6.49915 0.01
r 68 0.01 6 6.99177 0.01
r 70 0.01 6 7.44263 0.01
r 72 0.01 6 7.90312 0.01
r 74 0.01 6 8.37899 0.01
r 76 0.01 6 8.8503 0.01
r 78 0.01 6 9.32103 0.01
r 80 0.01 6 9.79008 0.01
s 60 2 31
r 20 0.01 6 11.5807 0.01
r 22 0.01 6 11.1626 0.01
r 24 0.01 6 10.7648 0.01
r 26 0.01 6 10.4034 0.01
r 28 0.01 6 9.9801 0.01
r 30 0.01 6 9.51003 0.01
r 32 0.01 6 9.05774 0.01
r 34 0.01 6 8.60808 0.01
r 36 0.01 6 8.18567 0.01
r 38 0.01 6 7.76167 0.01
r 40 0.01 6 7.32311 0.01
r 42 0.01 6 6.82525 0.01
r 44 0.01 6 6.52618 0.01
r 46 0.01 6 6.02564 0.01
r 48 0.01 6 5.5057 0.01
r 50 0.01 6 5.03471 0.01
r 52 0.01 6 4.53818 0.01
r 54 0.01 6 4.02535 0.01
r 56 0.01 6 3.52466 0.01
r 58 0.01 6 3.14296 0.01
r 60 0.01 6 2.97532 0.01
r 62 0.01 6 3.1916 0.01
r 64 0.01 6 3.63357 0.01
r 66 0.01 6 4.16242 0.01
r 68 0.01 6 4.72037 0.01
r 70 0.01 6 5.2144 0.01
r 72 0.01 6 5.68354 0.01
r 74 0.01 6 6.14173 0.01
r 76 0.01 6 6.66268 0.01
r 78 0.01 6 7.14157 0.01
r 80 0.01 6 7.55633 0.01
s 70 2 31
r 20 0.01 6 13.7095 0.01
r 22 0.01 6 13.3199 0.01
r 24 0.01 6 12.9465 0.01
r 26 0.01 6 12.6048 0.01
r 28 0.01 6 12.2115 0.01
r 30 0.01 6 11.7698 0.01
r 32 0.01 6 11.3436 0.01
r 34 0.01 6 10.9177 0.01
r 36 0.01 6 10.513 0.01
r 38 0.01 6 10.1075 0.01
r 40 0.01 6 9.69222 0.01
r 42 0.01 6 9.21509 0.01
r 44 0.01 6 8.73618 0.01
r 46 0.01 6 8.30922 0.01
r 48 0.01 6 7.8814 0.01
r 50 0.01 6 7.43979 0.01
r 52 0.01 6 7.00026 0.01
r 54 0.01 6 6.54565 0.01
r 56 0.01 6 6.08834 0.01
r 58 0.01 6 5.59138 0.01
r 60 0.01 6 5.1917 0.01
r 62 0.01 6 4.64986 0.01
r 64 0.01 6 4.16243 0.01
r 66 0.01 6 3.67693 0.01
r 68 0.01 6 3.35102 0.01
r 70 0.01 6 3.20919 0.01
r 72 0.01 6 3.38208 0.01
r 74 0.01 6 3.74987 0.01
r 76 0.01 6 4.19895 0.01
r 78 0.01 6 4.67865 0.01
r 80 0.01 6 5.18365 0.01
