5
s 30 2 31
r 20 0.01 6 4.58051 0.01
r 22 0.01 6 4.26344 0.01
r 24 0.01 6 3.80376 0.01
r 26 0.01 6 3.39855 0.01
r 28 0.01 6 2.83899 0.01
r 30 0.01 6 2.65576 0.01
r 32 0.01 6 2.78762 0.01
r 34 0.01 6 3.20214 0.01
r 36 0.01 6 3.7025 0.01
r 38 0.01 6 4.20393 0.01
r 40 0.01 6 4.74578 0.01
r 42 0.01 6 5.27455 0.01
r 44 0.01 6 5.79377 0.01
r 46 0.01 6 6.23456 0.01
r 48 0.01 6 6.66512 0.01
r 50 0.01 6 7.1696 0.01
r 52 0.01 6 7.666 0.01
r 54 0.01 6 8.16137 0.01
r 56 0.01 6 8.6346 0.01
r 58 0.01 6 9.09228 0.01
r 60 0.01 6 9.51884 0.01
r 62 0.01 6 9.96317 0.01
r 64 0.01 6 10.4453 0.01
r 66 0.01 6 10.9285 0.01
r 68 0.01 6 11.3732 0.01
r 70 0.01 6 11.7826 0.01
r 72 0.01 6 12.2073 0.01
r 74 0.01 6 12.6493 0.01
r 76 0.01 6 13.0605 0.01
r 78 0.01 6 13.4792 0.01
r 80 0.01 6 13.8799 0.01
s 40 2 31
r 20 0.01 6 7.02778 0.01
r 22 0.01 6 6.56938 0.01
r 24 0.01 6 6.13756 0.01
r 26 0.01 6 6.01699 0.01
r 28 0.01 6 5.27848 0.01
r 30 0.01 6 4.74481 0.01
r 32 0.01 6 4.24826 0.01
r 34 0.01 6 3.75053 0.01
r 36 0.01 6 3.30594 0.01
r 38 0.01 6 2.91401 0.01
r 40 0.01 6 2.80046 0.01
r 42 0.01 6 3.01483 0.01
r 44 0.01 6 3.64171 0.01
r 46 0.01 6 3.99224 0.01
r 48 0.01 6 4.3761 0.01
r 50 0.01 6 4.91078 0.01
r 52 0.01 6 5.46067 0.01
r 54 0.01 6 5.99717 0.01
r 56 0.01 6 6.48097 0.01
r 58 0.01 6 6.87451 0.01
r 60 0.01 6 7.31793 0.01
r 62 0.01 6 7.77923 0.01
r 64 0.01 6 8.28311 0.01
r 66 0.01 6 8.78882 0.01
r 68 0.01 6 9.25895 0.01
r 70 0.01 6 9.67883 0.01
r 72 0.01 6 10.1211 0.01
r 74 0.01 6 10.5806 0.01
r 76 0.01 6 11.0226 0.01
r 78 0.01 6 11.4793 0.01
r 80 0.01 6 11.9322 0.01
s 50 2 31
r 20 0.01 6 9.34166 0.01
r 22 0.01 6 8.90786 0.01
r 24 0.01 6 8.49264 0.01
r 26 0.01 6 8.1126 0.01
r 28 0.01 6 7.66924 0.01
r 30 0.01 6 7.16912 0.01
r 32 0.01 6 6.70173 0.01
r 34 0.01 6 6.27415 0.01
r 36 0.01 6 5.77129 0.01
r 38 0.01 6 5.46299 0.01
r 40 0.01 6 4.92486 0.01
r 42 0.01 6 4.35435 0.01
r 44 0.01 6 3.82998 0.01
r 46 0.01 6 3.39557 0.01
r 48 0.01 6 3.04749 0.01
r 50 0.01 6 2.92796 0.01
r 52 0.01 6 3.12784 0.01
r 54 0.01 6 3.56874 0.01
r 56 0.01 6 4.10465 0.01
r 58 0.01 6 4.59655 0.01
r 60 0.01 6 5.01606 0.01
r 62 0.01 6 5.46456 0.01
r 64 0.01 6 5.98424 0.01
r 66 0.01 6 6.50731 0.01
r 68 0.01 6 7.15381 0.01
r 70 0.01 6 7.4385 0.01
r 72 0.01 6 7.89001 0.01
r 74 0.01 6 8.37186 0.01
r 76 0.01 6 8.8368 0.01
r 78 0.01 6 9.30986 0.01
r 80 0.01 6 9.78357 0.01
s 60 2 31
r 20 0.01 6 11.5732 0.01
r 22 0.01 6 11.1639 0.01
r 24 0.01 6 10.7652 0.01
r 26 0.01 6 10.3998 0.01
r 28 0.01 6 9.9778 0.01
r 30 0.01 6 9.50501 0.01
r 32 0.01 6 9.05396 0.01
r 34 0.01 6 8.60438 0.01
r 36 0.01 6 8.1774 0.01
r 38 0.01 6 7.75449 0.01
r 40 0.01 6 7.32915 0.01
r 42 0.01 6 6.81681 0.01
r 44 0.01 6 6.49965 0.01
r 46 0.01 6 6.08265 0.01
r 48 0.01 6 5.54349 0.01
r 50 0.01 6 5.01979 0.01
r 52 0.01 6 4.54447 0.01
r 54 0.01 6 4.07913 0.01
r 56 0.01 6 3.48421 0.01
r 58 0.01 6 3.10271 0.01
r 60 0.01 6 2.93598 0.01
r 62 0.01 6 3.15784 0.01
r 64 0.01 6 3.62253 0.01
r 66 0.01 6 4.17695 0.01
r 68 0.01 6 4.74825 0.01
r 70 0.01 6 5.20656 0.01
r 72 0.01 6 5.68706 0.01
r 74 0.01 6 6.19791 0.01
r 76 0.01 6 6.67767 0.01
r 78 0.01 6 7.14826 0.01
r 80 0.01 6 7.6248 0.01
s 70 2 31
r 20 0.01 6 13.6989 0.01
r 22 0.01 6 13.3203 0.01
r 24 0.01 6 12.9604 0.01
r 26 0.01 6 12.6193 0.01
r 28 0.01 6 12.2221 0.01
r 30 0.01 6 11.7668 0.01
r 32 0.01 6 11.3341 0.01
r 34 0.01 6 10.9066 0.01
r 36 0.01 6 10.5004 0.01
r 38 0.01 6 10.0977 0.01
r 40 0.01 6 9.6852 0.01
r 42 0.01 6 9.20115 0.01
r 44 0.01 6 8.72047 0.01
r 46 0.01 6 8.29661 0.01
r 48 0.01 6 7.86934 0.01
r 50 0.01 6 7.43565 0.01
r 52 0.01 6 7.0555 0.01
r 54 0.01 6 6.57491 0.01
r 56 0.01 6 6.09242 0.01
r 58 0.01 6 5.55894 0.01
r 60 0.01 6 5.31213 0.01
r 62 0.01 6 4.67255 0.01
r 64 0.01 6 4.16131 0.01
r 66 0.01 6 3.67691 0.01
r 68 0.01 6 3.34808 0.01
r 70 0.01 6 3.20034 0.01
r 72 0.01 6 3.37116 0.01
r 74 0.01 6 3.76836 0.01
r 76 0.01 6 4.28206 0.01
r 78 0.01 6 4.71449 0.01
r 80 0.01 6 5.21585 0.01
