63 81 1.5 0.33
0 2 4 6 8 10 12 14 16 18 20 22 24 26 28 30 32 34 36 38 40 42 44 46 48 50 52 54 56 58 60 62 64 66 68 70 72 74 76 78 80 82 84 86 88 90 92 94 96 98 100 102 104 106 108 110 112 114 116 118 120 122 124 
0 0 0 0 0 0 0 0 0 0 0 0 0 0 0 0 0 0 0 0 0 0 0 0 0 0 0 0 0 0 0 0 0 0 0 0 0 0 0 0 0 0 0 0 0 0 0 0 0 0 0 0 0 0 0 0 0 0 0 0 0 0 0 
0 0.2 0.4 0.6 0.8 1 1.2 1.4 1.6 1.8 2 2.2 2.4 2.6 2.8 3 3.2 3.4 3.6 3.8 4 4.2 4.4 4.6 4.8 5 5.2 5.4 5.6 5.8 6 6.2 6.4 6.6 6.8 7 7.2 7.4 7.6 7.8 8 8.2 8.4 8.6 8.8 9 9.2 9.4 9.6 9.8 10 10.2 10.4 10.6 10.8 11 11.2 11.4 11.6 11.8 12 12.2 12.4 12.6 12.8 13 13.2 13.4 13.6 13.8 14 14.2 14.4 14.6 14.8 15 15.2 15.4 15.6 15.8 16 
1.5 1.5 1.5 1.5 1.5 1.5 1.5 1.5 1.5 1.5 0.871619 1.30387 4.16859 4.17954 4.19089 4.20207 4.21315 4.22469 4.23499 4.24574 4.25628 4.26639 4.27603 4.28615 4.2958 4.3051 4.31424 4.32268 4.33194 4.34041 4.34863 4.35655 4.36437 4.37192 4.38058 4.38634 4.39327 4.40003 4.40664 4.41443 4.41916 4.42547 4.43142 4.4374 4.44195 4.44914 4.45515 4.461 4.46691 4.47139 4.47877 4.48505 4.49122 4.49754 4.50399 4.51043 4.51726 4.52403 4.53109 4.5382 4.54535 4.55297 4.56046 4.5682 4.57611 4.58418 4.5926 4.60092 4.60958 4.61821 4.62676 4.63621 4.64542 4.65525 4.66428 4.67455 4.68389 4.69326 4.70425 4.71326 4.7189 
1.5 1.5 1.5 1.5 1.5 1.5 1.5 1.5 1.5 1.5 0.871588 1.30323 1.34834 4.16622 4.17768 4.18864 4.19949 4.21092 4.22095 4.23157 4.24191 4.25176 4.26109 4.27099 4.28034 4.28945 4.2984 4.30661 4.31575 4.32423 4.33245 4.34047 4.34832 4.35604 4.36471 4.37087 4.37816 4.38536 4.39242 4.40065 4.40622 4.41317 4.41983 4.42656 4.43218 4.44002 4.44687 4.45356 4.46035 4.46594 4.47393 4.48095 4.48785 4.49494 4.50208 4.50909 4.51644 4.52364 4.53112 4.53856 4.5459 4.55369 4.56124 4.56812 4.57688 4.58481 4.59293 4.60111 4.60866 4.61784 4.62625 4.63555 4.64441 4.65281 4.6632 4.67307 4.68138 4.69266 4.70008 4.70932 4.72005 
1.5 1.5 1.5 1.5 1.5 1.5 1.5 1.5 1.5 1.5 0.871449 1.30293 1.34752 1.39273 4.16512 4.176 4.18744 4.19828 4.20831 4.21891 4.22932 4.23974 4.24871 4.25869 4.26807 4.27727 4.28653 4.29431 4.30355 4.31211 4.32031 4.32777 4.33655 4.34443 4.35236 4.35963 4.36613 4.37461 4.38195 4.38928 4.39631 4.40434 4.41057 4.41761 4.42428 4.43169 4.4389 4.44594 4.45309 4.45958 4.4674 4.47471 4.48195 4.48937 4.4962 4.50432 4.51214 4.51984 4.52769 4.53479 4.54346 4.55176 4.55987 4.56816 4.5756 4.58485 4.59356 4.60227 4.61108 4.61886 4.6286 4.63825 4.64763 4.65715 4.66538 4.67631 4.68631 4.69719 4.70531 4.71119 4.72672 
1.5 1.5 1.5 1.5 1.5 1.5 1.5 1.5 1.5 1.5 0.871329 1.30197 1.34674 1.39169 4.16364 4.17394 4.18471 4.1962 4.2062 4.21742 4.22715 4.23725 4.24673 4.25682 4.26665 4.27556 4.28474 4.29306 4.3025 4.31141 4.31976 4.32821 4.3366 4.34476 4.35293 4.36074 4.36863 4.3765 4.38435 4.39201 4.3997 4.40808 4.41492 4.4225 4.42949 4.43752 4.4456 4.45262 4.46016 4.4671 4.47529 4.4823 4.49061 4.49837 4.50541 4.51408 4.52132 4.53013 4.5372 4.54534 4.55452 4.56199 4.57144 4.58 4.5887 4.59727 4.60515 4.61529 4.62321 4.63361 4.64282 4.65121 4.66259 4.67037 4.68285 4.69151 4.7007 4.71284 4.71966 4.73444 4.74382 
1.5 1.5 1.5 1.5 1.5 1.5 1.5 1.5 1.5 1.5 0.87118 1.30121 1.34607 1.39123 4.16167 4.17212 4.18309 4.1946 4.20466 4.21581 4.22571 4.23592 4.24613 4.25629 4.26557 4.27489 4.28437 4.29337 4.30301 4.31132 4.32005 4.32873 4.33736 4.34594 4.35535 4.3628 4.37104 4.37901 4.3872 4.39664 4.40382 4.41249 4.41954 4.42749 4.43515 4.44401 4.45248 4.45972 4.46777 4.47571 4.48463 4.49231 4.50043 4.50868 4.51795 4.52626 4.53416 4.54267 4.55115 4.56068 4.56935 4.57747 4.58636 4.5962 4.60538 4.61445 4.62292 4.63233 4.64299 4.65254 4.6622 4.6712 4.68153 4.69275 4.7037 4.71291 4.72388 4.73301 4.7457 4.75595 4.7669 
1.5 1.5 1.5 1.5 1.5 1.5 1.5 1.5 1.5 1.5 0.871018 1.30028 1.34514 4.15959 4.17056 4.18183 4.19308 4.20456 4.21489 4.22562 4.23628 4.24662 4.25673 4.26688 4.27674 4.28657 4.29631 4.3059 4.31549 4.32483 4.33396 4.34317 4.35243 4.36149 4.37136 4.37938 4.38824 4.39712 4.40592 4.4156 4.42362 4.43259 4.44124 4.4501 4.45806 4.46756 4.47649 4.48521 4.49397 4.50229 4.51172 4.52083 4.52979 4.53883 4.54798 4.55698 4.56635 4.57556 4.58479 4.5941 4.60341 4.6129 4.62232 4.63199 4.64164 4.65129 4.66141 4.6712 4.68132 4.69118 4.70127 4.71171 4.72235 4.73292 4.74364 4.75351 4.76571 4.77411 4.78663 4.79679 4.8084 
1.5 1.5 1.5 1.5 1.5 1.5 1.5 1.5 1.5 1.5 0.870809 1.2993 1.34417 4.15751 4.1685 4.17994 4.19131 4.20282 4.21339 4.2243 4.23511 4.24559 4.25573 4.26684 4.27677 4.28689 4.29691 4.30664 4.31701 4.32672 4.33644 4.34617 4.35601 4.36568 4.37535 4.38506 4.39466 4.40424 4.41372 4.42307 4.43287 4.44253 4.45195 4.46152 4.47057 4.4806 4.49037 4.49994 4.5095 4.51872 4.52872 4.53853 4.54824 4.55795 4.56779 4.57749 4.58751 4.59675 4.60728 4.61735 4.62727 4.6374 4.6474 4.65761 4.66803 4.67828 4.68891 4.69849 4.70985 4.7205 4.73112 4.74201 4.75291 4.76425 4.77515 4.78595 4.79793 4.80734 4.81935 4.83147 4.84246 
1.5 1.5 1.5 1.5 1.5 1.5 1.5 1.5 1.5 1.5 0.870603 1.29834 1.34313 1.38771 1.43235 4.15447 4.16595 4.17751 4.18842 4.19964 4.2105 4.22116 4.23187 4.24262 4.25325 4.26402 4.27442 4.28475 4.29547 4.30587 4.3163 4.32669 4.33688 4.34753 4.35787 4.36837 4.37884 4.38922 4.39957 4.40969 4.42024 4.43085 4.44118 4.45164 4.4617 4.47242 4.48297 4.49347 4.50391 4.51412 4.52487 4.53506 4.54606 4.55662 4.56718 4.57766 4.58782 4.59912 4.60983 4.62062 4.63131 4.64158 4.65283 4.66379 4.67477 4.68582 4.697 4.70806 4.71922 4.73035 4.74165 4.75313 4.76412 4.77645 4.78705 4.79931 4.81057 4.82179 4.833 4.84642 4.85733 
1.5 1.5 1.5 1.5 1.5 1.5 1.5 1.5 1.5 1.5 0.870391 1.2973 1.34205 1.38662 1.43132 1.47607 4.15239 4.16422 4.17559 4.18737 4.19834 4.20948 4.22052 4.23207 4.24305 4.25404 4.26526 4.27631 4.28774 4.29869 4.30985 4.32103 4.33235 4.343 4.35432 4.36583 4.37699 4.3883 4.39957 4.41042 4.422 4.43343 4.4448 4.45619 4.46738 4.47885 4.49032 4.50128 4.51316 4.5244 4.53591 4.54749 4.55845 4.57037 4.58168 4.5931 4.60473 4.61576 4.62772 4.6392 4.6507 4.66243 4.67388 4.68553 4.69715 4.70883 4.72051 4.73228 4.74388 4.75564 4.7674 4.77935 4.79061 4.80333 4.81316 4.82736 4.83782 4.85062 4.86125 4.87569 4.88655 
1.5 1.5 1.5 1.5 1.5 1.5 1.5 1.5 1.5 1.5 0.870092 1.29604 1.34081 1.38527 1.42993 1.47433 4.15027 4.16277 4.17442 4.18646 4.19791 4.20965 4.22137 4.23332 4.24516 4.25696 4.26915 4.28089 4.29295 4.30491 4.31712 4.32909 4.34119 4.3533 4.36509 4.37758 4.3898 4.40217 4.41453 4.42665 4.43886 4.45112 4.46345 4.4755 4.48794 4.50007 4.51238 4.5248 4.53704 4.54884 4.56166 4.57411 4.58637 4.59838 4.61063 4.62332 4.63572 4.64808 4.6603 4.67261 4.68489 4.69736 4.70959 4.72141 4.73426 4.74666 4.75883 4.77111 4.78308 4.79565 4.80786 4.8203 4.83195 4.84482 4.85681 4.86982 4.88075 4.89375 4.9058 4.91914 4.93008 
1.5 1.5 1.5 1.5 1.5 1.5 1.5 1.5 1.5 1.5 0.869769 1.29464 1.33921 1.38387 1.4284 4.14666 4.1596 4.17109 4.18382 4.19586 4.2084 4.22101 4.23377 4.24639 4.25906 4.2719 4.28459 4.29764 4.31052 4.3235 4.33674 4.34976 4.36279 4.37559 4.38871 4.40209 4.4156 4.42861 4.44203 4.4554 4.46853 4.48238 4.49518 4.50904 4.52227 4.53592 4.54938 4.56284 4.57619 4.58989 4.60297 4.61639 4.62962 4.64302 4.65619 4.66938 4.68267 4.69591 4.70898 4.72207 4.7351 4.74829 4.76131 4.77433 4.78728 4.80028 4.81305 4.82591 4.83872 4.85147 4.86413 4.87711 4.88939 4.90192 4.91491 4.92771 4.93938 4.95251 4.96572 4.97828 4.98823 
1.5 1.5 1.5 1.5 1.5 1.5 1.5 1.5 1.5 1.5 0.869257 1.2931 1.33762 1.38238 1.4269 4.14201 4.15549 4.16924 4.18373 4.19643 4.20867 4.22185 4.23565 4.249 4.26277 4.27676 4.29061 4.305 4.3189 4.33286 4.34712 4.36134 4.37558 4.39001 4.40415 4.41888 4.43332 4.44796 4.46255 4.47669 4.49157 4.50589 4.52057 4.53487 4.55015 4.56402 4.57843 4.59279 4.607 4.62187 4.63558 4.64994 4.664 4.67822 4.69233 4.70624 4.72031 4.73418 4.74794 4.76163 4.77556 4.78957 4.80318 4.81681 4.83026 4.84379 4.85707 4.87046 4.88381 4.89708 4.91013 4.92369 4.93625 4.94929 4.96265 4.97572 4.98732 5.0024 5.01392 5.02814 5.03686 
1.5 1.5 1.5 1.5 1.5 1.5 1.5 1.5 1.5 1.5 0.86853 1.29079 1.33526 1.38005 1.42463 4.12952 4.14005 4.15472 4.1705 4.18814 4.20376 4.21896 4.23473 4.2486 4.2636 4.27885 4.2945 4.31121 4.32609 4.34177 4.35764 4.37316 4.38877 4.40465 4.41984 4.4363 4.45215 4.46818 4.48387 4.49913 4.51561 4.53116 4.54693 4.56247 4.57907 4.5938 4.60928 4.62471 4.63991 4.65609 4.67049 4.68571 4.70082 4.71576 4.73078 4.74547 4.76033 4.77502 4.78941 4.80374 4.81831 4.83284 4.84716 4.86136 4.87533 4.88935 4.90314 4.91699 4.93076 4.94442 4.95783 4.97162 4.98501 4.9981 5.01155 5.02524 5.03698 5.05185 5.06479 5.07846 5.08726 
1.5 1.5 1.5 1.5 1.5 1.5 1.5 1.5 1.5 1.5 0.867714 1.28827 1.33268 1.37733 1.42176 1.46592 4.11361 4.11779 4.13625 4.15803 4.17895 4.19764 4.21616 4.23249 4.24965 4.26697 4.28429 4.30359 4.31971 4.33756 4.3557 4.37336 4.3909 4.40854 4.42496 4.44326 4.46053 4.47813 4.495 4.51162 4.52965 4.54656 4.5634 4.58021 4.59803 4.61364 4.6301 4.64649 4.66298 4.68033 4.69517 4.71106 4.72698 4.74277 4.75855 4.77397 4.78948 4.80473 4.81974 4.83479 4.84974 4.86468 4.87946 4.89415 4.90861 4.92305 4.93738 4.95162 4.96582 4.97977 4.99361 5.00751 5.02179 5.03477 5.04872 5.06247 5.07536 5.0894 5.10406 5.11637 5.12593 
1.5 1.5 1.5 1.5 1.5 1.5 1.5 1.5 1.5 1.5 0.866636 1.28498 1.32921 1.37388 1.41824 1.46229 1.50657 1.55107 4.09394 4.11709 4.14149 4.16271 4.18605 4.20367 4.22273 4.24268 4.26233 4.28417 4.30232 4.32209 4.3415 4.36133 4.38099 4.40049 4.41852 4.439 4.458 4.477 4.49545 4.51295 4.53265 4.55081 4.56899 4.58686 4.60604 4.62232 4.63973 4.65699 4.67435 4.69259 4.70804 4.72467 4.74128 4.75768 4.77392 4.78986 4.806 4.82181 4.83737 4.853 4.86842 4.88371 4.89883 4.91386 4.92871 4.94347 4.95824 4.97291 4.98746 5.00193 5.0162 5.03026 5.04479 5.05833 5.07213 5.08609 5.09976 5.11439 5.12881 5.14192 5.15172 
1.5 1.5 1.5 1.5 1.5 1.5 1.5 1.5 1.5 1.5 0.865358 1.28274 1.32697 1.37184 1.41631 1.46108 1.50561 1.55132 4.08001 4.10231 4.1242 4.15001 4.17821 4.19932 4.2192 4.24139 4.26385 4.28907 4.30788 4.33061 4.35383 4.37497 4.39586 4.41722 4.43662 4.45958 4.48062 4.50121 4.5211 4.54018 4.56156 4.58106 4.60036 4.61951 4.64011 4.65713 4.67548 4.69376 4.71196 4.73113 4.74678 4.76398 4.78133 4.7984 4.81526 4.83162 4.84838 4.86462 4.88045 4.8964 4.9121 4.92804 4.94381 4.95915 4.97455 4.98957 5.00467 5.01965 5.03458 5.04944 5.06433 5.07915 5.09396 5.10645 5.12296 5.13467 5.15099 5.16461 5.18001 5.1926 5.20303 
1.5 1.5 1.5 1.5 1.5 1.5 1.5 1.5 1.5 1.5 0.863883 1.2773 1.32124 1.36593 1.41018 1.45452 1.49852 4.04957 4.04739 4.09372 4.12354 4.14756 4.1802 4.20347 4.22837 4.2499 4.27539 4.30506 4.32653 4.35342 4.37666 4.40175 4.42586 4.44807 4.46793 4.49281 4.51568 4.53819 4.56001 4.5805 4.6034 4.62402 4.64494 4.66511 4.68776 4.70489 4.72422 4.7434 4.76239 4.78272 4.7992 4.81719 4.83503 4.85259 4.86979 4.88805 4.90407 4.92086 4.93737 4.95396 4.97007 4.98623 5.00213 5.01812 5.03375 5.049 5.06452 5.07974 5.09495 5.11014 5.12534 5.13994 5.1549 5.16871 5.1847 5.19693 5.21352 5.22893 5.24197 5.25608 5.26788 
1.5 1.5 1.5 1.5 1.5 1.5 1.5 1.5 1.5 1.5 0.862266 1.27337 1.31708 1.36167 1.405 1.45034 1.49428 4.01608 4.01418 4.0577 4.09265 4.12777 4.17002 4.19329 4.22255 4.24805 4.2725 4.30535 4.33042 4.3594 4.38874 4.41431 4.44128 4.46733 4.4892 4.51495 4.53847 4.56209 4.58539 4.60679 4.63156 4.65388 4.67564 4.69682 4.71982 4.7385 4.75889 4.77919 4.799 4.81993 4.83682 4.8555 4.87405 4.89233 4.90988 4.92743 4.94513 4.9625 4.9793 4.99595 5.01225 5.02838 5.04484 5.06278 5.07702 5.09287 5.10874 5.1244 5.13989 5.15526 5.17068 5.18518 5.20105 5.2146 5.23006 5.24435 5.26042 5.27545 5.28971 5.30439 5.31662 
1.5 1.5 1.5 1.5 1.5 1.5 1.5 1.5 1.5 1.5 0.860922 1.27073 1.31432 1.35888 1.4032 1.44735 1.49165 3.99216 3.98478 4.03071 4.06126 4.10476 4.15159 4.1808 4.20987 4.24318 4.26956 4.30576 4.33109 4.36388 4.39255 4.42318 4.45008 4.4797 4.503 4.53322 4.55968 4.58398 4.60804 4.63019 4.65546 4.67853 4.70154 4.72398 4.74851 4.7674 4.7886 4.8095 4.82999 4.85225 4.86984 4.88929 4.90853 4.92723 4.94564 4.96557 4.98177 4.99968 5.01706 5.03422 5.05119 5.06785 5.08449 5.10127 5.11763 5.13383 5.15003 5.16596 5.18185 5.19765 5.21343 5.22846 5.24403 5.25853 5.27656 5.28884 5.30425 5.32074 5.33514 5.3497 5.36205 
1.5 1.5 1.5 1.5 1.5 1.5 1.5 1.5 1.5 1.5 0.859673 1.26876 1.31109 1.35667 1.4008 1.44343 1.4876 1.53127 3.99558 3.9991 4.04348 4.08752 4.13004 4.16461 4.1955 4.23246 4.25859 4.29597 4.32259 4.3627 4.39303 4.42132 4.45027 4.48025 4.50641 4.53188 4.56055 4.58827 4.6164 4.63675 4.66414 4.68797 4.71535 4.73438 4.76023 4.77877 4.80083 4.82532 4.84353 4.86691 4.88737 4.90756 4.92517 4.94428 4.9632 4.98385 5.00026 5.01848 5.03866 5.05652 5.07369 5.08918 5.10641 5.12522 5.14204 5.15691 5.17485 5.19121 5.20778 5.22366 5.23803 5.25376 5.26916 5.28555 5.30024 5.31659 5.33191 5.34965 5.35913 5.37572 5.3899 
1.5 1.5 1.5 1.5 1.5 1.5 1.5 1.5 1.5 1.5 0.858002 1.26367 1.30697 1.3515 1.39555 1.43972 1.48406 1.52633 1.5693 3.98393 4.0085 4.05491 4.09903 4.13846 4.17285 4.21316 4.23951 4.27678 4.30873 4.34504 4.37723 4.40937 4.44416 4.47078 4.49571 4.52553 4.55319 4.58085 4.60914 4.63231 4.66057 4.68482 4.71118 4.73984 4.76496 4.78853 4.80729 4.83241 4.85446 4.87601 4.89725 4.91826 4.93939 4.95967 4.9788 4.99717 5.01615 5.03498 5.05316 5.07059 5.08812 5.10377 5.12289 5.13807 5.15648 5.17158 5.18826 5.2048 5.22119 5.23744 5.25381 5.26964 5.28533 5.29987 5.31737 5.33079 5.34863 5.3647 5.37824 5.39428 5.40918 
1.5 1.5 1.5 1.5 1.5 1.5 1.5 1.5 1.5 1.5 0.858894 1.2733 1.317 1.36189 1.40509 1.44955 1.49566 1.54008 1.58552 1.62945 3.98676 4.02421 4.07709 4.11662 4.15329 4.18625 4.21623 4.25918 4.28789 4.32125 4.35413 4.38402 4.42299 4.45198 4.48121 4.51433 4.54277 4.57251 4.60037 4.62718 4.6474 4.67334 4.70199 4.72766 4.75219 4.77343 4.79735 4.82053 4.84328 4.8683 4.88933 4.91112 4.92977 4.95084 4.97495 4.99522 5.01445 5.03194 5.05108 5.07209 5.09102 5.10971 5.12828 5.14613 5.16246 5.18021 5.19793 5.21564 5.23329 5.25035 5.26729 5.28395 5.30204 5.3183 5.33541 5.35031 5.36757 5.38607 5.39976 5.41299 5.42936 
1.5 1.5 1.5 1.5 1.5 1.5 1.5 1.5 1.5 1.5 0.859114 1.27878 1.32221 1.36801 1.41174 1.4579 1.50285 1.54673 1.59385 3.98932 3.99086 4.03294 4.08329 4.11757 4.15454 4.18239 4.21824 4.25879 4.28764 4.32256 4.35375 4.38629 4.42254 4.45244 4.48777 4.51717 4.54726 4.57836 4.60362 4.6295 4.65791 4.68147 4.70616 4.73175 4.76165 4.78157 4.80528 4.82997 4.85367 4.87815 4.90042 4.92327 4.94575 4.96695 4.98851 5.01023 5.03154 5.05185 5.07205 5.09224 5.11234 5.13218 5.15383 5.17107 5.19007 5.2088 5.22744 5.24561 5.26373 5.28138 5.29911 5.31904 5.33324 5.34967 5.36656 5.38302 5.39996 5.41655 5.43225 5.44803 5.46599 
1.5 1.5 1.5 1.5 1.5 1.5 1.5 1.5 1.5 1.5 0.859722 1.28563 1.33032 1.3758 1.42116 1.46586 1.51221 1.55687 3.98741 3.99384 4.01892 4.06015 4.09993 4.13128 4.16119 4.19218 4.22351 4.26421 4.29582 4.32431 4.35654 4.38844 4.42264 4.45009 4.47974 4.51802 4.54767 4.57724 4.60793 4.63998 4.66216 4.68531 4.71193 4.73688 4.76344 4.78675 4.81215 4.83506 4.8594 4.88617 4.90663 4.93149 4.95532 4.98107 5.00298 5.02399 5.04691 5.06808 5.08921 5.11042 5.1317 5.15283 5.17313 5.19333 5.21298 5.23471 5.25212 5.27112 5.28991 5.30832 5.32674 5.34462 5.36164 5.3792 5.39624 5.41283 5.4302 5.44816 5.46194 5.4806 5.49844 
1.5 1.5 1.5 1.5 1.5 1.5 1.5 1.5 1.5 1.5 0.860696 1.29335 1.33851 1.38447 1.43035 1.47624 1.52232 1.5677 1.61515 4.01715 4.04062 4.07676 4.09953 4.12353 4.15491 4.18898 4.21411 4.25379 4.28124 4.31174 4.34128 4.37134 4.39995 4.42644 4.45663 4.4868 4.51871 4.54861 4.57582 4.6065 4.63621 4.65593 4.68118 4.70744 4.73607 4.75363 4.78247 4.80848 4.83094 4.85663 4.88057 4.90667 4.92901 4.95475 4.98072 5.00617 5.02719 5.04879 5.07095 5.09336 5.11568 5.13781 5.15912 5.18008 5.20066 5.22112 5.24138 5.26111 5.28048 5.2995 5.31831 5.3367 5.3543 5.37498 5.39005 5.40694 5.42413 5.44187 5.45615 5.47608 5.49411 
1.5 1.5 1.5 1.5 1.5 1.5 1.5 1.5 1.5 1.5 0.8617 1.30384 1.34974 1.39639 1.44295 1.4896 1.53635 1.58266 1.63142 1.68081 4.04515 4.07423 4.09697 4.12023 4.14693 4.18472 4.20611 4.24236 4.2663 4.29106 4.32514 4.35107 4.37769 4.40701 4.42906 4.46282 4.49111 4.51862 4.5453 4.57642 4.60538 4.62812 4.65041 4.6768 4.70543 4.72543 4.74778 4.77879 4.80356 4.8245 4.8515 4.87882 4.9024 4.92822 4.95332 4.97936 5.009 5.02662 5.05087 5.07188 5.09492 5.11764 5.13978 5.16161 5.18275 5.20353 5.22393 5.24392 5.26356 5.28322 5.30246 5.32125 5.33888 5.35761 5.37494 5.39219 5.41017 5.42689 5.44278 5.46164 5.48086 
1.5 1.5 1.5 1.5 1.5 1.5 1.5 1.5 1.5 1.5 0.862515 1.30808 1.35425 1.40097 1.44775 1.49455 1.54154 1.58812 1.63664 1.68519 1.73228 4.072 4.1016 4.12228 4.14504 4.17699 4.20515 4.23258 4.25205 4.27948 4.30417 4.33297 4.35907 4.38679 4.41041 4.43954 4.46551 4.49285 4.52015 4.5455 4.56751 4.59693 4.62148 4.64623 4.67284 4.69358 4.71641 4.74706 4.77124 4.79347 4.82157 4.84745 4.87386 4.89926 4.92495 4.94912 4.97653 5.0026 5.02168 5.04546 5.06908 5.09238 5.11473 5.13692 5.15856 5.17979 5.20106 5.22133 5.24148 5.26123 5.28092 5.30016 5.31843 5.33658 5.35475 5.37231 5.39097 5.41086 5.42415 5.44175 5.46101 
1.5 1.5 1.5 1.5 1.5 1.5 1.5 1.5 1.5 1.5 0.863116 1.31321 1.35961 1.40676 1.45383 1.50101 1.54824 1.59518 1.64384 1.69193 1.73963 4.08348 4.10424 4.13501 4.16296 4.19006 4.21164 4.23426 4.2511 4.27938 4.30261 4.32674 4.35377 4.37946 4.39855 4.42971 4.4544 4.48031 4.50713 4.52659 4.55345 4.57838 4.60422 4.62726 4.65455 4.67389 4.70269 4.72846 4.75128 4.7799 4.80509 4.8318 4.85879 4.88367 4.90907 4.93401 4.96045 4.98968 5.00783 5.03184 5.05544 5.07892 5.10155 5.12379 5.14557 5.16697 5.18825 5.20873 5.2287 5.24875 5.26851 5.2877 5.30543 5.32443 5.34149 5.36022 5.37748 5.39407 5.4109 5.42895 5.44947 
1.5 1.5 1.5 1.5 1.5 1.5 1.5 1.5 1.5 1.5 0.863556 1.31734 1.364 1.41142 1.45869 1.50613 1.55355 1.60078 1.64892 1.69716 1.74539 4.08906 4.1088 4.14437 4.1721 4.19117 4.20912 4.23282 4.24973 4.27614 4.30016 4.31813 4.34715 4.36991 4.39073 4.41983 4.4437 4.46889 4.49136 4.51232 4.53994 4.56541 4.5852 4.60959 4.63619 4.6605 4.6858 4.71103 4.73694 4.7667 4.79065 4.81662 4.84259 4.86741 4.89327 4.91834 4.94641 4.97185 4.99191 5.01589 5.03909 5.06239 5.08479 5.10701 5.12855 5.14995 5.17087 5.19109 5.21087 5.23076 5.25039 5.26928 5.28639 5.3055 5.32236 5.34123 5.35823 5.37468 5.39105 5.40942 5.42857 
1.5 1.5 1.5 1.5 1.5 1.5 1.5 1.5 1.5 1.5 0.863874 1.32053 1.36726 1.41503 1.46242 1.51 1.55765 1.60508 1.65347 1.70116 4.09275 4.11108 4.14049 4.15939 4.17792 4.19971 4.22021 4.24405 4.25821 4.28519 4.30971 4.32399 4.3522 4.37322 4.39666 4.42385 4.44661 4.4693 4.49169 4.51211 4.54001 4.56363 4.584 4.60776 4.6379 4.66023 4.68645 4.71281 4.73867 4.76747 4.79021 4.81616 4.84117 4.86643 4.89185 4.91804 4.94526 4.96561 4.98833 5.01187 5.03477 5.0575 5.07932 5.10103 5.12218 5.14319 5.1635 5.18333 5.20289 5.22245 5.24172 5.26029 5.27718 5.29597 5.31244 5.33131 5.34767 5.36369 5.38067 5.39765 5.41675 
1.5 1.5 1.5 1.5 1.5 1.5 1.5 1.5 1.5 1.5 0.863875 1.32206 1.36886 1.41707 1.46458 1.51225 1.56006 1.60754 1.65599 1.70387 4.09265 4.11732 4.13445 4.15557 4.17349 4.19632 4.21597 4.23748 4.2557 4.28011 4.30116 4.3187 4.3465 4.37111 4.39138 4.4148 4.43707 4.45999 4.48145 4.50217 4.5307 4.55368 4.57529 4.60207 4.62988 4.65206 4.67796 4.70292 4.72797 4.75659 4.7784 4.80287 4.82726 4.85222 4.87853 4.90276 4.92349 4.946 4.96853 4.99085 5.01307 5.03487 5.05584 5.07696 5.0974 5.11775 5.13741 5.15857 5.17591 5.19673 5.21341 5.23126 5.248 5.26621 5.28213 5.30071 5.31653 5.33211 5.34893 5.36557 5.38323 
1.5 1.5 1.5 1.5 1.5 1.5 1.5 1.5 1.5 1.5 0.863849 1.32314 1.36893 1.41805 1.46568 1.51334 1.56122 1.60876 1.6573 1.70558 1.75443 1.80414 4.10599 4.14108 4.14442 4.16619 4.18549 4.20604 4.229 4.24883 4.26905 4.29181 4.32178 4.34063 4.35912 4.38354 4.40577 4.42814 4.45244 4.47599 4.50023 4.52441 4.5472 4.57211 4.59846 4.6206 4.64288 4.66882 4.69261 4.71929 4.73973 4.76343 4.78787 4.81161 4.83294 4.8536 4.87549 4.89857 4.91837 4.93927 4.96012 4.9806 5.00022 5.02036 5.03967 5.05895 5.07785 5.09637 5.11472 5.13304 5.1509 5.16832 5.18479 5.20259 5.21868 5.23587 5.25214 5.26803 5.28263 5.30129 5.31673 
1.5 1.5 1.5 1.5 1.5 1.5 1.5 1.5 1.5 1.5 0.86387 1.32422 1.37094 1.41971 1.46707 1.51505 1.56297 1.61061 1.65936 1.70773 1.75669 1.80613 1.85638 1.9059 4.1088 4.13311 4.151 4.17626 4.19432 4.21391 4.23467 4.26102 4.28549 4.30763 4.3321 4.35702 4.37914 4.40316 4.42716 4.446 4.47385 4.49705 4.51981 4.54294 4.5693 4.58958 4.61225 4.635 4.65834 4.68279 4.70287 4.72501 4.74531 4.76555 4.78644 4.80688 4.82712 4.84709 4.86702 4.88668 4.90606 4.92503 4.94377 4.96266 4.98198 4.99924 5.01722 5.03486 5.05246 5.06988 5.08703 5.1053 5.12002 5.13638 5.15189 5.16828 5.18477 5.19875 5.21658 5.23028 5.24803 
1.5 1.5 1.5 1.5 1.5 1.5 1.5 1.5 1.5 1.5 0.864017 1.3249 1.37163 1.42084 1.46848 1.51625 1.56418 1.61188 1.66069 1.70919 1.75811 1.80743 1.85787 4.10989 4.13488 4.14607 4.16891 4.19058 4.21072 4.22912 4.2547 4.28274 4.30547 4.32877 4.34925 4.37218 4.39541 4.41761 4.43986 4.46329 4.48702 4.50828 4.53049 4.55271 4.57715 4.59643 4.61839 4.64019 4.66115 4.68365 4.70106 4.72077 4.74158 4.76033 4.77997 4.79892 4.81782 4.83645 4.85498 4.87411 4.89136 4.90938 4.92669 4.94467 4.96184 4.97928 4.99632 5.01312 5.02982 5.04637 5.06294 5.07895 5.09446 5.11097 5.12533 5.14188 5.15724 5.17152 5.18826 5.20188 5.219 
1.5 1.5 1.5 1.5 1.5 1.5 1.5 1.5 1.5 1.5 0.864458 1.32613 1.37136 1.42154 1.46935 1.51718 1.56507 1.61297 1.66172 1.71033 1.75916 1.80825 4.11183 4.14107 4.15074 4.1705 4.19581 4.21599 4.2341 4.25782 4.28284 4.30617 4.32646 4.34802 4.36699 4.3907 4.4126 4.43549 4.458 4.47575 4.49821 4.51939 4.54044 4.56149 4.58449 4.60227 4.62153 4.64072 4.65934 4.68016 4.69722 4.71589 4.73409 4.7523 4.77129 4.78794 4.80548 4.82285 4.84026 4.85737 4.87456 4.89141 4.90893 4.92467 4.94089 4.95728 4.97367 4.98964 5.00572 5.02143 5.0371 5.05231 5.06789 5.08376 5.09763 5.11325 5.12876 5.14144 5.15879 5.17164 5.18754 
1.5 1.5 1.5 1.5 1.5 1.5 1.5 1.5 1.5 1.5 0.864786 1.32628 1.37316 1.42274 1.47051 1.51842 1.56651 1.61435 1.66328 1.71193 1.76068 1.80996 4.1262 4.15028 4.17022 4.18462 4.20617 4.23216 4.25045 4.27126 4.29109 4.31322 4.33427 4.35544 4.37398 4.39698 4.41819 4.43737 4.45662 4.47552 4.49655 4.51587 4.53469 4.5531 4.57307 4.5893 4.60748 4.62534 4.64288 4.66193 4.67799 4.69515 4.71183 4.72852 4.74534 4.76172 4.77818 4.7945 4.81083 4.82685 4.84291 4.85869 4.87414 4.89002 4.90535 4.9209 4.93629 4.95143 4.96659 4.98164 4.99661 5.01118 5.02631 5.04102 5.05505 5.0695 5.08494 5.09784 5.11302 5.12697 5.14168 
1.5 1.5 1.5 1.5 1.5 1.5 1.5 1.5 1.5 1.5 0.86607 1.32981 1.37521 1.42564 1.47365 1.52164 1.56986 1.61779 1.66667 1.71545 1.76434 1.81374 1.86408 4.14865 4.1712 4.18598 4.20979 4.23389 4.24661 4.26668 4.28895 4.30948 4.32804 4.34822 4.36752 4.38699 4.4051 4.42326 4.44111 4.45829 4.47682 4.49394 4.51153 4.52869 4.54692 4.56243 4.57896 4.59556 4.61175 4.62901 4.64394 4.65991 4.67531 4.69086 4.70663 4.72203 4.73717 4.75227 4.7674 4.78231 4.79717 4.81222 4.82702 4.84179 4.85624 4.87079 4.88537 4.89975 4.91409 4.92842 4.94278 4.95714 4.97114 4.9844 4.99971 5.012 5.02773 5.04075 5.05428 5.0683 5.08252 
1.5 1.5 1.5 1.5 1.5 1.5 1.5 1.5 1.5 1.5 0.866982 1.33156 1.37878 1.42804 1.47602 1.52407 1.57233 1.62038 1.66924 1.71793 1.76678 1.81614 1.86617 4.16739 4.18812 4.20421 4.22674 4.24464 4.26113 4.28005 4.29821 4.31598 4.3349 4.35257 4.36743 4.38501 4.402 4.41864 4.43485 4.45088 4.46759 4.48359 4.49951 4.51511 4.53149 4.54613 4.56151 4.57688 4.59181 4.6074 4.62155 4.63635 4.65132 4.66515 4.67976 4.69397 4.70829 4.72238 4.73665 4.7506 4.76463 4.77875 4.79262 4.8067 4.8204 4.83423 4.84811 4.86199 4.87572 4.88938 4.90307 4.9167 4.9303 4.94346 4.95775 4.97041 4.98455 4.99817 5.01157 5.02383 5.03875 
1.5 1.5 1.5 1.5 1.5 1.5 1.5 1.5 1.5 1.5 0.868388 1.33488 1.38248 1.43093 1.47891 1.52707 1.57529 1.62348 1.67219 1.72091 1.76968 1.81887 1.86849 1.91783 1.96777 4.19092 4.21143 4.22728 4.24198 4.25904 4.27548 4.29137 4.3069 4.32297 4.33846 4.35501 4.37058 4.38569 4.40077 4.41569 4.43103 4.44574 4.4605 4.47495 4.48989 4.50358 4.5177 4.53179 4.54618 4.55975 4.57321 4.58702 4.60056 4.61378 4.62735 4.64071 4.65412 4.66739 4.68062 4.69387 4.70706 4.72025 4.73344 4.74678 4.75976 4.77299 4.78614 4.79925 4.81254 4.8256 4.83868 4.85163 4.86498 4.878 4.89115 4.9043 4.91713 4.9305 4.94431 4.95497 4.96942 
1.5 1.5 1.5 1.5 1.5 1.5 1.5 1.5 1.5 1.5 0.869453 1.33688 1.38462 1.43281 1.48084 1.52896 1.57717 1.62531 1.67398 1.7225 1.77111 1.8201 1.8694 1.91841 1.96777 2.01729 4.2002 4.21722 4.23071 4.24529 4.26022 4.27533 4.2902 4.30529 4.32005 4.33515 4.34992 4.36414 4.37824 4.39252 4.40613 4.41982 4.43352 4.44701 4.46073 4.47368 4.48679 4.49988 4.51271 4.52549 4.53831 4.55114 4.56386 4.5764 4.58916 4.6015 4.61401 4.62641 4.63895 4.65142 4.66394 4.67617 4.68891 4.70154 4.71396 4.72666 4.7391 4.75162 4.76433 4.77684 4.7894 4.80206 4.81441 4.82746 4.83982 4.85308 4.8646 4.87881 4.8915 4.90192 4.9157 
1.5 1.5 1.5 1.5 1.5 1.5 1.5 1.5 1.5 1.5 0.87039 1.33836 1.38618 1.43423 1.48219 1.53032 1.57848 1.62663 1.67513 1.72354 1.77209 1.8208 1.86976 1.91857 4.19827 4.21207 4.22652 4.2409 4.25447 4.26872 4.2829 4.29689 4.31082 4.32458 4.33862 4.35216 4.36573 4.37911 4.39228 4.40569 4.41829 4.43116 4.44381 4.45638 4.46906 4.48135 4.49358 4.50588 4.51804 4.52977 4.54187 4.55387 4.5659 4.57768 4.58959 4.60115 4.61291 4.62462 4.63645 4.64832 4.66004 4.67187 4.68366 4.69558 4.70757 4.71973 4.73162 4.74358 4.75576 4.76782 4.77992 4.79202 4.80434 4.8164 4.82909 4.84139 4.85305 4.8668 4.87899 4.89004 4.90203 
1.5 1.5 1.5 1.5 1.5 1.5 1.5 1.5 1.5 1.5 0.870898 1.33857 1.38643 1.43433 1.48227 1.53033 1.57845 1.62651 1.67486 1.72321 1.77168 1.82024 1.86899 4.19801 4.21145 4.22478 4.23809 4.25156 4.26458 4.27792 4.29114 4.30431 4.31746 4.33032 4.34341 4.356 4.36862 4.38117 4.39356 4.40589 4.41772 4.42981 4.44161 4.4533 4.46501 4.4766 4.48816 4.4996 4.51114 4.52205 4.53353 4.54458 4.55591 4.56713 4.5779 4.58935 4.60044 4.61154 4.62272 4.63403 4.64503 4.6563 4.66761 4.67888 4.69046 4.70192 4.71329 4.72474 4.7364 4.74801 4.75968 4.77147 4.7836 4.79466 4.80764 4.81882 4.83058 4.84383 4.85548 4.86672 4.87734 
1.5 1.5 1.5 1.5 1.5 1.5 1.5 1.5 1.5 1.5 0.871347 1.33888 1.38672 1.43453 1.48237 1.53039 1.5784 1.6265 1.67463 1.72294 1.77117 1.81955 1.86804 1.91655 1.96507 4.19856 4.21104 4.22352 4.23591 4.24836 4.26078 4.27328 4.28576 4.29785 4.3104 4.32212 4.33389 4.34569 4.35724 4.36908 4.38009 4.39147 4.40262 4.41361 4.42445 4.43561 4.44651 4.45723 4.46817 4.47844 4.48937 4.49978 4.51009 4.52106 4.53162 4.54222 4.5528 4.56338 4.57399 4.58476 4.59524 4.60589 4.61674 4.62753 4.63855 4.64951 4.66044 4.67145 4.68268 4.69386 4.70507 4.71634 4.72819 4.73897 4.75119 4.76254 4.7736 4.78622 4.79829 4.80878 4.81897 
1.5 1.5 1.5 1.5 1.5 1.5 1.5 1.5 1.5 1.5 0.871479 1.33825 1.38604 1.43375 1.48155 1.52941 1.57741 1.62534 1.67349 1.7215 1.76968 1.81788 1.86618 1.91446 1.96274 2.01117 4.19496 4.20656 4.21845 4.2309 4.24219 4.25406 4.26589 4.27737 4.28945 4.30052 4.3118 4.32303 4.33396 4.34537 4.35559 4.36634 4.37693 4.38739 4.39756 4.40826 4.41861 4.42875 4.43907 4.44866 4.45918 4.46916 4.47935 4.48946 4.49947 4.5096 4.51967 4.5298 4.53994 4.55021 4.56037 4.57066 4.58093 4.59127 4.60176 4.61225 4.62271 4.63334 4.6441 4.65488 4.66567 4.67672 4.6878 4.69888 4.71015 4.72185 4.73176 4.74483 4.75574 4.76658 4.77619 
1.5 1.5 1.5 1.5 1.5 1.5 1.5 1.5 1.5 1.5 0.871538 1.33744 1.38509 1.43274 1.48049 1.52823 1.57605 1.624 1.67188 1.71988 1.76785 1.81591 1.86395 1.91203 1.96015 2.00829 4.18848 4.1999 4.21152 4.22313 4.23466 4.24611 4.25749 4.26867 4.28009 4.29078 4.3016 4.31243 4.32294 4.3341 4.34375 4.35401 4.36417 4.37424 4.38377 4.39421 4.4041 4.41377 4.42359 4.43266 4.44282 4.45242 4.46212 4.47175 4.48134 4.49106 4.50074 4.51044 4.52011 4.5299 4.53971 4.54969 4.55956 4.56949 4.57947 4.58951 4.59959 4.6099 4.62027 4.63072 4.64114 4.65203 4.66252 4.67369 4.68446 4.69604 4.70551 4.71834 4.72871 4.74005 4.74895 
1.5 1.5 1.5 1.5 1.5 1.5 1.5 1.5 1.5 1.5 0.871474 1.33623 1.38382 1.43136 1.47899 1.52664 1.57435 1.62212 1.66989 1.71768 1.76552 1.81344 1.86131 1.9092 1.95722 2.00523 2.05328 4.17962 4.19095 4.20229 4.21355 4.22467 4.23567 4.24667 4.25791 4.26817 4.27879 4.28936 4.29965 4.31063 4.32008 4.33002 4.33991 4.34972 4.35886 4.36906 4.37859 4.388 4.39741 4.4061 4.41604 4.42537 4.43471 4.44395 4.45321 4.4625 4.47179 4.48109 4.49037 4.49972 4.50922 4.51882 4.52836 4.53797 4.54755 4.55725 4.56707 4.57706 4.58713 4.5973 4.60744 4.61811 4.62838 4.63945 4.64984 4.66133 4.67102 4.68259 4.69388 4.70487 4.71378 
1.5 1.5 1.5 1.5 1.5 1.5 1.5 1.5 1.5 1.5 0.871272 1.33464 1.38207 1.42956 1.4771 1.52466 1.57228 1.6199 1.66748 1.71524 1.7629 1.81069 1.85844 1.90627 1.95411 2.00196 2.04981 4.17116 4.18231 4.19361 4.20421 4.21513 4.22591 4.23681 4.24787 4.25792 4.26843 4.2788 4.28886 4.2996 4.30891 4.31864 4.32835 4.338 4.34683 4.35683 4.3661 4.37535 4.38451 4.3929 4.40266 4.41178 4.42081 4.42968 4.43866 4.44763 4.45661 4.4656 4.47461 4.48367 4.49289 4.50211 4.51137 4.52071 4.52999 4.53949 4.54911 4.55882 4.56865 4.57859 4.58853 4.59892 4.6092 4.62011 4.63022 4.64156 4.65171 4.6619 4.67415 4.68488 4.69397 
1.5 1.5 1.5 1.5 1.5 1.5 1.5 1.5 1.5 1.5 0.871086 1.33322 1.38053 1.42786 1.47527 1.52263 1.57008 1.61759 1.66495 1.71249 1.76005 1.80757 1.85509 1.90275 1.95029 4.16296 4.17417 4.18562 4.19664 4.20747 4.21845 4.22928 4.24001 4.25082 4.26181 4.27175 4.28205 4.29211 4.30215 4.31278 4.32197 4.33159 4.34121 4.35079 4.35946 4.36927 4.37841 4.38753 4.39647 4.40464 4.41429 4.42324 4.43201 4.44069 4.44949 4.45819 4.46694 4.47573 4.48454 4.49339 4.50236 4.51128 4.52028 4.5294 4.53847 4.54779 4.55722 4.5667 4.5763 4.58605 4.59583 4.60599 4.61621 4.62697 4.63684 4.648 4.65838 4.66786 4.68 4.69103 4.7003 
1.5 1.5 1.5 1.5 1.5 1.5 1.5 1.5 1.5 1.5 0.870753 1.33133 1.3785 1.42569 1.47289 1.52014 1.56739 1.61477 1.6621 1.70942 1.7568 1.80414 1.85155 1.89897 1.94642 1.99375 4.15196 4.16318 4.17413 4.18489 4.19575 4.20653 4.21719 4.22794 4.239 4.24891 4.25934 4.2694 4.27947 4.29011 4.29929 4.30892 4.3185 4.32803 4.33673 4.34647 4.35557 4.36467 4.37354 4.38167 4.39124 4.4001 4.40881 4.41747 4.42621 4.43482 4.44345 4.45213 4.46084 4.46959 4.4784 4.48721 4.4961 4.5051 4.51412 4.52334 4.53266 4.54202 4.55147 4.56111 4.57082 4.58088 4.59101 4.60154 4.61154 4.62223 4.63298 4.64238 4.65354 4.6653 4.67489 
1.5 1.5 1.5 1.5 1.5 1.5 1.5 1.5 1.5 1.5 0.87043 1.32964 1.37675 1.42375 1.47085 1.51796 1.56512 1.61222 1.65948 1.70662 1.75381 1.80098 1.84816 1.89543 1.94262 1.9898 2.03702 2.08381 4.13873 4.1498 4.16082 4.17177 4.18261 4.19334 4.20431 4.21448 4.22496 4.2352 4.24533 4.25585 4.26503 4.27473 4.28439 4.29396 4.30292 4.31268 4.32188 4.33103 4.34002 4.3482 4.35772 4.36652 4.3752 4.38387 4.39259 4.40123 4.40986 4.41853 4.42725 4.43599 4.44475 4.45354 4.46241 4.47137 4.4804 4.48956 4.49884 4.50816 4.51755 4.52716 4.5369 4.54694 4.55713 4.5674 4.57769 4.58794 4.59905 4.60855 4.61893 4.63111 4.64134 
1.5 1.5 1.5 1.5 1.5 1.5 1.5 1.5 1.5 1.5 0.870093 1.32785 1.37472 1.42167 1.46863 1.51558 1.56262 1.60959 1.65666 1.70362 1.75068 1.79776 1.84477 1.89187 1.93886 1.98583 2.03286 2.07976 2.1271 4.12764 4.13859 4.14952 4.16038 4.17109 4.18225 4.19233 4.20279 4.21313 4.22339 4.23402 4.24344 4.25329 4.26303 4.27263 4.28168 4.29149 4.30079 4.31 4.31909 4.32747 4.33703 4.34591 4.35471 4.36349 4.37225 4.38099 4.38968 4.39841 4.40717 4.41594 4.42472 4.43353 4.44243 4.45143 4.46052 4.4697 4.479 4.48834 4.49776 4.50735 4.51711 4.52712 4.53733 4.54749 4.5579 4.56801 4.57913 4.58894 4.59891 4.61067 4.62195 
1.5 1.5 1.5 1.5 1.5 1.5 1.5 1.5 1.5 1.5 0.869746 1.32611 1.37288 1.4197 1.46653 1.51341 1.56024 1.60714 1.65391 1.7009 1.74774 1.79466 1.8415 1.8884 1.93528 1.9821 2.02883 2.0757 4.11815 4.12931 4.14034 4.15136 4.16229 4.17303 4.18422 4.1944 4.20489 4.21528 4.22567 4.2364 4.24593 4.25588 4.26569 4.27534 4.28456 4.29444 4.30388 4.31321 4.32245 4.3311 4.34074 4.34975 4.35869 4.36759 4.37642 4.38529 4.39408 4.40291 4.41176 4.42063 4.4295 4.43842 4.44742 4.45651 4.46569 4.47491 4.48425 4.49365 4.50312 4.51271 4.52251 4.53252 4.54277 4.55293 4.56332 4.57348 4.58438 4.59462 4.60445 4.61534 4.62759 
1.5 1.5 1.5 1.5 1.5 1.5 1.5 1.5 1.5 1.5 0.869456 1.32451 1.37117 1.4179 1.46465 1.51137 1.55804 1.60485 1.6515 1.69834 1.74507 1.7918 1.83854 1.88528 1.93202 1.97882 2.02547 2.07221 4.10871 4.11996 4.13102 4.14199 4.15291 4.16369 4.17483 4.18511 4.19564 4.20611 4.21652 4.22699 4.23692 4.24701 4.25698 4.26681 4.27625 4.28631 4.29592 4.30541 4.31482 4.32366 4.3334 4.34255 4.35166 4.36074 4.36974 4.37881 4.38782 4.39684 4.40587 4.41491 4.42398 4.43306 4.4422 4.45142 4.46072 4.47007 4.47954 4.48909 4.49872 4.50844 4.51834 4.52845 4.53874 4.54902 4.55943 4.56975 4.58046 4.59112 4.60106 4.61133 4.62396 
1.5 1.5 1.5 1.5 1.5 1.5 1.5 1.5 1.5 1.5 0.869135 1.32308 1.36954 1.4162 1.46274 1.5094 1.556 1.6026 1.64925 1.69587 1.74253 1.7891 1.8357 1.8823 1.92888 1.97553 2.02218 2.06884 4.10031 4.11151 4.12245 4.13326 4.1441 4.15486 4.16565 4.17624 4.18678 4.19729 4.20772 4.21862 4.22853 4.2388 4.24896 4.25892 4.26845 4.27866 4.28839 4.29802 4.30758 4.31665 4.32655 4.33597 4.34535 4.35471 4.36397 4.37327 4.38251 4.39174 4.40096 4.41018 4.41946 4.42876 4.43813 4.44757 4.45711 4.46669 4.47638 4.48615 4.496 4.50589 4.51592 4.52616 4.53655 4.54692 4.55748 4.56792 4.57864 4.58953 4.59982 4.60982 4.62211 
1.5 1.5 1.5 1.5 1.5 1.5 1.5 1.5 1.5 1.5 0.868887 1.32176 1.36825 1.41476 1.46125 1.50775 1.55427 1.60081 1.64733 1.69384 1.74029 1.78675 1.83324 1.87971 1.92618 1.97262 2.01915 2.06554 4.09248 4.10355 4.11444 4.1252 4.13598 4.14673 4.15774 4.16803 4.1786 4.18915 4.19965 4.21023 4.2205 4.23084 4.24108 4.2512 4.26089 4.27125 4.28117 4.29102 4.30083 4.31019 4.32029 4.32993 4.33955 4.34914 4.35867 4.36824 4.37779 4.38732 4.39685 4.40639 4.41598 4.42558 4.43526 4.44498 4.45479 4.46462 4.47456 4.48458 4.49467 4.50478 4.515 4.5254 4.536 4.54647 4.55723 4.56779 4.57859 4.58958 4.60027 4.61027 4.62181 
1.5 1.5 1.5 1.5 1.5 1.5 1.5 1.5 1.5 1.5 0.868724 1.32084 1.36726 1.41371 1.46009 1.50648 1.55293 1.59938 1.64587 1.69216 1.73849 1.78492 1.83124 1.87756 1.92391 1.9702 2.0165 2.06269 2.10873 4.08375 4.09489 4.10587 4.11677 4.12762 4.13863 4.14897 4.15956 4.1701 4.18058 4.191 4.20124 4.21149 4.2218 4.23209 4.24205 4.25258 4.26276 4.27286 4.28294 4.29257 4.3029 4.31279 4.32263 4.33248 4.34234 4.35225 4.36217 4.37209 4.38201 4.39193 4.40189 4.41187 4.42191 4.43194 4.44205 4.45218 4.4624 4.4727 4.48307 4.49346 4.5039 4.51453 4.52531 4.5359 4.54688 4.55756 4.56845 4.57954 4.5905 4.60074 4.6115 
1.5 1.5 1.5 1.5 1.5 1.5 1.5 1.5 1.5 1.5 0.868511 1.31986 1.36613 1.41256 1.45888 1.50521 1.55157 1.59793 1.64419 1.6905 1.73681 1.78309 1.8293 1.87559 1.9218 1.968 2.01422 2.06027 2.10631 2.15262 2.19854 4.0761 4.08689 4.09762 4.10855 4.11884 4.12939 4.13992 4.15039 4.16118 4.17128 4.1817 4.19204 4.20236 4.21232 4.22294 4.23322 4.24349 4.25376 4.26372 4.27428 4.28452 4.29477 4.30502 4.31527 4.3255 4.33576 4.34601 4.35627 4.36655 4.37689 4.38726 4.39769 4.40812 4.41862 4.42913 4.43968 4.45028 4.46093 4.47159 4.48226 4.49312 4.50408 4.51484 4.526 4.53685 4.54782 4.55907 4.57015 4.58075 4.59102 
1.5 1.5 1.5 1.5 1.5 1.5 1.5 1.5 1.5 1.5 0.868374 1.31907 1.36536 1.41168 1.4579 1.50421 1.55049 1.59677 1.6429 1.68926 1.73542 1.78161 1.82779 1.87399 1.92012 1.96621 2.01235 2.05827 2.1043 2.15032 2.19627 4.07089 4.08147 4.09201 4.10281 4.11297 4.12344 4.13392 4.14436 4.15511 4.16521 4.17561 4.18598 4.19639 4.20653 4.21725 4.22769 4.23814 4.24859 4.25874 4.26952 4.27999 4.29051 4.30101 4.31156 4.32212 4.33273 4.34336 4.35401 4.3647 4.37541 4.38617 4.39696 4.40774 4.41856 4.42939 4.44024 4.45115 4.46209 4.47306 4.48402 4.49514 4.50624 4.51725 4.52858 4.53961 4.55069 4.56212 4.57326 4.58431 4.59446 
1.5 1.5 1.5 1.5 1.5 1.5 1.5 1.5 1.5 1.5 0.868237 1.3185 1.36482 1.41097 1.45719 1.50344 1.54966 1.59589 1.64204 1.68818 1.73442 1.78049 1.82655 1.87268 1.91873 1.96475 2.01075 2.05658 2.10265 4.06801 4.07852 4.08908 4.09946 4.10988 4.12061 4.13064 4.14103 4.15141 4.16179 4.17246 4.18253 4.19292 4.20338 4.21386 4.22405 4.23489 4.24544 4.25604 4.26667 4.27705 4.28803 4.29876 4.30953 4.32038 4.33128 4.34221 4.35318 4.36417 4.37519 4.38624 4.39732 4.40844 4.41957 4.4307 4.44186 4.45304 4.46422 4.47544 4.48668 4.49793 4.50915 4.52048 4.53174 4.54299 4.55441 4.56569 4.57685 4.58843 4.59964 4.611 4.62138 
1.5 1.5 1.5 1.5 1.5 1.5 1.5 1.5 1.5 1.5 0.868189 1.31811 1.36436 1.41054 1.45676 1.50293 1.5491 1.5953 1.64145 1.68752 1.73361 1.77971 1.82573 1.87175 1.9178 1.96375 2.00964 2.05546 2.10152 4.06441 4.07482 4.08523 4.09549 4.10578 4.11593 4.12635 4.13667 4.14699 4.15733 4.16793 4.1782 4.18868 4.19915 4.20965 4.21984 4.23075 4.24139 4.25208 4.26285 4.27344 4.28458 4.29561 4.30671 4.31786 4.32904 4.34022 4.35144 4.36269 4.37396 4.38528 4.39663 4.40803 4.41944 4.43088 4.44233 4.45379 4.46523 4.47668 4.48813 4.49958 4.511 4.52248 4.53386 4.54532 4.55678 4.56827 4.57951 4.59115 4.6025 4.61396 4.62484 
1.5 1.5 1.5 1.5 1.5 1.5 1.5 1.5 1.5 1.5 0.868163 1.31792 1.36415 1.41024 1.45646 1.50259 1.54871 1.59494 1.641 1.68712 1.73321 1.77921 1.82517 1.87116 1.91713 1.96307 2.00886 2.05467 2.10056 2.14635 4.06025 4.07062 4.08088 4.09116 4.10175 4.11168 4.12196 4.13223 4.14253 4.15303 4.16313 4.17349 4.18395 4.19449 4.20481 4.21582 4.22661 4.23745 4.24836 4.25915 4.27044 4.28158 4.2928 4.3041 4.31547 4.32688 4.33835 4.34986 4.36141 4.37299 4.38461 4.39628 4.40793 4.4196 4.43125 4.44294 4.4546 4.46626 4.47793 4.48959 4.50124 4.5129 4.52443 4.53612 4.5476 4.55932 4.57069 4.58235 4.59393 4.60551 4.6171 
1.5 1.5 1.5 1.5 1.5 1.5 1.5 1.5 1.5 1.5 0.868115 1.31755 1.36388 1.4099 1.45615 1.50222 1.54833 1.59449 1.64053 1.6866 1.73261 1.77858 1.82455 1.8705 1.91634 1.96214 2.00801 2.05375 2.09957 2.14518 2.19071 4.05684 4.06702 4.07726 4.08782 4.09771 4.10793 4.11816 4.12842 4.1389 4.14906 4.15949 4.16997 4.18055 4.19092 4.20196 4.21278 4.22372 4.23473 4.24563 4.25704 4.26834 4.27971 4.29114 4.30263 4.31419 4.3258 4.33747 4.34922 4.36101 4.37286 4.38469 4.39649 4.40837 4.42022 4.43212 4.44399 4.45586 4.46772 4.47959 4.49146 4.50321 4.51486 4.52689 4.53834 4.55026 4.56188 4.57348 4.58533 4.59714 4.6094 
1.5 1.5 1.5 1.5 1.5 1.5 1.5 1.5 1.5 1.5 0.868081 1.3175 1.36371 1.40973 1.45598 1.502 1.54813 1.59422 1.64026 1.6863 1.73228 1.77828 1.82409 1.86999 1.91574 1.96162 2.00729 2.05301 2.09875 2.14431 2.18978 2.23542 4.05038 4.06041 4.0702 4.08049 4.0906 4.10075 4.11099 4.12144 4.13174 4.14225 4.15288 4.16363 4.17418 4.18543 4.19653 4.20777 4.21913 4.23046 4.24217 4.25385 4.26561 4.27744 4.28935 4.30139 4.31344 4.32554 4.33768 4.34985 4.36202 4.37414 4.3863 4.39845 4.41058 4.42268 4.43478 4.4468 4.45879 4.47076 4.48271 4.49449 4.50644 4.51819 4.52986 4.54163 4.55363 4.5647 4.57672 4.58853 4.60063 
