    72.860    -1.000     0.000         0
     3.233    14.193     0.060         5
     4.057    14.091     0.060         5
     4.880    13.978     0.060         5
     5.707    13.886     0.060         5
     6.506    13.785     0.060         5
     7.309    13.651     0.060         5
     8.116    13.528     0.060         5
     8.940    13.407     0.060         5
     9.752    13.263     0.060         5
    10.549    13.151     0.060         5
    11.381    13.026     0.060         5
    12.207    12.916     0.060         5
    13.028    12.801     0.060         5
    13.818    12.649     0.060         5
    14.620    12.538     0.060         5
    15.436    12.410     0.060         5
    16.249    12.309     0.060         5
    17.075    12.174     0.060         5
    17.871    12.062     0.060         5
    18.657    11.926     0.060         5
    19.442    11.827     0.060         5
    20.217    11.709     0.060         5
    21.008    11.571     0.060         5
    21.786    11.461     0.060         5
    22.567    11.344     0.060         5
    23.344    11.208     0.060         5
    24.130    11.080     0.060         5
    24.923    10.940     0.060         5
    25.705    10.816     0.060         5
    26.480    10.713     0.060         5
    27.268    10.605     0.060         5
    28.068    10.465     0.060         5
    28.859    10.345     0.060         5
    29.661    10.216     0.060         5
    30.446    10.098     0.060         5
    31.238     9.980     0.060         5
    32.032     9.848     0.060         5
    32.845     9.706     0.060         5
    33.644     9.588     0.060         5
    34.457     9.457     0.060         5
    35.280     9.327     0.060         5
    36.093     9.187     0.060         5
    36.907     9.051     0.060         5
    37.706     8.918     0.060         5
    38.519     8.786     0.060         5
    39.332     8.643     0.060         5
    40.144     8.507     0.060         5
    40.968     8.376     0.060         5
    41.761     8.249     0.060         5
    42.570     8.122     0.060         5
    43.339     7.979     0.060         5
    44.127     7.842     0.060         5
    44.913     7.746     0.060         5
    45.707     7.612     0.060         5
    46.485     7.486     0.060         5
    47.279     7.358     0.060         5
    48.848     7.128     0.060         5
    50.260     7.018     0.060         5
    51.358     6.944     0.060         5
    52.756     6.797     0.060         5
    53.822     6.652     0.060         5
    55.957     6.389     0.060         5
    57.657     6.106     0.060         5
    59.483     5.817     0.060         5
    61.315     5.514     0.060         5
    64.041     4.828     0.060        10
    65.547     4.441     0.060        10
    72.860     1.000     0.000         0
    86.341     6.080     0.060         5
    87.444     6.290     0.060         5
    88.698     6.512     0.060         5
    90.259     6.799     0.060         5
    91.508     6.980     0.060         5
    93.077     7.147     0.060         5
    94.188     7.275     0.060         5
    95.616     7.479     0.060         5
    96.566     7.625     0.060         5
    97.827     7.710     0.060         5
    99.069     7.792     0.060         5
   100.314     7.886     0.060         5
   101.536     7.980     0.060         5
   102.462     8.099     0.060         5
   103.218     8.199     0.060         5
   103.988     8.301     0.060         5
   104.793     8.406     0.060         5
   105.574     8.524     0.060         5
   106.368     8.644     0.060         5
   107.145     8.772     0.060         5
   107.923     8.904     0.060         5
   108.694     9.028     0.060         5
   109.479     9.160     0.060         5
   110.265     9.270     0.060         5
   111.042     9.397     0.060         5
   111.816     9.505     0.060         5
   112.588     9.601     0.060         5
   113.352     9.729     0.060         5
   114.148     9.882     0.060         5
   114.957    10.036     0.060         5
   115.764    10.168     0.060         5
   116.556    10.276     0.060         5
   117.346    10.395     0.060         5
   118.131    10.539     0.060         5
   118.930    10.668     0.060         5
   119.729    10.791     0.060         5
   120.535    10.915     0.060         5
   121.345    11.048     0.060         5
   122.147    11.191     0.060         5
   122.959    11.354     0.060         5
   123.734    11.488     0.060         5
   124.522    11.632     0.060         5
   125.313    11.748     0.060         5
   126.098    11.839     0.060         5
   126.872    11.951     0.060         5
   127.654    12.049     0.060         5
   128.446    12.162     0.060         5
   129.250    12.284     0.060         5
   130.052    12.404     0.060         5
   130.854    12.519     0.060         5
   131.655    12.655     0.060         5
   132.457    12.764     0.060         5
   133.262    12.889     0.060         5
   134.077    12.992     0.060         5
   134.890    13.153     0.060         5
   135.681    13.287     0.060         5
   136.472    13.426     0.060         5
   137.263    13.548     0.060         5
   138.051    13.708     0.060         5
   138.853    13.866     0.060         5
   139.654    13.970     0.060         5
   140.453    14.096     0.060         5
   141.252    14.221     0.060         5
   142.064    14.330     0.060         5
   142.866    14.446     0.060         5
   143.665    14.546     0.060         5
   144.474    14.676     0.060         5
   145.273    14.780     0.060         5
   146.082    14.856     0.060         5
   222.068    26.365     0.060         5
   226.124    27.495     0.060         5
   229.883    28.236     0.060         5
   234.949    29.023     0.060         5
   238.886    29.532     0.060         5
   241.970    29.819     0.060         5
   245.976    30.290     0.060         5
   252.681    31.136     0.060         5
   257.681    31.489     0.060         5
   264.081    32.032     0.060         5
   270.559    32.666     0.060         5
   124.522    13.246     0.060         8
   126.722    13.544     0.060         8
   128.281    13.722     0.060         8
   130.213    13.934     0.060         8
   131.806    14.128     0.060         8
   134.725    14.531     0.060         8
   137.739    15.011     0.060         8
   140.776    15.453     0.060         8
   144.148    15.824     0.060         8
   147.042    16.157     0.060         8
   228.318    28.409     0.060         8
   232.846    29.189     0.060         8
   237.832    29.795     0.060         8
   254.878    31.652     0.060         8
   260.702    31.990     0.060         8
   267.347    32.738     0.060         8
   273.939    33.358     0.060         8
    79.770     4.427     0.060        10
    81.478     4.894     0.060        10
    83.045     5.329     0.060        10
    84.450     5.684     0.060        10
     0.000     0.000     0.000        -1
