    90.860    -1.000     0.000         0
     5.041    16.502     0.060         5
     9.103    15.905     0.060         5
    13.347    15.312     0.060         5
    17.236    14.755     0.060         5
    21.158    14.169     0.060         5
    23.981    13.763     0.060         5
    26.956    13.317     0.060         5
    30.131    12.855     0.060         5
    33.005    12.416     0.060         5
    36.584    11.836     0.060         5
    39.331    11.281     0.060         5
    43.029    10.649     0.060         5
    46.018    10.207     0.060         5
    48.998     9.884     0.060         5
    52.145     9.557     0.060         5
    52.906     9.447     0.060         5
    53.670     9.387     0.060         5
    54.430     9.289     0.060         5
    55.340     9.187     0.060         5
    56.107     9.072     0.060         5
    56.881     8.982     0.060         5
    57.656     8.867     0.060         5
    58.409     8.783     0.060         5
    59.178     8.681     0.060         5
    59.945     8.577     0.060         5
    60.716     8.464     0.060         5
    61.468     8.386     0.060         5
    62.227     8.284     0.060         5
    62.990     8.157     0.060         5
    63.733     8.045     0.060         5
    64.485     7.947     0.060         5
    65.251     7.844     0.060         5
    66.009     7.741     0.060         5
    66.782     7.649     0.060         5
    67.532     7.541     0.060         5
    68.310     7.438     0.060         5
    69.082     7.331     0.060         5
    69.859     7.216     0.060         5
    70.637     7.090     0.060         5
    71.422     6.977     0.060         5
    72.207     6.861     0.060         5
    72.988     6.745     0.060         5
    73.768     6.613     0.060         5
    74.694     6.478     0.060         5
    75.441     6.341     0.060         5
    76.222     6.210     0.060         5
    76.992     6.066     0.060         5
    77.761     5.923     0.060         5
    80.542     5.157     0.060        10
    82.102     4.794     0.060        10
    83.819     4.398     0.060        10
    90.860     1.000     0.000         0
    98.606     4.767     0.060         5
    99.377     4.801     0.060         5
   100.152     4.861     0.060         5
   100.926     4.964     0.060         5
   101.689     5.034     0.060         5
   102.461     5.110     0.060         5
   103.218     5.206     0.060         5
   103.987     5.323     0.060         5
   104.792     5.454     0.060         5
   105.573     5.561     0.060         5
   106.367     5.664     0.060         5
   107.145     5.783     0.060         5
   107.922     5.923     0.060         5
   108.694     6.044     0.060         5
   109.479     6.179     0.060         5
   110.264     6.331     0.060         5
   111.041     6.430     0.060         5
   111.977     6.588     0.060         5
   112.748     6.682     0.060         5
   113.509     6.837     0.060         5
   114.308     6.984     0.060         5
   115.118     7.119     0.060         5
   115.924     7.270     0.060         5
   116.714     7.406     0.060         5
   117.496     7.548     0.060         5
   118.292     7.680     0.060         5
   119.080     7.809     0.060         5
   119.889     7.940     0.060         5
   120.696     8.053     0.060         5
   121.508     8.211     0.060         5
   122.310     8.339     0.060         5
   123.109     8.478     0.060         5
   123.894     8.623     0.060         5
   124.685     8.751     0.060         5
   125.473     8.881     0.060         5
   126.248     8.988     0.060         5
   127.030     9.123     0.060         5
   127.969     9.255     0.060         5
   128.770     9.374     0.060         5
   129.575     9.499     0.060         5
    97.041     4.308     0.060        10
    98.146     4.599     0.060        10
     0.000     0.000     0.000        -1
