   126.796    -1.000     0.000         0
     7.790    21.149     0.060         5
    11.881    20.604     0.060         5
    25.543    18.576     0.060         5
    28.544    18.118     0.060         5
    31.388    17.687     0.060         5
    33.808    17.311     0.060         5
    36.584    16.901     0.060         5
    61.021    13.595     0.060         5
    62.990    13.333     0.060         5
    65.708    12.926     0.060         5
    68.149    12.617     0.060         5
    70.799    12.286     0.060         5
    72.827    11.986     0.060         5
    76.058    11.502     0.060         5
    79.158    11.068     0.060         5
    80.233    10.908     0.060         5
    82.261    10.599     0.060         5
    84.762    10.192     0.060         5
    87.284     9.792     0.060         5
    89.945     9.409     0.060         5
    93.239     8.939     0.060         5
    96.252     8.409     0.060         5
    99.070     7.768     0.060         5
   102.918     7.085     0.060         5
   106.043     6.602     0.060         5
   110.104     5.946     0.060         5
   112.750     5.568     0.060         5
   114.310     5.400     0.060         5
   115.603     5.168     0.060         5
   116.877     4.933     0.060         5
   118.132     4.636     0.060         5
   120.052     4.283     0.060         5
    12.379    20.675     0.060         8
    15.271    20.311     0.060         8
    18.656    19.863     0.060         8
    21.635    19.474     0.060         8
    26.017    18.860     0.060         8
    29.184    18.423     0.060         8
    32.358    17.961     0.060         8
    35.606    17.524     0.060         8
    38.357    17.161     0.060         8
    40.792    16.819     0.060         8
    44.127    16.395     0.060         8
    46.173    16.128     0.060         8
    48.372    15.908     0.060         8
    50.414    15.750     0.060         8
    52.294    15.603     0.060         8
    53.068    15.537     0.060         8
    53.822    15.418     0.060         8
    54.581    15.344     0.060         8
    55.340    15.278     0.060         8
    56.107    15.191     0.060         8
    56.882    15.101     0.060         8
    57.958    15.007     0.060         8
    58.719    14.895     0.060         8
    59.483    14.822     0.060         8
    60.257    14.751     0.060         8
    61.021    14.705     0.060         8
    61.773    14.636     0.060         8
    62.532    14.544     0.060         8
    63.287    14.497     0.060         8
    64.041    14.430     0.060         8
    64.795    14.385     0.060         8
    65.547    14.320     0.060         8
    66.315    14.254     0.060         8
    67.078    14.187     0.060         8
    67.845    14.099     0.060         8
    68.620    14.067     0.060         8
    69.394    14.026     0.060         8
    70.172    13.957     0.060         8
    70.949    13.930     0.060         8
    71.732    13.809     0.060         8
    72.512    13.772     0.060         8
   126.796     1.000     0.000         0
   133.262     4.274     0.060         5
   134.077     4.481     0.060         5
   134.890     4.703     0.060         5
   135.681     4.912     0.060         5
   136.472     5.108     0.060         5
   137.263     5.287     0.060         5
   138.051     5.456     0.060         5
   138.853     5.634     0.060         5
   139.654     5.783     0.060         5
   140.453     5.912     0.060         5
   141.252     6.040     0.060         5
   142.064     6.180     0.060         5
   142.866     6.315     0.060         5
   143.664     6.437     0.060         5
   144.474     6.564     0.060         5
   145.273     6.691     0.060         5
   146.082     6.815     0.060         5
   146.881     6.945     0.060         5
   147.679     7.072     0.060         5
   148.478     7.200     0.060         5
   149.266     7.322     0.060         5
   150.060     7.453     0.060         5
   150.851     7.549     0.060         5
   151.624     7.664     0.060         5
   152.399     7.751     0.060         5
   153.175     7.814     0.060         5
   153.937     7.908     0.060         5
   154.695     7.897     0.060         5
   155.463     7.948     0.060         5
   156.233     7.988     0.060         5
   157.000     8.090     0.060         5
   157.744     8.158     0.060         5
   158.467     8.195     0.060         5
   159.159     8.306     0.060         5
   159.785     8.368     0.060         5
   270.238    25.285     0.060         5
   272.971    25.492     0.060         5
   250.470    24.404     0.060         8
   253.327    24.536     0.060         8
   257.842    24.830     0.060         8
   263.111    25.175     0.060         8
   268.473    25.732     0.060         8
   271.519    25.950     0.060         8
   274.422    26.079     0.060         8
   278.488    26.263     0.060         8
     0.000     0.000     0.000        -1
