    78.859    -1.000     0.000         0
     4.217    14.862     0.060         5
     5.041    14.750     0.060         5
     5.867    14.656     0.060         5
     6.663    14.529     0.060         5
     7.467    14.420     0.060         5
     8.277    14.299     0.060         5
     9.103    14.171     0.060         5
     9.913    14.059     0.060         5
    10.715    13.936     0.060         5
    11.545    13.830     0.060         5
    12.704    13.625     0.060         5
    13.817    13.440     0.060         5
    15.750    13.121     0.060         5
    16.910    12.961     0.060         5
    17.870    12.844     0.060         5
    18.656    12.712     0.060         5
    19.603    12.562     0.060         5
    20.377    12.460     0.060         5
    21.473    12.272     0.060         5
    22.251    12.182     0.060         5
    23.344    12.018     0.060         5
    24.129    11.886     0.060         5
    24.922    11.773     0.060         5
    25.705    11.651     0.060         5
    26.479    11.526     0.060         5
    27.432    11.382     0.060         5
    28.217    11.273     0.060         5
    29.020    11.117     0.060         5
    29.822    10.976     0.060         5
    30.761    10.826     0.060         5
    31.552    10.709     0.060         5
    33.005    10.480     0.060         5
    34.130    10.299     0.060         5
    35.279    10.096     0.060         5
    36.092     9.988     0.060         5
    36.906     9.861     0.060         5
    38.031     9.703     0.060         5
    38.844     9.565     0.060         5
    39.982     9.333     0.060         5
    40.792     9.195     0.060         5
    41.760     9.050     0.060         5
    42.570     8.916     0.060         5
    43.338     8.788     0.060         5
    44.127     8.664     0.060         5
    44.912     8.554     0.060         5
    45.706     8.421     0.060         5
    46.484     8.317     0.060         5
    47.590     8.160     0.060         5
    48.371     8.062     0.060         5
    49.471     7.952     0.060         5
    50.260     7.910     0.060         5
    51.048     7.863     0.060         5
    51.833     7.806     0.060         5
    52.605     7.705     0.060         5
    53.369     7.610     0.060         5
    54.125     7.506     0.060         5
    54.885     7.385     0.060         5
    55.652     7.302     0.060         5
    56.422     7.205     0.060         5
    57.183     7.105     0.060         5
    57.957     6.993     0.060         5
    58.718     6.885     0.060         5
    59.482     6.772     0.060         5
    60.257     6.668     0.060         5
    61.021     6.551     0.060         5
    61.772     6.459     0.060         5
    62.532     6.339     0.060         5
    63.286     6.226     0.060         5
    64.040     6.112     0.060         5
    64.794     6.003     0.060         5
    65.546     5.886     0.060         5
    66.315     5.752     0.060         5
    67.077     5.600     0.060         5
    69.394     4.968     0.060        10
    71.261     4.491     0.060        10
    72.827     4.087     0.060        10
    78.859     1.000     0.000         0
    92.288     6.078     0.060         5
    93.076     6.173     0.060         5
    93.875     6.260     0.060         5
    94.663     6.353     0.060         5
    95.451     6.457     0.060         5
    96.250     6.557     0.060         5
    97.041     6.627     0.060         5
    97.827     6.731     0.060         5
    98.606     6.773     0.060         5
    99.377     6.822     0.060         5
   100.152     6.894     0.060         5
   100.926     6.966     0.060         5
   101.689     7.038     0.060         5
   102.461     7.107     0.060         5
   103.218     7.197     0.060         5
   103.987     7.316     0.060         5
   104.792     7.451     0.060         5
   105.573     7.559     0.060         5
   106.367     7.666     0.060         5
   107.145     7.779     0.060         5
   107.922     7.921     0.060         5
   108.694     8.057     0.060         5
   109.479     8.198     0.060         5
   110.264     8.312     0.060         5
   111.041     8.411     0.060         5
   111.816     8.512     0.060         5
   112.587     8.618     0.060         5
   113.351     8.747     0.060         5
   114.147     8.910     0.060         5
   114.956     9.063     0.060         5
   115.763     9.199     0.060         5
   116.556     9.347     0.060         5
   117.345     9.478     0.060         5
   118.131     9.609     0.060         5
   118.929     9.718     0.060         5
   119.728     9.850     0.060         5
   120.535     9.986     0.060         5
   121.344    10.094     0.060         5
   122.146    10.206     0.060         5
   122.958    10.372     0.060         5
   123.733    10.546     0.060         5
   124.521    10.658     0.060         5
   125.312    10.764     0.060         5
   126.097    10.878     0.060         5
   126.872    10.982     0.060         5
   127.654    11.110     0.060         5
   128.445    11.245     0.060         5
   129.250    11.361     0.060         5
   130.051    11.452     0.060         5
   130.853    11.572     0.060         5
   131.655    11.699     0.060         5
   132.456    11.811     0.060         5
   133.587    11.987     0.060         5
   135.043    12.243     0.060         5
   136.947    12.534     0.060         5
   138.852    12.894     0.060         5
   140.775    13.244     0.060         5
   217.843    24.196     0.060         5
   219.731    24.747     0.060         5
   221.787    25.274     0.060         5
   226.715    26.655     0.060         5
   228.317    27.030     0.060         5
   230.716    27.489     0.060         5
   233.832    28.068     0.060         5
   236.812    28.507     0.060         5
   239.969    28.809     0.060         5
   261.013    31.302     0.060         8
   264.242    31.630     0.060         8
   267.510    32.038     0.060         8
   271.836    32.496     0.060         8
   275.072    32.681     0.060         8
   278.810    32.954     0.060         8
   282.497    33.254     0.060         8
   285.530    33.481     0.060         8
    85.549     4.414     0.060        10
    87.282     4.879     0.060        10
    89.012     5.287     0.060        10
    91.192     5.766     0.060        10
     0.000     0.000     0.000        -1
