    30.818    -1.000     0.000         0
     3.881     7.511     0.060         5
     4.704     7.401     0.060         5
     5.541     7.267     0.060         5
     6.340     7.170     0.060         5
     7.147     7.064     0.060         5
     7.951     6.957     0.060         5
     8.778     6.828     0.060         5
     9.590     6.703     0.060         5
    10.387     6.585     0.060         5
    11.208     6.452     0.060         5
    12.042     6.319     0.060         5
    12.866     6.209     0.060         5
    13.656     6.069     0.060         5
    14.458     5.930     0.060         5
    15.271     5.794     0.060         5
    16.086     5.671     0.060         5
    16.910     5.537     0.060         5
    17.709     5.397     0.060         5
    18.502     5.252     0.060         5
    19.290     5.108     0.060         5
    20.065     4.953     0.060         5
    20.843     4.795     0.060         5
    21.634     4.636     0.060         5
    22.401     4.468     0.060         5
    23.192     4.293     0.060         5
    23.981     4.103     0.060         5
    24.760     3.893     0.060         5
    25.543     3.697     0.060         5
    30.818     1.000     0.000         0
    35.606     3.584     0.060         5
    36.415     3.847     0.060         5
    37.221     4.049     0.060         5
    38.031     4.183     0.060         5
    38.844     4.356     0.060         5
    39.656     4.499     0.060         5
    40.469     4.629     0.060         5
    41.286     4.752     0.060         5
    42.082     4.867     0.060         5
    42.881     4.972     0.060         5
    43.650     5.086     0.060         5
    44.449     5.207     0.060         5
    45.226     5.332     0.060         5
    46.018     5.454     0.060         5
    46.798     5.587     0.060         5
    47.590     5.694     0.060         5
    48.371     5.792     0.060         5
    49.320     5.931     0.060         5
    50.098     6.081     0.060         5
    50.886     6.260     0.060         5
    51.833     6.466     0.060         5
    52.604     6.669     0.060         5
    53.368     6.819     0.060         5
    54.125     6.975     0.060         5
    54.884     7.110     0.060         5
    55.651     7.254     0.060         5
    56.421     7.392     0.060         5
    57.343     7.546     0.060         5
    58.107     7.674     0.060         5
    58.868     7.820     0.060         5
    59.643     7.951     0.060         5
    60.407     8.054     0.060         5
    61.171     8.183     0.060         5
    61.922     8.334     0.060         5
    62.685     8.456     0.060         5
    63.440     8.588     0.060         5
    64.181     8.707     0.060         5
    64.942     8.817     0.060         5
    65.858     8.981     0.060         5
    66.620     9.092     0.060         5
    67.381     9.235     0.060         5
    68.148     9.354     0.060         5
    68.920     9.453     0.060         5
    69.697     9.601     0.060         5
    70.483     9.744     0.060         5
    71.260     9.862     0.060         5
    72.672    10.074     0.060         5
    74.844    10.401     0.060         5
    77.457    10.818     0.060         5
    80.082    11.229     0.060         5
    83.353    11.733     0.060         5
    85.549    12.081     0.060         5
    87.594    12.393     0.060         5
    89.478    12.664     0.060         5
    90.878    12.862     0.060         5
    94.664    13.342     0.060         5
    97.515    13.529     0.060         5
   100.615    13.806     0.060         5
   104.313    14.298     0.060         5
   108.234    14.826     0.060         5
   110.579    15.160     0.060         5
   114.308    15.706     0.060         5
   117.969    16.302     0.060         5
   121.670    16.942     0.060         5
   124.997    17.531     0.060         5
   113.510    16.379     0.060         8
   114.634    16.548     0.060         8
   115.602    16.687     0.060         8
   116.714    16.834     0.060         8
   117.657    16.961     0.060         8
   118.604    17.105     0.060         8
   119.567    17.235     0.060         8
   120.535    17.363     0.060         8
   122.146    17.604     0.060         8
   124.367    18.008     0.060         8
     0.000     0.000     0.000        -1
