   108.860    -1.000     0.000         0
    11.706    18.023     0.060         5
    12.544    17.875     0.060         5
    13.347    17.758     0.060         5
    14.143    17.645     0.060         5
    14.946    17.546     0.060         5
    15.751    17.393     0.060         5
    16.738    17.255     0.060         5
    17.559    17.132     0.060         5
    18.656    16.979     0.060         5
    19.442    16.868     0.060         5
    20.532    16.697     0.060         5
    21.320    16.583     0.060         5
    22.101    16.451     0.060         5
    22.878    16.338     0.060         5
    23.656    16.216     0.060         5
    24.600    16.070     0.060         5
    25.705    15.907     0.060         5
    26.480    15.777     0.060         5
    27.268    15.681     0.060         5
    28.379    15.497     0.060         5
    29.184    15.359     0.060         5
    29.973    15.270     0.060         5
    30.922    15.121     0.060         5
    31.714    15.032     0.060         5
    32.522    14.909     0.060         5
    33.318    14.800     0.060         5
    34.131    14.662     0.060         5
    34.943    14.561     0.060         5
    35.767    14.411     0.060         5
    37.545    14.114     0.060         5
    39.983    13.682     0.060         5
    42.419    13.316     0.060         5
    44.288    12.985     0.060         5
    47.591    12.503     0.060         5
    51.048    12.063     0.060         5
    53.068    11.841     0.060         5
    54.126    11.731     0.060         5
    56.107    11.473     0.060         5
    56.882    11.363     0.060         5
    57.656    11.267     0.060         5
    58.410    11.186     0.060         5
    59.178    11.095     0.060         5
    59.945    10.994     0.060         5
    60.717    10.880     0.060         5
    61.469    10.782     0.060         5
    62.228    10.674     0.060         5
    62.990    10.575     0.060         5
    63.734    10.471     0.060         5
    64.485    10.373     0.060         5
    65.251    10.278     0.060         5
    66.009    10.168     0.060         5
    66.783    10.080     0.060         5
    67.694     9.947     0.060         5
    68.461     9.854     0.060         5
    69.233     9.760     0.060         5
    70.007     9.658     0.060         5
    70.799     9.529     0.060         5
    71.573     9.421     0.060         5
    72.358     9.302     0.060         5
    73.139     9.196     0.060         5
    73.930     9.070     0.060         5
    74.694     8.952     0.060         5
    75.442     8.848     0.060         5
    76.222     8.729     0.060         5
    76.992     8.622     0.060         5
    77.762     8.494     0.060         5
    78.536     8.395     0.060         5
    79.319     8.280     0.060         5
    80.083     8.161     0.060         5
    80.854     8.052     0.060         5
    81.629     7.918     0.060         5
    82.723     7.740     0.060         5
    83.508     7.601     0.060         5
    84.286     7.465     0.060         5
    85.074     7.337     0.060         5
    85.865     7.205     0.060         5
    86.656     7.074     0.060         5
    87.445     6.946     0.060         5
    88.233     6.818     0.060         5
    89.013     6.706     0.060         5
    89.794     6.597     0.060         5
    90.564     6.490     0.060         5
    91.355     6.369     0.060         5
    92.136     6.226     0.060         5
    93.077     6.059     0.060         5
     4.704    19.045     0.060         8
     5.867    18.919     0.060         8
     6.825    18.824     0.060         8
     7.628    18.758     0.060         8
     8.441    18.639     0.060         8
     9.268    18.554     0.060         8
    10.075    18.477     0.060         8
    10.880    18.386     0.060         8
    11.706    18.300     0.060         8
    12.544    18.178     0.060         8
    13.347    18.075     0.060         8
    14.143    17.988     0.060         8
    14.946    17.885     0.060         8
    15.751    17.798     0.060         8
    16.574    17.679     0.060         8
    17.398    17.585     0.060         8
    18.341    17.474     0.060         8
    19.130    17.387     0.060         8
    19.915    17.280     0.060         8
    20.693    17.193     0.060         8
    21.474    17.099     0.060         8
    22.566    16.960     0.060         8
    23.821    16.789     0.060         8
    25.393    16.566     0.060         8
    26.641    16.387     0.060         8
    28.544    16.137     0.060         8
    29.973    15.951     0.060         8
    31.714    15.729     0.060         8
    34.131    15.345     0.060         8
    35.931    15.115     0.060         8
    38.357    14.749     0.060         8
    40.631    14.439     0.060         8
    42.570    14.172     0.060         8
    94.979     5.705     0.060        10
    95.778     5.502     0.060        10
    96.567     5.281     0.060        10
    97.355     5.077     0.060        10
    98.148     4.831     0.060        10
    98.919     4.643     0.060        10
    99.691     4.461     0.060        10
   100.465     4.242     0.060        10
   101.232     4.060     0.060        10
   101.994     3.885     0.060        10
   102.764     3.702     0.060        10
   103.523     3.540     0.060        10
   108.860     1.000     0.000         0
   118.604     4.783     0.060         5
   119.729     4.996     0.060         5
   120.535     5.149     0.060         5
   121.345     5.298     0.060         5
   122.147     5.467     0.060         5
   122.959     5.630     0.060         5
   123.733     5.779     0.060         5
   124.522     5.940     0.060         5
   125.313     6.083     0.060         5
   126.098     6.212     0.060         5
   126.872     6.327     0.060         5
   130.052     6.851     0.060         5
   132.621     7.268     0.060         5
   136.157     7.892     0.060         5
   138.215     8.298     0.060         5
   139.490     8.514     0.060         5
   141.416     8.813     0.060         5
   143.339     9.100     0.060         5
   145.434     9.370     0.060         5
   148.478     9.787     0.060         5
   151.470    10.197     0.060         5
   221.097    20.790     0.060         5
   223.205    21.307     0.060         5
   224.657    21.675     0.060         5
   226.123    22.059     0.060         5
   227.877    22.409     0.060         5
   229.595    22.726     0.060         5
   231.283    23.043     0.060         5
   233.125    23.421     0.060         5
   235.379    23.766     0.060         5
   237.832    24.113     0.060         5
   239.658    24.341     0.060         5
   242.274    24.661     0.060         5
   244.769    24.973     0.060         5
   247.520    25.332     0.060         5
   250.939    25.775     0.060         5
   253.634    26.104     0.060         5
   258.167    26.535     0.060         5
   261.339    26.692     0.060         5
   264.562    27.047     0.060         5
   266.863    27.376     0.060         5
   270.558    27.829     0.060         5
   274.422    28.237     0.060         5
   278.163    28.599     0.060         5
   284.890    29.060     0.060         5
   291.830    29.708     0.060         5
   300.332    31.014     0.060         5
   249.859    26.679     0.060         8
   254.096    27.034     0.060         8
   257.842    27.243     0.060         8
   261.178    27.387     0.060         8
   265.552    27.816     0.060         8
   268.801    28.106     0.060         8
   273.616    28.392     0.060         8
   113.832     3.552     0.060        10
   114.634     3.785     0.060        10
   115.441     4.005     0.060        10
   116.244     4.229     0.060        10
   117.026     4.434     0.060        10
     0.000     0.000     0.000        -1
