    96.859    -1.000     0.000         0
     8.603    16.673     0.060         5
     9.429    16.554     0.060         5
    10.236    16.429     0.060         5
    11.044    16.302     0.060         5
    11.881    16.191     0.060         5
    12.866    16.035     0.060         5
    13.656    15.928     0.060         5
    14.458    15.804     0.060         5
    15.271    15.681     0.060         5
    16.087    15.579     0.060         5
    16.910    15.462     0.060         5
    17.871    15.310     0.060         5
    18.656    15.195     0.060         5
    19.441    15.079     0.060         5
    20.216    14.976     0.060         5
    21.008    14.870     0.060         5
    21.785    14.733     0.060         5
    22.566    14.604     0.060         5
    23.820    14.417     0.060         5
    24.761    14.282     0.060         5
    25.705    14.143     0.060         5
    26.479    14.015     0.060         5
    27.268    13.895     0.060         5
    28.067    13.784     0.060         5
    28.858    13.681     0.060         5
    29.660    13.540     0.060         5
    30.446    13.445     0.060         5
    31.237    13.338     0.060         5
    32.032    13.231     0.060         5
    33.006    13.082     0.060         5
    33.808    12.959     0.060         5
    35.279    12.757     0.060         5
    37.705    12.395     0.060         5
    40.792    11.912     0.060         5
    43.650    11.462     0.060         5
    46.333    11.047     0.060         5
    49.159    10.617     0.060         5
    51.833    10.293     0.060         5
    54.734     9.924     0.060         5
    55.805     9.782     0.060         5
    56.572     9.675     0.060         5
    57.344     9.599     0.060         5
    58.409     9.449     0.060         5
    59.178     9.346     0.060         5
    59.945     9.249     0.060         5
    60.717     9.158     0.060         5
    61.468     9.046     0.060         5
    62.381     8.910     0.060         5
    63.143     8.819     0.060         5
    63.887     8.700     0.060         5
    64.636     8.611     0.060         5
    65.398     8.506     0.060         5
    66.167     8.402     0.060         5
    66.930     8.312     0.060         5
    67.694     8.204     0.060         5
    68.461     8.093     0.060         5
    69.232     8.002     0.060         5
    70.322     7.831     0.060         5
    71.110     7.721     0.060         5
    71.892     7.638     0.060         5
    72.673     7.511     0.060         5
    73.451     7.401     0.060         5
    74.242     7.270     0.060         5
    74.992     7.167     0.060         5
    75.753     7.074     0.060         5
    76.526     6.935     0.060         5
    77.296     6.808     0.060         5
    78.074     6.695     0.060         5
    78.848     6.595     0.060         5
    79.620     6.466     0.060         5
    80.394     6.365     0.060         5
    81.166     6.232     0.060         5
    81.940     6.097     0.060         5
    82.723     5.945     0.060         5
    83.508     5.793     0.060         5
    84.285     5.648     0.060         5
    85.074     5.502     0.060         5
    85.865     5.366     0.060         5
    86.656     5.225     0.060         5
    87.444     5.086     0.060         5
    96.859     1.000     0.000         0
   102.916     3.855     0.060         5
   103.683     3.993     0.060         5
   104.467     4.169     0.060         5
   105.258     4.321     0.060         5
   106.042     4.465     0.060         5
   106.830     4.630     0.060         5
   107.608     4.800     0.060         5
   108.396     4.965     0.060         5
   109.167     5.128     0.060         5
   109.952     5.290     0.060         5
   110.730     5.433     0.060         5
   111.504     5.565     0.060         5
   112.289     5.696     0.060         5
   113.050     5.817     0.060         5
   114.147     6.017     0.060         5
   115.118     6.203     0.060         5
   115.924     6.367     0.060         5
   116.714     6.537     0.060         5
   117.496     6.666     0.060         5
   118.292     6.826     0.060         5
   119.080     6.965     0.060         5
   119.890     7.105     0.060         5
   120.857     7.283     0.060         5
   121.670     7.432     0.060         5
   122.472     7.563     0.060         5
   123.270     7.694     0.060         5
   124.045     7.837     0.060         5
   124.836     7.948     0.060         5
   125.635     8.061     0.060         5
   126.409     8.185     0.060         5
   127.181     8.352     0.060         5
   127.969     8.479     0.060         5
   128.771     8.608     0.060         5
   129.575     8.728     0.060         5
   130.377     8.812     0.060         5
   131.168     8.948     0.060         5
   131.970     9.074     0.060         5
   132.782     9.214     0.060         5
   133.587     9.353     0.060         5
   134.399     9.476     0.060         5
   135.204     9.609     0.060         5
   135.995     9.753     0.060         5
   136.786     9.884     0.060         5
   137.574    10.023     0.060         5
   138.365    10.176     0.060         5
   139.167    10.295     0.060         5
   139.966    10.444     0.060         5
   140.929    10.581     0.060         5
   141.899    10.724     0.060         5
   143.016    10.900     0.060         5
   144.473    11.100     0.060         5
   145.917    11.289     0.060         5
   147.840    11.576     0.060         5
   149.745    11.821     0.060         5
   151.308    12.002     0.060         5
   235.099    26.151     0.060         8
   239.189    26.795     0.060         8
   243.856    27.311     0.060         8
   247.985    27.844     0.060         8
   252.363    28.350     0.060         8
   255.348    28.607     0.060         8
   258.801    28.903     0.060         8
   261.976    29.121     0.060         8
   265.383    29.393     0.060         8
   269.429    29.799     0.060         8
   272.162    30.027     0.060         8
   275.411    30.339     0.060         8
   279.934    30.715     0.060         8
   283.763    31.050     0.060         8
   289.065    31.397     0.060         8
   293.882    32.047     0.060         8
   299.421    33.006     0.060         8
     0.000     0.000     0.000        -1
