    48.860    -1.000     0.000         0
     4.056    10.164     0.060         5
     4.880    10.064     0.060         5
     5.706     9.958     0.060         5
     6.505     9.867     0.060         5
     7.309     9.769     0.060         5
     8.116     9.617     0.060         5
     8.939     9.495     0.060         5
     9.752     9.370     0.060         5
    10.548     9.265     0.060         5
    11.381     9.128     0.060         5
    12.207     8.998     0.060         5
    13.028     8.888     0.060         5
    13.818     8.746     0.060         5
    14.784     8.604     0.060         5
    15.600     8.479     0.060         5
    16.413     8.359     0.060         5
    17.236     8.233     0.060         5
    18.032     8.114     0.060         5
    18.818     7.987     0.060         5
    19.603     7.867     0.060         5
    20.378     7.721     0.060         5
    21.159     7.604     0.060         5
    21.947     7.500     0.060         5
    22.717     7.366     0.060         5
    23.506     7.215     0.060         5
    24.291     7.111     0.060         5
    25.073     6.993     0.060         5
    25.856     6.866     0.060         5
    26.641     6.736     0.060         5
    27.432     6.600     0.060         5
    28.218     6.488     0.060         5
    29.020     6.359     0.060         5
    29.822     6.227     0.060         5
    30.610     6.095     0.060         5
    31.388     5.971     0.060         5
    32.196     5.839     0.060         5
    33.006     5.699     0.060         5
    33.969     5.509     0.060         5
    34.782     5.359     0.060         5
    35.605     5.203     0.060         5
    36.415     5.037     0.060         5
    37.222     4.871     0.060         5
    38.031     4.697     0.060         5
    38.844     4.536     0.060         5
    39.657     4.340     0.060         5
    40.470     4.182     0.060         5
    41.287     4.005     0.060         5
    42.083     3.812     0.060         5
    48.860     1.000     0.000         0
    55.035     4.007     0.060         5
    55.805     4.187     0.060         5
    56.572     4.365     0.060         5
    57.343     4.547     0.060         5
    58.107     4.701     0.060         5
    58.868     4.840     0.060         5
    59.643     4.999     0.060         5
    60.407     5.142     0.060         5
    61.171     5.284     0.060         5
    61.923     5.443     0.060         5
    62.685     5.604     0.060         5
    63.440     5.747     0.060         5
    64.181     5.883     0.060         5
    64.942     6.029     0.060         5
    65.707     6.156     0.060         5
    66.473     6.287     0.060         5
    67.228     6.440     0.060         5
    67.995     6.566     0.060         5
    68.769     6.698     0.060         5
    69.544     6.831     0.060         5
    70.636     7.026     0.060         5
    71.572     7.189     0.060         5
    72.358     7.317     0.060         5
    73.138     7.435     0.060         5
    74.091     7.587     0.060         5
    74.844     7.715     0.060         5
    75.602     7.844     0.060         5
    76.372     7.949     0.060         5
    77.142     8.074     0.060         5
    77.912     8.175     0.060         5
    78.697     8.308     0.060         5
    79.619     8.410     0.060         5
    80.394     8.538     0.060         5
    81.165     8.654     0.060         5
    82.101     8.802     0.060         5
    82.884     8.932     0.060         5
    83.984     9.100     0.060         5
    84.761     9.222     0.060         5
    85.714     9.358     0.060         5
    86.491     9.488     0.060         5
    87.283     9.602     0.060         5
    88.232     9.745     0.060         5
    89.163     9.896     0.060         5
    90.097    10.041     0.060         5
     0.000     0.000     0.000        -1
