    54.860    -1.000     0.000         0
     3.394    11.263     0.060         5
     4.217    11.156     0.060         5
     5.041    11.054     0.060         5
     5.867    10.925     0.060         5
     6.663    10.821     0.060         5
     7.467    10.704     0.060         5
     8.277    10.575     0.060         5
     9.103    10.448     0.060         5
     9.913    10.323     0.060         5
    10.715    10.182     0.060         5
    11.545    10.074     0.060         5
    12.379     9.945     0.060         5
    13.186     9.823     0.060         5
    13.979     9.682     0.060         5
    14.784     9.577     0.060         5
    15.600     9.448     0.060         5
    16.412     9.321     0.060         5
    17.236     9.191     0.060         5
    18.032     9.101     0.060         5
    18.817     8.965     0.060         5
    19.603     8.837     0.060         5
    20.377     8.720     0.060         5
    21.158     8.594     0.060         5
    21.947     8.481     0.060         5
    22.717     8.356     0.060         5
    23.505     8.231     0.060         5
    24.291     8.099     0.060         5
    25.073     7.995     0.060         5
    25.855     7.852     0.060         5
    26.641     7.734     0.060         5
    27.432     7.616     0.060         5
    28.217     7.486     0.060         5
    29.020     7.365     0.060         5
    29.822     7.240     0.060         5
    30.610     7.105     0.060         5
    31.388     6.982     0.060         5
    32.196     6.831     0.060         5
    33.006     6.678     0.060         5
    33.808     6.542     0.060         5
    34.617     6.422     0.060         5
    35.444     6.281     0.060         5
    36.253     6.126     0.060         5
    37.057     5.987     0.060         5
    37.870     5.855     0.060         5
    38.679     5.715     0.060         5
    39.492     5.547     0.060         5
    40.305     5.368     0.060         5
    41.128     5.211     0.060         5
    41.921     5.083     0.060         5
    42.731     4.938     0.060         5
    43.499     4.805     0.060         5
    44.288     4.652     0.060         5
    45.065     4.495     0.060         5
    45.857     4.315     0.060         5
    46.648     4.138     0.060         5
    47.429     3.980     0.060         5
    48.217     3.863     0.060         5
    54.860     1.000     0.000         0
    60.105     3.747     0.060         5
    60.866     3.996     0.060         5
    61.618     4.245     0.060         5
    62.380     4.494     0.060         5
    63.142     4.691     0.060         5
    63.887     4.858     0.060         5
    64.635     5.023     0.060         5
    65.398     5.163     0.060         5
    66.166     5.331     0.060         5
    66.929     5.449     0.060         5
    67.693     5.593     0.060         5
    68.460     5.730     0.060         5
    69.231     5.874     0.060         5
    70.006     6.028     0.060         5
    70.797     6.191     0.060         5
    71.572     6.323     0.060         5
    72.357     6.451     0.060         5
    73.138     6.568     0.060         5
    73.929     6.700     0.060         5
    74.693     6.834     0.060         5
    75.440     6.966     0.060         5
    76.221     7.064     0.060         5
    76.991     7.192     0.060         5
    77.761     7.323     0.060         5
    78.535     7.447     0.060         5
    79.317     7.533     0.060         5
    80.081     7.665     0.060         5
    80.853     7.792     0.060         5
    81.628     7.910     0.060         5
    82.410     8.032     0.060         5
    83.195     8.163     0.060         5
    83.983     8.280     0.060         5
    84.761     8.404     0.060         5
    85.549     8.523     0.060         5
    86.340     8.672     0.060         5
    87.132     8.795     0.060         5
    87.920     8.927     0.060         5
    88.697     9.047     0.060         5
    89.478     9.154     0.060         5
    90.258     9.260     0.060         5
    91.028     9.353     0.060         5
    91.819     9.439     0.060         5
    92.603     9.510     0.060         5
    94.187     9.729     0.060         5
    95.616     9.892     0.060         5
    97.676    10.086     0.060         5
    99.840    10.259     0.060         5
   101.842    10.453     0.060         5
   103.837    10.694     0.060         5
   106.518    11.072     0.060         5
   109.005    11.455     0.060         5
   110.880    11.759     0.060         5
   112.440    12.004     0.060         5
   113.996    12.283     0.060         5
   115.763    12.593     0.060         5
   119.406    13.179     0.060         5
   259.592    33.966     0.060         5
   265.221    34.534     0.060         5
   270.073    35.000     0.060         5
   115.924    13.773     0.060         8
   117.496    13.994     0.060         8
   119.241    14.231     0.060         8
   121.022    14.496     0.060         8
   122.633    14.733     0.060         8
   124.685    15.026     0.060         8
   126.560    15.225     0.060         8
   128.606    15.488     0.060         8
   129.887    15.659     0.060         8
   131.655    15.885     0.060         8
   133.425    16.117     0.060         8
   135.043    16.369     0.060         8
   136.471    16.569     0.060         8
   138.215    16.837     0.060         8
   139.804    17.109     0.060         8
   141.738    17.409     0.060         8
     0.000     0.000     0.000        -1
