    84.860    -1.000     0.000         0
     7.951    15.190     0.060         5
     8.778    15.035     0.060         5
     9.590    14.969     0.060         5
    10.387    14.846     0.060         5
    11.208    14.742     0.060         5
    12.042    14.610     0.060         5
    12.866    14.464     0.060         5
    13.656    14.380     0.060         5
    14.458    14.272     0.060         5
    15.271    14.140     0.060         5
    16.248    13.993     0.060         5
    17.074    13.876     0.060         5
    17.870    13.768     0.060         5
    18.656    13.642     0.060         5
    19.441    13.528     0.060         5
    20.216    13.399     0.060         5
    21.008    13.283     0.060         5
    21.785    13.164     0.060         5
    22.566    13.037     0.060         5
    23.344    12.948     0.060         5
    24.129    12.821     0.060         5
    24.922    12.720     0.060         5
    25.705    12.598     0.060         5
    26.479    12.477     0.060         5
    27.268    12.351     0.060         5
    28.067    12.241     0.060         5
    28.858    12.128     0.060         5
    29.660    12.008     0.060         5
    30.446    11.882     0.060         5
    31.237    11.773     0.060         5
    32.031    11.655     0.060         5
    32.844    11.527     0.060         5
    33.643    11.427     0.060         5
    34.617    11.260     0.060         5
    35.444    11.114     0.060         5
    36.253    10.984     0.060         5
    37.057    10.830     0.060         5
    38.031    10.670     0.060         5
    38.844    10.530     0.060         5
    40.305    10.279     0.060         5
    41.287    10.118     0.060         5
    42.419     9.936     0.060         5
    43.500     9.751     0.060         5
    44.288     9.633     0.060         5
    45.066     9.516     0.060         5
    45.857     9.378     0.060         5
    46.648     9.263     0.060         5
    47.590     9.113     0.060         5
    48.371     8.997     0.060         5
    49.321     8.868     0.060         5
    50.098     8.773     0.060         5
    50.887     8.722     0.060         5
    51.672     8.697     0.060         5
    52.444     8.592     0.060         5
    53.218     8.511     0.060         5
    53.975     8.405     0.060         5
    54.734     8.327     0.060         5
    55.501     8.237     0.060         5
    56.260     8.142     0.060         5
    57.032     8.040     0.060         5
    57.807     7.922     0.060         5
    58.568     7.820     0.060         5
    59.331     7.735     0.060         5
    60.106     7.622     0.060         5
    60.867     7.524     0.060         5
    61.619     7.422     0.060         5
    62.381     7.330     0.060         5
    63.143     7.225     0.060         5
    63.887     7.102     0.060         5
    64.635     6.994     0.060         5
    65.398     6.893     0.060         5
    66.167     6.765     0.060         5
    66.930     6.650     0.060         5
    67.694     6.547     0.060         5
    68.461     6.444     0.060         5
    69.232     6.313     0.060         5
    70.007     6.184     0.060         5
    70.798     6.033     0.060         5
    71.573     5.887     0.060         5
    72.358     5.734     0.060         5
    73.139     5.574     0.060         5
    73.930     5.433     0.060         5
     6.190    15.931     0.060         8
     8.116    15.662     0.060         8
     8.939    15.583     0.060         8
     9.752    15.500     0.060         8
    10.548    15.407     0.060         8
    11.380    15.320     0.060         8
    12.207    15.209     0.060         8
    13.027    15.125     0.060         8
    13.817    15.030     0.060         8
    14.619    14.929     0.060         8
    15.435    14.834     0.060         8
    16.248    14.750     0.060         8
    17.074    14.645     0.060         8
    17.870    14.550     0.060         8
    18.656    14.485     0.060         8
    19.441    14.368     0.060         8
    20.216    14.288     0.060         8
    21.008    14.198     0.060         8
    75.441     5.010     0.060        10
    76.992     4.610     0.060        10
    84.860     1.000     0.000         0
    95.301     5.395     0.060         5
    96.089     5.491     0.060         5
    96.880     5.601     0.060         5
    97.676     5.682     0.060         5
    98.458     5.751     0.060         5
    99.227     5.762     0.060         5
   100.001     5.823     0.060         5
   100.776     5.904     0.060         5
   101.535     5.962     0.060         5
   102.297     6.037     0.060         5
   103.067     6.148     0.060         5
   103.837     6.262     0.060         5
   104.628     6.385     0.060         5
   105.422     6.496     0.060         5
   106.203     6.606     0.060         5
   106.991     6.717     0.060         5
   107.768     6.835     0.060         5
   108.543     6.969     0.060         5
   109.314     7.112     0.060         5
   110.103     7.250     0.060         5
   110.880     7.366     0.060         5
   111.665     7.475     0.060         5
   112.440     7.581     0.060         5
   113.200     7.706     0.060         5
   113.996     7.839     0.060         5
   114.795     7.982     0.060         5
   115.602     8.137     0.060         5
   116.394     8.269     0.060         5
   117.187     8.405     0.060         5
   117.969     8.541     0.060         5
   118.765     8.684     0.060         5
   119.567     8.832     0.060         5
   120.373     8.952     0.060         5
   121.183     9.073     0.060         5
   121.985     9.207     0.060         5
   122.797     9.373     0.060         5
   123.582     9.523     0.060         5
   124.367     9.663     0.060         5
   125.161     9.781     0.060         5
   125.947     9.871     0.060         5
   126.721     9.992     0.060         5
   127.493    10.107     0.060         5
   128.281    10.241     0.060         5
   129.085    10.374     0.060         5
   129.887    10.479     0.060         5
   130.692    10.587     0.060         5
   131.491    10.712     0.060         5
   132.295    10.829     0.060         5
   133.100    10.940     0.060         5
   133.912    11.076     0.060         5
   134.725    11.219     0.060         5
   135.529    11.352     0.060         5
   136.307    11.480     0.060         5
   137.098    11.628     0.060         5
   137.900    11.765     0.060         5
   138.688    11.905     0.060         5
   139.489    12.025     0.060         5
   140.291    12.160     0.060         5
   141.090    12.272     0.060         5
   227.586    26.074     0.060         5
   230.022    26.494     0.060         5
   231.987    26.896     0.060         5
   235.378    27.411     0.060         5
   237.691    27.741     0.060         5
   265.882    30.945     0.060         8
   272.323    31.582     0.060         8
   277.528    32.031     0.060         8
   283.126    32.500     0.060         8
   288.101    32.878     0.060         8
    91.028     4.211     0.060        10
    92.764     4.651     0.060        10
    93.714     4.930     0.060        10
    94.513     5.134     0.060        10
     0.000     0.000     0.000        -1
