   120.860    -1.000     0.000         0
    29.822    16.943     0.060         5
    32.683    16.521     0.060         5
    34.943    16.170     0.060         5
    38.193    15.663     0.060         5
    40.469    15.349     0.060         5
    57.957    12.886     0.060         5
    60.408    12.608     0.060         5
    64.181    12.108     0.060         5
    67.694    11.628     0.060         5
    69.232    11.425     0.060         5
    70.322    11.270     0.060         5
    71.731    11.081     0.060         5
    72.512    10.951     0.060         5
    73.300    10.853     0.060         5
    74.091    10.743     0.060         5
    74.845    10.629     0.060         5
    75.603    10.517     0.060         5
    76.373    10.439     0.060         5
    77.142    10.314     0.060         5
    77.912    10.196     0.060         5
    78.698    10.095     0.060         5
    79.469     9.988     0.060         5
    80.233     9.862     0.060         5
    81.015     9.759     0.060         5
    81.790     9.636     0.060         5
    82.562     9.546     0.060         5
    83.354     9.414     0.060         5
    84.135     9.286     0.060         5
    84.923     9.158     0.060         5
    85.714     8.994     0.060         5
    86.492     8.865     0.060         5
    87.283     8.775     0.060         5
    88.071     8.651     0.060         5
    88.852     8.591     0.060         5
    89.633     8.435     0.060         5
    90.410     8.315     0.060         5
    91.194     8.203     0.060         5
    91.974     8.095     0.060         5
    92.765     7.946     0.060         5
    93.551     7.817     0.060         5
    94.352     7.707     0.060         5
    95.141     7.564     0.060         5
    95.939     7.450     0.060         5
    96.728     7.206     0.060         5
    97.516     7.026     0.060         5
    98.298     6.814     0.060         5
    99.070     6.663     0.060         5
    99.841     6.478     0.060         5
   100.616     6.302     0.060         5
   101.385     6.179     0.060         5
   102.148     6.064     0.060         5
   102.917     5.936     0.060         5
   103.684     5.821     0.060         5
   104.468     5.700     0.060         5
   105.259     5.569     0.060         5
   106.042     5.439     0.060         5
   106.830     5.318     0.060         5
   107.608     5.215     0.060         5
   108.396     5.059     0.060         5
   109.167     4.931     0.060         5
   109.953     4.803     0.060         5
   110.730     4.664     0.060         5
   111.505     4.529     0.060         5
   112.290     4.413     0.060         5
    13.185    19.591     0.060         8
    13.978    19.496     0.060         8
    14.784    19.393     0.060         8
    15.599    19.302     0.060         8
    16.412    19.218     0.060         8
    17.236    19.082     0.060         8
    18.032    19.003     0.060         8
    18.817    18.934     0.060         8
    19.602    18.854     0.060         8
    20.377    18.650     0.060         8
    21.158    18.600     0.060         8
    21.947    18.500     0.060         8
    22.717    18.442     0.060         8
    23.505    18.287     0.060         8
    24.291    18.187     0.060         8
    25.073    18.088     0.060         8
    25.856    17.967     0.060         8
    26.641    17.867     0.060         8
    27.432    17.747     0.060         8
    28.218    17.633     0.060         8
    29.020    17.528     0.060         8
    29.822    17.431     0.060         8
    30.610    17.331     0.060         8
    31.388    17.206     0.060         8
    32.196    17.098     0.060         8
    33.006    16.924     0.060         8
    33.808    16.878     0.060         8
    34.617    16.754     0.060         8
    35.444    16.649     0.060         8
    36.254    16.532     0.060         8
    37.057    16.413     0.060         8
    37.870    16.267     0.060         8
    38.680    16.190     0.060         8
    39.492    16.035     0.060         8
    40.305    15.976     0.060         8
    41.128    15.828     0.060         8
    41.921    15.751     0.060         8
    42.731    15.647     0.060         8
    57.957    14.045     0.060         8
    60.408    13.842     0.060         8
    62.990    13.599     0.060         8
    66.009    13.318     0.060         8
   113.672     4.152     0.060        10
   114.796     3.855     0.060        10
   120.860     1.000     0.000         0
   129.250     4.672     0.060         5
   130.052     4.803     0.060         5
   130.853     4.942     0.060         5
   131.655     5.088     0.060         5
   132.457     5.241     0.060         5
   133.261     5.369     0.060         5
   134.077     5.525     0.060         5
   134.889     5.678     0.060         5
   135.680     5.845     0.060         5
   136.471     5.985     0.060         5
   137.262     6.157     0.060         5
   138.050     6.307     0.060         5
   138.852     6.478     0.060         5
   139.654     6.628     0.060         5
   140.453     6.765     0.060         5
   141.251     6.901     0.060         5
   142.064     7.044     0.060         5
   142.865     7.178     0.060         5
   143.664     7.268     0.060         5
   144.474     7.397     0.060         5
   145.272     7.528     0.060         5
   146.082     7.662     0.060         5
   146.880     7.794     0.060         5
   147.679     7.880     0.060         5
   148.478     8.004     0.060         5
   149.266     8.119     0.060         5
   150.060     8.205     0.060         5
   150.851     8.308     0.060         5
   151.623     8.435     0.060         5
   152.399     8.528     0.060         5
   153.479     8.639     0.060         5
   233.125    21.874     0.060         5
   236.813    22.400     0.060         5
   281.381    27.024     0.060         5
   286.327    27.432     0.060         5
   291.830    28.029     0.060         5
   294.812    28.522     0.060         5
   299.421    29.290     0.060         5
   304.221    30.031     0.060         5
   251.727    25.139     0.060         8
   255.187    25.348     0.060         8
   258.167    25.506     0.060         8
   261.178    25.684     0.060         8
   263.584    25.889     0.060         8
   267.510    26.302     0.060         8
   272.162    26.672     0.060         8
   126.722     4.104     0.060        10
   127.805     4.346     0.060        10
   128.771     4.551     0.060        10
     0.000     0.000     0.000        -1
