    60.860    -1.000     0.000         0
     8.603    11.566     0.060         5
     9.430    11.456     0.060         5
    10.237    11.340     0.060         5
    11.045    11.240     0.060         5
    11.882    11.123     0.060         5
    12.705    10.977     0.060         5
    13.506    10.852     0.060         5
    14.305    10.703     0.060         5
    15.110    10.586     0.060         5
    15.923    10.491     0.060         5
    16.739    10.367     0.060         5
    17.559    10.240     0.060         5
    18.342    10.126     0.060         5
    19.130     9.988     0.060         5
    19.915     9.867     0.060         5
    20.693     9.743     0.060         5
    21.474     9.625     0.060         5
    22.252     9.517     0.060         5
    23.032     9.373     0.060         5
    23.821     9.245     0.060         5
    24.600     9.129     0.060         5
    25.393     8.999     0.060         5
    26.168     8.881     0.060         5
    26.956     8.757     0.060         5
    27.745     8.629     0.060         5
    28.544     8.509     0.060         5
    29.335     8.370     0.060         5
    30.131     8.271     0.060         5
    30.923     8.158     0.060         5
    31.714     8.025     0.060         5
    32.522     7.881     0.060         5
    33.318     7.733     0.060         5
    34.131     7.586     0.060         5
    34.944     7.465     0.060         5
    35.767     7.335     0.060         5
    36.584     7.214     0.060         5
    37.383     7.088     0.060         5
    38.193     6.942     0.060         5
    39.006     6.791     0.060         5
    39.819     6.631     0.060         5
    40.631     6.504     0.060         5
    41.449     6.351     0.060         5
    42.245     6.208     0.060         5
    43.030     6.072     0.060         5
    43.812     5.911     0.060         5
    44.601     5.781     0.060         5
    45.392     5.639     0.060         5
    46.173     5.492     0.060         5
    46.964     5.330     0.060         5
    47.752     5.201     0.060         5
    48.533     5.123     0.060         5
    49.321     5.056     0.060         5
    50.099     4.985     0.060         5
    50.887     4.931     0.060         5
    51.673     4.841     0.060         5
    60.860     1.000     0.000         0
    71.892     5.579     0.060         5
    72.673     5.717     0.060         5
    73.451     5.855     0.060         5
    74.242     6.022     0.060         5
    74.992     6.159     0.060         5
    75.753     6.298     0.060         5
    76.526     6.420     0.060         5
    77.296     6.542     0.060         5
    78.073     6.680     0.060         5
    78.848     6.786     0.060         5
    79.620     6.883     0.060         5
    80.394     7.001     0.060         5
    81.166     7.141     0.060         5
    81.940     7.266     0.060         5
    82.723     7.396     0.060         5
    83.508     7.529     0.060         5
    84.285     7.665     0.060         5
    85.074     7.797     0.060         5
    85.865     7.911     0.060         5
    86.656     8.069     0.060         5
    87.444     8.185     0.060         5
    88.232     8.301     0.060         5
    89.013     8.433     0.060         5
    89.794     8.554     0.060         5
    90.563     8.661     0.060         5
    91.355     8.759     0.060         5
    92.135     8.850     0.060         5
    92.916     8.917     0.060         5
    93.715     9.022     0.060         5
    94.513     9.095     0.060         5
    95.302     9.227     0.060         5
    96.090     9.303     0.060         5
    96.881     9.372     0.060         5
    97.677     9.449     0.060         5
    98.459     9.487     0.060         5
    99.228     9.586     0.060         5
   100.002     9.611     0.060         5
   100.777     9.719     0.060         5
   101.536     9.781     0.060         5
   102.298     9.888     0.060         5
   103.068     9.971     0.060         5
   103.838    10.075     0.060         5
   104.629    10.166     0.060         5
   105.423    10.302     0.060         5
   106.203    10.411     0.060         5
   106.992    10.534     0.060         5
   107.769    10.629     0.060         5
   108.544    10.754     0.060         5
   109.315    10.877     0.060         5
   110.103    10.999     0.060         5
   110.881    11.114     0.060         5
   111.666    11.193     0.060         5
   112.440    11.315     0.060         5
   113.201    11.448     0.060         5
   113.997    11.598     0.060         5
   114.796    11.719     0.060         5
   115.602    11.861     0.060         5
   116.395    11.986     0.060         5
   117.188    12.129     0.060         5
   117.970    12.245     0.060         5
   118.766    12.386     0.060         5
   119.568    12.501     0.060         5
   120.374    12.601     0.060         5
   121.184    12.766     0.060         5
   121.985    12.863     0.060         5
   122.798    13.008     0.060         5
   123.583    13.139     0.060         5
   124.368    13.280     0.060         5
   125.635    13.460     0.060         5
   127.805    13.769     0.060         5
   129.888    14.049     0.060         5
   131.970    14.358     0.060         5
   133.752    14.641     0.060         5
   136.157    15.033     0.060         5
   138.215    15.383     0.060         5
   140.453    15.789     0.060         5
   144.947    16.465     0.060         5
   225.239    28.781     0.060         5
   228.888    29.512     0.060         5
   231.988    30.081     0.060         5
   236.100    30.743     0.060         5
   241.354    31.487     0.060         5
   247.671    32.246     0.060         5
   253.009    32.837     0.060         5
   114.470    13.100     0.060         8
   116.244    13.329     0.060         8
   118.293    13.593     0.060         8
   120.213    13.849     0.060         8
   122.147    14.134     0.060         8
   123.734    14.386     0.060         8
   125.947    14.655     0.060         8
   128.281    14.935     0.060         8
   130.378    15.179     0.060         8
   132.457    15.483     0.060         8
   134.400    15.766     0.060         8
   136.948    16.110     0.060         8
   139.003    16.428     0.060         8
   140.776    16.702     0.060         8
   142.702    16.975     0.060         8
   143.987    17.143     0.060         8
   145.757    17.367     0.060         8
     0.000     0.000     0.000        -1
