   138.753    -1.000     0.000         0
    11.208    22.165     0.060         5
    14.945    21.624     0.060         5
    19.129    21.021     0.060         5
    22.251    20.574     0.060         5
    26.328    19.975     0.060         5
    29.019    19.609     0.060         5
    32.844    19.032     0.060         5
    35.766    18.561     0.060         5
    38.192    18.181     0.060         5
    41.287    17.731     0.060         5
    44.449    17.286     0.060         5
    47.114    16.924     0.060         5
    49.471    16.640     0.060         5
    52.906    16.191     0.060         5
    57.495    15.633     0.060         5
    60.717    15.238     0.060         5
    63.440    14.872     0.060         5
    66.009    14.560     0.060         5
    69.082    14.155     0.060         5
    71.110    13.893     0.060         5
    73.769    13.524     0.060         5
    76.830    13.094     0.060         5
    79.932    12.661     0.060         5
    84.135    12.018     0.060         5
    87.756    11.431     0.060         5
    91.029    10.953     0.060         5
    94.826    10.483     0.060         5
    95.617    10.279     0.060         5
    96.416    10.098     0.060         5
    97.204     9.921     0.060         5
    97.989     9.745     0.060         5
    98.768     9.566     0.060         5
    99.540     9.385     0.060         5
   100.314     9.265     0.060         5
   101.081     9.146     0.060         5
   101.843     9.016     0.060         5
   102.613     8.891     0.060         5
   103.372     8.775     0.060         5
   104.153     8.675     0.060         5
   104.947     8.556     0.060         5
   105.727     8.440     0.060         5
   106.518     8.333     0.060         5
   107.296     8.209     0.060         5
   108.084     8.054     0.060         5
   108.856     7.977     0.060         5
   109.641     7.821     0.060         5
   110.418     7.717     0.060         5
   111.193     7.626     0.060         5
   111.978     7.529     0.060         5
   112.749     7.420     0.060         5
   113.510     7.359     0.060         5
   114.309     7.263     0.060         5
   115.119     7.145     0.060         5
   115.925     7.013     0.060         5
   116.715     6.885     0.060         5
   117.497     6.749     0.060         5
   118.293     6.590     0.060         5
   119.081     6.460     0.060         5
   119.890     6.364     0.060         5
   120.697     6.278     0.060         5
   121.509     6.187     0.060         5
   122.311     6.098     0.060         5
   123.110     5.975     0.060         5
   123.895     5.832     0.060         5
   124.686     5.700     0.060         5
   125.474     5.544     0.060         5
   126.248     5.405     0.060         5
   127.030     5.253     0.060         5
   127.804     5.101     0.060         5
   128.606     4.969     0.060         5
   129.411     4.826     0.060         5
   130.528     4.558     0.060         5
     3.393    23.336     0.060         8
     6.340    22.972     0.060         8
     9.429    22.588     0.060         8
    12.378    22.235     0.060         8
    14.783    21.950     0.060         8
    17.235    21.624     0.060         8
    20.216    21.262     0.060         8
    23.193    20.928     0.060         8
    26.794    20.426     0.060         8
    31.075    19.848     0.060         8
    34.943    19.356     0.060         8
    39.170    18.749     0.060         8
    51.357    17.211     0.060         8
    54.734    16.789     0.060         8
    57.344    16.511     0.060         8
    60.257    16.194     0.060         8
    63.734    15.891     0.060         8
    66.621    15.621     0.060         8
    69.394    15.404     0.060         8
    72.207    15.099     0.060         8
    76.372    14.674     0.060         8
    80.703    14.312     0.060         8
   138.753     1.000     0.000         0
   144.785     4.260     0.060         5
   145.595     4.453     0.060         5
   146.404     4.628     0.060         5
   147.203     4.786     0.060         5
   148.002     4.938     0.060         5
   148.793     5.097     0.060         5
   149.581     5.248     0.060         5
   150.375     5.379     0.060         5
   151.155     5.515     0.060         5
   151.931     5.640     0.060         5
   152.717     5.739     0.060         5
   153.479     5.857     0.060         5
   154.244     5.932     0.060         5
   155.002     5.943     0.060         5
   155.767     5.966     0.060         5
   156.545     6.083     0.060         5
   157.300     6.186     0.060         5
   158.039     6.264     0.060         5
   158.897     6.353     0.060         5
   159.684     6.451     0.060         5
   160.533     6.510     0.060         5
   218.455    15.369     0.060         5
   220.820    16.034     0.060         5
   223.064    16.698     0.060         5
   224.807    17.237     0.060         5
   227.005    17.803     0.060         5
   229.027    18.212     0.060         5
   231.987    18.743     0.060         5
   235.098    19.260     0.060         5
   238.885    19.792     0.060         5
   258.965    22.267     0.060         5
   263.745    22.733     0.060         5
   270.712    23.722     0.060         5
   276.226    24.093     0.060         5
   280.891    24.468     0.060         5
   286.488    24.950     0.060         5
   293.718    25.824     0.060         5
   298.357    26.583     0.060         5
   302.816    27.208     0.060         5
   234.808    21.609     0.060         8
   241.507    22.168     0.060         8
   246.269    22.522     0.060         8
   250.470    22.826     0.060         8
   255.186    23.056     0.060         8
   258.640    23.253     0.060         8
   264.561    23.652     0.060         8
   268.473    23.934     0.060         8
   272.810    24.227     0.060         8
   277.679    24.494     0.060         8
   281.217    24.705     0.060         8
   284.890    24.967     0.060         8
     0.000     0.000     0.000        -1
