    36.848    -1.000     0.000         0
     4.543     8.365     0.060         5
     5.370     8.254     0.060         5
     6.190     8.118     0.060         5
     6.987     8.033     0.060         5
     7.790     7.918     0.060         5
     8.603     7.797     0.060         5
     9.430     7.675     0.060         5
    10.236     7.553     0.060         5
    11.044     7.442     0.060         5
    11.882     7.306     0.060         5
    12.705     7.174     0.060         5
    13.506     7.057     0.060         5
    14.305     6.926     0.060         5
    15.110     6.795     0.060         5
    15.923     6.676     0.060         5
    16.739     6.546     0.060         5
    17.559     6.416     0.060         5
    18.341     6.292     0.060         5
    19.130     6.160     0.060         5
    19.915     6.028     0.060         5
    20.693     5.887     0.060         5
    21.474     5.759     0.060         5
    22.251     5.636     0.060         5
    23.032     5.508     0.060         5
    23.821     5.372     0.060         5
    24.600     5.227     0.060         5
    25.393     5.084     0.060         5
    26.168     4.947     0.060         5
    26.956     4.777     0.060         5
    27.745     4.632     0.060         5
    28.544     4.466     0.060         5
    29.335     4.297     0.060         5
    30.131     4.128     0.060         5
    30.923     3.920     0.060         5
    36.848     1.000     0.000         0
    41.921     3.623     0.060         5
    42.731     3.792     0.060         5
    43.499     3.960     0.060         5
    44.288     4.115     0.060         5
    45.065     4.268     0.060         5
    45.857     4.428     0.060         5
    46.648     4.561     0.060         5
    47.429     4.700     0.060         5
    48.217     4.815     0.060         5
    48.998     4.935     0.060         5
    49.794     5.084     0.060         5
    50.574     5.246     0.060         5
    51.357     5.416     0.060         5
    52.145     5.629     0.060         5
    52.906     5.810     0.060         5
    53.670     5.979     0.060         5
    54.429     6.130     0.060         5
    55.186     6.266     0.060         5
    55.956     6.403     0.060         5
    56.723     6.539     0.060         5
    57.494     6.684     0.060         5
    58.258     6.812     0.060         5
    59.016     6.951     0.060         5
    59.794     7.070     0.060         5
    60.565     7.211     0.060         5
    61.314     7.335     0.060         5
    62.076     7.455     0.060         5
    62.839     7.597     0.060         5
    63.590     7.711     0.060         5
    64.334     7.837     0.060         5
    65.089     7.942     0.060         5
    65.858     8.070     0.060         5
    66.620     8.195     0.060         5
    67.381     8.315     0.060         5
    68.148     8.451     0.060         5
    68.920     8.579     0.060         5
    69.698     8.712     0.060         5
    70.483     8.836     0.060         5
    71.260     8.977     0.060         5
    72.043     9.088     0.060         5
    72.826     9.215     0.060         5
    73.615     9.347     0.060         5
    74.392     9.469     0.060         5
    75.142     9.591     0.060         5
    75.906     9.700     0.060         5
    76.676     9.821     0.060         5
    77.761     9.977     0.060         5
    79.157    10.186     0.060         5
    80.542    10.372     0.060         5
    81.940    10.586     0.060         5
    83.196    10.789     0.060         5
    84.285    10.952     0.060         5
    86.176    11.269     0.060         5
    89.478    11.816     0.060         5
    93.550    12.401     0.060         5
    96.881    12.801     0.060         5
   100.464    13.117     0.060         5
   104.152    13.538     0.060         5
   109.315    14.296     0.060         5
   114.957    15.124     0.060         5
   119.729    15.887     0.060         5
   122.959    16.457     0.060         5
   127.493    17.075     0.060         5
   132.296    17.760     0.060         5
   139.655    18.926     0.060         5
   143.017    19.412     0.060         5
   148.153    20.110     0.060         5
   110.730    15.178     0.060         8
   114.470    15.711     0.060         8
   117.188    16.089     0.060         8
   120.051    16.495     0.060         8
   122.633    16.898     0.060         8
     0.000     0.000     0.000        -1
