   102.860    -1.000     0.000         0
    28.380    14.499     0.060         5
    32.358    13.921     0.060         5
    36.746    13.241     0.060         5
    56.573    10.398     0.060         5
    59.945     9.963     0.060         5
    61.172     9.815     0.060         5
    62.077     9.696     0.060         5
    62.990     9.573     0.060         5
    64.486     9.347     0.060         5
    65.399     9.264     0.060         5
    66.168     9.135     0.060         5
    66.930     9.027     0.060         5
    67.694     8.926     0.060         5
    68.461     8.819     0.060         5
    69.233     8.709     0.060         5
    70.008     8.644     0.060         5
    70.799     8.495     0.060         5
    71.573     8.401     0.060         5
    72.359     8.290     0.060         5
    73.139     8.171     0.060         5
    73.931     8.063     0.060         5
    74.694     7.947     0.060         5
    75.442     7.827     0.060         5
    76.222     7.757     0.060         5
    76.992     7.565     0.060         5
    77.762     7.469     0.060         5
    78.537     7.348     0.060         5
    79.319     7.237     0.060         5
    80.083     7.117     0.060         5
    80.855     7.011     0.060         5
    81.629     6.866     0.060         5
    82.411     6.729     0.060         5
    83.196     6.612     0.060         5
    83.985     6.444     0.060         5
    84.762     6.340     0.060         5
    85.551     6.172     0.060         5
    86.342     6.077     0.060         5
    87.133     5.930     0.060         5
    87.921     5.816     0.060         5
    88.699     5.679     0.060         5
    89.479     5.571     0.060         5
    90.260     5.468     0.060         5
    91.975     5.131     0.060         5
    93.715     4.761     0.060        10
    94.514     4.468     0.060        10
    95.302     4.225     0.060        10
    96.091     3.973     0.060        10
    96.882     3.728     0.060        10
    97.678     3.482     0.060        10
   102.860     1.000     0.000         0
   112.588     4.483     0.060         5
   113.352     4.657     0.060         5
   114.148     4.825     0.060         5
   114.957     4.988     0.060         5
   115.763     5.141     0.060         5
   116.556     5.310     0.060         5
   117.346     5.463     0.060         5
   118.131     5.616     0.060         5
   118.930     5.742     0.060         5
   119.729     5.874     0.060         5
   120.536     6.015     0.060         5
   121.345     6.163     0.060         5
   122.147     6.319     0.060         5
   122.959     6.469     0.060         5
   124.046     6.690     0.060         5
   125.635     6.979     0.060         5
   127.343     7.250     0.060         5
   129.250     7.523     0.060         5
   131.018     7.768     0.060         5
   132.783     8.046     0.060         5
   134.564     8.380     0.060         5
   136.157     8.676     0.060         5
   138.051     9.010     0.060         5
   139.329     9.246     0.060         5
   140.776     9.466     0.060         5
   142.540     9.708     0.060         5
   143.987     9.903     0.060         5
   145.434    10.141     0.060         5
   147.042    10.365     0.060         5
   148.642    10.584     0.060         5
   150.690    10.846     0.060         5
   226.715    23.023     0.060         5
   229.319    23.573     0.060         5
   231.851    24.007     0.060         5
   234.949    24.513     0.060         5
   271.041    28.534     0.060         5
   274.912    28.911     0.060         5
   278.324    29.164     0.060         5
   283.127    29.558     0.060         5
   286.653    29.849     0.060         5
   291.994    30.384     0.060         5
   299.422    31.592     0.060         5
   303.910    32.277     0.060         5
   249.236    27.101     0.060         8
   252.845    27.388     0.060         8
   256.273    27.577     0.060         8
   260.391    27.862     0.060         8
   263.906    28.236     0.060         8
   268.473    28.746     0.060         8
   273.455    29.189     0.060         8
   277.048    29.430     0.060         8
   281.696    29.783     0.060         8
   106.992     3.112     0.060        10
   107.770     3.331     0.060        10
   108.544     3.529     0.060        10
   109.315     3.714     0.060        10
   110.103     3.910     0.060        10
   110.881     4.090     0.060        10
     0.000     0.000     0.000        -1
