76 81 1.5 0.33
0 2 4 6 8 10 12 14 16 18 20 22 24 26 28 30 32 34 36 38 40 42 44 46 48 50 52 54 56 58 60 62 64 66 68 70 72 74 76 78 80 82 84 86 88 90 92 94 96 98 100 102 104 106 108 110 112 114 116 118 120 122 124 126 128 130 132 134 136 138 140 142 144 146 148 150 
0 0 0 0 0 0 0 0 0 0 0 0 0 0 0 0 0 0 0 0 0 0 0 0 0 0 0 0 0 0 0 0 0 0 0 0 0 0 0 0 0 0 0 0 0 0 0 0 0 0 0 0 0 0 0 0 0 0 0 0 0 0 0 0 0 0 0 0 0 0 0 0 0 0 0 0 
0 0.2 0.4 0.6 0.8 1 1.2 1.4 1.6 1.8 2 2.2 2.4 2.6 2.8 3 3.2 3.4 3.6 3.8 4 4.2 4.4 4.6 4.8 5 5.2 5.4 5.6 5.8 6 6.2 6.4 6.6 6.8 7 7.2 7.4 7.6 7.8 8 8.2 8.4 8.6 8.8 9 9.2 9.4 9.6 9.8 10 10.2 10.4 10.6 10.8 11 11.2 11.4 11.6 11.8 12 12.2 12.4 12.6 12.8 13 13.2 13.4 13.6 13.8 14 14.2 14.4 14.6 14.8 15 15.2 15.4 15.6 15.8 16 
1.5 1.5 1.5 1.5 1.5 1.5 1.5 1.5 1.5 1.5 1.5 0.9808 3.67688 3.69591 3.71244 3.73078 3.74949 3.76973 3.78971 3.80804 3.82954 3.85055 3.87307 3.89202 3.91316 3.93643 3.95798 3.98068 4.00007 4.02301 4.04468 4.06612 4.08861 4.10752 4.13019 4.15244 4.17229 4.19458 4.21348 4.23553 4.25704 4.27575 4.29792 4.31654 4.33799 4.35756 4.37589 4.39577 4.41374 4.43267 4.45004 4.81748 4.82341 4.82882 4.83379 4.83871 4.84381 4.84769 4.85277 4.85623 4.86099 4.86567 4.86932 4.87442 4.87816 4.88313 4.888 4.8922 4.89753 4.90192 4.90721 4.91245 4.9173 4.92283 4.92786 4.93346 4.93895 4.94436 4.95004 4.95552 4.96136 
1.5 1.5 1.5 1.5 1.5 1.5 1.5 1.5 1.5 1.5 1.5 1.0289 1.0173 3.66952 3.68565 3.70111 3.72166 3.74181 3.76146 3.78139 3.80139 3.82328 3.84593 3.8673 3.89094 3.91512 3.93831 3.96397 3.98483 4.0083 4.03188 4.05394 4.07799 4.09793 4.12092 4.14279 4.16233 4.18404 4.20276 4.22382 4.24402 4.26279 4.28282 4.30193 4.32273 4.34226 4.36083 4.38166 4.40009 4.42049 4.43931 4.80634 4.81462 4.82132 4.82817 4.83402 4.84026 4.84579 4.85132 4.85591 4.86085 4.86582 4.86999 4.87507 4.87909 4.88397 4.88901 4.89324 4.89864 4.90311 4.90851 4.91375 4.91877 4.92438 4.92937 4.935 4.94051 4.94592 4.95153 4.95661 4.96206 
1.5 1.5 1.5 1.5 1.5 1.5 1.5 1.5 1.5 1.5 1.5 1.053 1.0655 1.078 3.61687 3.63934 3.64199 3.6643 3.68704 3.70723 3.73484 3.7653 3.79251 3.81726 3.84458 3.8745 3.90247 3.92726 3.95111 3.97937 4.00291 4.02717 4.05229 4.07271 4.09577 4.11796 4.13779 4.15866 4.17859 4.19992 4.21997 4.23824 4.25888 4.27693 4.29681 4.3155 4.33359 4.35282 4.37092 4.39038 4.40899 4.4274 4.79339 4.80021 4.80909 4.81633 4.82383 4.83207 4.83864 4.8459 4.85188 4.85807 4.86402 4.86955 4.87472 4.87976 4.88515 4.88966 4.89508 4.89957 4.90472 4.90988 4.91461 4.92012 4.9251 4.93061 4.93606 4.94146 4.94722 4.9529 4.958 
1.5 1.5 1.5 1.5 1.5 1.5 1.5 1.5 1.5 1.5 1.5 1.053 1.0655 1.078 3.62196 3.64764 3.66249 3.65888 3.67313 3.68511 3.70174 3.71803 3.74306 3.76441 3.79234 3.82269 3.85398 3.88681 3.91221 3.94587 3.97446 4.00274 4.03082 4.05268 4.08142 4.1049 4.12496 4.14886 4.16755 4.18896 4.20823 4.22623 4.24609 4.26398 4.28343 4.30234 4.32019 4.33971 4.35759 4.37717 4.39545 4.41398 4.77775 4.78443 4.79354 4.8015 4.80896 4.81909 4.82631 4.83654 4.84373 4.85204 4.86044 4.86741 4.87442 4.88052 4.88637 4.89219 4.89743 4.90233 4.90721 4.9124 4.91691 4.92221 4.92721 4.9326 4.93813 4.94333 4.94929 4.95546 4.96155 
1.5 1.5 1.5 1.5 1.5 1.5 1.5 1.5 1.5 1.5 1.5 1.053 1.0655 1.078 3.62768 3.64263 3.67184 3.67041 3.67865 3.69236 3.70436 3.71801 3.73843 3.75735 3.77511 3.80374 3.82793 3.86183 3.88909 3.92021 3.95187 3.9821 4.01182 4.03337 4.06126 4.0885 4.10885 4.12951 4.15037 4.17164 4.19167 4.21071 4.23174 4.24951 4.26893 4.2871 4.30496 4.3238 4.34185 4.36148 4.38006 4.39847 4.75979 4.76705 4.77619 4.78375 4.7914 4.80104 4.80799 4.81777 4.82568 4.83333 4.84365 4.85096 4.86126 4.86895 4.87715 4.8865 4.89342 4.90163 4.90787 4.91458 4.92085 4.92658 4.93218 4.93762 4.94307 4.94785 4.95334 4.95888 4.96532 
1.5 1.5 1.5 1.5 1.5 1.5 1.5 1.5 1.5 1.5 1.5 1.0289 1.0173 3.64003 3.66475 3.67221 3.69479 3.70265 3.70601 3.71878 3.72641 3.73742 3.74942 3.76143 3.77746 3.79466 3.82054 3.84598 3.86751 3.90038 3.93601 3.9691 4.00471 4.0313 4.06831 4.09667 4.11839 4.14345 4.16086 4.18076 4.19642 4.2095 4.22196 4.23503 4.25013 4.26822 4.2855 4.30384 4.3217 4.34134 4.36001 4.3783 4.73757 4.74471 4.75501 4.76296 4.7708 4.7812 4.78884 4.79962 4.80818 4.81682 4.82856 4.8361 4.84791 4.85645 4.86512 4.87656 4.88438 4.89531 4.90321 4.91159 4.9212 4.92802 4.93583 4.94193 4.94844 4.95531 4.96041 4.96503 4.97067 
1.5 1.5 1.5 1.5 1.5 1.5 1.5 1.5 1.5 1.5 1.5 1.0289 1.0173 3.64403 3.65848 3.67842 3.69343 3.70434 3.7058 3.71904 3.73136 3.74168 3.75431 3.76558 3.77551 3.79684 3.81048 3.8332 3.85613 3.87692 3.90956 3.93875 3.97719 4.0107 4.0473 4.08028 4.11692 4.14495 4.1746 4.2047 4.21713 4.23616 4.24507 4.25786 4.26259 4.26799 4.27598 4.28139 4.29563 4.309 4.32745 4.34433 4.6981 4.70689 4.72127 4.73041 4.74056 4.75481 4.76306 4.77739 4.78725 4.79677 4.81089 4.81971 4.83402 4.84373 4.85403 4.86776 4.87584 4.88855 4.89711 4.90589 4.91756 4.92522 4.93571 4.94306 4.95118 4.96086 4.96782 4.97547 4.98059 
1.5 1.5 1.5 1.5 1.5 1.5 1.5 1.5 1.5 1.5 1.5 1.0675 1.0944 1.1214 1.1484 3.65789 3.68663 3.6793 3.67298 3.68558 3.69275 3.69952 3.70547 3.71841 3.72513 3.73687 3.76219 3.77981 3.79617 3.82647 3.8612 3.89569 3.93393 3.96639 4.01149 4.05106 4.07968 4.11945 4.14532 4.18386 4.21039 4.23363 4.25474 4.27114 4.27726 4.28332 4.29319 4.29333 4.29945 4.30037 4.31688 4.3282 4.67123 4.66968 4.68146 4.69464 4.7052 4.72205 4.7326 4.75127 4.76264 4.7748 4.79321 4.80255 4.81972 4.83057 4.84145 4.85775 4.8672 4.88267 4.89219 4.90256 4.91617 4.92416 4.93679 4.94457 4.95315 4.96335 4.97155 4.98661 4.98572 
1.5 1.5 1.5 1.5 1.5 1.5 1.5 1.5 1.5 1.5 1.5 1.0771 1.1136 1.1503 1.1869 1.2235 3.63735 3.67718 3.64807 3.66464 3.67777 3.68582 3.69433 3.70633 3.71317 3.72427 3.74093 3.75776 3.77275 3.78952 3.82361 3.84823 3.87953 3.90931 3.95097 3.99594 4.0322 4.0771 4.10633 4.14865 4.18053 4.20129 4.22774 4.24867 4.26689 4.27943 4.28888 4.27855 4.28376 4.27738 4.28025 4.28081 4.62734 4.56395 4.61325 4.62578 4.63473 4.65994 4.67536 4.70899 4.72619 4.744 4.77075 4.78341 4.80857 4.82109 4.835 4.85368 4.86305 4.87935 4.88963 4.90041 4.91495 4.92344 4.9378 4.94597 4.95525 4.9651 4.9731 4.99371 4.9865 
1.5 1.5 1.5 1.5 1.5 1.5 1.5 1.5 1.5 1.5 1.5 1.0771 1.1136 1.1503 1.1869 1.2235 3.63835 3.67854 3.64754 3.65405 3.66378 3.67606 3.68397 3.69279 3.69759 3.70539 3.72462 3.74316 3.7614 3.77822 3.80901 3.83313 3.86153 3.89028 3.92126 3.95342 3.97667 4.01081 4.03592 4.07094 4.10311 4.13805 4.17132 4.19888 4.22273 4.23804 4.25333 4.25848 4.26214 4.2477 4.25072 4.25262 4.30424 4.51833 4.54352 4.59256 4.60129 4.61573 4.63276 4.67003 4.68982 4.7119 4.7437 4.75917 4.78851 4.80307 4.8197 4.84355 4.85396 4.8738 4.88418 4.89496 4.90932 4.91789 4.93238 4.94065 4.94985 4.9591 4.96647 4.98541 4.98329 
1.5 1.5 1.5 1.5 1.5 1.5 1.5 1.5 1.5 1.5 1.5 1.0675 1.0944 1.1214 1.1484 3.6054 3.61876 3.65472 3.62675 3.6328 3.64094 3.65495 3.66356 3.67207 3.67865 3.69573 3.71224 3.72972 3.7475 3.76912 3.79753 3.82556 3.85597 3.8852 3.915 3.94536 3.97417 4.00109 4.0226 4.04562 4.06639 4.08396 4.10795 4.12906 4.14995 4.16967 4.19499 4.20672 4.22599 4.21913 4.21093 4.22689 4.24461 4.4476 4.4653 4.52704 4.56372 4.58553 4.59783 4.63628 4.66443 4.69283 4.72692 4.74114 4.77557 4.79371 4.8115 4.83553 4.8472 4.86818 4.879 4.89122 4.90744 4.91583 4.92973 4.93886 4.94929 4.96196 4.97028 4.98511 4.99239 
1.5 1.5 1.5 1.5 1.5 1.5 1.5 1.5 1.5 1.5 1.5 1.0675 1.0944 1.1214 1.1484 3.62686 3.6402 3.6754 3.63475 3.6341 3.63398 3.63826 3.63373 3.63717 3.64086 3.64611 3.65613 3.67573 3.69568 3.72083 3.75397 3.78184 3.81888 3.84449 3.88224 3.91457 3.94092 3.96967 3.99113 4.01981 4.04049 4.05049 4.07717 4.09498 4.13157 4.1702 4.19905 4.24094 4.27041 4.30773 4.34206 4.42687 4.42735 4.58553 4.58312 4.62775 4.65577 4.64251 4.65225 4.65783 4.68011 4.70276 4.72396 4.73545 4.7607 4.77526 4.79338 4.81973 4.83256 4.85514 4.86836 4.88283 4.9024 4.91139 4.92909 4.93764 4.94757 4.96087 4.96995 4.9837 4.99808 
1.5 1.5 1.5 1.5 1.5 1.5 1.5 1.5 1.5 1.5 1.5 1.0675 1.0944 1.1214 1.1484 3.62147 3.62349 3.65677 3.63488 3.61958 3.62089 3.62087 3.61461 3.6235 3.62432 3.63047 3.63867 3.65771 3.67439 3.69305 3.71993 3.7416 3.774 3.79369 3.82609 3.85903 3.89135 3.93031 3.95664 3.99944 4.04245 4.08354 4.13794 4.16616 4.21412 4.25353 4.28898 4.33344 4.36324 4.37496 4.38445 4.54504 4.42721 4.67501 4.65182 4.66981 4.68885 4.6562 4.66219 4.66068 4.67609 4.69706 4.71203 4.72318 4.74624 4.76065 4.77391 4.79913 4.81388 4.83823 4.85385 4.8692 4.89298 4.90503 4.92707 4.93729 4.95011 4.96522 4.97457 4.99028 5.00424 
1.5 1.5 1.5 1.5 1.5 1.5 1.5 1.5 1.5 1.5 1.5 1.0771 1.1136 1.1503 1.1869 1.2234 3.57184 3.58717 3.60199 3.5628 3.5647 3.57119 3.5723 3.58077 3.58729 3.59382 3.61251 3.62755 3.64429 3.66523 3.69367 3.72289 3.76249 3.79053 3.83483 3.88711 3.92433 3.97926 4.01126 4.069 4.12072 4.16389 4.22921 4.26857 4.32944 4.37204 4.39673 4.4245 4.44674 4.46335 4.48154 4.65077 4.47104 4.78017 4.72042 4.73594 4.73666 4.68656 4.68517 4.66937 4.68255 4.69239 4.70009 4.71149 4.73055 4.74364 4.75762 4.78086 4.79024 4.82121 4.83907 4.8545 4.88201 4.89592 4.9225 4.93598 4.95072 4.96862 4.97839 4.99534 5.00995 
1.5 1.5 1.5 1.5 1.5 1.5 1.5 1.5 1.5 1.5 1.5 1.0891 1.1377 1.1862 1.2346 1.283 1.3317 1.3806 3.43192 3.41409 3.44389 3.46499 3.48594 3.5026 3.52202 3.54603 3.57945 3.60791 3.63522 3.67063 3.70912 3.75126 3.80213 3.83406 3.88525 3.93152 3.9809 4.03792 4.07168 4.12546 4.16914 4.21223 4.27664 4.30897 4.36016 4.40566 4.44336 4.46826 4.47619 4.45996 4.52696 4.49398 4.44265 4.73263 4.70297 4.7093 4.70652 4.67291 4.66915 4.66012 4.67555 4.68284 4.68984 4.69785 4.71597 4.73218 4.7455 4.76737 4.77832 4.80187 4.82352 4.8426 4.87196 4.88641 4.91507 4.93029 4.95039 4.9746 4.98419 5.00206 5.01518 
1.5 1.5 1.5 1.5 1.5 1.5 1.5 1.5 1.5 1.5 1.5 1.0891 1.1373 1.1852 1.2324 1.2797 1.3283 1.3783 3.44769 3.45029 3.47894 3.51183 3.54024 3.56523 3.59323 3.62425 3.65206 3.68742 3.71263 3.75011 3.78291 3.81915 3.85807 3.89449 3.93567 3.97844 4.01996 4.06838 4.10857 4.16704 4.21572 4.25506 4.31543 4.35184 4.41376 4.44897 4.48643 4.51986 4.55029 4.54352 4.64389 4.55694 4.50212 4.80014 4.72699 4.7332 4.71918 4.6748 4.67117 4.66088 4.66962 4.67664 4.68222 4.68965 4.70581 4.71941 4.73272 4.75553 4.76722 4.79203 4.80752 4.83104 4.86288 4.87668 4.90788 4.92359 4.94286 4.96855 4.98359 5.0089 5.02038 
1.5 1.5 1.5 1.5 1.5 1.5 1.5 1.5 1.5 1.5 1.5 1.0836 1.1258 1.1657 1.203 1.2409 1.2844 3.46544 3.48102 3.49018 3.51193 3.53682 3.56419 3.58524 3.61682 3.65702 3.69607 3.73705 3.76327 3.80202 3.83739 3.87178 3.90986 3.93392 3.97954 4.01552 4.05049 4.09084 4.12372 4.17359 4.21551 4.25458 4.31299 4.3543 4.41261 4.4393 4.47648 4.51111 4.537 4.52621 4.61473 4.52715 4.47651 4.46136 4.693 4.70714 4.68726 4.65127 4.65448 4.64029 4.6493 4.65677 4.66842 4.67852 4.69406 4.70775 4.72064 4.74649 4.75877 4.78187 4.7935 4.81268 4.84819 4.8634 4.89612 4.90926 4.93122 4.95827 4.97042 4.99729 5.02643 
1.5 1.5 1.5 1.5 1.5 1.5 1.5 1.5 1.5 1.5 1.5 1.083 1.1225 1.155 1.1793 1.2058 1.2492 3.50772 3.53031 3.55121 3.56026 3.5886 3.6177 3.63908 3.66335 3.69411 3.72168 3.75159 3.78113 3.81628 3.84072 3.86801 3.898 3.91267 3.9501 3.99155 4.02453 4.0657 4.10025 4.15236 4.19684 4.23338 4.2892 4.32494 4.38245 4.4211 4.44979 4.47835 4.50357 4.51272 4.57415 4.49996 4.44931 4.44228 4.67406 4.69577 4.68841 4.65708 4.65325 4.64026 4.65024 4.6597 4.67158 4.68199 4.70107 4.71273 4.72574 4.74914 4.76018 4.78877 4.80153 4.8061 4.84174 4.85748 4.88933 4.90547 4.92128 4.95204 4.96271 4.9806 5.03476 
1.5 1.5 1.5 1.5 1.5 1.5 1.5 1.5 1.5 1.5 1.5 1.0817 1.1165 1.1354 1.1363 1.1418 1.1853 3.50256 3.51123 3.55582 3.57653 3.59179 3.62339 3.65164 3.68545 3.7252 3.7613 3.79771 3.81915 3.8662 3.88958 3.91014 3.93356 3.94635 3.97454 3.99508 4.01369 4.0321 4.05582 4.0939 4.13594 4.17012 4.22449 4.26009 4.31609 4.34817 4.38925 4.4018 4.4037 4.39952 4.49458 4.42314 4.38384 4.383 4.62779 4.67157 4.69775 4.66281 4.66504 4.66255 4.66832 4.67976 4.68758 4.69466 4.711 4.72641 4.74001 4.76049 4.77136 4.79354 4.80989 4.81674 4.84751 4.85896 4.88589 4.90104 4.91982 4.94327 4.95885 4.9568 5.03568 
1.5 1.5 1.5 1.5 1.5 1.5 1.5 1.5 1.5 1.5 1.5 1.0855 1.1202 1.1291 1.1087 1.0962 1.1449 1.2547 3.5342 3.54285 3.5755 3.59086 3.61473 3.63776 3.66903 3.70211 3.73821 3.77477 3.80336 3.85708 3.87992 3.89906 3.92693 3.94708 3.97717 4.0006 4.0209 4.04969 4.07283 4.09182 4.11112 4.12864 4.15462 4.1733 4.20188 4.22537 4.24305 4.27389 4.29885 4.30385 4.40989 4.32443 4.31533 4.31752 4.57708 4.67954 4.72513 4.67083 4.68211 4.68948 4.69638 4.70937 4.71462 4.72255 4.73335 4.74256 4.75057 4.76883 4.78186 4.80291 4.81593 4.82285 4.85722 4.86504 4.88717 4.89951 4.91564 4.93604 4.95314 4.94821 5.02289 
1.5 1.5 1.5 1.5 1.5 1.5 1.5 1.5 1.5 1.5 1.5 1.0889 1.1252 1.1312 1.1029 1.0837 1.1364 1.2609 1.3945 3.54492 3.55301 3.5903 3.61499 3.638 3.66587 3.69538 3.72773 3.75963 3.7917 3.81901 3.84491 3.87057 3.88115 3.89246 3.90555 3.92131 3.93591 3.9537 3.97199 3.99971 4.03699 4.06226 4.09676 4.11598 4.16683 4.20345 4.23502 4.27413 4.31848 4.3677 4.4852 4.35153 4.35542 4.37072 4.66012 4.7307 4.79804 4.72085 4.73016 4.73359 4.7339 4.74132 4.73553 4.74356 4.74848 4.7557 4.76204 4.77274 4.78105 4.79951 4.80991 4.82404 4.85206 4.86692 4.88857 4.89771 4.91207 4.93144 4.94373 4.95631 5.00289 
1.5 1.5 1.5 1.5 1.5 1.5 1.5 1.5 1.5 1.5 1.5 1.0928 1.1347 1.1508 1.1376 1.1323 1.1882 1.3053 1.4301 1.5258 3.55445 3.57543 3.59842 3.61659 3.64277 3.66718 3.69233 3.72247 3.74022 3.76127 3.78019 3.80107 3.81863 3.82705 3.83962 3.85561 3.87354 3.88811 3.90395 3.92893 3.97528 4.0107 4.08285 4.1317 4.21442 4.27201 4.32184 4.39876 4.43644 4.46886 4.62142 4.51487 4.50139 4.48528 4.75716 4.76316 4.83965 4.75446 4.75691 4.74217 4.74526 4.74792 4.74187 4.74586 4.74907 4.75531 4.76147 4.7698 4.77724 4.79303 4.80247 4.81909 4.84208 4.85697 4.888 4.89944 4.91178 4.92997 4.93878 4.95966 4.98571 
1.5 1.5 1.5 1.5 1.5 1.5 1.5 1.5 1.5 1.5 1.5 1.0909 1.1349 1.1629 1.173 1.1877 1.2404 1.331 1.4263 3.56607 3.56395 3.60209 3.61523 3.63232 3.65213 3.67081 3.68151 3.69466 3.70945 3.71863 3.7284 3.73936 3.76415 3.77286 3.78489 3.81989 3.85539 3.89719 3.93213 3.98817 4.05858 4.09421 4.17708 4.22207 4.309 4.38042 4.42081 4.46849 4.4862 4.50661 4.56714 4.77369 4.56652 4.57167 4.54425 4.77906 4.84375 4.7708 4.76753 4.73599 4.7376 4.72885 4.72379 4.72772 4.73385 4.74025 4.7468 4.7603 4.76582 4.77647 4.79499 4.80882 4.8322 4.84322 4.86823 4.88591 4.90382 4.92522 4.92968 4.9525 4.96012 
1.5 1.5 1.5 1.5 1.5 1.5 1.5 1.5 1.5 1.5 1.5 1.0882 1.1329 1.1705 1.1999 1.2316 1.2802 1.3459 3.52713 3.50802 3.54652 3.59148 3.62354 3.65316 3.66945 3.68824 3.69444 3.70882 3.72157 3.73183 3.75675 3.77913 3.81373 3.83024 3.86293 3.89875 3.92973 3.96327 3.99386 4.03884 4.08752 4.11385 4.17309 4.21606 4.2795 4.33938 4.37955 4.44424 4.48661 4.5323 4.5321 4.79041 4.55699 4.56208 4.56294 4.78224 4.80904 4.74332 4.74162 4.70785 4.70538 4.69696 4.69287 4.69976 4.70909 4.72073 4.73033 4.74658 4.75557 4.77915 4.7924 4.80699 4.83162 4.84324 4.86713 4.87967 4.89403 4.92185 4.92973 4.95273 4.94506 
1.5 1.5 1.5 1.5 1.5 1.5 1.5 1.5 1.5 1.5 1.5 1.0928 1.1442 1.1932 1.2397 1.2868 1.3395 1.3977 1.4566 3.44864 3.46333 3.50896 3.55069 3.57578 3.61311 3.66085 3.7094 3.74782 3.76353 3.80031 3.82534 3.85167 3.86532 3.87351 3.88985 3.90553 3.92121 3.93997 3.95817 3.9808 4.02081 4.04573 4.09315 4.12989 4.20157 4.27579 4.32763 4.41379 4.46105 4.53937 4.5597 4.82954 4.57404 4.55781 4.54735 4.74869 4.78855 4.72164 4.70468 4.67141 4.6715 4.65997 4.65954 4.66995 4.68291 4.69715 4.70618 4.73206 4.74679 4.7722 4.78685 4.80252 4.83271 4.84457 4.86757 4.87987 4.89672 4.91576 4.92411 4.94825 4.92869 
1.5 1.5 1.5 1.5 1.5 1.5 1.5 1.5 1.5 1.5 1.5 1.0963 1.1518 1.2069 1.2613 1.3158 1.3717 1.4289 1.4862 1.5429 3.48605 3.50651 3.54894 3.57558 3.60822 3.63702 3.67299 3.72431 3.75808 3.77709 3.79163 3.80942 3.8148 3.82357 3.83327 3.84248 3.85913 3.87433 3.89229 3.91659 3.96445 3.99088 4.0597 4.10463 4.18867 4.26778 4.3188 4.41112 4.45273 4.51608 4.54585 4.77553 4.6323 4.55747 4.56654 4.73086 4.74404 4.75165 4.71034 4.66701 4.66461 4.64961 4.65807 4.65947 4.6703 4.68672 4.69795 4.72259 4.73195 4.75795 4.77742 4.79552 4.82304 4.83728 4.86361 4.87726 4.89306 4.92398 4.91669 4.94339 4.92204 
1.5 1.5 1.5 1.5 1.5 1.5 1.5 1.5 1.5 1.5 1.5 1.1079 1.1753 1.2425 1.3098 1.3769 1.4444 1.5121 1.5797 1.6473 3.47321 3.48333 3.51046 3.53282 3.55641 3.58075 3.60618 3.62935 3.66441 3.70267 3.67719 3.69006 3.70182 3.71661 3.72987 3.74193 3.7614 3.80465 3.834 3.88041 3.93855 3.97651 4.06411 4.10409 4.18304 4.24714 4.28458 4.36767 4.40546 4.44733 4.4624 4.57139 4.69715 4.50804 4.51958 4.68111 4.68027 4.74454 4.71154 4.65549 4.65967 4.65149 4.66729 4.66417 4.66706 4.69015 4.69817 4.71885 4.73103 4.75676 4.76887 4.7836 4.81415 4.83187 4.85767 4.87136 4.88762 4.91741 4.91729 4.92816 4.92393 
1.5 1.5 1.5 1.5 1.5 1.5 1.5 1.5 1.5 1.5 1.5 1.1079 1.1753 1.2428 1.3102 1.3776 1.445 1.5125 1.5799 1.6474 3.52221 3.53302 3.51241 3.52253 3.52847 3.53341 3.53082 3.52885 3.53999 3.59425 3.56144 3.5712 3.59848 3.62264 3.65759 3.67377 3.69867 3.74038 3.76597 3.81232 3.86622 3.90382 3.98246 4.01896 4.10285 4.1702 4.21216 4.30551 4.35151 4.39418 4.4686 4.53515 4.65501 4.47895 4.42176 4.6219 4.61359 4.66239 4.67971 4.61552 4.62831 4.62986 4.65634 4.65897 4.6619 4.68134 4.70133 4.72288 4.73151 4.75422 4.76863 4.78411 4.80628 4.81337 4.8453 4.86216 4.87778 4.90384 4.91701 4.93008 4.94118 
1.5 1.5 1.5 1.5 1.5 1.5 1.5 1.5 1.5 1.5 1.5 1.1079 1.1753 1.2428 1.3102 1.3776 1.4451 1.5125 1.5799 1.6474 3.50583 3.52445 3.52794 3.547 3.56844 3.585 3.59939 3.60351 3.62799 3.65867 3.61534 3.61101 3.5983 3.60023 3.59763 3.5817 3.5944 3.60137 3.61918 3.64232 3.68567 3.71239 3.77574 3.81104 3.89561 3.96828 4.02095 4.12629 4.18343 4.26141 4.31783 4.40032 4.40786 4.32526 4.29877 4.53005 4.55299 4.565 4.62962 4.59199 4.6151 4.6242 4.65943 4.66726 4.68295 4.69399 4.70973 4.73453 4.74633 4.76289 4.77409 4.78562 4.8079 4.81535 4.83593 4.8485 4.86477 4.88496 4.90161 4.92706 4.96393 
1.5 1.5 1.5 1.5 1.5 1.5 1.5 1.5 1.5 1.5 1.5 1.0964 1.1522 1.2081 1.264 1.3198 1.3757 1.4316 1.4875 1.5434 3.52433 3.5586 3.56158 3.57727 3.60076 3.60857 3.6188 3.63329 3.6651 3.64809 3.63118 3.63121 3.61072 3.60656 3.58543 3.56423 3.54538 3.53772 3.54 3.53879 3.57188 3.59735 3.66099 3.70355 3.80456 3.88879 3.94416 4.05819 4.11127 4.21013 4.29056 4.29564 4.33237 4.38144 4.31345 4.32171 4.59564 4.58126 4.67692 4.62697 4.64062 4.64948 4.67181 4.67831 4.68902 4.70167 4.71426 4.72763 4.74024 4.75667 4.77035 4.77926 4.79363 4.80402 4.82524 4.83256 4.84263 4.86031 4.88671 4.89646 4.97188 
1.5 1.5 1.5 1.5 1.5 1.5 1.5 1.5 1.5 1.5 1.5 1.0964 1.1522 1.2081 1.264 1.3198 1.3757 1.4316 1.4875 1.5434 3.48274 3.48173 3.48728 3.49936 3.51205 3.52442 3.53563 3.5564 3.55722 3.53927 3.539 3.54806 3.55256 3.55961 3.56446 3.58403 3.60127 3.62443 3.64598 3.67343 3.70342 3.72354 3.76672 3.78949 3.83965 3.88515 3.91759 4.00265 4.04431 4.13295 4.18631 4.31541 4.38838 4.37524 4.52243 4.38613 4.66953 4.67063 4.75573 4.70665 4.70332 4.68394 4.69988 4.70009 4.70079 4.71198 4.71355 4.71997 4.73038 4.74385 4.75629 4.77036 4.78542 4.79028 4.81145 4.82299 4.83579 4.85303 4.86179 4.89911 4.9495 
1.5 1.5 1.5 1.5 1.5 1.5 1.5 1.5 1.5 1.5 1.5 1.1176 1.1946 1.2717 1.3488 1.4258 1.5029 1.58 1.657 1.7341 3.51938 3.52091 3.5206 3.52033 3.52735 3.54608 3.53961 3.51541 3.5203 3.51356 3.52007 3.52702 3.5457 3.56447 3.5852 3.6175 3.64703 3.67808 3.69965 3.73746 3.77761 3.80382 3.85054 3.8752 3.93308 3.9793 4.0121 4.0901 4.12609 4.18833 4.21119 4.25823 4.38662 4.46959 4.37394 4.38056 4.65748 4.68083 4.73446 4.69318 4.69197 4.68356 4.67767 4.68761 4.68818 4.69581 4.70022 4.70311 4.7146 4.72453 4.73676 4.7467 4.76436 4.77252 4.79648 4.81297 4.82523 4.84337 4.8636 4.92042 4.9196 
1.5 1.5 1.5 1.5 1.5 1.5 1.5 1.5 1.5 1.5 1.5 1.1327 1.2249 1.3171 1.4093 1.5015 1.5937 1.686 1.7782 1.8703 3.52268 3.49798 3.55651 3.58635 3.62073 3.64285 3.65513 3.66225 3.68135 3.67699 3.67074 3.65925 3.65316 3.65814 3.65041 3.65742 3.66414 3.69894 3.71486 3.74654 3.7987 3.82898 3.90174 3.94011 4.02672 4.09215 4.13685 4.26569 4.32956 4.44697 4.51287 4.5741 4.59458 5.22456 4.66711 4.65003 4.95056 4.89485 4.87578 4.77757 4.75313 4.72181 4.67095 4.68473 4.66203 4.66601 4.66782 4.66682 4.67993 4.69484 4.70668 4.72166 4.74456 4.76063 4.79448 4.80548 4.81796 4.84312 4.85796 4.93267 4.87757 
1.5 1.5 1.5 1.5 1.5 1.5 1.5 1.5 1.5 1.5 1.5 1.1257 1.2109 1.2961 1.3814 1.4665 1.5518 1.6371 1.7223 1.8075 3.59897 3.59749 3.66144 3.66986 3.67184 3.68618 3.71085 3.71316 3.72363 3.73179 3.74652 3.76123 3.774 3.79062 3.8032 3.81941 3.83792 3.8641 3.86908 3.89117 3.92533 3.94307 3.98957 4.02302 4.09214 4.1343 4.17163 4.26775 4.31199 4.39028 4.43106 4.48773 4.54347 4.87405 4.57731 4.55823 4.87915 4.82665 4.81709 4.75551 4.74267 4.71971 4.67756 4.68644 4.67043 4.67193 4.66803 4.66677 4.67515 4.69307 4.70653 4.72114 4.74535 4.75503 4.78657 4.808 4.82484 4.84397 4.84877 4.93081 4.85619 
1.5 1.5 1.5 1.5 1.5 1.5 1.5 1.5 1.5 1.5 1.5 1.1176 1.1946 1.2717 1.3488 1.4258 1.5029 1.58 1.657 1.7341 3.57354 3.59043 3.60091 3.60857 3.63412 3.65804 3.69021 3.69879 3.71871 3.74468 3.77011 3.79273 3.82477 3.85391 3.88778 3.91407 3.93637 3.97143 3.98188 4.01315 4.04405 4.06112 4.09744 4.12273 4.17718 4.20454 4.2261 4.29151 4.33066 4.39495 4.4293 4.4654 4.49949 4.79764 4.55533 4.52859 4.86982 4.83289 4.81669 4.76293 4.75744 4.73095 4.69874 4.69994 4.68191 4.68125 4.67992 4.68487 4.68889 4.70529 4.71759 4.72538 4.74859 4.75759 4.78878 4.80728 4.82755 4.84013 4.84106 4.92964 4.83398 
1.5 1.5 1.5 1.5 1.5 1.5 1.5 1.5 1.5 1.5 1.5 1.1176 1.1946 1.2717 1.3488 1.4258 1.5029 1.58 1.657 1.7341 3.5657 3.56736 3.58143 3.60337 3.62042 3.63947 3.65591 3.6639 3.67988 3.7 3.72374 3.75111 3.79617 3.8258 3.87024 3.92245 3.97029 3.99935 4.02106 4.06676 4.09324 4.11324 4.14594 4.1679 4.19935 4.21349 4.23454 4.27865 4.30183 4.35433 4.38221 4.43313 4.47387 4.65126 4.66244 4.52952 4.83395 4.86967 4.8305 4.79974 4.77526 4.74764 4.72932 4.72707 4.71034 4.70896 4.70697 4.71302 4.71294 4.726 4.73494 4.74015 4.75847 4.76861 4.79162 4.80941 4.82568 4.84027 4.84459 4.92259 4.8299 
1.5 1.5 1.5 1.5 1.5 1.5 1.5 1.5 1.5 1.5 1.5 1.1257 1.2109 1.2961 1.3814 1.4665 1.5518 1.6371 1.7223 1.8075 3.59294 3.62676 3.6344 3.64154 3.65951 3.68408 3.69679 3.71305 3.73213 3.74842 3.77122 3.79322 3.81623 3.84148 3.86695 3.89321 3.91988 3.95653 3.95962 3.98642 4.01269 4.02347 4.04223 4.06057 4.10435 4.12792 4.1525 4.2113 4.25233 4.36439 4.42575 4.47851 4.52429 4.57101 4.85234 4.68802 4.5879 4.88834 4.88296 4.86996 4.83404 4.80373 4.75776 4.75105 4.74113 4.73939 4.73237 4.7245 4.72509 4.73901 4.74753 4.75225 4.76063 4.77242 4.79441 4.80788 4.81856 4.83121 4.84378 4.91311 4.82199 
1.5 1.5 1.5 1.5 1.5 1.5 1.5 1.5 1.5 1.5 1.5 1.1257 1.2109 1.2961 1.3814 1.4665 1.5518 1.6371 1.7223 1.8075 3.60123 3.6006 3.66293 3.68059 3.69506 3.69348 3.70172 3.71743 3.72384 3.73213 3.74725 3.76384 3.78248 3.80328 3.82025 3.84048 3.86157 3.89295 3.8823 3.89692 3.92389 3.92986 3.96501 3.99175 4.0472 4.09438 4.13568 4.22077 4.26812 4.3788 4.42807 4.4951 4.56676 4.60595 4.70519 4.97747 4.60887 4.96979 4.91519 4.91569 4.88739 4.85889 4.79787 4.79003 4.77342 4.76674 4.7622 4.75287 4.74598 4.75342 4.76407 4.76749 4.77214 4.78435 4.80238 4.81007 4.81883 4.83376 4.84696 4.91506 4.82835 
1.5 1.5 1.5 1.5 1.5 1.5 1.5 1.5 1.5 1.5 1.5 1.1387 1.237 1.3353 1.4335 1.5318 1.6301 1.7283 1.8266 1.9249 3.50026 3.48621 3.5503 3.56656 3.58765 3.61439 3.64346 3.66894 3.69162 3.70405 3.71016 3.71085 3.715 3.7237 3.72821 3.74262 3.76683 3.79327 3.8086 3.84445 3.88446 3.91491 3.96388 3.99216 4.04474 4.08869 4.11902 4.16857 4.19394 4.25703 4.28973 4.32967 4.35564 4.373 4.43289 4.61042 4.40446 4.72662 4.69084 4.71146 4.72451 4.72547 4.70401 4.71704 4.73784 4.74364 4.75326 4.75809 4.75743 4.76613 4.77913 4.78797 4.79629 4.81124 4.82238 4.83022 4.8407 4.85479 4.86511 4.93507 4.84862 
1.5 1.5 1.5 1.5 1.5 1.5 1.5 1.5 1.5 1.5 1.5 1.144 1.2476 1.3512 1.4547 1.5583 1.6618 1.7654 1.869 1.9725 3.46337 3.47035 3.47602 3.48493 3.49682 3.51049 3.52285 3.55296 3.58131 3.6046 3.63468 3.67064 3.71064 3.7365 3.77503 3.80214 3.83076 3.84503 3.85834 3.87284 3.88521 3.89815 3.90613 3.9196 3.93796 3.95964 3.97651 4.0132 4.03745 4.09406 4.13064 4.1675 4.20716 4.23587 4.36305 4.34052 4.2847 4.59435 4.54399 4.56508 4.59409 4.60897 4.62292 4.62937 4.67244 4.691 4.7163 4.73926 4.74876 4.77028 4.78253 4.80158 4.81695 4.82875 4.84181 4.84935 4.86557 4.87619 4.89163 4.92956 4.88876 
1.5 1.5 1.5 1.5 1.5 1.5 1.5 1.5 1.5 1.5 1.5 1.1327 1.2249 1.3171 1.4093 1.5015 1.5937 1.686 1.7782 1.8703 3.45456 3.48515 3.4767 3.49935 3.52189 3.54815 3.5823 3.61889 3.64874 3.7035 3.72708 3.74982 3.77332 3.79597 3.82396 3.82235 3.82395 3.82282 3.83065 3.82846 3.82258 3.82763 3.83405 3.83913 3.8619 3.88855 3.91194 3.96146 3.99724 4.08142 4.13221 4.18682 4.23369 4.26401 4.44806 4.31166 4.3591 4.54692 4.51653 4.51555 4.53006 4.53541 4.54735 4.55955 4.59439 4.62802 4.65289 4.69431 4.70967 4.74702 4.77344 4.8019 4.82908 4.84004 4.86083 4.87183 4.88682 4.90254 4.92393 4.90387 4.92081 
1.5 1.5 1.5 1.5 1.5 1.5 1.5 1.5 1.5 1.5 1.5 1.1257 1.2109 1.2961 1.3814 1.4665 1.5518 1.6371 1.7223 1.8075 3.50603 3.57781 3.55056 3.56852 3.58981 3.61765 3.64688 3.67025 3.6929 3.73488 3.78633 3.77883 3.79143 3.79776 3.8025 3.79643 3.79825 3.79195 3.78877 3.77626 3.78281 3.79699 3.81555 3.83874 3.8757 3.91244 3.94375 3.99554 4.02343 4.08556 4.11563 4.15318 4.17428 4.18294 4.33965 4.23774 4.23554 4.43264 4.42071 4.42156 4.43843 4.4523 4.47981 4.50048 4.53604 4.57927 4.60709 4.66039 4.68487 4.73487 4.75417 4.78252 4.82417 4.84254 4.87433 4.87803 4.89201 4.92781 4.92815 4.92786 4.95374 
1.5 1.5 1.5 1.5 1.5 1.5 1.5 1.5 1.5 1.5 1.5 1.1387 1.237 1.3353 1.4335 1.5318 1.6301 1.7283 1.8266 1.9249 3.47876 3.51927 3.50826 3.5271 3.55221 3.58121 3.61182 3.6419 3.66547 3.68859 3.73287 3.71499 3.72913 3.73347 3.74803 3.76074 3.77629 3.79217 3.81521 3.83793 3.8469 3.85127 3.86319 3.87464 3.89838 3.92224 3.9443 3.99066 4.02179 4.09755 4.14648 4.19318 4.23881 4.27503 4.33958 4.57154 4.36652 4.3242 4.50806 4.51819 4.51595 4.51762 4.50524 4.51528 4.52851 4.56415 4.58389 4.63303 4.65659 4.69891 4.72611 4.75081 4.80021 4.81967 4.8561 4.88185 4.90609 4.91871 4.92384 4.91889 4.97857 
1.5 1.5 1.5 1.5 1.5 1.5 1.5 1.5 1.5 1.5 1.5 1.144 1.2476 1.3512 1.4547 1.5583 1.6618 1.7654 1.869 1.9725 3.49921 3.5131 3.5141 3.52807 3.5402 3.55109 3.55497 3.56027 3.57042 3.59085 3.62478 3.62557 3.64803 3.66599 3.69331 3.72956 3.75371 3.7861 3.80883 3.84515 3.88484 3.91446 3.92817 3.93958 3.96824 3.99159 4.00804 4.0387 4.05846 4.10553 4.14448 4.18741 4.23786 4.26965 4.28159 4.43024 4.32399 4.30664 4.58267 4.52004 4.53028 4.53919 4.52896 4.52936 4.53728 4.56521 4.58551 4.62172 4.63699 4.6876 4.71112 4.74 4.7897 4.81279 4.85381 4.87414 4.90254 4.94234 4.93219 4.91641 4.9878 
1.5 1.5 1.5 1.5 1.5 1.5 1.5 1.5 1.5 1.5 1.5 1.144 1.2476 1.3512 1.4547 1.5583 1.6618 1.7654 1.869 1.9725 3.47417 3.48044 3.50314 3.52146 3.53784 3.55893 3.58043 3.60052 3.62302 3.65329 3.65319 3.65729 3.66615 3.67425 3.68679 3.711 3.72336 3.75714 3.78183 3.81627 3.85909 3.89445 3.9612 3.95427 3.99709 4.02984 4.0538 4.09816 4.12548 4.16673 4.20071 4.23034 4.26477 4.28331 4.29019 4.34304 4.47645 4.38672 4.6189 4.57919 4.57741 4.60026 4.56478 4.56019 4.56855 4.58079 4.59448 4.62198 4.6411 4.6852 4.71351 4.74169 4.78811 4.80487 4.84718 4.86422 4.88825 4.94571 4.93691 4.89963 4.9886 
1.5 1.5 1.5 1.5 1.5 1.5 1.5 1.5 1.5 1.5 1.5 1.1487 1.2569 1.3652 1.4735 1.5816 1.6899 1.7982 1.9064 2.0146 3.50402 3.5277 3.55321 3.57283 3.5927 3.6106 3.63134 3.65889 3.68132 3.68831 3.69662 3.70942 3.72388 3.73418 3.74902 3.77187 3.78771 3.81349 3.83213 3.85498 3.88232 3.9139 3.96634 3.9573 3.98957 4.01748 4.0389 4.0703 4.09226 4.12006 4.14716 4.16764 4.19975 4.22176 4.23564 4.24978 4.34089 4.44402 4.53987 4.53047 4.58681 4.61893 4.58954 4.60078 4.6069 4.61733 4.636 4.66199 4.67382 4.70322 4.72522 4.74503 4.78476 4.80305 4.84322 4.85882 4.88385 4.93563 4.92722 4.89467 4.98524 
1.5 1.5 1.5 1.5 1.5 1.5 1.5 1.5 1.5 1.5 1.5 1.1487 1.2569 1.3652 1.4735 1.5816 1.6899 1.7982 1.9064 2.0146 3.48562 3.4942 3.52021 3.54513 3.56924 3.5929 3.61551 3.63454 3.64786 3.67073 3.69264 3.71881 3.74461 3.76343 3.79534 3.8356 3.86583 3.90185 3.92791 3.9656 3.99479 4.0293 4.02732 4.03456 4.04126 4.04626 4.05359 4.05715 4.06517 4.07405 4.09482 4.11523 4.15171 4.1867 4.21924 4.24524 4.26832 4.37547 4.46141 4.49976 4.60156 4.65118 4.6236 4.62868 4.65461 4.67063 4.68612 4.69827 4.70531 4.72913 4.74637 4.76027 4.79087 4.80717 4.83628 4.85821 4.89277 4.91601 4.90917 4.90879 4.97649 
1.5 1.5 1.5 1.5 1.5 1.5 1.5 1.5 1.5 1.5 1.5 1.1387 1.237 1.3353 1.4335 1.5318 1.6301 1.7283 1.8266 1.9249 3.49153 3.50427 3.51452 3.52504 3.53021 3.54077 3.54993 3.56618 3.58145 3.60163 3.62747 3.6549 3.69388 3.71981 3.76608 3.81241 3.84641 3.89375 3.92719 3.97816 4.00488 4.0196 4.04374 4.06311 4.08609 4.10304 4.11642 4.13981 4.16264 4.19325 4.22278 4.24944 4.27929 4.29385 4.30992 4.32638 4.34941 4.39317 4.7949 4.72165 4.77201 4.80015 4.77789 4.77668 4.75849 4.75526 4.75687 4.7501 4.75327 4.76204 4.77637 4.7828 4.79899 4.81144 4.83802 4.86348 4.87884 4.88581 4.89711 4.92974 4.9504 
1.5 1.5 1.5 1.5 1.5 1.5 1.5 1.5 1.5 1.5 1.5 1.144 1.2476 1.3512 1.4547 1.5583 1.6618 1.7654 1.869 1.9725 3.47392 3.4954 3.49439 3.51427 3.52956 3.54569 3.56439 3.58176 3.60104 3.62513 3.65186 3.67996 3.71155 3.73351 3.76739 3.79948 3.82534 3.85438 3.86842 3.88529 3.91055 3.92952 3.96444 3.98868 4.0324 4.07345 4.10948 4.16322 4.19295 4.23717 4.26014 4.29099 4.33119 4.35457 4.38324 4.40351 4.42083 4.43785 4.7909 4.81722 4.8152 4.83706 4.812 4.81556 4.80296 4.7957 4.79097 4.78731 4.79348 4.79611 4.80463 4.8102 4.82394 4.83355 4.85308 4.85463 4.86158 4.88514 4.8953 4.93006 4.92747 
1.5 1.5 1.5 1.5 1.5 1.5 1.5 1.5 1.5 1.5 1.5 1.1529 1.2653 1.3776 1.4901 1.6024 1.7149 1.8272 1.9396 2.052 3.49638 3.52149 3.52626 3.53768 3.56054 3.57932 3.60003 3.61938 3.63943 3.66361 3.69081 3.71807 3.74613 3.77012 3.79469 3.81725 3.83375 3.85339 3.87031 3.89381 3.92188 3.94497 3.97494 3.99648 4.02821 4.05473 4.07588 4.11 4.1346 4.1684 4.19302 4.21272 4.23415 4.24946 4.27467 4.29759 4.32055 4.3521 4.38105 4.74902 4.74683 4.79751 4.78936 4.79967 4.80421 4.80958 4.81433 4.8149 4.81747 4.8206 4.82819 4.83453 4.83686 4.83946 4.84949 4.85253 4.87015 4.87414 4.87669 4.92611 4.91335 
1.5 1.5 1.5 1.5 1.5 1.5 1.5 1.5 1.5 1.5 1.5 1.1566 1.2727 1.3888 1.5049 1.621 1.7372 1.8533 1.9694 2.0855 3.54673 3.56962 3.58748 3.59396 3.61712 3.63914 3.65991 3.68293 3.7027 3.72569 3.74575 3.76562 3.78557 3.80133 3.8235 3.84923 3.87264 3.89933 3.92188 3.95167 3.97086 3.98891 4.00822 4.02522 4.03751 4.0474 4.05653 4.0615 4.06848 4.07646 4.09186 4.10723 4.13648 4.16138 4.20046 4.23335 4.26563 4.3097 4.33691 4.69673 4.73414 4.77409 4.77308 4.78357 4.80292 4.80794 4.82236 4.82318 4.82393 4.83035 4.83315 4.83324 4.84032 4.84945 4.85949 4.86602 4.87178 4.87873 4.88853 4.92478 4.91817 
1.5 1.5 1.5 1.5 1.5 1.5 1.5 1.5 1.5 1.5 1.5 1.1529 1.2653 1.3776 1.4901 1.6024 1.7149 1.8272 1.9396 2.052 3.5757 3.59345 3.62955 3.64098 3.65951 3.6884 3.71055 3.73326 3.75131 3.77245 3.79023 3.80836 3.82982 3.84579 3.86133 3.87753 3.89363 3.90601 3.91844 3.92912 3.94475 3.95673 3.97008 3.98406 4.00127 4.01976 4.0378 4.06231 4.0837 4.10734 4.12664 4.14665 4.16493 4.17904 4.19637 4.21276 4.22581 4.24949 4.26752 4.60733 4.67322 4.69913 4.70736 4.72147 4.75856 4.76312 4.7845 4.80563 4.80692 4.82007 4.82685 4.83816 4.85129 4.85741 4.86739 4.86885 4.87864 4.87693 4.88658 4.9403 4.92608 
1.5 1.5 1.5 1.5 1.5 1.5 1.5 1.5 1.5 1.5 1.5 1.1529 1.2653 1.3776 1.4901 1.6024 1.7149 1.8272 1.9396 2.052 3.57362 3.59161 3.6215 3.63493 3.65055 3.67228 3.68962 3.70914 3.72447 3.74181 3.75753 3.77011 3.78737 3.80528 3.82101 3.83377 3.85026 3.87145 3.88895 3.9097 3.93579 3.95819 3.99007 4.01442 4.04244 4.06534 4.08446 4.10196 4.11461 4.12161 4.12891 4.13725 4.14181 4.15227 4.16089 4.18057 4.19552 4.22112 4.24195 4.57197 4.63673 4.63305 4.66706 4.67955 4.72191 4.73034 4.75136 4.7868 4.78756 4.8086 4.82071 4.8342 4.84877 4.85039 4.86098 4.86265 4.8687 4.88777 4.91059 4.90374 4.94924 
1.5 1.5 1.5 1.5 1.5 1.5 1.5 1.5 1.5 1.5 1.5 1.1529 1.2653 1.3776 1.4901 1.6024 1.7149 1.8272 1.9396 2.052 3.52727 3.52605 3.55565 3.57255 3.59722 3.6209 3.64419 3.67149 3.69206 3.71783 3.74213 3.76349 3.79019 3.81364 3.8401 3.86513 3.88436 3.91202 3.93109 3.9535 3.96951 3.98274 3.99955 4.01298 4.02771 4.04186 4.05529 4.07086 4.08775 4.10459 4.12148 4.13833 4.15578 4.17266 4.1877 4.20356 4.21851 4.23821 4.25553 4.57031 4.62065 4.61715 4.64561 4.65813 4.68898 4.70433 4.72867 4.76287 4.7694 4.7922 4.80347 4.81452 4.82873 4.83086 4.83943 4.85394 4.86707 4.90248 4.89815 4.91854 4.92969 
1.5 1.5 1.5 1.5 1.5 1.5 1.5 1.5 1.5 1.5 1.5 1.1529 1.2653 1.3776 1.4901 1.6024 1.7149 1.8272 1.9396 2.052 3.54306 3.54435 3.57252 3.60097 3.62268 3.64483 3.66851 3.69479 3.715 3.74116 3.76313 3.78215 3.8057 3.82653 3.84754 3.86556 3.87888 3.89599 3.9142 3.93016 3.94813 3.96543 3.98339 4.00395 4.02404 4.04757 4.06724 4.0891 4.10658 4.12557 4.14211 4.15945 4.17656 4.19317 4.20331 4.21799 4.23184 4.24879 4.26421 4.56964 4.61978 4.63395 4.65614 4.66443 4.68069 4.69421 4.71523 4.74749 4.75056 4.76528 4.77458 4.78077 4.79802 4.80925 4.82791 4.84375 4.87762 4.89939 4.89719 4.92613 4.9191 
1.5 1.5 1.5 1.5 1.5 1.5 1.5 1.5 1.5 1.5 1.5 1.1566 1.2727 1.3888 1.5049 1.621 1.7372 1.8533 1.9694 2.0855 3.54869 3.56229 3.58787 3.60657 3.62474 3.64014 3.65921 3.67953 3.69545 3.71319 3.73009 3.75277 3.77462 3.79233 3.81364 3.83636 3.85517 3.87572 3.89832 3.92022 3.94096 3.96015 3.97908 4.00113 4.02083 4.04283 4.06373 4.08608 4.10423 4.12425 4.14099 4.15911 4.1763 4.19153 4.20245 4.21825 4.23216 4.25051 4.26667 4.27892 4.59391 4.65423 4.66562 4.66336 4.67259 4.68352 4.69403 4.71505 4.71248 4.7268 4.7406 4.75415 4.77959 4.7931 4.82562 4.8532 4.87042 4.87411 4.88699 4.90366 4.93236 
1.5 1.5 1.5 1.5 1.5 1.5 1.5 1.5 1.5 1.5 1.5 1.1629 1.2854 1.4079 1.5305 1.6529 1.7754 1.8979 2.0203 2.1428 3.53769 3.55122 3.57178 3.58934 3.60753 3.62438 3.64278 3.66275 3.67897 3.70094 3.72338 3.7445 3.76643 3.78444 3.80725 3.8296 3.84657 3.86871 3.88978 3.9117 3.93313 3.95213 3.97362 3.99614 4.01833 4.04171 4.06339 4.08785 4.10621 4.12887 4.14723 4.16607 4.18738 4.2048 4.22023 4.23658 4.25279 4.27206 4.28758 4.30443 4.60939 4.66546 4.6714 4.66973 4.673 4.67651 4.68412 4.69057 4.69174 4.71096 4.73456 4.7524 4.77906 4.79982 4.84447 4.84968 4.85126 4.86425 4.8902 4.94347 4.8868 
1.5 1.5 1.5 1.5 1.5 1.5 1.5 1.5 1.5 1.5 1.5 1.1629 1.2854 1.4079 1.5305 1.6529 1.7754 1.8979 2.0203 2.1428 3.50725 3.51718 3.53378 3.54834 3.56425 3.58313 3.60376 3.62441 3.64362 3.66812 3.6918 3.71572 3.7415 3.76143 3.78815 3.80979 3.83022 3.85784 3.87692 3.89999 3.92311 3.93983 3.9677 3.98625 4.01298 4.03667 4.05876 4.08656 4.10638 4.13286 4.15252 4.17348 4.19617 4.21352 4.22976 4.24526 4.26091 4.27773 4.29384 4.30944 4.62079 4.65674 4.66141 4.67019 4.66073 4.67067 4.67643 4.69204 4.70574 4.72451 4.74373 4.76778 4.80379 4.82073 4.83832 4.8378 4.85194 4.86951 4.89638 4.90327 4.86858 
1.5 1.5 1.5 1.5 1.5 1.5 1.5 1.5 1.5 1.5 1.5 1.1566 1.2727 1.3888 1.5049 1.621 1.7372 1.8533 1.9694 2.0855 3.51068 3.52327 3.53339 3.54574 3.56043 3.57783 3.59647 3.61504 3.63311 3.65277 3.67161 3.69078 3.71165 3.72866 3.7486 3.76964 3.79259 3.81641 3.83668 3.86263 3.89262 3.91536 3.94956 3.97289 4.00943 4.03836 4.06026 4.09251 4.1126 4.14106 4.16042 4.18065 4.20218 4.21993 4.23532 4.24857 4.26419 4.27631 4.28785 4.29908 4.60432 4.62818 4.63018 4.65607 4.67288 4.68464 4.68959 4.71319 4.72796 4.75673 4.77526 4.78928 4.80796 4.81453 4.83144 4.83946 4.84863 4.86898 4.87262 4.86799 4.87013 
1.5 1.5 1.5 1.5 1.5 1.5 1.5 1.5 1.5 1.5 1.5 1.1566 1.2727 1.3888 1.5049 1.621 1.7372 1.8533 1.9694 2.0855 3.52749 3.53803 3.55267 3.56441 3.57788 3.59268 3.60629 3.62044 3.63461 3.65268 3.67165 3.68913 3.70762 3.72392 3.74272 3.76418 3.78183 3.80328 3.81992 3.84366 3.87188 3.89212 3.92494 3.9474 3.98301 4.01254 4.03562 4.07154 4.09427 4.12621 4.14688 4.17039 4.19133 4.20672 4.21706 4.22667 4.23622 4.24579 4.25761 4.27448 4.59023 4.62238 4.64496 4.67259 4.70238 4.69965 4.71625 4.745 4.76198 4.77507 4.77283 4.78431 4.80027 4.81196 4.8245 4.83102 4.84424 4.86148 4.84755 4.86494 4.87329 
1.5 1.5 1.5 1.5 1.5 1.5 1.5 1.5 1.5 1.5 1.5 1.1599 1.2794 1.3988 1.5183 1.6377 1.7572 1.8767 1.9961 2.1156 3.55146 3.56416 3.57724 3.58872 3.5999 3.60879 3.6214 3.63281 3.64478 3.65283 3.66596 3.68687 3.70413 3.72157 3.74124 3.76504 3.78493 3.81228 3.83343 3.86219 3.89091 3.91187 3.94141 3.96151 3.98859 4.00717 4.02681 4.04698 4.06195 4.07888 4.09382 4.10814 4.12564 4.14268 4.16324 4.18291 4.20205 4.23004 4.25021 4.28372 4.60741 4.64765 4.67039 4.68584 4.72365 4.72042 4.7326 4.7412 4.74444 4.75274 4.76618 4.77673 4.78652 4.79873 4.815 4.82753 4.84477 4.84343 4.8536 4.87642 4.87931 
1.5 1.5 1.5 1.5 1.5 1.5 1.5 1.5 1.5 1.5 1.5 1.1629 1.2854 1.4079 1.5305 1.6529 1.7754 1.8979 2.0203 2.1428 3.55132 3.56406 3.57743 3.58893 3.60002 3.6097 3.62042 3.63261 3.64561 3.65551 3.66758 3.68465 3.70625 3.72655 3.75113 3.77965 3.80574 3.8356 3.85826 3.88818 3.9136 3.93262 3.95738 3.97347 3.99248 4.0074 4.02224 4.0388 4.0544 4.07098 4.08697 4.1031 4.12051 4.13615 4.15386 4.17136 4.18803 4.2123 4.22928 4.2547 4.57934 4.61594 4.64357 4.66107 4.68876 4.6778 4.68822 4.70878 4.72523 4.73608 4.74765 4.75978 4.78098 4.79345 4.81791 4.83544 4.8385 4.85379 4.86448 4.89439 4.88822 
1.5 1.5 1.5 1.5 1.5 1.5 1.5 1.5 1.5 1.5 1.5 1.1657 1.2909 1.4162 1.5414 1.6666 1.7919 1.9172 2.0424 2.1676 3.53603 3.54631 3.56313 3.57447 3.5874 3.59977 3.61122 3.62653 3.64179 3.65657 3.67571 3.69497 3.71386 3.73715 3.76304 3.7917 3.81536 3.84174 3.86041 3.88854 3.91542 3.93524 3.96305 3.98266 4.00799 4.02835 4.04566 4.06295 4.07758 4.08975 4.10086 4.11285 4.12058 4.1312 4.13911 4.15144 4.16236 4.17842 4.19664 4.22167 4.24272 4.57494 4.601 4.61974 4.6409 4.64633 4.65752 4.68603 4.69578 4.71397 4.73292 4.7482 4.77804 4.79348 4.82515 4.82847 4.84109 4.86096 4.87532 4.89833 4.89185 
1.5 1.5 1.5 1.5 1.5 1.5 1.5 1.5 1.5 1.5 1.5 1.1387 1.237 1.3353 1.4335 1.5318 1.6301 1.7283 1.8266 1.9249 3.50953 3.51104 3.53656 3.55112 3.56686 3.58532 3.60237 3.62712 3.64511 3.66652 3.68791 3.71097 3.73228 3.75075 3.78105 3.80746 3.83385 3.86575 3.88663 3.91665 3.94231 3.96171 3.98749 4.00527 4.02596 4.04215 4.05714 4.07073 4.0839 4.09489 4.10732 4.11895 4.12816 4.14218 4.15303 4.16485 4.1776 4.18884 4.20158 4.21612 4.23118 4.54411 4.57821 4.59979 4.60954 4.62506 4.64246 4.67148 4.68194 4.71195 4.7316 4.75362 4.78735 4.80488 4.82714 4.83431 4.85385 4.87462 4.8847 4.90647 4.90817 
1.5 1.5 1.5 1.5 1.5 1.5 1.5 1.5 1.5 1.5 1.5 1.1387 1.237 1.3353 1.4335 1.5318 1.6301 1.7283 1.8266 1.9249 3.50745 3.51155 3.54042 3.56142 3.57963 3.59801 3.61771 3.64151 3.66113 3.68239 3.70464 3.72725 3.74922 3.7634 3.79526 3.81863 3.84338 3.87006 3.89345 3.91926 3.94359 3.96246 3.98645 4.0039 4.02408 4.04027 4.05511 4.0696 4.08354 4.09572 4.10841 4.12177 4.13212 4.14522 4.15484 4.16641 4.17902 4.18938 4.20229 4.21729 4.23343 4.55214 4.58259 4.5873 4.61518 4.63261 4.64613 4.67375 4.68982 4.72591 4.74698 4.76902 4.79966 4.80884 4.83423 4.84966 4.86664 4.88685 4.89711 4.91738 4.92519 
1.5 1.5 1.5 1.5 1.5 1.5 1.5 1.5 1.5 1.5 1.5 1.1387 1.237 1.3353 1.4335 1.5318 1.6301 1.7283 1.8266 1.9249 3.51599 3.52461 3.54918 3.56854 3.58498 3.60345 3.62591 3.64593 3.66681 3.68772 3.70939 3.73087 3.75096 3.76876 3.79813 3.81843 3.844 3.86866 3.89054 3.91385 3.93563 3.95274 3.97428 3.99059 4.00962 4.02543 4.0426 4.05887 4.07402 4.08844 4.10242 4.11648 4.12808 4.14154 4.15369 4.16693 4.17934 4.19344 4.208 4.22787 4.24837 4.5873 4.60179 4.61599 4.63819 4.65305 4.67119 4.70475 4.72132 4.75306 4.77063 4.785 4.81132 4.82537 4.85203 4.86487 4.88052 4.89913 4.90852 4.92602 4.93557 
1.5 1.5 1.5 1.5 1.5 1.5 1.5 1.5 1.5 1.5 1.5 1.1387 1.237 1.3353 1.4335 1.5318 1.6301 1.7283 1.8266 1.9249 3.52856 3.53667 3.56156 3.57906 3.59579 3.61461 3.63444 3.65456 3.67196 3.69228 3.71072 3.72876 3.74317 3.76593 3.78657 3.80744 3.82717 3.85296 3.87067 3.89466 3.91548 3.9355 3.95914 3.97674 3.99807 4.01573 4.032 4.04943 4.06475 4.08015 4.09454 4.1086 4.12416 4.13828 4.15574 4.17401 4.19155 4.2141 4.23295 4.25854 4.27972 4.62162 4.64215 4.65511 4.68335 4.70248 4.71852 4.7437 4.75478 4.77912 4.79397 4.81069 4.83519 4.84714 4.86939 4.87972 4.89229 4.90638 4.91487 4.93077 4.9397 
1.5 1.5 1.5 1.5 1.5 1.5 1.5 1.5 1.5 1.5 1.5 1.1387 1.237 1.3353 1.4335 1.5318 1.6301 1.7283 1.8266 1.9249 3.54138 3.5523 3.57251 3.58785 3.60244 3.61619 3.63249 3.6481 3.66226 3.67782 3.69314 3.71002 3.73158 3.74956 3.77092 3.79516 3.81855 3.84225 3.86084 3.88512 3.90775 3.92579 3.94869 3.96592 3.9869 4.00475 4.02039 4.0393 4.05449 4.07398 4.0921 4.11028 4.13367 4.15273 4.17821 4.19896 4.21949 4.24696 4.26644 4.29549 4.31849 4.67209 4.69772 4.71001 4.73159 4.74395 4.75753 4.78005 4.79215 4.81391 4.8259 4.83907 4.85645 4.86542 4.88026 4.88872 4.89822 4.90969 4.91744 4.92909 4.93627 
1.5 1.5 1.5 1.5 1.5 1.5 1.5 1.5 1.5 1.5 1.5 1.1387 1.237 1.3353 1.4335 1.5318 1.6301 1.7283 1.8266 1.9249 3.53601 3.54579 3.5618 3.57614 3.59006 3.60481 3.62056 3.63729 3.65231 3.66697 3.68453 3.70674 3.72679 3.7454 3.76838 3.79228 3.81232 3.8353 3.85374 3.87674 3.89879 3.91582 3.9391 3.95578 3.97953 3.99977 4.01836 4.04447 4.06408 4.09193 4.11377 4.13547 4.16463 4.18446 4.21421 4.23721 4.26043 4.29114 4.31226 4.34249 4.3653 4.72374 4.7446 4.75527 4.77561 4.78765 4.80046 4.81731 4.82607 4.83994 4.84884 4.85803 4.86931 4.87672 4.88608 4.89287 4.90035 4.90817 4.91418 4.91967 4.92548 
1.5 1.5 1.5 1.5 1.5 1.5 1.5 1.5 1.5 1.5 1.5 1.1387 1.237 1.3353 1.4335 1.5318 1.6301 1.7283 1.8266 1.9249 3.52406 3.53981 3.55418 3.56776 3.58031 3.59634 3.6126 3.62765 3.6431 3.66026 3.68138 3.70159 3.72354 3.74125 3.76321 3.78463 3.80553 3.82829 3.84554 3.86912 3.89232 3.91282 3.9411 3.96072 3.99089 4.01414 4.03695 4.06806 4.08852 4.11996 4.14312 4.16674 4.19758 4.21778 4.24795 4.2701 4.29248 4.32109 4.34097 4.36855 4.38899 4.41061 4.78005 4.78873 4.80253 4.81144 4.8207 4.83191 4.83931 4.84871 4.8552 4.86243 4.86928 4.87501 4.88032 4.88556 4.89076 4.89552 4.90091 4.90492 4.91049 
1.5 1.5 1.5 1.5 1.5 1.5 1.5 1.5 1.5 1.5 1.5 1.1387 1.237 1.3353 1.4335 1.5318 1.6301 1.7283 1.8266 1.9249 3.51707 3.53165 3.546 3.55909 3.57397 3.59038 3.60533 3.62553 3.64335 3.664 3.68548 3.70617 3.7291 3.74648 3.77086 3.79737 3.81959 3.84679 3.86729 3.89662 3.92653 3.94768 3.98109 4.00302 4.03673 4.06396 4.08517 4.11805 4.13878 4.17022 4.19229 4.21512 4.24405 4.26378 4.29109 4.31126 4.33224 4.35677 4.37504 4.3977 4.4162 4.43503 4.80333 4.81082 4.82018 4.82669 4.83389 4.84056 4.84622 4.85136 4.85628 4.86143 4.86569 4.87092 4.87519 4.88043 4.8856 4.89038 4.89591 4.90109 4.90643 
1.5 1.5 1.5 1.5 1.5 1.5 1.5 1.5 1.5 1.5 1.5 1.1387 1.237 1.3353 1.4335 1.5318 1.6301 1.7283 1.8266 1.9249 3.52471 3.53592 3.54907 3.56279 3.58006 3.59842 3.61978 3.64064 3.65853 3.68309 3.70826 3.73511 3.76391 3.78579 3.81706 3.84843 3.87374 3.9048 3.92642 3.95801 3.98804 4.00912 4.04119 4.06182 4.09283 4.1177 4.13765 4.16617 4.18561 4.21239 4.23262 4.25354 4.27805 4.2964 4.3194 4.33784 4.35684 4.37736 4.3946 4.41341 4.42985 4.44682 4.81245 4.81819 4.82336 4.82843 4.83368 4.83799 4.84319 4.84729 4.85221 4.85715 4.86151 4.86687 4.87152 4.8769 4.88217 4.88731 4.89304 4.89815 4.90415 
1.5 1.5 1.5 1.5 1.5 1.5 1.5 1.5 1.5 1.5 1.5 1.1387 1.237 1.3353 1.4335 1.5318 1.6301 1.7283 1.8266 1.9249 3.56794 3.57082 3.59629 3.61481 3.6358 3.65744 3.68245 3.70888 3.73171 3.7573 3.78365 3.80959 3.83832 3.85885 3.88763 3.91545 3.93799 3.9659 3.98585 4.01322 4.03734 4.05951 4.0851 4.10695 4.13379 4.1562 4.17508 4.19984 4.21826 4.24117 4.2595 4.27857 4.29884 4.31582 4.3345 4.35085 4.3676 4.3842 4.40018 4.41583 4.43135 4.44696 4.81062 4.81599 4.82024 4.82518 4.83016 4.83425 4.83944 4.84363 4.84868 4.85371 4.85831 4.8638 4.86874 4.87423 4.87972 4.88512 4.8908 4.89622 4.902 
1.5 1.5 1.5 1.5 1.5 1.5 1.5 1.5 1.5 1.5 1.5 1.1387 1.237 1.3353 1.4335 1.5318 1.6301 1.7283 1.8266 1.9249 3.65038 3.66773 3.68804 3.70472 3.72356 3.74279 3.76366 3.78696 3.80555 3.83013 3.85212 3.87504 3.90009 3.91933 3.94452 3.96902 3.98981 4.01433 4.03325 4.05706 4.08001 4.09855 4.12193 4.14018 4.16233 4.18174 4.19924 4.21941 4.23644 4.25511 4.27163 4.28867 4.3055 4.32146 4.33742 4.35294 4.36858 4.38356 4.39915 4.41378 4.42893 4.4441 4.80665 4.8119 4.81604 4.82118 4.82623 4.83076 4.8362 4.84092 4.84618 4.85151 4.85647 4.86201 4.86707 4.87254 4.87798 4.88333 4.88899 4.89434 4.89973 
1.5 1.5 1.5 1.5 1.5 1.5 1.5 1.5 1.5 1.5 1.5 1.1387 1.237 1.3353 1.4335 1.5318 1.6301 1.7283 1.8266 1.9249 3.71268 3.73075 3.75 3.76667 3.78466 3.80302 3.82248 3.84352 3.86129 3.88247 3.90315 3.92369 3.94557 3.9637 3.98563 4.00565 4.02575 4.04683 4.06451 4.08579 4.10441 4.12162 4.14026 4.15802 4.17642 4.19296 4.2099 4.22701 4.24312 4.25936 4.27504 4.29099 4.3063 4.32189 4.33686 4.35211 4.3674 4.38192 4.3974 4.4118 4.42692 4.44202 4.80418 4.80942 4.81356 4.81869 4.82375 4.82831 4.83375 4.83859 4.84397 4.84936 4.85458 4.86024 4.86563 4.87123 4.87688 4.8825 4.88826 4.89383 4.89935 
1.5 1.5 1.5 1.5 1.5 1.5 1.5 1.5 1.5 1.5 1.5 1.1387 1.237 1.3353 1.4335 1.5318 1.6301 1.7283 1.8266 1.9249 3.76732 3.78493 3.80234 3.81857 3.8354 3.85248 3.87019 3.88814 3.90485 3.92296 3.94111 3.959 3.97743 3.99432 4.01268 4.03067 4.04774 4.06564 4.08221 4.09946 4.11673 4.13298 4.14972 4.16587 4.18201 4.19787 4.21367 4.22917 4.24482 4.25985 4.27519 4.29066 4.30534 4.3208 4.33543 4.3506 4.36578 4.38022 4.39569 4.41014 4.42533 4.44048 4.8026 4.80794 4.8123 4.81753 4.82271 4.8274 4.83287 4.83774 4.84307 4.84845 4.85357 4.85917 4.86445 4.87 4.87558 4.88109 4.88679 4.89236 4.89807 
