5
s 30 2 34
r 2 0.01 6 9.95126 0.01
r 10 0.01 6 7.79045 0.01
r 18 0.01 6 5.68509 0.01
r 42 0.01 6 5.92766 0.01
r 50 0.01 6 8.07825 0.01
r 58 0.01 6 10.2318 0.01
r 66 0.01 6 12.1894 0.01
r 74 0.01 6 13.8505 0.01
r 82 0.01 6 15.5696 0.01
r 90 0.01 6 17.2627 0.01
r 98 0.01 6 18.9825 0.01
r 106 0.01 6 20.6892 0.01
r 114 0.01 6 22.3037 0.01
r 122 0.01 6 23.81 0.01
r 130 0.01 6 25.4786 0.01
r 138 0.01 6 27.0484 0.01
r 146 0.01 6 28.6419 0.01
r 2 0.01 12 10.2874 0.01
r 10 0.01 12 8.58361 0.01
r 18 0.01 12 7.23112 0.01
r 42 0.01 12 7.24013 0.01
r 50 0.01 12 8.69207 0.01
r 58 0.01 12 10.437 0.01
r 66 0.01 12 12.1916 0.01
r 74 0.01 12 13.9193 0.01
r 82 0.01 12 15.6487 0.01
r 90 0.01 12 17.3783 0.01
r 98 0.01 12 19.178 0.01
r 106 0.01 12 20.9338 0.01
r 114 0.01 12 22.6733 0.01
r 122 0.01 12 24.4385 0.01
r 130 0.01 12 26.256 0.01
r 138 0.01 12 27.9975 0.01
r 146 0.01 12 29.7535 0.01
s 50 2 32
r 2 0.01 6 14.5965 0.01
r 10 0.01 6 12.8775 0.01
r 18 0.01 6 11.1536 0.01
r 26 0.01 6 9.18778 0.01
r 34 0.01 6 7.00935 0.01
r 66 0.01 6 6.98462 0.01
r 74 0.01 6 9.22254 0.01
r 82 0.01 6 11.3767 0.01
r 90 0.01 6 13.2258 0.01
r 98 0.01 6 14.9838 0.01
r 106 0.01 6 16.6785 0.01
r 114 0.01 6 18.3814 0.01
r 122 0.01 6 20.0723 0.01
r 130 0.01 6 21.8059 0.01
r 138 0.01 6 23.3053 0.01
r 146 0.01 6 24.872 0.01
r 2 0.01 12 14.6321 0.01
r 10 0.01 12 12.882 0.01
r 18 0.01 12 11.2342 0.01
r 26 0.01 12 9.5422 0.01
r 34 0.01 12 7.90894 0.01
r 66 0.01 12 8.11987 0.01
r 74 0.01 12 9.77586 0.01
r 82 0.01 12 11.519 0.01
r 90 0.01 12 13.2377 0.01
r 98 0.01 12 15.0522 0.01
r 106 0.01 12 16.8058 0.01
r 114 0.01 12 18.5486 0.01
r 122 0.01 12 20.313 0.01
r 130 0.01 12 22.1359 0.01
r 138 0.01 12 23.8706 0.01
r 146 0.01 12 25.6284 0.01
s 70 2 34
r 2 0.01 6 18.8565 0.01
r 10 0.01 6 17.1428 0.01
r 18 0.01 6 15.5699 0.01
r 26 0.01 6 13.9453 0.01
r 34 0.01 6 12.2271 0.01
r 42 0.01 6 10.3713 0.01
r 50 0.01 6 8.12495 0.01
r 58 0.01 6 5.88135 0.01
r 82 0.01 6 5.7256 0.01
r 90 0.01 6 7.9623 0.01
r 98 0.01 6 10.1731 0.01
r 106 0.01 6 12.249 0.01
r 114 0.01 6 14.1054 0.01
r 122 0.01 6 15.855 0.01
r 130 0.01 6 17.6352 0.01
r 138 0.01 6 19.3426 0.01
r 146 0.01 6 20.9964 0.01
r 2 0.01 12 19.0583 0.01
r 10 0.01 12 17.3079 0.01
r 18 0.01 12 15.6528 0.01
r 26 0.01 12 13.9692 0.01
r 34 0.01 12 12.2512 0.01
r 42 0.01 12 10.625 0.01
r 50 0.01 12 8.97872 0.01
r 58 0.01 12 7.49653 0.01
r 82 0.01 12 7.50695 0.01
r 90 0.01 12 8.93937 0.01
r 98 0.01 12 10.6381 0.01
r 106 0.01 12 12.3958 0.01
r 114 0.01 12 14.1354 0.01
r 122 0.01 12 15.9018 0.01
r 130 0.01 12 17.7212 0.01
r 138 0.01 12 19.4586 0.01
r 146 0.01 12 21.2168 0.01
s 90 2 32
r 2 0.01 6 22.7959 0.01
r 10 0.01 6 21.2749 0.01
r 18 0.01 6 19.7032 0.01
r 26 0.01 6 18.1107 0.01
r 34 0.01 6 16.435 0.01
r 42 0.01 6 14.8724 0.01
r 50 0.01 6 13.2502 0.01
r 58 0.01 6 11.3027 0.01
r 66 0.01 6 9.08615 0.01
r 74 0.01 6 6.77476 0.01
r 106 0.01 6 6.6865 0.01
r 114 0.01 6 8.89292 0.01
r 122 0.01 6 11.0795 0.01
r 130 0.01 6 13.2776 0.01
r 138 0.01 6 15.0885 0.01
r 146 0.01 6 16.8119 0.01
r 2 0.01 12 23.3636 0.01
r 10 0.01 12 21.6154 0.01
r 18 0.01 12 19.9601 0.01
r 26 0.01 12 18.2737 0.01
r 34 0.01 12 16.5572 0.01
r 42 0.01 12 14.9346 0.01
r 50 0.01 12 13.2626 0.01
r 58 0.01 12 11.5484 0.01
r 66 0.01 12 9.73141 0.01
r 74 0.01 12 8.20108 0.01
r 106 0.01 12 8.31157 0.01
r 114 0.01 12 9.83672 0.01
r 122 0.01 12 11.558 0.01
r 130 0.01 12 13.3775 0.01
r 138 0.01 12 15.1144 0.01
r 146 0.01 12 16.8748 0.01
s 110 2 34
r 2 0.01 6 26.6409 0.01
r 10 0.01 6 25.3294 0.01
r 18 0.01 6 23.831 0.01
r 26 0.01 6 22.3 0.01
r 34 0.01 6 20.7085 0.01
r 42 0.01 6 19.1609 0.01
r 50 0.01 6 17.5652 0.01
r 58 0.01 6 15.8762 0.01
r 66 0.01 6 14.1037 0.01
r 74 0.01 6 12.21 0.01
r 82 0.01 6 10.0829 0.01
r 90 0.01 6 7.80645 0.01
r 98 0.01 6 5.50429 0.01
r 122 0.01 6 5.45389 0.01
r 130 0.01 6 7.72576 0.01
r 138 0.01 6 9.97317 0.01
r 146 0.01 6 12.2172 0.01
r 2 0.01 12 27.7935 0.01
r 10 0.01 12 26.0422 0.01
r 18 0.01 12 24.3872 0.01
r 26 0.01 12 22.7 0.01
r 34 0.01 12 20.9888 0.01
r 42 0.01 12 19.3648 0.01
r 50 0.01 12 17.6934 0.01
r 58 0.01 12 15.9683 0.01
r 66 0.01 12 14.1415 0.01
r 74 0.01 12 12.3959 0.01
r 82 0.01 12 10.6796 0.01
r 90 0.01 12 9.06781 0.01
r 98 0.01 12 7.74687 0.01
r 122 0.01 12 7.82251 0.01
r 130 0.01 12 9.18142 0.01
r 138 0.01 12 10.7993 0.01
r 146 0.01 12 12.5393 0.01
