63 81 1.5 0.33
0 2 4 6 8 10 12 14 16 18 20 22 24 26 28 30 32 34 36 38 40 42 44 46 48 50 52 54 56 58 60 62 64 66 68 70 72 74 76 78 80 82 84 86 88 90 92 94 96 98 100 102 104 106 108 110 112 114 116 118 120 122 124 
0 0 0 0 0 0 0 0 0 0 0 0 0 0 0 0 0 0 0 0 0 0 0 0 0 0 0 0 0 0 0 0 0 0 0 0 0 0 0 0 0 0 0 0 0 0 0 0 0 0 0 0 0 0 0 0 0 0 0 0 0 0 0 
0 0.2 0.4 0.6 0.8 1 1.2 1.4 1.6 1.8 2 2.2 2.4 2.6 2.8 3 3.2 3.4 3.6 3.8 4 4.2 4.4 4.6 4.8 5 5.2 5.4 5.6 5.8 6 6.2 6.4 6.6 6.8 7 7.2 7.4 7.6 7.8 8 8.2 8.4 8.6 8.8 9 9.2 9.4 9.6 9.8 10 10.2 10.4 10.6 10.8 11 11.2 11.4 11.6 11.8 12 12.2 12.4 12.6 12.8 13 13.2 13.4 13.6 13.8 14 14.2 14.4 14.6 14.8 15 15.2 15.4 15.6 15.8 16 
1.5 1.5 1.5 1.5 1.5 1.5 1.5 1.5 1.5 1.5 1.5 1.3179 3.88997 3.90109 3.91211 3.92278 3.93318 3.94377 3.95415 3.96457 3.97513 3.98546 3.99591 4.00637 4.01669 4.02711 4.03752 4.04771 4.05824 4.06859 4.07908 4.08957 4.10001 4.1106 4.12107 4.1318 4.14257 4.15328 4.16416 4.1748 4.1859 4.19707 4.20803 4.21923 4.23054 4.24175 4.25325 4.26465 4.27619 4.28799 4.2995 4.31139 4.32322 4.33521 4.34724 4.35921 4.37144 4.38356 4.39587 4.40819 4.4204 4.43287 4.44513 4.45759 4.47 4.48223 4.4947 4.5069 4.51927 4.53148 4.54361 4.55564 4.56724 4.57919 4.591 4.60258 4.61456 4.62579 4.63791 4.64935 4.66181 
1.5 1.5 1.5 1.5 1.5 1.5 1.5 1.5 1.5 1.5 1.5 1.3179 1.3642 3.89395 3.90519 3.91566 3.92593 3.93631 3.94675 3.95749 3.96796 3.97846 3.98885 3.99933 4.00979 4.02014 4.03056 4.04098 4.05141 4.06191 4.07233 4.08284 4.09333 4.10383 4.11439 4.12502 4.13579 4.14658 4.15736 4.16817 4.17924 4.19044 4.20157 4.21277 4.22426 4.23548 4.24706 4.25865 4.27025 4.2823 4.2938 4.30582 4.31777 4.32972 4.34195 4.35405 4.36621 4.37842 4.3906 4.40296 4.41517 4.42745 4.4397 4.45178 4.46413 4.47632 4.48848 4.50061 4.51268 4.52471 4.53668 4.54844 4.56005 4.57172 4.58328 4.59469 4.60642 4.61793 4.62925 4.64062 4.65239 
1.5 1.5 1.5 1.5 1.5 1.5 1.5 1.5 1.5 1.5 1.5 1.3179 1.3642 1.4104 3.89474 3.9075 3.91887 3.92923 3.93875 3.94866 3.95875 3.96881 3.97864 3.98887 3.99955 4.01022 4.02047 4.03084 4.04138 4.05177 4.06228 4.0726 4.08339 4.0941 4.10442 4.11562 4.12623 4.13739 4.14842 4.15909 4.17073 4.18154 4.19345 4.20499 4.21616 4.2282 4.23996 4.25181 4.26375 4.27541 4.28773 4.29984 4.31191 4.32407 4.33597 4.34841 4.36076 4.37292 4.38523 4.39725 4.40967 4.42195 4.43407 4.4463 4.45829 4.47063 4.48279 4.49475 4.50688 4.51859 4.53059 4.54234 4.55394 4.56566 4.57714 4.58843 4.60002 4.61158 4.6229 4.63424 4.64536 
1.5 1.5 1.5 1.5 1.5 1.5 1.5 1.5 1.5 1.5 1.5 1.3179 1.3642 1.4104 3.89304 3.90409 3.91494 3.92592 3.93703 3.94875 3.9595 3.97052 3.98158 3.99201 4.00203 4.01155 4.02122 4.03137 4.04221 4.05294 4.06411 4.07512 4.08614 4.09707 4.10757 4.11895 4.13004 4.14124 4.15256 4.16339 4.1752 4.18614 4.19824 4.20988 4.22114 4.23332 4.24452 4.25707 4.26905 4.28073 4.29309 4.30489 4.31731 4.32946 4.34137 4.35376 4.36583 4.37826 4.39022 4.40246 4.41486 4.42689 4.43925 4.45138 4.4635 4.47562 4.48758 4.49967 4.51159 4.52349 4.53531 4.54705 4.55858 4.57009 4.58135 4.59313 4.60419 4.61579 4.62677 4.63793 4.64936 
1.5 1.5 1.5 1.5 1.5 1.5 1.5 1.5 1.5 1.5 1.5 1.3179 1.3642 1.4104 3.88933 3.90058 3.9112 3.92268 3.93428 3.94549 3.95653 3.9676 3.97884 3.9903 4.00232 4.01375 4.02571 4.03766 4.04769 4.05763 4.06718 4.07731 4.08787 4.09924 4.11074 4.12248 4.13395 4.14508 4.15667 4.16826 4.18017 4.19136 4.20335 4.21531 4.22774 4.23941 4.25082 4.26315 4.27527 4.28799 4.29979 4.3118 4.32402 4.33623 4.34867 4.36085 4.37308 4.38523 4.39756 4.40986 4.42198 4.43405 4.4461 4.45839 4.47035 4.48237 4.4944 4.50615 4.51813 4.52984 4.54159 4.55328 4.56487 4.57623 4.58705 4.59893 4.60994 4.62146 4.63283 4.64376 4.65535 
1.5 1.5 1.5 1.5 1.5 1.5 1.5 1.5 1.5 1.5 1.5 1.3179 1.3642 3.88295 3.89407 3.90537 3.91634 3.92767 3.93932 3.95105 3.96243 3.97414 3.98579 3.99764 4.00979 4.02143 4.0334 4.04571 4.05818 4.07121 4.08378 4.09627 4.10741 4.11789 4.12812 4.13896 4.1504 4.16199 4.17364 4.18544 4.19789 4.21007 4.22222 4.23433 4.24677 4.25846 4.27075 4.28297 4.29516 4.30797 4.31975 4.33214 4.3444 4.3567 4.36904 4.3813 4.39352 4.40578 4.41796 4.43019 4.4423 4.45442 4.46645 4.47843 4.49038 4.50227 4.51412 4.52589 4.53762 4.5493 4.56092 4.57239 4.58372 4.59514 4.60621 4.61752 4.62931 4.64013 4.65164 4.66268 4.67352 
1.5 1.5 1.5 1.5 1.5 1.5 1.5 1.5 1.5 1.5 1.5 1.3179 1.3642 3.87544 3.88706 3.89862 3.90965 3.91992 3.93237 3.9447 3.95645 3.96864 3.98088 3.99275 4.00615 4.01876 4.03147 4.0449 4.05721 4.07036 4.08289 4.09597 4.10962 4.12355 4.13807 4.14999 4.16126 4.17237 4.18333 4.19506 4.20661 4.21851 4.23037 4.2422 4.25483 4.26695 4.27947 4.29201 4.30444 4.31717 4.32907 4.34154 4.35398 4.36644 4.37889 4.39124 4.40351 4.41575 4.42793 4.44016 4.45219 4.46425 4.47619 4.48807 4.49997 4.51179 4.52351 4.53527 4.54671 4.55833 4.56983 4.58117 4.59236 4.60366 4.61492 4.62606 4.63758 4.64834 4.65967 4.671 4.68117 
1.5 1.5 1.5 1.5 1.5 1.5 1.5 1.5 1.5 1.5 1.5 1.3179 1.3642 1.4104 1.4566 3.87611 3.88722 3.89806 3.90951 3.92018 3.93277 3.94459 3.9564 3.96847 3.98009 3.99409 4.00771 4.022 4.03548 4.04913 4.06286 4.0765 4.09008 4.10368 4.11765 4.13113 4.1457 4.16024 4.17415 4.18705 4.19736 4.20867 4.2207 4.233 4.24556 4.25677 4.26872 4.2805 4.29256 4.30528 4.31761 4.33016 4.34305 4.35563 4.36795 4.38016 4.39256 4.40471 4.41684 4.42903 4.44097 4.45323 4.46487 4.47656 4.48829 4.49989 4.51151 4.52302 4.53437 4.54576 4.55699 4.56831 4.57942 4.59062 4.60178 4.61258 4.62397 4.63492 4.64609 4.65735 4.66757 
1.5 1.5 1.5 1.5 1.5 1.5 1.5 1.5 1.5 1.5 1.5 1.3179 1.3642 1.4104 1.4566 1.5029 3.87847 3.88918 3.89935 3.90984 3.92284 3.93467 3.94686 3.95741 3.96983 3.98325 3.99558 4.00873 4.02004 4.0348 4.05042 4.06525 4.08038 4.09511 4.11 4.12449 4.1388 4.15322 4.16775 4.18386 4.19814 4.21259 4.22486 4.236 4.24821 4.25979 4.27221 4.28483 4.29637 4.30789 4.31863 4.3295 4.34243 4.35698 4.36909 4.38116 4.39316 4.40526 4.41701 4.42879 4.4407 4.45256 4.4644 4.47597 4.4874 4.49889 4.51022 4.52154 4.53272 4.54388 4.55499 4.56603 4.5771 4.58812 4.59941 4.61011 4.62108 4.6322 4.64249 4.65415 4.664 
1.5 1.5 1.5 1.5 1.5 1.5 1.5 1.5 1.5 1.5 1.5 1.3179 1.3642 1.4104 1.4566 1.5029 3.88628 3.89294 3.90546 3.91618 3.92938 3.94105 3.95301 3.96497 3.97571 3.98921 4.00175 4.01356 4.02791 4.04004 4.05426 4.06756 4.08132 4.0957 4.10985 4.12629 4.14157 4.15689 4.17168 4.18603 4.20132 4.21622 4.23215 4.24796 4.26421 4.27459 4.28501 4.29629 4.30841 4.32155 4.33381 4.34637 4.3587 4.37137 4.38364 4.39487 4.40648 4.41816 4.42972 4.44121 4.45268 4.46394 4.47523 4.48671 4.49735 4.50841 4.51932 4.5303 4.5416 4.55211 4.56298 4.57378 4.58473 4.59539 4.60623 4.6172 4.62782 4.639 4.64952 4.66096 4.6709 
1.5 1.5 1.5 1.5 1.5 1.5 1.5 1.5 1.5 1.5 1.5 1.3179 1.3642 1.4104 1.4566 3.89187 3.90329 3.91239 3.92432 3.93659 3.94814 3.96032 3.97246 3.98477 3.99722 4.00941 4.02215 4.03502 4.04772 4.05962 4.07385 4.08731 4.1008 4.11308 4.12638 4.13982 4.15481 4.16839 4.18399 4.1998 4.2153 4.23031 4.2448 4.25941 4.2751 4.29136 4.3086 4.32291 4.33438 4.34741 4.35956 4.37268 4.38506 4.39662 4.40836 4.42005 4.43159 4.44278 4.45357 4.46454 4.47528 4.48607 4.4968 4.50724 4.51784 4.52827 4.53879 4.54928 4.5596 4.57008 4.58041 4.591 4.60163 4.61213 4.62274 4.63335 4.6435 4.65443 4.66478 4.67594 4.68606 
1.5 1.5 1.5 1.5 1.5 1.5 1.5 1.5 1.5 1.5 1.5 1.3179 1.3642 1.4104 1.4566 3.90905 3.92112 3.93059 3.94524 3.95443 3.96736 3.97882 3.99011 4.00162 4.01151 4.02462 4.03674 4.04977 4.0628 4.07631 4.08928 4.10238 4.1155 4.12884 4.14149 4.15561 4.169 4.18241 4.19563 4.20769 4.22281 4.23807 4.25413 4.27009 4.28665 4.30071 4.31568 4.3317 4.34889 4.36425 4.37303 4.38431 4.39634 4.4073 4.41882 4.43014 4.44137 4.45227 4.46273 4.47305 4.48317 4.49349 4.5038 4.51385 4.52405 4.53409 4.54426 4.55441 4.56453 4.57474 4.58485 4.59521 4.60566 4.61591 4.62635 4.63701 4.64707 4.65799 4.66841 4.67895 4.6897 
1.5 1.5 1.5 1.5 1.5 1.5 1.5 1.5 1.5 1.5 1.5 1.3179 1.3642 1.4104 1.4566 3.93843 3.94883 3.9615 3.97662 3.9871 3.99788 4.00886 4.01965 4.03095 4.04211 4.05327 4.06464 4.07581 4.08687 4.09804 4.10902 4.12091 4.13323 4.14625 4.15893 4.17299 4.18659 4.20042 4.21428 4.22764 4.24221 4.25549 4.26857 4.28161 4.29648 4.31038 4.32498 4.33899 4.35245 4.3678 4.38312 4.39554 4.40299 4.41321 4.42451 4.43564 4.44652 4.4572 4.4675 4.47774 4.48767 4.49749 4.50728 4.51721 4.52718 4.53706 4.54708 4.55702 4.56694 4.57695 4.587 4.59729 4.60753 4.61796 4.62809 4.63897 4.64924 4.65948 4.67007 4.67993 4.69155 
1.5 1.5 1.5 1.5 1.5 1.5 1.5 1.5 1.5 1.5 1.5 1.3179 1.3642 1.4104 1.4566 1.5029 3.97269 3.9887 4.00331 4.01436 4.0244 4.03528 4.04588 4.05635 4.06691 4.07708 4.08767 4.09857 4.10906 4.1196 4.13024 4.14099 4.15198 4.16298 4.17361 4.18564 4.19765 4.21019 4.22299 4.23542 4.24871 4.26155 4.27441 4.28655 4.29838 4.30933 4.32046 4.33272 4.34593 4.35986 4.37238 4.38992 4.40087 4.40594 4.41574 4.42659 4.43701 4.44748 4.45779 4.46774 4.47758 4.4873 4.49684 4.50655 4.51628 4.52607 4.53594 4.54587 4.5559 4.56589 4.57611 4.58641 4.59653 4.60713 4.61736 4.62792 4.63861 4.64852 4.6596 4.66948 4.68149 
1.5 1.5 1.5 1.5 1.5 1.5 1.5 1.5 1.5 1.5 1.5 1.3179 1.3642 1.4104 1.4566 1.5029 1.5491 1.5954 4.0292 4.03704 4.0457 4.05568 4.0651 4.0752 4.08522 4.09555 4.10589 4.11583 4.12594 4.13542 4.14494 4.15444 4.16393 4.17352 4.18334 4.19252 4.20168 4.21107 4.22034 4.23049 4.24156 4.2529 4.2646 4.27594 4.28742 4.29926 4.31066 4.32107 4.33118 4.34323 4.35651 4.36707 4.37511 4.38448 4.39442 4.40449 4.41435 4.4242 4.43402 4.44384 4.45356 4.46309 4.47275 4.48256 4.49244 4.50229 4.51219 4.52219 4.5322 4.54235 4.55265 4.56304 4.57331 4.58386 4.5943 4.60461 4.6156 4.62568 4.63694 4.64665 4.65837 
1.5 1.5 1.5 1.5 1.5 1.5 1.5 1.5 1.5 1.5 1.5 1.3179 1.3642 1.4104 1.4566 1.5029 1.5491 1.5954 4.07469 4.07534 4.08705 4.10038 4.11038 4.12024 4.1297 4.13785 4.14759 4.1565 4.16576 4.17343 4.18267 4.19111 4.19933 4.20692 4.21571 4.22344 4.23164 4.2399 4.24779 4.25647 4.26368 4.27107 4.2792 4.28832 4.29672 4.30709 4.31761 4.32942 4.34079 4.34892 4.3556 4.36283 4.37149 4.38157 4.39204 4.40159 4.41099 4.42049 4.43004 4.43955 4.44919 4.45893 4.46898 4.4791 4.48923 4.49916 4.50952 4.51984 4.53015 4.5406 4.55094 4.56153 4.57208 4.58293 4.59358 4.604 4.61559 4.62549 4.63654 4.6469 4.65801 
1.5 1.5 1.5 1.5 1.5 1.5 1.5 1.5 1.5 1.5 1.5 1.3179 1.3642 1.4104 1.4566 1.5029 1.5491 4.14021 4.162 4.17874 4.16947 4.16729 4.16961 4.17854 4.19115 4.19895 4.20877 4.21507 4.22326 4.2279 4.23484 4.24095 4.24717 4.25342 4.26089 4.26595 4.27222 4.27825 4.28428 4.29163 4.29646 4.30242 4.30832 4.31467 4.32024 4.32964 4.33706 4.34292 4.34854 4.35331 4.36201 4.37033 4.3797 4.38917 4.39819 4.40678 4.41659 4.42584 4.43555 4.44555 4.45553 4.46569 4.47603 4.48646 4.4971 4.5074 4.51802 4.5286 4.53928 4.55006 4.56077 4.57163 4.58226 4.59355 4.60503 4.61469 4.62644 4.63585 4.64809 4.65841 4.66991 
1.5 1.5 1.5 1.5 1.5 1.5 1.5 1.5 1.5 1.5 1.5 1.3179 1.3642 1.4104 1.4566 1.5029 1.5491 4.19012 4.19167 4.20051 4.21516 4.23193 4.24051 4.23921 4.23424 4.23453 4.23927 4.24565 4.2542 4.25939 4.26537 4.27016 4.27463 4.279 4.28526 4.28933 4.2947 4.29914 4.30395 4.31049 4.31393 4.31967 4.32605 4.3322 4.33693 4.33923 4.34172 4.34492 4.34951 4.35356 4.36221 4.36951 4.37744 4.38597 4.39422 4.40361 4.41253 4.42179 4.43161 4.44175 4.45199 4.46238 4.47304 4.48321 4.4949 4.50577 4.5169 4.52804 4.53935 4.55072 4.56195 4.57329 4.5848 4.59599 4.60738 4.61925 4.62959 4.64129 4.6529 4.66177 4.67485 
1.5 1.5 1.5 1.5 1.5 1.5 1.5 1.5 1.5 1.5 1.5 1.3179 1.3642 1.4104 1.4566 1.5029 1.5491 4.22242 4.22685 4.23018 4.23741 4.247 4.25548 4.26798 4.27872 4.28803 4.29275 4.28971 4.2887 4.28688 4.28937 4.29315 4.29626 4.29893 4.30303 4.30316 4.30512 4.30751 4.31117 4.31789 4.32082 4.32357 4.3249 4.32679 4.32783 4.33478 4.3401 4.34564 4.35146 4.35472 4.36193 4.36815 4.37755 4.3874 4.3958 4.40267 4.41339 4.42288 4.43289 4.44324 4.45376 4.46445 4.47555 4.48664 4.4978 4.50905 4.52056 4.5321 4.54378 4.55547 4.56704 4.57862 4.59022 4.60212 4.61291 4.62538 4.63667 4.6487 4.6604 4.67037 4.68289 
1.5 1.5 1.5 1.5 1.5 1.5 1.5 1.5 1.5 1.5 1.5 1.3179 1.3642 1.4104 1.4566 1.5029 1.5491 1.5954 4.20122 4.20547 4.22328 4.22866 4.2387 4.24807 4.26317 4.27201 4.27649 4.2879 4.29893 4.31324 4.31034 4.30953 4.30855 4.31188 4.31391 4.31373 4.3175 4.31958 4.32167 4.31959 4.31602 4.31819 4.31543 4.31706 4.31597 4.32066 4.32445 4.32486 4.33165 4.3353 4.34202 4.34959 4.36092 4.36939 4.37843 4.3865 4.3986 4.40903 4.41789 4.42935 4.44114 4.45402 4.46594 4.47653 4.4888 4.50214 4.51326 4.52569 4.53817 4.55078 4.56419 4.5763 4.58857 4.59993 4.61313 4.62435 4.63603 4.64902 4.66143 4.67405 4.68586 
1.5 1.5 1.5 1.5 1.5 1.5 1.5 1.5 1.5 1.5 1.5 1.3179 1.3642 1.4104 1.4566 1.5029 1.5491 1.5954 1.6416 4.18261 4.19109 4.20759 4.21692 4.22676 4.23479 4.24385 4.24605 4.2603 4.26068 4.27192 4.27409 4.28246 4.29056 4.2967 4.29978 4.29255 4.28729 4.28436 4.28473 4.28778 4.28773 4.29132 4.29086 4.29217 4.2934 4.29924 4.3059 4.30842 4.31428 4.32062 4.328 4.33667 4.34779 4.35841 4.36839 4.37931 4.39034 4.40199 4.4141 4.4266 4.43936 4.4533 4.46522 4.4795 4.49126 4.50554 4.51878 4.53199 4.54544 4.55857 4.57173 4.58452 4.59737 4.6102 4.62308 4.6353 4.6484 4.66114 4.67317 4.68542 4.69778 
1.5 1.5 1.5 1.5 1.5 1.5 1.5 1.5 1.5 1.5 1.5 1.3179 1.3642 1.4104 1.4566 1.5029 1.5491 1.5954 1.6416 1.6879 4.10711 4.12 4.13057 4.14037 4.15559 4.16505 4.17555 4.17961 4.1908 4.20001 4.21001 4.21714 4.22189 4.22602 4.23373 4.24008 4.24776 4.25474 4.25366 4.25232 4.25326 4.25782 4.2627 4.26856 4.27439 4.28363 4.29205 4.30054 4.30993 4.31834 4.32767 4.33716 4.34889 4.35981 4.36952 4.38124 4.39331 4.4068 4.41957 4.43126 4.44438 4.45762 4.47113 4.48468 4.49939 4.51278 4.52649 4.54004 4.55375 4.56755 4.58102 4.59421 4.607 4.61988 4.63221 4.64541 4.6569 4.67111 4.68242 4.6975 4.71043 
1.5 1.5 1.5 1.5 1.5 1.5 1.5 1.5 1.5 1.5 1.5 1.3179 1.3642 1.4104 1.4566 1.5029 1.5491 1.5954 1.6416 4.04054 4.04581 4.05616 4.06719 4.07736 4.08882 4.10086 4.11361 4.12452 4.13352 4.14318 4.14923 4.15709 4.16583 4.17453 4.18489 4.19278 4.2029 4.21426 4.22792 4.24275 4.25384 4.26035 4.26567 4.27175 4.28012 4.28971 4.29885 4.30863 4.3188 4.32851 4.34071 4.35238 4.36532 4.37816 4.391 4.4046 4.41821 4.43205 4.44633 4.46064 4.47526 4.4898 4.50373 4.51928 4.53399 4.54897 4.56376 4.57834 4.59314 4.60764 4.62207 4.63609 4.6498 4.66392 4.67722 4.69124 4.7041 4.71746 4.73088 4.7436 4.75721 
1.5 1.5 1.5 1.5 1.5 1.5 1.5 1.5 1.5 1.5 1.5 1.3179 1.3642 1.4104 1.4566 1.5029 1.5491 1.5954 3.95815 3.97221 3.98032 3.98641 3.99941 4.01227 4.02116 4.02968 4.03898 4.04784 4.05862 4.06878 4.08164 4.09472 4.10867 4.12255 4.13605 4.15173 4.16572 4.17955 4.19302 4.20866 4.22198 4.23845 4.25572 4.27136 4.28343 4.28999 4.29904 4.31098 4.32393 4.33853 4.35283 4.36717 4.3814 4.39639 4.41201 4.42809 4.44405 4.46001 4.47631 4.49267 4.50903 4.525 4.54152 4.55785 4.57411 4.58985 4.60589 4.62159 4.63731 4.65285 4.66806 4.6825 4.69696 4.71107 4.72508 4.73912 4.75318 4.76664 4.78065 4.79341 4.80769 
1.5 1.5 1.5 1.5 1.5 1.5 1.5 1.5 1.5 1.5 1.5 1.3179 1.3642 1.4104 1.4566 1.5029 1.5491 1.5954 1.6416 3.86201 3.89015 3.88487 3.89319 3.90159 3.91288 3.92596 3.94008 3.95378 3.96829 3.98163 3.99715 4.01138 4.02667 4.04245 4.0576 4.07605 4.0935 4.11094 4.1286 4.14456 4.16407 4.18185 4.20053 4.22009 4.24499 4.26696 4.28762 4.30131 4.31369 4.33042 4.34426 4.36047 4.37925 4.39743 4.41376 4.43296 4.45321 4.47061 4.48834 4.50619 4.52414 4.54186 4.55958 4.57707 4.59469 4.61193 4.6288 4.64523 4.66169 4.67778 4.69375 4.70886 4.72349 4.74003 4.75315 4.76679 4.78185 4.79539 4.80982 4.82335 4.83796 
1.5 1.5 1.5 1.5 1.5 1.5 1.5 1.5 1.5 1.5 1.5 1.3179 1.3642 1.4104 1.4566 1.5029 1.5491 1.5954 1.6416 1.6879 3.78091 3.77504 3.79199 3.80728 3.8215 3.83649 3.85073 3.86507 3.87953 3.8943 3.90982 3.92653 3.94431 3.96247 3.97832 4.00023 4.01994 4.04028 4.06224 4.08349 4.10799 4.13077 4.15354 4.17656 4.2029 4.22292 4.24807 4.27697 4.30572 4.32998 4.33936 4.35532 4.37289 4.3935 4.41827 4.44283 4.46475 4.48368 4.50439 4.52296 4.54202 4.5613 4.58052 4.5995 4.61817 4.63636 4.65395 4.67142 4.68836 4.70528 4.72174 4.73742 4.75298 4.76823 4.78292 4.79767 4.81281 4.82675 4.84126 4.85638 4.87024 
1.5 1.5 1.5 1.5 1.5 1.5 1.5 1.5 1.5 1.5 1.5 1.3179 1.3642 1.4104 1.4566 1.5029 1.5491 1.5954 1.6416 1.6879 1.7341 3.69934 3.70778 3.71883 3.73176 3.74446 3.76025 3.77647 3.79324 3.81008 3.82786 3.84612 3.86629 3.88739 3.90585 3.93157 3.95479 3.97861 4.00282 4.02574 4.05394 4.07978 4.10618 4.13298 4.16425 4.18726 4.21419 4.24073 4.2681 4.30688 4.33396 4.35113 4.37538 4.39931 4.42284 4.44733 4.47189 4.49508 4.51768 4.53989 4.56111 4.58178 4.6023 4.6223 4.6419 4.66108 4.67976 4.69769 4.71583 4.73286 4.75004 4.7662 4.78182 4.79733 4.81238 4.82705 4.84236 4.85848 4.87172 4.88637 4.90059 
1.5 1.5 1.5 1.5 1.5 1.5 1.5 1.5 1.5 1.5 1.5 1.3179 1.3642 1.4104 1.4566 1.5029 1.5491 1.5954 1.6416 1.6879 1.7341 3.65065 3.66144 3.67345 3.68554 3.69813 3.71138 3.7249 3.73987 3.75507 3.77155 3.789 3.80838 3.82929 3.84805 3.87666 3.90208 3.92856 3.95592 3.97874 4.01214 4.04152 4.07169 4.10177 4.13736 4.16222 4.19222 4.22231 4.25263 4.28978 4.32598 4.3646 4.39577 4.41863 4.44154 4.46678 4.49275 4.51859 4.54386 4.56836 4.59167 4.61382 4.63503 4.65575 4.67592 4.69578 4.71493 4.73369 4.75205 4.76963 4.7871 4.80337 4.81942 4.83537 4.85084 4.86594 4.88047 4.89637 4.91057 4.9253 4.94091 
1.5 1.5 1.5 1.5 1.5 1.5 1.5 1.5 1.5 1.5 1.5 1.3179 1.3642 1.4104 1.4566 1.5029 1.5491 1.5954 1.6416 1.6879 1.7341 3.61749 3.62698 3.64026 3.65463 3.66773 3.68208 3.69635 3.71086 3.72586 3.74143 3.75797 3.77665 3.79594 3.81207 3.83773 3.86014 3.88377 3.90899 3.93092 3.96657 3.99765 4.02989 4.06328 4.10206 4.132 4.1677 4.20459 4.24211 4.28663 4.31987 4.36291 4.39842 4.43562 4.46534 4.48919 4.51149 4.53962 4.56703 4.5933 4.61814 4.64172 4.66407 4.68571 4.70617 4.72628 4.74589 4.76513 4.784 4.80191 4.81966 4.83569 4.85247 4.86842 4.8833 4.89965 4.91448 4.92933 4.94428 4.95934 4.97565 
1.5 1.5 1.5 1.5 1.5 1.5 1.5 1.5 1.5 1.5 1.5 1.3179 1.3642 1.4104 1.4566 1.5029 1.5491 1.5954 1.6416 1.6879 3.59256 3.60539 3.61893 3.63291 3.64667 3.65966 3.67345 3.68757 3.70223 3.71729 3.73338 3.75066 3.76871 3.78801 3.80408 3.82953 3.85197 3.87549 3.90051 3.92082 3.95449 3.98415 4.01585 4.05016 4.09305 4.12803 4.16815 4.20701 4.24477 4.28935 4.31919 4.36443 4.40544 4.44362 4.48314 4.51154 4.53165 4.55926 4.58868 4.61684 4.64348 4.66903 4.69307 4.71587 4.7379 4.75894 4.77944 4.79948 4.81919 4.838 4.85641 4.87324 4.89043 4.90688 4.92254 4.93858 4.95362 4.9694 4.98488 4.9995 5.01431 
1.5 1.5 1.5 1.5 1.5 1.5 1.5 1.5 1.5 1.5 1.5 1.3179 1.3642 1.4104 1.4566 1.5029 1.5491 1.5954 1.6416 1.6879 3.58603 3.59621 3.61184 3.6264 3.64127 3.65426 3.66797 3.68241 3.69713 3.71218 3.72804 3.74625 3.76489 3.78429 3.80075 3.82686 3.85053 3.87563 3.90227 3.92457 3.95972 3.99079 4.02326 4.05648 4.09394 4.12114 4.15407 4.19008 4.23011 4.27784 4.31201 4.35751 4.40032 4.43746 4.47188 4.51187 4.53395 4.55789 4.58955 4.61932 4.64755 4.67453 4.70004 4.72411 4.74729 4.76966 4.79105 4.81638 4.83264 4.85623 4.87158 4.8892 4.90677 4.92379 4.94028 4.95602 4.97241 4.98785 5.0038 5.01856 5.03408 
1.5 1.5 1.5 1.5 1.5 1.5 1.5 1.5 1.5 1.5 1.5 1.3179 1.3642 1.4104 1.4566 1.5029 1.5491 1.5954 1.6416 1.6879 1.7341 1.7803 3.60483 3.62073 3.6357 3.64799 3.66122 3.67582 3.69049 3.70663 3.72301 3.74103 3.7599 3.78085 3.7986 3.82528 3.84889 3.87343 3.8988 3.91981 3.95178 3.98003 4.00949 4.03966 4.07668 4.1057 4.13446 4.17397 4.20654 4.24542 4.27769 4.32615 4.37011 4.40363 4.43803 4.4759 4.51017 4.53143 4.55844 4.58862 4.61757 4.6454 4.67155 4.6964 4.72044 4.74381 4.76604 4.78678 4.80862 4.82911 4.84924 4.86761 4.88559 4.9034 4.92088 4.93744 4.9536 4.97011 4.98655 5.00274 5.01771 
1.5 1.5 1.5 1.5 1.5 1.5 1.5 1.5 1.5 1.5 1.5 1.3179 1.3642 1.4104 1.4566 1.5029 1.5491 1.5954 1.6416 1.6879 1.7341 1.7803 1.8266 1.8728 3.64841 3.65769 3.67376 3.68979 3.70619 3.72269 3.73918 3.75576 3.77338 3.79144 3.80682 3.83212 3.85444 3.87769 3.90194 3.92203 3.95297 3.97989 4.00805 4.03751 4.07214 4.09902 4.13107 4.16393 4.19723 4.23633 4.26142 4.29306 4.32698 4.36392 4.40066 4.43747 4.47875 4.49078 4.52102 4.55047 4.57902 4.60666 4.63407 4.66008 4.68852 4.70938 4.73271 4.75435 4.77669 4.79795 4.81899 4.84192 4.85685 4.87555 4.89226 4.91017 4.92725 4.94388 4.9611 4.97758 4.99452 
1.5 1.5 1.5 1.5 1.5 1.5 1.5 1.5 1.5 1.5 1.5 1.3179 1.3642 1.4104 1.4566 1.5029 1.5491 1.5954 1.6416 1.6879 1.7341 1.7803 1.8266 3.68503 3.69662 3.70918 3.72321 3.73764 3.75281 3.76807 3.78389 3.80018 3.81735 3.83521 3.85115 3.87531 3.89672 3.91933 3.94293 3.96349 3.99352 4.01969 4.04653 4.07358 4.1055 4.12961 4.15875 4.18815 4.21852 4.25322 4.2768 4.30359 4.3346 4.3621 4.39538 4.43551 4.48132 4.48971 4.51856 4.54953 4.57527 4.6028 4.62991 4.65595 4.68153 4.70665 4.73025 4.75238 4.77509 4.79683 4.81872 4.83812 4.85771 4.87665 4.89452 4.91227 4.92967 4.94753 4.9651 4.98199 4.99987 
1.5 1.5 1.5 1.5 1.5 1.5 1.5 1.5 1.5 1.5 1.5 1.3179 1.3642 1.4104 1.4566 1.5029 1.5491 1.5954 1.6416 1.6879 1.7341 1.7803 3.7148 3.73277 3.74338 3.75898 3.77274 3.78714 3.80219 3.81723 3.83284 3.84867 3.86539 3.88427 3.90094 3.925 3.94649 3.96808 3.99017 4.00911 4.03568 4.05938 4.08355 4.10851 4.13761 4.1605 4.18763 4.21387 4.23903 4.26834 4.29212 4.31973 4.34565 4.37409 4.40051 4.42922 4.47813 4.49027 4.51719 4.54463 4.57186 4.59862 4.62685 4.65065 4.67604 4.70091 4.72499 4.74721 4.77043 4.79252 4.81442 4.83417 4.85331 4.87618 4.89096 4.90887 4.92719 4.94447 4.96287 4.98024 4.99806 
1.5 1.5 1.5 1.5 1.5 1.5 1.5 1.5 1.5 1.5 1.5 1.3179 1.3642 1.4104 1.4566 1.5029 1.5491 1.5954 1.6416 1.6879 1.7341 1.7803 3.76012 3.77534 3.78623 3.80242 3.81764 3.8319 3.84674 3.86175 3.87749 3.89348 3.90987 3.92761 3.94313 3.96446 3.98352 4.00311 4.02361 4.04149 4.06653 4.08894 4.11169 4.13452 4.16 4.17927 4.20249 4.22649 4.25177 4.2799 4.29982 4.32432 4.35088 4.37619 4.40071 4.42457 4.45983 4.48435 4.50758 4.53338 4.55896 4.58449 4.60961 4.63425 4.65863 4.68277 4.70651 4.72873 4.75124 4.77313 4.7947 4.81442 4.83349 4.85227 4.87054 4.88859 4.90673 4.9242 4.94211 4.95985 4.97736 
1.5 1.5 1.5 1.5 1.5 1.5 1.5 1.5 1.5 1.5 1.5 1.3179 1.3642 1.4104 1.4566 1.5029 1.5491 1.5954 1.6416 1.6879 1.7341 1.7803 1.8266 3.80826 3.82225 3.83799 3.85418 3.86796 3.88232 3.89673 3.91128 3.92619 3.94148 3.9572 3.97233 3.99205 4.01026 4.02902 4.04814 4.06494 4.08677 4.10598 4.12555 4.14554 4.16843 4.18705 4.20662 4.23147 4.25283 4.27739 4.29861 4.32173 4.34267 4.36307 4.38847 4.41135 4.4424 4.47245 4.48903 4.51315 4.53717 4.5611 4.58487 4.60818 4.63158 4.6547 4.67749 4.69907 4.72033 4.74138 4.76222 4.78109 4.79996 4.81827 4.83627 4.8539 4.87119 4.88854 4.90596 4.92325 4.94088 
1.5 1.5 1.5 1.5 1.5 1.5 1.5 1.5 1.5 1.5 1.5 1.3179 1.3642 1.4104 1.4566 1.5029 1.5491 1.5954 1.6416 1.6879 1.7341 1.7803 1.8266 3.85204 3.86984 3.88428 3.89911 3.91213 3.926 3.93967 3.95373 3.96798 3.98301 3.99817 4.01307 4.0309 4.04707 4.06324 4.07969 4.09459 4.11381 4.13182 4.1502 4.16887 4.18999 4.20722 4.22613 4.24617 4.26675 4.28883 4.30644 4.32783 4.34924 4.3703 4.39177 4.4126 4.44054 4.47066 4.48492 4.50732 4.52985 4.55244 4.57494 4.59677 4.61868 4.64029 4.66179 4.68355 4.70278 4.7229 4.74281 4.76109 4.77919 4.79682 4.81406 4.83103 4.84784 4.86441 4.88174 4.89818 4.91595 
1.5 1.5 1.5 1.5 1.5 1.5 1.5 1.5 1.5 1.5 1.5 1.3179 1.3642 1.4104 1.4566 1.5029 1.5491 1.5954 1.6416 1.6879 1.7341 1.7803 1.8266 1.8728 1.9191 3.90943 3.92243 3.93634 3.94974 3.96338 3.97662 3.98987 4.00256 4.01549 4.02746 4.04233 4.05699 4.07196 4.08736 4.10135 4.11897 4.13539 4.15187 4.16876 4.18689 4.20294 4.22092 4.2389 4.25668 4.2789 4.2973 4.31575 4.33437 4.35532 4.37691 4.39758 4.42013 4.44312 4.46121 4.48154 4.50228 4.52305 4.54364 4.56405 4.58442 4.6043 4.62416 4.64363 4.66272 4.68163 4.70025 4.7176 4.73476 4.7514 4.76787 4.78398 4.80026 4.81664 4.83302 4.84879 4.86527 
1.5 1.5 1.5 1.5 1.5 1.5 1.5 1.5 1.5 1.5 1.5 1.3179 1.3642 1.4104 1.4566 1.5029 1.5491 1.5954 1.6416 1.6879 1.7341 1.7803 1.8266 1.8728 1.9191 1.9653 3.94613 3.9619 3.973 3.98485 3.99632 4.00869 4.0214 4.03438 4.04667 4.06088 4.07447 4.08872 4.1032 4.11744 4.13288 4.14755 4.16275 4.17814 4.19533 4.21127 4.22834 4.24609 4.26385 4.28198 4.2973 4.31588 4.33551 4.35533 4.37436 4.3944 4.4135 4.43231 4.45082 4.4694 4.48867 4.5082 4.52682 4.54548 4.56409 4.5825 4.60084 4.61885 4.63675 4.65426 4.67169 4.6879 4.70419 4.72 4.73581 4.75141 4.76667 4.7823 4.79758 4.81292 4.8292 
1.5 1.5 1.5 1.5 1.5 1.5 1.5 1.5 1.5 1.5 1.5 1.3179 1.3642 1.4104 1.4566 1.5029 1.5491 1.5954 1.6416 1.6879 1.7341 1.7803 1.8266 1.8728 3.97737 3.98763 4.00015 4.01184 4.02374 4.03605 4.04787 4.06014 4.07249 4.08497 4.09703 4.11097 4.12423 4.13757 4.15082 4.16379 4.17845 4.19316 4.20816 4.22354 4.23979 4.25507 4.27089 4.28627 4.3014 4.31943 4.3365 4.35428 4.37182 4.38845 4.40766 4.42611 4.44223 4.46037 4.47714 4.49469 4.51248 4.53001 4.54745 4.56464 4.58175 4.59869 4.61565 4.63241 4.64903 4.66534 4.68159 4.69715 4.71227 4.72718 4.74212 4.75677 4.77162 4.78641 4.80109 4.81585 4.83118 
1.5 1.5 1.5 1.5 1.5 1.5 1.5 1.5 1.5 1.5 1.5 1.3179 1.3642 1.4104 1.4566 1.5029 1.5491 1.5954 1.6416 1.6879 1.7341 1.7803 1.8266 4.00588 4.01726 4.02806 4.03953 4.05149 4.06304 4.07481 4.08662 4.09869 4.1106 4.12275 4.13431 4.1471 4.15967 4.17274 4.18616 4.19891 4.21367 4.22762 4.24194 4.25639 4.2713 4.28459 4.29924 4.31523 4.33175 4.34878 4.36382 4.3797 4.39547 4.41222 4.43 4.4456 4.46247 4.47742 4.49347 4.50962 4.52567 4.54174 4.55777 4.57356 4.58924 4.60474 4.62029 4.63574 4.6509 4.66607 4.68112 4.69553 4.70988 4.72396 4.73805 4.75189 4.76577 4.77969 4.79336 4.80705 4.82208 
1.5 1.5 1.5 1.5 1.5 1.5 1.5 1.5 1.5 1.5 1.5 1.3179 1.3642 1.4104 1.4566 1.5029 1.5491 1.5954 1.6416 1.6879 1.7341 1.7803 1.8266 1.8728 1.9191 4.02867 4.03922 4.05245 4.06397 4.07541 4.08729 4.09903 4.11111 4.12334 4.13529 4.14826 4.16101 4.17382 4.18681 4.19933 4.21337 4.22664 4.23971 4.25283 4.26764 4.28202 4.29705 4.31155 4.32625 4.34165 4.35568 4.3703 4.38544 4.40197 4.41738 4.43234 4.44582 4.46017 4.47509 4.48971 4.50428 4.51888 4.53338 4.54778 4.56201 4.57607 4.59032 4.60448 4.61845 4.63239 4.64615 4.65978 4.67321 4.68656 4.69992 4.71284 4.72604 4.73947 4.75226 4.76548 4.77957 
1.5 1.5 1.5 1.5 1.5 1.5 1.5 1.5 1.5 1.5 1.5 1.3179 1.3642 1.4104 1.4566 1.5029 1.5491 1.5954 1.6416 1.6879 1.7341 1.7803 1.8266 1.8728 1.9191 1.9653 4.05081 4.06333 4.07481 4.08701 4.09885 4.11108 4.12322 4.13516 4.14694 4.1596 4.17185 4.18451 4.19694 4.20876 4.22164 4.2348 4.2485 4.26239 4.27649 4.28979 4.30346 4.31715 4.33083 4.34509 4.35822 4.37246 4.38811 4.40218 4.41515 4.42805 4.44132 4.45478 4.46827 4.48163 4.49503 4.50835 4.52156 4.53457 4.54754 4.56058 4.57354 4.58649 4.59947 4.61225 4.62509 4.63778 4.6503 4.66298 4.67558 4.688 4.70018 4.71339 4.72533 4.73771 4.75156 
1.5 1.5 1.5 1.5 1.5 1.5 1.5 1.5 1.5 1.5 1.5 1.3179 1.3642 1.4104 1.4566 1.5029 1.5491 1.5954 1.6416 1.6879 1.7341 1.7803 1.8266 1.8728 1.9191 1.9653 4.07354 4.08608 4.09727 4.10851 4.12062 4.13257 4.1446 4.15645 4.1684 4.18009 4.19204 4.20409 4.21668 4.22921 4.2428 4.25556 4.2685 4.28137 4.29457 4.30735 4.32028 4.33297 4.34571 4.35939 4.37331 4.38725 4.39955 4.41111 4.42327 4.43587 4.44828 4.46065 4.47293 4.48524 4.49756 4.50951 4.52154 4.53351 4.54556 4.55759 4.56952 4.58148 4.59346 4.60535 4.61732 4.6292 4.64108 4.65303 4.66489 4.67677 4.68863 4.70056 4.71239 4.72427 4.73679 
1.5 1.5 1.5 1.5 1.5 1.5 1.5 1.5 1.5 1.5 1.5 1.3179 1.3642 1.4104 1.4566 1.5029 1.5491 1.5954 1.6416 1.6879 1.7341 1.7803 1.8266 1.8728 1.9191 1.9653 2.0116 4.09183 4.10425 4.11532 4.12758 4.13904 4.15086 4.16255 4.17443 4.18732 4.1999 4.21243 4.22482 4.23689 4.24972 4.26218 4.27458 4.2871 4.29937 4.31138 4.32354 4.33604 4.34944 4.36275 4.37421 4.38508 4.39629 4.40793 4.41938 4.43091 4.44235 4.45368 4.46498 4.47613 4.48727 4.4984 4.50949 4.52071 4.53179 4.5429 4.55409 4.56515 4.57636 4.58758 4.59871 4.61 4.62131 4.6327 4.64415 4.65544 4.6668 4.6784 4.69008 4.70108 4.71292 
1.5 1.5 1.5 1.5 1.5 1.5 1.5 1.5 1.5 1.5 1.5 1.3179 1.3642 1.4104 1.4566 1.5029 1.5491 1.5954 1.6416 1.6879 1.7341 1.7803 1.8266 1.8728 1.9191 1.9653 2.0116 4.10857 4.11929 4.1319 4.14428 4.15663 4.16924 4.18177 4.1938 4.20604 4.21808 4.23028 4.24248 4.25468 4.26663 4.27852 4.29016 4.30183 4.31364 4.32592 4.33866 4.35083 4.36178 4.37184 4.38259 4.39353 4.40429 4.41513 4.42564 4.43631 4.44686 4.4572 4.46769 4.47808 4.48844 4.49885 4.50916 4.51959 4.52996 4.5403 4.55085 4.5613 4.57186 4.58243 4.59301 4.60391 4.61476 4.62582 4.63676 4.64759 4.65892 4.66979 4.68086 4.69179 4.70286 
1.5 1.5 1.5 1.5 1.5 1.5 1.5 1.5 1.5 1.5 1.5 1.3179 1.3642 1.4104 1.4566 1.5029 1.5491 1.5954 1.6416 1.6879 1.7341 1.7803 1.8266 1.8728 1.9191 4.12581 4.13572 4.14769 4.16109 4.17408 4.18635 4.19842 4.21034 4.22238 4.23431 4.24635 4.25832 4.27013 4.28188 4.29366 4.30467 4.31636 4.32802 4.34012 4.35198 4.36321 4.37335 4.38321 4.39354 4.40372 4.41416 4.42433 4.43429 4.44434 4.45416 4.46389 4.47356 4.48318 4.49304 4.50284 4.51244 4.52217 4.53184 4.54159 4.55145 4.56118 4.57118 4.58128 4.59125 4.60136 4.61153 4.62207 4.6327 4.64321 4.65379 4.66472 4.67534 4.68646 4.69706 4.70811 4.71847 
1.5 1.5 1.5 1.5 1.5 1.5 1.5 1.5 1.5 1.5 1.5 1.3179 1.3642 1.4104 1.4566 1.5029 1.5491 1.5954 1.6416 1.6879 1.7341 1.7803 1.8266 1.8728 1.9191 1.9653 4.14363 4.15416 4.16593 4.17836 4.19003 4.20191 4.21377 4.22535 4.23707 4.24836 4.25975 4.2712 4.28259 4.29437 4.30586 4.31737 4.32856 4.33859 4.34816 4.35821 4.36821 4.37826 4.38804 4.39741 4.4075 4.41703 4.4265 4.43574 4.44508 4.45439 4.46355 4.47284 4.48195 4.49117 4.50045 4.50967 4.51901 4.52827 4.53772 4.5472 4.55676 4.56651 4.57626 4.58593 4.59585 4.60604 4.61642 4.62694 4.63725 4.64781 4.65842 4.66893 4.67972 4.68997 4.70065 
1.5 1.5 1.5 1.5 1.5 1.5 1.5 1.5 1.5 1.5 1.5 1.3179 1.3642 1.4104 1.4566 1.5029 1.5491 1.5954 1.6416 1.6879 1.7341 1.7803 1.8266 1.8728 1.9191 1.9653 2.0116 2.0578 4.15335 4.16579 4.17667 4.18858 4.19996 4.21152 4.22429 4.23467 4.24631 4.25787 4.26937 4.28105 4.29054 4.30037 4.31011 4.31998 4.32957 4.33961 4.34921 4.3587 4.36798 4.37661 4.38626 4.39542 4.40444 4.41338 4.42246 4.43135 4.44028 4.44932 4.45813 4.46708 4.47599 4.48503 4.49414 4.50319 4.5124 4.52164 4.53106 4.54057 4.55001 4.55961 4.56934 4.57933 4.58962 4.59988 4.61026 4.62086 4.63111 4.64154 4.65206 4.66243 4.67249 
1.5 1.5 1.5 1.5 1.5 1.5 1.5 1.5 1.5 1.5 1.5 1.3179 1.3642 1.4104 1.4566 1.5029 1.5491 1.5954 1.6416 1.6879 1.7341 1.7803 1.8266 1.8728 1.9191 1.9653 2.0116 2.0578 2.104 4.16219 4.17286 4.18474 4.19621 4.2079 4.21997 4.23095 4.2417 4.25196 4.26195 4.27259 4.282 4.2919 4.30168 4.31123 4.32011 4.33002 4.33913 4.34824 4.35733 4.36544 4.37515 4.38391 4.39276 4.40159 4.41033 4.41912 4.42779 4.4366 4.44536 4.45405 4.46289 4.4718 4.48074 4.48974 4.49875 4.50801 4.51719 4.52657 4.536 4.54545 4.55514 4.56527 4.57524 4.58552 4.59588 4.60632 4.61672 4.6272 4.63757 4.64795 4.65825 
1.5 1.5 1.5 1.5 1.5 1.5 1.5 1.5 1.5 1.5 1.5 1.3179 1.3642 1.4104 1.4566 1.5029 1.5491 1.5954 1.6416 1.6879 1.7341 1.7803 1.8266 1.8728 1.9191 1.9653 2.0116 2.0578 4.16733 4.18341 4.19062 4.20257 4.21379 4.22422 4.23496 4.24446 4.25478 4.26516 4.27548 4.28603 4.29493 4.30448 4.31394 4.32316 4.33179 4.34145 4.35059 4.35961 4.36848 4.37655 4.386 4.39484 4.40362 4.41222 4.42092 4.42954 4.43826 4.44699 4.45559 4.46439 4.47316 4.48204 4.49095 4.49988 4.50897 4.51807 4.52727 4.53661 4.54597 4.55555 4.56522 4.57513 4.58534 4.59553 4.60581 4.6161 4.62663 4.63688 4.64744 4.6578 4.66806 
1.5 1.5 1.5 1.5 1.5 1.5 1.5 1.5 1.5 1.5 1.5 1.3179 1.3642 1.4104 1.4566 1.5029 1.5491 1.5954 1.6416 1.6879 1.7341 1.7803 1.8266 1.8728 1.9191 1.9653 2.0116 2.0578 4.16513 4.17898 4.18853 4.19857 4.20881 4.21965 4.23098 4.24107 4.25168 4.26209 4.27247 4.28316 4.29201 4.3016 4.31112 4.3205 4.32923 4.33895 4.34811 4.35714 4.366 4.3742 4.38369 4.39255 4.40136 4.41002 4.41878 4.42742 4.43628 4.44504 4.45374 4.4626 4.47141 4.48037 4.48936 4.49837 4.50753 4.5167 4.52595 4.53539 4.54485 4.55452 4.56424 4.57422 4.58444 4.5947 4.60511 4.6156 4.62589 4.63637 4.6469 4.65725 4.66745 
1.5 1.5 1.5 1.5 1.5 1.5 1.5 1.5 1.5 1.5 1.5 1.3179 1.3642 1.4104 1.4566 1.5029 1.5491 1.5954 1.6416 1.6879 1.7341 1.7803 1.8266 1.8728 1.9191 1.9653 2.0116 2.0578 4.16047 4.17193 4.18224 4.19235 4.20318 4.2141 4.22591 4.23561 4.24624 4.25672 4.26718 4.27772 4.28681 4.29657 4.30626 4.31575 4.32462 4.33441 4.34369 4.35287 4.36187 4.37024 4.37988 4.38885 4.3978 4.40671 4.41565 4.4245 4.43349 4.44248 4.45138 4.46041 4.46938 4.47852 4.48771 4.49689 4.50624 4.51559 4.52502 4.53462 4.54425 4.55406 4.56392 4.57402 4.58435 4.59467 4.60517 4.61571 4.62613 4.63679 4.6473 4.65783 4.66825 
1.5 1.5 1.5 1.5 1.5 1.5 1.5 1.5 1.5 1.5 1.5 1.3179 1.3642 1.4104 1.4566 1.5029 1.5491 1.5954 1.6416 1.6879 1.7341 1.7803 1.8266 1.8728 1.9191 1.9653 2.0116 2.0578 4.15377 4.16447 4.17497 4.18495 4.19585 4.20677 4.2182 4.22842 4.23915 4.24968 4.26026 4.27074 4.28016 4.29011 4.29997 4.30965 4.3188 4.32877 4.33825 4.34768 4.35691 4.36563 4.37542 4.38467 4.3939 4.40302 4.41221 4.42133 4.43055 4.4398 4.44893 4.45821 4.46746 4.4768 4.48624 4.49567 4.50525 4.51479 4.52446 4.53426 4.54407 4.55406 4.56409 4.57431 4.58482 4.59524 4.60583 4.61656 4.62716 4.63789 4.64846 4.65921 4.6697 
1.5 1.5 1.5 1.5 1.5 1.5 1.5 1.5 1.5 1.5 1.5 1.3179 1.3642 1.4104 1.4566 1.5029 1.5491 1.5954 1.6416 1.6879 1.7341 1.7803 1.8266 1.8728 1.9191 1.9653 2.0116 2.0578 2.104 4.14185 4.1527 4.1628 4.17383 4.18486 4.19633 4.20687 4.2177 4.22859 4.23929 4.25024 4.26022 4.27035 4.28051 4.29057 4.30003 4.31033 4.3201 4.32993 4.33969 4.34861 4.35877 4.36826 4.37778 4.38732 4.39674 4.40625 4.41567 4.42522 4.43476 4.44429 4.4539 4.46343 4.47317 4.48293 4.49265 4.50252 4.51239 4.52242 4.53256 4.54265 4.5529 4.56346 4.57403 4.58476 4.59542 4.60623 4.617 4.62786 4.6386 4.64961 4.66003 
1.5 1.5 1.5 1.5 1.5 1.5 1.5 1.5 1.5 1.5 1.5 1.3179 1.3642 1.4104 1.4566 1.5029 1.5491 1.5954 1.6416 1.6879 1.7341 1.7803 1.8266 1.8728 1.9191 1.9653 2.0116 2.0578 2.104 2.1503 2.1965 4.12823 4.13946 4.15047 4.16206 4.17269 4.18382 4.1949 4.20578 4.21705 4.22751 4.23831 4.24878 4.25907 4.26907 4.27967 4.28976 4.29993 4.30989 4.31946 4.32988 4.33974 4.34964 4.35943 4.36933 4.37918 4.38897 4.39888 4.40866 4.41858 4.42853 4.43842 4.44848 4.45843 4.46856 4.47876 4.48894 4.49926 4.50953 4.51996 4.53045 4.54113 4.55192 4.56273 4.57361 4.58456 4.59544 4.60657 4.61743 4.62852 4.63928 
1.5 1.5 1.5 1.5 1.5 1.5 1.5 1.5 1.5 1.5 1.5 1.3179 1.3642 1.4104 1.4566 1.5029 1.5491 1.5954 1.6416 1.6879 1.7341 1.7803 1.8266 1.8728 1.9191 1.9653 2.0116 2.0578 2.104 2.1503 2.1965 4.11872 4.13014 4.14129 4.1529 4.16377 4.17506 4.18632 4.19739 4.20882 4.21951 4.23048 4.24126 4.25185 4.26225 4.27308 4.28347 4.29396 4.30427 4.31427 4.32496 4.33514 4.34537 4.3555 4.36576 4.37594 4.38606 4.39629 4.40637 4.4166 4.42687 4.43706 4.4474 4.45763 4.46803 4.4785 4.48894 4.49947 4.50994 4.5206 4.5313 4.54214 4.55309 4.56405 4.57504 4.58604 4.59714 4.6082 4.6193 4.63049 4.64151 
1.5 1.5 1.5 1.5 1.5 1.5 1.5 1.5 1.5 1.5 1.5 1.3179 1.3642 1.4104 1.4566 1.5029 1.5491 1.5954 1.6416 1.6879 1.7341 1.7803 1.8266 1.8728 1.9191 1.9653 2.0116 2.0578 2.104 4.11023 4.12165 4.13361 4.14487 4.15624 4.16803 4.17916 4.19048 4.20187 4.21311 4.22458 4.23555 4.24653 4.25752 4.26857 4.2792 4.2903 4.30102 4.31177 4.32247 4.33285 4.34379 4.3543 4.3649 4.37546 4.38599 4.39647 4.40695 4.41752 4.42798 4.43841 4.44896 4.45938 4.46997 4.48056 4.4911 4.5018 4.51243 4.52316 4.53395 4.54471 4.5556 4.56662 4.57761 4.58872 4.59981 4.61091 4.6222 4.63325 4.64442 4.65562 4.66676 
1.5 1.5 1.5 1.5 1.5 1.5 1.5 1.5 1.5 1.5 1.5 1.3179 1.3642 1.4104 1.4566 1.5029 1.5491 1.5954 1.6416 1.6879 1.7341 1.7803 1.8266 1.8728 1.9191 1.9653 2.0116 2.0578 2.104 4.10334 4.11498 4.12698 4.13832 4.14975 4.16112 4.17283 4.18426 4.19575 4.20714 4.21876 4.22993 4.24107 4.25229 4.26347 4.27433 4.28553 4.29655 4.30756 4.31853 4.3293 4.34042 4.3512 4.3621 4.37292 4.38365 4.3944 4.40512 4.41586 4.42661 4.43726 4.44806 4.45872 4.46949 4.48028 4.49099 4.50181 4.51259 4.52349 4.53442 4.5453 4.55627 4.56737 4.57838 4.58966 4.60083 4.61205 4.6234 4.63453 4.64574 4.65695 4.66837 
1.5 1.5 1.5 1.5 1.5 1.5 1.5 1.5 1.5 1.5 1.5 1.3179 1.3642 1.4104 1.4566 1.5029 1.5491 1.5954 1.6416 1.6879 1.7341 1.7803 1.8266 1.8728 1.9191 1.9653 2.0116 2.0578 2.104 2.1503 4.09781 4.10963 4.12091 4.13256 4.14429 4.15567 4.16721 4.17869 4.1902 4.20173 4.21305 4.22448 4.23576 4.24705 4.25826 4.26949 4.28075 4.29185 4.30302 4.31394 4.32505 4.33613 4.34716 4.35819 4.36921 4.38021 4.39123 4.40207 4.41315 4.42413 4.43505 4.44606 4.45691 4.4679 4.47889 4.48979 4.50088 4.5119 4.52301 4.53412 4.54513 4.55647 4.56765 4.57891 4.59022 4.60152 4.61287 4.62424 4.63548 4.64674 4.65831 
1.5 1.5 1.5 1.5 1.5 1.5 1.5 1.5 1.5 1.5 1.5 1.3179 1.3642 1.4104 1.4566 1.5029 1.5491 1.5954 1.6416 1.6879 1.7341 1.7803 1.8266 1.8728 1.9191 1.9653 2.0116 2.0578 2.104 2.1503 2.1965 4.0927 4.10433 4.11588 4.12773 4.13909 4.15075 4.16238 4.17394 4.18564 4.19703 4.20862 4.22014 4.23153 4.24299 4.2545 4.26577 4.27714 4.28841 4.29962 4.31101 4.3222 4.33345 4.34456 4.35573 4.36697 4.37796 4.38906 4.40018 4.41126 4.42238 4.43342 4.44452 4.45554 4.46667 4.4778 4.48884 4.50002 4.51109 4.52225 4.53348 4.54477 4.55612 4.56743 4.57866 4.59012 4.60137 4.61284 4.62432 4.63539 4.64689 
1.5 1.5 1.5 1.5 1.5 1.5 1.5 1.5 1.5 1.5 1.5 1.3179 1.3642 1.4104 1.4566 1.5029 1.5491 1.5954 1.6416 1.6879 1.7341 1.7803 1.8266 1.8728 1.9191 1.9653 2.0116 2.0578 2.104 2.1503 2.1965 2.2428 4.08689 4.09889 4.1104 4.12234 4.13396 4.14568 4.1574 4.16905 4.18075 4.19232 4.20399 4.21568 4.22723 4.23888 4.25048 4.26199 4.27358 4.285 4.29657 4.30807 4.31941 4.33089 4.34221 4.35363 4.36497 4.37629 4.38763 4.39888 4.41018 4.4215 4.43273 4.44406 4.45528 4.4666 4.47787 4.48906 4.50038 4.51161 4.52297 4.53433 4.54577 4.5572 4.56863 4.57999 4.59143 4.60279 4.61435 4.62576 4.6368 
