63 81 1.5 0.33
0 2 4 6 8 10 12 14 16 18 20 22 24 26 28 30 32 34 36 38 40 42 44 46 48 50 52 54 56 58 60 62 64 66 68 70 72 74 76 78 80 82 84 86 88 90 92 94 96 98 100 102 104 106 108 110 112 114 116 118 120 122 124 
0 0 0 0 0 0 0 0 0 0 0 0 0 0 0 0 0 0 0 0 0 0 0 0 0 0 0 0 0 0 0 0 0 0 0 0 0 0 0 0 0 0 0 0 0 0 0 0 0 0 0 0 0 0 0 0 0 0 0 0 0 0 0 
0 0.2 0.4 0.6 0.8 1 1.2 1.4 1.6 1.8 2 2.2 2.4 2.6 2.8 3 3.2 3.4 3.6 3.8 4 4.2 4.4 4.6 4.8 5 5.2 5.4 5.6 5.8 6 6.2 6.4 6.6 6.8 7 7.2 7.4 7.6 7.8 8 8.2 8.4 8.6 8.8 9 9.2 9.4 9.6 9.8 10 10.2 10.4 10.6 10.8 11 11.2 11.4 11.6 11.8 12 12.2 12.4 12.6 12.8 13 13.2 13.4 13.6 13.8 14 14.2 14.4 14.6 14.8 15 15.2 15.4 15.6 15.8 16 
1.5 1.5 1.5 1.5 1.5 1.5 1.5 1.5 1.5 1.5 1.5 1.9467 7.2 7.1949 7.1897 7.1847 7.1795 7.1744 7.1692 7.1641 7.159 7.1539 7.1487 7.1436 7.1384 7.1334 7.1282 7.1231 7.1179 7.1128 7.1077 7.1026 7.0974 7.0923 7.0871 7.0821 7.0769 7.0718 7.0666 7.0615 7.0565 7.0513 7.0462 7.041 7.0359 7.0308 7.0257 7.0205 7.0154 7.0102 7.0052 8 8.02 8.04 8.06 8.08 8.1 8.12 8.14 8.16 8.18 8.2 8.22 8.24 8.26 8.28 8.3 8.32 8.34 8.36 8.38 8.4 8.42 8.44 8.46 8.48 8.5 8.52 8.54 8.56 8.58 
1.5 1.5 1.5 1.5 1.5 1.5 1.5 1.5 1.5 1.5 1.5 1.9467 2.0933 7.2 7.1947 7.1894 7.1843 7.179 7.1737 7.1684 7.1631 7.1579 7.1527 7.1474 7.1421 7.1368 7.1316 7.1263 7.1211 7.1158 7.1105 7.1053 7.1 7.0947 7.0895 7.0842 7.079 7.0737 7.0684 7.0631 7.0579 7.0527 7.0474 7.0421 7.0368 7.0315 7.0264 7.0211 7.0158 7.0105 7.0052 8 8.02 8.04 8.06 8.08 8.1 8.12 8.14 8.16 8.18 8.2 8.22 8.24 8.26 8.28 8.3 8.32 8.34 8.36 8.38 8.4 8.42 8.44 8.46 8.48 8.5 8.52 8.54 8.56 8.58 
1.5 1.5 1.5 1.5 1.5 1.5 1.5 1.5 1.5 1.5 1.5 1.9467 2.0933 2.24 7.2 7.1946 7.1891 7.1838 7.1784 7.173 7.1675 7.1621 7.1568 7.1514 7.1459 7.1405 7.1351 7.1298 7.1243 7.1189 7.1135 7.1081 7.1027 7.0973 7.0919 7.0865 7.081 7.0757 7.0703 7.0649 7.0594 7.054 7.0487 7.0433 7.0378 7.0324 7.027 7.0217 7.0162 7.0108 7.0054 8 8.02 8.04 8.06 8.08 8.1 8.12 8.14 8.16 8.18 8.2 8.22 8.24 8.26 8.28 8.3 8.32 8.34 8.36 8.38 8.4 8.42 8.44 8.46 8.48 8.5 8.52 8.54 8.56 8.58 
1.5 1.5 1.5 1.5 1.5 1.5 1.5 1.5 1.5 1.5 1.5 1.9467 2.0933 2.24 7.2 7.1946 7.1891 7.1838 7.1784 7.173 7.1675 7.1621 7.1568 7.1514 7.1459 7.1405 7.1351 7.1298 7.1243 7.1189 7.1135 7.1081 7.1027 7.0973 7.0919 7.0865 7.081 7.0757 7.0703 7.0649 7.0594 7.054 7.0487 7.0433 7.0378 7.0324 7.027 7.0217 7.0162 7.0108 7.0054 8 8.02 8.04 8.06 8.08 8.1 8.12 8.14 8.16 8.18 8.2 8.22 8.24 8.26 8.28 8.3 8.32 8.34 8.36 8.38 8.4 8.42 8.44 8.46 8.48 8.5 8.52 8.54 8.56 8.58 
1.5 1.5 1.5 1.5 1.5 1.5 1.5 1.5 1.5 1.5 1.5 1.9467 2.0933 2.24 7.2 7.1946 7.1891 7.1838 7.1784 7.173 7.1675 7.1621 7.1568 7.1514 7.1459 7.1405 7.1351 7.1298 7.1243 7.1189 7.1135 7.1081 7.1027 7.0973 7.0919 7.0865 7.081 7.0757 7.0703 7.0649 7.0594 7.054 7.0487 7.0433 7.0378 7.0324 7.027 7.0217 7.0162 7.0108 7.0054 8 8.02 8.04 8.06 8.08 8.1 8.12 8.14 8.16 8.18 8.2 8.22 8.24 8.26 8.28 8.3 8.32 8.34 8.36 8.38 8.4 8.42 8.44 8.46 8.48 8.5 8.52 8.54 8.56 8.58 
1.5 1.5 1.5 1.5 1.5 1.5 1.5 1.5 1.5 1.5 1.5 1.9467 2.0933 7.2 7.1947 7.1894 7.1843 7.179 7.1737 7.1684 7.1631 7.1579 7.1527 7.1474 7.1421 7.1368 7.1316 7.1263 7.1211 7.1158 7.1105 7.1053 7.1 7.0947 7.0895 7.0842 7.079 7.0737 7.0684 7.0631 7.0579 7.0527 7.0474 7.0421 7.0368 7.0315 7.0264 7.0211 7.0158 7.0105 7.0052 8 8.02 8.04 8.06 8.08 8.1 8.12 8.14 8.16 8.18 8.2 8.22 8.24 8.26 8.28 8.3 8.32 8.34 8.36 8.38 8.4 8.42 8.44 8.46 8.48 8.5 8.52 8.54 8.56 8.58 
1.5 1.5 1.5 1.5 1.5 1.5 1.5 1.5 1.5 1.5 1.5 1.9467 2.0933 7.2 7.1947 7.1894 7.1843 7.179 7.1737 7.1684 7.1631 7.1579 7.1527 7.1474 7.1421 7.1368 7.1316 7.1263 7.1211 7.1158 7.1105 7.1053 7.1 7.0947 7.0895 7.0842 7.079 7.0737 7.0684 7.0631 7.0579 7.0527 7.0474 7.0421 7.0368 7.0315 7.0264 7.0211 7.0158 7.0105 7.0052 8 8.02 8.04 8.06 8.08 8.1 8.12 8.14 8.16 8.18 8.2 8.22 8.24 8.26 8.28 8.3 8.32 8.34 8.36 8.38 8.4 8.42 8.44 8.46 8.48 8.5 8.52 8.54 8.56 8.58 
1.5 1.5 1.5 1.5 1.5 1.5 1.5 1.5 1.5 1.5 1.5 1.9467 2.0933 2.24 2.3867 7.2 7.1944 7.1888 7.1834 7.1778 7.1722 7.1666 7.1611 7.1556 7.15 7.1444 7.1389 7.1333 7.1278 7.1222 7.1167 7.1111 7.1055 7.1 7.0945 7.0889 7.0833 7.0777 7.0723 7.0667 7.0611 7.0555 7.05 7.0445 7.0389 7.0333 7.0278 7.0222 7.0167 7.0111 7.0056 8 8.02 8.04 8.06 8.08 8.1 8.12 8.14 8.16 8.18 8.2 8.22 8.24 8.26 8.28 8.3 8.32 8.34 8.36 8.38 8.4 8.42 8.44 8.46 8.48 8.5 8.52 8.54 8.56 8.58 
1.5 1.5 1.5 1.5 1.5 1.5 1.5 1.5 1.5 1.5 1.5 1.9467 2.0933 2.24 2.3867 2.5333 7.2 7.1943 7.1885 7.1829 7.1772 7.1714 7.1657 7.16 7.1543 7.1486 7.1429 7.1371 7.1314 7.1258 7.12 7.1143 7.1086 7.1028 7.0972 7.0914 7.0857 7.08 7.0742 7.0686 7.0629 7.0571 7.0514 7.0457 7.04 7.0343 7.0286 7.0228 7.0171 7.0115 7.0057 8 8.02 8.04 8.06 8.08 8.1 8.12 8.14 8.16 8.18 8.2 8.22 8.24 8.26 8.28 8.3 8.32 8.34 8.36 8.38 8.4 8.42 8.44 8.46 8.48 8.5 8.52 8.54 8.56 8.58 
1.5 1.5 1.5 1.5 1.5 1.5 1.5 1.5 1.5 1.5 1.5 1.9467 2.0933 2.24 2.3867 2.5333 7.2 7.1943 7.1885 7.1829 7.1772 7.1714 7.1657 7.16 7.1543 7.1486 7.1429 7.1371 7.1314 7.1258 7.12 7.1143 7.1086 7.1028 7.0972 7.0914 7.0857 7.08 7.0742 7.0686 7.0629 7.0571 7.0514 7.0457 7.04 7.0343 7.0286 7.0228 7.0171 7.0115 7.0057 8 8.02 8.04 8.06 8.08 8.1 8.12 8.14 8.16 8.18 8.2 8.22 8.24 8.26 8.28 8.3 8.32 8.34 8.36 8.38 8.4 8.42 8.44 8.46 8.48 8.5 8.52 8.54 8.56 8.58 
1.5 1.5 1.5 1.5 1.5 1.5 1.5 1.5 1.5 1.5 1.5 1.9467 2.0933 2.24 2.3867 7.2 7.1944 7.1888 7.1834 7.1778 7.1722 7.1666 7.1611 7.1556 7.15 7.1444 7.1389 7.1333 7.1278 7.1222 7.1167 7.1111 7.1055 7.1 7.0945 7.0889 7.0833 7.0777 7.0723 7.0667 7.0611 7.0555 7.05 7.0445 7.0389 7.0333 7.0278 7.0222 7.0167 7.0111 7.0056 8 8.02 8.04 8.06 8.08 8.1 8.12 8.14 8.16 8.18 8.2 8.22 8.24 8.26 8.28 8.3 8.32 8.34 8.36 8.38 8.4 8.42 8.44 8.46 8.48 8.5 8.52 8.54 8.56 8.58 
1.5 1.5 1.5 1.5 1.5 1.5 1.5 1.5 1.5 1.5 1.5 1.9467 2.0933 2.24 2.3867 7.2 7.1944 7.1888 7.1834 7.1778 7.1722 7.1666 7.1611 7.1556 7.15 7.1444 7.1389 7.1333 7.1278 7.1222 7.1167 7.1111 7.1055 7.1 7.0945 7.0889 7.0833 7.0777 7.0723 7.0667 7.0611 7.0555 7.05 7.0445 7.0389 7.0333 7.0278 7.0222 7.0167 7.0111 7.0056 8 8.02 8.04 8.06 8.08 8.1 8.12 8.14 8.16 8.18 8.2 8.22 8.24 8.26 8.28 8.3 8.32 8.34 8.36 8.38 8.4 8.42 8.44 8.46 8.48 8.5 8.52 8.54 8.56 8.58 
1.5 1.5 1.5 1.5 1.5 1.5 1.5 1.5 1.5 1.5 1.5 1.9467 2.0933 2.24 2.3867 7.2 7.1944 7.1888 7.1834 7.1778 7.1722 7.1666 7.1611 7.1556 7.15 7.1444 7.1389 7.1333 7.1278 7.1222 7.1167 7.1111 7.1055 7.1 7.0945 7.0889 7.0833 7.0777 7.0723 7.0667 7.0611 7.0555 7.05 7.0445 7.0389 7.0333 7.0278 7.0222 7.0167 7.0111 7.0056 8 8.02 8.04 8.06 8.08 8.1 8.12 8.14 8.16 8.18 8.2 8.22 8.24 8.26 8.28 8.3 8.32 8.34 8.36 8.38 8.4 8.42 8.44 8.46 8.48 8.5 8.52 8.54 8.56 8.58 
1.5 1.5 1.5 1.5 1.5 1.5 1.5 1.5 1.5 1.5 1.5 1.9467 2.0933 2.24 2.3866 2.5332 7.2 7.1943 7.1885 7.1829 7.1772 7.1714 7.1657 7.16 7.1543 7.1486 7.1429 7.1371 7.1314 7.1258 7.12 7.1143 7.1086 7.1028 7.0972 7.0914 7.0857 7.08 7.0742 7.0686 7.0629 7.0571 7.0514 7.0457 7.04 7.0343 7.0286 7.0228 7.0171 7.0115 7.0057 8 8.02 8.04 8.06 8.08 8.1 8.12 8.14 8.16 8.18 8.2 8.22 8.24 8.26 8.28 8.3 8.32 8.34 8.36 8.38 8.4 8.42 8.44 8.46 8.48 8.5 8.52 8.54 8.56 8.58 
1.5 1.5 1.5 1.5 1.5 1.5 1.5 1.5 1.5 1.5 1.5 1.9467 2.0932 2.2396 2.3859 2.5321 2.6788 2.8259 7.2 7.1937 7.1875 7.1813 7.175 7.1688 7.1625 7.1562 7.15 7.1438 7.1375 7.1312 7.125 7.1188 7.1125 7.1063 7.1 7.0937 7.0875 7.0813 7.075 7.0687 7.0625 7.0563 7.05 7.0438 7.0375 7.0312 7.025 7.0188 7.0125 7.0062 8 8.02 8.04 8.06 8.08 8.1 8.12 8.14 8.16 8.18 8.2 8.22 8.24 8.26 8.28 8.3 8.32 8.34 8.36 8.38 8.4 8.42 8.44 8.46 8.48 8.5 8.52 8.54 8.56 8.58 8.6 
1.5 1.5 1.5 1.5 1.5 1.5 1.5 1.5 1.5 1.5 1.5 1.9466 2.0926 2.2379 2.382 2.5263 2.673 2.822 7.2 7.1937 7.1875 7.1813 7.175 7.1688 7.1625 7.1562 7.15 7.1438 7.1375 7.1312 7.125 7.1188 7.1125 7.1063 7.1 7.0937 7.0875 7.0813 7.075 7.0687 7.0625 7.0563 7.05 7.0438 7.0375 7.0312 7.025 7.0188 7.0125 7.0062 8 8.02 8.04 8.06 8.08 8.1 8.12 8.14 8.16 8.18 8.2 8.22 8.24 8.26 8.28 8.3 8.32 8.34 8.36 8.38 8.4 8.42 8.44 8.46 8.48 8.5 8.52 8.54 8.56 8.58 8.6 
1.5 1.5 1.5 1.5 1.5 1.5 1.5 1.5 1.5 1.5 1.5 1.9461 2.0905 2.231 2.3669 2.5039 2.6506 7.2 7.1939 7.1878 7.1819 7.1758 7.1697 7.1636 7.1575 7.1516 7.1455 7.1394 7.1333 7.1272 7.1213 7.1152 7.1091 7.103 7.0969 7.0909 7.0849 7.0788 7.0727 7.0666 7.0606 7.0546 7.0485 7.0424 7.0363 7.0303 7.0243 7.0182 7.0121 7.006 8 8.02 8.04 8.06 8.08 8.1 8.12 8.14 8.16 8.18 8.2 8.22 8.24 8.26 8.28 8.3 8.32 8.34 8.36 8.38 8.4 8.42 8.44 8.46 8.48 8.5 8.52 8.54 8.56 8.58 8.6 
1.5 1.5 1.5 1.5 1.5 1.5 1.5 1.5 1.5 1.5 1.5 1.945 2.0849 2.2124 2.3259 2.4431 2.5898 7.2 7.1939 7.1878 7.1819 7.1758 7.1697 7.1636 7.1575 7.1516 7.1455 7.1394 7.1333 7.1272 7.1213 7.1152 7.1091 7.103 7.0969 7.0909 7.0849 7.0788 7.0727 7.0666 7.0606 7.0546 7.0485 7.0424 7.0363 7.0303 7.0243 7.0182 7.0121 7.006 8 8.02 8.04 8.06 8.08 8.1 8.12 8.14 8.16 8.18 8.2 8.22 8.24 8.26 8.28 8.3 8.32 8.34 8.36 8.38 8.4 8.42 8.44 8.46 8.48 8.5 8.52 8.54 8.56 8.58 8.6 
1.5 1.5 1.5 1.5 1.5 1.5 1.5 1.5 1.5 1.5 1.5 1.9428 2.0745 2.1786 2.2515 2.3325 2.4792 7.2 7.1937 7.1875 7.1813 7.175 7.1688 7.1625 7.1562 7.15 7.1438 7.1375 7.1312 7.125 7.1188 7.1125 7.1063 7.1 7.0937 7.0875 7.0813 7.075 7.0687 7.0625 7.0563 7.05 7.0438 7.0375 7.0312 7.025 7.0188 7.0125 7.0062 8 8.02 8.04 8.06 8.08 8.1 8.12 8.14 8.16 8.18 8.2 8.22 8.24 8.26 8.28 8.3 8.32 8.34 8.36 8.38 8.4 8.42 8.44 8.46 8.48 8.5 8.52 8.54 8.56 8.58 8.6 8.62 
1.5 1.5 1.5 1.5 1.5 1.5 1.5 1.5 1.5 1.5 1.5 1.9405 2.063 2.1408 2.1681 2.2089 2.3556 2.6081 7.2 7.1935 7.1871 7.1807 7.1742 7.1677 7.1613 7.1548 7.1484 7.142 7.1355 7.129 7.1225 7.1162 7.1097 7.1031 7.0967 7.0902 7.0837 7.0772 7.0708 7.0643 7.0578 7.0515 7.045 7.0385 7.032 7.0257 7.0193 7.0128 7.0065 8 8.02 8.04 8.06 8.08 8.1 8.12 8.14 8.16 8.18 8.2 8.22 8.24 8.26 8.28 8.3 8.32 8.34 8.36 8.38 8.4 8.42 8.44 8.46 8.48 8.5 8.52 8.54 8.56 8.58 8.6 8.62 
1.5 1.5 1.5 1.5 1.5 1.5 1.5 1.5 1.5 1.5 1.5 1.9394 2.0577 2.1236 2.1302 2.1526 2.2993 2.5702 2.8569 7.2 7.1933 7.1866 7.18 7.1734 7.1667 7.16 7.1533 7.1466 7.1398 7.1331 7.1263 7.1197 7.113 7.1062 7.0994 7.0926 7.0858 7.0792 7.0725 7.0658 7.0591 7.0524 7.0458 7.0392 7.0325 7.0259 7.0194 7.0129 7.0063 8 8.02 8.04 8.06 8.08 8.1 8.12 8.14 8.16 8.18 8.2 8.22 8.24 8.26 8.28 8.3 8.32 8.34 8.36 8.38 8.4 8.42 8.44 8.46 8.48 8.5 8.52 8.54 8.56 8.58 8.6 8.62 
1.5 1.5 1.5 1.5 1.5 1.5 1.5 1.5 1.5 1.5 1.5 1.9405 2.063 2.1408 2.1681 2.2089 2.3556 2.6081 2.8741 3.0897 7.2 7.1931 7.1862 7.1793 7.1722 7.1653 7.1583 7.1512 7.1443 7.1372 7.1299 7.1227 7.1155 7.1083 7.1011 7.0938 7.0865 7.0793 7.0723 7.0653 7.0583 7.0515 7.0446 7.038 7.0314 7.0248 7.0183 7.0117 7.0052 8 8.02 8.04 8.06 8.08 8.1 8.12 8.14 8.16 8.18 8.2 8.22 8.24 8.26 8.28 8.3 8.32 8.34 8.36 8.38 8.4 8.42 8.44 8.46 8.48 8.5 8.52 8.54 8.56 8.58 8.6 8.62 
1.5 1.5 1.5 1.5 1.5 1.5 1.5 1.5 1.5 1.5 1.5 1.9428 2.0745 2.1786 2.2515 2.3325 2.4792 2.6915 2.9119 7.2 7.1933 7.1865 7.1798 7.173 7.1662 7.1592 7.1522 7.1451 7.1378 7.1304 7.1229 7.1153 7.1076 7.0997 7.0918 7.0839 7.0761 7.0685 7.0612 7.054 7.0472 7.0406 7.0345 7.0285 7.0228 7.0172 7.0118 7.0064 7.0009 8 8.02 8.04 8.06 8.08 8.1 8.12 8.14 8.16 8.18 8.2 8.22 8.24 8.26 8.28 8.3 8.32 8.34 8.36 8.38 8.4 8.42 8.44 8.46 8.48 8.5 8.52 8.54 8.56 8.58 8.6 8.62 
1.5 1.5 1.5 1.5 1.5 1.5 1.5 1.5 1.5 1.5 1.5 1.945 2.0849 2.2124 2.3259 2.4431 2.5898 2.7659 7.2 7.1933 7.1868 7.1803 7.1735 7.1667 7.1597 7.1525 7.1451 7.1374 7.1292 7.1207 7.1117 7.1026 7.0929 7.083 7.073 7.0631 7.0535 7.0442 7.0357 7.0279 7.0209 7.0151 7.0099 7.0055 7.0018 6.9986 6.9956 6.9927 6.9897 8 8.02 8.04 8.06 8.08 8.1 8.12 8.14 8.16 8.18 8.2 8.22 8.24 8.26 8.28 8.3 8.32 8.34 8.36 8.38 8.4 8.42 8.44 8.46 8.48 8.5 8.52 8.54 8.56 8.58 8.6 8.62 
1.5 1.5 1.5 1.5 1.5 1.5 1.5 1.5 1.5 1.5 1.5 1.9461 2.0905 2.231 2.3669 2.5039 2.6506 2.8069 2.9643 7.1996 7.1926 7.1855 7.1783 7.1708 7.1628 7.1543 7.1452 7.1354 7.1246 7.1129 7.1001 7.0865 7.0721 7.057 7.0417 7.0265 7.012 6.9986 6.9868 6.9769 6.9691 6.9635 6.9601 6.9586 6.9587 6.9598 6.9617 6.9637 6.9654 8 8.02 8.04 8.06 8.08 8.1 8.12 8.14 8.16 8.18 8.2 8.22 8.24 8.26 8.28 8.3 8.32 8.34 8.36 8.38 8.4 8.42 8.44 8.46 8.48 8.5 8.52 8.54 8.56 8.58 8.6 8.62 
1.5 1.5 1.5 1.5 1.5 1.5 1.5 1.5 1.5 1.5 1.5 1.9466 2.0926 2.2379 2.382 2.5263 2.673 2.822 2.9712 3.1193 7.1986 7.1909 7.1827 7.1741 7.1644 7.1537 7.1417 7.1282 7.1129 7.0954 7.0758 7.0543 7.0312 7.0069 6.9819 6.9573 6.934 6.913 6.8954 6.8817 6.8725 6.8679 6.8677 6.8717 6.8789 6.8883 6.8991 6.9103 6.9209 8 8.02 8.04 8.06 8.08 8.1 8.12 8.14 8.16 8.18 8.2 8.22 8.24 8.26 8.28 8.3 8.32 8.34 8.36 8.38 8.4 8.42 8.44 8.46 8.48 8.5 8.52 8.54 8.56 8.58 8.6 8.62 
1.5 1.5 1.5 1.5 1.5 1.5 1.5 1.5 1.5 1.5 1.5 1.9467 2.0932 2.2396 2.3859 2.5321 2.6788 2.8259 2.9729 3.1199 3.2667 7.1961 7.1867 7.1762 7.1644 7.1505 7.1344 7.1154 7.0933 7.0675 7.038 7.0051 6.969 6.9308 6.8919 6.8534 6.8173 6.7853 6.7589 6.7399 6.7285 6.7255 6.7304 6.7424 6.7602 6.782 6.8061 6.8309 6.8547 8 8.02 8.04 8.06 8.08 8.1 8.12 8.14 8.16 8.18 8.2 8.22 8.24 8.26 8.28 8.3 8.32 8.34 8.36 8.38 8.4 8.42 8.44 8.46 8.48 8.5 8.52 8.54 8.56 8.58 8.6 8.62 
1.5 1.5 1.5 1.5 1.5 1.5 1.5 1.5 1.5 1.5 1.5 1.9467 2.0933 2.24 2.3866 2.5332 2.6799 2.8266 2.9733 3.12 3.2667 7.1941 7.1836 7.1715 7.1572 7.14 7.1194 7.0944 7.0646 7.0295 6.9888 6.9428 6.8922 6.8384 6.7834 6.7291 6.6784 6.6338 6.5978 6.5727 6.5593 6.5583 6.5693 6.5909 6.6213 6.6577 6.6976 6.7385 6.7779 8 8.02 8.04 8.06 8.08 8.1 8.12 8.14 8.16 8.18 8.2 8.22 8.24 8.26 8.28 8.3 8.32 8.34 8.36 8.38 8.4 8.42 8.44 8.46 8.48 8.5 8.52 8.54 8.56 8.58 8.6 8.62 
1.5 1.5 1.5 1.5 1.5 1.5 1.5 1.5 1.5 1.5 1.5 1.9467 2.0933 2.24 2.3867 2.5333 2.68 2.8267 2.9733 3.12 3.2667 7.1925 7.1813 7.168 7.152 7.1323 7.1081 7.0785 7.0427 7.0001 6.9503 6.8937 6.8313 6.7649 6.6968 6.6297 6.5671 6.5123 6.4687 6.4387 6.4239 6.4249 6.4412 6.4709 6.5119 6.5607 6.614 6.6684 6.721 6.7696 8 8.02 8.04 8.06 8.08 8.1 8.12 8.14 8.16 8.18 8.2 8.22 8.24 8.26 8.28 8.3 8.32 8.34 8.36 8.38 8.4 8.42 8.44 8.46 8.48 8.5 8.52 8.54 8.56 8.58 8.6 
1.5 1.5 1.5 1.5 1.5 1.5 1.5 1.5 1.5 1.5 1.5 1.9467 2.0933 2.24 2.3867 2.5333 2.68 2.8267 2.9733 3.12 7.195 7.1852 7.1738 7.1602 7.1437 7.1232 7.0977 7.0664 7.0284 6.9828 6.9296 6.8691 6.8023 6.7311 6.6579 6.5859 6.5188 6.4602 6.4137 6.382 6.3667 6.3686 6.387 6.4203 6.4655 6.5192 6.5778 6.6377 6.6957 6.7492 8 8.02 8.04 8.06 8.08 8.1 8.12 8.14 8.16 8.18 8.2 8.22 8.24 8.26 8.28 8.3 8.32 8.34 8.36 8.38 8.4 8.42 8.44 8.46 8.48 8.5 8.52 8.54 8.56 8.58 8.6 
1.5 1.5 1.5 1.5 1.5 1.5 1.5 1.5 1.5 1.5 1.5 1.9467 2.0933 2.24 2.3867 2.5333 2.68 2.8267 2.9733 3.12 7.1954 7.186 7.1753 7.1625 7.1468 7.1276 7.1039 7.0747 7.0394 6.9972 6.9478 6.8917 6.8297 6.7639 6.6961 6.6294 6.5673 6.513 6.4699 6.4402 6.4259 6.4273 6.444 6.4744 6.5157 6.5649 6.6186 6.6735 6.7266 6.7756 6.8188 8 8.02 8.04 8.06 8.08 8.1 8.12 8.14 8.16 8.18 8.2 8.22 8.24 8.26 8.28 8.3 8.32 8.34 8.36 8.38 8.4 8.42 8.44 8.46 8.48 8.5 8.52 8.54 8.56 8.58 
1.5 1.5 1.5 1.5 1.5 1.5 1.5 1.5 1.5 1.5 1.5 1.9467 2.0933 2.24 2.3867 2.5333 2.68 2.8267 2.9733 3.12 3.2667 3.4133 7.1908 7.1789 7.1648 7.148 7.1275 7.1028 7.0732 7.0383 6.998 6.9522 6.9018 6.8483 6.7934 6.7395 6.689 6.6447 6.6089 6.5839 6.5709 6.5702 6.5814 6.6033 6.6337 6.6705 6.7107 6.7518 6.7915 6.828 6.86 8 8.02 8.04 8.06 8.08 8.1 8.12 8.14 8.16 8.18 8.2 8.22 8.24 8.26 8.28 8.3 8.32 8.34 8.36 8.38 8.4 8.42 8.44 8.46 8.48 8.5 8.52 8.54 8.56 8.58 
1.5 1.5 1.5 1.5 1.5 1.5 1.5 1.5 1.5 1.5 1.5 1.9467 2.0933 2.24 2.3867 2.5333 2.68 2.8267 2.9733 3.12 3.2667 3.4133 3.56 3.7067 7.1858 7.1719 7.1558 7.1369 7.1147 7.0889 7.0594 7.0265 6.9905 6.9523 6.9133 6.8748 6.8386 6.8068 6.7804 6.7613 6.7499 6.7469 6.7519 6.7639 6.7815 6.8034 6.8275 6.8524 6.8762 6.8979 6.9166 6.9317 8 8.02 8.04 8.06 8.08 8.1 8.12 8.14 8.16 8.18 8.2 8.22 8.24 8.26 8.28 8.3 8.32 8.34 8.36 8.38 8.4 8.42 8.44 8.46 8.48 8.5 8.52 8.54 8.56 
1.5 1.5 1.5 1.5 1.5 1.5 1.5 1.5 1.5 1.5 1.5 1.9467 2.0933 2.24 2.3867 2.5333 2.68 2.8267 2.9733 3.12 3.2667 3.4133 3.56 7.1947 7.1851 7.1744 7.1625 7.1489 7.1335 7.116 7.0965 7.0751 7.052 7.0275 7.0025 6.9779 6.9548 6.9338 6.9161 6.9023 6.8931 6.8886 6.8885 6.8924 6.8996 6.9089 6.9198 6.931 6.9416 6.9509 6.9586 6.9643 8 8.02 8.04 8.06 8.08 8.1 8.12 8.14 8.16 8.18 8.2 8.22 8.24 8.26 8.28 8.3 8.32 8.34 8.36 8.38 8.4 8.42 8.44 8.46 8.48 8.5 8.52 8.54 8.56 
1.5 1.5 1.5 1.5 1.5 1.5 1.5 1.5 1.5 1.5 1.5 1.9467 2.0933 2.24 2.3867 2.5333 2.68 2.8267 2.9733 3.12 3.2667 3.4133 7.1983 7.1909 7.1832 7.175 7.1661 7.1564 7.1459 7.1344 7.1219 7.1085 7.0942 7.0793 7.0642 7.0494 7.0351 7.0218 7.0102 7.0005 6.993 6.9876 6.9844 6.9831 6.9834 6.9849 6.9869 6.989 6.9909 6.9923 6.9929 6.9925 6.9911 8 8.02 8.04 8.06 8.08 8.1 8.12 8.14 8.16 8.18 8.2 8.22 8.24 8.26 8.28 8.3 8.32 8.34 8.36 8.38 8.4 8.42 8.44 8.46 8.48 8.5 8.52 8.54 
1.5 1.5 1.5 1.5 1.5 1.5 1.5 1.5 1.5 1.5 1.5 1.9467 2.0933 2.24 2.3867 2.5333 2.68 2.8267 2.9733 3.12 3.2667 3.4133 7.1993 7.1925 7.1855 7.1784 7.1709 7.1631 7.155 7.1465 7.1376 7.1284 7.1187 7.1088 7.0987 7.089 7.0793 7.07 7.0615 7.0537 7.0468 7.0408 7.0357 7.0313 7.0276 7.0245 7.0214 7.0185 7.0154 7.0122 7.0086 7.0046 7.0002 8 8.02 8.04 8.06 8.08 8.1 8.12 8.14 8.16 8.18 8.2 8.22 8.24 8.26 8.28 8.3 8.32 8.34 8.36 8.38 8.4 8.42 8.44 8.46 8.48 8.5 8.52 8.54 
1.5 1.5 1.5 1.5 1.5 1.5 1.5 1.5 1.5 1.5 1.5 1.9467 2.0933 2.24 2.3867 2.5333 2.68 2.8267 2.9733 3.12 3.2667 3.4133 3.56 7.1996 7.193 7.1863 7.1796 7.1726 7.1655 7.1584 7.1511 7.1437 7.1362 7.1285 7.1208 7.1131 7.1057 7.0982 7.091 7.0841 7.0775 7.0712 7.0652 7.0595 7.054 7.0486 7.0435 7.0382 7.0329 7.0275 7.0221 7.0165 7.0107 7.0049 8 8.02 8.04 8.06 8.08 8.1 8.12 8.14 8.16 8.18 8.2 8.22 8.24 8.26 8.28 8.3 8.32 8.34 8.36 8.38 8.4 8.42 8.44 8.46 8.48 8.5 8.52 
1.5 1.5 1.5 1.5 1.5 1.5 1.5 1.5 1.5 1.5 1.5 1.9467 2.0933 2.24 2.3867 2.5333 2.68 2.8267 2.9733 3.12 3.2667 3.4133 3.56 7.1999 7.1933 7.1869 7.1804 7.1737 7.1671 7.1605 7.1537 7.147 7.1403 7.1334 7.1266 7.1197 7.1131 7.1063 7.0996 7.0931 7.0865 7.0802 7.0738 7.0676 7.0614 7.0552 7.0493 7.0431 7.037 7.0308 7.0247 7.0186 7.0123 7.006 8 8.02 8.04 8.06 8.08 8.1 8.12 8.14 8.16 8.18 8.2 8.22 8.24 8.26 8.28 8.3 8.32 8.34 8.36 8.38 8.4 8.42 8.44 8.46 8.48 8.5 8.52 
1.5 1.5 1.5 1.5 1.5 1.5 1.5 1.5 1.5 1.5 1.5 1.9467 2.0933 2.24 2.3867 2.5333 2.68 2.8267 2.9733 3.12 3.2667 3.4133 3.56 3.7067 3.8533 7.2 7.1933 7.1865 7.1798 7.1732 7.1664 7.1597 7.1529 7.1462 7.1394 7.1326 7.1258 7.1192 7.1125 7.1058 7.0991 7.0924 7.0857 7.0792 7.0726 7.066 7.0594 7.0528 7.0463 7.0397 7.033 7.0264 7.0198 7.0133 7.0067 8 8.02 8.04 8.06 8.08 8.1 8.12 8.14 8.16 8.18 8.2 8.22 8.24 8.26 8.28 8.3 8.32 8.34 8.36 8.38 8.4 8.42 8.44 8.46 8.48 8.5 
1.5 1.5 1.5 1.5 1.5 1.5 1.5 1.5 1.5 1.5 1.5 1.9467 2.0933 2.24 2.3867 2.5333 2.68 2.8267 2.9733 3.12 3.2667 3.4133 3.56 3.7067 3.8533 4 7.2 7.1931 7.1862 7.1794 7.1724 7.1655 7.1586 7.1516 7.1448 7.1379 7.1308 7.1239 7.117 7.1102 7.1033 7.0964 7.0894 7.0825 7.0757 7.0689 7.062 7.0551 7.0482 7.0414 7.0345 7.0276 7.0207 7.0138 7.0069 8 8.02 8.04 8.06 8.08 8.1 8.12 8.14 8.16 8.18 8.2 8.22 8.24 8.26 8.28 8.3 8.32 8.34 8.36 8.38 8.4 8.42 8.44 8.46 8.48 8.5 
1.5 1.5 1.5 1.5 1.5 1.5 1.5 1.5 1.5 1.5 1.5 1.9467 2.0933 2.24 2.3867 2.5333 2.68 2.8267 2.9733 3.12 3.2667 3.4133 3.56 3.7067 7.2 7.1937 7.1875 7.1813 7.175 7.1688 7.1625 7.1562 7.15 7.1438 7.1375 7.1312 7.125 7.1188 7.1125 7.1063 7.1 7.0937 7.0875 7.0813 7.075 7.0687 7.0625 7.0563 7.05 7.0438 7.0375 7.0312 7.025 7.0188 7.0125 7.0062 8 8.02 8.04 8.06 8.08 8.1 8.12 8.14 8.16 8.18 8.2 8.22 8.24 8.26 8.28 8.3 8.32 8.34 8.36 8.38 8.4 8.42 8.44 8.46 8.48 
1.5 1.5 1.5 1.5 1.5 1.5 1.5 1.5 1.5 1.5 1.5 1.9467 2.0933 2.24 2.3867 2.5333 2.68 2.8267 2.9733 3.12 3.2667 3.4133 3.56 7.2 7.1939 7.1878 7.1819 7.1758 7.1697 7.1636 7.1575 7.1516 7.1455 7.1394 7.1333 7.1272 7.1213 7.1152 7.1091 7.103 7.0969 7.0909 7.0849 7.0788 7.0727 7.0666 7.0606 7.0546 7.0485 7.0424 7.0363 7.0303 7.0243 7.0182 7.0121 7.006 8 8.02 8.04 8.06 8.08 8.1 8.12 8.14 8.16 8.18 8.2 8.22 8.24 8.26 8.28 8.3 8.32 8.34 8.36 8.38 8.4 8.42 8.44 8.46 8.48 
1.5 1.5 1.5 1.5 1.5 1.5 1.5 1.5 1.5 1.5 1.5 1.9467 2.0933 2.24 2.3867 2.5333 2.68 2.8267 2.9733 3.12 3.2667 3.4133 3.56 3.7067 3.8533 7.2 7.1935 7.1871 7.1807 7.1742 7.1677 7.1613 7.1548 7.1484 7.142 7.1355 7.129 7.1225 7.1162 7.1097 7.1032 7.0968 7.0903 7.0839 7.0774 7.071 7.0645 7.058 7.0517 7.0452 7.0387 7.0322 7.0258 7.0194 7.0129 7.0065 8 8.02 8.04 8.06 8.08 8.1 8.12 8.14 8.16 8.18 8.2 8.22 8.24 8.26 8.28 8.3 8.32 8.34 8.36 8.38 8.4 8.42 8.44 8.46 8.48 
1.5 1.5 1.5 1.5 1.5 1.5 1.5 1.5 1.5 1.5 1.5 1.9467 2.0933 2.24 2.3867 2.5333 2.68 2.8267 2.9733 3.12 3.2667 3.4133 3.56 3.7067 3.8533 4 7.2 7.1935 7.1871 7.1807 7.1742 7.1677 7.1613 7.1548 7.1484 7.142 7.1355 7.129 7.1225 7.1162 7.1097 7.1032 7.0968 7.0903 7.0839 7.0774 7.071 7.0645 7.058 7.0517 7.0452 7.0387 7.0322 7.0258 7.0194 7.0129 7.0065 8 8.02 8.04 8.06 8.08 8.1 8.12 8.14 8.16 8.18 8.2 8.22 8.24 8.26 8.28 8.3 8.32 8.34 8.36 8.38 8.4 8.42 8.44 8.46 
1.5 1.5 1.5 1.5 1.5 1.5 1.5 1.5 1.5 1.5 1.5 1.9467 2.0933 2.24 2.3867 2.5333 2.68 2.8267 2.9733 3.12 3.2667 3.4133 3.56 3.7067 3.8533 4 7.2 7.1935 7.1871 7.1807 7.1742 7.1677 7.1613 7.1548 7.1484 7.142 7.1355 7.129 7.1225 7.1162 7.1097 7.1032 7.0968 7.0903 7.0839 7.0774 7.071 7.0645 7.058 7.0517 7.0452 7.0387 7.0322 7.0258 7.0194 7.0129 7.0065 8 8.02 8.04 8.06 8.08 8.1 8.12 8.14 8.16 8.18 8.2 8.22 8.24 8.26 8.28 8.3 8.32 8.34 8.36 8.38 8.4 8.42 8.44 8.46 
1.5 1.5 1.5 1.5 1.5 1.5 1.5 1.5 1.5 1.5 1.5 1.9467 2.0933 2.24 2.3867 2.5333 2.68 2.8267 2.9733 3.12 3.2667 3.4133 3.56 3.7067 3.8533 4 4.1467 7.2 7.1933 7.1866 7.18 7.1734 7.1667 7.16 7.1533 7.1467 7.14 7.1333 7.1266 7.12 7.1134 7.1067 7.1 7.0933 7.0866 7.08 7.0734 7.0667 7.06 7.0533 7.0467 7.04 7.0333 7.0266 7.02 7.0134 7.0067 8 8.02 8.04 8.06 8.08 8.1 8.12 8.14 8.16 8.18 8.2 8.22 8.24 8.26 8.28 8.3 8.32 8.34 8.36 8.38 8.4 8.42 8.44 8.46 
1.5 1.5 1.5 1.5 1.5 1.5 1.5 1.5 1.5 1.5 1.5 1.9467 2.0933 2.24 2.3867 2.5333 2.68 2.8267 2.9733 3.12 3.2667 3.4133 3.56 3.7067 3.8533 4 4.1467 7.2 7.1935 7.1871 7.1807 7.1742 7.1677 7.1613 7.1548 7.1484 7.142 7.1355 7.129 7.1225 7.1162 7.1097 7.1032 7.0968 7.0903 7.0839 7.0774 7.071 7.0645 7.058 7.0517 7.0452 7.0387 7.0322 7.0258 7.0194 7.0129 7.0065 8 8.02 8.04 8.06 8.08 8.1 8.12 8.14 8.16 8.18 8.2 8.22 8.24 8.26 8.28 8.3 8.32 8.34 8.36 8.38 8.4 8.42 8.44 
1.5 1.5 1.5 1.5 1.5 1.5 1.5 1.5 1.5 1.5 1.5 1.9467 2.0933 2.24 2.3867 2.5333 2.68 2.8267 2.9733 3.12 3.2667 3.4133 3.56 3.7067 3.8533 7.2 7.1939 7.1878 7.1819 7.1758 7.1697 7.1636 7.1575 7.1516 7.1455 7.1394 7.1333 7.1272 7.1213 7.1152 7.1091 7.103 7.0969 7.0909 7.0849 7.0788 7.0727 7.0666 7.0606 7.0546 7.0485 7.0424 7.0363 7.0303 7.0243 7.0182 7.0121 7.006 8 8.02 8.04 8.06 8.08 8.1 8.12 8.14 8.16 8.18 8.2 8.22 8.24 8.26 8.28 8.3 8.32 8.34 8.36 8.38 8.4 8.42 8.44 
1.5 1.5 1.5 1.5 1.5 1.5 1.5 1.5 1.5 1.5 1.5 1.9467 2.0933 2.24 2.3867 2.5333 2.68 2.8267 2.9733 3.12 3.2667 3.4133 3.56 3.7067 3.8533 4 7.2 7.1937 7.1875 7.1813 7.175 7.1688 7.1625 7.1562 7.15 7.1438 7.1375 7.1312 7.125 7.1188 7.1125 7.1063 7.1 7.0937 7.0875 7.0813 7.075 7.0687 7.0625 7.0563 7.05 7.0438 7.0375 7.0312 7.025 7.0188 7.0125 7.0062 8 8.02 8.04 8.06 8.08 8.1 8.12 8.14 8.16 8.18 8.2 8.22 8.24 8.26 8.28 8.3 8.32 8.34 8.36 8.38 8.4 8.42 8.44 
1.5 1.5 1.5 1.5 1.5 1.5 1.5 1.5 1.5 1.5 1.5 1.9467 2.0933 2.24 2.3867 2.5333 2.68 2.8267 2.9733 3.12 3.2667 3.4133 3.56 3.7067 3.8533 4 4.1467 4.2933 7.2 7.1933 7.1866 7.18 7.1734 7.1667 7.16 7.1533 7.1467 7.14 7.1333 7.1266 7.12 7.1134 7.1067 7.1 7.0933 7.0866 7.08 7.0734 7.0667 7.06 7.0533 7.0467 7.04 7.0333 7.0266 7.02 7.0134 7.0067 8 8.02 8.04 8.06 8.08 8.1 8.12 8.14 8.16 8.18 8.2 8.22 8.24 8.26 8.28 8.3 8.32 8.34 8.36 8.38 8.4 8.42 8.44 
1.5 1.5 1.5 1.5 1.5 1.5 1.5 1.5 1.5 1.5 1.5 1.9467 2.0933 2.24 2.3867 2.5333 2.68 2.8267 2.9733 3.12 3.2667 3.4133 3.56 3.7067 3.8533 4 4.1467 4.2933 4.44 7.2 7.1933 7.1866 7.18 7.1734 7.1667 7.16 7.1533 7.1467 7.14 7.1333 7.1266 7.12 7.1134 7.1067 7.1 7.0933 7.0866 7.08 7.0734 7.0667 7.06 7.0533 7.0467 7.04 7.0333 7.0266 7.02 7.0134 7.0067 8 8.02 8.04 8.06 8.08 8.1 8.12 8.14 8.16 8.18 8.2 8.22 8.24 8.26 8.28 8.3 8.32 8.34 8.36 8.38 8.4 8.42 
1.5 1.5 1.5 1.5 1.5 1.5 1.5 1.5 1.5 1.5 1.5 1.9467 2.0933 2.24 2.3867 2.5333 2.68 2.8267 2.9733 3.12 3.2667 3.4133 3.56 3.7067 3.8533 4 4.1467 4.2933 7.2 7.1935 7.1871 7.1807 7.1742 7.1677 7.1613 7.1548 7.1484 7.142 7.1355 7.129 7.1225 7.1162 7.1097 7.1032 7.0968 7.0903 7.0839 7.0774 7.071 7.0645 7.058 7.0517 7.0452 7.0387 7.0322 7.0258 7.0194 7.0129 7.0065 8 8.02 8.04 8.06 8.08 8.1 8.12 8.14 8.16 8.18 8.2 8.22 8.24 8.26 8.28 8.3 8.32 8.34 8.36 8.38 8.4 8.42 
1.5 1.5 1.5 1.5 1.5 1.5 1.5 1.5 1.5 1.5 1.5 1.9467 2.0933 2.24 2.3867 2.5333 2.68 2.8267 2.9733 3.12 3.2667 3.4133 3.56 3.7067 3.8533 4 4.1467 4.2933 7.2 7.1935 7.1871 7.1807 7.1742 7.1677 7.1613 7.1548 7.1484 7.142 7.1355 7.129 7.1225 7.1162 7.1097 7.1032 7.0968 7.0903 7.0839 7.0774 7.071 7.0645 7.058 7.0517 7.0452 7.0387 7.0322 7.0258 7.0194 7.0129 7.0065 8 8.02 8.04 8.06 8.08 8.1 8.12 8.14 8.16 8.18 8.2 8.22 8.24 8.26 8.28 8.3 8.32 8.34 8.36 8.38 8.4 8.42 
1.5 1.5 1.5 1.5 1.5 1.5 1.5 1.5 1.5 1.5 1.5 1.9467 2.0933 2.24 2.3867 2.5333 2.68 2.8267 2.9733 3.12 3.2667 3.4133 3.56 3.7067 3.8533 4 4.1467 4.2933 7.2 7.1935 7.1871 7.1807 7.1742 7.1677 7.1613 7.1548 7.1484 7.142 7.1355 7.129 7.1225 7.1162 7.1097 7.1032 7.0968 7.0903 7.0839 7.0774 7.071 7.0645 7.058 7.0517 7.0452 7.0387 7.0322 7.0258 7.0194 7.0129 7.0065 8 8.02 8.04 8.06 8.08 8.1 8.12 8.14 8.16 8.18 8.2 8.22 8.24 8.26 8.28 8.3 8.32 8.34 8.36 8.38 8.4 8.42 
1.5 1.5 1.5 1.5 1.5 1.5 1.5 1.5 1.5 1.5 1.5 1.9467 2.0933 2.24 2.3867 2.5333 2.68 2.8267 2.9733 3.12 3.2667 3.4133 3.56 3.7067 3.8533 4 4.1467 4.2933 7.2 7.1935 7.1871 7.1807 7.1742 7.1677 7.1613 7.1548 7.1484 7.142 7.1355 7.129 7.1225 7.1162 7.1097 7.1032 7.0968 7.0903 7.0839 7.0774 7.071 7.0645 7.058 7.0517 7.0452 7.0387 7.0322 7.0258 7.0194 7.0129 7.0065 8 8.02 8.04 8.06 8.08 8.1 8.12 8.14 8.16 8.18 8.2 8.22 8.24 8.26 8.28 8.3 8.32 8.34 8.36 8.38 8.4 8.42 
1.5 1.5 1.5 1.5 1.5 1.5 1.5 1.5 1.5 1.5 1.5 1.9467 2.0933 2.24 2.3867 2.5333 2.68 2.8267 2.9733 3.12 3.2667 3.4133 3.56 3.7067 3.8533 4 4.1467 4.2933 4.44 7.2 7.1933 7.1866 7.18 7.1734 7.1667 7.16 7.1533 7.1467 7.14 7.1333 7.1266 7.12 7.1134 7.1067 7.1 7.0933 7.0866 7.08 7.0734 7.0667 7.06 7.0533 7.0467 7.04 7.0333 7.0266 7.02 7.0134 7.0067 8 8.02 8.04 8.06 8.08 8.1 8.12 8.14 8.16 8.18 8.2 8.22 8.24 8.26 8.28 8.3 8.32 8.34 8.36 8.38 8.4 8.42 
1.5 1.5 1.5 1.5 1.5 1.5 1.5 1.5 1.5 1.5 1.5 1.9467 2.0933 2.24 2.3867 2.5333 2.68 2.8267 2.9733 3.12 3.2667 3.4133 3.56 3.7067 3.8533 4 4.1467 4.2933 4.44 4.5867 4.7333 7.2 7.1931 7.1862 7.1794 7.1724 7.1655 7.1586 7.1517 7.1449 7.138 7.131 7.1241 7.1172 7.1104 7.1035 7.0966 7.0896 7.0827 7.0759 7.069 7.0621 7.0552 7.0482 7.0414 7.0345 7.0276 7.0207 7.0138 7.0069 8 8.02 8.04 8.06 8.08 8.1 8.12 8.14 8.16 8.18 8.2 8.22 8.24 8.26 8.28 8.3 8.32 8.34 8.36 8.38 8.4 
1.5 1.5 1.5 1.5 1.5 1.5 1.5 1.5 1.5 1.5 1.5 1.9467 2.0933 2.24 2.3867 2.5333 2.68 2.8267 2.9733 3.12 3.2667 3.4133 3.56 3.7067 3.8533 4 4.1467 4.2933 4.44 4.5867 4.7333 7.2 7.1931 7.1862 7.1794 7.1724 7.1655 7.1586 7.1517 7.1449 7.138 7.131 7.1241 7.1172 7.1104 7.1035 7.0966 7.0896 7.0827 7.0759 7.069 7.0621 7.0552 7.0482 7.0414 7.0345 7.0276 7.0207 7.0138 7.0069 8 8.02 8.04 8.06 8.08 8.1 8.12 8.14 8.16 8.18 8.2 8.22 8.24 8.26 8.28 8.3 8.32 8.34 8.36 8.38 8.4 
1.5 1.5 1.5 1.5 1.5 1.5 1.5 1.5 1.5 1.5 1.5 1.9467 2.0933 2.24 2.3867 2.5333 2.68 2.8267 2.9733 3.12 3.2667 3.4133 3.56 3.7067 3.8533 4 4.1467 4.2933 4.44 7.2 7.1935 7.1871 7.1807 7.1742 7.1677 7.1613 7.1548 7.1484 7.142 7.1355 7.129 7.1225 7.1162 7.1097 7.1032 7.0968 7.0903 7.0839 7.0774 7.071 7.0645 7.058 7.0517 7.0452 7.0387 7.0322 7.0258 7.0194 7.0129 7.0065 8 8.02 8.04 8.06 8.08 8.1 8.12 8.14 8.16 8.18 8.2 8.22 8.24 8.26 8.28 8.3 8.32 8.34 8.36 8.38 8.4 
1.5 1.5 1.5 1.5 1.5 1.5 1.5 1.5 1.5 1.5 1.5 1.9467 2.0933 2.24 2.3867 2.5333 2.68 2.8267 2.9733 3.12 3.2667 3.4133 3.56 3.7067 3.8533 4 4.1467 4.2933 4.44 7.2 7.1935 7.1871 7.1807 7.1742 7.1677 7.1613 7.1548 7.1484 7.142 7.1355 7.129 7.1225 7.1162 7.1097 7.1032 7.0968 7.0903 7.0839 7.0774 7.071 7.0645 7.058 7.0517 7.0452 7.0387 7.0322 7.0258 7.0194 7.0129 7.0065 8 8.02 8.04 8.06 8.08 8.1 8.12 8.14 8.16 8.18 8.2 8.22 8.24 8.26 8.28 8.3 8.32 8.34 8.36 8.38 8.4 
1.5 1.5 1.5 1.5 1.5 1.5 1.5 1.5 1.5 1.5 1.5 1.9467 2.0933 2.24 2.3867 2.5333 2.68 2.8267 2.9733 3.12 3.2667 3.4133 3.56 3.7067 3.8533 4 4.1467 4.2933 4.44 4.5867 7.2 7.1933 7.1866 7.18 7.1734 7.1667 7.16 7.1533 7.1467 7.14 7.1333 7.1266 7.12 7.1134 7.1067 7.1 7.0933 7.0866 7.08 7.0734 7.0667 7.06 7.0533 7.0467 7.04 7.0333 7.0266 7.02 7.0134 7.0067 8 8.02 8.04 8.06 8.08 8.1 8.12 8.14 8.16 8.18 8.2 8.22 8.24 8.26 8.28 8.3 8.32 8.34 8.36 8.38 8.4 
1.5 1.5 1.5 1.5 1.5 1.5 1.5 1.5 1.5 1.5 1.5 1.9467 2.0933 2.24 2.3867 2.5333 2.68 2.8267 2.9733 3.12 3.2667 3.4133 3.56 3.7067 3.8533 4 4.1467 4.2933 4.44 4.5867 4.7333 7.2 7.1931 7.1862 7.1794 7.1724 7.1655 7.1586 7.1517 7.1449 7.138 7.131 7.1241 7.1172 7.1104 7.1035 7.0966 7.0896 7.0827 7.0759 7.069 7.0621 7.0552 7.0482 7.0414 7.0345 7.0276 7.0207 7.0138 7.0069 8 8.02 8.04 8.06 8.08 8.1 8.12 8.14 8.16 8.18 8.2 8.22 8.24 8.26 8.28 8.3 8.32 8.34 8.36 8.38 8.4 
1.5 1.5 1.5 1.5 1.5 1.5 1.5 1.5 1.5 1.5 1.5 1.9467 2.0933 2.24 2.3867 2.5333 2.68 2.8267 2.9733 3.12 3.2667 3.4133 3.56 3.7067 3.8533 4 4.1467 4.2933 4.44 4.5867 4.7333 4.88 7.2 7.1931 7.1862 7.1794 7.1724 7.1655 7.1586 7.1517 7.1449 7.138 7.131 7.1241 7.1172 7.1104 7.1035 7.0966 7.0896 7.0827 7.0759 7.069 7.0621 7.0552 7.0482 7.0414 7.0345 7.0276 7.0207 7.0138 7.0069 8 8.02 8.04 8.06 8.08 8.1 8.12 8.14 8.16 8.18 8.2 8.22 8.24 8.26 8.28 8.3 8.32 8.34 8.36 8.38 
