2
s 30 2 26
r 2 0.01 12 9.56687 0.01
r 10 0.01 12 8.04554 0.01
r 18 0.01 12 6.85235 0.01
r 42 0.01 12 7.07524 0.01
r 50 0.01 12 8.33062 0.01
r 58 0.01 12 9.93987 0.01
r 66 0.01 12 11.6723 0.01
r 74 0.01 12 13.426 0.01
r 82 0.01 12 15.2309 0.01
r 90 0.01 12 17.0467 0.01
r 98 0.01 12 18.8627 0.01
r 106 0.01 12 20.6568 0.01
r 110 0.01 12 21.6215 0.01
r 2 0.01 13 10.0052 0.01
r 10 0.01 13 8.47425 0.01
r 18 0.01 13 7.27805 0.01
r 42 0.01 13 7.47859 0.01
r 50 0.01 13 8.75174 0.01
r 58 0.01 13 10.3575 0.01
r 66 0.01 13 12.0991 0.01
r 74 0.01 13 13.8528 0.01
r 82 0.01 13 15.658 0.01
r 90 0.01 13 17.4675 0.01
r 98 0.01 13 19.2878 0.01
r 106 0.01 13 21.0794 0.01
r 110 0.01 13 22.0428 0.01
s 50 2 24
r 2 0.01 12 13.9472 0.01
r 10 0.01 12 12.1862 0.01
r 18 0.01 12 10.6501 0.01
r 26 0.01 12 9.08164 0.01
r 34 0.01 12 7.64437 0.01
r 66 0.01 12 7.85927 0.01
r 74 0.01 12 9.33769 0.01
r 82 0.01 12 10.9947 0.01
r 90 0.01 12 12.7223 0.01
r 98 0.01 12 14.5206 0.01
r 106 0.01 12 16.2945 0.01
r 110 0.01 12 17.2194 0.01
r 2 0.01 13 14.5069 0.01
r 10 0.01 13 12.7499 0.01
r 18 0.01 13 11.18 0.01
r 26 0.01 13 9.6197 0.01
r 34 0.01 13 8.17283 0.01
r 66 0.01 13 8.39727 0.01
r 74 0.01 13 9.903 0.01
r 82 0.01 13 11.5811 0.01
r 90 0.01 13 13.2994 0.01
r 98 0.01 13 15.0971 0.01
r 106 0.01 13 16.8822 0.01
r 110 0.01 13 17.8086 0.01
