2
s 30 2 26
r 2 0.01 12 9.807 0.01
r 10 0.01 12 8.14332 0.01
r 18 0.01 12 6.86638 0.01
r 42 0.01 12 6.84896 0.01
r 50 0.01 12 8.23491 0.01
r 58 0.01 12 9.97473 0.01
r 66 0.01 12 11.8575 0.01
r 74 0.01 12 13.5826 0.01
r 82 0.01 12 15.3203 0.01
r 90 0.01 12 17.1037 0.01
r 98 0.01 12 18.8927 0.01
r 106 0.01 12 20.6619 0.01
r 110 0.01 12 21.5553 0.01
r 2 0.01 13 10.3169 0.01
r 10 0.01 13 8.64325 0.01
r 18 0.01 13 7.34569 0.01
r 42 0.01 13 7.32924 0.01
r 50 0.01 13 8.72683 0.01
r 58 0.01 13 10.4752 0.01
r 66 0.01 13 12.353 0.01
r 74 0.01 13 14.077 0.01
r 82 0.01 13 15.8092 0.01
r 90 0.01 13 17.593 0.01
r 98 0.01 13 19.3799 0.01
r 106 0.01 13 21.1357 0.01
r 110 0.01 13 22.0288 0.01
s 50 2 24
r 2 0.01 12 14.1486 0.01
r 10 0.01 12 12.3622 0.01
r 18 0.01 12 10.715 0.01
r 26 0.01 12 9.05379 0.01
r 34 0.01 12 7.47902 0.01
r 66 0.01 12 7.8406 0.01
r 74 0.01 12 9.46184 0.01
r 82 0.01 12 11.2194 0.01
r 90 0.01 12 13.0056 0.01
r 98 0.01 12 14.7939 0.01
r 106 0.01 12 16.5494 0.01
r 110 0.01 12 17.4412 0.01
r 2 0.01 13 14.76 0.01
r 10 0.01 13 12.9829 0.01
r 18 0.01 13 11.3465 0.01
r 26 0.01 13 9.6691 0.01
r 34 0.01 13 8.06784 0.01
r 66 0.01 13 8.44928 0.01
r 74 0.01 13 10.09 0.01
r 82 0.01 13 11.8366 0.01
r 90 0.01 13 13.621 0.01
r 98 0.01 13 15.4089 0.01
r 106 0.01 13 17.1662 0.01
r 110 0.01 13 18.0589 0.01
