2
s 30 2 26
r 2 0.01 12 9.82716 0.01
r 10 0.01 12 8.18388 0.01
r 18 0.01 12 6.88455 0.01
r 42 0.01 12 6.87814 0.01
r 50 0.01 12 8.2541 0.01
r 58 0.01 12 10.0117 0.01
r 66 0.01 12 11.8167 0.01
r 74 0.01 12 13.5975 0.01
r 82 0.01 12 15.3686 0.01
r 90 0.01 12 17.156 0.01
r 98 0.01 12 18.9377 0.01
r 106 0.01 12 20.696 0.01
r 110 0.01 12 21.6015 0.01
r 2 0.01 13 10.2661 0.01
r 10 0.01 13 8.61299 0.01
r 18 0.01 13 7.30761 0.01
r 42 0.01 13 7.28695 0.01
r 50 0.01 13 8.67668 0.01
r 58 0.01 13 10.4343 0.01
r 66 0.01 13 12.2603 0.01
r 74 0.01 13 14.0431 0.01
r 82 0.01 13 15.7979 0.01
r 90 0.01 13 17.5907 0.01
r 98 0.01 13 19.3692 0.01
r 106 0.01 13 21.1308 0.01
r 110 0.01 13 22.0382 0.01
s 50 2 24
r 2 0.01 12 14.1737 0.01
r 10 0.01 12 12.3654 0.01
r 18 0.01 12 10.7327 0.01
r 26 0.01 12 9.0685 0.01
r 34 0.01 12 7.50044 0.01
r 66 0.01 12 7.87291 0.01
r 74 0.01 12 9.49814 0.01
r 82 0.01 12 11.2323 0.01
r 90 0.01 12 13.0094 0.01
r 98 0.01 12 14.7934 0.01
r 106 0.01 12 16.5517 0.01
r 110 0.01 12 17.4571 0.01
r 2 0.01 13 14.7453 0.01
r 10 0.01 13 12.9313 0.01
r 18 0.01 13 11.2803 0.01
r 26 0.01 13 9.61183 0.01
r 34 0.01 13 8.04312 0.01
r 66 0.01 13 8.42166 0.01
r 74 0.01 13 10.0757 0.01
r 82 0.01 13 11.8104 0.01
r 90 0.01 13 13.5884 0.01
r 98 0.01 13 15.3768 0.01
r 106 0.01 13 17.1405 0.01
r 110 0.01 13 18.0464 0.01
