63 81 1.5 0.33
0 2 4 6 8 10 12 14 16 18 20 22 24 26 28 30 32 34 36 38 40 42 44 46 48 50 52 54 56 58 60 62 64 66 68 70 72 74 76 78 80 82 84 86 88 90 92 94 96 98 100 102 104 106 108 110 112 114 116 118 120 122 124 
0 0 0 0 0 0 0 0 0 0 0 0 0 0 0 0 0 0 0 0 0 0 0 0 0 0 0 0 0 0 0 0 0 0 0 0 0 0 0 0 0 0 0 0 0 0 0 0 0 0 0 0 0 0 0 0 0 0 0 0 0 0 0 
0 0.2 0.4 0.6 0.8 1 1.2 1.4 1.6 1.8 2 2.2 2.4 2.6 2.8 3 3.2 3.4 3.6 3.8 4 4.2 4.4 4.6 4.8 5 5.2 5.4 5.6 5.8 6 6.2 6.4 6.6 6.8 7 7.2 7.4 7.6 7.8 8 8.2 8.4 8.6 8.8 9 9.2 9.4 9.6 9.8 10 10.2 10.4 10.6 10.8 11 11.2 11.4 11.6 11.8 12 12.2 12.4 12.6 12.8 13 13.2 13.4 13.6 13.8 14 14.2 14.4 14.6 14.8 15 15.2 15.4 15.6 15.8 16 
1.5 1.5 1.5 1.5 1.5 1.5 1.5 1.5 1.5 1.5 2 1.65835 4.6308 4.6414 4.6525 4.6635 4.6745 4.6858 4.696 4.7067 4.7172 4.7273 4.7369 4.7471 4.7568 4.7664 4.7757 4.7845 4.794 4.8029 4.8115 4.82 4.8284 4.8366 4.8457 4.8526 4.8603 4.868 4.8756 4.884 4.8902 4.8975 4.9047 4.9118 4.9179 4.926 4.9332 4.9403 4.9475 4.9535 4.9619 4.9694 4.9768 4.9844 4.992 4.9997 5.0077 5.0157 5.0239 5.0322 5.0405 5.0493 5.0579 5.0667 5.0757 5.0848 5.0942 5.1035 5.1131 5.1227 5.1322 5.1424 5.1524 5.1628 5.1726 5.1834 5.1934 5.2035 5.215 5.2249 5.2323 
1.5 1.5 1.5 1.5 1.5 1.5 1.5 1.5 1.5 1.5 2 1.64474 1.69347 4.6297 4.6406 4.6516 4.6623 4.6736 4.6836 4.6942 4.7045 4.7144 4.7238 4.7338 4.7433 4.7527 4.7618 4.7704 4.7798 4.7886 4.7973 4.8057 4.8141 4.8223 4.8314 4.8385 4.8465 4.8544 4.8623 4.871 4.8777 4.8855 4.8931 4.9008 4.9076 4.9162 4.924 4.9318 4.9396 4.9465 4.9554 4.9635 4.9715 4.9797 4.988 4.9961 5.0046 5.0129 5.0215 5.0301 5.0385 5.0474 5.0561 5.0642 5.0738 5.0828 5.0919 5.1011 5.1097 5.1196 5.1289 5.1389 5.1484 5.1578 5.1684 5.1788 5.1879 5.1994 5.2079 5.2178 5.2288 
1.5 1.5 1.5 1.5 1.5 1.5 1.5 1.5 1.5 1.5 2 1.63565 1.66497 1.70674 4.6288 4.6397 4.6511 4.6618 4.6718 4.6824 4.6927 4.703 4.712 4.722 4.7315 4.7408 4.7502 4.7583 4.7678 4.7766 4.7852 4.793 4.8021 4.8104 4.8188 4.8267 4.8339 4.8429 4.8509 4.8589 4.8668 4.8754 4.8828 4.8907 4.8983 4.9067 4.9149 4.923 4.9312 4.9388 4.9476 4.9561 4.9645 4.973 4.9811 4.9903 4.9992 5.008 5.0169 5.0252 5.0347 5.044 5.0531 5.0623 5.0709 5.0808 5.0903 5.0998 5.1093 5.118 5.1281 5.1382 5.148 5.1579 5.1669 5.1779 5.1883 5.1991 5.2077 5.2149 5.2293 
1.5 1.5 1.5 1.5 1.5 1.5 1.5 1.5 1.5 1.5 2 1.61124 1.64545 1.68782 4.6282 4.6385 4.6493 4.6605 4.6705 4.6816 4.6913 4.7012 4.7107 4.7207 4.7305 4.7396 4.7488 4.7573 4.7669 4.7759 4.7845 4.7933 4.802 4.8105 4.8191 4.8274 4.8358 4.8442 4.8526 4.8609 4.8693 4.8782 4.886 4.8944 4.9022 4.9111 4.9199 4.9281 4.9366 4.9446 4.9538 4.9619 4.9711 4.9799 4.9881 4.9977 5.0061 5.0158 5.0241 5.0332 5.0431 5.0518 5.0619 5.0713 5.0808 5.0902 5.0991 5.1097 5.1185 5.1292 5.139 5.1481 5.1596 5.1681 5.1805 5.1896 5.1995 5.2113 5.2189 5.2332 5.2427 
1.5 1.5 1.5 1.5 1.5 1.5 1.5 1.5 1.5 1.5 2 1.59195 1.62595 1.67748 4.6271 4.6374 4.6481 4.6596 4.6696 4.6806 4.6904 4.7003 4.7105 4.7206 4.7298 4.7391 4.7485 4.7577 4.7673 4.7758 4.7847 4.7938 4.8025 4.8114 4.821 4.8289 4.8376 4.846 4.8546 4.8645 4.8725 4.8815 4.8894 4.8981 4.9068 4.9162 4.9252 4.9335 4.9424 4.9515 4.9611 4.9697 4.9788 4.9879 4.998 5.0073 5.0162 5.0257 5.035 5.0453 5.0548 5.0639 5.0735 5.084 5.0939 5.1037 5.113 5.123 5.134 5.1441 5.1542 5.1637 5.1744 5.1857 5.1969 5.2065 5.2177 5.2271 5.2397 5.2498 5.2609 
1.5 1.5 1.5 1.5 1.5 1.5 1.5 1.5 1.5 1.5 2 1.56547 1.60088 4.6245 4.6353 4.6464 4.6573 4.6685 4.6787 4.6892 4.6999 4.71 4.72 4.7301 4.74 4.7497 4.7595 4.7691 4.7787 4.7882 4.7975 4.8069 4.8164 4.8257 4.8357 4.8443 4.8536 4.8629 4.8722 4.8821 4.8908 4.9003 4.9096 4.919 4.9278 4.9378 4.9474 4.9569 4.9664 4.9757 4.9857 4.9956 5.0053 5.0151 5.025 5.0347 5.0448 5.0548 5.0647 5.0747 5.0847 5.0949 5.105 5.1152 5.1254 5.1356 5.1462 5.1565 5.1671 5.1773 5.1878 5.1985 5.2094 5.2202 5.2311 5.2413 5.2533 5.2626 5.2748 5.2845 5.2963 
1.5 1.5 1.5 1.5 1.5 1.5 1.5 1.5 1.5 1.5 2 1.53737 1.57623 4.6214 4.6323 4.6435 4.6544 4.666 4.6762 4.6868 4.6976 4.7079 4.7178 4.7289 4.7387 4.7488 4.759 4.7687 4.7791 4.789 4.7989 4.8089 4.8189 4.8289 4.8388 4.8489 4.8587 4.8689 4.8788 4.8885 4.8989 4.909 4.9191 4.9291 4.9389 4.9493 4.9596 4.9698 4.98 4.99 5.0004 5.0108 5.0212 5.0315 5.0419 5.0521 5.0627 5.0725 5.0835 5.0941 5.1046 5.1152 5.1257 5.1364 5.1471 5.1578 5.1687 5.1788 5.1904 5.2013 5.2122 5.2233 5.2343 5.2458 5.2568 5.2679 5.2796 5.2899 5.3018 5.3132 5.3244 
1.5 1.5 1.5 1.5 1.5 1.5 1.5 1.5 1.5 1.5 2 1.50712 1.5406 1.56431 1.59018 4.6151 4.6263 4.6377 4.6487 4.6598 4.6706 4.6813 4.692 4.7027 4.7134 4.7241 4.7348 4.7453 4.7563 4.7668 4.7776 4.7883 4.7987 4.8099 4.8205 4.8315 4.8423 4.8532 4.864 4.8746 4.8857 4.8968 4.9076 4.9186 4.9294 4.9404 4.9514 4.9623 4.9732 4.984 4.995 5.0055 5.017 5.028 5.0389 5.0498 5.0602 5.072 5.0829 5.094 5.105 5.1156 5.1272 5.1384 5.1496 5.1609 5.1722 5.1835 5.1949 5.2062 5.2177 5.2292 5.2403 5.2526 5.2635 5.2756 5.2869 5.2985 5.31 5.3227 5.3338 
1.5 1.5 1.5 1.5 1.5 1.5 1.5 1.5 1.5 1.5 2 1.47692 1.50951 1.53156 1.5621 1.59331 4.6084 4.62 4.6318 4.6435 4.6548 4.6662 4.6775 4.6891 4.7004 4.712 4.7234 4.735 4.7466 4.758 4.7699 4.7814 4.7933 4.8045 4.8164 4.8285 4.8403 4.8522 4.864 4.8754 4.8876 4.8995 4.9113 4.9232 4.935 4.9466 4.9585 4.9697 4.982 4.9937 5.0053 5.0171 5.0282 5.0404 5.0519 5.0634 5.0752 5.0861 5.0983 5.1099 5.1215 5.1333 5.1448 5.1565 5.1681 5.1798 5.1915 5.2033 5.2151 5.2268 5.2387 5.2506 5.262 5.2745 5.2844 5.2984 5.3091 5.3218 5.333 5.347 5.3581 
1.5 1.5 1.5 1.5 1.5 1.5 1.5 1.5 1.5 1.5 2 1.44769 1.47989 1.50139 1.53403 1.56411 4.6004 4.613 4.6251 4.6375 4.6496 4.662 4.6745 4.6869 4.6993 4.7121 4.7247 4.7372 4.7502 4.7629 4.776 4.7888 4.8018 4.8148 4.8274 4.8408 4.8537 4.8667 4.8798 4.8925 4.9054 4.9182 4.931 4.9436 4.9567 4.9689 4.9815 4.9942 5.0066 5.0184 5.0313 5.0438 5.056 5.0679 5.08 5.0927 5.105 5.1172 5.1292 5.1413 5.1534 5.1657 5.1777 5.1891 5.202 5.2143 5.2263 5.2385 5.2501 5.2629 5.2751 5.2874 5.2992 5.3117 5.3239 5.3363 5.3478 5.3602 5.3728 5.3865 5.3978 
1.5 1.5 1.5 1.5 1.5 1.5 1.5 1.5 1.5 1.5 2 1.41842 1.44904 1.47514 1.50075 4.5902 4.6035 4.6149 4.628 4.6413 4.6546 4.6682 4.6823 4.6957 4.7095 4.7235 4.7375 4.7518 4.7658 4.78 4.7945 4.8088 4.8231 4.837 4.8513 4.8657 4.8804 4.8943 4.9086 4.9228 4.9368 4.9513 4.9647 4.9791 4.9927 5.0067 5.0204 5.0341 5.0475 5.0614 5.0743 5.0875 5.1006 5.1137 5.1266 5.1395 5.1524 5.1653 5.1778 5.1905 5.203 5.2157 5.2283 5.2409 5.2535 5.266 5.2785 5.2909 5.3035 5.316 5.3285 5.3412 5.3535 5.3655 5.3786 5.3905 5.4029 5.4147 5.4285 5.4418 5.4524 
1.5 1.5 1.5 1.5 1.5 1.5 1.5 1.5 1.5 1.5 2 1.38783 1.41743 1.4473 1.47084 4.5731 4.5868 4.604 4.6211 4.6351 4.649 4.664 4.6803 4.6949 4.7107 4.7265 4.7425 4.7596 4.7746 4.7907 4.8067 4.8226 4.8386 4.8545 4.8698 4.8863 4.902 4.9179 4.9335 4.9486 4.9643 4.9793 4.9946 5.0094 5.0253 5.0391 5.0536 5.068 5.0822 5.0969 5.1103 5.1243 5.1379 5.1517 5.1652 5.1785 5.192 5.2052 5.2183 5.2313 5.2444 5.2577 5.2705 5.2835 5.2963 5.3092 5.322 5.3347 5.3476 5.3604 5.3732 5.3862 5.3987 5.4114 5.4245 5.4369 5.4491 5.4623 5.4743 5.4893 5.4986 
1.5 1.5 1.5 1.5 1.5 1.5 1.5 1.5 1.5 1.5 2 1.35993 1.38858 1.41721 1.43768 4.5477 4.5604 4.5725 4.596 4.6207 4.6383 4.656 4.6758 4.692 4.7104 4.7284 4.7469 4.7678 4.7842 4.8026 4.8205 4.8384 4.856 4.8738 4.8905 4.9089 4.9262 4.9435 4.9604 4.9767 4.994 5.0102 5.0266 5.0426 5.0598 5.0743 5.0898 5.1052 5.1201 5.1359 5.1499 5.1645 5.179 5.1933 5.2075 5.2214 5.2355 5.2493 5.2628 5.2762 5.2898 5.3034 5.3167 5.3301 5.3432 5.3563 5.3694 5.3825 5.3955 5.4086 5.4215 5.4346 5.4477 5.4606 5.4736 5.4865 5.4985 5.5119 5.5244 5.5392 5.5483 
1.5 1.5 1.5 1.5 1.5 1.5 1.5 1.5 1.5 1.5 2 1.33558 1.3631 1.3901 1.41292 1.42567 4.528 4.5368 4.5448 4.5849 4.6104 4.6326 4.6558 4.6741 4.6953 4.7168 4.7381 4.7624 4.7806 4.8024 4.8234 4.8439 4.8639 4.8836 4.9019 4.9222 4.9411 4.9601 4.9784 4.9961 5.015 5.0326 5.05 5.0672 5.0854 5.1008 5.1172 5.1333 5.1493 5.1662 5.1805 5.1957 5.2108 5.2258 5.2407 5.2551 5.2696 5.2839 5.2979 5.3119 5.3257 5.3395 5.3532 5.3669 5.3803 5.3937 5.4072 5.4205 5.4338 5.447 5.4602 5.4733 5.487 5.4999 5.5129 5.5261 5.5385 5.5517 5.5652 5.5792 5.5886 
1.5 1.5 1.5 1.5 1.5 1.5 1.5 1.5 1.5 1.5 2 1.31493 1.34114 1.36652 1.38966 1.40572 1.42642 1.4511 4.4868 4.5374 4.5683 4.5937 4.6226 4.6435 4.6668 4.6908 4.7157 4.7445 4.7655 4.7905 4.8133 4.836 4.859 4.8816 4.902 4.9252 4.9462 4.967 4.9867 5.0053 5.0257 5.0446 5.0633 5.0816 5.1012 5.1171 5.1344 5.1513 5.168 5.1856 5.2004 5.2162 5.2319 5.2473 5.2625 5.2773 5.2924 5.3071 5.3215 5.336 5.3502 5.3645 5.3785 5.3924 5.4062 5.4199 5.4336 5.4472 5.4608 5.4744 5.4878 5.5012 5.5148 5.528 5.541 5.5545 5.5673 5.5806 5.5951 5.6086 5.6191 
1.5 1.5 1.5 1.5 1.5 1.5 1.5 1.5 1.5 1.5 2 1.27947 1.30416 1.32812 1.35019 1.36578 1.38003 1.38858 4.4789 4.5163 4.5434 4.5759 4.6107 4.636 4.6638 4.6898 4.7174 4.7512 4.7739 4.802 4.8296 4.8552 4.8791 4.903 4.9252 4.9514 4.9749 4.9977 5.0194 5.0401 5.0626 5.0828 5.1024 5.1216 5.1426 5.1592 5.1774 5.1953 5.2129 5.2313 5.2463 5.2626 5.2791 5.295 5.3108 5.326 5.3417 5.3568 5.3716 5.3864 5.401 5.416 5.4306 5.4447 5.4591 5.4731 5.4871 5.5011 5.5151 5.5291 5.5431 5.5572 5.5709 5.5832 5.5988 5.6102 5.6257 5.6378 5.6539 5.667 5.6771 
1.5 1.5 1.5 1.5 1.5 1.5 1.5 1.5 1.5 1.5 2 1.29434 1.32026 1.34487 1.36822 1.39155 1.4101 4.4652 4.4744 4.5109 4.5492 4.5812 4.6172 4.6434 4.6747 4.7003 4.7302 4.7668 4.7918 4.8236 4.8522 4.8819 4.9104 4.9368 4.9583 4.986 5.0117 5.0369 5.0615 5.0841 5.1083 5.1302 5.1522 5.1735 5.1968 5.2136 5.2327 5.2515 5.2699 5.2898 5.3057 5.3231 5.3401 5.3567 5.3729 5.3905 5.4052 5.421 5.4364 5.4519 5.4669 5.4821 5.4969 5.5118 5.5264 5.5409 5.5554 5.5699 5.5844 5.5989 5.6134 5.6276 5.6418 5.6555 5.67 5.6825 5.6966 5.7111 5.7251 5.7403 5.7513 
1.5 1.5 1.5 1.5 1.5 1.5 1.5 1.5 1.5 1.5 2 1.29084 1.31666 1.34116 1.36198 1.38964 1.40917 4.4435 4.4679 4.4967 4.529 4.5702 4.6159 4.6444 4.6774 4.705 4.7334 4.7716 4.7988 4.831 4.8638 4.8941 4.925 4.9549 4.9811 5.0085 5.0342 5.0608 5.0868 5.1106 5.1377 5.1619 5.1849 5.2071 5.2317 5.2509 5.2721 5.2928 5.3123 5.3328 5.3493 5.3677 5.3859 5.4035 5.4203 5.4373 5.4542 5.4707 5.4866 5.5025 5.518 5.5335 5.5492 5.5657 5.5798 5.5951 5.6101 5.6252 5.6401 5.6551 5.67 5.6845 5.6996 5.7132 5.7273 5.7416 5.7551 5.7707 5.7853 5.8007 5.814 
1.5 1.5 1.5 1.5 1.5 1.5 1.5 1.5 1.5 1.5 2 1.29195 1.31761 1.34231 1.36586 1.39074 1.41158 4.4413 4.463 4.4913 4.5226 4.5669 4.6122 4.6422 4.6754 4.7114 4.7445 4.7849 4.8117 4.8474 4.8788 4.9103 4.9394 4.9698 4.9956 5.0288 5.0548 5.0813 5.1079 5.1323 5.1606 5.1856 5.2105 5.2345 5.2601 5.2797 5.302 5.3241 5.346 5.3696 5.3873 5.4064 5.4253 5.444 5.4622 5.4825 5.4981 5.5157 5.5326 5.5495 5.5661 5.5824 5.5987 5.6151 5.6312 5.6471 5.6629 5.6786 5.6943 5.71 5.7256 5.7408 5.7562 5.7712 5.7871 5.8005 5.814 5.831 5.8458 5.8621 5.8757 
1.5 1.5 1.5 1.5 1.5 1.5 1.5 1.5 1.5 1.5 2 1.2965 1.32226 1.34692 1.37072 1.3946 1.4175 1.43903 4.4602 4.4724 4.5167 4.5577 4.5985 4.6301 4.6668 4.7069 4.7396 4.7841 4.8106 4.8516 4.8872 4.9185 4.9503 4.9821 5.0096 5.0349 5.0603 5.0887 5.1176 5.1385 5.1674 5.192 5.2215 5.2437 5.2722 5.2909 5.3132 5.3394 5.3592 5.3843 5.4068 5.4293 5.4468 5.4657 5.4846 5.5062 5.5228 5.5416 5.5621 5.5801 5.5976 5.6134 5.6308 5.6499 5.6668 5.682 5.7004 5.7169 5.7337 5.75 5.7647 5.7808 5.7964 5.813 5.8273 5.8432 5.8574 5.8765 5.888 5.9056 5.9207 
1.5 1.5 1.5 1.5 1.5 1.5 1.5 1.5 1.5 1.5 2 1.28995 1.31531 1.33953 1.36305 1.38666 1.40924 1.42874 1.44493 4.4708 4.5017 4.5438 4.585 4.6182 4.6612 4.7006 4.7336 4.7784 4.8085 4.8475 4.8861 4.9184 4.954 4.9821 5.0074 5.0361 5.0634 5.0911 5.1189 5.1416 5.169 5.1923 5.2193 5.2469 5.2738 5.2995 5.3191 5.346 5.3694 5.3927 5.4159 5.4393 5.4631 5.4859 5.5057 5.5241 5.5444 5.5643 5.5835 5.602 5.6207 5.637 5.6571 5.673 5.6923 5.7083 5.7256 5.7428 5.76 5.7771 5.7942 5.8111 5.8273 5.8427 5.8604 5.8744 5.8918 5.9084 5.924 5.9423 5.9585 
1.5 1.5 1.5 1.5 1.5 1.5 1.5 1.5 1.5 1.5 2 1.30844 1.33425 1.35929 1.38344 1.40752 1.43116 1.45463 1.47667 1.49948 4.4873 4.5402 4.5902 4.6225 4.6604 4.6972 4.7323 4.7761 4.8032 4.8421 4.8846 4.9147 4.9498 4.9763 5.0027 5.0345 5.061 5.0905 5.118 5.1437 5.1659 5.1901 5.2154 5.2396 5.2656 5.2882 5.3095 5.3343 5.3593 5.3848 5.4081 5.4319 5.4538 5.4775 5.5051 5.5272 5.5465 5.5655 5.5865 5.6099 5.6306 5.6512 5.6714 5.6909 5.7085 5.7278 5.7471 5.7664 5.7855 5.8042 5.8225 5.8405 5.8601 5.878 5.8963 5.9117 5.9299 5.9496 5.9649 5.9803 5.9979 
1.5 1.5 1.5 1.5 1.5 1.5 1.5 1.5 1.5 1.5 2 1.31239 1.33892 1.36357 1.38808 1.41211 1.4358 1.45771 1.4801 4.4952 4.5136 4.5546 4.6004 4.6403 4.6809 4.7163 4.7525 4.7951 4.827 4.869 4.9006 4.9297 4.9629 4.9911 5.026 5.0531 5.0796 5.1076 5.1328 5.155 5.1835 5.2075 5.232 5.2563 5.2844 5.3048 5.3267 5.3503 5.3743 5.4018 5.4245 5.4488 5.4734 5.4978 5.523 5.5479 5.5714 5.5916 5.6142 5.6369 5.6593 5.6816 5.7058 5.725 5.7463 5.767 5.788 5.8082 5.8285 5.8484 5.8682 5.8905 5.9057 5.9236 5.9423 5.9592 5.9783 5.9956 6.0138 6.033 6.0524 
1.5 1.5 1.5 1.5 1.5 1.5 1.5 1.5 1.5 1.5 2 1.31626 1.34275 1.36802 1.3924 1.41726 1.44061 1.46131 4.4923 4.5109 4.5371 4.5739 4.6192 4.6577 4.6978 4.7373 4.7733 4.8152 4.8441 4.8772 4.9096 4.9435 4.9768 5.0031 5.0327 5.0669 5.0931 5.1197 5.148 5.1762 5.1992 5.2214 5.247 5.2729 5.3004 5.3198 5.3427 5.3666 5.3904 5.4161 5.4399 5.4654 5.4906 5.5162 5.5427 5.5678 5.5954 5.6154 5.6388 5.6628 5.6866 5.7105 5.7336 5.7566 5.7792 5.8039 5.8237 5.8452 5.8666 5.8877 5.9088 5.9289 5.9481 5.9676 5.9858 6.0039 6.0232 6.0426 6.0596 6.0812 6.1024 
1.5 1.5 1.5 1.5 1.5 1.5 1.5 1.5 1.5 1.5 2 1.31966 1.34607 1.37118 1.39552 1.41986 1.44403 1.46597 1.48793 4.5136 4.5316 4.581 4.6233 4.6541 4.6887 4.7243 4.7575 4.8007 4.8299 4.8641 4.8964 4.93 4.962 4.9899 5.0226 5.0502 5.0775 5.1025 5.1291 5.1563 5.1854 5.2065 5.2321 5.256 5.2819 5.3025 5.3268 5.3505 5.3748 5.4006 5.4236 5.4495 5.4759 5.4995 5.5281 5.5554 5.5835 5.6042 5.6284 5.6534 5.6783 5.7034 5.7276 5.7515 5.7754 5.7987 5.8221 5.8446 5.867 5.889 5.9108 5.9315 5.9513 5.9751 5.9914 6.0096 6.0292 6.0486 6.0654 6.0892 6.1109 
1.5 1.5 1.5 1.5 1.5 1.5 1.5 1.5 1.5 1.5 2 1.31189 1.33773 1.36252 1.38651 1.41049 1.43406 1.45665 1.47817 1.49751 4.5399 4.5681 4.6078 4.638 4.6729 4.7082 4.7425 4.7862 4.8141 4.8474 4.8811 4.9115 4.9463 4.9713 5 5.0349 5.0608 5.0866 5.1135 5.1443 5.1683 5.192 5.2157 5.2385 5.2642 5.2863 5.3098 5.3352 5.3589 5.3842 5.4078 5.4331 5.46 5.485 5.5119 5.5403 5.5712 5.59 5.6166 5.6404 5.6656 5.6911 5.7162 5.7406 5.7651 5.7888 5.8124 5.8354 5.8581 5.8807 5.903 5.9243 5.9445 5.9648 5.9851 6.0032 6.0252 6.0421 6.0618 6.0848 6.1066 
1.5 1.5 1.5 1.5 1.5 1.5 1.5 1.5 1.5 1.5 2 1.32151 1.34732 1.37268 1.39703 1.42139 1.4454 1.46837 1.49253 1.51496 1.53829 4.5426 4.5845 4.6275 4.6632 4.6965 4.7306 4.7718 4.7968 4.8306 4.8665 4.895 4.931 4.9582 4.9896 5.0166 5.0469 5.0734 5.1019 5.1311 5.1497 5.1741 5.1981 5.2232 5.2467 5.2697 5.2934 5.3183 5.3414 5.3668 5.3908 5.4159 5.4416 5.4685 5.4947 5.5232 5.548 5.5726 5.5968 5.6224 5.6478 5.6733 5.6982 5.7229 5.7474 5.7713 5.7954 5.8186 5.842 5.8648 5.8876 5.909 5.9299 5.95 5.9712 5.9894 6.0122 6.035 6.05 6.0715 6.0939 
1.5 1.5 1.5 1.5 1.5 1.5 1.5 1.5 1.5 1.5 2 1.31974 1.34568 1.37068 1.395 1.41926 1.44321 1.46622 1.49039 1.51334 1.53677 4.5379 4.5695 4.6126 4.6563 4.6956 4.7293 4.7695 4.7964 4.8287 4.8612 4.8958 4.9272 4.9548 4.9839 5.0168 5.0459 5.0726 5.0996 5.1202 5.1462 5.1712 5.1948 5.2175 5.2422 5.2663 5.2903 5.3132 5.3368 5.3638 5.3877 5.4125 5.4381 5.4659 5.4914 5.5157 5.5419 5.568 5.5918 5.6172 5.6423 5.6674 5.6921 5.7166 5.7407 5.7646 5.7885 5.8116 5.8345 5.8573 5.8798 5.9009 5.921 5.9421 5.9613 5.9814 6.0017 6.0203 6.0402 6.0612 6.0861 
1.5 1.5 1.5 1.5 1.5 1.5 1.5 1.5 1.5 1.5 2 1.31796 1.34375 1.36874 1.39328 1.41737 1.44119 1.4643 1.48855 1.51051 1.53411 4.5255 4.5658 4.6082 4.6485 4.6854 4.7196 4.7623 4.7898 4.8233 4.8578 4.8952 4.9249 4.9532 4.9806 5.014 5.0432 5.0694 5.0929 5.1155 5.1423 5.1666 5.1907 5.2118 5.2372 5.262 5.2845 5.308 5.3329 5.3607 5.3834 5.409 5.4348 5.4584 5.4828 5.5091 5.5347 5.5599 5.5833 5.6082 5.6326 5.6571 5.6809 5.7048 5.7282 5.7519 5.775 5.7975 5.8198 5.842 5.8642 5.8846 5.9042 5.9251 5.9438 5.9637 5.9832 6.0019 6.0209 6.0421 6.0655 
1.5 1.5 1.5 1.5 1.5 1.5 1.5 1.5 1.5 1.5 2 1.3173 1.34296 1.36818 1.39285 1.41675 1.44064 1.4642 1.48793 1.51002 4.5113 4.5315 4.5831 4.617 4.65 4.687 4.7232 4.7667 4.7961 4.8293 4.865 4.8979 4.9329 4.9605 4.9908 5.0255 5.0516 5.0741 5.0993 5.1226 5.1495 5.1736 5.1986 5.2207 5.2452 5.2686 5.2934 5.319 5.3433 5.3711 5.393 5.4161 5.4396 5.4641 5.4899 5.5148 5.5398 5.5628 5.5862 5.61 5.6336 5.657 5.6799 5.703 5.7256 5.7483 5.7703 5.792 5.8135 5.8351 5.8565 5.8764 5.8955 5.916 5.934 5.9536 5.9721 5.9899 6.0089 6.0287 6.0513 
1.5 1.5 1.5 1.5 1.5 1.5 1.5 1.5 1.5 1.5 2 1.29953 1.32456 1.34994 1.37413 1.3975 1.42126 1.44389 1.46753 1.4889 4.5033 4.5377 4.5789 4.6098 4.6432 4.6784 4.7176 4.7627 4.7899 4.8255 4.8577 4.8903 4.9289 4.9573 4.9822 5.0149 5.0444 5.0675 5.091 5.1135 5.1416 5.1663 5.1907 5.2126 5.2404 5.2651 5.2898 5.3139 5.3366 5.362 5.3825 5.4063 5.4306 5.4547 5.4788 5.5028 5.5249 5.547 5.5696 5.5921 5.6147 5.6369 5.6587 5.6807 5.702 5.7236 5.7445 5.7674 5.7858 5.8086 5.8265 5.8456 5.8645 5.8839 5.9009 5.92 5.9372 5.9535 5.9723 5.9909 6.0127 
1.5 1.5 1.5 1.5 1.5 1.5 1.5 1.5 1.5 1.5 2 1.32048 1.34466 1.37033 1.39699 1.42126 1.44538 1.46929 1.49343 1.51678 1.5408 1.56395 4.5514 4.5805 4.6121 4.6518 4.6881 4.7327 4.7589 4.7921 4.8269 4.8584 4.8945 4.9205 4.9427 4.9746 5.0043 5.0305 5.0533 5.0778 5.1049 5.1318 5.155 5.18 5.2084 5.2297 5.2518 5.2751 5.2972 5.323 5.3441 5.3671 5.39 5.4127 5.4348 5.4557 5.477 5.5002 5.5196 5.5406 5.5615 5.5821 5.6021 5.6226 5.6424 5.6623 5.6819 5.7012 5.7205 5.7399 5.7591 5.7775 5.7954 5.8138 5.831 5.8477 5.8648 5.8809 5.8975 5.9166 5.9367 
1.5 1.5 1.5 1.5 1.5 1.5 1.5 1.5 1.5 1.5 2 1.32653 1.35217 1.37909 1.40325 1.42939 1.45376 1.47786 1.50252 1.52656 1.55174 1.57532 1.59947 1.62342 4.5732 4.6241 4.6639 4.7015 4.7265 4.7578 4.791 4.8217 4.8499 4.8782 4.9014 4.9344 4.9636 4.9934 5.0185 5.0416 5.0703 5.0933 5.1177 5.1422 5.1689 5.1891 5.2116 5.2345 5.2586 5.2815 5.301 5.3229 5.3441 5.3644 5.3847 5.4049 5.4251 5.4449 5.4647 5.4843 5.5036 5.5225 5.5415 5.5605 5.5799 5.5975 5.6158 5.6338 5.6519 5.6699 5.688 5.7074 5.723 5.7398 5.7561 5.7723 5.7889 5.8031 5.8217 5.8362 5.8579 
1.5 1.5 1.5 1.5 1.5 1.5 1.5 1.5 1.5 1.5 2 1.33647 1.36218 1.38988 1.41628 1.44153 1.46666 1.49085 1.51624 1.54076 1.56659 1.59028 1.61643 4.5505 4.5778 4.6249 4.6648 4.7046 4.7254 4.7555 4.7849 4.8178 4.8477 4.8777 4.9043 4.9378 4.9671 4.9947 5.0179 5.042 5.0686 5.0924 5.1165 5.1406 5.1678 5.1875 5.2098 5.232 5.2531 5.2766 5.2951 5.315 5.3364 5.3543 5.3739 5.3929 5.4117 5.4301 5.4486 5.4679 5.4847 5.5024 5.5196 5.5374 5.5545 5.5719 5.5889 5.6058 5.6227 5.6396 5.6567 5.6732 5.6898 5.7063 5.7216 5.737 5.7526 5.767 5.7838 5.7982 5.8187 
1.5 1.5 1.5 1.5 1.5 1.5 1.5 1.5 1.5 1.5 2 1.35231 1.37655 1.40333 1.43273 1.45825 1.48397 1.50826 1.5346 1.5591 1.58514 1.60894 4.5304 4.5577 4.5947 4.6259 4.6608 4.7047 4.7259 4.7583 4.7934 4.8225 4.8504 4.8791 4.9057 4.9383 4.9656 4.9911 5.0164 5.0389 5.0647 5.0889 5.1128 5.136 5.1616 5.1806 5.202 5.2231 5.2429 5.2645 5.282 5.3011 5.3197 5.3381 5.3586 5.3743 5.3919 5.4092 5.4265 5.4433 5.4603 5.4769 5.4943 5.5098 5.5257 5.542 5.5583 5.5741 5.5902 5.6061 5.6221 5.6378 5.6543 5.6701 5.6846 5.6986 5.7147 5.7277 5.7444 5.758 5.7768 
1.5 1.5 1.5 1.5 1.5 1.5 1.5 1.5 1.5 1.5 2 1.3473 1.37329 1.40236 1.42912 1.45444 1.47966 1.50428 1.52965 1.55488 1.57858 1.60119 4.5396 4.5655 4.595 4.6287 4.6623 4.704 4.7244 4.7544 4.7846 4.8135 4.8392 4.8684 4.8946 4.9239 4.9495 4.9741 4.9978 5.0201 5.045 5.0677 5.0901 5.1122 5.1363 5.1539 5.1738 5.1934 5.2123 5.2328 5.2497 5.2676 5.2851 5.3025 5.3198 5.3365 5.3532 5.3697 5.386 5.402 5.418 5.4338 5.4491 5.4648 5.48 5.4954 5.5107 5.5258 5.5409 5.556 5.5711 5.5861 5.6015 5.6162 5.6311 5.6448 5.6601 5.6734 5.6875 5.702 5.7188 
1.5 1.5 1.5 1.5 1.5 1.5 1.5 1.5 1.5 1.5 2 1.39801 1.4234 1.45235 1.48329 1.51088 1.53802 1.56446 1.59206 1.61889 1.64508 1.67077 1.70391 4.5608 4.5929 4.6227 4.6522 4.6904 4.708 4.7354 4.7665 4.7939 4.8193 4.846 4.8692 4.8959 4.9195 4.9425 4.9646 4.986 5.0091 5.0302 5.051 5.0713 5.0935 5.1104 5.1293 5.1479 5.1657 5.1848 5.2007 5.2176 5.2341 5.2504 5.2668 5.2829 5.2984 5.314 5.3294 5.3444 5.3595 5.3746 5.3894 5.4043 5.4188 5.4333 5.4479 5.4623 5.4766 5.4911 5.5057 5.5205 5.5348 5.5486 5.5646 5.5765 5.5919 5.605 5.6176 5.6326 5.6481 
1.5 1.5 1.5 1.5 1.5 1.5 1.5 1.5 1.5 1.5 2 1.4264 1.45511 1.48653 1.51631 1.54499 1.57339 1.60119 1.6298 1.6576 1.68538 1.7127 1.74824 4.5776 4.6048 4.6332 4.6615 4.6897 4.7092 4.7376 4.7641 4.7867 4.8103 4.8335 4.854 4.8779 4.8997 4.9209 4.9416 4.9613 4.9823 5.0019 5.0212 5.0402 5.0608 5.077 5.0948 5.1125 5.1294 5.1472 5.1624 5.1786 5.1953 5.2099 5.2255 5.2406 5.2557 5.2705 5.2853 5.2996 5.3141 5.3286 5.3426 5.357 5.371 5.385 5.399 5.4129 5.4269 5.4408 5.4548 5.4688 5.4828 5.4967 5.5113 5.5241 5.5378 5.5515 5.5641 5.577 5.5938 
1.5 1.5 1.5 1.5 1.5 1.5 1.5 1.5 1.5 1.5 2 1.46253 1.49331 1.52478 1.5551 1.58497 1.61477 1.64385 1.67356 1.7025 1.73159 1.76053 1.79499 1.82209 1.84661 4.6229 4.6442 4.6683 4.6894 4.7114 4.7314 4.7518 4.772 4.7926 4.8113 4.8329 4.8526 4.8719 4.8908 4.909 4.9284 4.9466 4.9647 4.9824 5.0013 5.0168 5.0335 5.0501 5.067 5.083 5.0976 5.1131 5.1283 5.1429 5.1578 5.1723 5.1868 5.201 5.215 5.2291 5.243 5.2568 5.2704 5.2843 5.2978 5.3115 5.3249 5.3384 5.352 5.3654 5.3789 5.3923 5.406 5.4196 5.433 5.4466 5.459 5.473 5.4861 5.4975 5.5137 
1.5 1.5 1.5 1.5 1.5 1.5 1.5 1.5 1.5 1.5 2 1.49829 1.53048 1.56274 1.59506 1.62587 1.65685 1.68712 1.71799 1.74859 1.77883 1.80912 1.84129 1.87203 1.90099 1.9294 4.635 4.657 4.6725 4.6901 4.7087 4.7275 4.746 4.7646 4.7819 4.8014 4.8195 4.8372 4.8547 4.8722 4.8892 4.9061 4.9229 4.9394 4.9569 4.9717 4.9873 5.003 5.0182 5.0339 5.048 5.0627 5.0772 5.0914 5.1057 5.1194 5.1332 5.1468 5.1604 5.1739 5.1874 5.2005 5.2139 5.2273 5.2404 5.2538 5.2667 5.2798 5.293 5.306 5.3191 5.3322 5.345 5.3587 5.3712 5.385 5.3961 5.4108 5.4234 5.4346 5.4498 
1.5 1.5 1.5 1.5 1.5 1.5 1.5 1.5 1.5 1.5 2 1.53573 1.56923 1.60255 1.63537 1.66791 1.70016 1.73226 1.76441 1.79594 1.82772 1.85935 1.88747 1.9215 4.6234 4.6402 4.6574 4.675 4.6906 4.7076 4.7246 4.7416 4.7583 4.7751 4.7911 4.8086 4.8252 4.8415 4.8577 4.8741 4.8898 4.9055 4.9211 4.9365 4.9527 4.9668 4.9815 4.9963 5.0108 5.0254 5.0389 5.0528 5.0667 5.0802 5.0939 5.107 5.1203 5.1334 5.1465 5.1596 5.1724 5.1853 5.198 5.2109 5.2237 5.2366 5.2492 5.2618 5.2747 5.2874 5.3001 5.3129 5.3257 5.3385 5.3514 5.3641 5.3757 5.3896 5.402 5.414 5.4267 
1.5 1.5 1.5 1.5 1.5 1.5 1.5 1.5 1.5 1.5 2 1.56904 1.60411 1.63835 1.67252 1.70679 1.74053 1.77394 1.80763 1.84051 1.87385 1.90707 1.93657 4.6254 4.6403 4.6553 4.6705 4.6863 4.7008 4.7161 4.7313 4.7466 4.7618 4.7768 4.7916 4.8072 4.8221 4.8371 4.852 4.8665 4.8812 4.8957 4.91 4.9242 4.9389 4.9522 4.966 4.9797 4.9933 5.007 5.0198 5.0328 5.046 5.059 5.0716 5.0846 5.0973 5.1099 5.1225 5.1351 5.1473 5.1598 5.1722 5.1846 5.1971 5.2094 5.2217 5.234 5.2464 5.2588 5.2712 5.2838 5.2965 5.3082 5.3213 5.3329 5.3448 5.358 5.3704 5.3823 5.3937 
1.5 1.5 1.5 1.5 1.5 1.5 1.5 1.5 1.5 1.5 2 1.60125 1.63771 1.67324 1.70865 1.74421 1.7792 1.8142 1.84909 1.88449 1.91799 1.95251 1.98495 2.01751 2.0545 4.6355 4.6488 4.6628 4.6761 4.6896 4.7033 4.717 4.7308 4.7443 4.7578 4.7716 4.785 4.7986 4.8121 4.8255 4.8388 4.8521 4.8652 4.8782 4.8916 4.9042 4.9171 4.9297 4.9425 4.9553 4.9675 4.9798 4.9918 5.0045 5.0168 5.029 5.0412 5.0532 5.0653 5.0774 5.0892 5.1012 5.1131 5.1251 5.1371 5.1491 5.1609 5.1728 5.1849 5.1969 5.2089 5.2209 5.2331 5.2446 5.2571 5.2688 5.2801 5.293 5.3056 5.317 5.3278 
1.5 1.5 1.5 1.5 1.5 1.5 1.5 1.5 1.5 1.5 2 1.63125 1.6689 1.70606 1.74272 1.77997 1.81652 1.85281 1.88947 1.92522 1.96146 1.99721 2.03217 2.0684 2.1066 2.1407 4.6374 4.65 4.6624 4.6748 4.6874 4.7 4.7126 4.725 4.7376 4.7501 4.7624 4.775 4.7873 4.7999 4.812 4.8243 4.8365 4.8485 4.8607 4.8727 4.8847 4.8965 4.9084 4.9202 4.9319 4.9435 4.9554 4.967 4.9786 4.9902 5.0018 5.0133 5.0248 5.0364 5.0478 5.0594 5.0708 5.0823 5.0938 5.1053 5.1167 5.1283 5.1399 5.1515 5.1631 5.1748 5.1863 5.198 5.2094 5.2216 5.2317 5.2452 5.2567 5.2683 5.2785 
1.5 1.5 1.5 1.5 1.5 1.5 1.5 1.5 1.5 1.5 2 1.65904 1.69772 1.73632 1.77431 1.81284 1.85096 1.88888 1.92607 1.96393 2.00141 2.03866 2.0753 2.11367 2.15296 2.19009 4.6362 4.6483 4.66 4.6719 4.6837 4.6955 4.7073 4.719 4.7305 4.7423 4.7538 4.7654 4.7769 4.7888 4.7999 4.8114 4.8227 4.8341 4.8451 4.8566 4.8679 4.8789 4.89 4.901 4.9121 4.9232 4.9344 4.9454 4.9564 4.9674 4.9784 4.9894 5.0003 5.0113 5.0223 5.0335 5.0444 5.0555 5.0665 5.0775 5.0885 5.0997 5.1109 5.1222 5.1333 5.1449 5.1557 5.1676 5.1783 5.1905 5.2001 5.2134 5.2245 5.2361 5.2458 
1.5 1.5 1.5 1.5 1.5 1.5 1.5 1.5 1.5 1.5 2 1.68389 1.72353 1.76311 1.80253 1.84196 1.88115 1.92008 1.95923 1.99758 2.03633 2.07477 2.1129 2.15221 2.18894 2.22729 2.26629 4.6338 4.6452 4.6565 4.6679 4.679 4.6902 4.7013 4.7126 4.7234 4.7344 4.7455 4.7563 4.7676 4.7781 4.7889 4.7996 4.8103 4.8206 4.8316 4.8422 4.8527 4.8632 4.8733 4.8841 4.8946 4.9052 4.9156 4.926 4.9364 4.9469 4.9573 4.9677 4.9782 4.9888 4.9994 5.0099 5.0205 5.031 5.0417 5.0523 5.0631 5.074 5.0849 5.0957 5.1069 5.1175 5.1292 5.1396 5.1516 5.1616 5.1735 5.1856 5.1967 5.2061 
1.5 1.5 1.5 1.5 1.5 1.5 1.5 1.5 1.5 1.5 2 1.70649 1.74714 1.78766 1.82802 1.86832 1.90845 1.94867 1.98848 2.02883 2.06781 2.10752 2.14673 2.18454 2.22216 2.26152 2.30252 4.6306 4.6417 4.6528 4.6635 4.6743 4.6851 4.6959 4.7069 4.7172 4.7278 4.7384 4.7489 4.7597 4.7697 4.78 4.7903 4.8006 4.8103 4.8208 4.8309 4.8409 4.8509 4.8605 4.8709 4.8809 4.891 4.9008 4.9107 4.9206 4.9305 4.9405 4.9505 4.9605 4.9706 4.9807 4.9908 5.001 5.0112 5.0215 5.0319 5.0423 5.0528 5.0634 5.0739 5.0847 5.0954 5.1067 5.117 5.1288 5.1394 5.1498 5.1627 5.1735 5.1829 
1.5 1.5 1.5 1.5 1.5 1.5 1.5 1.5 1.5 1.5 2 1.72746 1.76922 1.81087 1.85301 1.89361 1.93487 1.97614 2.01733 2.05799 2.09914 2.13976 2.18022 2.21938 2.25868 4.6283 4.6392 4.65 4.661 4.6718 4.6825 4.6931 4.7036 4.7142 4.7251 4.7351 4.7454 4.7556 4.7658 4.7764 4.786 4.796 4.8059 4.8159 4.8252 4.8354 4.8451 4.8548 4.8643 4.8734 4.8836 4.8932 4.9027 4.9122 4.9217 4.9312 4.9407 4.9503 4.9599 4.9695 4.9793 4.989 4.9987 5.0086 5.0184 5.0284 5.0385 5.0486 5.0588 5.0691 5.0794 5.0898 5.1004 5.1114 5.1215 5.1329 5.144 5.1535 5.1663 5.1773 5.1866 
1.5 1.5 1.5 1.5 1.5 1.5 1.5 1.5 1.5 1.5 2 1.74566 1.78843 1.83085 1.87377 1.91555 1.95779 1.99989 2.04206 2.08389 2.12588 2.16761 2.2092 2.24997 2.29073 2.33171 4.623 4.6333 4.6443 4.6549 4.6654 4.6759 4.6863 4.6967 4.7076 4.7174 4.7276 4.7377 4.7478 4.7582 4.7676 4.7773 4.7871 4.7968 4.8058 4.8158 4.8253 4.8347 4.8441 4.8529 4.8628 4.8721 4.8814 4.8906 4.8999 4.9091 4.9183 4.9276 4.937 4.9464 4.9559 4.9653 4.9748 4.9844 4.9941 5.0038 5.0137 5.0236 5.0335 5.0436 5.0537 5.064 5.0745 5.0852 5.0956 5.1063 5.1178 5.1272 5.1388 5.1505 5.16 
1.5 1.5 1.5 1.5 1.5 1.5 1.5 1.5 1.5 1.5 2 1.76255 1.80611 1.84938 1.89267 1.936 1.97899 2.02245 2.0655 2.10855 2.15152 2.19426 2.237 2.27946 2.3225 2.36504 2.407 2.45335 4.6148 4.6255 4.636 4.6466 4.6571 4.6675 4.6781 4.688 4.6982 4.7082 4.7182 4.7286 4.7378 4.7475 4.7571 4.7667 4.7758 4.7857 4.795 4.8044 4.8136 4.8222 4.832 4.8412 4.8502 4.8593 4.8685 4.8776 4.8867 4.8958 4.9051 4.9143 4.9236 4.9329 4.9423 4.9517 4.9613 4.9709 4.9806 4.9904 5.0002 5.0102 5.0202 5.0305 5.041 5.0513 5.0621 5.0723 5.084 5.0936 5.1041 5.1163 5.1264 
1.5 1.5 1.5 1.5 1.5 1.5 1.5 1.5 1.5 1.5 2 1.77799 1.8222 1.86626 1.91033 1.95452 1.99873 2.04272 2.08712 2.13082 2.17461 2.21857 2.26238 2.30592 2.35015 2.39382 2.43807 2.48298 2.52448 4.6076 4.6182 4.6287 4.6392 4.6496 4.6604 4.6702 4.6803 4.6904 4.7004 4.7108 4.7201 4.7298 4.7395 4.7491 4.7581 4.7679 4.7773 4.7866 4.7958 4.8044 4.8142 4.8233 4.8324 4.8415 4.8506 4.8597 4.8687 4.8779 4.887 4.8962 4.9054 4.9146 4.9239 4.9333 4.9429 4.9524 4.9621 4.9718 4.9816 4.9915 5.0015 5.0117 5.0222 5.0324 5.0433 5.0534 5.0649 5.0749 5.0848 5.0967 5.1079 
1.5 1.5 1.5 1.5 1.5 1.5 1.5 1.5 1.5 1.5 2 1.792 1.8368 1.88156 1.92625 1.97135 2.01637 2.06106 2.1059 2.15089 2.19522 2.23992 2.28431 2.32875 2.37295 2.41825 2.46387 2.50695 4.6022 4.6129 4.6236 4.6342 4.6448 4.6552 4.666 4.6758 4.686 4.6961 4.7062 4.7166 4.7259 4.7357 4.7454 4.755 4.7641 4.774 4.7835 4.7928 4.8022 4.8108 4.8206 4.8298 4.8389 4.8481 4.8572 4.8664 4.8755 4.8847 4.8938 4.903 4.9123 4.9215 4.9309 4.9403 4.9498 4.9594 4.969 4.9788 4.9885 4.9984 5.0085 5.0187 5.0292 5.0394 5.0502 5.0603 5.0715 5.0821 5.0917 5.1027 5.115 
1.5 1.5 1.5 1.5 1.5 1.5 1.5 1.5 1.5 1.5 2 1.80486 1.85003 1.8957 1.94102 1.9867 2.03213 2.0777 2.12305 2.16858 2.21372 2.25906 2.3042 2.34937 2.39429 2.43858 2.48444 2.52808 4.5957 4.6064 4.6172 4.6278 4.6384 4.6488 4.6597 4.6696 4.6798 4.69 4.7001 4.7104 4.7201 4.73 4.7399 4.7496 4.7589 4.7689 4.7785 4.788 4.7974 4.8063 4.8162 4.8255 4.8348 4.8441 4.8533 4.8627 4.8719 4.8812 4.8905 4.8998 4.9092 4.9186 4.928 4.9375 4.9472 4.9568 4.9665 4.9764 4.9863 4.9962 5.0064 5.0167 5.0272 5.0376 5.0483 5.0587 5.0695 5.0806 5.0903 5.1007 5.1136 
1.5 1.5 1.5 1.5 1.5 1.5 1.5 1.5 1.5 1.5 2 1.81647 1.86234 1.90857 1.95499 2.0008 2.04678 2.09298 2.13884 2.18465 2.23087 2.27681 2.32269 2.36855 2.41461 2.45946 2.50408 2.5483 4.5894 4.6002 4.6108 4.6214 4.632 4.6425 4.653 4.6633 4.6736 4.684 4.6942 4.7048 4.7145 4.7246 4.7346 4.7445 4.7539 4.7641 4.7739 4.7836 4.7932 4.8024 4.8124 4.8219 4.8314 4.8409 4.8504 4.8599 4.8694 4.8789 4.8883 4.8979 4.9074 4.917 4.9266 4.9363 4.9461 4.9559 4.9658 4.9759 4.9859 4.9961 5.0063 5.0168 5.0274 5.0379 5.0487 5.0593 5.0699 5.0812 5.0914 5.1015 5.1142 
1.5 1.5 1.5 1.5 1.5 1.5 1.5 1.5 1.5 1.5 2 1.82702 1.87358 1.92043 1.96693 2.01376 2.06031 2.10718 2.15343 2.20034 2.24718 2.29375 2.34029 2.38698 2.43325 2.47975 2.52551 2.57122 4.5834 4.5942 4.6048 4.6154 4.6259 4.6365 4.6473 4.6574 4.6678 4.6782 4.6885 4.6989 4.7091 4.7193 4.7295 4.7396 4.7492 4.7596 4.7695 4.7795 4.7894 4.7988 4.809 4.8188 4.8286 4.8383 4.8481 4.8579 4.8676 4.8774 4.8871 4.8969 4.9067 4.9166 4.9265 4.9364 4.9464 4.9565 4.9667 4.9769 4.9872 4.9975 5.008 5.0186 5.0293 5.04 5.0509 5.0617 5.0723 5.0836 5.0944 5.1045 5.1165 
1.5 1.5 1.5 1.5 1.5 1.5 1.5 1.5 1.5 1.5 2 1.83697 1.88415 1.93151 1.97863 2.02587 2.07324 2.12059 2.16744 2.21549 2.26242 2.30996 2.3571 2.40453 2.45171 2.49899 2.54585 2.59279 2.64395 4.5764 4.5872 4.5979 4.6087 4.6193 4.6302 4.6404 4.6509 4.6613 4.6717 4.6821 4.6924 4.7027 4.713 4.7232 4.7332 4.7437 4.7539 4.7641 4.7743 4.7841 4.7945 4.8046 4.8147 4.8247 4.8348 4.8449 4.8549 4.865 4.8751 4.8853 4.8954 4.9056 4.9158 4.9261 4.9364 4.9468 4.9572 4.9677 4.9783 4.9889 4.9995 5.0103 5.0212 5.032 5.043 5.054 5.0647 5.076 5.0872 5.0975 5.1087 
1.5 1.5 1.5 1.5 1.5 1.5 1.5 1.5 1.5 1.5 2 1.84585 1.89417 1.94134 1.98886 2.03677 2.08476 2.13249 2.18054 2.22859 2.27624 2.32409 2.37214 2.42029 2.46821 2.51634 2.56411 2.61195 2.66235 2.70943 2.75792 4.5699 4.5805 4.5912 4.602 4.6122 4.6228 4.6333 4.6438 4.6545 4.6647 4.6751 4.6855 4.696 4.7061 4.7168 4.7272 4.7376 4.748 4.7581 4.7688 4.7791 4.7895 4.7999 4.8104 4.8208 4.8312 4.8417 4.8522 4.8626 4.8732 4.8837 4.8943 4.905 4.9156 4.9263 4.9371 4.9478 4.9587 4.9695 4.9804 4.9914 5.0025 5.0135 5.0246 5.0357 5.0466 5.0579 5.0693 5.0801 5.0907 
1.5 1.5 1.5 1.5 1.5 1.5 1.5 1.5 1.5 1.5 2 1.85369 1.9019 1.95008 1.99838 2.04649 2.09482 2.14308 2.19183 2.23965 2.28871 2.33666 2.38542 2.43408 2.48258 2.53122 2.57978 2.62839 2.67796 2.7272 2.77579 4.5659 4.5765 4.587 4.5978 4.6081 4.6186 4.6291 4.6397 4.6505 4.6607 4.6712 4.6818 4.6924 4.7026 4.7134 4.724 4.7346 4.7452 4.7555 4.7664 4.777 4.7877 4.7985 4.8092 4.82 4.8307 4.8415 4.8524 4.8632 4.8741 4.885 4.896 4.9069 4.9179 4.929 4.94 4.9511 4.9622 4.9734 4.9845 4.9958 5.0069 5.0182 5.0295 5.0407 5.0518 5.0633 5.0748 5.086 5.0964 
1.5 1.5 1.5 1.5 1.5 1.5 1.5 1.5 1.5 1.5 2 1.86071 1.90912 1.95756 2.00651 2.05493 2.1036 2.15228 2.20102 2.24976 2.29868 2.34759 2.39644 2.44549 2.49492 2.54349 2.59244 2.64158 2.68983 4.5642 4.5748 4.5853 4.5958 4.6064 4.6172 4.6274 4.638 4.6485 4.659 4.6698 4.6801 4.6907 4.7013 4.7119 4.7223 4.7332 4.744 4.7547 4.7655 4.7762 4.7873 4.7982 4.8092 4.8202 4.8312 4.8423 4.8534 4.8646 4.8758 4.887 4.8982 4.9095 4.9208 4.9321 4.9435 4.9548 4.9662 4.9776 4.989 5.0004 5.0118 5.0232 5.0346 5.046 5.0574 5.0688 5.0801 5.0917 5.1032 5.1147 5.1252 
1.5 1.5 1.5 1.5 1.5 1.5 1.5 1.5 1.5 1.5 2 1.86568 1.91435 1.9631 2.01186 2.061 2.10976 2.15888 2.20761 2.25681 2.30619 2.35542 2.40442 2.45378 2.50288 2.55241 2.60165 2.65117 2.69849 4.5615 4.5721 4.5826 4.5931 4.6036 4.614 4.6246 4.6351 4.6456 4.6562 4.6669 4.6773 4.6879 4.6986 4.7093 4.7198 4.7308 4.7417 4.7526 4.7636 4.7744 4.7857 4.7968 4.8081 4.8193 4.8306 4.842 4.8534 4.8648 4.8763 4.8878 4.8993 4.9109 4.9224 4.934 4.9456 4.9572 4.9688 4.9804 4.992 5.0036 5.0152 5.0268 5.0383 5.0499 5.0614 5.073 5.0844 5.096 5.1076 5.1192 5.1302 
1.5 1.5 1.5 1.5 1.5 1.5 1.5 1.5 1.5 1.5 2 1.87004 1.91886 1.96806 2.01707 2.06627 2.11551 2.16481 2.21406 2.26373 2.31302 2.36265 2.41201 2.46164 2.51126 2.56108 2.61076 2.66059 2.7093 2.76033 4.5582 4.5687 4.5793 4.5898 4.6005 4.6108 4.6213 4.6318 4.6424 4.6531 4.6635 4.6741 4.6848 4.6956 4.7062 4.7173 4.7283 4.7393 4.7504 4.7615 4.7729 4.7842 4.7956 4.807 4.8185 4.8301 4.8417 4.8534 4.8651 4.8768 4.8887 4.9005 4.9123 4.9241 4.936 4.9478 4.9596 4.9714 4.9832 4.995 5.0068 5.0186 5.0302 5.042 5.0536 5.0654 5.0769 5.0886 5.1004 5.1121 5.1237 
1.5 1.5 1.5 1.5 1.5 1.5 1.5 1.5 1.5 1.5 2 1.87329 1.92254 1.9718 2.02113 2.0702 2.11956 2.16899 2.21852 2.26814 2.31761 2.36729 2.41683 2.46664 2.51632 2.5661 2.61604 2.66591 2.71527 2.76563 2.81526 4.5555 4.566 4.5765 4.5873 4.5975 4.6081 4.6186 4.6291 4.6399 4.6504 4.6611 4.6718 4.6827 4.6933 4.7045 4.7156 4.7267 4.7379 4.749 4.7605 4.772 4.7835 4.7951 4.8068 4.8185 4.8303 4.8422 4.8541 4.866 4.8781 4.89 4.902 4.9141 4.9261 4.9381 4.9502 4.9622 4.9742 4.9862 4.9982 5.0101 5.0219 5.0339 5.0456 5.0576 5.0694 5.0811 5.093 5.1049 5.1172 
1.5 1.5 1.5 1.5 1.5 1.5 1.5 1.5 1.5 1.5 2 1.87637 1.92559 1.97485 2.02431 2.07377 2.12324 2.1729 2.22268 2.27227 2.32198 2.37183 2.4216 2.47156 2.52159 2.57143 2.62163 2.67148 2.72147 2.77177 2.82188 2.87216 4.5512 4.5616 4.5718 4.5824 4.5928 4.6033 4.6139 4.6246 4.6353 4.6461 4.657 4.6679 4.6788 4.6902 4.7015 4.7129 4.7244 4.736 4.7478 4.7596 4.7715 4.7835 4.7955 4.8076 4.8198 4.832 4.8443 4.8565 4.8688 4.881 4.8933 4.9055 4.9178 4.9299 4.9421 4.9542 4.9663 4.9784 4.9904 5.0023 5.0143 5.0261 5.038 5.0496 5.0618 5.073 5.0849 5.0967 5.1085 
