5
s 30 2 93
r 20 0.01 0 3.68734 0.01
r 22 0.01 0 3.40933 0.01
r 24 0.01 0 3.15386 0.01
r 26 0.01 0 2.97967 0.01
r 28 0.01 0 1.88169 0.01
r 30 0.01 0 1.32722 0.01
r 32 0.01 0 1.8817 0.01
r 34 0.01 0 2.9797 0.01
r 36 0.01 0 3.2529 0.01
r 38 0.01 0 3.56941 0.01
r 40 0.01 0 3.92029 0.01
r 42 0.01 0 4.26223 0.01
r 44 0.01 0 4.55446 0.01
r 46 0.01 0 4.77146 0.01
r 48 0.01 0 5.04505 0.01
r 50 0.01 0 5.36763 0.01
r 52 0.01 0 5.68213 0.01
r 54 0.01 0 5.98196 0.01
r 56 0.01 0 6.24556 0.01
r 58 0.01 0 6.47567 0.01
r 60 0.01 0 6.71397 0.01
r 62 0.01 0 6.98801 0.01
r 64 0.01 0 7.32894 0.01
r 66 0.01 0 7.63846 0.01
r 68 0.01 0 7.84242 0.01
r 70 0.01 0 8.07445 0.01
r 72 0.01 0 8.3274 0.01
r 74 0.01 0 8.59788 0.01
r 76 0.01 0 8.84462 0.01
r 78 0.01 0 9.15548 0.01
r 80 0.01 0 9.38862 0.01
r 20 0.01 7 4.34795 0.01
r 22 0.01 7 4.06586 0.01
r 24 0.01 7 3.79624 0.01
r 26 0.01 7 3.59667 0.01
r 28 0.01 7 3.43238 0.01
r 30 0.01 7 3.14337 0.01
r 32 0.01 7 3.36793 0.01
r 34 0.01 7 3.65591 0.01
r 36 0.01 7 3.94546 0.01
r 38 0.01 7 4.28822 0.01
r 40 0.01 7 4.64108 0.01
r 42 0.01 7 4.97414 0.01
r 44 0.01 7 5.21548 0.01
r 46 0.01 7 5.42852 0.01
r 48 0.01 7 5.74129 0.01
r 50 0.01 7 6.06395 0.01
r 52 0.01 7 6.38927 0.01
r 54 0.01 7 6.64222 0.01
r 56 0.01 7 6.90345 0.01
r 58 0.01 7 7.12089 0.01
r 60 0.01 7 7.37192 0.01
r 62 0.01 7 7.67282 0.01
r 64 0.01 7 8.03262 0.01
r 66 0.01 7 8.28746 0.01
r 68 0.01 7 8.48894 0.01
r 70 0.01 7 8.72809 0.01
r 72 0.01 7 9.01203 0.01
r 74 0.01 7 9.25359 0.01
r 76 0.01 7 9.53461 0.01
r 78 0.01 7 9.83487 0.01
r 80 0.01 7 10.0197 0.01
r 20 0.01 8 5.78346 0.01
r 22 0.01 8 5.22086 0.01
r 24 0.01 8 4.74874 0.01
r 26 0.01 8 3.89895 0.01
r 28 0.01 8 3.50994 0.01
r 30 0.01 8 3.15428 0.01
r 32 0.01 8 3.49166 0.01
r 34 0.01 8 3.81591 0.01
r 36 0.01 8 4.24939 0.01
r 38 0.01 8 4.75432 0.01
r 40 0.01 8 5.26957 0.01
r 42 0.01 8 5.79009 0.01
r 44 0.01 8 6.29001 0.01
r 46 0.01 8 6.70861 0.01
r 48 0.01 8 7.13648 0.01
r 50 0.01 8 7.65751 0.01
r 52 0.01 8 8.20502 0.01
r 54 0.01 8 8.72423 0.01
r 56 0.01 8 9.19952 0.01
r 58 0.01 8 9.66461 0.01
r 60 0.01 8 10.105 0.01
r 62 0.01 8 10.503 0.01
r 64 0.01 8 10.9403 0.01
r 66 0.01 8 11.4291 0.01
r 68 0.01 8 11.8217 0.01
r 70 0.01 8 12.1935 0.01
r 72 0.01 8 12.6004 0.01
r 74 0.01 8 13.0875 0.01
r 76 0.01 8 13.5103 0.01
r 78 0.01 8 13.9728 0.01
r 80 0.01 8 14.4026 0.01
s 40 2 93
r 20 0.01 0 5.14676 0.01
r 22 0.01 0 4.87628 0.01
r 24 0.01 0 4.62326 0.01
r 26 0.01 0 4.43412 0.01
r 28 0.01 0 4.23966 0.01
r 30 0.01 0 3.92116 0.01
r 32 0.01 0 3.60932 0.01
r 34 0.01 0 3.32122 0.01
r 36 0.01 0 2.98009 0.01
r 38 0.01 0 1.88195 0.01
r 40 0.01 0 1.3274 0.01
r 42 0.01 0 1.88195 0.01
r 44 0.01 0 2.98008 0.01
r 46 0.01 0 3.46139 0.01
r 48 0.01 0 3.73943 0.01
r 50 0.01 0 4.07929 0.01
r 52 0.01 0 4.41441 0.01
r 54 0.01 0 4.73294 0.01
r 56 0.01 0 5.01096 0.01
r 58 0.01 0 5.25525 0.01
r 60 0.01 0 5.50591 0.01
r 62 0.01 0 5.78895 0.01
r 64 0.01 0 6.14682 0.01
r 66 0.01 0 6.47329 0.01
r 68 0.01 0 6.6851 0.01
r 70 0.01 0 6.92176 0.01
r 72 0.01 0 7.18987 0.01
r 74 0.01 0 7.4745 0.01
r 76 0.01 0 7.72895 0.01
r 78 0.01 0 8.0621 0.01
r 80 0.01 0 8.30583 0.01
r 20 0.01 7 5.86599 0.01
r 22 0.01 7 5.59509 0.01
r 24 0.01 7 5.3369 0.01
r 26 0.01 7 5.14051 0.01
r 28 0.01 7 4.97566 0.01
r 30 0.01 7 4.6889 0.01
r 32 0.01 7 4.36031 0.01
r 34 0.01 7 4.06922 0.01
r 36 0.01 7 3.78892 0.01
r 38 0.01 7 3.56417 0.01
r 40 0.01 7 3.34538 0.01
r 42 0.01 7 3.57556 0.01
r 44 0.01 7 3.92822 0.01
r 46 0.01 7 4.14777 0.01
r 48 0.01 7 4.48071 0.01
r 50 0.01 7 4.82171 0.01
r 52 0.01 7 5.15767 0.01
r 54 0.01 7 5.44469 0.01
r 56 0.01 7 5.71671 0.01
r 58 0.01 7 5.93885 0.01
r 60 0.01 7 6.20207 0.01
r 62 0.01 7 6.56494 0.01
r 64 0.01 7 6.88329 0.01
r 66 0.01 7 7.15685 0.01
r 68 0.01 7 7.36534 0.01
r 70 0.01 7 7.62062 0.01
r 72 0.01 7 7.91376 0.01
r 74 0.01 7 8.17174 0.01
r 76 0.01 7 8.43402 0.01
r 78 0.01 7 8.76993 0.01
r 80 0.01 7 8.97007 0.01
r 20 0.01 8 7.53481 0.01
r 22 0.01 8 7.08379 0.01
r 24 0.01 8 6.71126 0.01
r 26 0.01 8 6.34716 0.01
r 28 0.01 8 5.84885 0.01
r 30 0.01 8 5.32373 0.01
r 32 0.01 8 4.83196 0.01
r 34 0.01 8 4.37845 0.01
r 36 0.01 8 4.02673 0.01
r 38 0.01 8 3.68351 0.01
r 40 0.01 8 3.34786 0.01
r 42 0.01 8 3.68768 0.01
r 44 0.01 8 4.16571 0.01
r 46 0.01 8 4.56261 0.01
r 48 0.01 8 5.29966 0.01
r 50 0.01 8 5.86306 0.01
r 52 0.01 8 6.11519 0.01
r 54 0.01 8 6.64225 0.01
r 56 0.01 8 7.15829 0.01
r 58 0.01 8 7.66014 0.01
r 60 0.01 8 8.11093 0.01
r 62 0.01 8 8.50828 0.01
r 64 0.01 8 8.94356 0.01
r 66 0.01 8 9.41711 0.01
r 68 0.01 8 9.82276 0.01
r 70 0.01 8 10.1957 0.01
r 72 0.01 8 10.6052 0.01
r 74 0.01 8 11.0934 0.01
r 76 0.01 8 11.5244 0.01
r 78 0.01 8 11.9785 0.01
r 80 0.01 8 12.4368 0.01
s 50 2 93
r 20 0.01 0 6.51965 0.01
r 22 0.01 0 6.26225 0.01
r 24 0.01 0 6.02123 0.01
r 26 0.01 0 5.84104 0.01
r 28 0.01 0 5.66233 0.01
r 30 0.01 0 5.3661 0.01
r 32 0.01 0 5.07163 0.01
r 34 0.01 0 4.79981 0.01
r 36 0.01 0 4.54221 0.01
r 38 0.01 0 4.32345 0.01
r 40 0.01 0 4.10071 0.01
r 42 0.01 0 3.80247 0.01
r 44 0.01 0 3.45748 0.01
r 46 0.01 0 2.97958 0.01
r 48 0.01 0 1.88163 0.01
r 50 0.01 0 1.32717 0.01
r 52 0.01 0 1.88162 0.01
r 54 0.01 0 2.97957 0.01
r 56 0.01 0 3.66826 0.01
r 58 0.01 0 3.92763 0.01
r 60 0.01 0 4.18405 0.01
r 62 0.01 0 4.48021 0.01
r 64 0.01 0 4.86261 0.01
r 66 0.01 0 5.21127 0.01
r 68 0.01 0 5.43728 0.01
r 70 0.01 0 5.67997 0.01
r 72 0.01 0 5.95833 0.01
r 74 0.01 0 6.2575 0.01
r 76 0.01 0 6.52618 0.01
r 78 0.01 0 6.8685 0.01
r 80 0.01 0 7.12978 0.01
r 20 0.01 7 7.27587 0.01
r 22 0.01 7 7.01978 0.01
r 24 0.01 7 6.77128 0.01
r 26 0.01 7 6.58572 0.01
r 28 0.01 7 6.43121 0.01
r 30 0.01 7 6.16061 0.01
r 32 0.01 7 5.84053 0.01
r 34 0.01 7 5.5783 0.01
r 36 0.01 7 5.30751 0.01
r 38 0.01 7 5.09296 0.01
r 40 0.01 7 4.87455 0.01
r 42 0.01 7 4.63361 0.01
r 44 0.01 7 4.30659 0.01
r 46 0.01 7 3.96514 0.01
r 48 0.01 7 3.73631 0.01
r 50 0.01 7 3.5107 0.01
r 52 0.01 7 3.73293 0.01
r 54 0.01 7 4.15391 0.01
r 56 0.01 7 4.44032 0.01
r 58 0.01 7 4.67102 0.01
r 60 0.01 7 4.94402 0.01
r 62 0.01 7 5.27971 0.01
r 64 0.01 7 5.65727 0.01
r 66 0.01 7 5.9566 0.01
r 68 0.01 7 6.17352 0.01
r 70 0.01 7 6.43398 0.01
r 72 0.01 7 6.72688 0.01
r 74 0.01 7 7.01555 0.01
r 76 0.01 7 7.28634 0.01
r 78 0.01 7 7.64204 0.01
r 80 0.01 7 7.85017 0.01
r 20 0.01 8 9.90894 0.01
r 22 0.01 8 9.47451 0.01
r 24 0.01 8 9.0911 0.01
r 26 0.01 8 8.74215 0.01
r 28 0.01 8 8.30644 0.01
r 30 0.01 8 7.81067 0.01
r 32 0.01 8 7.34593 0.01
r 34 0.01 8 6.88332 0.01
r 36 0.01 8 6.46863 0.01
r 38 0.01 8 6.48934 0.01
r 40 0.01 8 5.67775 0.01
r 42 0.01 8 5.12143 0.01
r 44 0.01 8 4.64173 0.01
r 46 0.01 8 4.29676 0.01
r 48 0.01 8 3.85137 0.01
r 50 0.01 8 3.52209 0.01
r 52 0.01 8 3.85045 0.01
r 54 0.01 8 4.42556 0.01
r 56 0.01 8 5.01525 0.01
r 58 0.01 8 5.50551 0.01
r 60 0.01 8 6.36009 0.01
r 62 0.01 8 6.53046 0.01
r 64 0.01 8 6.99493 0.01
r 66 0.01 8 7.49255 0.01
r 68 0.01 8 7.88393 0.01
r 70 0.01 8 8.25952 0.01
r 72 0.01 8 8.66681 0.01
r 74 0.01 8 9.15594 0.01
r 76 0.01 8 9.59033 0.01
r 78 0.01 8 10.0411 0.01
r 80 0.01 8 10.5077 0.01
s 60 2 93
r 20 0.01 0 7.80246 0.01
r 22 0.01 0 7.55857 0.01
r 24 0.01 0 7.32509 0.01
r 26 0.01 0 7.15284 0.01
r 28 0.01 0 6.98682 0.01
r 30 0.01 0 6.7027 0.01
r 32 0.01 0 6.42643 0.01
r 34 0.01 0 6.17206 0.01
r 36 0.01 0 5.92873 0.01
r 38 0.01 0 5.72357 0.01
r 40 0.01 0 5.51354 0.01
r 42 0.01 0 5.23633 0.01
r 44 0.01 0 4.91017 0.01
r 46 0.01 0 4.63432 0.01
r 48 0.01 0 4.41535 0.01
r 50 0.01 0 4.19326 0.01
r 52 0.01 0 3.93739 0.01
r 54 0.01 0 3.65242 0.01
r 56 0.01 0 2.98008 0.01
r 58 0.01 0 1.88195 0.01
r 60 0.01 0 1.3274 0.01
r 62 0.01 0 1.88196 0.01
r 64 0.01 0 2.9801 0.01
r 66 0.01 0 3.75778 0.01
r 68 0.01 0 4.08971 0.01
r 70 0.01 0 4.33935 0.01
r 72 0.01 0 4.62533 0.01
r 74 0.01 0 4.94385 0.01
r 76 0.01 0 5.21967 0.01
r 78 0.01 0 5.58313 0.01
r 80 0.01 0 5.86254 0.01
r 20 0.01 7 8.53647 0.01
r 22 0.01 7 8.29039 0.01
r 24 0.01 7 8.05375 0.01
r 26 0.01 7 7.87741 0.01
r 28 0.01 7 7.73182 0.01
r 30 0.01 7 7.48034 0.01
r 32 0.01 7 7.16766 0.01
r 34 0.01 7 6.91538 0.01
r 36 0.01 7 6.66631 0.01
r 38 0.01 7 6.46653 0.01
r 40 0.01 7 6.25887 0.01
r 42 0.01 7 6.03331 0.01
r 44 0.01 7 5.70826 0.01
r 46 0.01 7 5.39307 0.01
r 48 0.01 7 5.17179 0.01
r 50 0.01 7 4.9554 0.01
r 52 0.01 7 4.72971 0.01
r 54 0.01 7 4.44853 0.01
r 56 0.01 7 4.14793 0.01
r 58 0.01 7 3.70977 0.01
r 60 0.01 7 3.53639 0.01
r 62 0.01 7 3.76678 0.01
r 64 0.01 7 4.29021 0.01
r 66 0.01 7 4.60714 0.01
r 68 0.01 7 4.83015 0.01
r 70 0.01 7 5.1018 0.01
r 72 0.01 7 5.41029 0.01
r 74 0.01 7 5.70361 0.01
r 76 0.01 7 6.00615 0.01
r 78 0.01 7 6.41652 0.01
r 80 0.01 7 6.58806 0.01
r 20 0.01 8 12.2292 0.01
r 22 0.01 8 11.8369 0.01
r 24 0.01 8 11.4332 0.01
r 26 0.01 8 11.0927 0.01
r 28 0.01 8 10.6725 0.01
r 30 0.01 8 10.201 0.01
r 32 0.01 8 9.76979 0.01
r 34 0.01 8 9.33303 0.01
r 36 0.01 8 8.92959 0.01
r 38 0.01 8 8.54948 0.01
r 40 0.01 8 8.18305 0.01
r 42 0.01 8 7.76861 0.01
r 44 0.01 8 7.36411 0.01
r 46 0.01 8 7.00878 0.01
r 48 0.01 8 6.52316 0.01
r 50 0.01 8 6.38825 0.01
r 52 0.01 8 5.55576 0.01
r 54 0.01 8 5.03256 0.01
r 56 0.01 8 4.33575 0.01
r 58 0.01 8 3.87271 0.01
r 60 0.01 8 3.53856 0.01
r 62 0.01 8 3.8492 0.01
r 64 0.01 8 4.44245 0.01
r 66 0.01 8 4.92239 0.01
r 68 0.01 8 5.52375 0.01
r 70 0.01 8 5.98699 0.01
r 72 0.01 8 6.44979 0.01
r 74 0.01 8 6.87996 0.01
r 76 0.01 8 7.37202 0.01
r 78 0.01 8 7.85351 0.01
r 80 0.01 8 8.32225 0.01
s 70 2 93
r 20 0.01 0 9.1014 0.01
r 22 0.01 0 8.8654 0.01
r 24 0.01 0 8.64643 0.01
r 26 0.01 0 8.48389 0.01
r 28 0.01 0 8.33122 0.01
r 30 0.01 0 8.06283 0.01
r 32 0.01 0 7.79398 0.01
r 34 0.01 0 7.5511 0.01
r 36 0.01 0 7.32112 0.01
r 38 0.01 0 7.12902 0.01
r 40 0.01 0 6.92896 0.01
r 42 0.01 0 6.67445 0.01
r 44 0.01 0 6.36826 0.01
r 46 0.01 0 6.10594 0.01
r 48 0.01 0 5.899 0.01
r 50 0.01 0 5.68814 0.01
r 52 0.01 0 5.45015 0.01
r 54 0.01 0 5.1783 0.01
r 56 0.01 0 4.86907 0.01
r 58 0.01 0 4.57956 0.01
r 60 0.01 0 4.35463 0.01
r 62 0.01 0 4.18694 0.01
r 64 0.01 0 3.76424 0.01
r 66 0.01 0 2.98035 0.01
r 68 0.01 0 1.88212 0.01
r 70 0.01 0 1.32752 0.01
r 72 0.01 0 1.88211 0.01
r 74 0.01 0 2.98033 0.01
r 76 0.01 0 3.75701 0.01
r 78 0.01 0 4.29182 0.01
r 80 0.01 0 4.58451 0.01
r 20 0.01 7 9.90118 0.01
r 22 0.01 7 9.66512 0.01
r 24 0.01 7 9.43672 0.01
r 26 0.01 7 9.27055 0.01
r 28 0.01 7 9.14304 0.01
r 30 0.01 7 8.90858 0.01
r 32 0.01 7 8.6107 0.01
r 34 0.01 7 8.36104 0.01
r 36 0.01 7 8.12373 0.01
r 38 0.01 7 7.9387 0.01
r 40 0.01 7 7.73647 0.01
r 42 0.01 7 7.53442 0.01
r 44 0.01 7 7.22779 0.01
r 46 0.01 7 6.92828 0.01
r 48 0.01 7 6.71593 0.01
r 50 0.01 7 6.51727 0.01
r 52 0.01 7 6.29425 0.01
r 54 0.01 7 6.02958 0.01
r 56 0.01 7 5.75619 0.01
r 58 0.01 7 5.43234 0.01
r 60 0.01 7 5.17448 0.01
r 62 0.01 7 5.02579 0.01
r 64 0.01 7 4.8006 0.01
r 66 0.01 7 4.46221 0.01
r 68 0.01 7 4.01721 0.01
r 70 0.01 7 3.86637 0.01
r 72 0.01 7 4.04765 0.01
r 74 0.01 7 4.48699 0.01
r 76 0.01 7 4.79426 0.01
r 78 0.01 7 5.17788 0.01
r 80 0.01 7 5.41165 0.01
r 20 0.01 8 14.3722 0.01
r 22 0.01 8 14.0002 0.01
r 24 0.01 8 13.6025 0.01
r 26 0.01 8 13.2682 0.01
r 28 0.01 8 12.8526 0.01
r 30 0.01 8 12.3775 0.01
r 32 0.01 8 11.9452 0.01
r 34 0.01 8 11.5113 0.01
r 36 0.01 8 11.1346 0.01
r 38 0.01 8 10.7276 0.01
r 40 0.01 8 10.3749 0.01
r 42 0.01 8 9.95023 0.01
r 44 0.01 8 9.5508 0.01
r 46 0.01 8 9.20517 0.01
r 48 0.01 8 8.74738 0.01
r 50 0.01 8 8.28648 0.01
r 52 0.01 8 7.76577 0.01
r 54 0.01 8 7.25862 0.01
r 56 0.01 8 6.79495 0.01
r 58 0.01 8 6.63947 0.01
r 60 0.01 8 6.38319 0.01
r 62 0.01 8 5.3568 0.01
r 64 0.01 8 4.87837 0.01
r 66 0.01 8 4.67156 0.01
r 68 0.01 8 4.18045 0.01
r 70 0.01 8 3.86744 0.01
r 72 0.01 8 4.17049 0.01
r 74 0.01 8 4.6225 0.01
r 76 0.01 8 5.04515 0.01
r 78 0.01 8 5.45492 0.01
r 80 0.01 8 5.94549 0.01
