5
s 30 2 93
r 20 0.01 0 3.72089 0.01
r 22 0.01 0 3.44853 0.01
r 24 0.01 0 3.1988 0.01
r 26 0.01 0 2.97845 0.01
r 28 0.01 0 1.88091 0.01
r 30 0.01 0 1.32667 0.01
r 32 0.01 0 1.88091 0.01
r 34 0.01 0 2.97845 0.01
r 36 0.01 0 3.29032 0.01
r 38 0.01 0 3.59316 0.01
r 40 0.01 0 3.9289 0.01
r 42 0.01 0 4.26075 0.01
r 44 0.01 0 4.54397 0.01
r 46 0.01 0 4.75858 0.01
r 48 0.01 0 5.02966 0.01
r 50 0.01 0 5.35338 0.01
r 52 0.01 0 5.67359 0.01
r 54 0.01 0 5.97506 0.01
r 56 0.01 0 6.24076 0.01
r 58 0.01 0 6.47875 0.01
r 60 0.01 0 6.71844 0.01
r 62 0.01 0 6.99355 0.01
r 64 0.01 0 7.3308 0.01
r 66 0.01 0 7.6376 0.01
r 68 0.01 0 7.85004 0.01
r 70 0.01 0 8.07979 0.01
r 72 0.01 0 8.33357 0.01
r 74 0.01 0 8.604 0.01
r 76 0.01 0 8.8529 0.01
r 78 0.01 0 9.15244 0.01
r 80 0.01 0 9.38691 0.01
r 20 0.01 7 4.34057 0.01
r 22 0.01 7 4.06238 0.01
r 24 0.01 7 3.8009 0.01
r 26 0.01 7 3.60743 0.01
r 28 0.01 7 3.44932 0.01
r 30 0.01 7 3.17221 0.01
r 32 0.01 7 3.38628 0.01
r 34 0.01 7 3.65412 0.01
r 36 0.01 7 3.92882 0.01
r 38 0.01 7 4.26001 0.01
r 40 0.01 7 4.5944 0.01
r 42 0.01 7 4.9258 0.01
r 44 0.01 7 5.16664 0.01
r 46 0.01 7 5.37795 0.01
r 48 0.01 7 5.68397 0.01
r 50 0.01 7 6.00751 0.01
r 52 0.01 7 6.32765 0.01
r 54 0.01 7 6.60303 0.01
r 56 0.01 7 6.86552 0.01
r 58 0.01 7 7.08331 0.01
r 60 0.01 7 7.33425 0.01
r 62 0.01 7 7.63885 0.01
r 64 0.01 7 7.95328 0.01
r 66 0.01 7 8.246 0.01
r 68 0.01 7 8.44901 0.01
r 70 0.01 7 8.68846 0.01
r 72 0.01 7 8.9565 0.01
r 74 0.01 7 9.21557 0.01
r 76 0.01 7 9.48166 0.01
r 78 0.01 7 9.77289 0.01
r 80 0.01 7 9.97159 0.01
r 20 0.01 8 5.16353 0.01
r 22 0.01 8 5.22314 0.01
r 24 0.01 8 4.76119 0.01
r 26 0.01 8 3.93784 0.01
r 28 0.01 8 3.55057 0.01
r 30 0.01 8 3.1794 0.01
r 32 0.01 8 3.52383 0.01
r 34 0.01 8 3.84767 0.01
r 36 0.01 8 4.26834 0.01
r 38 0.01 8 4.74978 0.01
r 40 0.01 8 5.26973 0.01
r 42 0.01 8 5.79013 0.01
r 44 0.01 8 6.30673 0.01
r 46 0.01 8 6.74 0.01
r 48 0.01 8 7.17827 0.01
r 50 0.01 8 7.68182 0.01
r 52 0.01 8 8.18403 0.01
r 54 0.01 8 8.67538 0.01
r 56 0.01 8 9.13661 0.01
r 58 0.01 8 9.59263 0.01
r 60 0.01 8 10.0201 0.01
r 62 0.01 8 10.4646 0.01
r 64 0.01 8 10.9451 0.01
r 66 0.01 8 11.4154 0.01
r 68 0.01 8 11.8547 0.01
r 70 0.01 8 12.2711 0.01
r 72 0.01 8 12.6944 0.01
r 74 0.01 8 13.1247 0.01
r 76 0.01 8 13.5463 0.01
r 78 0.01 8 13.9706 0.01
r 80 0.01 8 14.3851 0.01
s 40 2 93
r 20 0.01 0 5.12411 0.01
r 22 0.01 0 4.8585 0.01
r 24 0.01 0 4.60863 0.01
r 26 0.01 0 4.42842 0.01
r 28 0.01 0 4.23947 0.01
r 30 0.01 0 3.92878 0.01
r 32 0.01 0 3.6277 0.01
r 34 0.01 0 3.35352 0.01
r 36 0.01 0 2.97845 0.01
r 38 0.01 0 1.88091 0.01
r 40 0.01 0 1.32667 0.01
r 42 0.01 0 1.88091 0.01
r 44 0.01 0 2.97845 0.01
r 46 0.01 0 3.49175 0.01
r 48 0.01 0 3.76323 0.01
r 50 0.01 0 4.09303 0.01
r 52 0.01 0 4.42016 0.01
r 54 0.01 0 4.73216 0.01
r 56 0.01 0 5.00667 0.01
r 58 0.01 0 5.25366 0.01
r 60 0.01 0 5.50123 0.01
r 62 0.01 0 5.78495 0.01
r 64 0.01 0 6.13748 0.01
r 66 0.01 0 6.46319 0.01
r 68 0.01 0 6.6856 0.01
r 70 0.01 0 6.92578 0.01
r 72 0.01 0 7.19274 0.01
r 74 0.01 0 7.48015 0.01
r 76 0.01 0 7.73868 0.01
r 78 0.01 0 8.05814 0.01
r 80 0.01 0 8.30939 0.01
r 20 0.01 7 5.80169 0.01
r 22 0.01 7 5.53827 0.01
r 24 0.01 7 5.28221 0.01
r 26 0.01 7 5.08961 0.01
r 28 0.01 7 4.92764 0.01
r 30 0.01 7 4.65112 0.01
r 32 0.01 7 4.31583 0.01
r 34 0.01 7 4.04268 0.01
r 36 0.01 7 3.779 0.01
r 38 0.01 7 3.56771 0.01
r 40 0.01 7 3.35657 0.01
r 42 0.01 7 3.58317 0.01
r 44 0.01 7 3.91661 0.01
r 46 0.01 7 4.12982 0.01
r 48 0.01 7 4.45089 0.01
r 50 0.01 7 4.78029 0.01
r 52 0.01 7 5.11261 0.01
r 54 0.01 7 5.3948 0.01
r 56 0.01 7 5.66889 0.01
r 58 0.01 7 5.89293 0.01
r 60 0.01 7 6.15461 0.01
r 62 0.01 7 6.48963 0.01
r 64 0.01 7 6.81781 0.01
r 66 0.01 7 7.10702 0.01
r 68 0.01 7 7.32298 0.01
r 70 0.01 7 7.57957 0.01
r 72 0.01 7 7.84502 0.01
r 74 0.01 7 8.12985 0.01
r 76 0.01 7 8.40962 0.01
r 78 0.01 7 8.71383 0.01
r 80 0.01 7 8.9313 0.01
r 20 0.01 8 7.59265 0.01
r 22 0.01 8 7.1322 0.01
r 24 0.01 8 6.70139 0.01
r 26 0.01 8 6.82153 0.01
r 28 0.01 8 5.84048 0.01
r 30 0.01 8 5.32635 0.01
r 32 0.01 8 4.85234 0.01
r 34 0.01 8 4.38458 0.01
r 36 0.01 8 4.04639 0.01
r 38 0.01 8 3.69834 0.01
r 40 0.01 8 3.35824 0.01
r 42 0.01 8 3.70153 0.01
r 44 0.01 8 4.17552 0.01
r 46 0.01 8 4.58012 0.01
r 48 0.01 8 5.37833 0.01
r 50 0.01 8 5.85398 0.01
r 52 0.01 8 6.45711 0.01
r 54 0.01 8 6.51576 0.01
r 56 0.01 8 6.99183 0.01
r 58 0.01 8 7.46577 0.01
r 60 0.01 8 7.90052 0.01
r 62 0.01 8 8.3653 0.01
r 64 0.01 8 8.87449 0.01
r 66 0.01 8 9.35038 0.01
r 68 0.01 8 9.8364 0.01
r 70 0.01 8 10.2617 0.01
r 72 0.01 8 10.7097 0.01
r 74 0.01 8 11.1626 0.01
r 76 0.01 8 11.6125 0.01
r 78 0.01 8 12.058 0.01
r 80 0.01 8 12.4902 0.01
s 50 2 93
r 20 0.01 0 6.50459 0.01
r 22 0.01 0 6.24932 0.01
r 24 0.01 0 6.00761 0.01
r 26 0.01 0 5.83171 0.01
r 28 0.01 0 5.6523 0.01
r 30 0.01 0 5.35321 0.01
r 32 0.01 0 5.05898 0.01
r 34 0.01 0 4.78956 0.01
r 36 0.01 0 4.54031 0.01
r 38 0.01 0 4.33004 0.01
r 40 0.01 0 4.11455 0.01
r 42 0.01 0 3.82949 0.01
r 44 0.01 0 3.49927 0.01
r 46 0.01 0 2.97845 0.01
r 48 0.01 0 1.88091 0.01
r 50 0.01 0 1.32667 0.01
r 52 0.01 0 1.88091 0.01
r 54 0.01 0 2.97845 0.01
r 56 0.01 0 3.69693 0.01
r 58 0.01 0 3.94908 0.01
r 60 0.01 0 4.19797 0.01
r 62 0.01 0 4.48675 0.01
r 64 0.01 0 4.8547 0.01
r 66 0.01 0 5.19704 0.01
r 68 0.01 0 5.42568 0.01
r 70 0.01 0 5.67091 0.01
r 72 0.01 0 5.94856 0.01
r 74 0.01 0 6.25084 0.01
r 76 0.01 0 6.52174 0.01
r 78 0.01 0 6.85817 0.01
r 80 0.01 0 7.12891 0.01
r 20 0.01 7 7.22188 0.01
r 22 0.01 7 6.96822 0.01
r 24 0.01 7 6.73481 0.01
r 26 0.01 7 6.53583 0.01
r 28 0.01 7 6.37922 0.01
r 30 0.01 7 6.10511 0.01
r 32 0.01 7 5.78699 0.01
r 34 0.01 7 5.52199 0.01
r 36 0.01 7 5.26244 0.01
r 38 0.01 7 5.05458 0.01
r 40 0.01 7 4.84011 0.01
r 42 0.01 7 4.60097 0.01
r 44 0.01 7 4.27179 0.01
r 46 0.01 7 3.95299 0.01
r 48 0.01 7 3.73851 0.01
r 50 0.01 7 3.52093 0.01
r 52 0.01 7 3.73666 0.01
r 54 0.01 7 4.13775 0.01
r 56 0.01 7 4.41392 0.01
r 58 0.01 7 4.63945 0.01
r 60 0.01 7 4.90629 0.01
r 62 0.01 7 5.21762 0.01
r 64 0.01 7 5.57756 0.01
r 66 0.01 7 5.8954 0.01
r 68 0.01 7 6.11766 0.01
r 70 0.01 7 6.38455 0.01
r 72 0.01 7 6.66519 0.01
r 74 0.01 7 6.95987 0.01
r 76 0.01 7 7.24572 0.01
r 78 0.01 7 7.56704 0.01
r 80 0.01 7 7.80426 0.01
r 20 0.01 8 9.97714 0.01
r 22 0.01 8 9.53769 0.01
r 24 0.01 8 9.11066 0.01
r 26 0.01 8 8.76403 0.01
r 28 0.01 8 8.28953 0.01
r 30 0.01 8 7.79345 0.01
r 32 0.01 8 7.33036 0.01
r 34 0.01 8 6.85595 0.01
r 36 0.01 8 6.43978 0.01
r 38 0.01 8 6.51847 0.01
r 40 0.01 8 5.56933 0.01
r 42 0.01 8 5.03734 0.01
r 44 0.01 8 4.54522 0.01
r 46 0.01 8 4.1889 0.01
r 48 0.01 8 3.67752 0.01
r 50 0.01 8 3.52874 0.01
r 52 0.01 8 3.85708 0.01
r 54 0.01 8 4.32166 0.01
r 56 0.01 8 4.7635 0.01
r 58 0.01 8 5.24383 0.01
r 60 0.01 8 7.08132 0.01
r 62 0.01 8 6.61879 0.01
r 64 0.01 8 6.63907 0.01
r 66 0.01 8 7.13211 0.01
r 68 0.01 8 7.65147 0.01
r 70 0.01 8 8.08804 0.01
r 72 0.01 8 8.55265 0.01
r 74 0.01 8 9.03268 0.01
r 76 0.01 8 9.50646 0.01
r 78 0.01 8 9.94952 0.01
r 80 0.01 8 10.4159 0.01
s 60 2 93
r 20 0.01 0 7.79729 0.01
r 22 0.01 0 7.55708 0.01
r 24 0.01 0 7.32831 0.01
r 26 0.01 0 7.15853 0.01
r 28 0.01 0 6.99313 0.01
r 30 0.01 0 6.70647 0.01
r 32 0.01 0 6.42537 0.01
r 34 0.01 0 6.16692 0.01
r 36 0.01 0 5.92398 0.01
r 38 0.01 0 5.71881 0.01
r 40 0.01 0 5.50941 0.01
r 42 0.01 0 5.23496 0.01
r 44 0.01 0 4.91109 0.01
r 46 0.01 0 4.63955 0.01
r 48 0.01 0 4.4252 0.01
r 50 0.01 0 4.20557 0.01
r 52 0.01 0 3.95327 0.01
r 54 0.01 0 3.67604 0.01
r 56 0.01 0 2.97845 0.01
r 58 0.01 0 1.88091 0.01
r 60 0.01 0 1.32667 0.01
r 62 0.01 0 1.88091 0.01
r 64 0.01 0 2.97845 0.01
r 66 0.01 0 3.8605 0.01
r 68 0.01 0 4.09126 0.01
r 70 0.01 0 4.33645 0.01
r 72 0.01 0 4.61803 0.01
r 74 0.01 0 4.92978 0.01
r 76 0.01 0 5.20821 0.01
r 78 0.01 0 5.56075 0.01
r 80 0.01 0 5.84572 0.01
r 20 0.01 7 8.48604 0.01
r 22 0.01 7 8.24866 0.01
r 24 0.01 7 8.01078 0.01
r 26 0.01 7 7.83323 0.01
r 28 0.01 7 7.68392 0.01
r 30 0.01 7 7.43079 0.01
r 32 0.01 7 7.12047 0.01
r 34 0.01 7 6.86514 0.01
r 36 0.01 7 6.61614 0.01
r 38 0.01 7 6.41328 0.01
r 40 0.01 7 6.20466 0.01
r 42 0.01 7 5.9727 0.01
r 44 0.01 7 5.65082 0.01
r 46 0.01 7 5.33965 0.01
r 48 0.01 7 5.12656 0.01
r 50 0.01 7 4.91172 0.01
r 52 0.01 7 4.68447 0.01
r 54 0.01 7 4.4089 0.01
r 56 0.01 7 4.12035 0.01
r 58 0.01 7 3.70415 0.01
r 60 0.01 7 3.52793 0.01
r 62 0.01 7 3.75557 0.01
r 64 0.01 7 4.2454 0.01
r 66 0.01 7 4.55185 0.01
r 68 0.01 7 4.77592 0.01
r 70 0.01 7 5.0399 0.01
r 72 0.01 7 5.33049 0.01
r 74 0.01 7 5.64312 0.01
r 76 0.01 7 5.92578 0.01
r 78 0.01 7 6.26532 0.01
r 80 0.01 7 6.51565 0.01
r 20 0.01 8 12.2034 0.01
r 22 0.01 8 11.8002 0.01
r 24 0.01 8 11.3967 0.01
r 26 0.01 8 11.0325 0.01
r 28 0.01 8 10.603 0.01
r 30 0.01 8 10.1308 0.01
r 32 0.01 8 9.70329 0.01
r 34 0.01 8 9.24232 0.01
r 36 0.01 8 8.81344 0.01
r 38 0.01 8 8.38876 0.01
r 40 0.01 8 7.95746 0.01
r 42 0.01 8 7.45928 0.01
r 44 0.01 8 6.96574 0.01
r 46 0.01 8 9.16834 0.01
r 48 0.01 8 8.51808 0.01
r 50 0.01 8 5.65377 0.01
r 52 0.01 8 5.16472 0.01
r 54 0.01 8 4.67923 0.01
r 56 0.01 8 4.1986 0.01
r 58 0.01 8 3.86258 0.01
r 60 0.01 8 3.52931 0.01
r 62 0.01 8 3.77255 0.01
r 64 0.01 8 4.38201 0.01
r 66 0.01 8 4.84687 0.01
r 68 0.01 8 5.47556 0.01
r 70 0.01 8 5.93776 0.01
r 72 0.01 8 6.53058 0.01
r 74 0.01 8 7.0415 0.01
r 76 0.01 8 7.58838 0.01
r 78 0.01 8 8.02129 0.01
r 80 0.01 8 8.17943 0.01
s 70 2 93
r 20 0.01 0 9.0842 0.01
r 22 0.01 0 8.86165 0.01
r 24 0.01 0 8.64423 0.01
r 26 0.01 0 8.49018 0.01
r 28 0.01 0 8.33741 0.01
r 30 0.01 0 8.07038 0.01
r 32 0.01 0 7.80269 0.01
r 34 0.01 0 7.56166 0.01
r 36 0.01 0 7.32785 0.01
r 38 0.01 0 7.13403 0.01
r 40 0.01 0 6.93291 0.01
r 42 0.01 0 6.67669 0.01
r 44 0.01 0 6.36586 0.01
r 46 0.01 0 6.10244 0.01
r 48 0.01 0 5.89414 0.01
r 50 0.01 0 5.67881 0.01
r 52 0.01 0 5.43481 0.01
r 54 0.01 0 5.16356 0.01
r 56 0.01 0 4.85548 0.01
r 58 0.01 0 4.57345 0.01
r 60 0.01 0 4.35031 0.01
r 62 0.01 0 4.17458 0.01
r 64 0.01 0 3.93005 0.01
r 66 0.01 0 2.97845 0.01
r 68 0.01 0 1.88091 0.01
r 70 0.01 0 1.32667 0.01
r 72 0.01 0 1.88091 0.01
r 74 0.01 0 2.97845 0.01
r 76 0.01 0 3.93005 0.01
r 78 0.01 0 4.27852 0.01
r 80 0.01 0 4.57416 0.01
r 20 0.01 7 9.85083 0.01
r 22 0.01 7 9.63053 0.01
r 24 0.01 7 9.40717 0.01
r 26 0.01 7 9.24904 0.01
r 28 0.01 7 9.10939 0.01
r 30 0.01 7 8.88211 0.01
r 32 0.01 7 8.58173 0.01
r 34 0.01 7 8.34203 0.01
r 36 0.01 7 8.10162 0.01
r 38 0.01 7 7.90939 0.01
r 40 0.01 7 7.70872 0.01
r 42 0.01 7 7.49477 0.01
r 44 0.01 7 7.1988 0.01
r 46 0.01 7 6.88848 0.01
r 48 0.01 7 6.68104 0.01
r 50 0.01 7 6.47224 0.01
r 52 0.01 7 6.24486 0.01
r 54 0.01 7 5.97693 0.01
r 56 0.01 7 5.6991 0.01
r 58 0.01 7 5.3831 0.01
r 60 0.01 7 5.13756 0.01
r 62 0.01 7 4.98291 0.01
r 64 0.01 7 4.74217 0.01
r 66 0.01 7 4.41429 0.01
r 68 0.01 7 3.99533 0.01
r 70 0.01 7 3.84741 0.01
r 72 0.01 7 4.02757 0.01
r 74 0.01 7 4.44975 0.01
r 76 0.01 7 4.74319 0.01
r 78 0.01 7 5.1049 0.01
r 80 0.01 7 5.36851 0.01
r 20 0.01 8 14.4247 0.01
r 22 0.01 8 14.0385 0.01
r 24 0.01 8 13.6688 0.01
r 26 0.01 8 13.3263 0.01
r 28 0.01 8 12.9328 0.01
r 30 0.01 8 12.4877 0.01
r 32 0.01 8 12.0665 0.01
r 34 0.01 8 11.6497 0.01
r 36 0.01 8 11.2555 0.01
r 38 0.01 8 10.838 0.01
r 40 0.01 8 10.4251 0.01
r 42 0.01 8 9.95527 0.01
r 44 0.01 8 9.4754 0.01
r 46 0.01 8 9.05118 0.01
r 48 0.01 8 8.622 0.01
r 50 0.01 8 8.18898 0.01
r 52 0.01 8 7.72223 0.01
r 54 0.01 8 7.25486 0.01
r 56 0.01 8 7.07701 0.01
r 58 0.01 8 6.66364 0.01
r 60 0.01 8 6.35474 0.01
r 62 0.01 8 5.39345 0.01
r 64 0.01 8 4.92251 0.01
r 66 0.01 8 4.48907 0.01
r 68 0.01 8 4.00415 0.01
r 70 0.01 8 3.84823 0.01
r 72 0.01 8 4.13948 0.01
r 74 0.01 8 4.58863 0.01
r 76 0.01 8 5.03711 0.01
r 78 0.01 8 5.47011 0.01
r 80 0.01 8 5.95932 0.01
