5
s 30 2 93
r 20 0.01 0 3.76376 0.01
r 22 0.01 0 3.48475 0.01
r 24 0.01 0 3.22809 0.01
r 26 0.01 0 2.97845 0.01
r 28 0.01 0 1.88091 0.01
r 30 0.01 0 1.32667 0.01
r 32 0.01 0 1.88091 0.01
r 34 0.01 0 2.97845 0.01
r 36 0.01 0 3.32547 0.01
r 38 0.01 0 3.642 0.01
r 40 0.01 0 3.98983 0.01
r 42 0.01 0 4.32757 0.01
r 44 0.01 0 4.61949 0.01
r 46 0.01 0 4.84134 0.01
r 48 0.01 0 5.11652 0.01
r 50 0.01 0 5.43391 0.01
r 52 0.01 0 5.74476 0.01
r 54 0.01 0 6.03988 0.01
r 56 0.01 0 6.30222 0.01
r 58 0.01 0 6.53637 0.01
r 60 0.01 0 6.77443 0.01
r 62 0.01 0 7.04626 0.01
r 64 0.01 0 7.3727 0.01
r 66 0.01 0 7.67194 0.01
r 68 0.01 0 7.88328 0.01
r 70 0.01 0 8.11822 0.01
r 72 0.01 0 8.36948 0.01
r 74 0.01 0 8.63966 0.01
r 76 0.01 0 8.88831 0.01
r 78 0.01 0 9.18627 0.01
r 80 0.01 0 9.42743 0.01
r 20 0.01 7 4.09302 0.01
r 22 0.01 7 3.80881 0.01
r 24 0.01 7 3.54456 0.01
r 26 0.01 7 3.33816 0.01
r 28 0.01 7 3.16747 0.01
r 30 0.01 7 2.88099 0.01
r 32 0.01 7 3.10568 0.01
r 34 0.01 7 3.39261 0.01
r 36 0.01 7 3.68115 0.01
r 38 0.01 7 4.0236 0.01
r 40 0.01 7 4.35169 0.01
r 42 0.01 7 4.69901 0.01
r 44 0.01 7 4.94589 0.01
r 46 0.01 7 5.16374 0.01
r 48 0.01 7 5.47207 0.01
r 50 0.01 7 5.79313 0.01
r 52 0.01 7 6.10825 0.01
r 54 0.01 7 6.37825 0.01
r 56 0.01 7 6.63723 0.01
r 58 0.01 7 6.85022 0.01
r 60 0.01 7 7.09549 0.01
r 62 0.01 7 7.3876 0.01
r 64 0.01 7 7.69425 0.01
r 66 0.01 7 7.98096 0.01
r 68 0.01 7 8.18974 0.01
r 70 0.01 7 8.4371 0.01
r 72 0.01 7 8.69336 0.01
r 74 0.01 7 8.95184 0.01
r 76 0.01 7 9.22185 0.01
r 78 0.01 7 9.49532 0.01
r 80 0.01 7 9.72272 0.01
r 20 0.01 8 4.69144 0.01
r 22 0.01 8 4.75807 0.01
r 24 0.01 8 4.25878 0.01
r 26 0.01 8 3.56295 0.01
r 28 0.01 8 3.25271 0.01
r 30 0.01 8 2.88767 0.01
r 32 0.01 8 3.18272 0.01
r 34 0.01 8 3.47472 0.01
r 36 0.01 8 3.91284 0.01
r 38 0.01 8 4.35317 0.01
r 40 0.01 8 4.84688 0.01
r 42 0.01 8 5.33392 0.01
r 44 0.01 8 5.80158 0.01
r 46 0.01 8 6.20234 0.01
r 48 0.01 8 6.59504 0.01
r 50 0.01 8 7.05063 0.01
r 52 0.01 8 7.49683 0.01
r 54 0.01 8 7.93668 0.01
r 56 0.01 8 8.34745 0.01
r 58 0.01 8 8.75385 0.01
r 60 0.01 8 9.13078 0.01
r 62 0.01 8 9.53302 0.01
r 64 0.01 8 9.97284 0.01
r 66 0.01 8 10.4174 0.01
r 68 0.01 8 10.7871 0.01
r 70 0.01 8 11.1584 0.01
r 72 0.01 8 11.5469 0.01
r 74 0.01 8 11.9496 0.01
r 76 0.01 8 12.3315 0.01
r 78 0.01 8 12.7377 0.01
r 80 0.01 8 13.1344 0.01
s 40 2 93
r 20 0.01 0 5.21968 0.01
r 22 0.01 0 4.94797 0.01
r 24 0.01 0 4.69371 0.01
r 26 0.01 0 4.50501 0.01
r 28 0.01 0 4.30806 0.01
r 30 0.01 0 3.99018 0.01
r 32 0.01 0 3.67773 0.01
r 34 0.01 0 3.38853 0.01
r 36 0.01 0 2.97845 0.01
r 38 0.01 0 1.88091 0.01
r 40 0.01 0 1.32667 0.01
r 42 0.01 0 1.88091 0.01
r 44 0.01 0 2.97845 0.01
r 46 0.01 0 3.52202 0.01
r 48 0.01 0 3.80267 0.01
r 50 0.01 0 4.13903 0.01
r 52 0.01 0 4.468 0.01
r 54 0.01 0 4.78217 0.01
r 56 0.01 0 5.0589 0.01
r 58 0.01 0 5.30666 0.01
r 60 0.01 0 5.55768 0.01
r 62 0.01 0 5.83865 0.01
r 64 0.01 0 6.18181 0.01
r 66 0.01 0 6.49808 0.01
r 68 0.01 0 6.71747 0.01
r 70 0.01 0 6.95755 0.01
r 72 0.01 0 7.22398 0.01
r 74 0.01 0 7.50578 0.01
r 76 0.01 0 7.76463 0.01
r 78 0.01 0 8.08308 0.01
r 80 0.01 0 8.33602 0.01
r 20 0.01 7 5.58159 0.01
r 22 0.01 7 5.31275 0.01
r 24 0.01 7 5.04887 0.01
r 26 0.01 7 4.8485 0.01
r 28 0.01 7 4.6784 0.01
r 30 0.01 7 4.39313 0.01
r 32 0.01 7 4.06587 0.01
r 34 0.01 7 3.77252 0.01
r 36 0.01 7 3.49132 0.01
r 38 0.01 7 3.26219 0.01
r 40 0.01 7 3.03998 0.01
r 42 0.01 7 3.25583 0.01
r 44 0.01 7 3.62186 0.01
r 46 0.01 7 3.84689 0.01
r 48 0.01 7 4.17544 0.01
r 50 0.01 7 4.50808 0.01
r 52 0.01 7 4.80917 0.01
r 54 0.01 7 5.12431 0.01
r 56 0.01 7 5.39758 0.01
r 58 0.01 7 5.6273 0.01
r 60 0.01 7 5.88569 0.01
r 62 0.01 7 6.17991 0.01
r 64 0.01 7 6.54049 0.01
r 66 0.01 7 6.82268 0.01
r 68 0.01 7 7.03824 0.01
r 70 0.01 7 7.28659 0.01
r 72 0.01 7 7.55915 0.01
r 74 0.01 7 7.8377 0.01
r 76 0.01 7 8.09581 0.01
r 78 0.01 7 8.41923 0.01
r 80 0.01 7 8.64101 0.01
r 20 0.01 8 6.92558 0.01
r 22 0.01 8 6.5049 0.01
r 24 0.01 8 6.10765 0.01
r 26 0.01 8 5.76551 0.01
r 28 0.01 8 5.34746 0.01
r 30 0.01 8 4.87531 0.01
r 32 0.01 8 4.42935 0.01
r 34 0.01 8 3.98355 0.01
r 36 0.01 8 3.6901 0.01
r 38 0.01 8 3.35943 0.01
r 40 0.01 8 3.04154 0.01
r 42 0.01 8 3.32118 0.01
r 44 0.01 8 3.85636 0.01
r 46 0.01 8 4.43116 0.01
r 48 0.01 8 4.94198 0.01
r 50 0.01 8 5.43507 0.01
r 52 0.01 8 5.48932 0.01
r 54 0.01 8 5.95545 0.01
r 56 0.01 8 6.3833 0.01
r 58 0.01 8 6.80613 0.01
r 60 0.01 8 7.19832 0.01
r 62 0.01 8 7.62122 0.01
r 64 0.01 8 8.08263 0.01
r 66 0.01 8 8.55095 0.01
r 68 0.01 8 8.93425 0.01
r 70 0.01 8 9.3099 0.01
r 72 0.01 8 9.71146 0.01
r 74 0.01 8 10.1381 0.01
r 76 0.01 8 10.5325 0.01
r 78 0.01 8 10.9541 0.01
r 80 0.01 8 11.3716 0.01
s 50 2 93
r 20 0.01 0 6.59034 0.01
r 22 0.01 0 6.33293 0.01
r 24 0.01 0 6.09076 0.01
r 26 0.01 0 5.91128 0.01
r 28 0.01 0 5.72964 0.01
r 30 0.01 0 5.43389 0.01
r 32 0.01 0 5.13928 0.01
r 34 0.01 0 4.86647 0.01
r 36 0.01 0 4.60715 0.01
r 38 0.01 0 4.38573 0.01
r 40 0.01 0 4.15912 0.01
r 42 0.01 0 3.86315 0.01
r 44 0.01 0 3.52295 0.01
r 46 0.01 0 2.97845 0.01
r 48 0.01 0 1.88091 0.01
r 50 0.01 0 1.32667 0.01
r 52 0.01 0 1.88091 0.01
r 54 0.01 0 2.97845 0.01
r 56 0.01 0 3.71515 0.01
r 58 0.01 0 3.97743 0.01
r 60 0.01 0 4.23445 0.01
r 62 0.01 0 4.52897 0.01
r 64 0.01 0 4.89616 0.01
r 66 0.01 0 5.23367 0.01
r 68 0.01 0 5.46573 0.01
r 70 0.01 0 5.7139 0.01
r 72 0.01 0 5.9913 0.01
r 74 0.01 0 6.28823 0.01
r 76 0.01 0 6.56029 0.01
r 78 0.01 0 6.88944 0.01
r 80 0.01 0 7.15834 0.01
r 20 0.01 7 6.96518 0.01
r 22 0.01 7 6.70822 0.01
r 24 0.01 7 6.46406 0.01
r 26 0.01 7 6.26994 0.01
r 28 0.01 7 6.11243 0.01
r 30 0.01 7 5.84821 0.01
r 32 0.01 7 5.52585 0.01
r 34 0.01 7 5.25711 0.01
r 36 0.01 7 4.98509 0.01
r 38 0.01 7 4.76745 0.01
r 40 0.01 7 4.5416 0.01
r 42 0.01 7 4.29514 0.01
r 44 0.01 7 3.96255 0.01
r 46 0.01 7 3.64122 0.01
r 48 0.01 7 3.40696 0.01
r 50 0.01 7 3.18196 0.01
r 52 0.01 7 3.38713 0.01
r 54 0.01 7 3.81235 0.01
r 56 0.01 7 4.09655 0.01
r 58 0.01 7 4.3345 0.01
r 60 0.01 7 4.60461 0.01
r 62 0.01 7 4.91184 0.01
r 64 0.01 7 5.28819 0.01
r 66 0.01 7 5.58962 0.01
r 68 0.01 7 5.8147 0.01
r 70 0.01 7 6.07875 0.01
r 72 0.01 7 6.36306 0.01
r 74 0.01 7 6.65624 0.01
r 76 0.01 7 6.93991 0.01
r 78 0.01 7 7.23058 0.01
r 80 0.01 7 7.4953 0.01
r 20 0.01 8 9.06071 0.01
r 22 0.01 8 8.65723 0.01
r 24 0.01 8 8.27893 0.01
r 26 0.01 8 7.94603 0.01
r 28 0.01 8 7.55818 0.01
r 30 0.01 8 7.09968 0.01
r 32 0.01 8 6.68569 0.01
r 34 0.01 8 6.24269 0.01
r 36 0.01 8 5.84253 0.01
r 38 0.01 8 5.45594 0.01
r 40 0.01 8 5.09661 0.01
r 42 0.01 8 4.57175 0.01
r 44 0.01 8 4.11897 0.01
r 46 0.01 8 3.83686 0.01
r 48 0.01 8 3.48635 0.01
r 50 0.01 8 3.18907 0.01
r 52 0.01 8 3.51376 0.01
r 54 0.01 8 3.93331 0.01
r 56 0.01 8 4.32377 0.01
r 58 0.01 8 4.76787 0.01
r 60 0.01 8 5.71107 0.01
r 62 0.01 8 5.5697 0.01
r 64 0.01 8 6.06314 0.01
r 66 0.01 8 6.55792 0.01
r 68 0.01 8 6.95223 0.01
r 70 0.01 8 7.34681 0.01
r 72 0.01 8 7.76746 0.01
r 74 0.01 8 8.2149 0.01
r 76 0.01 8 8.61873 0.01
r 78 0.01 8 9.0556 0.01
r 80 0.01 8 9.47853 0.01
s 60 2 93
r 20 0.01 0 7.8662 0.01
r 22 0.01 0 7.62081 0.01
r 24 0.01 0 7.38748 0.01
r 26 0.01 0 7.21529 0.01
r 28 0.01 0 7.04645 0.01
r 30 0.01 0 6.76266 0.01
r 32 0.01 0 6.48577 0.01
r 34 0.01 0 6.23074 0.01
r 36 0.01 0 5.98682 0.01
r 38 0.01 0 5.77915 0.01
r 40 0.01 0 5.56481 0.01
r 42 0.01 0 5.28942 0.01
r 44 0.01 0 4.96806 0.01
r 46 0.01 0 4.69185 0.01
r 48 0.01 0 4.46936 0.01
r 50 0.01 0 4.24289 0.01
r 52 0.01 0 3.98288 0.01
r 54 0.01 0 3.69766 0.01
r 56 0.01 0 2.97845 0.01
r 58 0.01 0 1.88091 0.01
r 60 0.01 0 1.32667 0.01
r 62 0.01 0 1.88091 0.01
r 64 0.01 0 2.97845 0.01
r 66 0.01 0 3.87693 0.01
r 68 0.01 0 4.11481 0.01
r 70 0.01 0 4.36801 0.01
r 72 0.01 0 4.65461 0.01
r 74 0.01 0 4.96893 0.01
r 76 0.01 0 5.24831 0.01
r 78 0.01 0 5.59854 0.01
r 80 0.01 0 5.88461 0.01
r 20 0.01 7 8.22017 0.01
r 22 0.01 7 7.96315 0.01
r 24 0.01 7 7.73206 0.01
r 26 0.01 7 7.55871 0.01
r 28 0.01 7 7.39656 0.01
r 30 0.01 7 7.14414 0.01
r 32 0.01 7 6.83786 0.01
r 34 0.01 7 6.58425 0.01
r 36 0.01 7 6.33667 0.01
r 38 0.01 7 6.12473 0.01
r 40 0.01 7 5.91581 0.01
r 42 0.01 7 5.6877 0.01
r 44 0.01 7 5.36569 0.01
r 46 0.01 7 5.05222 0.01
r 48 0.01 7 4.83185 0.01
r 50 0.01 7 4.61016 0.01
r 52 0.01 7 4.37307 0.01
r 54 0.01 7 4.09124 0.01
r 56 0.01 7 3.78996 0.01
r 58 0.01 7 3.3509 0.01
r 60 0.01 7 3.18841 0.01
r 62 0.01 7 3.41034 0.01
r 64 0.01 7 3.91152 0.01
r 66 0.01 7 4.23053 0.01
r 68 0.01 7 4.4616 0.01
r 70 0.01 7 4.73156 0.01
r 72 0.01 7 5.02487 0.01
r 74 0.01 7 5.33791 0.01
r 76 0.01 7 5.6132 0.01
r 78 0.01 7 5.96798 0.01
r 80 0.01 7 6.21663 0.01
r 20 0.01 8 11.0557 0.01
r 22 0.01 8 10.6671 0.01
r 24 0.01 8 10.3042 0.01
r 26 0.01 8 9.98405 0.01
r 28 0.01 8 9.61246 0.01
r 30 0.01 8 9.18897 0.01
r 32 0.01 8 8.77581 0.01
r 34 0.01 8 8.37423 0.01
r 36 0.01 8 8.00013 0.01
r 38 0.01 8 7.62019 0.01
r 40 0.01 8 7.23339 0.01
r 42 0.01 8 6.79296 0.01
r 44 0.01 8 6.33313 0.01
r 46 0.01 8 5.93366 0.01
r 48 0.01 8 5.53319 0.01
r 50 0.01 8 5.14141 0.01
r 52 0.01 8 4.6972 0.01
r 54 0.01 8 4.24995 0.01
r 56 0.01 8 3.81489 0.01
r 58 0.01 8 3.37003 0.01
r 60 0.01 8 3.18952 0.01
r 62 0.01 8 3.41741 0.01
r 64 0.01 8 3.99685 0.01
r 66 0.01 8 4.61251 0.01
r 68 0.01 8 5.01798 0.01
r 70 0.01 8 5.39518 0.01
r 72 0.01 8 5.97166 0.01
r 74 0.01 8 6.43925 0.01
r 76 0.01 8 6.5694 0.01
r 78 0.01 8 7.01943 0.01
r 80 0.01 8 7.46942 0.01
s 70 2 93
r 20 0.01 0 9.14732 0.01
r 22 0.01 0 8.91214 0.01
r 24 0.01 0 8.69477 0.01
r 26 0.01 0 8.53247 0.01
r 28 0.01 0 8.3751 0.01
r 30 0.01 0 8.10863 0.01
r 32 0.01 0 7.83879 0.01
r 34 0.01 0 7.59439 0.01
r 36 0.01 0 7.3636 0.01
r 38 0.01 0 7.16731 0.01
r 40 0.01 0 6.96451 0.01
r 42 0.01 0 6.7112 0.01
r 44 0.01 0 6.40917 0.01
r 46 0.01 0 6.14695 0.01
r 48 0.01 0 5.93801 0.01
r 50 0.01 0 5.72222 0.01
r 52 0.01 0 5.47949 0.01
r 54 0.01 0 5.20791 0.01
r 56 0.01 0 4.90238 0.01
r 58 0.01 0 4.61249 0.01
r 60 0.01 0 4.38239 0.01
r 62 0.01 0 4.19896 0.01
r 64 0.01 0 3.93005 0.01
r 66 0.01 0 2.97845 0.01
r 68 0.01 0 1.88091 0.01
r 70 0.01 0 1.32667 0.01
r 72 0.01 0 1.88091 0.01
r 74 0.01 0 2.97845 0.01
r 76 0.01 0 3.93005 0.01
r 78 0.01 0 4.29332 0.01
r 80 0.01 0 4.59444 0.01
r 20 0.01 7 9.54063 0.01
r 22 0.01 7 9.30368 0.01
r 24 0.01 7 9.07443 0.01
r 26 0.01 7 8.90761 0.01
r 28 0.01 7 8.76073 0.01
r 30 0.01 7 8.52719 0.01
r 32 0.01 7 8.23052 0.01
r 34 0.01 7 7.98931 0.01
r 36 0.01 7 7.75245 0.01
r 38 0.01 7 7.56184 0.01
r 40 0.01 7 7.36362 0.01
r 42 0.01 7 7.15301 0.01
r 44 0.01 7 6.84816 0.01
r 46 0.01 7 6.54628 0.01
r 48 0.01 7 6.33817 0.01
r 50 0.01 7 6.12664 0.01
r 52 0.01 7 5.90541 0.01
r 54 0.01 7 5.64011 0.01
r 56 0.01 7 5.3492 0.01
r 58 0.01 7 5.04359 0.01
r 60 0.01 7 4.78857 0.01
r 62 0.01 7 4.6244 0.01
r 64 0.01 7 4.3745 0.01
r 66 0.01 7 4.04293 0.01
r 68 0.01 7 3.6038 0.01
r 70 0.01 7 3.46704 0.01
r 72 0.01 7 3.63876 0.01
r 74 0.01 7 4.08633 0.01
r 76 0.01 7 4.37597 0.01
r 78 0.01 7 4.74035 0.01
r 80 0.01 7 5.00957 0.01
r 20 0.01 8 13.0612 0.01
r 22 0.01 8 12.6896 0.01
r 24 0.01 8 12.3417 0.01
r 26 0.01 8 12.0351 0.01
r 28 0.01 8 11.6855 0.01
r 30 0.01 8 11.2844 0.01
r 32 0.01 8 10.8849 0.01
r 34 0.01 8 10.4978 0.01
r 36 0.01 8 10.1386 0.01
r 38 0.01 8 9.76978 0.01
r 40 0.01 8 9.41976 0.01
r 42 0.01 8 8.98039 0.01
r 44 0.01 8 8.54682 0.01
r 46 0.01 8 8.16908 0.01
r 48 0.01 8 7.80522 0.01
r 50 0.01 8 7.41479 0.01
r 52 0.01 8 6.99742 0.01
r 54 0.01 8 6.57836 0.01
r 56 0.01 8 6.52692 0.01
r 58 0.01 8 5.87838 0.01
r 60 0.01 8 5.56353 0.01
r 62 0.01 8 4.91398 0.01
r 64 0.01 8 4.46713 0.01
r 66 0.01 8 4.05879 0.01
r 68 0.01 8 3.75496 0.01
r 70 0.01 8 3.46773 0.01
r 72 0.01 8 3.72834 0.01
r 74 0.01 8 4.20006 0.01
r 76 0.01 8 4.57201 0.01
r 78 0.01 8 5.00643 0.01
r 80 0.01 8 5.42868 0.01
