5
s 30 2 31
r 20 0.01 0 3.76376 0.01
r 22 0.01 0 3.48475 0.01
r 24 0.01 0 3.22809 0.01
r 26 0.01 0 2.97845 0.01
r 28 0.01 0 1.88091 0.01
r 30 0.01 0 1.32667 0.01
r 32 0.01 0 1.88091 0.01
r 34 0.01 0 2.97845 0.01
r 36 0.01 0 3.32547 0.01
r 38 0.01 0 3.642 0.01
r 40 0.01 0 3.98983 0.01
r 42 0.01 0 4.32757 0.01
r 44 0.01 0 4.61949 0.01
r 46 0.01 0 4.84134 0.01
r 48 0.01 0 5.11652 0.01
r 50 0.01 0 5.43391 0.01
r 52 0.01 0 5.74476 0.01
r 54 0.01 0 6.03988 0.01
r 56 0.01 0 6.30222 0.01
r 58 0.01 0 6.53637 0.01
r 60 0.01 0 6.77443 0.01
r 62 0.01 0 7.04626 0.01
r 64 0.01 0 7.3727 0.01
r 66 0.01 0 7.67194 0.01
r 68 0.01 0 7.88328 0.01
r 70 0.01 0 8.11822 0.01
r 72 0.01 0 8.36948 0.01
r 74 0.01 0 8.63966 0.01
r 76 0.01 0 8.88831 0.01
r 78 0.01 0 9.18627 0.01
r 80 0.01 0 9.42743 0.01
s 40 2 31
r 20 0.01 0 5.21968 0.01
r 22 0.01 0 4.94797 0.01
r 24 0.01 0 4.69371 0.01
r 26 0.01 0 4.50501 0.01
r 28 0.01 0 4.30806 0.01
r 30 0.01 0 3.99018 0.01
r 32 0.01 0 3.67773 0.01
r 34 0.01 0 3.38853 0.01
r 36 0.01 0 2.97845 0.01
r 38 0.01 0 1.88091 0.01
r 40 0.01 0 1.32667 0.01
r 42 0.01 0 1.88091 0.01
r 44 0.01 0 2.97845 0.01
r 46 0.01 0 3.52202 0.01
r 48 0.01 0 3.80267 0.01
r 50 0.01 0 4.13903 0.01
r 52 0.01 0 4.468 0.01
r 54 0.01 0 4.78217 0.01
r 56 0.01 0 5.0589 0.01
r 58 0.01 0 5.30666 0.01
r 60 0.01 0 5.55768 0.01
r 62 0.01 0 5.83865 0.01
r 64 0.01 0 6.18181 0.01
r 66 0.01 0 6.49808 0.01
r 68 0.01 0 6.71747 0.01
r 70 0.01 0 6.95755 0.01
r 72 0.01 0 7.22398 0.01
r 74 0.01 0 7.50578 0.01
r 76 0.01 0 7.76463 0.01
r 78 0.01 0 8.08308 0.01
r 80 0.01 0 8.33602 0.01
s 50 2 31
r 20 0.01 0 6.59034 0.01
r 22 0.01 0 6.33293 0.01
r 24 0.01 0 6.09076 0.01
r 26 0.01 0 5.91128 0.01
r 28 0.01 0 5.72964 0.01
r 30 0.01 0 5.43389 0.01
r 32 0.01 0 5.13928 0.01
r 34 0.01 0 4.86647 0.01
r 36 0.01 0 4.60715 0.01
r 38 0.01 0 4.38573 0.01
r 40 0.01 0 4.15912 0.01
r 42 0.01 0 3.86315 0.01
r 44 0.01 0 3.52295 0.01
r 46 0.01 0 2.97845 0.01
r 48 0.01 0 1.88091 0.01
r 50 0.01 0 1.32667 0.01
r 52 0.01 0 1.88091 0.01
r 54 0.01 0 2.97845 0.01
r 56 0.01 0 3.71515 0.01
r 58 0.01 0 3.97743 0.01
r 60 0.01 0 4.23445 0.01
r 62 0.01 0 4.52897 0.01
r 64 0.01 0 4.89616 0.01
r 66 0.01 0 5.23367 0.01
r 68 0.01 0 5.46573 0.01
r 70 0.01 0 5.7139 0.01
r 72 0.01 0 5.9913 0.01
r 74 0.01 0 6.28823 0.01
r 76 0.01 0 6.56029 0.01
r 78 0.01 0 6.88944 0.01
r 80 0.01 0 7.15834 0.01
s 60 2 31
r 20 0.01 0 7.8662 0.01
r 22 0.01 0 7.62081 0.01
r 24 0.01 0 7.38748 0.01
r 26 0.01 0 7.21529 0.01
r 28 0.01 0 7.04645 0.01
r 30 0.01 0 6.76266 0.01
r 32 0.01 0 6.48577 0.01
r 34 0.01 0 6.23074 0.01
r 36 0.01 0 5.98682 0.01
r 38 0.01 0 5.77915 0.01
r 40 0.01 0 5.56481 0.01
r 42 0.01 0 5.28942 0.01
r 44 0.01 0 4.96806 0.01
r 46 0.01 0 4.69185 0.01
r 48 0.01 0 4.46936 0.01
r 50 0.01 0 4.24289 0.01
r 52 0.01 0 3.98288 0.01
r 54 0.01 0 3.69766 0.01
r 56 0.01 0 2.97845 0.01
r 58 0.01 0 1.88091 0.01
r 60 0.01 0 1.32667 0.01
r 62 0.01 0 1.88091 0.01
r 64 0.01 0 2.97845 0.01
r 66 0.01 0 3.87693 0.01
r 68 0.01 0 4.11481 0.01
r 70 0.01 0 4.36801 0.01
r 72 0.01 0 4.65461 0.01
r 74 0.01 0 4.96893 0.01
r 76 0.01 0 5.24831 0.01
r 78 0.01 0 5.59854 0.01
r 80 0.01 0 5.88461 0.01
s 70 2 31
r 20 0.01 0 9.14732 0.01
r 22 0.01 0 8.91214 0.01
r 24 0.01 0 8.69477 0.01
r 26 0.01 0 8.53247 0.01
r 28 0.01 0 8.3751 0.01
r 30 0.01 0 8.10863 0.01
r 32 0.01 0 7.83879 0.01
r 34 0.01 0 7.59439 0.01
r 36 0.01 0 7.3636 0.01
r 38 0.01 0 7.16731 0.01
r 40 0.01 0 6.96451 0.01
r 42 0.01 0 6.7112 0.01
r 44 0.01 0 6.40917 0.01
r 46 0.01 0 6.14695 0.01
r 48 0.01 0 5.93801 0.01
r 50 0.01 0 5.72222 0.01
r 52 0.01 0 5.47949 0.01
r 54 0.01 0 5.20791 0.01
r 56 0.01 0 4.90238 0.01
r 58 0.01 0 4.61249 0.01
r 60 0.01 0 4.38239 0.01
r 62 0.01 0 4.19896 0.01
r 64 0.01 0 3.93005 0.01
r 66 0.01 0 2.97845 0.01
r 68 0.01 0 1.88091 0.01
r 70 0.01 0 1.32667 0.01
r 72 0.01 0 1.88091 0.01
r 74 0.01 0 2.97845 0.01
r 76 0.01 0 3.93005 0.01
r 78 0.01 0 4.29332 0.01
r 80 0.01 0 4.59444 0.01
