76 81 1.5 0.33
0 2 4 6 8 10 12 14 16 18 20 22 24 26 28 30 32 34 36 38 40 42 44 46 48 50 52 54 56 58 60 62 64 66 68 70 72 74 76 78 80 82 84 86 88 90 92 94 96 98 100 102 104 106 108 110 112 114 116 118 120 122 124 126 128 130 132 134 136 138 140 142 144 146 148 150 
0 0 0 0 0 0 0 0 0 0 0 0 0 0 0 0 0 0 0 0 0 0 0 0 0 0 0 0 0 0 0 0 0 0 0 0 0 0 0 0 0 0 0 0 0 0 0 0 0 0 0 0 0 0 0 0 0 0 0 0 0 0 0 0 0 0 0 0 0 0 0 0 0 0 0 0 
0 0.2 0.4 0.6 0.8 1 1.2 1.4 1.6 1.8 2 2.2 2.4 2.6 2.8 3 3.2 3.4 3.6 3.8 4 4.2 4.4 4.6 4.8 5 5.2 5.4 5.6 5.8 6 6.2 6.4 6.6 6.8 7 7.2 7.4 7.6 7.8 8 8.2 8.4 8.6 8.8 9 9.2 9.4 9.6 9.8 10 10.2 10.4 10.6 10.8 11 11.2 11.4 11.6 11.8 12 12.2 12.4 12.6 12.8 13 13.2 13.4 13.6 13.8 14 14.2 14.4 14.6 14.8 15 15.2 15.4 15.6 15.8 16 
1.5 1.5 1.5 1.5 1.5 1.5 1.5 1.5 1.5 1.5 1.5 0.9808 3.4997 3.51961 3.5396 3.55951 3.57941 3.59942 3.61933 3.63924 3.65925 3.67917 3.69919 3.7191 3.73902 3.75895 3.77897 3.7989 3.81891 3.83884 3.85877 3.87879 3.89871 3.91862 3.93864 3.95855 3.97846 3.99847 4.01838 4.03838 4.05829 4.07819 4.09808 4.11808 4.13798 4.15797 4.17787 4.19776 4.21765 4.23764 4.25753 4.62433 4.63582 4.64741 4.659 4.67049 4.68209 4.69358 4.70518 4.71677 4.72827 4.73987 4.75137 4.76297 4.77457 4.78607 4.79767 4.80917 4.82078 4.83238 4.84388 4.85549 4.86709 4.8786 4.8902 4.9017 4.91331 4.92491 4.93641 4.94802 4.95952 
1.5 1.5 1.5 1.5 1.5 1.5 1.5 1.5 1.5 1.5 1.5 1.0289 1.0173 3.49964 3.52013 3.54053 3.56104 3.58145 3.60195 3.62246 3.64287 3.66338 3.6839 3.70431 3.72473 3.74526 3.76578 3.78621 3.80672 3.82715 3.84767 3.8682 3.88863 3.90914 3.92967 3.95009 3.9706 3.99103 4.01153 4.03205 4.05247 4.07297 4.09338 4.11388 4.13429 4.15479 4.17519 4.19569 4.21619 4.23658 4.25707 4.62438 4.63587 4.64746 4.65905 4.67054 4.68213 4.69362 4.70521 4.7168 4.72829 4.73989 4.75138 4.76298 4.77457 4.78607 4.79767 4.80917 4.82077 4.83238 4.84388 4.85548 4.86708 4.87859 4.89019 4.90169 4.91329 4.9249 4.9364 4.948 4.9595 
1.5 1.5 1.5 1.5 1.5 1.5 1.5 1.5 1.5 1.5 1.5 1.053 1.0655 1.078 3.49964 3.52063 3.54162 3.56271 3.58361 3.6047 3.6257 3.6467 3.6677 3.68871 3.70972 3.73084 3.75175 3.77287 3.79389 3.81492 3.83594 3.85697 3.878 3.89902 3.92005 3.94119 3.96221 3.98323 4.00426 4.02529 4.04632 4.06733 4.08836 4.10946 4.13039 4.15149 4.1725 4.19351 4.21451 4.23551 4.25651 4.62442 4.63591 4.64751 4.6591 4.67059 4.68218 4.69367 4.70526 4.71684 4.72834 4.73993 4.75141 4.76301 4.7746 4.7861 4.79769 4.80918 4.82078 4.83238 4.84387 4.85547 4.86707 4.87857 4.89017 4.90167 4.91327 4.92487 4.93638 4.94798 4.95948 
1.5 1.5 1.5 1.5 1.5 1.5 1.5 1.5 1.5 1.5 1.5 1.053 1.0655 1.078 3.49969 3.52067 3.54166 3.56274 3.58363 3.60472 3.62569 3.64667 3.66764 3.68862 3.7096 3.73068 3.75157 3.77267 3.79369 3.81471 3.83574 3.85678 3.87783 3.89886 3.91991 3.94106 3.96208 3.98314 4.00415 4.0252 4.04624 4.06726 4.08831 4.10943 4.13037 4.15149 4.1725 4.19352 4.21453 4.23554 4.25654 4.62448 4.63597 4.64757 4.65916 4.67065 4.68225 4.69373 4.70532 4.7169 4.72839 4.73998 4.75146 4.76305 4.77464 4.78613 4.79772 4.8092 4.8208 4.83238 4.84388 4.85547 4.86707 4.87856 4.89016 4.90165 4.91325 4.92485 4.93635 4.94794 4.95944 
1.5 1.5 1.5 1.5 1.5 1.5 1.5 1.5 1.5 1.5 1.5 1.053 1.0655 1.078 3.49974 3.52073 3.54172 3.5628 3.58369 3.60478 3.62576 3.64674 3.66771 3.68868 3.70965 3.73071 3.75157 3.77262 3.79359 3.81454 3.83552 3.8565 3.87751 3.89851 3.91954 3.94072 3.96177 3.98285 4.00391 4.02501 4.04609 4.0671 4.08818 4.1093 4.13027 4.15141 4.17243 4.19348 4.2145 4.23554 4.25655 4.6245 4.63602 4.64762 4.65923 4.67073 4.68233 4.69382 4.70542 4.717 4.72849 4.74008 4.75156 4.76315 4.77472 4.78621 4.7978 4.80927 4.82086 4.83243 4.84392 4.85551 4.86709 4.87858 4.89016 4.90165 4.91324 4.92483 4.93633 4.94791 4.9594 
1.5 1.5 1.5 1.5 1.5 1.5 1.5 1.5 1.5 1.5 1.5 1.0289 1.0173 3.49979 3.52027 3.54067 3.56116 3.58155 3.60204 3.62253 3.64291 3.66339 3.68386 3.70424 3.72462 3.74508 3.76554 3.78589 3.80636 3.82671 3.84716 3.86761 3.88797 3.90844 3.92889 3.94927 3.96976 3.99016 4.01066 4.0312 4.05171 4.07228 4.09281 4.1134 4.13397 4.15457 4.175 4.19562 4.21615 4.23663 4.25715 4.62452 4.63608 4.64769 4.65933 4.67083 4.68245 4.69395 4.70555 4.71714 4.72863 4.74022 4.75169 4.76328 4.77484 4.78632 4.79791 4.80936 4.82095 4.83251 4.84399 4.85556 4.86712 4.87861 4.89017 4.90166 4.91325 4.92482 4.93631 4.9479 4.95938 
1.5 1.5 1.5 1.5 1.5 1.5 1.5 1.5 1.5 1.5 1.5 1.0289 1.0173 3.49975 3.52023 3.54063 3.56113 3.58152 3.60202 3.62252 3.64292 3.66342 3.68391 3.7043 3.72469 3.74516 3.76565 3.78601 3.80646 3.82682 3.84726 3.86772 3.88807 3.90852 3.92897 3.94934 3.96979 3.99017 4.01064 4.03111 4.05152 4.072 4.09245 4.11296 4.13347 4.15407 4.17457 4.19528 4.21588 4.23648 4.25707 4.62449 4.63614 4.64777 4.65946 4.67097 4.68261 4.69414 4.70574 4.71734 4.72882 4.74041 4.75188 4.76347 4.77502 4.78649 4.79806 4.8095 4.82108 4.83261 4.84408 4.85565 4.86719 4.87867 4.89022 4.9017 4.91328 4.92484 4.93633 4.9479 4.95939 
1.5 1.5 1.5 1.5 1.5 1.5 1.5 1.5 1.5 1.5 1.5 1.0675 1.0944 1.1214 1.1484 3.49985 3.52145 3.54303 3.56461 3.58619 3.60777 3.62934 3.65091 3.67249 3.69396 3.71563 3.73721 3.75869 3.7804 3.80199 3.82347 3.84506 3.86663 3.88822 3.90979 3.93134 3.9529 3.97445 3.99603 4.01759 4.03915 4.06074 4.08233 4.10392 4.12555 4.14716 4.16876 4.19044 4.21208 4.23386 4.25549 4.62411 4.63593 4.64764 4.65947 4.67103 4.68272 4.69432 4.70593 4.71757 4.72906 4.74066 4.75213 4.76371 4.77524 4.7867 4.79827 4.80968 4.82125 4.83276 4.84422 4.85577 4.86729 4.87877 4.89029 4.90177 4.91334 4.92489 4.93638 4.94792 4.95942 
1.5 1.5 1.5 1.5 1.5 1.5 1.5 1.5 1.5 1.5 1.5 1.0771 1.1136 1.1503 1.1869 1.2235 3.49996 3.52218 3.54447 3.56658 3.58878 3.61095 3.63323 3.65543 3.6776 3.69976 3.72194 3.74408 3.76627 3.78848 3.81065 3.83282 3.85497 3.87716 3.89934 3.92157 3.9439 3.96612 3.98834 4.01057 4.03276 4.05494 4.07712 4.0994 4.12158 4.14375 4.16594 4.18815 4.21035 4.23261 4.25495 4.62376 4.63555 4.6474 4.65925 4.6709 4.68264 4.69437 4.70604 4.71775 4.72925 4.74086 4.75236 4.76395 4.77549 4.78695 4.79851 4.80991 4.82148 4.83297 4.84442 4.85597 4.86747 4.87894 4.89046 4.90193 4.91349 4.92504 4.93653 4.94808 4.95956 
1.5 1.5 1.5 1.5 1.5 1.5 1.5 1.5 1.5 1.5 1.5 1.0771 1.1136 1.1503 1.1869 1.2235 3.49993 3.52223 3.54453 3.56665 3.58887 3.61109 3.63339 3.65561 3.67782 3.70004 3.72225 3.74444 3.76665 3.78894 3.81111 3.83328 3.85545 3.87762 3.89977 3.92191 3.94416 3.96631 3.98849 4.01064 4.0329 4.05513 4.07737 4.09971 4.12194 4.14417 4.16636 4.18852 4.21067 4.23287 4.25518 4.62412 4.63537 4.64719 4.65907 4.67069 4.68241 4.69413 4.70582 4.71764 4.72922 4.74092 4.75249 4.76407 4.77566 4.78713 4.79871 4.81014 4.82171 4.83321 4.84466 4.85622 4.86772 4.87919 4.8907 4.90217 4.91373 4.92528 4.93676 4.94831 4.9598 
1.5 1.5 1.5 1.5 1.5 1.5 1.5 1.5 1.5 1.5 1.5 1.0675 1.0944 1.1214 1.1484 3.49948 3.52111 3.54278 3.56446 3.5861 3.60783 3.62952 3.65123 3.67293 3.69455 3.71637 3.73808 3.75968 3.78146 3.80316 3.82468 3.84632 3.86794 3.88955 3.91114 3.93272 3.95428 3.97582 3.99737 4.01888 4.04038 4.06189 4.08337 4.10489 4.12636 4.14795 4.16954 4.19107 4.21267 4.23422 4.2557 4.62416 4.63554 4.64681 4.65882 4.67039 4.68204 4.69371 4.70541 4.71728 4.72887 4.74057 4.75227 4.76396 4.77569 4.78718 4.79879 4.8103 4.82189 4.83345 4.84492 4.85648 4.86802 4.87949 4.89102 4.9025 4.91407 4.92562 4.93711 4.94866 4.96016 
1.5 1.5 1.5 1.5 1.5 1.5 1.5 1.5 1.5 1.5 1.5 1.0675 1.0944 1.1214 1.1484 3.49937 3.52101 3.54263 3.56422 3.58581 3.60743 3.6291 3.65086 3.67252 3.69416 3.71603 3.73777 3.75948 3.78127 3.80308 3.82474 3.84652 3.8683 3.88998 3.91175 3.93345 3.95515 3.97681 3.99843 4.02003 4.04153 4.06314 4.08454 4.10608 4.12739 4.14875 4.17021 4.19141 4.21287 4.23412 4.25548 4.62381 4.63511 4.646 4.65805 4.66955 4.68116 4.69282 4.70453 4.71645 4.72813 4.73991 4.75171 4.76341 4.77531 4.78695 4.79871 4.81037 4.82197 4.83363 4.84514 4.85676 4.86836 4.87985 4.89142 4.90291 4.9145 4.92607 4.93757 4.94914 4.96065 
1.5 1.5 1.5 1.5 1.5 1.5 1.5 1.5 1.5 1.5 1.5 1.0675 1.0944 1.1214 1.1484 3.4996 3.52126 3.5429 3.56454 3.58616 3.60779 3.62946 3.65114 3.67276 3.69439 3.71621 3.73795 3.75965 3.78145 3.80324 3.82489 3.84666 3.86842 3.8901 3.91187 3.93351 3.95521 3.97683 3.99845 4.02005 4.04151 4.06303 4.08442 4.10589 4.12717 4.1485 4.1699 4.19102 4.21244 4.23361 4.2549 4.62273 4.63405 4.64524 4.65727 4.6686 4.68015 4.69179 4.70347 4.71543 4.72714 4.73894 4.7509 4.76266 4.77467 4.78636 4.79819 4.81007 4.82182 4.83372 4.84526 4.85692 4.86866 4.88018 4.89185 4.90337 4.91499 4.92661 4.93812 4.94973 4.96126 
1.5 1.5 1.5 1.5 1.5 1.5 1.5 1.5 1.5 1.5 1.5 1.0771 1.1136 1.1503 1.1869 1.2234 3.50014 3.52236 3.54477 3.5669 3.58915 3.61141 3.63378 3.65604 3.6783 3.70059 3.72289 3.74521 3.76749 3.79 3.81236 3.83471 3.85702 3.8793 3.90161 3.92378 3.94611 3.96815 3.99029 4.01231 4.03422 4.05626 4.07799 4.10012 4.12178 4.14362 4.16562 4.18718 4.20915 4.23088 4.25299 4.62126 4.63209 4.64329 4.65588 4.66746 4.67897 4.69071 4.70244 4.71456 4.72627 4.73807 4.7501 4.76193 4.77414 4.78587 4.79773 4.80974 4.82151 4.83355 4.84526 4.85711 4.86893 4.88045 4.89222 4.90377 4.91544 4.92711 4.93864 4.95027 4.96183 
1.5 1.5 1.5 1.5 1.5 1.5 1.5 1.5 1.5 1.5 1.5 1.0891 1.1377 1.1862 1.2346 1.283 1.3317 1.3806 3.50121 3.52553 3.54988 3.57423 3.59858 3.62293 3.64726 3.6716 3.69581 3.72024 3.74444 3.76871 3.79306 3.81728 3.84156 3.86594 3.89007 3.91422 3.93844 3.9625 3.9867 4.01072 4.03468 4.05879 4.08255 4.10666 4.13039 4.15428 4.17835 4.20202 4.22597 4.24992 4.62031 4.63156 4.64281 4.65351 4.66631 4.67809 4.68988 4.70175 4.71345 4.72558 4.73744 4.7492 4.76133 4.77309 4.78518 4.79713 4.8089 4.82106 4.83285 4.84487 4.85669 4.86856 4.8805 4.89227 4.90399 4.91562 4.92733 4.93897 4.95062 4.96218 4.97386 
1.5 1.5 1.5 1.5 1.5 1.5 1.5 1.5 1.5 1.5 1.5 1.0891 1.1373 1.1852 1.2324 1.2797 1.3283 1.3783 3.50197 3.5265 3.55074 3.57493 3.59917 3.62342 3.64768 3.67187 3.69596 3.72021 3.74435 3.76852 3.79279 3.81686 3.841 3.86542 3.88959 3.91379 3.93798 3.96215 3.98637 4.01046 4.03446 4.05859 4.08243 4.10654 4.1303 4.15428 4.17828 4.20197 4.22591 4.24983 4.62012 4.63134 4.6427 4.65353 4.66615 4.67793 4.68962 4.70188 4.71357 4.7256 4.73746 4.74924 4.76139 4.77316 4.78519 4.79704 4.80883 4.82088 4.83268 4.84472 4.85656 4.86841 4.88034 4.89211 4.90405 4.91576 4.92743 4.93911 4.95076 4.96238 4.97407 
1.5 1.5 1.5 1.5 1.5 1.5 1.5 1.5 1.5 1.5 1.5 1.0836 1.1258 1.1657 1.203 1.2409 1.2844 3.50193 3.52552 3.54913 3.57284 3.59643 3.62011 3.64367 3.66731 3.69096 3.7145 3.7381 3.76161 3.78514 3.80856 3.83201 3.85537 3.87866 3.90214 3.92549 3.94889 3.97224 3.99563 4.01898 4.04228 4.06568 4.08891 4.11226 4.13533 4.1587 4.18193 4.20492 4.22825 4.25134 4.62103 4.63221 4.64332 4.65482 4.66635 4.67861 4.69024 4.70227 4.71427 4.72616 4.7379 4.74967 4.76178 4.77352 4.78545 4.79725 4.80901 4.82103 4.83268 4.84456 4.8564 4.86826 4.88017 4.89192 4.90378 4.91556 4.92744 4.9391 4.95068 4.96233 4.97403 
1.5 1.5 1.5 1.5 1.5 1.5 1.5 1.5 1.5 1.5 1.5 1.083 1.1225 1.155 1.1793 1.2058 1.2492 3.50161 3.52531 3.54874 3.57237 3.5959 3.61953 3.64305 3.6667 3.69036 3.71387 3.73752 3.76117 3.78487 3.80847 3.83218 3.85592 3.87942 3.90307 3.92679 3.95047 3.97403 3.99754 4.02109 4.0444 4.06792 4.09115 4.11454 4.13771 4.16098 4.18429 4.20731 4.23057 4.25351 4.6235 4.63442 4.64559 4.65695 4.66775 4.68018 4.69167 4.70345 4.71525 4.72736 4.73885 4.75051 4.76243 4.77414 4.78596 4.79768 4.80932 4.82127 4.83286 4.84464 4.85634 4.86802 4.87988 4.89165 4.90346 4.91519 4.92698 4.93896 4.9505 4.96209 4.97377 
1.5 1.5 1.5 1.5 1.5 1.5 1.5 1.5 1.5 1.5 1.5 1.0817 1.1165 1.1354 1.1363 1.1418 1.1853 3.50157 3.52593 3.55021 3.57457 3.59898 3.62334 3.64771 3.67212 3.69644 3.72098 3.74529 3.7696 3.79425 3.81857 3.84297 3.8675 3.89168 3.91601 3.9406 3.96496 3.98934 4.01372 4.03813 4.06239 4.08677 4.11095 4.1352 4.15925 4.18336 4.20749 4.2313 4.25556 4.62638 4.63755 4.64886 4.66011 4.6714 4.68145 4.69385 4.70523 4.71671 4.72823 4.74003 4.75164 4.76317 4.77487 4.78637 4.79806 4.80962 4.82129 4.8331 4.84453 4.85627 4.86795 4.87953 4.89129 4.90282 4.91472 4.92647 4.93812 4.94996 4.96178 4.97353 4.98505 
1.5 1.5 1.5 1.5 1.5 1.5 1.5 1.5 1.5 1.5 1.5 1.0855 1.1202 1.1291 1.1087 1.0962 1.1449 1.2547 3.50078 3.52587 3.55101 3.57623 3.60129 3.62639 3.65164 3.67682 3.70208 3.72744 3.75257 3.77819 3.80357 3.82903 3.85459 3.87982 3.90552 3.93108 3.9564 3.98183 4.00708 4.03223 4.05729 4.08239 4.10736 4.1324 4.15706 4.18177 4.20667 4.2311 4.25594 4.62731 4.63845 4.64988 4.66074 4.67203 4.68165 4.69464 4.70588 4.71734 4.72886 4.74046 4.75236 4.76371 4.77534 4.78687 4.79856 4.81002 4.82157 4.83324 4.84468 4.85632 4.86796 4.87947 4.89118 4.90271 4.91445 4.92612 4.93781 4.9496 4.96124 4.97355 4.98485 
1.5 1.5 1.5 1.5 1.5 1.5 1.5 1.5 1.5 1.5 1.5 1.0889 1.1252 1.1312 1.1029 1.0837 1.1364 1.2609 1.3945 3.50092 3.52694 3.55299 3.57897 3.60492 3.63096 3.65705 3.68312 3.70915 3.73513 3.76129 3.78753 3.81366 3.83982 3.86594 3.89219 3.91837 3.94458 3.97064 3.99666 4.02273 4.04862 4.07454 4.10036 4.12619 4.15176 4.17738 4.20311 4.22858 4.25446 4.62688 4.63806 4.64927 4.66061 4.67204 4.6817 4.69453 4.70598 4.7172 4.72872 4.7403 4.75226 4.76359 4.77519 4.78671 4.79835 4.80989 4.82158 4.83313 4.84453 4.85615 4.8678 4.87934 4.89102 4.90256 4.91438 4.92602 4.93753 4.94936 4.96104 4.97315 4.98511 
1.5 1.5 1.5 1.5 1.5 1.5 1.5 1.5 1.5 1.5 1.5 1.0928 1.1347 1.1508 1.1376 1.1323 1.1882 1.3053 1.4301 1.5258 3.50055 3.52745 3.55429 3.58107 3.60789 3.63479 3.66173 3.68869 3.71561 3.74257 3.76952 3.79665 3.82384 3.85081 3.87793 3.90498 3.932 3.9589 3.98577 4.01278 4.03954 4.06634 4.093 4.11977 4.14629 4.17291 4.1997 4.22597 4.25261 4.62571 4.63719 4.64841 4.6594 4.67098 4.68098 4.69341 4.70522 4.71638 4.72786 4.73949 4.75135 4.76274 4.77446 4.78602 4.79777 4.80935 4.82108 4.83278 4.84431 4.85599 4.86762 4.87915 4.8909 4.90248 4.91432 4.92601 4.93761 4.94919 4.96091 4.97275 4.98558 
1.5 1.5 1.5 1.5 1.5 1.5 1.5 1.5 1.5 1.5 1.5 1.0909 1.1349 1.1629 1.173 1.1877 1.2404 1.331 1.4263 3.50024 3.52627 3.55221 3.57819 3.60412 3.63017 3.65615 3.68224 3.70833 3.73437 3.76052 3.78678 3.81281 3.83913 3.86519 3.89138 3.91752 3.94363 3.96976 3.99576 4.02178 4.04757 4.07346 4.09918 4.12496 4.15028 4.17572 4.20135 4.22639 4.25207 4.6235 4.63447 4.64576 4.65636 4.66743 4.67814 4.68975 4.70245 4.71381 4.72549 4.73775 4.74947 4.76109 4.77314 4.78476 4.79685 4.80859 4.82035 4.83227 4.84391 4.85587 4.86753 4.87914 4.89093 4.90247 4.91438 4.9261 4.93772 4.94947 4.96083 4.97245 4.98596 
1.5 1.5 1.5 1.5 1.5 1.5 1.5 1.5 1.5 1.5 1.5 1.0882 1.1329 1.1705 1.1999 1.2316 1.2802 1.3459 3.49967 3.52486 3.55006 3.57532 3.60044 3.62562 3.65103 3.67632 3.7018 3.72729 3.75269 3.77815 3.80345 3.82878 3.85429 3.87965 3.90489 3.93017 3.95512 3.98017 4.00524 4.02979 4.05451 4.07934 4.10361 4.12836 4.15235 4.17672 4.20126 4.22521 4.24988 4.6199 4.63055 4.64221 4.65313 4.66434 4.67534 4.68646 4.69973 4.71155 4.72339 4.73597 4.74766 4.75969 4.77211 4.78385 4.79616 4.80786 4.81974 4.83193 4.84362 4.8557 4.86754 4.87918 4.89108 4.90267 4.9145 4.92618 4.93786 4.94964 4.96118 4.97206 4.98614 
1.5 1.5 1.5 1.5 1.5 1.5 1.5 1.5 1.5 1.5 1.5 1.0928 1.1442 1.1932 1.2397 1.2868 1.3395 1.3977 1.4566 3.50036 3.52627 3.55242 3.57863 3.60469 3.63091 3.65703 3.6831 3.70931 3.73526 3.76144 3.78744 3.81351 3.83949 3.86542 3.89132 3.91703 3.94296 3.96849 3.99423 4.01967 4.04489 4.0705 4.09553 4.12104 4.14576 4.1708 4.19622 4.2209 4.24643 4.61689 4.62734 4.63903 4.65012 4.66141 4.67262 4.68411 4.6973 4.70955 4.72169 4.73421 4.74621 4.75856 4.77134 4.78317 4.79564 4.80757 4.81961 4.8319 4.84356 4.85573 4.86759 4.87942 4.89127 4.90285 4.91471 4.92636 4.93792 4.94969 4.96133 4.97209 4.98603 
1.5 1.5 1.5 1.5 1.5 1.5 1.5 1.5 1.5 1.5 1.5 1.0963 1.1518 1.2069 1.2613 1.3158 1.3717 1.4289 1.4862 1.5429 3.49918 3.52615 3.55304 3.57983 3.60668 3.6335 3.66051 3.68738 3.71422 3.74107 3.76804 3.79498 3.82182 3.84866 3.87549 3.90221 3.92898 3.95552 3.98221 4.00879 4.03504 4.0616 4.08764 4.1141 4.13992 4.16603 4.19252 4.21828 4.2447 4.61632 4.62707 4.63873 4.65021 4.66158 4.67295 4.68459 4.69819 4.71068 4.72228 4.735 4.74711 4.75934 4.77198 4.78383 4.79628 4.80807 4.82008 4.83234 4.84404 4.85605 4.86775 4.87954 4.89147 4.90298 4.91478 4.92644 4.93801 4.94963 4.96127 4.97216 4.98591 
1.5 1.5 1.5 1.5 1.5 1.5 1.5 1.5 1.5 1.5 1.5 1.1079 1.1753 1.2425 1.3098 1.3769 1.4444 1.5121 1.5797 1.6473 3.49759 3.5242 3.55101 3.57781 3.60463 3.63146 3.65841 3.6853 3.71218 3.73908 3.76594 3.79283 3.81966 3.84645 3.87317 3.89991 3.92672 3.95317 3.97983 4.00644 4.03283 4.05941 4.08567 4.11223 4.13838 4.16474 4.19136 4.2175 4.24405 4.61585 4.62717 4.63877 4.65088 4.66229 4.67415 4.6859 4.69935 4.71207 4.72387 4.73655 4.74853 4.76078 4.77334 4.78513 4.79751 4.80918 4.8211 4.83317 4.84476 4.85667 4.86841 4.88001 4.89177 4.90318 4.9149 4.92653 4.93806 4.94966 4.96111 4.97184 4.98585 
1.5 1.5 1.5 1.5 1.5 1.5 1.5 1.5 1.5 1.5 1.5 1.1079 1.1753 1.2428 1.3102 1.3776 1.445 1.5125 1.5799 1.6474 3.49698 3.52374 3.55021 3.5769 3.60338 3.63006 3.65673 3.6833 3.70997 3.73653 3.76319 3.78978 3.81656 3.84337 3.87013 3.89687 3.9238 3.95044 3.97718 4.00399 4.03065 4.05734 4.08394 4.11061 4.13716 4.16378 4.19052 4.21706 4.2437 4.61612 4.62806 4.63967 4.65193 4.66344 4.67646 4.68783 4.70093 4.71401 4.72565 4.73859 4.75039 4.76248 4.77503 4.78667 4.79887 4.81052 4.82225 4.83415 4.84571 4.8574 4.86895 4.88048 4.89229 4.90358 4.91495 4.92655 4.93804 4.94962 4.96109 4.97113 4.98578 
1.5 1.5 1.5 1.5 1.5 1.5 1.5 1.5 1.5 1.5 1.5 1.1079 1.1753 1.2428 1.3102 1.3776 1.4451 1.5125 1.5799 1.6474 3.498 3.52357 3.54933 3.57518 3.60082 3.62654 3.65205 3.67746 3.7031 3.72848 3.75392 3.77949 3.80479 3.83046 3.85584 3.88134 3.90699 3.93263 3.95838 3.98407 4.00993 4.03577 4.06172 4.08771 4.11386 4.13993 4.16592 4.19241 4.21852 4.24529 4.6174 4.62928 4.64208 4.6543 4.66712 4.67849 4.69122 4.70441 4.71601 4.72855 4.74068 4.75239 4.76471 4.77647 4.78829 4.80005 4.81157 4.82326 4.83486 4.84629 4.85781 4.86935 4.88071 4.89216 4.90355 4.91497 4.9264 4.93783 4.94928 4.95944 4.97418 
1.5 1.5 1.5 1.5 1.5 1.5 1.5 1.5 1.5 1.5 1.5 1.0964 1.1522 1.2081 1.264 1.3198 1.3757 1.4316 1.4875 1.5434 3.49898 3.52461 3.55032 3.57618 3.60175 3.62746 3.65293 3.6783 3.70392 3.72922 3.75459 3.78003 3.80524 3.83083 3.85623 3.88162 3.90698 3.93247 3.95807 3.9835 4.00916 4.03489 4.06081 4.08682 4.1131 4.13938 4.16551 4.19225 4.21843 4.24536 4.61738 4.62974 4.64293 4.65464 4.66741 4.67921 4.69113 4.70478 4.71642 4.72894 4.74114 4.75315 4.76522 4.77705 4.78879 4.80055 4.81208 4.82364 4.83521 4.84654 4.85803 4.86961 4.8808 4.89217 4.90338 4.91506 4.92657 4.93759 4.94896 4.95991 4.97401 
1.5 1.5 1.5 1.5 1.5 1.5 1.5 1.5 1.5 1.5 1.5 1.0964 1.1522 1.2081 1.264 1.3198 1.3757 1.4316 1.4875 1.5434 3.49964 3.52465 3.54958 3.57463 3.59937 3.62424 3.64909 3.67353 3.69839 3.72295 3.74753 3.77213 3.79654 3.82133 3.84585 3.87058 3.89541 3.92023 3.94509 3.9699 3.99486 4.01975 4.04469 4.06965 4.09467 4.11973 4.14473 4.1701 4.19519 4.22088 4.24633 4.61763 4.63037 4.64266 4.6553 4.66731 4.67895 4.69251 4.70432 4.71693 4.72891 4.7413 4.75328 4.76513 4.777 4.78863 4.80025 4.81178 4.82335 4.83482 4.84622 4.85781 4.86907 4.88046 4.89185 4.9032 4.91477 4.92616 4.93758 4.94868 4.96231 
1.5 1.5 1.5 1.5 1.5 1.5 1.5 1.5 1.5 1.5 1.5 1.1176 1.1946 1.2717 1.3488 1.4258 1.5029 1.58 1.657 1.7341 3.49983 3.52482 3.54967 3.57456 3.59943 3.62438 3.64922 3.67387 3.69881 3.72358 3.74843 3.7733 3.79802 3.82299 3.84778 3.87256 3.89753 3.92241 3.94727 3.97215 3.99708 4.02198 4.04696 4.07202 4.09709 4.12215 4.14722 4.17237 4.19733 4.22258 4.24768 4.61859 4.63053 4.64277 4.65525 4.6667 4.67812 4.69124 4.70316 4.71573 4.72767 4.74009 4.75206 4.76399 4.77612 4.7877 4.79938 4.81104 4.82265 4.83425 4.84575 4.85725 4.86872 4.88017 4.89168 4.90301 4.91444 4.92633 4.93808 4.94887 4.9624 
1.5 1.5 1.5 1.5 1.5 1.5 1.5 1.5 1.5 1.5 1.5 1.1327 1.2249 1.3171 1.4093 1.5015 1.5937 1.686 1.7782 1.8703 3.50046 3.52465 3.5488 3.57305 3.59726 3.62141 3.64548 3.66949 3.69357 3.7177 3.74166 3.76568 3.78978 3.81382 3.83785 3.86205 3.88597 3.91034 3.93464 3.95888 3.98316 4.00745 4.03174 4.05597 4.08021 4.10448 4.12873 4.15281 4.17702 4.20129 4.22545 4.24974 4.61991 4.63101 4.64386 4.6561 4.66644 4.67911 4.69073 4.70306 4.71509 4.72725 4.73924 4.75099 4.76317 4.77492 4.78665 4.79846 4.81002 4.82184 4.83343 4.84492 4.85657 4.8681 4.87968 4.89142 4.90296 4.9146 4.92657 4.93801 4.95092 
1.5 1.5 1.5 1.5 1.5 1.5 1.5 1.5 1.5 1.5 1.5 1.1257 1.2109 1.2961 1.3814 1.4665 1.5518 1.6371 1.7223 1.8075 3.50102 3.52529 3.54947 3.57367 3.59788 3.62207 3.64624 3.67037 3.69449 3.71871 3.74281 3.76702 3.79136 3.81553 3.83978 3.86413 3.88813 3.91248 3.93678 3.96099 3.98515 4.00937 4.03344 4.05764 4.08157 4.10562 4.1297 4.15352 4.17763 4.20139 4.2253 4.24941 4.61953 4.63064 4.64164 4.65444 4.66508 4.67817 4.68977 4.70187 4.71389 4.72574 4.73788 4.74959 4.7617 4.77354 4.78533 4.79737 4.80895 4.82079 4.83247 4.84404 4.85582 4.86755 4.87945 4.8912 4.90285 4.91445 4.92647 4.93817 4.95118 
1.5 1.5 1.5 1.5 1.5 1.5 1.5 1.5 1.5 1.5 1.5 1.1176 1.1946 1.2717 1.3488 1.4258 1.5029 1.58 1.657 1.7341 3.50191 3.52555 3.54904 3.57267 3.59618 3.61979 3.64327 3.66679 3.69037 3.71377 3.73726 3.76061 3.78399 3.80739 3.83082 3.85419 3.87747 3.90097 3.92439 3.94774 3.97104 3.99441 4.01761 4.04094 4.06403 4.08725 4.11054 4.13356 4.15695 4.17982 4.20306 4.2262 4.24947 4.61893 4.63015 4.6414 4.65258 4.66589 4.67786 4.68995 4.70196 4.71373 4.72587 4.73743 4.74924 4.76097 4.77283 4.78478 4.79655 4.80825 4.81998 4.83181 4.84375 4.8555 4.86759 4.87926 4.89111 4.90265 4.91471 4.9265 4.93978 
1.5 1.5 1.5 1.5 1.5 1.5 1.5 1.5 1.5 1.5 1.5 1.1176 1.1946 1.2717 1.3488 1.4258 1.5029 1.58 1.657 1.7341 3.50237 3.52609 3.54953 3.57314 3.59662 3.62021 3.64364 3.66717 3.69075 3.71414 3.73765 3.76104 3.7845 3.80792 3.83126 3.85471 3.87821 3.90163 3.92506 3.94843 3.97176 3.99513 4.01832 4.04165 4.06472 4.08793 4.11121 4.13416 4.15749 4.1804 4.20356 4.22668 4.24981 4.61928 4.63061 4.64237 4.65168 4.66595 4.67772 4.69016 4.70193 4.71367 4.72573 4.73743 4.74927 4.76091 4.77247 4.78408 4.79576 4.80781 4.81962 4.8314 4.8433 4.85506 4.86721 4.87888 4.8907 4.90231 4.91431 4.9259 4.93965 
1.5 1.5 1.5 1.5 1.5 1.5 1.5 1.5 1.5 1.5 1.5 1.1257 1.2109 1.2961 1.3814 1.4665 1.5518 1.6371 1.7223 1.8075 3.50228 3.52529 3.54815 3.5711 3.59393 3.61684 3.63978 3.66271 3.6855 3.70841 3.73125 3.75401 3.77683 3.79964 3.8224 3.84514 3.86798 3.89078 3.91361 3.93634 3.95892 3.98168 4.00424 4.02695 4.04923 4.07176 4.09434 4.1166 4.13915 4.16141 4.18387 4.20629 4.22858 4.25124 4.62012 4.63148 4.64126 4.65391 4.66674 4.67853 4.69038 4.70217 4.71435 4.72585 4.73779 4.74939 4.76111 4.77293 4.78446 4.79627 4.80785 4.81953 4.83153 4.84317 4.85519 4.86695 4.87855 4.89042 4.9022 4.91358 4.92778 
1.5 1.5 1.5 1.5 1.5 1.5 1.5 1.5 1.5 1.5 1.5 1.1257 1.2109 1.2961 1.3814 1.4665 1.5518 1.6371 1.7223 1.8075 3.50129 3.52418 3.54702 3.56994 3.59278 3.61573 3.63867 3.66174 3.68461 3.70763 3.73062 3.75354 3.77664 3.79966 3.82263 3.84556 3.86857 3.89158 3.91453 3.93748 3.96015 3.98306 4.00572 4.02853 4.05092 4.0735 4.09612 4.11839 4.14095 4.16313 4.1856 4.20799 4.23013 4.25276 4.62162 4.63239 4.64339 4.65436 4.66752 4.67889 4.69076 4.70258 4.71461 4.72625 4.73821 4.74983 4.76166 4.77348 4.78495 4.79664 4.80828 4.81967 4.83121 4.84282 4.85483 4.86653 4.87805 4.88998 4.90162 4.91284 4.92737 
1.5 1.5 1.5 1.5 1.5 1.5 1.5 1.5 1.5 1.5 1.5 1.1387 1.237 1.3353 1.4335 1.5318 1.6301 1.7283 1.8266 1.9249 3.50049 3.52273 3.54505 3.56716 3.58939 3.61162 3.63394 3.65627 3.67857 3.70094 3.72333 3.74576 3.76821 3.79063 3.81306 3.83545 3.85789 3.88025 3.90254 3.92489 3.94723 3.96945 3.9916 4.01379 4.03579 4.0578 4.0799 4.10176 4.12386 4.14543 4.16732 4.18921 4.21062 4.23251 4.2542 4.62239 4.63406 4.64352 4.65712 4.66828 4.68008 4.69198 4.70374 4.71555 4.72748 4.73906 4.7507 4.76247 4.77418 4.78569 4.79728 4.80863 4.82013 4.83155 4.84292 4.85459 4.86646 4.87806 4.8898 4.90051 4.9155 
1.5 1.5 1.5 1.5 1.5 1.5 1.5 1.5 1.5 1.5 1.5 1.144 1.2476 1.3512 1.4547 1.5583 1.6618 1.7654 1.869 1.9725 3.49974 3.52196 3.54427 3.56637 3.58862 3.61091 3.63328 3.65567 3.67799 3.70044 3.72286 3.7453 3.76783 3.79026 3.81278 3.83529 3.85779 3.88024 3.90258 3.92502 3.94741 3.96966 3.99184 4.01402 4.03599 4.05799 4.08006 4.10187 4.12384 4.14541 4.16725 4.18909 4.21049 4.23244 4.25423 4.62291 4.63418 4.64376 4.65749 4.66894 4.68066 4.69264 4.70428 4.7162 4.72807 4.73977 4.7513 4.76302 4.77464 4.78616 4.79788 4.80912 4.82047 4.83195 4.84328 4.85472 4.86622 4.87792 4.88969 4.89986 4.91563 
1.5 1.5 1.5 1.5 1.5 1.5 1.5 1.5 1.5 1.5 1.5 1.1327 1.2249 1.3171 1.4093 1.5015 1.5937 1.686 1.7782 1.8703 3.49965 3.52138 3.543 3.56463 3.58628 3.60794 3.62962 3.65137 3.67304 3.69466 3.71653 3.73829 3.75998 3.78182 3.80362 3.8253 3.84708 3.86887 3.89055 3.91224 3.93394 3.95557 3.97711 3.9987 4.02011 4.04153 4.06301 4.08424 4.1057 4.12689 4.14827 4.16965 4.19071 4.21213 4.2334 4.25486 4.62304 4.63275 4.64612 4.65782 4.66956 4.68151 4.69303 4.70498 4.71687 4.72859 4.74014 4.75173 4.76334 4.77492 4.78652 4.79805 4.8091 4.82055 4.83208 4.84355 4.85493 4.86605 4.87781 4.88804 4.90444 
1.5 1.5 1.5 1.5 1.5 1.5 1.5 1.5 1.5 1.5 1.5 1.1257 1.2109 1.2961 1.3814 1.4665 1.5518 1.6371 1.7223 1.8075 3.49945 3.52115 3.54272 3.5643 3.58589 3.6075 3.62917 3.65085 3.67247 3.69404 3.71578 3.73757 3.75924 3.78103 3.80279 3.82443 3.84612 3.86785 3.8895 3.9112 3.93281 3.95441 3.97601 3.99762 4.01918 4.04074 4.06232 4.08376 4.10531 4.12668 4.14813 4.1696 4.19076 4.21222 4.23348 4.25485 4.62291 4.63303 4.64591 4.65768 4.66962 4.68128 4.69292 4.70487 4.71673 4.7285 4.74005 4.75169 4.76332 4.77501 4.78646 4.79796 4.80945 4.82082 4.83229 4.84375 4.85529 4.86662 4.87721 4.88811 4.9048 
1.5 1.5 1.5 1.5 1.5 1.5 1.5 1.5 1.5 1.5 1.5 1.1387 1.237 1.3353 1.4335 1.5318 1.6301 1.7283 1.8266 1.9249 3.49942 3.52106 3.54262 3.56421 3.58583 3.60745 3.62908 3.65071 3.67234 3.69392 3.71563 3.73733 3.75893 3.78066 3.80235 3.82395 3.84561 3.8673 3.88897 3.91071 3.93239 3.95404 3.97567 3.99728 4.01882 4.04034 4.06188 4.08326 4.10476 4.12604 4.14745 4.16886 4.19 4.21142 4.23274 4.25414 4.62225 4.63307 4.64423 4.65689 4.66893 4.68041 4.69228 4.70422 4.7162 4.728 4.73962 4.75138 4.76305 4.77485 4.78628 4.79793 4.80951 4.82108 4.83245 4.84389 4.85538 4.86668 4.87816 4.88745 4.9051 
1.5 1.5 1.5 1.5 1.5 1.5 1.5 1.5 1.5 1.5 1.5 1.144 1.2476 1.3512 1.4547 1.5583 1.6618 1.7654 1.869 1.9725 3.49958 3.52054 3.54155 3.56266 3.58359 3.60472 3.62579 3.64685 3.6679 3.68895 3.70999 3.73123 3.75221 3.77336 3.79444 3.81549 3.83653 3.85752 3.87846 3.8995 3.92042 3.94149 3.96236 3.9833 4.00411 4.02497 4.04588 4.06661 4.08751 4.10832 4.12906 4.15 4.17063 4.19149 4.2123 4.23321 4.2541 4.62146 4.6319 4.64518 4.65686 4.66821 4.68026 4.69196 4.70412 4.71592 4.72747 4.73943 4.75111 4.7629 4.77452 4.78611 4.79783 4.80953 4.82085 4.83236 4.84373 4.85547 4.8672 4.87621 4.89335 
1.5 1.5 1.5 1.5 1.5 1.5 1.5 1.5 1.5 1.5 1.5 1.144 1.2476 1.3512 1.4547 1.5583 1.6618 1.7654 1.869 1.9725 3.50018 3.52118 3.54223 3.56337 3.5843 3.60541 3.62643 3.64744 3.66844 3.68943 3.71044 3.73154 3.75241 3.7735 3.79446 3.81541 3.83637 3.85729 3.8782 3.89916 3.92006 3.94111 3.96194 3.98288 4.00367 4.02451 4.04543 4.06616 4.08706 4.10786 4.12863 4.14957 4.17025 4.19112 4.21197 4.23292 4.25384 4.62128 4.63165 4.64498 4.65663 4.66816 4.68015 4.69162 4.70375 4.71538 4.72714 4.73913 4.75068 4.76252 4.7742 4.7858 4.79755 4.80931 4.82063 4.83226 4.84392 4.85562 4.86717 4.877 4.89315 
1.5 1.5 1.5 1.5 1.5 1.5 1.5 1.5 1.5 1.5 1.5 1.1487 1.2569 1.3652 1.4735 1.5816 1.6899 1.7982 1.9064 2.0146 3.50054 3.52157 3.54255 3.56364 3.58452 3.60562 3.6266 3.64756 3.66855 3.68954 3.71053 3.73161 3.75246 3.77354 3.79449 3.81542 3.83638 3.85726 3.8782 3.89915 3.92004 3.94109 3.96193 3.98287 4.00366 4.0245 4.04542 4.06614 4.08703 4.10786 4.12861 4.14955 4.17024 4.19111 4.21199 4.23295 4.25388 4.62139 4.63177 4.64501 4.65674 4.66834 4.68015 4.69184 4.70382 4.71547 4.72699 4.7387 4.75029 4.76214 4.77383 4.78539 4.79711 4.80883 4.82052 4.83227 4.84389 4.85561 4.86693 4.87828 4.89291 
1.5 1.5 1.5 1.5 1.5 1.5 1.5 1.5 1.5 1.5 1.5 1.1487 1.2569 1.3652 1.4735 1.5816 1.6899 1.7982 1.9064 2.0146 3.5007 3.52126 3.54166 3.56215 3.58254 3.60303 3.62352 3.64391 3.66441 3.68489 3.70527 3.72562 3.74607 3.76655 3.78689 3.8073 3.82764 3.84801 3.86851 3.88883 3.90921 3.92966 3.94991 3.97035 3.99056 4.01093 4.03135 4.05152 4.07194 4.09211 4.11248 4.13275 4.15296 4.17326 4.19363 4.21409 4.2344 4.25492 4.62073 4.63386 4.64548 4.65717 4.66899 4.68071 4.69238 4.70394 4.71554 4.72711 4.73864 4.75015 4.76183 4.77351 4.78538 4.79711 4.80883 4.82056 4.83227 4.84376 4.85566 4.86742 4.88116 
1.5 1.5 1.5 1.5 1.5 1.5 1.5 1.5 1.5 1.5 1.5 1.1387 1.237 1.3353 1.4335 1.5318 1.6301 1.7283 1.8266 1.9249 3.50042 3.52094 3.54136 3.56187 3.58232 3.60284 3.62337 3.64378 3.66431 3.68483 3.70523 3.72563 3.74611 3.7666 3.78697 3.80742 3.82779 3.84826 3.86876 3.88911 3.90954 3.93001 3.95031 3.97077 3.99102 4.01141 4.03185 4.05206 4.07248 4.09268 4.11306 4.13334 4.15359 4.1739 4.19426 4.21473 4.23506 4.25553 4.62173 4.63443 4.64599 4.65789 4.66929 4.68087 4.69253 4.70403 4.71559 4.72703 4.73857 4.75011 4.76176 4.77341 4.78533 4.79691 4.80877 4.82044 4.83209 4.84404 4.8559 4.86761 4.88121 
1.5 1.5 1.5 1.5 1.5 1.5 1.5 1.5 1.5 1.5 1.5 1.144 1.2476 1.3512 1.4547 1.5583 1.6618 1.7654 1.869 1.9725 3.50012 3.52063 3.54105 3.56157 3.58198 3.6025 3.62303 3.64346 3.66398 3.68452 3.70496 3.72539 3.74593 3.76644 3.78688 3.80742 3.82784 3.84837 3.86888 3.88929 3.90976 3.93026 3.9506 3.97107 3.99138 4.01181 4.03227 4.05253 4.07298 4.09322 4.11365 4.13398 4.15432 4.17466 4.19506 4.21551 4.23588 4.25633 4.62301 4.63509 4.64661 4.65823 4.66952 4.68108 4.6926 4.70413 4.71562 4.72712 4.73875 4.7503 4.76201 4.77374 4.78519 4.79677 4.80865 4.82042 4.83236 4.84419 4.85599 4.8676 4.88152 
1.5 1.5 1.5 1.5 1.5 1.5 1.5 1.5 1.5 1.5 1.5 1.1529 1.2653 1.3776 1.4901 1.6024 1.7149 1.8272 1.9396 2.052 3.4998 3.52032 3.54074 3.56124 3.58166 3.60218 3.6227 3.64313 3.66367 3.68419 3.70463 3.72508 3.74566 3.76621 3.78669 3.80728 3.82774 3.84833 3.86886 3.88934 3.90988 3.9304 3.95083 3.97134 3.99173 4.01221 4.0327 4.05304 4.07352 4.09383 4.11427 4.13463 4.15498 4.17533 4.19564 4.21605 4.23634 4.25663 4.62364 4.63477 4.64655 4.65816 4.6694 4.68093 4.69245 4.7042 4.71575 4.72727 4.73891 4.75053 4.76227 4.77378 4.78533 4.79687 4.80875 4.8207 4.83259 4.84441 4.85612 4.86791 4.88192 
1.5 1.5 1.5 1.5 1.5 1.5 1.5 1.5 1.5 1.5 1.5 1.1566 1.2727 1.3888 1.5049 1.621 1.7372 1.8533 1.9694 2.0855 3.49959 3.5195 3.53951 3.55942 3.57932 3.59934 3.61927 3.63922 3.65924 3.6792 3.69927 3.71923 3.73923 3.75917 3.77927 3.79927 3.81936 3.83937 3.85933 3.87945 3.89944 3.91939 3.93949 3.95942 3.97937 3.99939 4.01931 4.03927 4.05916 4.07894 4.09874 4.11866 4.13834 4.15825 4.17785 4.19761 4.21736 4.2371 4.25691 4.62293 4.63479 4.64644 4.65789 4.66943 4.68107 4.69271 4.7043 4.71597 4.7276 4.73929 4.75069 4.76227 4.77415 4.7858 4.79778 4.80927 4.82119 4.83319 4.8449 4.85661 4.87086 
1.5 1.5 1.5 1.5 1.5 1.5 1.5 1.5 1.5 1.5 1.5 1.1529 1.2653 1.3776 1.4901 1.6024 1.7149 1.8272 1.9396 2.052 3.49949 3.5194 3.53942 3.55933 3.57925 3.59928 3.61924 3.6392 3.65923 3.67922 3.69929 3.71927 3.73927 3.75922 3.77933 3.79932 3.81939 3.83938 3.85932 3.87941 3.89936 3.91931 3.93938 3.95931 3.97923 3.99921 4.0191 4.03904 4.0589 4.07867 4.09847 4.11838 4.13805 4.15795 4.17757 4.19733 4.21709 4.2369 4.25675 4.62285 4.63488 4.64646 4.658 4.66953 4.6812 4.69288 4.70453 4.7162 4.72763 4.73939 4.751 4.76274 4.77458 4.78618 4.79821 4.80983 4.82141 4.83347 4.84532 4.85681 4.87142 
1.5 1.5 1.5 1.5 1.5 1.5 1.5 1.5 1.5 1.5 1.5 1.1529 1.2653 1.3776 1.4901 1.6024 1.7149 1.8272 1.9396 2.052 3.49963 3.51957 3.53958 3.55949 3.57942 3.59945 3.61939 3.63934 3.65938 3.67932 3.69938 3.71933 3.73929 3.75924 3.77931 3.79928 3.81934 3.83929 3.8592 3.87924 3.89914 3.91904 3.93901 3.95889 3.97872 3.99866 4.01852 4.0384 4.05825 4.07802 4.09785 4.11779 4.13757 4.15754 4.17731 4.19717 4.21702 4.23694 4.2568 4.62303 4.63504 4.64653 4.65815 4.6697 4.68143 4.69307 4.70458 4.71632 4.72793 4.73982 4.7514 4.76312 4.77497 4.78656 4.79859 4.81024 4.82202 4.83358 4.8456 4.85701 4.87198 
1.5 1.5 1.5 1.5 1.5 1.5 1.5 1.5 1.5 1.5 1.5 1.1529 1.2653 1.3776 1.4901 1.6024 1.7149 1.8272 1.9396 2.052 3.49981 3.51974 3.53976 3.55968 3.5796 3.59963 3.61956 3.6395 3.65952 3.67947 3.6995 3.71942 3.73933 3.75923 3.77924 3.79911 3.81909 3.83896 3.85884 3.87878 3.89863 3.9185 3.93843 3.9583 3.97814 3.99811 4.01799 4.03794 4.05782 4.07767 4.09754 4.11751 4.13735 4.15733 4.17715 4.19702 4.21689 4.23686 4.25677 4.62317 4.63502 4.64657 4.65825 4.66976 4.68156 4.69316 4.70484 4.71663 4.72821 4.7401 4.7517 4.76344 4.77528 4.78686 4.79892 4.81059 4.8224 4.83405 4.84563 4.85732 4.87237 
1.5 1.5 1.5 1.5 1.5 1.5 1.5 1.5 1.5 1.5 1.5 1.1529 1.2653 1.3776 1.4901 1.6024 1.7149 1.8272 1.9396 2.052 3.5 3.51995 3.53995 3.55985 3.57976 3.59975 3.61964 3.63952 3.6595 3.67938 3.69934 3.71921 3.73907 3.75894 3.7789 3.79876 3.81874 3.8386 3.85849 3.87847 3.89835 3.91824 3.93823 3.95812 3.97799 3.99797 4.01786 4.03782 4.05771 4.07756 4.09743 4.1174 4.13725 4.15724 4.17708 4.19695 4.21683 4.23681 4.25669 4.62312 4.63497 4.64656 4.65828 4.66989 4.68173 4.69327 4.70499 4.71682 4.72842 4.74029 4.75191 4.76363 4.77551 4.78712 4.79919 4.81085 4.82266 4.83446 4.84557 4.8579 4.87238 
1.5 1.5 1.5 1.5 1.5 1.5 1.5 1.5 1.5 1.5 1.5 1.1566 1.2727 1.3888 1.5049 1.621 1.7372 1.8533 1.9694 2.0855 3.49993 3.51982 3.53979 3.55968 3.57956 3.59954 3.61943 3.6393 3.65929 3.67917 3.69917 3.71907 3.73897 3.75887 3.77887 3.79877 3.81877 3.83866 3.85856 3.87855 3.89843 3.91831 3.93829 3.95818 3.97804 3.99801 4.01789 4.03784 4.05772 4.07755 4.09741 4.11737 4.13719 4.15715 4.17696 4.19683 4.21669 4.23668 4.25659 4.62322 4.63465 4.64661 4.65835 4.66995 4.6817 4.69332 4.70504 4.7169 4.72851 4.74035 4.75202 4.76378 4.77567 4.78727 4.79936 4.81102 4.82281 4.83466 4.84578 4.85855 4.87205 
1.5 1.5 1.5 1.5 1.5 1.5 1.5 1.5 1.5 1.5 1.5 1.1629 1.2854 1.4079 1.5305 1.6529 1.7754 1.8979 2.0203 2.1428 3.49988 3.51926 3.53876 3.55817 3.57757 3.59708 3.61649 3.636 3.65541 3.67482 3.69423 3.71373 3.73314 3.75264 3.77204 3.79153 3.81093 3.83032 3.84971 3.86919 3.88857 3.90805 3.92742 3.94691 3.96625 3.98561 4.00498 4.0244 4.04376 4.06307 4.08252 4.10187 4.12129 4.14066 4.16009 4.17947 4.19884 4.21825 4.23776 4.25721 4.62313 4.63508 4.64688 4.65845 4.67013 4.68185 4.69346 4.70536 4.71704 4.72883 4.74059 4.75225 4.76416 4.77587 4.78786 4.79959 4.8113 4.82318 4.83452 4.84767 4.85973 
1.5 1.5 1.5 1.5 1.5 1.5 1.5 1.5 1.5 1.5 1.5 1.1629 1.2854 1.4079 1.5305 1.6529 1.7754 1.8979 2.0203 2.1428 3.49991 3.51931 3.53882 3.55822 3.57764 3.59715 3.61656 3.63608 3.65549 3.67492 3.69434 3.71385 3.73327 3.75278 3.7722 3.79169 3.81109 3.83049 3.84988 3.86937 3.88873 3.90822 3.92757 3.94704 3.96637 3.98573 4.00509 4.02451 4.04388 4.0632 4.08265 4.10201 4.12143 4.1408 4.16022 4.1796 4.19896 4.21835 4.23785 4.25729 4.62327 4.63514 4.64689 4.65847 4.67017 4.6819 4.69355 4.70541 4.71709 4.72889 4.74066 4.75232 4.76424 4.77594 4.78791 4.7997 4.81145 4.82311 4.83503 4.84804 4.85899 
1.5 1.5 1.5 1.5 1.5 1.5 1.5 1.5 1.5 1.5 1.5 1.1566 1.2727 1.3888 1.5049 1.621 1.7372 1.8533 1.9694 2.0855 3.49994 3.51936 3.53886 3.55826 3.57767 3.59717 3.61659 3.6361 3.65551 3.67493 3.69435 3.71386 3.73328 3.75279 3.7722 3.79171 3.81111 3.83052 3.84992 3.86941 3.8888 3.90829 3.92766 3.94715 3.9665 3.98586 4.00524 4.02467 4.04404 4.06336 4.08281 4.10217 4.12158 4.14095 4.16037 4.17974 4.19911 4.21849 4.23798 4.25741 4.62345 4.6352 4.64699 4.65859 4.67031 4.68203 4.69363 4.70549 4.71718 4.72899 4.74075 4.75239 4.76434 4.7761 4.78804 4.79981 4.81145 4.8232 4.83573 4.84729 4.85874 
1.5 1.5 1.5 1.5 1.5 1.5 1.5 1.5 1.5 1.5 1.5 1.1566 1.2727 1.3888 1.5049 1.621 1.7372 1.8533 1.9694 2.0855 3.49998 3.51939 3.53888 3.55828 3.57768 3.59718 3.61659 3.63609 3.6555 3.67491 3.69432 3.71383 3.73325 3.75276 3.77217 3.79168 3.81109 3.8305 3.8499 3.8694 3.8888 3.90829 3.92767 3.94717 3.96653 3.98591 4.00529 4.02473 4.04411 4.06344 4.08291 4.10227 4.12169 4.14107 4.16049 4.17987 4.19923 4.21862 4.23812 4.25755 4.62362 4.6354 4.64713 4.65875 4.67044 4.68213 4.69372 4.70558 4.71726 4.72904 4.7408 4.75248 4.7645 4.77625 4.78813 4.79982 4.81148 4.82384 4.83531 4.84693 4.85859 
1.5 1.5 1.5 1.5 1.5 1.5 1.5 1.5 1.5 1.5 1.5 1.1599 1.2794 1.3988 1.5183 1.6377 1.7572 1.8767 1.9961 2.1156 3.49997 3.51938 3.53888 3.55827 3.57768 3.59718 3.61658 3.63608 3.65549 3.67489 3.69429 3.7138 3.73321 3.75272 3.77212 3.79163 3.81103 3.83044 3.84984 3.86934 3.88873 3.90822 3.9276 3.94709 3.96646 3.98584 4.00522 4.02468 4.04407 4.06342 4.0829 4.10228 4.12175 4.14114 4.16061 4.18001 4.1994 4.2188 4.2383 4.25774 4.62384 4.63561 4.64727 4.65889 4.67056 4.68225 4.69383 4.70567 4.71736 4.72918 4.74098 4.75265 4.7646 4.77633 4.78812 4.79992 4.81176 4.82342 4.83503 4.84669 4.85838 
1.5 1.5 1.5 1.5 1.5 1.5 1.5 1.5 1.5 1.5 1.5 1.1629 1.2854 1.4079 1.5305 1.6529 1.7754 1.8979 2.0203 2.1428 3.49998 3.51937 3.53887 3.55827 3.57766 3.59716 3.61656 3.63605 3.65545 3.67485 3.69425 3.71375 3.73315 3.75265 3.77205 3.79156 3.81096 3.83036 3.84976 3.86926 3.88865 3.90815 3.92754 3.94704 3.96643 3.98582 4.00522 4.0247 4.0441 4.06348 4.08297 4.10236 4.12184 4.14123 4.16071 4.18011 4.1995 4.2189 4.2384 4.25784 4.62405 4.63567 4.64735 4.65898 4.67064 4.68235 4.69396 4.70583 4.71753 4.72934 4.7411 4.75276 4.76464 4.77637 4.78823 4.79989 4.81141 4.82316 4.83479 4.8464 4.85808 
1.5 1.5 1.5 1.5 1.5 1.5 1.5 1.5 1.5 1.5 1.5 1.1657 1.2909 1.4162 1.5414 1.6666 1.7919 1.9172 2.0424 2.1676 3.49998 3.51897 3.53787 3.55686 3.57576 3.59475 3.61374 3.63264 3.65163 3.67052 3.68952 3.70851 3.72751 3.7464 3.7654 3.78442 3.80332 3.82234 3.84124 3.86026 3.87917 3.89818 3.91719 3.9361 3.9551 3.974 3.993 4.01198 4.03087 4.04985 4.06874 4.08782 4.10669 4.12568 4.14456 4.16354 4.18253 4.20143 4.22041 4.23934 4.25835 4.62406 4.63579 4.64746 4.65927 4.6709 4.68261 4.69439 4.70609 4.71795 4.72958 4.74134 4.7531 4.76477 4.77645 4.78798 4.79964 4.81121 4.82283 4.83446 4.84602 
1.5 1.5 1.5 1.5 1.5 1.5 1.5 1.5 1.5 1.5 1.5 1.1387 1.237 1.3353 1.4335 1.5318 1.6301 1.7283 1.8266 1.9249 3.50002 3.51902 3.5379 3.55689 3.57578 3.59477 3.61376 3.63265 3.65165 3.67054 3.68954 3.70855 3.72755 3.74646 3.76546 3.78447 3.80339 3.8224 3.84131 3.86032 3.87923 3.89823 3.91723 3.93613 3.95513 3.97402 3.99302 4.01201 4.0309 4.04988 4.06877 4.08786 4.10673 4.12571 4.14458 4.16356 4.18254 4.20145 4.22045 4.23941 4.25847 4.62418 4.63598 4.64766 4.65946 4.67109 4.68281 4.69454 4.70623 4.71805 4.72965 4.74132 4.75289 4.7645 4.77615 4.78766 4.79928 4.81079 4.8224 4.834 4.84552 
1.5 1.5 1.5 1.5 1.5 1.5 1.5 1.5 1.5 1.5 1.5 1.1387 1.237 1.3353 1.4335 1.5318 1.6301 1.7283 1.8266 1.9249 3.50011 3.51912 3.53799 3.55699 3.57589 3.59488 3.61387 3.63277 3.65176 3.67065 3.68964 3.70864 3.72763 3.74653 3.76552 3.78451 3.80342 3.82243 3.84133 3.86034 3.87924 3.89824 3.91725 3.93615 3.95515 3.97405 3.99305 4.01203 4.03092 4.0499 4.06879 4.08787 4.10676 4.12575 4.14466 4.16367 4.18268 4.20163 4.22064 4.23963 4.25869 4.62444 4.63626 4.64791 4.65968 4.67127 4.68299 4.69467 4.70633 4.71798 4.72946 4.74109 4.75261 4.7642 4.77578 4.78728 4.79887 4.81035 4.82195 4.83352 4.84503 
1.5 1.5 1.5 1.5 1.5 1.5 1.5 1.5 1.5 1.5 1.5 1.1387 1.237 1.3353 1.4335 1.5318 1.6301 1.7283 1.8266 1.9249 3.50021 3.51923 3.53809 3.55709 3.57598 3.59497 3.61396 3.63285 3.65183 3.67072 3.68971 3.7087 3.72769 3.74659 3.76558 3.78457 3.80347 3.82247 3.84137 3.86037 3.87927 3.89827 3.91726 3.93616 3.95515 3.97405 3.99304 4.01205 4.03095 4.04996 4.06887 4.08798 4.10691 4.12592 4.14486 4.16388 4.18291 4.20187 4.2209 4.23988 4.25893 4.62477 4.63649 4.64816 4.65988 4.67142 4.68305 4.69458 4.70616 4.71775 4.72923 4.74082 4.75227 4.76386 4.77541 4.7869 4.79847 4.80994 4.82153 4.8331 4.8446 
1.5 1.5 1.5 1.5 1.5 1.5 1.5 1.5 1.5 1.5 1.5 1.1387 1.237 1.3353 1.4335 1.5318 1.6301 1.7283 1.8266 1.9249 3.50027 3.51928 3.53815 3.55715 3.57605 3.59504 3.61403 3.63291 3.6519 3.67079 3.68978 3.70876 3.72775 3.74664 3.76562 3.7846 3.8035 3.82248 3.84138 3.86037 3.87928 3.89828 3.91729 3.9362 3.95522 3.97414 3.99315 4.01217 4.03109 4.05012 4.06904 4.08816 4.1071 4.12611 4.14506 4.16409 4.18312 4.20209 4.22111 4.24009 4.25913 4.62511 4.63671 4.64829 4.65988 4.67134 4.68293 4.69439 4.70597 4.7175 4.72896 4.74053 4.75196 4.76354 4.77508 4.78656 4.79814 4.8096 4.82119 4.83276 4.84426 
1.5 1.5 1.5 1.5 1.5 1.5 1.5 1.5 1.5 1.5 1.5 1.1387 1.237 1.3353 1.4335 1.5318 1.6301 1.7283 1.8266 1.9249 3.50029 3.51929 3.53818 3.55718 3.57607 3.59507 3.61406 3.63294 3.65193 3.67082 3.6898 3.70879 3.72777 3.74666 3.76565 3.78466 3.80355 3.82256 3.84147 3.86048 3.87939 3.8984 3.91742 3.93633 3.95536 3.97428 3.9933 4.01233 4.03125 4.05029 4.06921 4.08833 4.10729 4.12631 4.14527 4.16431 4.18336 4.2023 4.22132 4.24023 4.25922 4.62514 4.63659 4.64817 4.6597 4.67117 4.68273 4.69415 4.70572 4.71725 4.72871 4.74027 4.75171 4.76329 4.77483 4.78631 4.79789 4.80935 4.82094 4.83251 4.84401 
1.5 1.5 1.5 1.5 1.5 1.5 1.5 1.5 1.5 1.5 1.5 1.1387 1.237 1.3353 1.4335 1.5318 1.6301 1.7283 1.8266 1.9249 3.5003 3.5193 3.53819 3.55719 3.57609 3.59509 3.61408 3.63297 3.65197 3.67087 3.68986 3.70886 3.72786 3.74676 3.76576 3.78477 3.80368 3.82269 3.8416 3.86061 3.87953 3.89854 3.91757 3.93648 3.95552 3.97445 3.99346 4.01251 4.03143 4.05047 4.0694 4.08853 4.10746 4.12647 4.14537 4.16437 4.18336 4.20223 4.22122 4.24009 4.25906 4.62494 4.63637 4.64795 4.65948 4.67094 4.68251 4.69394 4.70551 4.71705 4.72852 4.74009 4.75153 4.76311 4.77466 4.78615 4.79773 4.8092 4.82079 4.83236 4.84386 
1.5 1.5 1.5 1.5 1.5 1.5 1.5 1.5 1.5 1.5 1.5 1.1387 1.237 1.3353 1.4335 1.5318 1.6301 1.7283 1.8266 1.9249 3.5003 3.5188 3.5373 3.55581 3.57431 3.59281 3.61131 3.62992 3.64842 3.66692 3.68543 3.70394 3.72245 3.74096 3.75947 3.77809 3.7966 3.81512 3.83364 3.85216 3.87068 3.8892 3.90772 3.92623 3.94486 3.96337 3.98188 4.00038 4.01888 4.03738 4.05587 4.07436 4.09295 4.11144 4.12992 4.14841 4.16689 4.18536 4.20385 4.22231 4.24089 4.25937 4.62467 4.63615 4.64769 4.65927 4.67074 4.68228 4.69376 4.70531 4.71689 4.72836 4.73992 4.75141 4.76297 4.77456 4.78604 4.79762 4.80911 4.8207 4.83229 
1.5 1.5 1.5 1.5 1.5 1.5 1.5 1.5 1.5 1.5 1.5 1.1387 1.237 1.3353 1.4335 1.5318 1.6301 1.7283 1.8266 1.9249 3.50032 3.51882 3.53733 3.55584 3.57434 3.59285 3.61136 3.62997 3.64848 3.667 3.68552 3.70403 3.72256 3.74107 3.75959 3.7782 3.79671 3.81522 3.83373 3.85223 3.87073 3.88923 3.90771 3.92621 3.94479 3.96328 3.98178 4.00026 4.01876 4.03724 4.05573 4.07422 4.09279 4.11129 4.12976 4.14824 4.16673 4.1852 4.20369 4.22215 4.24074 4.25922 4.62451 4.636 4.64756 4.65914 4.67061 4.68217 4.69366 4.70523 4.71681 4.72829 4.73986 4.75135 4.76293 4.77452 4.78601 4.7976 4.80909 4.82068 4.83227 
1.5 1.5 1.5 1.5 1.5 1.5 1.5 1.5 1.5 1.5 1.5 1.1387 1.237 1.3353 1.4335 1.5318 1.6301 1.7283 1.8266 1.9249 3.50035 3.51886 3.53737 3.55588 3.5744 3.59291 3.61142 3.63003 3.64854 3.66706 3.68557 3.70406 3.72257 3.74107 3.75956 3.77815 3.79665 3.81514 3.83363 3.85212 3.87061 3.88911 3.90759 3.92608 3.94466 3.96315 3.98164 4.00012 4.01862 4.03709 4.05558 4.07407 4.09264 4.11113 4.12961 4.1481 4.16658 4.18506 4.20355 4.22203 4.24062 4.2591 4.6244 4.63589 4.64746 4.65905 4.67054 4.68211 4.69361 4.70518 4.71677 4.72826 4.73985 4.75134 4.76293 4.77452 4.78601 4.79761 4.8091 4.8207 4.83229 
1.5 1.5 1.5 1.5 1.5 1.5 1.5 1.5 1.5 1.5 1.5 1.1387 1.237 1.3353 1.4335 1.5318 1.6301 1.7283 1.8266 1.9249 3.50037 3.51889 3.53738 3.55589 3.57439 3.59288 3.61138 3.62998 3.64848 3.66697 3.68546 3.70396 3.72245 3.74095 3.75944 3.77803 3.79652 3.81501 3.83351 3.85199 3.87048 3.88897 3.90746 3.92595 3.94453 3.96301 3.98151 3.99998 4.01848 4.03696 4.05545 4.07394 4.09252 4.11101 4.12949 4.14798 4.16647 4.18496 4.20345 4.22194 4.24053 4.25903 4.62432 4.63581 4.6474 4.65899 4.67049 4.68208 4.69358 4.70517 4.71677 4.72826 4.73986 4.75135 4.76295 4.77454 4.78604 4.79764 4.80914 4.82073 4.83233 
1.5 1.5 1.5 1.5 1.5 1.5 1.5 1.5 1.5 1.5 1.5 1.1387 1.237 1.3353 1.4335 1.5318 1.6301 1.7283 1.8266 1.9249 3.50029 3.51879 3.53729 3.55579 3.57429 3.59279 3.61129 3.62988 3.64838 3.66687 3.68536 3.70385 3.72234 3.74084 3.75933 3.77791 3.7964 3.81489 3.83338 3.85187 3.87035 3.88885 3.90733 3.92582 3.94441 3.96289 3.98139 3.99987 4.01837 4.03685 4.05534 4.07384 4.09242 4.11092 4.12941 4.1479 4.1664 4.18489 4.20338 4.22188 4.24048 4.25897 4.62426 4.63576 4.64736 4.65896 4.67046 4.68207 4.69357 4.70517 4.71677 4.72827 4.73987 4.75137 4.76298 4.77458 4.78608 4.79768 4.80918 4.82078 4.83238 
1.5 1.5 1.5 1.5 1.5 1.5 1.5 1.5 1.5 1.5 1.5 1.1387 1.237 1.3353 1.4335 1.5318 1.6301 1.7283 1.8266 1.9249 3.50024 3.51874 3.53723 3.55573 3.57423 3.59273 3.61122 3.62981 3.64831 3.6668 3.68529 3.70378 3.72226 3.74076 3.75924 3.77783 3.79631 3.8148 3.83329 3.85177 3.87026 3.88876 3.90724 3.92574 3.94432 3.96281 3.98131 3.99979 4.01829 4.03678 4.05528 4.07377 4.09236 4.11086 4.12936 4.14785 4.16635 4.18485 4.20335 4.22185 4.24045 4.25895 4.62424 4.63574 4.64734 4.65895 4.67045 4.68206 4.69356 4.70517 4.71677 4.72827 4.73988 4.75139 4.763 4.7746 4.78611 4.79771 4.80921 4.82082 4.83243 
1.5 1.5 1.5 1.5 1.5 1.5 1.5 1.5 1.5 1.5 1.5 1.1387 1.237 1.3353 1.4335 1.5318 1.6301 1.7283 1.8266 1.9249 3.50019 3.51869 3.53718 3.55568 3.57418 3.59267 3.61116 3.62976 3.64825 3.66674 3.68523 3.70372 3.72221 3.7407 3.75919 3.77777 3.79626 3.81474 3.83324 3.85172 3.87021 3.8887 3.90718 3.92568 3.94426 3.96275 3.98125 3.99973 4.01823 4.03672 4.05522 4.07371 4.09231 4.11081 4.12931 4.14781 4.16631 4.18481 4.20331 4.22182 4.24042 4.25892 4.62422 4.63572 4.64734 4.65894 4.67045 4.68207 4.69357 4.70518 4.71679 4.7283 4.73991 4.75141 4.76302 4.77463 4.78613 4.79774 4.80924 4.82085 4.83245 
