76 81 1.5 0.33
0 2 4 6 8 10 12 14 16 18 20 22 24 26 28 30 32 34 36 38 40 42 44 46 48 50 52 54 56 58 60 62 64 66 68 70 72 74 76 78 80 82 84 86 88 90 92 94 96 98 100 102 104 106 108 110 112 114 116 118 120 122 124 126 128 130 132 134 136 138 140 142 144 146 148 150 
0 0 0 0 0 0 0 0 0 0 0 0 0 0 0 0 0 0 0 0 0 0 0 0 0 0 0 0 0 0 0 0 0 0 0 0 0 0 0 0 0 0 0 0 0 0 0 0 0 0 0 0 0 0 0 0 0 0 0 0 0 0 0 0 0 0 0 0 0 0 0 0 0 0 0 0 
0 0.2 0.4 0.6 0.8 1 1.2 1.4 1.6 1.8 2 2.2 2.4 2.6 2.8 3 3.2 3.4 3.6 3.8 4 4.2 4.4 4.6 4.8 5 5.2 5.4 5.6 5.8 6 6.2 6.4 6.6 6.8 7 7.2 7.4 7.6 7.8 8 8.2 8.4 8.6 8.8 9 9.2 9.4 9.6 9.8 10 10.2 10.4 10.6 10.8 11 11.2 11.4 11.6 11.8 12 12.2 12.4 12.6 12.8 13 13.2 13.4 13.6 13.8 14 14.2 14.4 14.6 14.8 15 15.2 15.4 15.6 15.8 16 
1.5 1.5 1.5 1.5 1.5 1.5 1.5 1.5 1.5 1.5 1.5 0.9808 3.49458 3.51436 3.53429 3.55424 3.57423 3.59443 3.61451 3.63452 3.65483 3.67507 3.69558 3.71568 3.73601 3.75655 3.77706 3.79756 3.81786 3.83839 3.85876 3.87916 3.89945 3.91947 3.93987 3.95994 3.97988 4 4.01992 4.03989 4.05967 4.0795 4.09921 4.11911 4.13874 4.15855 4.17835 4.19799 4.21781 4.23761 4.25745 4.62414 4.63554 4.64714 4.65872 4.67024 4.68186 4.69341 4.70503 4.7167 4.72822 4.73985 4.75138 4.76299 4.77461 4.78611 4.79771 4.80921 4.82081 4.8324 4.8439 4.8555 4.8671 4.8786 4.8902 4.9017 4.9133 4.92491 4.93641 4.94801 4.95952 
1.5 1.5 1.5 1.5 1.5 1.5 1.5 1.5 1.5 1.5 1.5 1.0289 1.0173 3.49116 3.51166 3.53204 3.55271 3.57319 3.59379 3.61435 3.63498 3.65576 3.6766 3.69724 3.71804 3.73901 3.75996 3.78112 3.80187 3.82288 3.84393 3.86501 3.88611 3.90698 3.92809 3.9491 3.96993 3.99089 4.01162 4.03264 4.05331 4.07396 4.09452 4.11513 4.13562 4.15608 4.17647 4.19679 4.21722 4.23736 4.25773 4.62495 4.63615 4.64762 4.65903 4.67046 4.68199 4.69339 4.70498 4.71656 4.72809 4.7397 4.75124 4.76287 4.77451 4.78604 4.79765 4.80919 4.82079 4.83241 4.84391 4.85551 4.86711 4.87861 4.8902 4.9017 4.9133 4.92489 4.93639 4.94799 4.95949 
1.5 1.5 1.5 1.5 1.5 1.5 1.5 1.5 1.5 1.5 1.5 1.053 1.0655 1.078 3.49138 3.51204 3.53278 3.55348 3.5741 3.59483 3.61559 3.63656 3.65744 3.67835 3.69938 3.72086 3.74189 3.76343 3.78467 3.80626 3.82781 3.84941 3.87119 3.89265 3.91435 3.93634 3.95786 3.9796 4.00115 4.02299 4.0448 4.06607 4.08794 4.10926 4.13085 4.15228 4.17346 4.19478 4.21588 4.23696 4.25792 4.62609 4.63739 4.64885 4.6601 4.67139 4.68279 4.69392 4.70542 4.71676 4.72819 4.73969 4.7511 4.7627 4.77429 4.78583 4.79744 4.80902 4.82064 4.83231 4.84383 4.85547 4.86711 4.87861 4.89022 4.90172 4.91332 4.92491 4.9364 4.94798 4.95948 
1.5 1.5 1.5 1.5 1.5 1.5 1.5 1.5 1.5 1.5 1.5 1.053 1.0655 1.078 3.49275 3.51339 3.5339 3.5544 3.57487 3.59568 3.61601 3.63614 3.65603 3.67628 3.69654 3.71652 3.73696 3.75768 3.77882 3.79983 3.82139 3.84297 3.8652 3.88672 3.90908 3.9315 3.95318 3.97557 3.997 4.01953 4.04174 4.06336 4.08574 4.1074 4.12945 4.15133 4.17256 4.19442 4.21556 4.23712 4.25815 4.62662 4.63813 4.6498 4.66115 4.67249 4.68391 4.69501 4.7064 4.7175 4.72878 4.74009 4.75124 4.76271 4.77415 4.78562 4.79721 4.80871 4.82037 4.83207 4.84364 4.85531 4.86701 4.87855 4.8902 4.90172 4.91333 4.92495 4.93644 4.948 4.95949 
1.5 1.5 1.5 1.5 1.5 1.5 1.5 1.5 1.5 1.5 1.5 1.053 1.0655 1.078 3.49226 3.51323 3.53407 3.55489 3.57549 3.59643 3.61697 3.63751 3.65786 3.67828 3.69856 3.71845 3.73827 3.75812 3.77826 3.79788 3.81808 3.83847 3.85937 3.88016 3.90135 3.92396 3.94596 3.96871 3.99084 4.01386 4.03675 4.05821 4.08126 4.10288 4.12562 4.14778 4.16928 4.19166 4.21305 4.23504 4.25638 4.62478 4.63694 4.64865 4.66063 4.67219 4.6839 4.69543 4.70705 4.71852 4.72988 4.74141 4.75257 4.76401 4.77518 4.78648 4.79783 4.80899 4.82049 4.83192 4.84344 4.855 4.86666 4.87822 4.88995 4.9015 4.91318 4.92491 4.93643 4.94808 4.95956 
1.5 1.5 1.5 1.5 1.5 1.5 1.5 1.5 1.5 1.5 1.5 1.0289 1.0173 3.49145 3.51163 3.53197 3.55243 3.57269 3.59305 3.61342 3.63366 3.65401 3.6741 3.69429 3.71442 3.73446 3.75391 3.77332 3.79317 3.81257 3.83196 3.85137 3.87055 3.89038 3.90961 3.92922 3.94937 3.96934 3.98966 4.01057 4.03305 4.05469 4.07771 4.09984 4.12346 4.14579 4.16697 4.18987 4.21089 4.23322 4.2543 4.62215 4.63508 4.64709 4.65964 4.67138 4.68339 4.69532 4.70698 4.71875 4.73024 4.74184 4.75323 4.76481 4.77615 4.78748 4.79895 4.81005 4.82147 4.83265 4.84397 4.85533 4.86668 4.87813 4.88967 4.90121 4.91285 4.92458 4.93616 4.948 4.95954 
1.5 1.5 1.5 1.5 1.5 1.5 1.5 1.5 1.5 1.5 1.5 1.0289 1.0173 3.48929 3.50963 3.52987 3.55034 3.57063 3.59116 3.61164 3.63209 3.65274 3.67323 3.69364 3.71412 3.73447 3.75523 3.77517 3.79472 3.81455 3.83397 3.85369 3.87292 3.89241 3.91176 3.93114 3.95049 3.9701 3.98979 4.00921 4.02946 4.04924 4.07014 4.09045 4.1125 4.13484 4.1569 4.18128 4.20347 4.22758 4.24974 4.61761 4.6323 4.64447 4.65821 4.67033 4.68282 4.69545 4.7073 4.71941 4.73092 4.74268 4.75417 4.76569 4.77708 4.78844 4.79986 4.81098 4.82249 4.83369 4.84495 4.85636 4.8675 4.87881 4.89005 4.90142 4.91279 4.9241 4.93562 4.94737 4.95903 
1.5 1.5 1.5 1.5 1.5 1.5 1.5 1.5 1.5 1.5 1.5 1.0675 1.0944 1.1214 1.1484 3.49181 3.51353 3.53504 3.5565 3.57771 3.59904 3.6202 3.64139 3.6626 3.68362 3.70485 3.72596 3.74712 3.76887 3.78944 3.81039 3.83132 3.85217 3.87342 3.89405 3.91441 3.93518 3.95558 3.97655 3.99719 4.01785 4.03894 4.05995 4.0812 4.10295 4.12458 4.14597 4.16859 4.19076 4.2153 4.2391 4.60821 4.62493 4.6383 4.65451 4.66743 4.68091 4.695 4.70708 4.72023 4.73196 4.74407 4.75581 4.76737 4.77874 4.78991 4.80126 4.81227 4.82367 4.83467 4.84593 4.85726 4.86827 4.87958 4.89063 4.90191 4.91321 4.92419 4.93548 4.94665 4.95822 
1.5 1.5 1.5 1.5 1.5 1.5 1.5 1.5 1.5 1.5 1.5 1.0771 1.1136 1.1503 1.1869 1.2235 3.49513 3.51775 3.53998 3.56235 3.58447 3.60613 3.62814 3.65013 3.67183 3.69305 3.71455 3.73532 3.75745 3.7772 3.79781 3.81861 3.83909 3.86036 3.88102 3.90269 3.92495 3.94661 3.96884 3.99101 4.01301 4.0349 4.05699 4.0791 4.10157 4.12379 4.14592 4.16942 4.19182 4.21587 4.23892 4.60307 4.62318 4.6365 4.65234 4.66619 4.6801 4.69592 4.70861 4.72229 4.73414 4.74652 4.75882 4.77044 4.7818 4.79282 4.80407 4.81459 4.82578 4.83627 4.8473 4.85834 4.86897 4.88021 4.89094 4.90217 4.91343 4.92447 4.93568 4.9464 4.95773 
1.5 1.5 1.5 1.5 1.5 1.5 1.5 1.5 1.5 1.5 1.5 1.0771 1.1136 1.1503 1.1869 1.2235 3.49717 3.51995 3.5423 3.56467 3.5867 3.60907 3.63109 3.65301 3.67512 3.69677 3.71832 3.73943 3.76122 3.78191 3.80249 3.82322 3.84373 3.86461 3.88453 3.9048 3.92556 3.94649 3.96788 3.9887 4.01204 4.03448 4.0578 4.08086 4.10471 4.12813 4.15073 4.17403 4.19625 4.22031 4.24358 4.61187 4.61918 4.63836 4.653 4.66647 4.68023 4.69525 4.70815 4.72316 4.7358 4.74878 4.7613 4.77277 4.78432 4.7954 4.80685 4.8173 4.82844 4.83859 4.84934 4.86017 4.87036 4.88141 4.89168 4.90281 4.91385 4.92483 4.93608 4.94678 4.95788 
1.5 1.5 1.5 1.5 1.5 1.5 1.5 1.5 1.5 1.5 1.5 1.0675 1.0944 1.1214 1.1484 3.49486 3.5159 3.53761 3.5596 3.58126 3.60357 3.6257 3.64763 3.66942 3.69141 3.71349 3.73553 3.75752 3.7788 3.80014 3.82088 3.84184 3.86269 3.88344 3.90407 3.9246 3.94506 3.96539 3.98596 4.00634 4.02668 4.04709 4.06802 4.08887 4.11052 4.1332 4.1557 4.17943 4.20224 4.22624 4.24886 4.61743 4.62961 4.64354 4.65706 4.66967 4.68245 4.69652 4.70927 4.72342 4.73577 4.74844 4.76173 4.77417 4.78662 4.79757 4.80882 4.81955 4.83081 4.84112 4.85181 4.86269 4.87267 4.88357 4.89352 4.90444 4.91515 4.92549 4.93667 4.94735 4.95847 
1.5 1.5 1.5 1.5 1.5 1.5 1.5 1.5 1.5 1.5 1.5 1.0675 1.0944 1.1214 1.1484 3.49672 3.51821 3.5394 3.56069 3.582 3.60328 3.62493 3.64695 3.66854 3.69023 3.7123 3.734 3.75552 3.77733 3.79924 3.82125 3.84317 3.86545 3.88746 3.90977 3.93198 3.95413 3.97625 3.99803 4.01977 4.04095 4.06275 4.08345 4.10479 4.1251 4.14527 4.16593 4.18579 4.20669 4.22745 4.24901 4.61695 4.62933 4.64124 4.65432 4.66591 4.67849 4.69248 4.70506 4.71932 4.73243 4.74562 4.75928 4.77153 4.78485 4.79713 4.8098 4.82154 4.83252 4.84309 4.85395 4.86503 4.87508 4.88603 4.89598 4.90688 4.9176 4.92768 4.93878 4.94913 4.96022 
1.5 1.5 1.5 1.5 1.5 1.5 1.5 1.5 1.5 1.5 1.5 1.0675 1.0944 1.1214 1.1484 3.49839 3.52093 3.54309 3.56515 3.58704 3.609 3.6313 3.6531 3.6749 3.69683 3.71876 3.74074 3.76264 3.78457 3.80633 3.82815 3.84995 3.87166 3.89331 3.91513 3.9367 3.95834 3.97991 4.00166 4.02326 4.04419 4.06527 4.08586 4.10655 4.12659 4.14651 4.16701 4.18635 4.20698 4.22706 4.24759 4.6102 4.62235 4.63781 4.65194 4.66181 4.6736 4.68752 4.69982 4.71435 4.72751 4.7407 4.75552 4.76822 4.78208 4.79434 4.8072 4.8202 4.83263 4.84481 4.85554 4.86643 4.87711 4.88822 4.89852 4.90954 4.92051 4.93099 4.94198 4.95235 4.96357 
1.5 1.5 1.5 1.5 1.5 1.5 1.5 1.5 1.5 1.5 1.5 1.0771 1.1136 1.1503 1.1869 1.2234 3.50513 3.52755 3.55073 3.57342 3.5964 3.61907 3.64168 3.6641 3.68662 3.70938 3.73207 3.75463 3.77731 3.80067 3.82342 3.84616 3.86835 3.89065 3.91267 3.93353 3.95519 3.97506 3.99616 4.01585 4.03548 4.05589 4.07424 4.09534 4.1142 4.13456 4.15577 4.17517 4.1964 4.21745 4.23963 4.605 4.61067 4.6293 4.6458 4.65827 4.67032 4.68384 4.69649 4.7116 4.72429 4.73707 4.75152 4.76457 4.7794 4.7917 4.80453 4.81806 4.83028 4.8433 4.85564 4.86845 4.87953 4.89013 4.90106 4.91222 4.92346 4.93424 4.94527 4.95569 4.96718 
1.5 1.5 1.5 1.5 1.5 1.5 1.5 1.5 1.5 1.5 1.5 1.0891 1.1377 1.1862 1.2346 1.283 1.3317 1.3806 3.51415 3.54056 3.56442 3.58888 3.61333 3.63798 3.6623 3.68643 3.71007 3.73429 3.75783 3.78126 3.8045 3.82801 3.85134 3.87528 3.89799 3.92054 3.94362 3.96539 3.98864 4.01017 4.0316 4.054 4.07415 4.09691 4.11725 4.13893 4.16173 4.18312 4.20634 4.23021 4.59809 4.60988 4.62116 4.63517 4.65232 4.66465 4.67943 4.69476 4.70633 4.72128 4.7343 4.74739 4.76162 4.77384 4.78784 4.80118 4.81358 4.82734 4.83969 4.85295 4.8653 4.87789 4.89129 4.9038 4.91475 4.92564 4.93726 4.94867 4.95988 4.97038 4.98217 
1.5 1.5 1.5 1.5 1.5 1.5 1.5 1.5 1.5 1.5 1.5 1.0891 1.1373 1.1852 1.2324 1.2797 1.3283 1.3783 3.51715 3.54341 3.56671 3.58955 3.61309 3.63683 3.66044 3.6834 3.70629 3.72891 3.75248 3.77507 3.79814 3.82101 3.84354 3.86794 3.89157 3.91479 3.93807 3.96107 3.98463 4.00721 4.02952 4.05244 4.07342 4.09642 4.11743 4.13987 4.16235 4.18365 4.20644 4.22892 4.59494 4.60534 4.61865 4.63173 4.64758 4.66048 4.67393 4.69128 4.70498 4.71887 4.73188 4.74528 4.75996 4.77244 4.78636 4.79896 4.81194 4.82479 4.83715 4.85096 4.8637 4.8763 4.88957 4.90208 4.91582 4.92807 4.93903 4.95097 4.96241 4.97328 4.98518 
1.5 1.5 1.5 1.5 1.5 1.5 1.5 1.5 1.5 1.5 1.5 1.0836 1.1258 1.1657 1.203 1.2409 1.2844 3.51163 3.53558 3.5593 3.58414 3.60813 3.63173 3.65552 3.67876 3.70171 3.72462 3.74746 3.77067 3.79301 3.81528 3.83775 3.85934 3.88125 3.90422 3.92684 3.9492 3.97132 3.99401 4.01621 4.03856 4.06107 4.08209 4.10457 4.12479 4.14669 4.16838 4.18745 4.2097 4.23069 4.59544 4.6048 4.61338 4.62007 4.64307 4.65702 4.67044 4.68645 4.70106 4.7193 4.73068 4.74377 4.75898 4.77157 4.78553 4.798 4.81106 4.82468 4.83592 4.84877 4.86148 4.87443 4.88838 4.90088 4.91416 4.9272 4.94127 4.95332 4.96433 4.97538 4.98715 
1.5 1.5 1.5 1.5 1.5 1.5 1.5 1.5 1.5 1.5 1.5 1.083 1.1225 1.155 1.1793 1.2058 1.2492 3.51574 3.53905 3.56166 3.58499 3.60772 3.63091 3.65414 3.67722 3.70027 3.72272 3.74509 3.76876 3.7916 3.81463 3.83772 3.86097 3.88361 3.9059 3.93128 3.95516 3.97874 4.00262 4.02667 4.0503 4.07406 4.09641 4.11967 4.14188 4.16434 4.18702 4.20769 4.22975 4.25043 4.6187 4.62708 4.63634 4.64105 4.6602 4.67246 4.68452 4.69785 4.71067 4.72747 4.73903 4.74995 4.7629 4.77495 4.78733 4.79923 4.81112 4.82444 4.83536 4.84802 4.86032 4.87205 4.8856 4.89857 4.91263 4.92521 4.93845 4.95404 4.9653 4.97637 4.98795 
1.5 1.5 1.5 1.5 1.5 1.5 1.5 1.5 1.5 1.5 1.5 1.0817 1.1165 1.1354 1.1363 1.1418 1.1853 3.51408 3.5397 3.56386 3.58822 3.61324 3.63769 3.66248 3.68737 3.71168 3.73632 3.76063 3.78437 3.80984 3.83404 3.85815 3.88221 3.90568 3.92868 3.9535 3.97719 4.00061 4.02447 4.04819 4.07219 4.09672 4.12086 4.14558 4.16997 4.19484 4.21944 4.24384 4.26837 4.64134 4.6531 4.66525 4.67714 4.68422 4.69737 4.7075 4.7178 4.72782 4.73901 4.74987 4.76307 4.77152 4.78156 4.79236 4.80254 4.81369 4.82482 4.83681 4.84724 4.85911 4.87136 4.88324 4.89627 4.90789 4.92163 4.93485 4.94804 4.96192 4.97647 4.99019 4.99966 
1.5 1.5 1.5 1.5 1.5 1.5 1.5 1.5 1.5 1.5 1.5 1.0855 1.1202 1.1291 1.1087 1.0962 1.1449 1.2547 3.51219 3.53572 3.56056 3.58634 3.61103 3.63555 3.66143 3.687 3.71277 3.73939 3.76431 3.79325 3.82097 3.84867 3.87682 3.90273 3.9322 3.96021 3.98728 4.01426 4.04014 4.06509 4.08858 4.11294 4.13582 4.15954 4.18088 4.20287 4.22694 4.24918 4.27365 4.64588 4.65792 4.67022 4.6806 4.6898 4.70022 4.71504 4.72432 4.73536 4.74663 4.75625 4.7699 4.77803 4.78655 4.79713 4.80646 4.81675 4.82688 4.83751 4.84795 4.85929 4.87129 4.88287 4.8955 4.90767 4.92154 4.93339 4.94638 4.96034 4.97336 4.99373 5.00119 
1.5 1.5 1.5 1.5 1.5 1.5 1.5 1.5 1.5 1.5 1.5 1.0889 1.1252 1.1312 1.1029 1.0837 1.1364 1.2609 1.3945 3.51073 3.53742 3.56427 3.59066 3.6168 3.64289 3.67041 3.69741 3.72416 3.75041 3.77824 3.80612 3.83355 3.86142 3.88895 3.91755 3.94512 3.9724 3.99876 4.02521 4.05194 4.07678 4.10236 4.1258 4.15067 4.17297 4.1965 4.22085 4.24346 4.26796 4.63531 4.64731 4.66115 4.67372 4.68413 4.69257 4.70782 4.7195 4.72853 4.74005 4.75116 4.76523 4.7745 4.78428 4.79529 4.80562 4.8165 4.82792 4.83816 4.84871 4.86017 4.87226 4.88403 4.89632 4.90829 4.9221 4.93445 4.94628 4.95853 4.97151 4.9876 5.00594 
1.5 1.5 1.5 1.5 1.5 1.5 1.5 1.5 1.5 1.5 1.5 1.0928 1.1347 1.1508 1.1376 1.1323 1.1882 1.3053 1.4301 1.5258 3.50562 3.53421 3.56184 3.58839 3.61528 3.64323 3.6707 3.69901 3.72695 3.75525 3.78317 3.81284 3.84287 3.87103 3.90051 3.92917 3.95684 3.98476 4.01193 4.03894 4.06425 4.09058 4.1144 4.14015 4.16285 4.18703 4.21245 4.2352 4.26077 4.62973 4.63705 4.64376 4.65853 4.67314 4.67813 4.69205 4.70634 4.71563 4.72729 4.73989 4.75448 4.76383 4.77619 4.78815 4.80073 4.8127 4.82527 4.83711 4.84885 4.86146 4.87354 4.88546 4.89815 4.91032 4.92364 4.93574 4.94812 4.95981 4.97025 4.98056 5.01081 
1.5 1.5 1.5 1.5 1.5 1.5 1.5 1.5 1.5 1.5 1.5 1.0909 1.1349 1.1629 1.173 1.1877 1.2404 1.331 1.4263 3.49975 3.5277 3.55478 3.58265 3.60922 3.63628 3.66384 3.69213 3.72056 3.74805 3.7767 3.8054 3.8326 3.86241 3.88975 3.91828 3.94593 3.9725 4.00003 4.02644 4.05231 4.07557 4.10076 4.12208 4.14618 4.16425 4.18439 4.20685 4.22283 4.24506 4.60317 4.61105 4.61648 4.6131 4.62646 4.62749 4.65454 4.67066 4.68114 4.69473 4.71469 4.72972 4.74344 4.7607 4.77375 4.79143 4.80544 4.81894 4.83424 4.84687 4.86178 4.87443 4.88709 4.90069 4.91279 4.92604 4.93838 4.95085 4.96387 4.97404 4.9753 5.01535 
1.5 1.5 1.5 1.5 1.5 1.5 1.5 1.5 1.5 1.5 1.5 1.0882 1.1329 1.1705 1.1999 1.2316 1.2802 1.3459 3.50167 3.52681 3.5524 3.5792 3.60559 3.6315 3.65945 3.68708 3.71573 3.74446 3.77238 3.80078 3.82869 3.85591 3.88479 3.91241 3.93866 3.96556 3.98988 4.01428 4.03896 4.05888 4.07949 4.10163 4.11722 4.13823 4.1503 4.16677 4.18651 4.19804 4.21821 4.56821 4.5717 4.58214 4.58542 4.58596 4.59464 4.61991 4.64037 4.65425 4.66893 4.69276 4.70737 4.72433 4.74565 4.76072 4.78248 4.797 4.81257 4.83134 4.84494 4.86193 4.87559 4.88899 4.90374 4.91612 4.92875 4.94071 4.95332 4.96601 4.97724 4.97443 5.01566 
1.5 1.5 1.5 1.5 1.5 1.5 1.5 1.5 1.5 1.5 1.5 1.0928 1.1442 1.1932 1.2397 1.2868 1.3395 1.3977 1.4566 3.51025 3.53508 3.56397 3.59348 3.62117 3.64943 3.67758 3.70494 3.73389 3.76008 3.78861 3.81411 3.84132 3.86747 3.89349 3.91873 3.94209 3.96717 3.98873 4.01287 4.03343 4.05146 4.07384 4.08894 4.11035 4.12147 4.13632 4.15624 4.16577 4.18542 4.52581 4.52543 4.53206 4.53573 4.541 4.53861 4.54508 4.58845 4.61022 4.6284 4.65452 4.67465 4.69815 4.72872 4.74616 4.7707 4.78813 4.80703 4.82933 4.84322 4.86176 4.87572 4.89016 4.90502 4.9175 4.93068 4.94262 4.95477 4.96779 4.98023 4.97738 5.01772 
1.5 1.5 1.5 1.5 1.5 1.5 1.5 1.5 1.5 1.5 1.5 1.0963 1.1518 1.2069 1.2613 1.3158 1.3717 1.4289 1.4862 1.5429 3.48959 3.51936 3.54829 3.5756 3.60372 3.63132 3.66003 3.68866 3.7162 3.74421 3.77299 3.80149 3.8289 3.85607 3.88339 3.90893 3.93424 3.95916 3.98471 4.00804 4.02878 4.05286 4.0721 4.09549 4.11141 4.13075 4.1534 4.1692 4.19167 4.54067 4.54435 4.55331 4.56184 4.56959 4.56848 4.56995 4.61554 4.63934 4.65465 4.67767 4.69735 4.71651 4.74286 4.75891 4.7818 4.79712 4.81373 4.83308 4.84667 4.86368 4.87651 4.8899 4.90462 4.91686 4.9295 4.94162 4.95377 4.96604 4.97885 4.9769 5.01652 
1.5 1.5 1.5 1.5 1.5 1.5 1.5 1.5 1.5 1.5 1.5 1.1079 1.1753 1.2425 1.3098 1.3769 1.4444 1.5121 1.5797 1.6473 3.46682 3.49259 3.52202 3.55041 3.57857 3.60688 3.63627 3.66571 3.69417 3.72367 3.7519 3.78084 3.80871 3.83573 3.86192 3.88843 3.91475 3.93854 3.96384 3.9876 4.01016 4.03463 4.05661 4.08135 4.10297 4.1267 4.15187 4.17601 4.20179 4.56387 4.5757 4.58898 4.60737 4.61937 4.6305 4.65443 4.67322 4.69305 4.70961 4.72799 4.74078 4.75764 4.77476 4.78722 4.80314 4.81521 4.82856 4.84251 4.85404 4.86656 4.87872 4.89107 4.9037 4.91502 4.92711 4.93912 4.95099 4.9626 4.97445 4.97229 5.01221 
1.5 1.5 1.5 1.5 1.5 1.5 1.5 1.5 1.5 1.5 1.5 1.1079 1.1753 1.2428 1.3102 1.3776 1.445 1.5125 1.5799 1.6474 3.46308 3.49086 3.51523 3.54159 3.56573 3.59231 3.61823 3.6442 3.67029 3.69615 3.72271 3.74858 3.77632 3.80395 3.8315 3.85867 3.88644 3.91325 3.93973 3.96672 3.99294 4.01904 4.04542 4.07156 4.09827 4.12496 4.15168 4.17999 4.20733 4.57662 4.59306 4.6077 4.62941 4.64206 4.66511 4.68331 4.70324 4.72292 4.73979 4.76178 4.77185 4.78583 4.80075 4.8105 4.82227 4.83228 4.84201 4.8519 4.86248 4.87149 4.88224 4.89208 4.90332 4.9144 4.92468 4.93612 4.94823 4.95986 4.9708 4.96782 5.01049 
1.5 1.5 1.5 1.5 1.5 1.5 1.5 1.5 1.5 1.5 1.5 1.1079 1.1753 1.2428 1.3102 1.3776 1.4451 1.5125 1.5799 1.6474 3.48094 3.50476 3.52956 3.55518 3.57871 3.60166 3.62406 3.64584 3.66928 3.69046 3.71213 3.73427 3.7546 3.77869 3.80025 3.8231 3.84701 3.87041 3.89534 3.92035 3.94753 3.97375 4.00215 4.02895 4.05914 4.08824 4.11574 4.14866 4.17666 4.21121 4.58205 4.5978 4.62023 4.63888 4.66011 4.67387 4.69107 4.7126 4.72713 4.74884 4.76279 4.7748 4.79113 4.80416 4.81589 4.82717 4.83779 4.84709 4.85719 4.86536 4.87548 4.88512 4.89351 4.90387 4.9136 4.92464 4.93522 4.94679 4.95689 4.95575 4.99844 
1.5 1.5 1.5 1.5 1.5 1.5 1.5 1.5 1.5 1.5 1.5 1.0964 1.1522 1.2081 1.264 1.3198 1.3757 1.4316 1.4875 1.5434 3.49279 3.51843 3.54317 3.56853 3.59128 3.61478 3.63616 3.65735 3.68052 3.70037 3.72107 3.74166 3.76101 3.78428 3.80545 3.8265 3.84731 3.86907 3.89226 3.91401 3.93824 3.96275 3.98897 4.0157 4.04549 4.07484 4.10264 4.13545 4.1634 4.19625 4.56291 4.57926 4.6026 4.6135 4.63458 4.63366 4.6663 4.69028 4.70678 4.72828 4.74493 4.76182 4.78039 4.79583 4.81021 4.82365 4.83626 4.84862 4.86033 4.87018 4.8802 4.89116 4.89906 4.90867 4.91648 4.9275 4.93748 4.94509 4.95448 4.96036 4.99661 
1.5 1.5 1.5 1.5 1.5 1.5 1.5 1.5 1.5 1.5 1.5 1.0964 1.1522 1.2081 1.264 1.3198 1.3757 1.4316 1.4875 1.5434 3.50411 3.5273 3.55057 3.57532 3.59807 3.6213 3.64278 3.66276 3.68556 3.70563 3.7258 3.74624 3.76567 3.78784 3.80755 3.82909 3.85166 3.87371 3.8973 3.91919 3.94213 3.96568 3.98875 4.01229 4.03558 4.05924 4.08338 4.10941 4.13444 4.16334 4.19131 4.55617 4.57752 4.59427 4.61307 4.62484 4.64747 4.67249 4.68956 4.71001 4.72677 4.7478 4.76419 4.7798 4.79488 4.80818 4.82075 4.83393 4.84599 4.85792 4.86914 4.88079 4.88988 4.90037 4.90914 4.9184 4.92817 4.93454 4.94551 4.95041 4.98165 
1.5 1.5 1.5 1.5 1.5 1.5 1.5 1.5 1.5 1.5 1.5 1.1176 1.1946 1.2717 1.3488 1.4258 1.5029 1.58 1.657 1.7341 3.50094 3.52675 3.55068 3.5739 3.59798 3.62216 3.64492 3.66761 3.69129 3.71365 3.73654 3.75959 3.78198 3.80581 3.82783 3.84945 3.87323 3.89595 3.9195 3.94183 3.96468 3.98858 4.01098 4.03514 4.05802 4.08163 4.10586 4.12913 4.15303 4.17748 4.20217 4.56281 4.57544 4.59455 4.61597 4.62415 4.64526 4.66913 4.68314 4.70515 4.72159 4.74214 4.75872 4.77453 4.79092 4.80404 4.81795 4.83193 4.84355 4.85563 4.86695 4.87817 4.8878 4.89864 4.90818 4.91778 4.92748 4.93965 4.94997 4.95453 4.98207 
1.5 1.5 1.5 1.5 1.5 1.5 1.5 1.5 1.5 1.5 1.5 1.1327 1.2249 1.3171 1.4093 1.5015 1.5937 1.686 1.7782 1.8703 3.49912 3.52553 3.54958 3.57451 3.59899 3.62255 3.64626 3.66934 3.69293 3.71664 3.73962 3.76248 3.78502 3.80847 3.83108 3.85352 3.87517 3.89913 3.92287 3.9457 3.96839 3.99205 4.01446 4.0377 4.05937 4.08198 4.10523 4.12583 4.14867 4.17089 4.19489 4.21765 4.58139 4.58466 4.61207 4.62756 4.64294 4.65934 4.67342 4.69523 4.71147 4.73041 4.74565 4.75982 4.77602 4.78836 4.8022 4.81535 4.82661 4.83869 4.85 4.86116 4.87262 4.88349 4.89393 4.90635 4.91791 4.92957 4.9418 4.94872 4.97038 
1.5 1.5 1.5 1.5 1.5 1.5 1.5 1.5 1.5 1.5 1.5 1.1257 1.2109 1.2961 1.3814 1.4665 1.5518 1.6371 1.7223 1.8075 3.50407 3.53096 3.55579 3.58011 3.60458 3.6289 3.65279 3.67728 3.70135 3.72534 3.74911 3.77283 3.79708 3.82114 3.84498 3.8688 3.89077 3.91584 3.94008 3.96296 3.98512 4.00799 4.02945 4.05247 4.07228 4.09391 4.11599 4.13609 4.1588 4.17812 4.20134 4.22348 4.58969 4.59821 4.60288 4.62878 4.64725 4.66432 4.6776 4.69521 4.71192 4.72879 4.74388 4.756 4.77055 4.7832 4.79649 4.80994 4.82167 4.83433 4.84585 4.85686 4.86848 4.88118 4.89372 4.90581 4.91791 4.92938 4.94316 4.95388 4.97191 
1.5 1.5 1.5 1.5 1.5 1.5 1.5 1.5 1.5 1.5 1.5 1.1176 1.1946 1.2717 1.3488 1.4258 1.5029 1.58 1.657 1.7341 3.51354 3.53965 3.56443 3.5889 3.61367 3.63833 3.66292 3.68687 3.71088 3.73474 3.75795 3.78056 3.80226 3.82487 3.84688 3.86745 3.88847 3.91045 3.93271 3.95297 3.97261 3.99435 4.01391 4.03583 4.05453 4.07503 4.09703 4.11726 4.13984 4.15933 4.18204 4.20412 4.22804 4.59445 4.60541 4.61136 4.6356 4.6539 4.66836 4.68507 4.70096 4.71362 4.72956 4.74114 4.75482 4.76738 4.78026 4.79363 4.80561 4.81818 4.8301 4.8427 4.85618 4.8684 4.88227 4.89398 4.90644 4.91762 4.93198 4.94581 4.96019 
1.5 1.5 1.5 1.5 1.5 1.5 1.5 1.5 1.5 1.5 1.5 1.1176 1.1946 1.2717 1.3488 1.4258 1.5029 1.58 1.657 1.7341 3.52131 3.54644 3.57017 3.59429 3.61875 3.64308 3.66702 3.69117 3.71507 3.73839 3.76136 3.7839 3.80594 3.82844 3.84898 3.87079 3.89418 3.91525 3.93791 3.95855 3.97863 4.00049 4.02022 4.04195 4.06054 4.08079 4.10258 4.12216 4.1444 4.16417 4.18606 4.2076 4.23062 4.59692 4.61169 4.6217 4.63343 4.65337 4.6666 4.68728 4.69914 4.71136 4.72536 4.73763 4.75194 4.7642 4.77627 4.78929 4.80169 4.81659 4.82961 4.84237 4.85563 4.86812 4.88251 4.89468 4.90664 4.91741 4.93114 4.94578 4.95747 
1.5 1.5 1.5 1.5 1.5 1.5 1.5 1.5 1.5 1.5 1.5 1.1257 1.2109 1.2961 1.3814 1.4665 1.5518 1.6371 1.7223 1.8075 3.51921 3.54402 3.56834 3.59207 3.61563 3.63918 3.66286 3.68663 3.70955 3.73311 3.75584 3.77859 3.80107 3.8234 3.84607 3.86741 3.8911 3.91304 3.93556 3.95693 3.97696 3.99815 4.01741 4.03799 4.05489 4.07308 4.09357 4.10897 4.12903 4.14438 4.16205 4.17984 4.19723 4.21752 4.5804 4.58662 4.56576 4.61553 4.63293 4.64873 4.66452 4.67867 4.70318 4.71513 4.73165 4.74564 4.76013 4.77705 4.79008 4.80522 4.81771 4.83062 4.84443 4.85652 4.87017 4.88312 4.8939 4.90672 4.91978 4.93773 4.94513 
1.5 1.5 1.5 1.5 1.5 1.5 1.5 1.5 1.5 1.5 1.5 1.1257 1.2109 1.2961 1.3814 1.4665 1.5518 1.6371 1.7223 1.8075 3.51076 3.53409 3.55847 3.58201 3.6059 3.62951 3.65326 3.67834 3.70205 3.72638 3.75022 3.77425 3.79931 3.82356 3.84823 3.87119 3.89664 3.92086 3.94443 3.96791 3.98893 4.01173 4.03157 4.05329 4.07069 4.089 4.10936 4.12444 4.14421 4.15854 4.17631 4.19383 4.21009 4.23071 4.59223 4.59544 4.59709 4.62753 4.64085 4.65243 4.66853 4.68396 4.70312 4.71799 4.73426 4.74841 4.7636 4.77958 4.79219 4.80751 4.81947 4.83164 4.84402 4.85603 4.86933 4.88202 4.89255 4.9064 4.91815 4.93785 4.9393 
1.5 1.5 1.5 1.5 1.5 1.5 1.5 1.5 1.5 1.5 1.5 1.1387 1.237 1.3353 1.4335 1.5318 1.6301 1.7283 1.8266 1.9249 3.51247 3.53444 3.55636 3.57812 3.60031 3.62242 3.64418 3.66724 3.69034 3.71363 3.7373 3.7615 3.78593 3.80931 3.83341 3.85709 3.88189 3.90534 3.92832 3.9516 3.97363 3.99583 4.01669 4.03834 4.05768 4.07755 4.09852 4.11614 4.13723 4.15372 4.17318 4.19261 4.21015 4.23009 4.24849 4.6107 4.62448 4.63659 4.65182 4.66302 4.67667 4.69196 4.70559 4.71953 4.73501 4.74657 4.75986 4.77347 4.78576 4.79784 4.80913 4.82062 4.83215 4.84318 4.85466 4.86653 4.87944 4.8917 4.90377 4.92419 4.92167 
1.5 1.5 1.5 1.5 1.5 1.5 1.5 1.5 1.5 1.5 1.5 1.144 1.2476 1.3512 1.4547 1.5583 1.6618 1.7654 1.869 1.9725 3.50638 3.52785 3.54986 3.57181 3.59443 3.61753 3.64002 3.66347 3.68677 3.71074 3.73457 3.75836 3.78286 3.80587 3.83008 3.85467 3.87902 3.90252 3.92553 3.94891 3.97109 3.99311 4.01441 4.03604 4.05559 4.07607 4.09697 4.11561 4.13619 4.15496 4.17554 4.19581 4.21543 4.23743 4.25978 4.63088 4.64154 4.65465 4.67097 4.6841 4.69592 4.71127 4.72191 4.73425 4.74809 4.75777 4.76848 4.77889 4.79002 4.79995 4.81088 4.82113 4.83181 4.84268 4.85355 4.86521 4.87603 4.88926 4.90241 4.91752 4.92017 
1.5 1.5 1.5 1.5 1.5 1.5 1.5 1.5 1.5 1.5 1.5 1.1327 1.2249 1.3171 1.4093 1.5015 1.5937 1.686 1.7782 1.8703 3.50111 3.52395 3.54638 3.56825 3.59023 3.61247 3.63477 3.65794 3.68021 3.70259 3.72537 3.7478 3.76994 3.79216 3.81505 3.83683 3.85894 3.88097 3.90262 3.92407 3.94513 3.96658 3.98673 4.00764 4.02764 4.04802 4.06865 4.08876 4.10991 4.13115 4.15335 4.17537 4.19783 4.2199 4.24355 4.26708 4.63722 4.65085 4.66573 4.67943 4.69188 4.70623 4.71582 4.72759 4.74013 4.74961 4.75941 4.76849 4.77922 4.7889 4.79966 4.8102 4.81916 4.83043 4.84255 4.85342 4.86432 4.87468 4.88743 4.90212 4.91096 
1.5 1.5 1.5 1.5 1.5 1.5 1.5 1.5 1.5 1.5 1.5 1.1257 1.2109 1.2961 1.3814 1.4665 1.5518 1.6371 1.7223 1.8075 3.49854 3.52059 3.54135 3.56246 3.58408 3.60558 3.62743 3.64912 3.67059 3.69212 3.71358 3.73631 3.75842 3.7803 3.8022 3.82408 3.84577 3.86788 3.88965 3.91141 3.93288 3.95423 3.97607 3.99776 4.01984 4.04193 4.06389 4.0858 4.10764 4.1297 4.15147 4.17338 4.1949 4.21694 4.23869 4.26028 4.62832 4.64241 4.65596 4.66866 4.68367 4.69529 4.70701 4.71953 4.73335 4.74392 4.75511 4.76574 4.77696 4.78781 4.79854 4.8093 4.81998 4.83176 4.84279 4.85442 4.86596 4.87575 4.88385 4.90113 4.91433 
1.5 1.5 1.5 1.5 1.5 1.5 1.5 1.5 1.5 1.5 1.5 1.1387 1.237 1.3353 1.4335 1.5318 1.6301 1.7283 1.8266 1.9249 3.49707 3.51703 3.53722 3.55836 3.57953 3.60061 3.62166 3.64229 3.66366 3.68495 3.70602 3.72818 3.75018 3.77205 3.79435 3.81675 3.83894 3.8613 3.88375 3.90705 3.93009 3.95242 3.97501 3.9969 4.01844 4.03974 4.06114 4.08056 4.10126 4.11957 4.13864 4.1581 4.17456 4.19385 4.21198 4.23218 4.59401 4.58775 4.6181 4.63475 4.65253 4.66448 4.68149 4.69689 4.71578 4.7291 4.74267 4.75725 4.76942 4.78283 4.79478 4.80751 4.81992 4.83149 4.84392 4.85542 4.86683 4.87749 4.88799 4.90478 4.91842 
1.5 1.5 1.5 1.5 1.5 1.5 1.5 1.5 1.5 1.5 1.5 1.144 1.2476 1.3512 1.4547 1.5583 1.6618 1.7654 1.869 1.9725 3.4902 3.51079 3.53092 3.55189 3.57275 3.59369 3.6153 3.63675 3.65848 3.67957 3.70104 3.72377 3.74617 3.76806 3.79078 3.81347 3.83542 3.85668 3.87728 3.89922 3.91953 3.94026 3.9597 3.97985 3.99856 4.01769 4.03757 4.05445 4.07394 4.09091 4.10941 4.1284 4.14573 4.1652 4.18525 4.20628 4.2268 4.58675 4.60181 4.62127 4.6345 4.64575 4.66327 4.67766 4.69465 4.70955 4.7227 4.73873 4.75215 4.76779 4.7809 4.79437 4.80811 4.8199 4.83222 4.8439 4.85492 4.86698 4.88012 4.89328 4.90604 
1.5 1.5 1.5 1.5 1.5 1.5 1.5 1.5 1.5 1.5 1.5 1.144 1.2476 1.3512 1.4547 1.5583 1.6618 1.7654 1.869 1.9725 3.492 3.51229 3.53427 3.55619 3.57741 3.59962 3.62149 3.64362 3.66496 3.6872 3.7095 3.73165 3.7533 3.77473 3.79633 3.81712 3.83876 3.85904 3.87883 3.899 3.91828 3.93841 3.95669 3.97645 3.99366 4.01206 4.03167 4.0481 4.0675 4.08365 4.10216 4.12073 4.1363 4.15502 4.17236 4.19212 4.21105 4.56897 4.54382 4.60088 4.6146 4.62859 4.64872 4.66287 4.68676 4.7012 4.71624 4.73506 4.74896 4.76662 4.77956 4.79261 4.80612 4.81801 4.8308 4.84231 4.85472 4.86672 4.87892 4.89394 4.90857 
1.5 1.5 1.5 1.5 1.5 1.5 1.5 1.5 1.5 1.5 1.5 1.1487 1.2569 1.3652 1.4735 1.5816 1.6899 1.7982 1.9064 2.0146 3.50188 3.52403 3.54482 3.56598 3.58707 3.60844 3.62969 3.65081 3.67186 3.69335 3.7146 3.73574 3.75633 3.77731 3.7979 3.81783 3.83814 3.85745 3.87787 3.89698 3.91607 3.93627 3.95485 3.97502 3.99399 4.01394 4.03436 4.05361 4.07411 4.09388 4.11408 4.13478 4.15498 4.17564 4.19731 4.21859 4.23953 4.60665 4.61776 4.63675 4.6483 4.66087 4.67437 4.68699 4.7026 4.71524 4.72805 4.742 4.75406 4.76676 4.77891 4.79152 4.8037 4.81503 4.82776 4.84018 4.85209 4.86411 4.87507 4.89 4.90386 
1.5 1.5 1.5 1.5 1.5 1.5 1.5 1.5 1.5 1.5 1.5 1.1487 1.2569 1.3652 1.4735 1.5816 1.6899 1.7982 1.9064 2.0146 3.50801 3.53049 3.55069 3.57113 3.59145 3.61185 3.63243 3.65252 3.67301 3.69322 3.71312 3.7326 3.75223 3.7722 3.79136 3.81032 3.82959 3.8485 3.86928 3.88777 3.90672 3.9267 3.94568 3.96566 3.98505 4.00506 4.02535 4.04508 4.06549 4.08583 4.1062 4.12651 4.14697 4.16722 4.18891 4.2103 4.23138 4.25392 4.62079 4.63911 4.64927 4.6614 4.67508 4.68762 4.69995 4.71182 4.72323 4.73375 4.74499 4.75555 4.76636 4.77735 4.78942 4.80164 4.8138 4.82588 4.83794 4.84943 4.8609 4.87901 4.88996 
1.5 1.5 1.5 1.5 1.5 1.5 1.5 1.5 1.5 1.5 1.5 1.1387 1.237 1.3353 1.4335 1.5318 1.6301 1.7283 1.8266 1.9249 3.50595 3.52745 3.54846 3.56941 3.59061 3.61143 3.63252 3.65326 3.6738 3.69438 3.71458 3.73464 3.75449 3.77477 3.79424 3.8136 3.83321 3.85277 3.87314 3.89165 3.91085 3.93071 3.94965 3.96962 3.98834 4.00784 4.02787 4.04729 4.06741 4.08751 4.10817 4.12848 4.15008 4.17104 4.19363 4.21541 4.23662 4.25799 4.6299 4.6444 4.65447 4.66827 4.68016 4.69121 4.70201 4.71247 4.72335 4.7333 4.74403 4.75465 4.76627 4.77755 4.78866 4.79994 4.81265 4.82481 4.83634 4.84838 4.86116 4.87897 4.88855 
1.5 1.5 1.5 1.5 1.5 1.5 1.5 1.5 1.5 1.5 1.5 1.144 1.2476 1.3512 1.4547 1.5583 1.6618 1.7654 1.869 1.9725 3.5024 3.52317 3.54481 3.56588 3.58662 3.60777 3.62905 3.65061 3.67139 3.69268 3.71349 3.73405 3.75421 3.7746 3.79469 3.81432 3.83416 3.85394 3.87358 3.89243 3.91108 3.93048 3.94834 3.96788 3.98615 4.00525 4.02498 4.04363 4.06353 4.08291 4.10348 4.1235 4.14415 4.16447 4.18564 4.2066 4.22825 4.25166 4.62026 4.63502 4.64661 4.65917 4.67086 4.68246 4.69469 4.706 4.71727 4.72922 4.74117 4.75286 4.76462 4.77659 4.78828 4.79982 4.81228 4.82388 4.83697 4.85011 4.86284 4.88195 4.89017 
1.5 1.5 1.5 1.5 1.5 1.5 1.5 1.5 1.5 1.5 1.5 1.1529 1.2653 1.3776 1.4901 1.6024 1.7149 1.8272 1.9396 2.052 3.50134 3.52204 3.54239 3.56299 3.58363 3.60438 3.62484 3.64543 3.66576 3.68643 3.70684 3.72704 3.7476 3.76806 3.78827 3.80833 3.82854 3.84762 3.8676 3.88707 3.90636 3.92624 3.94517 3.96496 3.98319 4.00239 4.02224 4.04094 4.06065 4.08013 4.10005 4.12007 4.14099 4.16209 4.18378 4.20536 4.22585 4.24665 4.60656 4.62536 4.63729 4.64994 4.66244 4.67442 4.6882 4.7011 4.71339 4.72626 4.73834 4.75159 4.76394 4.77566 4.78786 4.79944 4.81332 4.82624 4.83846 4.85129 4.86476 4.8836 4.89131 
1.5 1.5 1.5 1.5 1.5 1.5 1.5 1.5 1.5 1.5 1.5 1.1566 1.2727 1.3888 1.5049 1.621 1.7372 1.8533 1.9694 2.0855 3.49713 3.51657 3.53658 3.55643 3.57605 3.59588 3.61568 3.63543 3.65535 3.67506 3.69462 3.71446 3.73375 3.75347 3.77303 3.79236 3.81158 3.83088 3.85053 3.86951 3.88885 3.90854 3.9278 3.94726 3.96741 3.98759 4.00753 4.02824 4.04887 4.06974 4.09034 4.11075 4.13129 4.15116 4.17114 4.19094 4.21123 4.23175 4.25154 4.61694 4.62913 4.64163 4.65356 4.66562 4.67832 4.69063 4.70248 4.71521 4.72724 4.73999 4.75173 4.76387 4.77732 4.78983 4.80372 4.81572 4.82841 4.84089 4.8523 4.86908 4.88047 
1.5 1.5 1.5 1.5 1.5 1.5 1.5 1.5 1.5 1.5 1.5 1.1529 1.2653 1.3776 1.4901 1.6024 1.7149 1.8272 1.9396 2.052 3.4915 3.51134 3.53093 3.55063 3.57052 3.59035 3.60976 3.62931 3.64908 3.66858 3.68847 3.70796 3.72748 3.74705 3.76637 3.78534 3.80486 3.82424 3.84364 3.86331 3.88376 3.90365 3.92503 3.94587 3.96751 3.98907 4.00994 4.03247 4.0531 4.07525 4.09588 4.11706 4.13818 4.15834 4.17878 4.19855 4.21832 4.23806 4.25778 4.62391 4.636 4.64747 4.65854 4.66995 4.68179 4.69406 4.70567 4.71765 4.72907 4.74162 4.75397 4.76654 4.77934 4.79118 4.80405 4.81596 4.82803 4.84097 4.85243 4.86403 4.88109 
1.5 1.5 1.5 1.5 1.5 1.5 1.5 1.5 1.5 1.5 1.5 1.1529 1.2653 1.3776 1.4901 1.6024 1.7149 1.8272 1.9396 2.052 3.4907 3.50899 3.52859 3.54817 3.56737 3.58686 3.606 3.62487 3.64403 3.66329 3.68231 3.70152 3.72121 3.74061 3.76013 3.78098 3.80151 3.82277 3.84332 3.86478 3.88568 3.90595 3.92769 3.94789 3.96971 3.99096 4.0114 4.03348 4.05413 4.07638 4.09746 4.11869 4.14073 4.16163 4.18322 4.20328 4.22395 4.24415 4.26369 4.6301 4.64189 4.65263 4.66356 4.67496 4.68611 4.69765 4.70852 4.72023 4.7321 4.7442 4.75607 4.76794 4.78023 4.79202 4.80439 4.8164 4.82854 4.84033 4.8522 4.86152 4.88012 
1.5 1.5 1.5 1.5 1.5 1.5 1.5 1.5 1.5 1.5 1.5 1.1529 1.2653 1.3776 1.4901 1.6024 1.7149 1.8272 1.9396 2.052 3.48556 3.5057 3.52468 3.54409 3.5635 3.58287 3.60231 3.62202 3.64188 3.66131 3.68161 3.70182 3.72252 3.74281 3.7641 3.7849 3.80521 3.82604 3.84621 3.86728 3.88856 3.90839 3.92931 3.94955 3.97082 3.99171 4.01212 4.03352 4.05393 4.07526 4.09584 4.11657 4.13782 4.15822 4.17933 4.19972 4.22017 4.24072 4.26082 4.62935 4.64067 4.65148 4.66296 4.67421 4.68595 4.69775 4.70946 4.72146 4.7332 4.74554 4.75735 4.76927 4.78127 4.79308 4.8053 4.81689 4.82876 4.84027 4.85126 4.86201 4.87914 
1.5 1.5 1.5 1.5 1.5 1.5 1.5 1.5 1.5 1.5 1.5 1.1529 1.2653 1.3776 1.4901 1.6024 1.7149 1.8272 1.9396 2.052 3.48518 3.50476 3.52504 3.5451 3.56503 3.58522 3.60519 3.62529 3.64532 3.66585 3.68618 3.70639 3.7267 3.74676 3.76705 3.78774 3.80829 3.82902 3.84925 3.87009 3.89061 3.91139 3.93131 3.95133 3.97168 3.99193 4.01188 4.03234 4.05236 4.07271 4.09284 4.11306 4.13339 4.15341 4.17357 4.19368 4.21367 4.23442 4.25467 4.62227 4.63561 4.64757 4.66008 4.67234 4.68555 4.69739 4.70975 4.72232 4.7341 4.74644 4.75827 4.77026 4.78209 4.7936 4.80553 4.81704 4.82877 4.83985 4.84957 4.86466 4.87757 
1.5 1.5 1.5 1.5 1.5 1.5 1.5 1.5 1.5 1.5 1.5 1.1566 1.2727 1.3888 1.5049 1.621 1.7372 1.8533 1.9694 2.0855 3.48997 3.5103 3.5298 3.54954 3.56912 3.58917 3.6093 3.62927 3.64931 3.66934 3.68976 3.71019 3.73076 3.75102 3.77191 3.7926 3.81298 3.83326 3.85332 3.87364 3.89346 3.91396 3.93313 3.95272 3.97212 3.99166 4.01129 4.03053 4.05009 4.0695 4.08905 4.1087 4.12853 4.14857 4.16884 4.18934 4.20957 4.23087 4.25132 4.61541 4.63162 4.64563 4.65919 4.6712 4.68462 4.69696 4.70979 4.72253 4.73445 4.7469 4.75857 4.77051 4.782 4.79338 4.80524 4.81671 4.82793 4.83847 4.85049 4.86677 4.8751 
1.5 1.5 1.5 1.5 1.5 1.5 1.5 1.5 1.5 1.5 1.5 1.1629 1.2854 1.4079 1.5305 1.6529 1.7754 1.8979 2.0203 2.1428 3.49444 3.51442 3.53404 3.55352 3.57311 3.59277 3.61245 3.6323 3.65182 3.67165 3.69136 3.71109 3.73071 3.75026 3.7697 3.78914 3.80854 3.82763 3.84685 3.86586 3.88464 3.90426 3.92185 3.9408 3.95921 3.97789 3.99673 4.01558 4.03494 4.05422 4.07397 4.09359 4.11376 4.1334 4.15383 4.17397 4.19391 4.21495 4.23506 4.25608 4.62307 4.63676 4.65067 4.66263 4.67533 4.68731 4.6997 4.71205 4.72368 4.73536 4.7468 4.75828 4.76981 4.78128 4.79284 4.8041 4.81538 4.82763 4.83909 4.85608 4.86042 
1.5 1.5 1.5 1.5 1.5 1.5 1.5 1.5 1.5 1.5 1.5 1.1629 1.2854 1.4079 1.5305 1.6529 1.7754 1.8979 2.0203 2.1428 3.49825 3.51816 3.53792 3.55741 3.57721 3.59683 3.61646 3.6363 3.65583 3.6755 3.69499 3.71445 3.73366 3.75304 3.7722 3.79098 3.80984 3.8285 3.84747 3.86627 3.88529 3.90396 3.92235 3.94162 3.96043 3.9797 3.99898 4.01832 4.03764 4.05707 4.07669 4.09609 4.11592 4.13547 4.15568 4.17559 4.19541 4.21609 4.23586 4.25649 4.62404 4.63719 4.65121 4.66259 4.67608 4.68756 4.69963 4.7117 4.72337 4.73484 4.74638 4.75779 4.76929 4.78059 4.792 4.80396 4.8159 4.82745 4.8393 4.85617 4.85864 
1.5 1.5 1.5 1.5 1.5 1.5 1.5 1.5 1.5 1.5 1.5 1.1566 1.2727 1.3888 1.5049 1.621 1.7372 1.8533 1.9694 2.0855 3.49902 3.51858 3.53809 3.55754 3.577 3.59631 3.61562 3.63495 3.6543 3.67361 3.69286 3.71229 3.73167 3.75114 3.77054 3.79018 3.8097 3.82916 3.84885 3.86855 3.88749 3.90682 3.92587 3.94516 3.96396 3.98288 4.00203 4.02092 4.04009 4.05901 4.07831 4.09742 4.11675 4.13596 4.15548 4.17506 4.19446 4.21483 4.23495 4.25614 4.62362 4.63671 4.65073 4.66195 4.67541 4.68725 4.69888 4.71083 4.72233 4.73406 4.74567 4.75699 4.76842 4.78029 4.79234 4.80416 4.81588 4.82782 4.83997 4.85335 4.86057 
1.5 1.5 1.5 1.5 1.5 1.5 1.5 1.5 1.5 1.5 1.5 1.1566 1.2727 1.3888 1.5049 1.621 1.7372 1.8533 1.9694 2.0855 3.49629 3.51564 3.53488 3.55415 3.57334 3.59293 3.61241 3.63219 3.65165 3.67117 3.69088 3.71078 3.73076 3.7506 3.77055 3.79071 3.8105 3.83032 3.84978 3.86922 3.88835 3.90776 3.92685 3.94614 3.96491 3.9838 4.00285 4.02147 4.04046 4.05913 4.07829 4.09721 4.11663 4.13616 4.1565 4.17674 4.19683 4.21777 4.23787 4.25871 4.62562 4.6388 4.65153 4.6628 4.67501 4.68709 4.69795 4.70979 4.72128 4.73282 4.7446 4.75635 4.76846 4.78035 4.79229 4.80403 4.81606 4.82832 4.84041 4.85091 4.86297 
1.5 1.5 1.5 1.5 1.5 1.5 1.5 1.5 1.5 1.5 1.5 1.1599 1.2794 1.3988 1.5183 1.6377 1.7572 1.8767 1.9961 2.1156 3.4947 3.5135 3.53358 3.55321 3.57291 3.59298 3.61286 3.63299 3.65271 3.67295 3.69287 3.71248 3.73203 3.75162 3.77112 3.79033 3.80954 3.82834 3.8474 3.86632 3.88515 3.90438 3.92302 3.94219 3.96116 3.98046 3.99961 4.01927 4.03883 4.05894 4.079 4.09897 4.11966 4.13948 4.16007 4.18007 4.20002 4.22031 4.24015 4.26027 4.62699 4.63962 4.65076 4.66224 4.67411 4.68622 4.69692 4.70867 4.72041 4.73243 4.7443 4.75607 4.76841 4.78022 4.79231 4.80455 4.81628 4.82815 4.83991 4.84921 4.86488 
1.5 1.5 1.5 1.5 1.5 1.5 1.5 1.5 1.5 1.5 1.5 1.1629 1.2854 1.4079 1.5305 1.6529 1.7754 1.8979 2.0203 2.1428 3.49643 3.51607 3.53572 3.55515 3.57477 3.59444 3.61399 3.63367 3.65309 3.67273 3.69223 3.7117 3.7311 3.75026 3.76901 3.78774 3.80654 3.82518 3.8441 3.86281 3.88178 3.90094 3.92014 3.93976 3.95948 3.97935 3.9991 4.01953 4.03931 4.05974 4.07982 4.09977 4.12036 4.14019 4.16065 4.18035 4.20019 4.22006 4.23953 4.25911 4.62621 4.63753 4.64923 4.6608 4.67295 4.68486 4.69616 4.70844 4.72042 4.73247 4.7444 4.75627 4.76859 4.78072 4.79281 4.80415 4.81561 4.82779 4.83935 4.84887 4.86476 
1.5 1.5 1.5 1.5 1.5 1.5 1.5 1.5 1.5 1.5 1.5 1.1657 1.2909 1.4162 1.5414 1.6666 1.7919 1.9172 2.0424 2.1676 3.49729 3.51621 3.53512 3.55411 3.57301 3.59186 3.61078 3.62956 3.64843 3.66724 3.68578 3.70432 3.72284 3.74166 3.76023 3.77861 3.79739 3.81614 3.83504 3.85396 3.87298 3.89214 3.91137 3.93034 3.94949 3.96847 3.98749 4.00672 4.02567 4.04496 4.06403 4.08326 4.10253 4.12157 4.14088 4.15999 4.17917 4.19849 4.21774 4.23744 4.25608 4.6225 4.63507 4.64736 4.66076 4.67231 4.68459 4.69713 4.709 4.72146 4.73327 4.74542 4.75755 4.76907 4.78043 4.79197 4.80379 4.81539 4.82682 4.83693 4.85167 
1.5 1.5 1.5 1.5 1.5 1.5 1.5 1.5 1.5 1.5 1.5 1.1387 1.237 1.3353 1.4335 1.5318 1.6301 1.7283 1.8266 1.9249 3.49682 3.5159 3.53419 3.55299 3.57161 3.59041 3.60915 3.62789 3.64679 3.66547 3.68467 3.70386 3.72307 3.74211 3.76169 3.78089 3.79939 3.81837 3.83718 3.85603 3.87441 3.89317 3.91173 3.93037 3.94895 3.96753 3.98636 4.00502 4.02379 4.04265 4.06148 4.08044 4.09958 4.1187 4.13828 4.15779 4.17722 4.19741 4.2169 4.23724 4.25712 4.62323 4.63671 4.64938 4.66204 4.67382 4.68601 4.69829 4.7102 4.72243 4.73418 4.74565 4.75685 4.76835 4.77975 4.79121 4.80276 4.81391 4.82534 4.83598 4.84929 
1.5 1.5 1.5 1.5 1.5 1.5 1.5 1.5 1.5 1.5 1.5 1.1387 1.237 1.3353 1.4335 1.5318 1.6301 1.7283 1.8266 1.9249 3.49645 3.51519 3.53376 3.55288 3.57186 3.59097 3.61006 3.6291 3.64813 3.66733 3.68649 3.70555 3.72452 3.7434 3.76229 3.78149 3.79977 3.81824 3.83687 3.85534 3.87362 3.89232 3.91044 3.929 3.94735 3.96584 3.98451 4.0032 4.02195 4.041 4.06011 4.07937 4.09904 4.11833 4.13835 4.15807 4.17766 4.19805 4.21762 4.23802 4.25777 4.62438 4.63812 4.64991 4.66245 4.67437 4.68666 4.69892 4.7107 4.72222 4.73336 4.74493 4.75608 4.76757 4.77875 4.79006 4.80136 4.81223 4.82375 4.83485 4.84667 
1.5 1.5 1.5 1.5 1.5 1.5 1.5 1.5 1.5 1.5 1.5 1.1387 1.237 1.3353 1.4335 1.5318 1.6301 1.7283 1.8266 1.9249 3.49731 3.51696 3.53517 3.55411 3.57297 3.59191 3.61084 3.62963 3.64848 3.66736 3.68622 3.70513 3.7239 3.74269 3.76141 3.78046 3.79858 3.81682 3.83535 3.8537 3.87203 3.89064 3.90907 3.92782 3.94649 3.9654 3.98438 4.00359 4.0226 4.04207 4.06131 4.08064 4.1003 4.11958 4.13947 4.15901 4.17855 4.19866 4.21804 4.23815 4.25758 4.62469 4.63744 4.64944 4.66225 4.67404 4.68589 4.69772 4.70933 4.72095 4.73231 4.7439 4.75505 4.76645 4.77745 4.7887 4.79991 4.81095 4.82247 4.83357 4.84468 
1.5 1.5 1.5 1.5 1.5 1.5 1.5 1.5 1.5 1.5 1.5 1.1387 1.237 1.3353 1.4335 1.5318 1.6301 1.7283 1.8266 1.9249 3.49699 3.51628 3.53465 3.55358 3.57231 3.59117 3.60999 3.62864 3.64751 3.66617 3.68488 3.70363 3.72234 3.74102 3.75994 3.77882 3.79707 3.81583 3.83464 3.8534 3.87231 3.89127 3.91031 3.9292 3.9482 3.96711 3.98609 4.00517 4.02409 4.0433 4.06228 4.08144 4.10062 4.11969 4.13897 4.15817 4.17729 4.19693 4.21614 4.23613 4.25586 4.62213 4.63534 4.6473 4.65991 4.67171 4.68391 4.69604 4.70776 4.71951 4.73086 4.74242 4.75365 4.7651 4.7762 4.78754 4.79892 4.8102 4.82168 4.83274 4.84392 
1.5 1.5 1.5 1.5 1.5 1.5 1.5 1.5 1.5 1.5 1.5 1.1387 1.237 1.3353 1.4335 1.5318 1.6301 1.7283 1.8266 1.9249 3.49538 3.51445 3.53292 3.55174 3.57045 3.58931 3.60833 3.62714 3.64611 3.66499 3.68411 3.70323 3.72246 3.74168 3.76098 3.77969 3.79861 3.81761 3.83647 3.85533 3.87402 3.89291 3.91168 3.93044 3.94931 3.96807 3.98695 4.00575 4.02458 4.04348 4.06232 4.08132 4.10047 4.11946 4.13903 4.1586 4.17809 4.19804 4.21748 4.2374 4.25688 4.62298 4.63544 4.64733 4.65966 4.67132 4.68319 4.69496 4.70659 4.7182 4.72966 4.74124 4.75259 4.76412 4.77544 4.78684 4.79831 4.80959 4.82106 4.83224 4.8436 
1.5 1.5 1.5 1.5 1.5 1.5 1.5 1.5 1.5 1.5 1.5 1.1387 1.237 1.3353 1.4335 1.5318 1.6301 1.7283 1.8266 1.9249 3.4949 3.5133 3.53246 3.55157 3.57073 3.58994 3.60914 3.62831 3.64744 3.66677 3.68601 3.70523 3.72441 3.74318 3.76198 3.78077 3.79962 3.81836 3.8371 3.85588 3.87447 3.89331 3.91194 3.93068 3.94934 3.96804 3.98688 4.00594 4.02473 4.04404 4.06331 4.08274 4.10233 4.12171 4.14142 4.16076 4.18011 4.19972 4.21895 4.23847 4.25769 4.62372 4.63572 4.64745 4.65936 4.67096 4.68269 4.69432 4.70594 4.71755 4.72898 4.74054 4.75188 4.76341 4.77482 4.78626 4.79777 4.80915 4.82071 4.83219 4.84368 
1.5 1.5 1.5 1.5 1.5 1.5 1.5 1.5 1.5 1.5 1.5 1.1387 1.237 1.3353 1.4335 1.5318 1.6301 1.7283 1.8266 1.9249 3.49668 3.51535 3.53381 3.55229 3.57083 3.58938 3.60791 3.62653 3.64505 3.66366 3.68211 3.70043 3.71871 3.73707 3.75533 3.77373 3.79198 3.81018 3.82849 3.84672 3.86513 3.88347 3.90195 3.92043 3.93933 3.95806 3.97678 3.99577 4.01453 4.03366 4.05246 4.07122 4.0904 4.1091 4.12813 4.14682 4.16558 4.18452 4.2031 4.22189 4.24059 4.25919 4.62473 4.63628 4.64794 4.6595 4.67099 4.68251 4.69395 4.70542 4.71698 4.72842 4.73993 4.75141 4.76296 4.77454 4.78601 4.79755 4.80903 4.82059 4.8322 
1.5 1.5 1.5 1.5 1.5 1.5 1.5 1.5 1.5 1.5 1.5 1.1387 1.237 1.3353 1.4335 1.5318 1.6301 1.7283 1.8266 1.9249 3.49752 3.51595 3.53444 3.55293 3.57135 3.58978 3.60826 3.62673 3.64511 3.66331 3.68141 3.69969 3.71793 3.73626 3.75454 3.7731 3.79168 3.81018 3.82879 3.84749 3.8663 3.88496 3.90394 3.92264 3.9417 3.9605 3.97916 3.9981 4.01677 4.03573 4.0544 4.07313 4.09211 4.11069 4.12946 4.14805 4.16666 4.18528 4.20383 4.22238 4.24095 4.25945 4.62473 4.63619 4.64768 4.65925 4.67071 4.68223 4.69371 4.70525 4.71682 4.72829 4.73983 4.75131 4.76287 4.77446 4.78594 4.79752 4.80903 4.82065 4.83227 
1.5 1.5 1.5 1.5 1.5 1.5 1.5 1.5 1.5 1.5 1.5 1.1387 1.237 1.3353 1.4335 1.5318 1.6301 1.7283 1.8266 1.9249 3.4972 3.5159 3.5342 3.55262 3.57094 3.58921 3.60754 3.62596 3.64437 3.66266 3.68118 3.6998 3.71838 3.73698 3.75574 3.77463 3.79326 3.81207 3.83069 3.8495 3.86838 3.88701 3.90589 3.92453 3.94351 3.96223 3.98083 3.99964 4.01823 4.03695 4.05552 4.0741 4.09281 4.11133 4.12988 4.14837 4.16687 4.18533 4.20382 4.22226 4.24083 4.25931 4.6246 4.63607 4.64759 4.65915 4.6706 4.68212 4.6936 4.70514 4.71673 4.72821 4.73978 4.75128 4.76288 4.77448 4.78598 4.79758 4.80909 4.8207 4.83231 
1.5 1.5 1.5 1.5 1.5 1.5 1.5 1.5 1.5 1.5 1.5 1.1387 1.237 1.3353 1.4335 1.5318 1.6301 1.7283 1.8266 1.9249 3.49701 3.51498 3.53364 3.55214 3.57072 3.58934 3.60796 3.62669 3.64522 3.66398 3.68272 3.70142 3.72013 3.73872 3.75742 3.77627 3.79491 3.8137 3.83231 3.85107 3.86974 3.88836 3.90705 3.92566 3.94443 3.96304 3.98158 4.00017 4.01868 4.03723 4.05573 4.07422 4.0928 4.11131 4.12978 4.14826 4.16676 4.18522 4.20369 4.22212 4.24068 4.25914 4.62437 4.63585 4.6474 4.65899 4.67047 4.68205 4.69355 4.70514 4.71673 4.72823 4.73983 4.75133 4.76293 4.77453 4.78603 4.79764 4.80914 4.82074 4.83234 
1.5 1.5 1.5 1.5 1.5 1.5 1.5 1.5 1.5 1.5 1.5 1.1387 1.237 1.3353 1.4335 1.5318 1.6301 1.7283 1.8266 1.9249 3.49824 3.5168 3.53536 3.55387 3.57241 3.59096 3.60955 3.62827 3.64683 3.66545 3.68406 3.70268 3.72134 3.73992 3.75859 3.77736 3.79595 3.8146 3.83315 3.85179 3.87037 3.88891 3.90749 3.92601 3.94466 3.96316 3.98166 4.00015 4.01864 4.03711 4.0556 4.07409 4.09265 4.11113 4.12958 4.14806 4.16653 4.18497 4.20346 4.22192 4.2405 4.25899 4.62426 4.63575 4.64734 4.65894 4.67044 4.68204 4.69354 4.70515 4.71675 4.72826 4.73987 4.75137 4.76298 4.77458 4.78608 4.79768 4.80918 4.82078 4.83238 
1.5 1.5 1.5 1.5 1.5 1.5 1.5 1.5 1.5 1.5 1.5 1.1387 1.237 1.3353 1.4335 1.5318 1.6301 1.7283 1.8266 1.9249 3.49921 3.51777 3.53633 3.55485 3.57339 3.59194 3.61052 3.62922 3.64777 3.66636 3.68494 3.70352 3.72211 3.74065 3.75924 3.77788 3.79642 3.81498 3.83349 3.85203 3.87052 3.88902 3.90751 3.926 3.94458 3.96305 3.98154 3.99999 4.01848 4.03694 4.05542 4.0739 4.09246 4.11094 4.12941 4.14789 4.16637 4.18485 4.20334 4.22182 4.24042 4.25892 4.62421 4.63571 4.64732 4.65893 4.67044 4.68205 4.69355 4.70517 4.71677 4.72828 4.73989 4.75139 4.763 4.7746 4.78611 4.79771 4.80922 4.82082 4.83243 
1.5 1.5 1.5 1.5 1.5 1.5 1.5 1.5 1.5 1.5 1.5 1.1387 1.237 1.3353 1.4335 1.5318 1.6301 1.7283 1.8266 1.9249 3.50028 3.51879 3.5373 3.55581 3.57432 3.59284 3.61135 3.62996 3.64847 3.66698 3.68549 3.704 3.72249 3.74099 3.75948 3.77805 3.79654 3.81501 3.8335 3.85196 3.87042 3.8889 3.90735 3.92583 3.94438 3.96285 3.98134 3.99979 4.01828 4.03674 4.05523 4.07371 4.09229 4.11078 4.12927 4.14778 4.16627 4.18478 4.20328 4.22179 4.2404 4.25891 4.62421 4.63572 4.64733 4.65894 4.67045 4.68207 4.69357 4.70519 4.71679 4.7283 4.73991 4.75142 4.76302 4.77463 4.78613 4.79774 4.80924 4.82085 4.83245 
