5
s 30 2 34
r 2 0.01 6 9.96534 0.01
r 10 0.01 6 7.77761 0.01
r 18 0.01 6 5.68204 0.01
r 42 0.01 6 5.92625 0.01
r 50 0.01 6 8.07407 0.01
r 58 0.01 6 10.21 0.01
r 66 0.01 6 12.1043 0.01
r 74 0.01 6 13.8752 0.01
r 82 0.01 6 15.6026 0.01
r 90 0.01 6 17.2957 0.01
r 98 0.01 6 18.9927 0.01
r 106 0.01 6 20.6649 0.01
r 114 0.01 6 22.2939 0.01
r 122 0.01 6 23.9432 0.01
r 130 0.01 6 25.4681 0.01
r 138 0.01 6 26.8644 0.01
r 146 0.01 6 28.3083 0.01
r 2 0.01 12 10.3139 0.01
r 10 0.01 12 8.6505 0.01
r 18 0.01 12 7.33695 0.01
r 42 0.01 12 7.47018 0.01
r 50 0.01 12 8.79533 0.01
r 58 0.01 12 10.4608 0.01
r 66 0.01 12 12.1418 0.01
r 74 0.01 12 13.8764 0.01
r 82 0.01 12 15.6268 0.01
r 90 0.01 12 17.3774 0.01
r 98 0.01 12 19.129 0.01
r 106 0.01 12 20.8889 0.01
r 114 0.01 12 22.6315 0.01
r 122 0.01 12 24.4001 0.01
r 130 0.01 12 26.2147 0.01
r 138 0.01 12 27.9628 0.01
r 146 0.01 12 29.7219 0.01
s 50 2 32
r 2 0.01 6 14.6013 0.01
r 10 0.01 6 12.8629 0.01
r 18 0.01 6 11.1461 0.01
r 26 0.01 6 9.17305 0.01
r 34 0.01 6 7.00811 0.01
r 66 0.01 6 6.99091 0.01
r 74 0.01 6 9.20875 0.01
r 82 0.01 6 11.3086 0.01
r 90 0.01 6 13.2019 0.01
r 98 0.01 6 14.9476 0.01
r 106 0.01 6 16.682 0.01
r 114 0.01 6 18.3624 0.01
r 122 0.01 6 20.0416 0.01
r 130 0.01 6 21.7504 0.01
r 138 0.01 6 23.3824 0.01
r 146 0.01 6 24.9962 0.01
r 2 0.01 12 14.6082 0.01
r 10 0.01 12 12.8641 0.01
r 18 0.01 12 11.2279 0.01
r 26 0.01 12 9.6 0.01
r 34 0.01 12 8.06858 0.01
r 66 0.01 12 8.19207 0.01
r 74 0.01 12 9.76259 0.01
r 82 0.01 12 11.458 0.01
r 90 0.01 12 13.2037 0.01
r 98 0.01 12 14.9583 0.01
r 106 0.01 12 16.7187 0.01
r 114 0.01 12 18.4692 0.01
r 122 0.01 12 20.2382 0.01
r 130 0.01 12 22.0519 0.01
r 138 0.01 12 23.7996 0.01
r 146 0.01 12 25.5605 0.01
s 70 2 34
r 2 0.01 6 18.8205 0.01
r 10 0.01 6 17.1465 0.01
r 18 0.01 6 15.5509 0.01
r 26 0.01 6 13.8969 0.01
r 34 0.01 6 12.1819 0.01
r 42 0.01 6 10.3297 0.01
r 50 0.01 6 8.12458 0.01
r 58 0.01 6 5.90162 0.01
r 82 0.01 6 5.7371 0.01
r 90 0.01 6 7.95896 0.01
r 98 0.01 6 10.1631 0.01
r 106 0.01 6 12.2552 0.01
r 114 0.01 6 14.1267 0.01
r 122 0.01 6 15.8644 0.01
r 130 0.01 6 17.6469 0.01
r 138 0.01 6 19.3471 0.01
r 146 0.01 6 21.0081 0.01
r 2 0.01 12 18.9615 0.01
r 10 0.01 12 17.2132 0.01
r 18 0.01 12 15.57 0.01
r 26 0.01 12 13.9028 0.01
r 34 0.01 12 12.2022 0.01
r 42 0.01 12 10.5706 0.01
r 50 0.01 12 8.9794 0.01
r 58 0.01 12 7.62445 0.01
r 82 0.01 12 7.63932 0.01
r 90 0.01 12 8.98786 0.01
r 98 0.01 12 10.6481 0.01
r 106 0.01 12 12.4041 0.01
r 114 0.01 12 14.1457 0.01
r 122 0.01 12 15.9139 0.01
r 130 0.01 12 17.7301 0.01
r 138 0.01 12 19.4784 0.01
r 146 0.01 12 21.2368 0.01
s 90 2 32
r 2 0.01 6 22.4315 0.01
r 10 0.01 6 20.9441 0.01
r 18 0.01 6 19.7165 0.01
r 26 0.01 6 18.1201 0.01
r 34 0.01 6 16.4866 0.01
r 42 0.01 6 14.8912 0.01
r 50 0.01 6 13.1955 0.01
r 58 0.01 6 11.2759 0.01
r 66 0.01 6 9.07567 0.01
r 74 0.01 6 6.7737 0.01
r 106 0.01 6 6.67987 0.01
r 114 0.01 6 8.8967 0.01
r 122 0.01 6 11.0871 0.01
r 130 0.01 6 13.2936 0.01
r 138 0.01 6 15.1051 0.01
r 146 0.01 6 16.8339 0.01
r 2 0.01 12 23.2965 0.01
r 10 0.01 12 21.5527 0.01
r 18 0.01 12 19.9071 0.01
r 26 0.01 12 18.2418 0.01
r 34 0.01 12 16.5367 0.01
r 42 0.01 12 14.8913 0.01
r 50 0.01 12 13.2 0.01
r 58 0.01 12 11.5169 0.01
r 66 0.01 12 9.76407 0.01
r 74 0.01 12 8.24465 0.01
r 106 0.01 12 8.34539 0.01
r 114 0.01 12 9.85352 0.01
r 122 0.01 12 11.5635 0.01
r 130 0.01 12 13.3831 0.01
r 138 0.01 12 15.1316 0.01
r 146 0.01 12 16.8911 0.01
s 110 2 34
r 2 0.01 6 26.1481 0.01
r 10 0.01 6 24.7333 0.01
r 18 0.01 6 23.4335 0.01
r 26 0.01 6 22.2683 0.01
r 34 0.01 6 20.7103 0.01
r 42 0.01 6 19.1538 0.01
r 50 0.01 6 17.5311 0.01
r 58 0.01 6 15.8849 0.01
r 66 0.01 6 14.1219 0.01
r 74 0.01 6 12.2192 0.01
r 82 0.01 6 10.0854 0.01
r 90 0.01 6 7.80324 0.01
r 98 0.01 6 5.52064 0.01
r 122 0.01 6 5.45763 0.01
r 130 0.01 6 7.73029 0.01
r 138 0.01 6 9.98647 0.01
r 146 0.01 6 12.229 0.01
r 2 0.01 12 27.7058 0.01
r 10 0.01 12 25.9629 0.01
r 18 0.01 12 24.3187 0.01
r 26 0.01 12 22.6485 0.01
r 34 0.01 12 20.9445 0.01
r 42 0.01 12 19.2995 0.01
r 50 0.01 12 17.6079 0.01
r 58 0.01 12 15.9195 0.01
r 66 0.01 12 14.1374 0.01
r 74 0.01 12 12.4194 0.01
r 82 0.01 12 10.7074 0.01
r 90 0.01 12 9.08756 0.01
r 98 0.01 12 7.76336 0.01
r 122 0.01 12 7.82844 0.01
r 130 0.01 12 9.1877 0.01
r 138 0.01 12 10.8151 0.01
r 146 0.01 12 12.5696 0.01
