5
s 30 2 124
r 20 0.01 0 3.67459 0.01
r 22 0.01 0 3.39397 0.01
r 24 0.01 0 3.1376 0.01
r 26 0.01 0 2.97845 0.01
r 28 0.01 0 1.88091 0.01
r 30 0.01 0 1.32667 0.01
r 32 0.01 0 1.88091 0.01
r 34 0.01 0 2.97845 0.01
r 36 0.01 0 3.2209 0.01
r 38 0.01 0 3.53071 0.01
r 40 0.01 0 3.87656 0.01
r 42 0.01 0 4.22114 0.01
r 44 0.01 0 4.51888 0.01
r 46 0.01 0 4.73976 0.01
r 48 0.01 0 5.01583 0.01
r 50 0.01 0 5.35826 0.01
r 52 0.01 0 5.69714 0.01
r 54 0.01 0 6.0222 0.01
r 56 0.01 0 6.3062 0.01
r 58 0.01 0 6.55922 0.01
r 60 0.01 0 6.81236 0.01
r 62 0.01 0 7.10631 0.01
r 64 0.01 0 7.48902 0.01
r 66 0.01 0 7.84384 0.01
r 68 0.01 0 8.06952 0.01
r 70 0.01 0 8.31925 0.01
r 72 0.01 0 8.60308 0.01
r 74 0.01 0 8.92027 0.01
r 76 0.01 0 9.19951 0.01
r 78 0.01 0 9.56602 0.01
r 80 0.01 0 9.84543 0.01
r 20 0.01 6 4.69728 0.01
r 22 0.01 6 4.23604 0.01
r 24 0.01 6 3.76491 0.01
r 26 0.01 6 3.38671 0.01
r 28 0.01 6 2.82363 0.01
r 30 0.01 6 2.64172 0.01
r 32 0.01 6 2.7701 0.01
r 34 0.01 6 3.18223 0.01
r 36 0.01 6 3.67443 0.01
r 38 0.01 6 4.16777 0.01
r 40 0.01 6 4.70528 0.01
r 42 0.01 6 5.24217 0.01
r 44 0.01 6 5.83847 0.01
r 46 0.01 6 6.2677 0.01
r 48 0.01 6 6.94751 0.01
r 50 0.01 6 7.26648 0.01
r 52 0.01 6 7.73822 0.01
r 54 0.01 6 8.26393 0.01
r 56 0.01 6 8.76756 0.01
r 58 0.01 6 9.25656 0.01
r 60 0.01 6 9.7125 0.01
r 62 0.01 6 10.194 0.01
r 64 0.01 6 10.7306 0.01
r 66 0.01 6 11.2558 0.01
r 68 0.01 6 11.7614 0.01
r 70 0.01 6 12.2086 0.01
r 72 0.01 6 12.6774 0.01
r 74 0.01 6 13.1732 0.01
r 76 0.01 6 13.6609 0.01
r 78 0.01 6 14.1534 0.01
r 80 0.01 6 14.6639 0.01
r 20 0.01 7 4.2781 0.01
r 22 0.01 7 3.99656 0.01
r 24 0.01 7 3.71938 0.01
r 26 0.01 7 3.52014 0.01
r 28 0.01 7 3.36324 0.01
r 30 0.01 7 3.0706 0.01
r 32 0.01 7 3.28829 0.01
r 34 0.01 7 3.56425 0.01
r 36 0.01 7 3.84918 0.01
r 38 0.01 7 4.19621 0.01
r 40 0.01 7 4.54096 0.01
r 42 0.01 7 4.88973 0.01
r 44 0.01 7 5.13186 0.01
r 46 0.01 7 5.35055 0.01
r 48 0.01 7 5.67462 0.01
r 50 0.01 7 6.02548 0.01
r 52 0.01 7 6.3711 0.01
r 54 0.01 7 6.65882 0.01
r 56 0.01 7 6.93766 0.01
r 58 0.01 7 7.17047 0.01
r 60 0.01 7 7.43806 0.01
r 62 0.01 7 7.74594 0.01
r 64 0.01 7 8.1568 0.01
r 66 0.01 7 8.45927 0.01
r 68 0.01 7 8.67974 0.01
r 70 0.01 7 8.9477 0.01
r 72 0.01 7 9.2507 0.01
r 74 0.01 7 9.54863 0.01
r 76 0.01 7 9.86093 0.01
r 78 0.01 7 10.259 0.01
r 80 0.01 7 10.4394 0.01
r 20 0.01 8 5.81475 0.01
r 22 0.01 8 5.20167 0.01
r 24 0.01 8 4.70753 0.01
r 26 0.01 8 3.84647 0.01
r 28 0.01 8 3.43345 0.01
r 30 0.01 8 3.07897 0.01
r 32 0.01 8 3.41455 0.01
r 34 0.01 8 3.72713 0.01
r 36 0.01 8 4.17331 0.01
r 38 0.01 8 4.66893 0.01
r 40 0.01 8 5.20961 0.01
r 42 0.01 8 5.74818 0.01
r 44 0.01 8 6.31396 0.01
r 46 0.01 8 7.04737 0.01
r 48 0.01 8 7.51223 0.01
r 50 0.01 8 7.71509 0.01
r 52 0.01 8 8.2515 0.01
r 54 0.01 8 8.78937 0.01
r 56 0.01 8 9.27835 0.01
r 58 0.01 8 9.76642 0.01
r 60 0.01 8 10.205 0.01
r 62 0.01 8 10.691 0.01
r 64 0.01 8 11.2161 0.01
r 66 0.01 8 11.7398 0.01
r 68 0.01 8 12.2731 0.01
r 70 0.01 8 12.712 0.01
r 72 0.01 8 13.1782 0.01
r 74 0.01 8 13.6573 0.01
r 76 0.01 8 14.1502 0.01
r 78 0.01 8 14.6359 0.01
r 80 0.01 8 15.1436 0.01
s 40 2 124
r 20 0.01 0 5.13112 0.01
r 22 0.01 0 4.85029 0.01
r 24 0.01 0 4.594 0.01
r 26 0.01 0 4.40341 0.01
r 28 0.01 0 4.20085 0.01
r 30 0.01 0 3.8776 0.01
r 32 0.01 0 3.56891 0.01
r 34 0.01 0 3.28679 0.01
r 36 0.01 0 2.97845 0.01
r 38 0.01 0 1.88091 0.01
r 40 0.01 0 1.32667 0.01
r 42 0.01 0 1.88091 0.01
r 44 0.01 0 2.97845 0.01
r 46 0.01 0 3.43322 0.01
r 48 0.01 0 3.70873 0.01
r 50 0.01 0 4.04944 0.01
r 52 0.01 0 4.39041 0.01
r 54 0.01 0 4.72125 0.01
r 56 0.01 0 5.00529 0.01
r 58 0.01 0 5.26186 0.01
r 60 0.01 0 5.51494 0.01
r 62 0.01 0 5.81069 0.01
r 64 0.01 0 6.19863 0.01
r 66 0.01 0 6.5613 0.01
r 68 0.01 0 6.78944 0.01
r 70 0.01 0 7.03881 0.01
r 72 0.01 0 7.32621 0.01
r 74 0.01 0 7.65055 0.01
r 76 0.01 0 7.93402 0.01
r 78 0.01 0 8.30543 0.01
r 80 0.01 0 8.59418 0.01
r 20 0.01 6 7.05642 0.01
r 22 0.01 6 6.71096 0.01
r 24 0.01 6 6.32319 0.01
r 26 0.01 6 6.85947 0.01
r 28 0.01 6 5.24521 0.01
r 30 0.01 6 4.70651 0.01
r 32 0.01 6 4.21407 0.01
r 34 0.01 6 3.72292 0.01
r 36 0.01 6 3.28038 0.01
r 38 0.01 6 2.90884 0.01
r 40 0.01 6 2.7806 0.01
r 42 0.01 6 2.99203 0.01
r 44 0.01 6 3.45566 0.01
r 46 0.01 6 3.96167 0.01
r 48 0.01 6 4.38246 0.01
r 50 0.01 6 4.91841 0.01
r 52 0.01 6 5.46513 0.01
r 54 0.01 6 5.99441 0.01
r 56 0.01 6 6.43395 0.01
r 58 0.01 6 6.97207 0.01
r 60 0.01 6 7.50165 0.01
r 62 0.01 6 7.86664 0.01
r 64 0.01 6 8.3973 0.01
r 66 0.01 6 8.9403 0.01
r 68 0.01 6 9.45843 0.01
r 70 0.01 6 9.90946 0.01
r 72 0.01 6 10.3845 0.01
r 74 0.01 6 10.8828 0.01
r 76 0.01 6 11.3827 0.01
r 78 0.01 6 11.8795 0.01
r 80 0.01 6 12.4 0.01
r 20 0.01 7 5.80552 0.01
r 22 0.01 7 5.52649 0.01
r 24 0.01 7 5.25322 0.01
r 26 0.01 7 5.06229 0.01
r 28 0.01 7 4.88882 0.01
r 30 0.01 7 4.598 0.01
r 32 0.01 7 4.25501 0.01
r 34 0.01 7 3.9684 0.01
r 36 0.01 7 3.69718 0.01
r 38 0.01 7 3.48133 0.01
r 40 0.01 7 3.26673 0.01
r 42 0.01 7 3.49163 0.01
r 44 0.01 7 3.84265 0.01
r 46 0.01 7 4.05949 0.01
r 48 0.01 7 4.39168 0.01
r 50 0.01 7 4.74134 0.01
r 52 0.01 7 5.08121 0.01
r 54 0.01 7 5.38195 0.01
r 56 0.01 7 5.66519 0.01
r 58 0.01 7 5.89233 0.01
r 60 0.01 7 6.16667 0.01
r 62 0.01 7 6.50084 0.01
r 64 0.01 7 6.88871 0.01
r 66 0.01 7 7.20252 0.01
r 68 0.01 7 7.42586 0.01
r 70 0.01 7 7.69746 0.01
r 72 0.01 7 8.01929 0.01
r 74 0.01 7 8.31179 0.01
r 76 0.01 7 8.62405 0.01
r 78 0.01 7 9.02682 0.01
r 80 0.01 7 9.21559 0.01
r 20 0.01 8 7.62423 0.01
r 22 0.01 8 7.13761 0.01
r 24 0.01 8 7.14744 0.01
r 26 0.01 8 6.79076 0.01
r 28 0.01 8 5.80772 0.01
r 30 0.01 8 5.27097 0.01
r 32 0.01 8 4.78184 0.01
r 34 0.01 8 4.31465 0.01
r 36 0.01 8 3.97826 0.01
r 38 0.01 8 3.4252 0.01
r 40 0.01 8 3.26843 0.01
r 42 0.01 8 3.60553 0.01
r 44 0.01 8 4.1085 0.01
r 46 0.01 8 4.52025 0.01
r 48 0.01 8 5.24559 0.01
r 50 0.01 8 5.77903 0.01
r 52 0.01 8 6.40794 0.01
r 54 0.01 8 6.96618 0.01
r 56 0.01 8 7.51609 0.01
r 58 0.01 8 7.93976 0.01
r 60 0.01 8 8.58058 0.01
r 62 0.01 8 8.62839 0.01
r 64 0.01 8 8.9764 0.01
r 66 0.01 8 9.51358 0.01
r 68 0.01 8 10.4607 0.01
r 70 0.01 8 10.4855 0.01
r 72 0.01 8 10.9702 0.01
r 74 0.01 8 11.4549 0.01
r 76 0.01 8 11.9565 0.01
r 78 0.01 8 12.4382 0.01
r 80 0.01 8 12.9604 0.01
s 50 2 124
r 20 0.01 0 6.60049 0.01
r 22 0.01 0 6.32355 0.01
r 24 0.01 0 6.06677 0.01
r 26 0.01 0 5.87649 0.01
r 28 0.01 0 5.67711 0.01
r 30 0.01 0 5.35834 0.01
r 32 0.01 0 5.05152 0.01
r 34 0.01 0 4.76898 0.01
r 36 0.01 0 4.51291 0.01
r 38 0.01 0 4.29614 0.01
r 40 0.01 0 4.07502 0.01
r 42 0.01 0 3.77736 0.01
r 44 0.01 0 3.43599 0.01
r 46 0.01 0 2.97845 0.01
r 48 0.01 0 1.88091 0.01
r 50 0.01 0 1.32667 0.01
r 52 0.01 0 1.88091 0.01
r 54 0.01 0 2.97845 0.01
r 56 0.01 0 3.65191 0.01
r 58 0.01 0 3.90966 0.01
r 60 0.01 0 4.16359 0.01
r 62 0.01 0 4.46019 0.01
r 64 0.01 0 4.85304 0.01
r 66 0.01 0 5.22289 0.01
r 68 0.01 0 5.45135 0.01
r 70 0.01 0 5.70131 0.01
r 72 0.01 0 5.98962 0.01
r 74 0.01 0 6.3184 0.01
r 76 0.01 0 6.60595 0.01
r 78 0.01 0 6.98299 0.01
r 80 0.01 0 7.28043 0.01
r 20 0.01 6 9.54048 0.01
r 22 0.01 6 9.0588 0.01
r 24 0.01 6 8.61127 0.01
r 26 0.01 6 8.33678 0.01
r 28 0.01 6 7.74202 0.01
r 30 0.01 6 7.35764 0.01
r 32 0.01 6 6.85413 0.01
r 34 0.01 6 6.24579 0.01
r 36 0.01 6 5.81488 0.01
r 38 0.01 6 5.43337 0.01
r 40 0.01 6 4.93906 0.01
r 42 0.01 6 4.34731 0.01
r 44 0.01 6 3.8182 0.01
r 46 0.01 6 3.3742 0.01
r 48 0.01 6 3.02755 0.01
r 50 0.01 6 2.91563 0.01
r 52 0.01 6 3.11356 0.01
r 54 0.01 6 3.55453 0.01
r 56 0.01 6 4.09485 0.01
r 58 0.01 6 4.60402 0.01
r 60 0.01 6 5.03006 0.01
r 62 0.01 6 5.50252 0.01
r 64 0.01 6 6.04064 0.01
r 66 0.01 6 6.56433 0.01
r 68 0.01 6 7.20259 0.01
r 70 0.01 6 7.60134 0.01
r 72 0.01 6 8.04129 0.01
r 74 0.01 6 8.52718 0.01
r 76 0.01 6 9.01581 0.01
r 78 0.01 6 9.52012 0.01
r 80 0.01 6 10.0525 0.01
r 20 0.01 7 7.32237 0.01
r 22 0.01 7 7.04617 0.01
r 24 0.01 7 6.77919 0.01
r 26 0.01 7 6.58291 0.01
r 28 0.01 7 6.41437 0.01
r 30 0.01 7 6.12173 0.01
r 32 0.01 7 5.78842 0.01
r 34 0.01 7 5.50715 0.01
r 36 0.01 7 5.2358 0.01
r 38 0.01 7 5.02061 0.01
r 40 0.01 7 4.80352 0.01
r 42 0.01 7 4.55996 0.01
r 44 0.01 7 4.21143 0.01
r 46 0.01 7 3.88313 0.01
r 48 0.01 7 3.66407 0.01
r 50 0.01 7 3.44319 0.01
r 52 0.01 7 3.66087 0.01
r 54 0.01 7 4.084 0.01
r 56 0.01 7 4.36811 0.01
r 58 0.01 7 4.59545 0.01
r 60 0.01 7 4.87145 0.01
r 62 0.01 7 5.2071 0.01
r 64 0.01 7 5.59551 0.01
r 66 0.01 7 5.91623 0.01
r 68 0.01 7 6.13986 0.01
r 70 0.01 7 6.41909 0.01
r 72 0.01 7 6.72759 0.01
r 74 0.01 7 7.03717 0.01
r 76 0.01 7 7.34861 0.01
r 78 0.01 7 7.74043 0.01
r 80 0.01 7 7.95772 0.01
r 20 0.01 8 10.1649 0.01
r 22 0.01 8 9.68485 0.01
r 24 0.01 8 9.25972 0.01
r 26 0.01 8 9.36928 0.01
r 28 0.01 8 8.35926 0.01
r 30 0.01 8 7.83709 0.01
r 32 0.01 8 7.3452 0.01
r 34 0.01 8 7.33531 0.01
r 36 0.01 8 8.74321 0.01
r 38 0.01 8 6.30459 0.01
r 40 0.01 8 5.55486 0.01
r 42 0.01 8 4.987 0.01
r 44 0.01 8 4.47693 0.01
r 46 0.01 8 4.11308 0.01
r 48 0.01 8 3.5995 0.01
r 50 0.01 8 3.45268 0.01
r 52 0.01 8 3.77601 0.01
r 54 0.01 8 4.27233 0.01
r 56 0.01 8 4.72897 0.01
r 58 0.01 8 6.21885 0.01
r 60 0.01 8 5.97217 0.01
r 62 0.01 8 6.66116 0.01
r 64 0.01 8 7.35758 0.01
r 66 0.01 8 7.56153 0.01
r 68 0.01 8 8.41435 0.01
r 70 0.01 8 8.68591 0.01
r 72 0.01 8 9.04536 0.01
r 74 0.01 8 9.63351 0.01
r 76 0.01 8 9.66061 0.01
r 78 0.01 8 10.1601 0.01
r 80 0.01 8 10.6849 0.01
s 60 2 124
r 20 0.01 0 8.02652 0.01
r 22 0.01 0 7.7536 0.01
r 24 0.01 0 7.49786 0.01
r 26 0.01 0 7.30823 0.01
r 28 0.01 0 7.11323 0.01
r 30 0.01 0 6.79893 0.01
r 32 0.01 0 6.49505 0.01
r 34 0.01 0 6.21654 0.01
r 36 0.01 0 5.96016 0.01
r 38 0.01 0 5.74357 0.01
r 40 0.01 0 5.52355 0.01
r 42 0.01 0 5.23038 0.01
r 44 0.01 0 4.89139 0.01
r 46 0.01 0 4.61454 0.01
r 48 0.01 0 4.3952 0.01
r 50 0.01 0 4.17193 0.01
r 52 0.01 0 3.91414 0.01
r 54 0.01 0 3.62977 0.01
r 56 0.01 0 2.97845 0.01
r 58 0.01 0 1.88091 0.01
r 60 0.01 0 1.32667 0.01
r 62 0.01 0 1.88091 0.01
r 64 0.01 0 2.97845 0.01
r 66 0.01 0 3.7231 0.01
r 68 0.01 0 4.07138 0.01
r 70 0.01 0 4.31707 0.01
r 72 0.01 0 4.60701 0.01
r 74 0.01 0 4.93639 0.01
r 76 0.01 0 5.22637 0.01
r 78 0.01 0 5.6068 0.01
r 80 0.01 0 5.90894 0.01
r 20 0.01 6 11.9944 0.01
r 22 0.01 6 11.5191 0.01
r 24 0.01 6 11.077 0.01
r 26 0.01 6 10.6821 0.01
r 28 0.01 6 10.2139 0.01
r 30 0.01 6 9.69128 0.01
r 32 0.01 6 9.3244 0.01
r 34 0.01 6 8.83938 0.01
r 36 0.01 6 8.4804 0.01
r 38 0.01 6 8.05613 0.01
r 40 0.01 6 7.54507 0.01
r 42 0.01 6 7.1902 0.01
r 44 0.01 6 6.49748 0.01
r 46 0.01 6 6.06912 0.01
r 48 0.01 6 5.46758 0.01
r 50 0.01 6 5.02487 0.01
r 52 0.01 6 4.53792 0.01
r 54 0.01 6 4.06116 0.01
r 56 0.01 6 3.46352 0.01
r 58 0.01 6 3.06471 0.01
r 60 0.01 6 2.91594 0.01
r 62 0.01 6 3.13959 0.01
r 64 0.01 6 3.59534 0.01
r 66 0.01 6 4.14844 0.01
r 68 0.01 6 4.75628 0.01
r 70 0.01 6 5.25647 0.01
r 72 0.01 6 5.73515 0.01
r 74 0.01 6 6.24233 0.01
r 76 0.01 6 6.75953 0.01
r 78 0.01 6 7.24975 0.01
r 80 0.01 6 7.80126 0.01
r 20 0.01 7 8.72328 0.01
r 22 0.01 7 8.44999 0.01
r 24 0.01 7 8.18113 0.01
r 26 0.01 7 7.98183 0.01
r 28 0.01 7 7.81971 0.01
r 30 0.01 7 7.53464 0.01
r 32 0.01 7 7.20388 0.01
r 34 0.01 7 6.92647 0.01
r 36 0.01 7 6.65239 0.01
r 38 0.01 7 6.43843 0.01
r 40 0.01 7 6.22302 0.01
r 42 0.01 7 5.98697 0.01
r 44 0.01 7 5.64162 0.01
r 46 0.01 7 5.31093 0.01
r 48 0.01 7 5.09415 0.01
r 50 0.01 7 4.87549 0.01
r 52 0.01 7 4.64563 0.01
r 54 0.01 7 4.36156 0.01
r 56 0.01 7 4.05974 0.01
r 58 0.01 7 3.62567 0.01
r 60 0.01 7 3.4518 0.01
r 62 0.01 7 3.67897 0.01
r 64 0.01 7 4.20113 0.01
r 66 0.01 7 4.52374 0.01
r 68 0.01 7 4.74814 0.01
r 70 0.01 7 5.02406 0.01
r 72 0.01 7 5.33869 0.01
r 74 0.01 7 5.64554 0.01
r 76 0.01 7 5.95477 0.01
r 78 0.01 7 6.36883 0.01
r 80 0.01 7 6.57604 0.01
r 20 0.01 8 12.6243 0.01
r 22 0.01 8 12.1566 0.01
r 24 0.01 8 11.6995 0.01
r 26 0.01 8 11.3397 0.01
r 28 0.01 8 10.8348 0.01
r 30 0.01 8 10.317 0.01
r 32 0.01 8 9.83152 0.01
r 34 0.01 8 9.34833 0.01
r 36 0.01 8 8.90352 0.01
r 38 0.01 8 8.46184 0.01
r 40 0.01 8 8.01929 0.01
r 42 0.01 8 7.85307 0.01
r 44 0.01 8 7.61428 0.01
r 46 0.01 8 9.24246 0.01
r 48 0.01 8 8.56365 0.01
r 50 0.01 8 5.65054 0.01
r 52 0.01 8 5.13528 0.01
r 54 0.01 8 4.61491 0.01
r 56 0.01 8 4.32839 0.01
r 58 0.01 8 3.79182 0.01
r 60 0.01 8 3.45339 0.01
r 62 0.01 8 3.72279 0.01
r 64 0.01 8 4.33205 0.01
r 66 0.01 8 4.82235 0.01
r 68 0.01 8 5.46933 0.01
r 70 0.01 8 6.17775 0.01
r 72 0.01 8 6.53128 0.01
r 74 0.01 8 7.06833 0.01
r 76 0.01 8 7.57178 0.01
r 78 0.01 8 8.07808 0.01
r 80 0.01 8 8.58806 0.01
s 70 2 124
r 20 0.01 0 9.50753 0.01
r 22 0.01 0 9.24135 0.01
r 24 0.01 0 8.99171 0.01
r 26 0.01 0 8.80331 0.01
r 28 0.01 0 8.61436 0.01
r 30 0.01 0 8.30622 0.01
r 32 0.01 0 8.00849 0.01
r 34 0.01 0 7.73369 0.01
r 36 0.01 0 7.47999 0.01
r 38 0.01 0 7.26561 0.01
r 40 0.01 0 7.04728 0.01
r 42 0.01 0 6.76088 0.01
r 44 0.01 0 6.42599 0.01
r 46 0.01 0 6.14981 0.01
r 48 0.01 0 5.9312 0.01
r 50 0.01 0 5.70923 0.01
r 52 0.01 0 5.45475 0.01
r 54 0.01 0 5.17244 0.01
r 56 0.01 0 4.84862 0.01
r 58 0.01 0 4.55881 0.01
r 60 0.01 0 4.33224 0.01
r 62 0.01 0 4.16267 0.01
r 64 0.01 0 3.7231 0.01
r 66 0.01 0 2.97845 0.01
r 68 0.01 0 1.88091 0.01
r 70 0.01 0 1.32667 0.01
r 72 0.01 0 1.88091 0.01
r 74 0.01 0 2.97845 0.01
r 76 0.01 0 3.7231 0.01
r 78 0.01 0 4.28738 0.01
r 80 0.01 0 4.59166 0.01
r 20 0.01 6 14.4439 0.01
r 22 0.01 6 13.9809 0.01
r 24 0.01 6 13.5441 0.01
r 26 0.01 6 13.1541 0.01
r 28 0.01 6 12.6954 0.01
r 30 0.01 6 12.184 0.01
r 32 0.01 6 11.7071 0.01
r 34 0.01 6 11.2312 0.01
r 36 0.01 6 10.7915 0.01
r 38 0.01 6 10.3552 0.01
r 40 0.01 6 9.90776 0.01
r 42 0.01 6 9.39898 0.01
r 44 0.01 6 8.92432 0.01
r 46 0.01 6 8.54298 0.01
r 48 0.01 6 8.18481 0.01
r 50 0.01 6 7.65387 0.01
r 52 0.01 6 7.16535 0.01
r 54 0.01 6 6.67204 0.01
r 56 0.01 6 6.19849 0.01
r 58 0.01 6 5.64353 0.01
r 60 0.01 6 5.2445 0.01
r 62 0.01 6 4.66077 0.01
r 64 0.01 6 4.15343 0.01
r 66 0.01 6 3.648 0.01
r 68 0.01 6 3.31454 0.01
r 70 0.01 6 3.17537 0.01
r 72 0.01 6 3.3472 0.01
r 74 0.01 6 3.73629 0.01
r 76 0.01 6 4.28686 0.01
r 78 0.01 6 4.71763 0.01
r 80 0.01 6 5.25581 0.01
r 20 0.01 7 10.3004 0.01
r 22 0.01 7 10.0349 0.01
r 24 0.01 7 9.78055 0.01
r 26 0.01 7 9.57983 0.01
r 28 0.01 7 9.42056 0.01
r 30 0.01 7 9.14081 0.01
r 32 0.01 7 8.81328 0.01
r 34 0.01 7 8.54048 0.01
r 36 0.01 7 8.27396 0.01
r 38 0.01 7 8.06224 0.01
r 40 0.01 7 7.84682 0.01
r 42 0.01 7 7.62028 0.01
r 44 0.01 7 7.27645 0.01
r 46 0.01 7 6.95045 0.01
r 48 0.01 7 6.73441 0.01
r 50 0.01 7 6.51577 0.01
r 52 0.01 7 6.28485 0.01
r 54 0.01 7 6.0032 0.01
r 56 0.01 7 5.71256 0.01
r 58 0.01 7 5.37963 0.01
r 60 0.01 7 5.13004 0.01
r 62 0.01 7 4.97993 0.01
r 64 0.01 7 4.73797 0.01
r 66 0.01 7 4.39773 0.01
r 68 0.01 7 3.95491 0.01
r 70 0.01 7 3.80618 0.01
r 72 0.01 7 3.99049 0.01
r 74 0.01 7 4.4342 0.01
r 76 0.01 7 4.7418 0.01
r 78 0.01 7 5.13758 0.01
r 80 0.01 7 5.39358 0.01
r 20 0.01 8 15.1783 0.01
r 22 0.01 8 14.7239 0.01
r 24 0.01 8 14.2898 0.01
r 26 0.01 8 13.8886 0.01
r 28 0.01 8 13.4367 0.01
r 30 0.01 8 12.9386 0.01
r 32 0.01 8 12.4637 0.01
r 34 0.01 8 11.9753 0.01
r 36 0.01 8 11.5356 0.01
r 38 0.01 8 11.0991 0.01
r 40 0.01 8 10.657 0.01
r 42 0.01 8 10.1352 0.01
r 44 0.01 8 9.59975 0.01
r 46 0.01 8 9.16874 0.01
r 48 0.01 8 9.12361 0.01
r 50 0.01 8 8.71401 0.01
r 52 0.01 8 8.15617 0.01
r 54 0.01 8 7.62345 0.01
r 56 0.01 8 7.11364 0.01
r 58 0.01 8 7.30201 0.01
r 60 0.01 8 6.54629 0.01
r 62 0.01 8 5.41472 0.01
r 64 0.01 8 4.91317 0.01
r 66 0.01 8 4.66926 0.01
r 68 0.01 8 4.10753 0.01
r 70 0.01 8 3.80711 0.01
r 72 0.01 8 4.10974 0.01
r 74 0.01 8 4.59254 0.01
r 76 0.01 8 5.05122 0.01
r 78 0.01 8 5.5078 0.01
r 80 0.01 8 6.01617 0.01
