5
s   30.000     2.000    3
r   34.000     0.010    6     0.000     0.010
r   46.000     0.010    6     0.000     0.010
r   78.000     0.010    6     0.000     0.010
s   40.000     2.000    5
r   44.000     0.010    6     0.000     0.010
r   46.000     0.010    6     0.000     0.010
r   48.000     0.010    6     0.000     0.010
r   62.000     0.010    6     0.000     0.010
r   80.000     0.010    6     0.000     0.010
s   50.000     2.000    6
r   28.000     0.010    6     0.000     0.010
r   36.000     0.010    6     0.000     0.010
r   38.000     0.010    6     0.000     0.010
r   68.000     0.010    6     0.000     0.010
r   70.000     0.010    6     0.000     0.010
r   78.000     0.010    6     0.000     0.010
s   60.000     2.000    6
r   26.000     0.010    6     0.000     0.010
r   28.000     0.010    6     0.000     0.010
r   40.000     0.010    6     0.000     0.010
r   46.000     0.010    6     0.000     0.010
r   48.000     0.010    6     0.000     0.010
r   64.000     0.010    6     0.000     0.010
s   70.000     2.000    3
r   36.000     0.010    6     0.000     0.010
r   68.000     0.010    6     0.000     0.010
r   72.000     0.010    6     0.000     0.010
