# isrc irec src_x rec_x offset keep
0 0 30.000 20.000 10.000 0
0 1 30.000 22.000 8.000 0
0 2 30.000 24.000 6.000 0
0 3 30.000 26.000 4.000 0
0 4 30.000 28.000 2.000 0
0 5 30.000 30.000 0.000 0
0 6 30.000 32.000 2.000 0
0 7 30.000 34.000 4.000 1
0 8 30.000 36.000 6.000 0
0 9 30.000 38.000 8.000 0
0 10 30.000 40.000 10.000 0
0 11 30.000 42.000 12.000 0
0 12 30.000 44.000 14.000 0
0 13 30.000 46.000 16.000 1
0 14 30.000 48.000 18.000 0
0 15 30.000 50.000 20.000 0
0 16 30.000 52.000 22.000 0
0 17 30.000 54.000 24.000 0
0 18 30.000 56.000 26.000 0
0 19 30.000 58.000 28.000 0
0 20 30.000 60.000 30.000 0
0 21 30.000 62.000 32.000 0
0 22 30.000 64.000 34.000 0
0 23 30.000 66.000 36.000 0
0 24 30.000 68.000 38.000 0
0 25 30.000 70.000 40.000 0
0 26 30.000 72.000 42.000 0
0 27 30.000 74.000 44.000 0
0 28 30.000 76.000 46.000 0
0 29 30.000 78.000 48.000 1
0 30 30.000 80.000 50.000 0
1 0 40.000 20.000 20.000 0
1 1 40.000 22.000 18.000 0
1 2 40.000 24.000 16.000 0
1 3 40.000 26.000 14.000 0
1 4 40.000 28.000 12.000 0
1 5 40.000 30.000 10.000 0
1 6 40.000 32.000 8.000 0
1 7 40.000 34.000 6.000 0
1 8 40.000 36.000 4.000 0
1 9 40.000 38.000 2.000 0
1 10 40.000 40.000 0.000 0
1 11 40.000 42.000 2.000 0
1 12 40.000 44.000 4.000 1
1 13 40.000 46.000 6.000 1
1 14 40.000 48.000 8.000 1
1 15 40.000 50.000 10.000 0
1 16 40.000 52.000 12.000 0
1 17 40.000 54.000 14.000 0
1 18 40.000 56.000 16.000 0
1 19 40.000 58.000 18.000 0
1 20 40.000 60.000 20.000 0
1 21 40.000 62.000 22.000 1
1 22 40.000 64.000 24.000 0
1 23 40.000 66.000 26.000 0
1 24 40.000 68.000 28.000 0
1 25 40.000 70.000 30.000 0
1 26 40.000 72.000 32.000 0
1 27 40.000 74.000 34.000 0
1 28 40.000 76.000 36.000 0
1 29 40.000 78.000 38.000 0
1 30 40.000 80.000 40.000 1
2 0 50.000 20.000 30.000 0
2 1 50.000 22.000 28.000 0
2 2 50.000 24.000 26.000 0
2 3 50.000 26.000 24.000 0
2 4 50.000 28.000 22.000 1
2 5 50.000 30.000 20.000 0
2 6 50.000 32.000 18.000 0
2 7 50.000 34.000 16.000 0
2 8 50.000 36.000 14.000 1
2 9 50.000 38.000 12.000 1
2 10 50.000 40.000 10.000 0
2 11 50.000 42.000 8.000 0
2 12 50.000 44.000 6.000 0
2 13 50.000 46.000 4.000 0
2 14 50.000 48.000 2.000 0
2 15 50.000 50.000 0.000 0
2 16 50.000 52.000 2.000 0
2 17 50.000 54.000 4.000 0
2 18 50.000 56.000 6.000 0
2 19 50.000 58.000 8.000 0
2 20 50.000 60.000 10.000 0
2 21 50.000 62.000 12.000 0
2 22 50.000 64.000 14.000 0
2 23 50.000 66.000 16.000 0
2 24 50.000 68.000 18.000 1
2 25 50.000 70.000 20.000 1
2 26 50.000 72.000 22.000 0
2 27 50.000 74.000 24.000 0
2 28 50.000 76.000 26.000 0
2 29 50.000 78.000 28.000 1
2 30 50.000 80.000 30.000 0
3 0 60.000 20.000 40.000 0
3 1 60.000 22.000 38.000 0
3 2 60.000 24.000 36.000 0
3 3 60.000 26.000 34.000 1
3 4 60.000 28.000 32.000 1
3 5 60.000 30.000 30.000 0
3 6 60.000 32.000 28.000 0
3 7 60.000 34.000 26.000 0
3 8 60.000 36.000 24.000 0
3 9 60.000 38.000 22.000 0
3 10 60.000 40.000 20.000 1
3 11 60.000 42.000 18.000 0
3 12 60.000 44.000 16.000 0
3 13 60.000 46.000 14.000 1
3 14 60.000 48.000 12.000 1
3 15 60.000 50.000 10.000 0
3 16 60.000 52.000 8.000 0
3 17 60.000 54.000 6.000 0
3 18 60.000 56.000 4.000 0
3 19 60.000 58.000 2.000 0
3 20 60.000 60.000 0.000 0
3 21 60.000 62.000 2.000 0
3 22 60.000 64.000 4.000 1
3 23 60.000 66.000 6.000 0
3 24 60.000 68.000 8.000 0
3 25 60.000 70.000 10.000 0
3 26 60.000 72.000 12.000 0
3 27 60.000 74.000 14.000 0
3 28 60.000 76.000 16.000 0
3 29 60.000 78.000 18.000 0
3 30 60.000 80.000 20.000 0
4 0 70.000 20.000 50.000 0
4 1 70.000 22.000 48.000 0
4 2 70.000 24.000 46.000 0
4 3 70.000 26.000 44.000 0
4 4 70.000 28.000 42.000 0
4 5 70.000 30.000 40.000 0
4 6 70.000 32.000 38.000 0
4 7 70.000 34.000 36.000 0
4 8 70.000 36.000 34.000 1
4 9 70.000 38.000 32.000 0
4 10 70.000 40.000 30.000 0
4 11 70.000 42.000 28.000 0
4 12 70.000 44.000 26.000 0
4 13 70.000 46.000 24.000 0
4 14 70.000 48.000 22.000 0
4 15 70.000 50.000 20.000 0
4 16 70.000 52.000 18.000 0
4 17 70.000 54.000 16.000 0
4 18 70.000 56.000 14.000 0
4 19 70.000 58.000 12.000 0
4 20 70.000 60.000 10.000 0
4 21 70.000 62.000 8.000 0
4 22 70.000 64.000 6.000 0
4 23 70.000 66.000 4.000 0
4 24 70.000 68.000 2.000 1
4 25 70.000 70.000 0.000 0
4 26 70.000 72.000 2.000 1
4 27 70.000 74.000 4.000 0
4 28 70.000 76.000 6.000 0
4 29 70.000 78.000 8.000 0
4 30 70.000 80.000 10.000 0
