63 81 1.5 0.33
0 2 4 6 8 10 12 14 16 18 20 22 24 26 28 30 32 34 36 38 40 42 44 46 48 50 52 54 56 58 60 62 64 66 68 70 72 74 76 78 80 82 84 86 88 90 92 94 96 98 100 102 104 106 108 110 112 114 116 118 120 122 124 
0 0 0 0 0 0 0 0 0 0 0 0 0 0 0 0 0 0 0 0 0 0 0 0 0 0 0 0 0 0 0 0 0 0 0 0 0 0 0 0 0 0 0 0 0 0 0 0 0 0 0 0 0 0 0 0 0 0 0 0 0 0 0 
0 0.2 0.4 0.6 0.8 1 1.2 1.4 1.6 1.8 2 2.2 2.4 2.6 2.8 3 3.2 3.4 3.6 3.8 4 4.2 4.4 4.6 4.8 5 5.2 5.4 5.6 5.8 6 6.2 6.4 6.6 6.8 7 7.2 7.4 7.6 7.8 8 8.2 8.4 8.6 8.8 9 9.2 9.4 9.6 9.8 10 10.2 10.4 10.6 10.8 11 11.2 11.4 11.6 11.8 12 12.2 12.4 12.6 12.8 13 13.2 13.4 13.6 13.8 14 14.2 14.4 14.6 14.8 15 15.2 15.4 15.6 15.8 16 
1.5 1.5 1.5 1.5 1.5 1.5 1.5 1.5 1.5 1.5 2 1.67702 4.66445 4.67588 4.68706 4.69922 4.71058 4.72196 4.73289 4.74379 4.75496 4.76519 4.77506 4.78556 4.79558 4.80571 4.81525 4.8243 4.83402 4.84286 4.85206 4.8604 4.86887 4.87705 4.88615 4.89293 4.90045 4.90788 4.91509 4.9234 4.92919 4.93599 4.94283 4.94957 4.955 4.96304 4.9697 4.97641 4.98313 4.98857 4.99676 5.00385 5.0109 5.01812 5.02555 5.03307 5.04081 5.04857 5.05668 5.06484 5.07316 5.08175 5.09031 5.0992 5.10819 5.11732 5.12676 5.13614 5.14581 5.15551 5.16511 5.1752 5.18531 5.19584 5.20577 5.21677 5.22661 5.23723 5.24842 5.2579 5.26491 
1.5 1.5 1.5 1.5 1.5 1.5 1.5 1.5 1.5 1.5 2 1.66276 1.71268 4.65768 4.66733 4.67967 4.69125 4.70362 4.71298 4.72354 4.73432 4.744 4.75343 4.76349 4.77291 4.78253 4.79163 4.80004 4.80941 4.81803 4.82662 4.8348 4.84301 4.85107 4.85981 4.86672 4.87421 4.88188 4.88943 4.89768 4.90435 4.91157 4.91911 4.92648 4.93282 4.94149 4.94902 4.95673 4.96437 4.97108 4.98014 4.98819 4.99632 5.00462 5.013 5.02146 5.03017 5.03882 5.04779 5.05671 5.06566 5.07495 5.08417 5.09286 5.10299 5.11257 5.12223 5.13198 5.14133 5.15176 5.16164 5.17205 5.18218 5.19208 5.2032 5.21383 5.22332 5.23593 5.24428 5.25406 5.26693 
1.5 1.5 1.5 1.5 1.5 1.5 1.5 1.5 1.5 1.5 2 1.65339 1.68281 1.72392 4.64008 4.65314 4.66773 4.67651 4.6874 4.69789 4.70878 4.72002 4.72816 4.73818 4.74771 4.75749 4.76788 4.77536 4.78476 4.79348 4.80237 4.81114 4.8195 4.82797 4.83692 4.84435 4.85214 4.8604 4.86844 4.87689 4.88445 4.89337 4.90047 4.90841 4.91643 4.92462 4.93289 4.94119 4.94953 4.95759 4.96662 4.97531 4.98415 4.99314 5.00179 5.0114 5.02078 5.03023 5.03963 5.04877 5.0588 5.06867 5.07848 5.08837 5.09786 5.10811 5.11825 5.12839 5.13845 5.14796 5.1586 5.16917 5.17953 5.18988 5.19983 5.21055 5.22148 5.23317 5.24159 5.24942 5.26558 
1.5 1.5 1.5 1.5 1.5 1.5 1.5 1.5 1.5 1.5 2 1.62965 1.66401 1.7058 4.62374 4.63396 4.64669 4.65774 4.66828 4.68071 4.68957 4.69958 4.70907 4.71921 4.73022 4.73889 4.74834 4.75715 4.76687 4.77697 4.78517 4.79419 4.80321 4.81225 4.82175 4.83007 4.83888 4.8479 4.85688 4.86616 4.87473 4.88453 4.89258 4.90145 4.91045 4.91953 4.92936 4.93783 4.94711 4.95622 4.96573 4.9749 4.98465 4.99422 5.00344 5.01354 5.02293 5.03322 5.04257 5.05259 5.06308 5.07281 5.0836 5.09381 5.10422 5.11447 5.12433 5.13552 5.14539 5.15672 5.1673 5.17745 5.18921 5.19861 5.2114 5.22094 5.2318 5.24388 5.25235 5.26746 5.27817 
1.5 1.5 1.5 1.5 1.5 1.5 1.5 1.5 1.5 1.5 2 1.61051 1.6452 1.69768 4.606 4.61585 4.62649 4.63954 4.65006 4.66053 4.66952 4.67959 4.69092 4.70095 4.71009 4.71907 4.72874 4.73915 4.74902 4.75767 4.76674 4.77607 4.78607 4.79563 4.80486 4.81419 4.8236 4.83357 4.84308 4.85303 4.86249 4.87284 4.88224 4.89205 4.9017 4.9123 4.92259 4.93246 4.94264 4.95295 4.96365 4.97375 4.98425 4.99473 5.00562 5.01624 5.02669 5.03741 5.04797 5.05916 5.06985 5.08032 5.09112 5.10246 5.11336 5.12423 5.13471 5.14581 5.15749 5.16858 5.17962 5.19025 5.20179 5.21323 5.22508 5.23524 5.24778 5.25744 5.27076 5.28155 5.29331 
1.5 1.5 1.5 1.5 1.5 1.5 1.5 1.5 1.5 1.5 2 1.58327 1.61948 4.57293 4.58586 4.59605 4.60413 4.61473 4.6258 4.63603 4.64708 4.6573 4.66738 4.67763 4.68774 4.69825 4.70838 4.71858 4.72908 4.73912 4.74989 4.76018 4.77085 4.78148 4.79223 4.8032 4.81405 4.82508 4.83604 4.84711 4.85854 4.86973 4.8811 4.89263 4.90388 4.91558 4.92713 4.93885 4.95059 4.96241 4.97406 4.98595 4.99781 5.0096 5.02148 5.03321 5.04513 5.05695 5.06878 5.08054 5.09224 5.10403 5.11571 5.12741 5.13909 5.15064 5.16255 5.17406 5.18576 5.19719 5.20869 5.22023 5.23202 5.24364 5.25506 5.26597 5.279 5.28775 5.30179 5.31266 5.32445 
1.5 1.5 1.5 1.5 1.5 1.5 1.5 1.5 1.5 1.5 2 1.55458 1.59499 4.53705 4.55016 4.55919 4.56685 4.57951 4.5893 4.59999 4.61118 4.62165 4.63204 4.64375 4.65347 4.66456 4.67535 4.68654 4.69803 4.70951 4.72122 4.73262 4.74451 4.75649 4.76837 4.78067 4.79284 4.80537 4.81786 4.83042 4.84342 4.85622 4.86925 4.88227 4.89569 4.9084 4.92151 4.93475 4.94782 4.96138 4.9741 4.98733 5.00051 5.01356 5.02662 5.03963 5.05268 5.0656 5.07845 5.09129 5.10391 5.11658 5.12908 5.14159 5.15408 5.16645 5.17895 5.19101 5.20351 5.21564 5.22772 5.23977 5.25164 5.26419 5.27563 5.28756 5.30045 5.30969 5.32359 5.33617 5.34706 
1.5 1.5 1.5 1.5 1.5 1.5 1.5 1.5 1.5 1.5 2 1.52343 1.55769 1.58237 1.61048 4.48898 4.49745 4.50897 4.52206 4.53395 4.54523 4.55658 4.56814 4.5795 4.59117 4.6034 4.61548 4.62815 4.64067 4.6533 4.6667 4.67971 4.69269 4.70647 4.71993 4.7341 4.74818 4.76218 4.77644 4.79059 4.80525 4.81977 4.8345 4.84917 4.86467 4.87861 4.89341 4.90835 4.92295 4.93851 4.95228 4.96695 4.98151 4.99598 5.01022 5.02455 5.03876 5.05288 5.06677 5.0807 5.09433 5.10814 5.1214 5.13489 5.14816 5.16132 5.17446 5.18743 5.20046 5.21323 5.22606 5.23861 5.25068 5.26433 5.27544 5.28886 5.301 5.312 5.32515 5.339 5.34979 
1.5 1.5 1.5 1.5 1.5 1.5 1.5 1.5 1.5 1.5 2 1.49209 1.52492 1.54752 1.57938 1.61065 4.43655 4.44856 4.46355 4.47598 4.48855 4.50092 4.51323 4.52579 4.53848 4.55219 4.56554 4.57999 4.59291 4.60756 4.6227 4.6374 4.65235 4.66699 4.68255 4.69873 4.71459 4.73053 4.74691 4.76271 4.77935 4.7957 4.81216 4.82863 4.84655 4.86159 4.87817 4.89455 4.91109 4.92878 4.94375 4.95999 4.97604 4.99179 5.00748 5.023 5.03849 5.05409 5.06883 5.08387 5.09864 5.11348 5.12777 5.1423 5.15635 5.17041 5.18426 5.19795 5.21157 5.22495 5.23834 5.25149 5.26379 5.27792 5.28871 5.3037 5.31485 5.32752 5.33992 5.35455 5.36574 
1.5 1.5 1.5 1.5 1.5 1.5 1.5 1.5 1.5 1.5 2 1.46087 1.49408 1.5155 1.54927 1.57961 4.38458 4.39803 4.41394 4.42665 4.44061 4.45404 4.46784 4.48155 4.49505 4.51059 4.5254 4.5406 4.55683 4.57235 4.58938 4.60607 4.62308 4.6403 4.65714 4.67559 4.69345 4.71156 4.72962 4.74619 4.76604 4.78429 4.80275 4.82092 4.8414 4.85794 4.87624 4.89458 4.91271 4.93114 4.94861 4.9664 4.98397 5.00188 5.01896 5.03546 5.05226 5.06876 5.08501 5.10125 5.11702 5.13289 5.14821 5.16391 5.17847 5.19337 5.20773 5.22208 5.23699 5.25006 5.26377 5.27755 5.28998 5.30417 5.3165 5.33052 5.34211 5.35544 5.36818 5.38196 5.39373 
1.5 1.5 1.5 1.5 1.5 1.5 1.5 1.5 1.5 1.5 2 1.42848 1.45943 1.48587 1.51184 4.32936 4.34432 4.35658 4.37174 4.38592 4.40079 4.41575 4.43142 4.44625 4.46198 4.47815 4.49526 4.51305 4.53047 4.5477 4.56721 4.58604 4.60485 4.62348 4.64276 4.66303 4.68349 4.7032 4.72377 4.74389 4.76472 4.78541 4.80572 4.82642 4.84745 4.86738 4.88761 4.90772 4.92753 4.94982 4.96711 4.98662 5.00561 5.02458 5.04314 5.06151 5.07958 5.09731 5.11486 5.13192 5.14874 5.16558 5.18197 5.19815 5.21378 5.22939 5.24448 5.25949 5.27422 5.28866 5.30289 5.31731 5.33041 5.3442 5.35756 5.37144 5.38385 5.39741 5.41095 5.424 5.43576 
1.5 1.5 1.5 1.5 1.5 1.5 1.5 1.5 1.5 1.5 2 1.39507 1.42533 1.4554 1.47916 4.27398 4.28783 4.30399 4.32096 4.33389 4.3514 4.36772 4.3857 4.40221 4.41818 4.43835 4.45743 4.47896 4.49716 4.51757 4.53811 4.55907 4.58015 4.6018 4.6212 4.64562 4.66781 4.69036 4.71275 4.73269 4.75775 4.77992 4.80256 4.82484 4.85032 4.86947 4.89144 4.91312 4.93462 4.95888 4.97709 4.99795 5.01825 5.03847 5.05838 5.07771 5.09688 5.11549 5.13406 5.15205 5.16979 5.18761 5.20465 5.2216 5.23791 5.25417 5.26985 5.28539 5.30055 5.31561 5.33024 5.34511 5.35836 5.37258 5.38661 5.40051 5.41258 5.42789 5.4401 5.45506 5.46433 
1.5 1.5 1.5 1.5 1.5 1.5 1.5 1.5 1.5 1.5 2 1.36322 1.3925 1.42122 1.44323 4.21746 4.23258 4.24161 4.26198 4.28549 4.30408 4.32265 4.3433 4.36062 4.38032 4.40032 4.42168 4.44654 4.46625 4.48903 4.512 4.53508 4.55834 4.5821 4.60298 4.63024 4.6544 4.67908 4.70324 4.72518 4.75258 4.77664 4.80115 4.82529 4.85302 4.8733 4.89691 4.92013 4.94306 4.96918 4.9883 5.01032 5.03192 5.05329 5.07429 5.09465 5.11487 5.1345 5.15384 5.17274 5.1912 5.20959 5.22749 5.24502 5.26197 5.2788 5.29495 5.31096 5.32655 5.3419 5.35691 5.37181 5.38601 5.40012 5.41446 5.42854 5.4405 5.45595 5.46978 5.48304 5.49316 
1.5 1.5 1.5 1.5 1.5 1.5 1.5 1.5 1.5 1.5 2 1.33378 1.36147 1.38839 1.41116 1.42345 4.16926 4.17341 4.1829 4.22007 4.24652 4.26863 4.29186 4.31165 4.33433 4.357 4.38009 4.40786 4.42875 4.45408 4.47961 4.50518 4.5309 4.55682 4.57932 4.60878 4.63457 4.66111 4.68662 4.71019 4.73952 4.76554 4.79147 4.81723 4.84666 4.86805 4.89296 4.91739 4.94182 4.96962 4.98917 5.01217 5.03489 5.0572 5.07916 5.10035 5.12134 5.14166 5.16167 5.18129 5.20015 5.21897 5.23739 5.25519 5.27274 5.2899 5.30656 5.3228 5.33872 5.3544 5.36966 5.38459 5.39959 5.41316 5.42811 5.44209 5.45486 5.46949 5.48499 5.49627 5.50744 
1.5 1.5 1.5 1.5 1.5 1.5 1.5 1.5 1.5 1.5 2 1.30688 1.33315 1.35824 1.38126 1.39599 1.41667 1.44287 4.10776 4.13729 4.17117 4.20159 4.2311 4.25337 4.27973 4.30644 4.33292 4.36306 4.38659 4.4153 4.44284 4.47032 4.4977 4.52548 4.55 4.58208 4.60996 4.63825 4.66554 4.6897 4.72044 4.74728 4.77434 4.80105 4.83194 4.85379 4.87969 4.90488 4.93002 4.95869 4.97868 5.00229 5.02544 5.04824 5.07045 5.09214 5.11355 5.13443 5.15481 5.1749 5.19421 5.21328 5.23178 5.24993 5.26783 5.28527 5.3024 5.31907 5.3353 5.35151 5.3672 5.38224 5.39744 5.41135 5.42629 5.44047 5.45406 5.46861 5.48398 5.49623 5.5068 
1.5 1.5 1.5 1.5 1.5 1.5 1.5 1.5 1.5 1.5 2 1.27109 1.29612 1.31956 1.34166 1.35765 1.37238 1.38544 4.08964 4.12214 4.1393 4.16763 4.20308 4.23076 4.25577 4.28555 4.31409 4.34845 4.37304 4.40367 4.43425 4.46444 4.4934 4.52176 4.54621 4.57983 4.60918 4.63837 4.66708 4.69293 4.72513 4.75324 4.78093 4.80817 4.83991 4.86195 4.88827 4.91426 4.9402 4.96937 4.98966 5.01365 5.03752 5.06074 5.08336 5.10543 5.12743 5.14876 5.16941 5.18999 5.20945 5.22911 5.248 5.26625 5.28467 5.3025 5.31997 5.33693 5.35358 5.37011 5.38637 5.40197 5.41723 5.42999 5.44829 5.46065 5.47575 5.48829 5.50527 5.51697 5.52718 
1.5 1.5 1.5 1.5 1.5 1.5 1.5 1.5 1.5 1.5 2 1.26881 1.2943 1.31814 1.34109 1.36356 1.38009 4.05176 4.06398 4.10827 4.14346 4.17499 4.20216 4.2295 4.26359 4.29138 4.3221 4.35886 4.38276 4.41428 4.44421 4.47671 4.50809 4.53867 4.56317 4.59528 4.62432 4.65345 4.68246 4.70842 4.74121 4.7696 4.79844 4.82629 4.85896 4.88108 4.90777 4.93387 4.95957 4.98905 5.0097 5.03436 5.0586 5.08238 5.10523 5.13043 5.15002 5.17175 5.19295 5.21404 5.2342 5.25403 5.27329 5.29233 5.311 5.32894 5.34702 5.36426 5.38128 5.39798 5.41468 5.43024 5.44612 5.46045 5.47777 5.49112 5.50512 5.5206 5.53499 5.54606 5.56057 
1.5 1.5 1.5 1.5 1.5 1.5 1.5 1.5 1.5 1.5 2 1.25587 1.28081 1.30412 1.3237 1.35185 1.36923 4.00625 4.03168 4.06147 4.09494 4.14215 4.18337 4.21168 4.26032 4.29354 4.31922 4.35718 4.3823 4.41608 4.44979 4.47987 4.51208 4.54449 4.57356 4.60693 4.6328 4.66039 4.68891 4.71389 4.74635 4.77455 4.80235 4.83032 4.86118 4.88504 4.91163 4.93829 4.96483 4.99364 5.01408 5.03846 5.06272 5.08645 5.10952 5.13259 5.1553 5.17752 5.1992 5.2205 5.24099 5.2611 5.2812 5.30303 5.31969 5.3383 5.35661 5.37438 5.39181 5.40892 5.42608 5.44171 5.45842 5.47222 5.48926 5.50406 5.51852 5.53387 5.54821 5.56155 5.57671 
1.5 1.5 1.5 1.5 1.5 1.5 1.5 1.5 1.5 1.5 2 1.24872 1.27339 1.29649 1.31916 1.34343 1.36284 3.97669 4.00013 4.02765 4.05841 4.10696 4.15479 4.19587 4.2392 4.28096 4.31842 4.36385 4.38753 4.42405 4.45642 4.49051 4.51812 4.54725 4.57291 4.61097 4.64086 4.66634 4.69476 4.71899 4.74963 4.77547 4.80243 4.82839 4.85934 4.8827 4.90887 4.93486 4.96037 4.98946 5.01129 5.03616 5.06015 5.08324 5.10652 5.13237 5.15254 5.17526 5.19747 5.21918 5.24056 5.26125 5.28171 5.30187 5.32167 5.34103 5.36026 5.37896 5.39712 5.41487 5.43269 5.44895 5.46581 5.48103 5.50194 5.51393 5.52819 5.54451 5.55856 5.57306 5.58946 
1.5 1.5 1.5 1.5 1.5 1.5 1.5 1.5 1.5 1.5 2 1.24506 1.26734 1.29213 1.31456 1.33532 1.35597 1.37263 3.96065 3.96308 4.01188 4.06579 4.11774 4.17327 4.21082 4.26012 4.29292 4.35322 4.37005 4.42468 4.45827 4.49193 4.52497 4.55618 4.58396 4.60364 4.63138 4.65654 4.68606 4.70666 4.73646 4.76158 4.79136 4.81431 4.84188 4.86377 4.88774 4.91586 4.93838 4.96695 4.99051 5.01575 5.03849 5.0629 5.08599 5.11087 5.13167 5.15486 5.17984 5.20263 5.2249 5.24406 5.26531 5.28853 5.3094 5.32758 5.35007 5.36968 5.38866 5.40705 5.42345 5.44054 5.45715 5.47511 5.49166 5.51067 5.52305 5.54075 5.55102 5.56774 5.58579 
1.5 1.5 1.5 1.5 1.5 1.5 1.5 1.5 1.5 1.5 2 1.22249 1.24589 1.2676 1.28938 1.31112 1.33184 1.34333 1.354 3.91008 3.91554 4.00284 4.06604 4.12234 4.16779 4.21666 4.25829 4.31921 4.33751 4.38851 4.43401 4.46997 4.51113 4.53734 4.56442 4.59161 4.61095 4.63656 4.66402 4.68494 4.71327 4.73434 4.75839 4.78512 4.81135 4.83701 4.86023 4.88888 4.91306 4.93661 4.9605 4.98553 5.01044 5.03478 5.0599 5.08471 5.10756 5.13066 5.15382 5.17653 5.19886 5.21916 5.24402 5.26375 5.28732 5.30642 5.32736 5.34814 5.3684 5.38779 5.40754 5.42525 5.44304 5.45971 5.47911 5.49435 5.51036 5.52959 5.54336 5.55955 5.57884 
1.5 1.5 1.5 1.5 1.5 1.5 1.5 1.5 1.5 1.5 2 1.25682 1.28093 1.30384 1.32487 1.34747 1.3705 1.39187 1.41163 1.43301 3.92296 3.95323 4.04193 4.10335 4.14421 4.18562 4.2262 4.28606 4.30174 4.34606 4.39436 4.42344 4.46874 4.50259 4.52859 4.55469 4.57496 4.60535 4.63338 4.65376 4.67422 4.69576 4.71973 4.74314 4.76567 4.78647 4.81086 4.83634 4.86251 4.88939 4.91391 4.93878 4.9631 4.9879 5.0143 5.03905 5.0665 5.08882 5.11231 5.13821 5.16299 5.18718 5.21046 5.2345 5.25648 5.27947 5.30206 5.32478 5.34698 5.36828 5.38961 5.4085 5.43038 5.44931 5.4674 5.48501 5.50121 5.52312 5.53615 5.55245 5.57317 
1.5 1.5 1.5 1.5 1.5 1.5 1.5 1.5 1.5 1.5 2 1.26787 1.29191 1.3158 1.33783 1.36169 1.38335 1.40362 1.42483 3.93619 3.90914 3.97418 4.02824 4.08767 4.14221 4.17904 4.21919 4.26366 4.29071 4.33333 4.36627 4.40321 4.4363 4.46844 4.50412 4.52565 4.55242 4.58067 4.60374 4.62191 4.64844 4.66987 4.69042 4.71264 4.73948 4.76083 4.78316 4.80671 4.83059 4.85828 4.88296 4.90933 4.93511 4.96162 4.99003 5.01708 5.04332 5.07112 5.09549 5.12089 5.14678 5.17308 5.20084 5.22452 5.25021 5.27542 5.29977 5.32328 5.34753 5.37083 5.39419 5.41865 5.4359 5.45507 5.475 5.49418 5.51227 5.53296 5.54944 5.56711 5.59099 
1.5 1.5 1.5 1.5 1.5 1.5 1.5 1.5 1.5 1.5 2 1.28113 1.30667 1.3303 1.35371 1.37701 1.39951 1.41958 3.94464 3.92324 3.96739 4.01129 4.07276 4.11589 4.16567 4.19929 4.22903 4.26847 4.29627 4.32769 4.35926 4.38914 4.42337 4.44454 4.46577 4.49662 4.52477 4.55274 4.57725 4.60111 4.61862 4.63956 4.66119 4.68297 4.70796 4.72976 4.75377 4.77598 4.80062 4.82744 4.85007 4.87833 4.90679 4.93375 4.96125 4.99148 5.02221 5.05297 5.07974 5.10617 5.13327 5.16108 5.18903 5.2159 5.24295 5.272 5.29718 5.32247 5.34749 5.37294 5.39797 5.42011 5.44196 5.4636 5.48368 5.50479 5.52358 5.54432 5.56026 5.58347 5.60884 
1.5 1.5 1.5 1.5 1.5 1.5 1.5 1.5 1.5 1.5 2 1.29542 1.321 1.34527 1.36896 1.39243 1.41548 1.43679 1.4582 4.03148 4.02903 4.09487 4.12785 4.16199 4.19202 4.21754 4.23898 4.27023 4.29147 4.319 4.34706 4.37228 4.39745 4.41603 4.4324 4.45646 4.48032 4.50197 4.52252 4.54654 4.56819 4.5856 4.60851 4.63039 4.65311 4.67374 4.69729 4.72286 4.7457 4.77388 4.7986 4.82399 4.85414 4.88386 4.91309 4.94296 4.97457 5.00746 5.03669 5.06891 5.0974 5.12544 5.15537 5.18379 5.21163 5.24101 5.26941 5.29713 5.32346 5.35028 5.37609 5.39921 5.42165 5.44955 5.46663 5.48816 5.5068 5.52912 5.54565 5.57126 5.59711 
1.5 1.5 1.5 1.5 1.5 1.5 1.5 1.5 1.5 1.5 2 1.30483 1.33058 1.3551 1.37893 1.40257 1.42593 1.44837 1.47068 1.49195 4.09401 4.10632 4.14312 4.17205 4.19986 4.22612 4.24201 4.27134 4.28807 4.3054 4.33289 4.35183 4.37553 4.3922 4.40763 4.43152 4.44746 4.46548 4.48481 4.50407 4.52546 4.54535 4.56424 4.58469 4.60555 4.6277 4.65073 4.67537 4.70024 4.72572 4.75188 4.77787 4.80741 4.83887 4.86883 4.90138 4.93301 4.96604 4.99617 5.02952 5.06239 5.09438 5.1237 5.15364 5.18312 5.21352 5.2426 5.27053 5.29907 5.3276 5.35456 5.37822 5.40195 5.42667 5.44772 5.46974 5.49041 5.51224 5.53155 5.55456 5.58195 
1.5 1.5 1.5 1.5 1.5 1.5 1.5 1.5 1.5 1.5 2 1.31507 1.34129 1.36618 1.39041 1.41436 1.43794 1.46113 1.48489 1.50787 1.53006 4.12177 4.14056 4.17953 4.21632 4.23336 4.25368 4.27377 4.28245 4.30338 4.3255 4.34826 4.36761 4.38379 4.39472 4.41251 4.42722 4.44531 4.4636 4.47718 4.49449 4.51365 4.53375 4.55053 4.57121 4.59282 4.61447 4.63799 4.66359 4.68945 4.71509 4.74192 4.77082 4.80241 4.83345 4.86697 4.90151 4.93132 4.96431 4.99648 5.02961 5.06398 5.09814 5.1257 5.15751 5.1883 5.21826 5.24714 5.27588 5.30581 5.33392 5.35907 5.3832 5.40779 5.4302 5.45185 5.4733 5.50102 5.51748 5.53887 5.56574 
1.5 1.5 1.5 1.5 1.5 1.5 1.5 1.5 1.5 1.5 2 1.31854 1.34461 1.36952 1.39391 1.41789 1.44167 1.46512 1.48876 1.51171 1.53428 4.14598 4.18619 4.18614 4.24061 4.25211 4.27133 4.28704 4.30184 4.3287 4.34055 4.35387 4.37348 4.38623 4.39749 4.41515 4.42584 4.44228 4.45856 4.4681 4.4831 4.5022 4.51685 4.53727 4.55384 4.57673 4.5997 4.62052 4.64524 4.67102 4.69766 4.72614 4.75623 4.78779 4.82056 4.85387 4.88717 4.92112 4.95147 4.98505 5.01853 5.05359 5.08888 5.11919 5.14905 5.18076 5.21102 5.24102 5.26887 5.29918 5.32756 5.3528 5.37683 5.40089 5.42399 5.44671 5.46697 5.48949 5.51053 5.53195 5.56216 
1.5 1.5 1.5 1.5 1.5 1.5 1.5 1.5 1.5 1.5 2 1.32008 1.34604 1.37096 1.3954 1.41927 1.44306 1.46655 1.48948 1.51154 1.53501 4.14989 4.1554 4.2028 4.25975 4.25258 4.26836 4.30059 4.31603 4.33414 4.34892 4.35644 4.37791 4.39097 4.40129 4.4179 4.42998 4.44218 4.45528 4.4672 4.48 4.49553 4.51264 4.53094 4.55113 4.56995 4.59389 4.61741 4.63842 4.66576 4.69394 4.72375 4.75477 4.78607 4.81853 4.85148 4.88415 4.91597 4.94862 4.98187 5.0161 5.05026 5.08562 5.11479 5.14495 5.17647 5.20641 5.23573 5.26441 5.29428 5.32219 5.34701 5.37051 5.39489 5.4168 5.43894 5.46039 5.48182 5.5041 5.52466 5.55205 
1.5 1.5 1.5 1.5 1.5 1.5 1.5 1.5 1.5 1.5 2 1.32064 1.34666 1.37193 1.39635 1.42031 1.44435 1.46794 1.49097 1.51189 4.17059 4.18386 4.19052 4.23831 4.29137 4.28262 4.29718 4.31266 4.33199 4.35381 4.36913 4.37772 4.39601 4.40798 4.41943 4.43423 4.44611 4.45507 4.46716 4.48023 4.49584 4.50708 4.52796 4.54409 4.56552 4.58471 4.60881 4.63204 4.65807 4.68568 4.71375 4.74413 4.7749 4.80627 4.83802 4.86908 4.90126 4.93286 4.96629 4.99962 5.03333 5.06655 5.09888 5.1273 5.15817 5.18825 5.21703 5.24581 5.27452 5.30244 5.32953 5.35416 5.3766 5.40062 5.42231 5.4453 5.46513 5.48606 5.51064 5.52548 5.55302 
1.5 1.5 1.5 1.5 1.5 1.5 1.5 1.5 1.5 1.5 2 1.30083 1.32582 1.35107 1.37505 1.39858 1.42167 1.44449 1.4672 1.48802 4.18908 4.22363 4.23203 4.25572 4.29934 4.29403 4.307 4.32481 4.33832 4.36959 4.37604 4.38019 4.4046 4.41949 4.42755 4.43898 4.45134 4.46349 4.47372 4.488 4.50599 4.51567 4.53757 4.55646 4.57538 4.60068 4.62573 4.65165 4.67734 4.70561 4.73282 4.76294 4.79309 4.82316 4.85271 4.88481 4.91658 4.94678 4.97929 5.01159 5.04348 5.07447 5.10318 5.13262 5.16155 5.19004 5.21848 5.24856 5.27322 5.30212 5.32506 5.34812 5.36957 5.39225 5.41274 5.43629 5.45545 5.47487 5.49728 5.5121 5.53793 
1.5 1.5 1.5 1.5 1.5 1.5 1.5 1.5 1.5 1.5 2 1.322 1.34621 1.37142 1.3984 1.42237 1.4463 1.46989 1.49379 1.51645 1.54015 1.5624 4.20965 4.27392 4.29738 4.2676 4.28057 4.30582 4.32528 4.34711 4.34912 4.36512 4.38972 4.40643 4.40985 4.42442 4.43703 4.45152 4.46234 4.47829 4.49524 4.51173 4.53429 4.55617 4.58351 4.60695 4.62635 4.65609 4.68102 4.71204 4.73778 4.76647 4.79457 4.824 4.85625 4.88569 4.91441 4.94559 4.97454 5.00345 5.03224 5.06042 5.08807 5.1157 5.14278 5.1697 5.19597 5.22154 5.24664 5.27101 5.2949 5.31739 5.33728 5.35784 5.3777 5.3996 5.41889 5.43762 5.45592 5.47426 5.49327 
1.5 1.5 1.5 1.5 1.5 1.5 1.5 1.5 1.5 1.5 2 1.32608 1.3515 1.37807 1.40227 1.42836 1.45252 1.47609 1.50031 1.52408 1.54868 1.57151 1.59475 1.61815 4.19215 4.19472 4.2258 4.2569 4.27706 4.28621 4.30312 4.32804 4.34816 4.37031 4.37942 4.40121 4.41679 4.43728 4.45535 4.47149 4.49657 4.5192 4.54485 4.57002 4.59733 4.61888 4.64335 4.66877 4.69469 4.7253 4.74828 4.77643 4.80627 4.83453 4.86072 4.88786 4.91505 4.94208 4.96872 4.99528 5.02145 5.04765 5.07359 5.09905 5.12561 5.14855 5.17268 5.19639 5.21948 5.24195 5.26398 5.28721 5.30376 5.32323 5.34109 5.36181 5.38038 5.3968 5.41765 5.43293 5.4511 
1.5 1.5 1.5 1.5 1.5 1.5 1.5 1.5 1.5 1.5 2 1.33456 1.36025 1.38781 1.41381 1.43868 1.46375 1.48778 1.51252 1.5368 1.56228 1.58562 1.61037 4.17628 4.21288 4.20465 4.23769 4.26526 4.2802 4.29185 4.31429 4.34051 4.36695 4.38568 4.40117 4.42821 4.44792 4.4674 4.48861 4.51051 4.53966 4.56461 4.58975 4.61418 4.64181 4.66272 4.68704 4.71244 4.73857 4.77116 4.79506 4.82099 4.84726 4.87149 4.89685 4.92214 4.94734 4.97245 4.99728 5.02392 5.04688 5.07076 5.09374 5.11781 5.14059 5.16322 5.18559 5.20742 5.22892 5.24945 5.27008 5.28916 5.30741 5.32647 5.3429 5.36216 5.38055 5.39612 5.41413 5.42916 5.44862 
1.5 1.5 1.5 1.5 1.5 1.5 1.5 1.5 1.5 1.5 2 1.349 1.37326 1.39968 1.42895 1.45425 1.47931 1.50418 1.52937 1.55465 1.57953 1.603 4.17775 4.28315 4.21703 4.23837 4.25784 4.27683 4.29675 4.32668 4.35382 4.37917 4.39833 4.41764 4.43542 4.46054 4.48098 4.50607 4.53383 4.55501 4.58262 4.60619 4.6298 4.65336 4.68133 4.70403 4.73141 4.75879 4.7835 4.81146 4.83165 4.8561 4.88016 4.90471 4.93041 4.95224 4.97561 4.99903 5.02219 5.0449 5.06749 5.08979 5.1136 5.13327 5.15448 5.17588 5.19663 5.21676 5.23714 5.25632 5.27543 5.29353 5.3116 5.32998 5.34518 5.36422 5.3802 5.3923 5.41321 5.42586 5.44187 
1.5 1.5 1.5 1.5 1.5 1.5 1.5 1.5 1.5 1.5 2 1.34293 1.36896 1.39747 1.42407 1.44933 1.47422 1.49885 1.52384 1.5486 1.57237 1.59516 4.1622 4.19679 4.20912 4.23486 4.25713 4.27774 4.30824 4.33739 4.36183 4.3832 4.40781 4.43395 4.45355 4.48257 4.50984 4.53569 4.55979 4.58031 4.60747 4.63266 4.65918 4.68582 4.71556 4.73588 4.75941 4.78245 4.80613 4.83356 4.85366 4.87668 4.89918 4.9221 4.94448 4.96613 4.98797 5.00966 5.03102 5.05222 5.07304 5.09387 5.11426 5.13488 5.1544 5.17408 5.19318 5.212 5.23096 5.24877 5.26651 5.28365 5.30108 5.31699 5.3324 5.34941 5.36642 5.37912 5.39734 5.40957 5.42352 
1.5 1.5 1.5 1.5 1.5 1.5 1.5 1.5 1.5 1.5 2 1.39407 1.41964 1.44799 1.47921 1.50622 1.53316 1.55961 1.5871 1.61337 1.63984 1.66559 1.69731 4.19035 4.2209 4.23873 4.26225 4.28771 4.31675 4.34333 4.37202 4.39563 4.41952 4.44468 4.46837 4.49748 4.52227 4.54722 4.57331 4.59657 4.62506 4.64999 4.67393 4.69766 4.72503 4.74477 4.76687 4.79079 4.81319 4.83881 4.85743 4.8792 4.90032 4.92168 4.94264 4.96341 4.98359 5.00369 5.02386 5.04352 5.06294 5.08238 5.10146 5.12056 5.13892 5.15713 5.17518 5.19292 5.21042 5.22736 5.2441 5.26053 5.27659 5.29106 5.30788 5.32146 5.33872 5.35258 5.36778 5.38204 5.39335 
1.5 1.5 1.5 1.5 1.5 1.5 1.5 1.5 1.5 1.5 2 1.42304 1.45159 1.4828 1.51293 1.54131 1.56936 1.59701 1.62559 1.65336 1.68082 1.70879 1.74366 4.22421 4.24675 4.27344 4.29197 4.32364 4.34928 4.3757 4.39946 4.42382 4.45015 4.47534 4.49702 4.52449 4.54987 4.57481 4.59869 4.62005 4.64608 4.66929 4.69225 4.71542 4.74123 4.76022 4.78229 4.80398 4.82518 4.84938 4.86729 4.88801 4.91005 4.92822 4.94802 4.96743 4.98684 5.00545 5.02449 5.04301 5.06138 5.07961 5.09756 5.11568 5.13293 5.15021 5.16733 5.18474 5.20063 5.21657 5.23245 5.24814 5.26336 5.2775 5.29332 5.30733 5.3228 5.33684 5.3515 5.3641 5.37782 
1.5 1.5 1.5 1.5 1.5 1.5 1.5 1.5 1.5 1.5 2 1.45985 1.49054 1.52206 1.5525 1.5822 1.61197 1.64142 1.67074 1.7 1.72872 1.7579 1.79254 1.81995 1.84504 4.31483 4.32163 4.35377 4.37801 4.40174 4.42427 4.44585 4.46707 4.4885 4.50722 4.53119 4.55337 4.57561 4.59775 4.61735 4.64139 4.66276 4.68427 4.70569 4.72949 4.74764 4.76821 4.78859 4.81042 4.83123 4.84853 4.86804 4.88715 4.90607 4.92482 4.94335 4.96155 4.97967 4.99746 5.01495 5.03226 5.04956 5.06679 5.08391 5.1003 5.11675 5.13291 5.14872 5.16479 5.17999 5.19515 5.20992 5.22486 5.23886 5.25326 5.26731 5.28135 5.29685 5.30991 5.32043 5.33537 
1.5 1.5 1.5 1.5 1.5 1.5 1.5 1.5 1.5 1.5 2 1.49662 1.52879 1.56124 1.59328 1.62425 1.65518 1.68545 1.71676 1.74695 1.77729 1.80755 1.83982 1.87055 1.89969 1.92852 4.37176 4.39471 4.41231 4.4311 4.45023 4.46939 4.48858 4.50774 4.52509 4.54671 4.56618 4.58626 4.60627 4.62626 4.64618 4.66631 4.68606 4.70577 4.72776 4.74481 4.76396 4.78298 4.8017 4.82263 4.83904 4.85737 4.87555 4.89347 4.91134 4.9287 4.94593 4.96303 4.98003 4.99663 5.01341 5.0306 5.04609 5.06247 5.07816 5.09403 5.10941 5.12473 5.13997 5.15463 5.16928 5.1836 5.19752 5.21192 5.22522 5.23951 5.25257 5.26832 5.27978 5.29175 5.30494 
1.5 1.5 1.5 1.5 1.5 1.5 1.5 1.5 1.5 1.5 2 1.53488 1.56868 1.60192 1.63443 1.66719 1.69976 1.73169 1.76378 1.79545 1.82731 1.85876 1.88695 1.92112 4.39542 4.41339 4.43244 4.45023 4.4668 4.48441 4.50199 4.51964 4.53713 4.55481 4.57096 4.59151 4.61018 4.6288 4.64744 4.66599 4.68458 4.70325 4.72152 4.73983 4.76 4.77605 4.79392 4.81192 4.82962 4.84895 4.86438 4.88167 4.89876 4.91568 4.93248 4.9487 4.96493 4.98129 4.9975 5.01336 5.02916 5.04469 5.06018 5.07568 5.09104 5.10639 5.1211 5.13573 5.15037 5.16458 5.17865 5.19244 5.20622 5.21971 5.23344 5.24657 5.25977 5.27507 5.28549 5.29852 5.31056 
1.5 1.5 1.5 1.5 1.5 1.5 1.5 1.5 1.5 1.5 2 1.56856 1.60365 1.63822 1.67233 1.70635 1.74003 1.77383 1.80706 1.84039 1.87338 1.90643 1.93626 4.43757 4.45291 4.46773 4.48365 4.50117 4.51617 4.53174 4.54771 4.56352 4.5795 4.59549 4.61082 4.62884 4.64557 4.66236 4.67919 4.69463 4.71264 4.72945 4.74614 4.76278 4.78108 4.796 4.8125 4.8289 4.84527 4.86275 4.87735 4.89313 4.90907 4.92497 4.94092 4.95623 4.97151 4.98691 5.00216 5.01722 5.03205 5.04695 5.06174 5.07645 5.09114 5.10563 5.11977 5.1336 5.14778 5.16153 5.17526 5.18885 5.2024 5.2151 5.22877 5.24136 5.25422 5.26865 5.27952 5.29248 5.30368 
1.5 1.5 1.5 1.5 1.5 1.5 1.5 1.5 1.5 1.5 2 1.6017 1.63806 1.67394 1.7093 1.74481 1.78004 1.81515 1.84978 1.88549 1.91891 1.95341 1.98594 2.01863 2.05554 4.48793 4.50108 4.51899 4.53242 4.54602 4.56023 4.57439 4.58864 4.6025 4.61581 4.63092 4.64572 4.66081 4.67563 4.68965 4.70557 4.72063 4.73573 4.75051 4.76677 4.78064 4.79547 4.81049 4.82553 4.84139 4.85512 4.86966 4.88444 4.89927 4.91383 4.92847 4.94264 4.95712 4.97133 4.98553 4.99946 5.01348 5.02749 5.04143 5.05542 5.06927 5.08279 5.0961 5.10978 5.12303 5.13623 5.14918 5.16246 5.17482 5.1877 5.2005 5.21271 5.22604 5.23813 5.25058 5.26144 
1.5 1.5 1.5 1.5 1.5 1.5 1.5 1.5 1.5 1.5 2 1.63166 1.66916 1.70628 1.74318 1.78025 1.81697 1.85389 1.88985 1.92596 1.96209 1.99789 2.03285 2.0691 2.10732 2.14191 4.52615 4.54245 4.55439 4.56721 4.57956 4.59226 4.60505 4.61763 4.62992 4.64338 4.65617 4.66976 4.68305 4.69607 4.70984 4.72336 4.73697 4.75035 4.76455 4.77762 4.79111 4.80472 4.81852 4.83271 4.84558 4.85902 4.87255 4.8861 4.89949 4.91304 4.92625 4.93967 4.9529 4.9661 4.97947 4.99269 5.00589 5.01904 5.03218 5.04528 5.05814 5.07093 5.08403 5.09669 5.10946 5.12219 5.13459 5.14726 5.15917 5.1724 5.18351 5.19698 5.20912 5.22101 5.23201 
1.5 1.5 1.5 1.5 1.5 1.5 1.5 1.5 1.5 1.5 2 1.6594 1.69832 1.7366 1.77516 1.81373 1.85178 1.88954 1.92771 1.96506 2.00268 2.0399 2.07672 2.11531 2.1549 2.19168 4.55794 4.572 4.58292 4.5941 4.60616 4.61784 4.62953 4.64115 4.65285 4.6646 4.67627 4.6885 4.70049 4.7126 4.72481 4.73717 4.74945 4.76174 4.77424 4.78652 4.79883 4.81108 4.82352 4.83607 4.84811 4.86047 4.87291 4.88538 4.89783 4.91032 4.92263 4.93507 4.94743 4.95973 4.97219 4.98467 4.99709 5.00947 5.02172 5.03406 5.04625 5.0584 5.07103 5.08324 5.09546 5.10791 5.1196 5.13222 5.14375 5.15663 5.16724 5.18027 5.19255 5.20495 5.21501 
1.5 1.5 1.5 1.5 1.5 1.5 1.5 1.5 1.5 1.5 2 1.68491 1.72488 1.76456 1.80389 1.84342 1.88248 1.92186 1.96043 1.99927 2.03801 2.07655 2.11457 2.15398 2.19063 2.22858 2.26765 4.58342 4.59525 4.60554 4.61682 4.6277 4.63856 4.64944 4.66018 4.67113 4.68198 4.69304 4.70406 4.71555 4.7266 4.73798 4.74919 4.76056 4.77159 4.78312 4.79435 4.80556 4.81696 4.82815 4.83951 4.85089 4.86244 4.87399 4.88545 4.89693 4.90832 4.91984 4.93122 4.94265 4.95423 4.96597 4.97754 4.98911 5.0007 5.01226 5.02387 5.03554 5.04758 5.05923 5.07093 5.08307 5.09439 5.10652 5.1177 5.13028 5.14121 5.15293 5.16628 5.17785 5.18795 
1.5 1.5 1.5 1.5 1.5 1.5 1.5 1.5 1.5 1.5 2 1.70787 1.74889 1.78949 1.82968 1.87019 1.91054 1.95066 1.9905 2.03099 2.07029 2.10974 2.14893 2.18691 2.22436 2.26331 2.30453 4.60189 4.61298 4.62521 4.63454 4.64497 4.6553 4.66572 4.67617 4.68627 4.69667 4.70716 4.71759 4.72845 4.73843 4.74911 4.75945 4.77004 4.78004 4.79083 4.80127 4.81168 4.82215 4.83243 4.84331 4.85387 4.86452 4.87504 4.88557 4.8961 4.90663 4.91727 4.92786 4.93848 4.94949 4.96038 4.97117 4.98217 4.99291 5.00392 5.01498 5.02593 5.03731 5.04847 5.05969 5.07122 5.08241 5.09416 5.10495 5.11706 5.12827 5.13869 5.15283 5.16383 5.17423 
1.5 1.5 1.5 1.5 1.5 1.5 1.5 1.5 1.5 1.5 2 1.72905 1.77107 1.81266 1.85484 1.89565 1.93715 1.97846 2.01948 2.06027 2.10134 2.14214 2.18265 2.22187 2.26042 4.61744 4.62923 4.63828 4.6495 4.66002 4.67052 4.68065 4.69078 4.70101 4.71139 4.72121 4.73136 4.74136 4.75142 4.76184 4.77126 4.78134 4.79107 4.80105 4.81041 4.82083 4.83063 4.84047 4.85029 4.85952 4.86995 4.87986 4.88972 4.89943 4.9093 4.91908 4.92903 4.93903 4.94887 4.95889 4.96924 4.9794 4.98956 4.99991 5.01013 5.02048 5.03097 5.0414 5.05216 5.06278 5.07349 5.08456 5.09554 5.10679 5.11729 5.12886 5.14011 5.14993 5.1634 5.17447 5.18512 
1.5 1.5 1.5 1.5 1.5 1.5 1.5 1.5 1.5 1.5 2 1.74763 1.79028 1.83281 1.87601 1.91752 1.95999 2.00243 2.04471 2.0864 2.12851 2.1703 2.21198 2.25285 2.29339 2.33452 4.62838 4.63759 4.64819 4.65849 4.66866 4.67875 4.68871 4.6988 4.70904 4.71843 4.72841 4.73803 4.74772 4.75787 4.76685 4.77654 4.78592 4.79558 4.80432 4.8143 4.82374 4.83311 4.84233 4.85091 4.86098 4.87028 4.87962 4.88887 4.89821 4.90745 4.91688 4.92632 4.93577 4.94527 4.95494 4.96455 4.97419 4.98394 4.99383 5.00374 5.01369 5.0238 5.034 5.04427 5.05463 5.06529 5.07586 5.08673 5.09714 5.10815 5.11942 5.12917 5.14111 5.15298 5.16346 
1.5 1.5 1.5 1.5 1.5 1.5 1.5 1.5 1.5 1.5 2 1.76454 1.80807 1.85148 1.89462 1.93821 1.98159 2.02504 2.06833 2.11105 2.15439 2.1974 2.2401 2.28266 2.32567 2.36832 2.41034 2.45733 4.62994 4.64022 4.65067 4.66088 4.671 4.681 4.69166 4.70064 4.71037 4.7201 4.72959 4.73953 4.74839 4.75785 4.76706 4.77639 4.78497 4.79471 4.8036 4.81271 4.82175 4.82998 4.83964 4.84872 4.85768 4.86662 4.87555 4.8846 4.89358 4.90261 4.91167 4.92075 4.92991 4.93913 4.94838 4.95786 4.96738 4.97691 4.98656 4.99628 5.00615 5.01606 5.02622 5.03652 5.0469 5.05722 5.06792 5.07824 5.08961 5.09948 5.11027 5.12234 5.13314 
1.5 1.5 1.5 1.5 1.5 1.5 1.5 1.5 1.5 1.5 2 1.77971 1.82382 1.86813 1.91231 1.95668 2.00083 2.04509 2.0888 2.13273 2.17717 2.22089 2.2647 2.30828 2.35235 2.39622 2.44022 2.48494 2.52576 4.63033 4.64072 4.6509 4.66105 4.671 4.68148 4.69088 4.70061 4.71028 4.72005 4.73005 4.73887 4.74824 4.75739 4.7666 4.77511 4.78475 4.79367 4.80258 4.81146 4.81959 4.82916 4.83792 4.84665 4.85538 4.86413 4.87294 4.88179 4.89054 4.89936 4.90833 4.91717 4.92614 4.93523 4.94433 4.95364 4.963 4.9724 4.98192 4.99151 5.00123 5.01117 5.02132 5.03165 5.04176 5.05239 5.06248 5.07357 5.08371 5.09377 5.10547 5.11687 
1.5 1.5 1.5 1.5 1.5 1.5 1.5 1.5 1.5 1.5 2 1.79361 1.83847 1.88354 1.92837 1.97359 2.01843 2.06323 2.10814 2.1534 2.19777 2.24253 2.28715 2.33168 2.3759 2.42147 2.46684 2.51003 4.63145 4.64128 4.65162 4.6619 4.67221 4.68234 4.69293 4.70233 4.7121 4.72187 4.73148 4.74165 4.75053 4.75985 4.76918 4.77828 4.78678 4.79645 4.80545 4.81427 4.82314 4.83119 4.84069 4.84936 4.85811 4.86678 4.87546 4.88419 4.89296 4.90173 4.9105 4.91928 4.92802 4.93688 4.94585 4.95485 4.96407 4.97326 4.9826 4.99198 5.0015 5.01108 5.02095 5.03094 5.0411 5.05117 5.06165 5.07186 5.08252 5.09305 5.1028 5.11368 5.12571 
1.5 1.5 1.5 1.5 1.5 1.5 1.5 1.5 1.5 1.5 2 1.80636 1.85202 1.89762 1.94316 1.98893 2.03436 2.07995 2.12531 2.17126 2.21636 2.26173 2.30705 2.35242 2.39732 2.44176 2.48744 2.53107 4.6281 4.63806 4.64847 4.65881 4.6692 4.67939 4.68998 4.69957 4.70955 4.71943 4.72933 4.73941 4.74857 4.75795 4.76733 4.77663 4.78525 4.79491 4.80393 4.81296 4.82195 4.83029 4.83978 4.84858 4.85735 4.86609 4.87483 4.88357 4.89232 4.90104 4.90989 4.91876 4.92762 4.93647 4.94546 4.95454 4.96373 4.97299 4.98226 4.99176 5.00121 5.01085 5.02057 5.03062 5.04076 5.05094 5.06138 5.07173 5.08204 5.09297 5.10272 5.11287 5.12517 
1.5 1.5 1.5 1.5 1.5 1.5 1.5 1.5 1.5 1.5 2 1.81822 1.86448 1.91063 1.95701 2.00303 2.04917 2.09534 2.14146 2.18754 2.23386 2.27991 2.32576 2.37183 2.418 2.46302 2.50745 2.55185 4.62328 4.63334 4.64365 4.65379 4.66408 4.67437 4.68508 4.69488 4.70499 4.71504 4.72503 4.7354 4.74451 4.75401 4.76356 4.77307 4.78203 4.79184 4.80131 4.81054 4.81967 4.82826 4.838 4.84685 4.85572 4.86463 4.87344 4.88244 4.89134 4.90036 4.90943 4.91846 4.92749 4.93659 4.94567 4.95491 4.96414 4.97345 4.9828 4.99238 5.00204 5.0117 5.02164 5.03171 5.04195 5.05225 5.06277 5.07314 5.08354 5.09449 5.10451 5.11442 5.12622 
1.5 1.5 1.5 1.5 1.5 1.5 1.5 1.5 1.5 1.5 2 1.82919 1.87597 1.92282 1.96936 2.01639 2.06328 2.1101 2.15688 2.20376 2.25039 2.2974 2.34405 2.39098 2.43751 2.48403 2.52974 2.57563 4.61658 4.62677 4.63719 4.64725 4.65766 4.66804 4.67878 4.68865 4.69888 4.70896 4.71902 4.72938 4.73918 4.74907 4.75903 4.76863 4.77771 4.78771 4.79735 4.80664 4.81603 4.82483 4.83465 4.84404 4.85333 4.86267 4.87184 4.88109 4.89031 4.89959 4.9088 4.91802 4.9273 4.93658 4.94593 4.95537 4.96502 4.97458 4.98433 4.99409 5.00392 5.0139 5.02385 5.034 5.04441 5.05477 5.0654 5.07591 5.0865 5.09732 5.10783 5.11774 5.12887 
1.5 1.5 1.5 1.5 1.5 1.5 1.5 1.5 1.5 1.5 2 1.83957 1.8868 1.93436 1.98149 2.02912 2.07671 2.12415 2.17211 2.21928 2.26679 2.31439 2.36188 2.40953 2.45701 2.50447 2.55152 2.59864 2.65059 4.60619 4.61716 4.6276 4.63836 4.64902 4.65979 4.66993 4.68038 4.69077 4.70088 4.71125 4.72119 4.7312 4.74131 4.75116 4.76067 4.77092 4.78089 4.79062 4.80035 4.80972 4.81986 4.82946 4.83899 4.84869 4.85822 4.86784 4.87742 4.88708 4.89671 4.9063 4.91592 4.92564 4.93547 4.94516 4.95505 4.96496 4.97485 4.98493 4.99501 5.00512 5.01529 5.0257 5.03625 5.04676 5.05761 5.06812 5.07879 5.08968 5.1004 5.1104 5.12094 
1.5 1.5 1.5 1.5 1.5 1.5 1.5 1.5 1.5 1.5 2 1.84886 1.89693 1.94456 1.99241 2.04074 2.08871 2.13689 2.18482 2.23283 2.28172 2.32986 2.37813 2.42649 2.47481 2.52326 2.5715 2.6198 2.67099 2.71923 2.76844 4.59636 4.6072 4.61794 4.62886 4.63918 4.6497 4.66022 4.67063 4.68122 4.69129 4.70148 4.71155 4.72171 4.73169 4.74221 4.75252 4.76273 4.77283 4.78243 4.79281 4.80284 4.81281 4.82275 4.83277 4.84285 4.85281 4.86302 4.87312 4.88318 4.89325 4.90342 4.91347 4.92359 4.93381 4.94396 4.95432 4.96457 4.97503 4.9854 4.99585 5.00642 5.0172 5.02793 5.0388 5.0494 5.06032 5.07122 5.08203 5.09233 5.10242 
1.5 1.5 1.5 1.5 1.5 1.5 1.5 1.5 1.5 1.5 2 1.85699 1.90508 1.95352 2.00226 2.05055 2.09898 2.14772 2.19611 2.24526 2.29352 2.34278 2.39148 2.44037 2.48909 2.53812 2.58704 2.63586 2.68607 2.73567 2.78479 4.59038 4.60097 4.61165 4.62237 4.63267 4.64322 4.65366 4.66412 4.67491 4.685 4.69536 4.70587 4.71639 4.72643 4.73714 4.74758 4.7579 4.76823 4.77816 4.78875 4.79913 4.80949 4.8199 4.83041 4.84088 4.85134 4.86187 4.87229 4.88277 4.89318 4.90371 4.91416 4.92468 4.93533 4.9459 4.95657 4.96733 4.97797 4.9887 4.99941 5.01032 5.02125 5.03221 5.04324 5.05407 5.06507 5.07625 5.08708 5.09795 5.10792 
1.5 1.5 1.5 1.5 1.5 1.5 1.5 1.5 1.5 1.5 2 1.86411 1.91278 1.96161 2.01064 2.05929 2.10821 2.15719 2.20631 2.25536 2.30464 2.35361 2.40278 2.45201 2.50191 2.55066 2.59998 2.64922 2.69804 4.58663 4.59731 4.60813 4.61866 4.62914 4.64003 4.65008 4.66057 4.67104 4.68152 4.69226 4.70264 4.71319 4.72366 4.73419 4.74433 4.75511 4.76564 4.77613 4.78674 4.79705 4.80802 4.81871 4.82955 4.84029 4.85109 4.86198 4.87275 4.88356 4.89441 4.90528 4.91613 4.92711 4.93811 4.94908 4.96005 4.97111 4.98217 4.9932 5.00421 5.01519 5.02619 5.03742 5.04854 5.05976 5.07099 5.0821 5.09326 5.10465 5.11562 5.12689 5.13713 
1.5 1.5 1.5 1.5 1.5 1.5 1.5 1.5 1.5 1.5 2 1.86924 1.91826 1.96736 2.01628 2.06549 2.11481 2.16399 2.21353 2.26266 2.31205 2.36146 2.41103 2.46062 2.51017 2.55996 2.60969 2.65929 2.70703 4.58272 4.59318 4.60375 4.61412 4.62453 4.63493 4.64546 4.65599 4.66651 4.67708 4.68772 4.69821 4.70871 4.7193 4.72982 4.74021 4.75114 4.76175 4.77257 4.7835 4.79404 4.80515 4.81611 4.82713 4.83813 4.84926 4.86036 4.87151 4.88258 4.89372 4.90502 4.91628 4.92753 4.93885 4.95017 4.96136 4.97265 4.98392 4.99531 5.00657 5.01782 5.0291 5.04053 5.0519 5.06325 5.07454 5.08598 5.09716 5.10873 5.11983 5.13124 5.14196 
1.5 1.5 1.5 1.5 1.5 1.5 1.5 1.5 1.5 1.5 2 1.87365 1.92301 1.97218 2.02125 2.07087 2.12022 2.1699 2.21933 2.26878 2.31863 2.36815 2.418 2.46787 2.51761 2.56755 2.61756 2.66744 2.71625 2.76673 4.57754 4.5883 4.59879 4.6093 4.62011 4.63024 4.64067 4.65122 4.66167 4.67243 4.68273 4.69332 4.70397 4.71455 4.72498 4.73603 4.74679 4.75764 4.76867 4.77973 4.79103 4.80224 4.81353 4.82484 4.83625 4.84747 4.85882 4.8702 4.8816 4.89303 4.90456 4.91625 4.92781 4.93941 4.95099 4.96255 4.97408 4.9856 4.99721 5.00868 5.02015 5.03179 5.04328 5.05487 5.06639 5.07809 5.08937 5.101 5.11256 5.12411 5.13545 
1.5 1.5 1.5 1.5 1.5 1.5 1.5 1.5 1.5 1.5 2 1.8774 1.92687 1.97618 2.02582 2.07512 2.12471 2.17453 2.22408 2.27388 2.32381 2.37368 2.42359 2.47368 2.52352 2.57376 2.62381 2.67389 2.72356 2.77394 2.824 4.57448 4.58479 4.59513 4.60581 4.61587 4.62626 4.63666 4.64706 4.65774 4.66784 4.67828 4.68871 4.69955 4.71006 4.72112 4.73211 4.74309 4.75408 4.76502 4.77654 4.78771 4.79906 4.81036 4.82174 4.83338 4.84493 4.85673 4.86851 4.88026 4.89217 4.90406 4.9159 4.92776 4.93959 4.95152 4.96336 4.97532 4.98722 4.99922 5.01121 5.02309 5.03484 5.04687 5.05849 5.07052 5.08233 5.09399 5.10605 5.11813 5.13044 
1.5 1.5 1.5 1.5 1.5 1.5 1.5 1.5 1.5 1.5 2 1.88074 1.93034 1.97984 2.02977 2.07936 2.1293 2.1791 2.22908 2.27926 2.32939 2.37966 2.42982 2.48002 2.53041 2.58068 2.63109 2.68157 2.73199 2.78272 2.83338 2.88443 4.56873 4.57903 4.58905 4.59952 4.60971 4.62 4.6304 4.64097 4.65135 4.66198 4.67276 4.68356 4.69422 4.70557 4.71669 4.72795 4.73929 4.75058 4.76232 4.77394 4.78569 4.79755 4.80951 4.82148 4.83352 4.84572 4.85779 4.86992 4.88205 4.89409 4.90617 4.91838 4.93051 4.94265 4.9548 4.96684 4.97901 4.99109 5.00318 5.01505 5.02705 5.03894 5.05083 5.06284 5.07484 5.08617 5.09866 5.11073 5.12338 
