5
s 30 2 34
r   20.000     0.010    8     5.167     0.030
r   22.000     0.010    8     5.236     0.030
r   24.000     0.010    8     4.763     0.030
r   26.000     0.010    8     3.939     0.030
r   28.000     0.010    8     3.553     0.030
r   30.000     0.010    8     3.182     0.030
r   32.000     0.010    8     3.530     0.030
r   34.000     0.010    8     3.849     0.030
r   34.000     0.010    6     3.334     0.010
r   36.000     0.010    8     4.293     0.030
r   38.000     0.010    8     4.792     0.030
r   40.000     0.010    8     5.336     0.030
r   42.000     0.010    8     5.858     0.030
r   44.000     0.010    8     6.354     0.030
r   46.000     0.010    8     6.768     0.030
r   46.000     0.010    6     6.262     0.010
r   48.000     0.010    8     7.195     0.030
r   50.000     0.010    8     7.688     0.030
r   52.000     0.010    8     8.188     0.030
r   54.000     0.010    8     8.684     0.030
r   56.000     0.010    8     9.143     0.030
r   58.000     0.010    8     9.605     0.030
r   60.000     0.010    8    10.036     0.030
r   62.000     0.010    8    10.492     0.030
r   64.000     0.010    8    11.002     0.030
r   66.000     0.010    8    11.483     0.030
r   68.000     0.010    8    11.981     0.030
r   70.000     0.010    8    12.423     0.030
r   72.000     0.010    8    12.819     0.030
r   74.000     0.010    8    13.212     0.030
r   76.000     0.010    8    13.599     0.030
r   78.000     0.010    8    14.001     0.030
r   78.000     0.010    6    13.516     0.010
r   80.000     0.010    8    14.414     0.030
s 40 2 36
r   20.000     0.010    8     7.692     0.030
r   22.000     0.010    8     7.236     0.030
r   24.000     0.010    8     6.822     0.030
r   26.000     0.010    8     6.917     0.030
r   28.000     0.010    8     5.942     0.030
r   30.000     0.010    8     5.433     0.030
r   32.000     0.010    8     4.962     0.030
r   34.000     0.010    8     4.516     0.030
r   36.000     0.010    8     4.187     0.030
r   38.000     0.010    8     3.831     0.030
r   40.000     0.010    8     3.507     0.030
r   42.000     0.010    8     3.868     0.030
r   44.000     0.010    8     4.385     0.030
r   44.000     0.010    6     3.779     0.010
r   46.000     0.010    8     4.993     0.030
r   46.000     0.010    6     4.164     0.010
r   48.000     0.010    8     5.465     0.030
r   48.000     0.010    6     4.507     0.010
r   50.000     0.010    8     6.018     0.030
r   52.000     0.010    8     6.562     0.030
r   54.000     0.010    8     6.615     0.030
r   56.000     0.010    8     7.089     0.030
r   58.000     0.010    8     7.566     0.030
r   60.000     0.010    8     8.001     0.030
r   62.000     0.010    8     8.470     0.030
r   62.000     0.010    6     7.854     0.010
r   64.000     0.010    8     8.996     0.030
r   66.000     0.010    8     9.472     0.030
r   68.000     0.010    8     9.985     0.030
r   70.000     0.010    8    10.423     0.030
r   72.000     0.010    8    10.889     0.030
r   74.000     0.010    8    11.383     0.030
r   76.000     0.010    8    11.851     0.030
r   78.000     0.010    8    12.275     0.030
r   80.000     0.010    8    12.687     0.030
r   80.000     0.010    6    12.096     0.010
s 50 2 37
r   20.000     0.010    8     9.968     0.030
r   22.000     0.010    8     9.569     0.030
r   24.000     0.010    8     9.120     0.030
r   26.000     0.010    8     8.767     0.030
r   28.000     0.010    8     8.293     0.030
r   28.000     0.010    6     7.671     0.010
r   30.000     0.010    8     7.803     0.030
r   32.000     0.010    8     7.354     0.030
r   34.000     0.010    8     6.902     0.030
r   36.000     0.010    8     6.482     0.030
r   36.000     0.010    6     5.874     0.010
r   38.000     0.010    8     6.073     0.030
r   38.000     0.010    6     5.637     0.010
r   40.000     0.010    8     5.623     0.030
r   42.000     0.010    8     5.086     0.030
r   44.000     0.010    8     4.566     0.030
r   46.000     0.010    8     4.229     0.030
r   48.000     0.010    8     3.682     0.030
r   50.000     0.010    8     3.531     0.030
r   52.000     0.010    8     3.859     0.030
r   54.000     0.010    8     4.323     0.030
r   56.000     0.010    8     4.766     0.030
r   58.000     0.010    8     5.253     0.030
r   60.000     0.010    8     7.085     0.030
r   62.000     0.010    8     6.623     0.030
r   64.000     0.010    8     6.649     0.030
r   66.000     0.010    8     7.140     0.030
r   68.000     0.010    8     8.065     0.030
r   68.000     0.010    6     7.024     0.010
r   70.000     0.010    8     8.477     0.030
r   70.000     0.010    6     7.456     0.010
r   72.000     0.010    8     8.573     0.030
r   74.000     0.010    8     9.068     0.030
r   76.000     0.010    8     9.533     0.030
r   78.000     0.010    8    10.000     0.030
r   78.000     0.010    6     9.359     0.010
r   80.000     0.010    8    10.481     0.030
s 60 2 37
r   20.000     0.010    8    12.247     0.030
r   22.000     0.010    8    11.834     0.030
r   24.000     0.010    8    11.429     0.030
r   26.000     0.010    8    11.076     0.030
r   26.000     0.010    6    10.425     0.010
r   28.000     0.010    8    10.623     0.030
r   28.000     0.010    6     9.999     0.010
r   30.000     0.010    8    10.152     0.030
r   32.000     0.010    8     9.737     0.030
r   34.000     0.010    8     9.279     0.030
r   36.000     0.010    8     8.883     0.030
r   38.000     0.010    8     8.524     0.030
r   40.000     0.010    8     8.021     0.030
r   40.000     0.010    6     7.392     0.010
r   42.000     0.010    8     7.508     0.030
r   44.000     0.010    8     6.989     0.030
r   46.000     0.010    8     9.175     0.030
r   46.000     0.010    6     6.038     0.010
r   48.000     0.010    8     8.524     0.030
r   48.000     0.010    6     5.504     0.010
r   50.000     0.010    8     5.664     0.030
r   52.000     0.010    8     5.167     0.030
r   54.000     0.010    8     4.680     0.030
r   56.000     0.010    8     4.229     0.030
r   58.000     0.010    8     3.863     0.030
r   60.000     0.010    8     3.529     0.030
r   62.000     0.010    8     3.786     0.030
r   64.000     0.010    8     4.375     0.030
r   64.000     0.010    6     3.635     0.010
r   66.000     0.010    8     4.843     0.030
r   68.000     0.010    8     5.477     0.030
r   70.000     0.010    8     5.927     0.030
r   72.000     0.010    8     6.514     0.030
r   74.000     0.010    8     7.044     0.030
r   76.000     0.010    8     7.538     0.030
r   78.000     0.010    8     8.017     0.030
r   80.000     0.010    8     8.554     0.030
s 70 2 34
r   20.000     0.010    8    14.507     0.030
r   22.000     0.010    8    14.128     0.030
r   24.000     0.010    8    13.764     0.030
r   26.000     0.010    8    13.434     0.030
r   28.000     0.010    8    13.072     0.030
r   30.000     0.010    8    12.653     0.030
r   32.000     0.010    8    12.249     0.030
r   34.000     0.010    8    11.782     0.030
r   36.000     0.010    8    11.383     0.030
r   36.000     0.010    6    10.636     0.010
r   38.000     0.010    8    11.018     0.030
r   40.000     0.010    8    10.547     0.030
r   42.000     0.010    8    10.031     0.030
r   44.000     0.010    8     9.537     0.030
r   46.000     0.010    8     9.086     0.030
r   48.000     0.010    8     8.647     0.030
r   50.000     0.010    8     8.208     0.030
r   52.000     0.010    8     7.730     0.030
r   54.000     0.010    8     7.603     0.030
r   56.000     0.010    8     7.080     0.030
r   58.000     0.010    8     6.645     0.030
r   60.000     0.010    8     6.341     0.030
r   62.000     0.010    8     5.393     0.030
r   64.000     0.010    8     4.923     0.030
r   66.000     0.010    8     4.541     0.030
r   68.000     0.010    8     4.006     0.030
r   68.000     0.010    6     3.356     0.010
r   70.000     0.010    8     3.848     0.030
r   72.000     0.010    8     4.139     0.030
r   72.000     0.010    6     3.382     0.010
r   74.000     0.010    8     4.588     0.030
r   76.000     0.010    8     5.037     0.030
r   78.000     0.010    8     5.472     0.030
r   80.000     0.010    8     5.959     0.030
