5
s 30 2 34
r 20 0.01 8 5.0013 0.01
r 22 0.01 8 5.16564 0.01
r 24 0.01 8 4.72555 0.01
r 26 0.01 8 3.84182 0.01
r 28 0.01 8 3.51738 0.01
r 30 0.01 8 3.16259 0.01
r 32 0.01 8 3.4699 0.01
r 34 0.01 8 3.79718 0.01
r 34 0.01 6 3.19293 0.01
r 36 0.01 8 4.19829 0.01
r 38 0.01 8 4.66152 0.01
r 40 0.01 8 5.17072 0.01
r 42 0.01 8 5.66837 0.01
r 44 0.01 8 6.14329 0.01
r 46 0.01 8 6.57582 0.01
r 46 0.01 6 5.99353 0.01
r 48 0.01 8 6.91489 0.01
r 50 0.01 8 7.36125 0.01
r 52 0.01 8 7.79881 0.01
r 54 0.01 8 8.24395 0.01
r 56 0.01 8 8.6531 0.01
r 58 0.01 8 9.05881 0.01
r 60 0.01 8 9.43353 0.01
r 62 0.01 8 9.84239 0.01
r 64 0.01 8 10.3137 0.01
r 66 0.01 8 10.7948 0.01
r 68 0.01 8 11.1738 0.01
r 70 0.01 8 11.5452 0.01
r 72 0.01 8 11.9443 0.01
r 74 0.01 8 12.3565 0.01
r 76 0.01 8 12.7144 0.01
r 78 0.01 8 13.1132 0.01
r 78 0.01 6 12.5938 0.01
r 80 0.01 8 13.5317 0.01
s 40 2 36
r 20 0.01 8 7.33938 0.01
r 22 0.01 8 6.94499 0.01
r 24 0.01 8 6.52289 0.01
r 26 0.01 8 6.17384 0.01
r 28 0.01 8 5.76433 0.01
r 30 0.01 8 5.29239 0.01
r 32 0.01 8 4.85263 0.01
r 34 0.01 8 4.41689 0.01
r 36 0.01 8 4.08627 0.01
r 38 0.01 8 3.75503 0.01
r 40 0.01 8 3.43589 0.01
r 42 0.01 8 3.77858 0.01
r 44 0.01 8 4.28753 0.01
r 44 0.01 6 3.63736 0.01
r 46 0.01 8 4.95605 0.01
r 46 0.01 6 4.06179 0.01
r 48 0.01 8 5.40025 0.01
r 48 0.01 6 4.3637 0.01
r 50 0.01 8 5.45667 0.01
r 52 0.01 8 5.93174 0.01
r 54 0.01 8 6.40499 0.01
r 56 0.01 8 6.83459 0.01
r 58 0.01 8 7.25941 0.01
r 60 0.01 8 7.64628 0.01
r 62 0.01 8 8.07457 0.01
r 62 0.01 6 7.40929 0.01
r 64 0.01 8 8.57903 0.01
r 66 0.01 8 9.07091 0.01
r 68 0.01 8 9.45574 0.01
r 70 0.01 8 9.83574 0.01
r 72 0.01 8 10.244 0.01
r 74 0.01 8 10.6845 0.01
r 76 0.01 8 11.0799 0.01
r 78 0.01 8 11.5175 0.01
r 80 0.01 8 11.9404 0.01
r 80 0.01 6 11.2865 0.01
s 50 2 37
r 20 0.01 8 9.38818 0.01
r 22 0.01 8 8.9839 0.01
r 24 0.01 8 8.61921 0.01
r 26 0.01 8 8.29317 0.01
r 28 0.01 8 7.90806 0.01
r 28 0.01 6 7.26817 0.01
r 30 0.01 8 7.47588 0.01
r 32 0.01 8 7.09349 0.01
r 34 0.01 8 6.66868 0.01
r 36 0.01 8 6.27295 0.01
r 36 0.01 6 5.60213 0.01
r 38 0.01 8 5.8749 0.01
r 38 0.01 6 5.21162 0.01
r 40 0.01 8 5.46431 0.01
r 42 0.01 8 4.97051 0.01
r 44 0.01 8 4.48928 0.01
r 46 0.01 8 4.18096 0.01
r 48 0.01 8 3.82764 0.01
r 50 0.01 8 3.52867 0.01
r 52 0.01 8 3.8521 0.01
r 54 0.01 8 4.30564 0.01
r 56 0.01 8 4.70604 0.01
r 58 0.01 8 5.15619 0.01
r 60 0.01 8 6.96675 0.01
r 62 0.01 8 5.93938 0.01
r 64 0.01 8 6.4694 0.01
r 66 0.01 8 6.93857 0.01
r 68 0.01 8 7.37731 0.01
r 68 0.01 6 6.70104 0.01
r 70 0.01 8 7.76485 0.01
r 70 0.01 6 7.09123 0.01
r 72 0.01 8 8.19044 0.01
r 74 0.01 8 8.64903 0.01
r 76 0.01 8 9.05552 0.01
r 78 0.01 8 9.50017 0.01
r 78 0.01 6 8.8328 0.01
r 80 0.01 8 9.94203 0.01
s 60 2 37
r 20 0.01 8 11.412 0.01
r 22 0.01 8 11.0272 0.01
r 24 0.01 8 10.6618 0.01
r 26 0.01 8 10.3447 0.01
r 26 0.01 6 9.68224 0.01
r 28 0.01 8 10.0043 0.01
r 28 0.01 6 9.32082 0.01
r 30 0.01 8 9.57253 0.01
r 32 0.01 8 9.18639 0.01
r 34 0.01 8 8.81997 0.01
r 36 0.01 8 8.42661 0.01
r 38 0.01 8 8.06874 0.01
r 40 0.01 8 7.65666 0.01
r 40 0.01 6 6.99474 0.01
r 42 0.01 8 7.18667 0.01
r 44 0.01 8 6.70369 0.01
r 46 0.01 8 6.29605 0.01
r 46 0.01 6 5.8109 0.01
r 48 0.01 8 5.90024 0.01
r 48 0.01 6 5.34518 0.01
r 50 0.01 8 5.51286 0.01
r 52 0.01 8 5.07433 0.01
r 54 0.01 8 4.67195 0.01
r 56 0.01 8 4.19984 0.01
r 58 0.01 8 3.87336 0.01
r 60 0.01 8 3.53654 0.01
r 62 0.01 8 3.86446 0.01
r 64 0.01 8 4.37816 0.01
r 64 0.01 6 3.60358 0.01
r 66 0.01 8 4.8703 0.01
r 68 0.01 8 5.9261 0.01
r 70 0.01 8 6.01709 0.01
r 72 0.01 8 6.38584 0.01
r 74 0.01 8 6.83282 0.01
r 76 0.01 8 7.3731 0.01
r 78 0.01 8 7.84839 0.01
r 80 0.01 8 7.90174 0.01
s 70 2 34
r 20 0.01 8 13.5225 0.01
r 22 0.01 8 13.1573 0.01
r 24 0.01 8 12.8186 0.01
r 26 0.01 8 12.5165 0.01
r 28 0.01 8 12.1799 0.01
r 30 0.01 8 11.7803 0.01
r 32 0.01 8 11.3896 0.01
r 34 0.01 8 11.0156 0.01
r 36 0.01 8 10.6582 0.01
r 36 0.01 6 9.90515 0.01
r 38 0.01 8 10.3132 0.01
r 40 0.01 8 9.95492 0.01
r 42 0.01 8 9.48925 0.01
r 44 0.01 8 9.02079 0.01
r 46 0.01 8 8.64756 0.01
r 48 0.01 8 8.24086 0.01
r 50 0.01 8 7.85829 0.01
r 52 0.01 8 7.44272 0.01
r 54 0.01 8 7.00969 0.01
r 56 0.01 8 6.8244 0.01
r 58 0.01 8 6.60166 0.01
r 60 0.01 8 6.90105 0.01
r 62 0.01 8 5.37915 0.01
r 64 0.01 8 4.92473 0.01
r 66 0.01 8 4.68395 0.01
r 68 0.01 8 4.18519 0.01
r 68 0.01 6 3.34533 0.01
r 70 0.01 8 3.87257 0.01
r 72 0.01 8 4.17464 0.01
r 72 0.01 6 3.38069 0.01
r 74 0.01 8 4.6175 0.01
r 76 0.01 8 4.97922 0.01
r 78 0.01 8 5.41664 0.01
r 80 0.01 8 5.90166 0.01
