5
s 30 2 34
r 20 0.01 8 5.15777 0.01
r 22 0.01 8 5.26403 0.01
r 24 0.01 8 4.80238 0.01
r 26 0.01 8 3.90899 0.01
r 28 0.01 8 3.51957 0.01
r 30 0.01 8 3.16249 0.01
r 32 0.01 8 3.49703 0.01
r 34 0.01 8 3.80816 0.01
r 34 0.01 6 3.20901 0.01
r 36 0.01 8 4.27458 0.01
r 38 0.01 8 4.77205 0.01
r 40 0.01 8 5.32194 0.01
r 42 0.01 8 5.87099 0.01
r 44 0.01 8 6.39395 0.01
r 46 0.01 8 6.83496 0.01
r 46 0.01 6 6.29122 0.01
r 48 0.01 8 7.27546 0.01
r 50 0.01 8 7.75785 0.01
r 52 0.01 8 8.24085 0.01
r 54 0.01 8 8.73387 0.01
r 56 0.01 8 9.18407 0.01
r 58 0.01 8 9.63354 0.01
r 60 0.01 8 10.0505 0.01
r 62 0.01 8 10.4973 0.01
r 64 0.01 8 10.9951 0.01
r 66 0.01 8 11.4906 0.01
r 68 0.01 8 11.9593 0.01
r 70 0.01 8 12.3697 0.01
r 72 0.01 8 12.8144 0.01
r 74 0.01 8 13.2578 0.01
r 76 0.01 8 13.6403 0.01
r 78 0.01 8 14.0388 0.01
r 78 0.01 6 13.5154 0.01
r 80 0.01 8 14.4443 0.01
s 40 2 36
r 20 0.01 8 7.67596 0.01
r 22 0.01 8 7.23298 0.01
r 24 0.01 8 6.81333 0.01
r 26 0.01 8 6.95027 0.01
r 28 0.01 8 5.96589 0.01
r 30 0.01 8 5.45074 0.01
r 32 0.01 8 4.9563 0.01
r 34 0.01 8 4.50004 0.01
r 36 0.01 8 4.14865 0.01
r 38 0.01 8 3.7826 0.01
r 40 0.01 8 3.43589 0.01
r 42 0.01 8 3.77978 0.01
r 44 0.01 8 4.29234 0.01
r 44 0.01 6 3.51706 0.01
r 46 0.01 8 4.71574 0.01
r 46 0.01 6 4.03236 0.01
r 48 0.01 8 5.56034 0.01
r 48 0.01 6 4.46039 0.01
r 50 0.01 8 6.01243 0.01
r 52 0.01 8 6.16892 0.01
r 54 0.01 8 6.68437 0.01
r 56 0.01 8 7.15618 0.01
r 58 0.01 8 7.62676 0.01
r 60 0.01 8 8.05396 0.01
r 62 0.01 8 8.51552 0.01
r 62 0.01 6 7.83188 0.01
r 64 0.01 8 9.02891 0.01
r 66 0.01 8 9.53121 0.01
r 68 0.01 8 10.0252 0.01
r 70 0.01 8 10.4488 0.01
r 72 0.01 8 10.8986 0.01
r 74 0.01 8 11.3884 0.01
r 76 0.01 8 11.8231 0.01
r 78 0.01 8 12.2815 0.01
r 80 0.01 8 12.7311 0.01
r 80 0.01 6 12.0705 0.01
s 50 2 37
r 20 0.01 8 9.97543 0.01
r 22 0.01 8 9.54982 0.01
r 24 0.01 8 9.15926 0.01
r 26 0.01 8 8.79797 0.01
r 28 0.01 8 8.35219 0.01
r 28 0.01 6 7.69646 0.01
r 30 0.01 8 7.87401 0.01
r 32 0.01 8 7.42485 0.01
r 34 0.01 8 6.97457 0.01
r 36 0.01 8 6.54459 0.01
r 36 0.01 6 5.871 0.01
r 38 0.01 8 6.10769 0.01
r 38 0.01 6 5.49891 0.01
r 40 0.01 8 5.6534 0.01
r 42 0.01 8 5.1061 0.01
r 44 0.01 8 4.58016 0.01
r 46 0.01 8 4.24958 0.01
r 48 0.01 8 3.8037 0.01
r 50 0.01 8 3.52863 0.01
r 52 0.01 8 3.85352 0.01
r 54 0.01 8 4.34674 0.01
r 56 0.01 8 4.79168 0.01
r 58 0.01 8 5.28099 0.01
r 60 0.01 8 7.12665 0.01
r 62 0.01 8 6.80055 0.01
r 64 0.01 8 6.90014 0.01
r 66 0.01 8 7.37317 0.01
r 68 0.01 8 7.89825 0.01
r 68 0.01 6 7.10498 0.01
r 70 0.01 8 8.3394 0.01
r 70 0.01 6 7.44062 0.01
r 72 0.01 8 8.83868 0.01
r 74 0.01 8 9.23895 0.01
r 76 0.01 8 9.54084 0.01
r 78 0.01 8 9.99689 0.01
r 78 0.01 6 9.319 0.01
r 80 0.01 8 10.4726 0.01
s 60 2 37
r 20 0.01 8 12.2005 0.01
r 22 0.01 8 11.8001 0.01
r 24 0.01 8 11.4152 0.01
r 26 0.01 8 11.0694 0.01
r 26 0.01 6 10.3821 0.01
r 28 0.01 8 10.641 0.01
r 28 0.01 6 9.97061 0.01
r 30 0.01 8 10.1825 0.01
r 32 0.01 8 9.77712 0.01
r 34 0.01 8 9.33692 0.01
r 36 0.01 8 8.94837 0.01
r 38 0.01 8 8.49089 0.01
r 40 0.01 8 8.05253 0.01
r 40 0.01 6 7.36992 0.01
r 42 0.01 8 7.53266 0.01
r 44 0.01 8 7.00274 0.01
r 46 0.01 8 9.43708 0.01
r 46 0.01 6 6.02429 0.01
r 48 0.01 8 8.77561 0.01
r 48 0.01 6 5.51695 0.01
r 50 0.01 8 5.68087 0.01
r 52 0.01 8 5.17561 0.01
r 54 0.01 8 4.68371 0.01
r 56 0.01 8 4.24714 0.01
r 58 0.01 8 3.8717 0.01
r 60 0.01 8 3.53536 0.01
r 62 0.01 8 3.86881 0.01
r 64 0.01 8 4.414 0.01
r 64 0.01 6 3.61165 0.01
r 66 0.01 8 4.91153 0.01
r 68 0.01 8 6.08643 0.01
r 70 0.01 8 6.20882 0.01
r 72 0.01 8 6.58114 0.01
r 74 0.01 8 7.10179 0.01
r 76 0.01 8 7.55357 0.01
r 78 0.01 8 8.00487 0.01
r 80 0.01 8 8.45418 0.01
s 70 2 34
r 20 0.01 8 14.462 0.01
r 22 0.01 8 14.0952 0.01
r 24 0.01 8 13.7451 0.01
r 26 0.01 8 13.4331 0.01
r 28 0.01 8 13.0362 0.01
r 30 0.01 8 12.5877 0.01
r 32 0.01 8 12.1796 0.01
r 34 0.01 8 11.7742 0.01
r 36 0.01 8 11.375 0.01
r 36 0.01 6 10.5941 0.01
r 38 0.01 8 10.9703 0.01
r 40 0.01 8 10.5426 0.01
r 42 0.01 8 10.0405 0.01
r 44 0.01 8 9.95379 0.01
r 46 0.01 8 9.49203 0.01
r 48 0.01 8 9.05867 0.01
r 50 0.01 8 8.61539 0.01
r 52 0.01 8 8.14171 0.01
r 54 0.01 8 7.67183 0.01
r 56 0.01 8 6.84695 0.01
r 58 0.01 8 6.63002 0.01
r 60 0.01 8 7.269 0.01
r 62 0.01 8 5.44063 0.01
r 64 0.01 8 4.95248 0.01
r 66 0.01 8 4.72233 0.01
r 68 0.01 8 4.1381 0.01
r 68 0.01 6 3.34351 0.01
r 70 0.01 8 3.87254 0.01
r 72 0.01 8 4.17595 0.01
r 72 0.01 6 3.37636 0.01
r 74 0.01 8 4.64971 0.01
r 76 0.01 8 5.04138 0.01
r 78 0.01 8 5.49509 0.01
r 80 0.01 8 5.98703 0.01
