63 81 1.5 0.33
0 2 4 6 8 10 12 14 16 18 20 22 24 26 28 30 32 34 36 38 40 42 44 46 48 50 52 54 56 58 60 62 64 66 68 70 72 74 76 78 80 82 84 86 88 90 92 94 96 98 100 102 104 106 108 110 112 114 116 118 120 122 124 
0 0 0 0 0 0 0 0 0 0 0 0 0 0 0 0 0 0 0 0 0 0 0 0 0 0 0 0 0 0 0 0 0 0 0 0 0 0 0 0 0 0 0 0 0 0 0 0 0 0 0 0 0 0 0 0 0 0 0 0 0 0 0 
0 0.2 0.4 0.6 0.8 1 1.2 1.4 1.6 1.8 2 2.2 2.4 2.6 2.8 3 3.2 3.4 3.6 3.8 4 4.2 4.4 4.6 4.8 5 5.2 5.4 5.6 5.8 6 6.2 6.4 6.6 6.8 7 7.2 7.4 7.6 7.8 8 8.2 8.4 8.6 8.8 9 9.2 9.4 9.6 9.8 10 10.2 10.4 10.6 10.8 11 11.2 11.4 11.6 11.8 12 12.2 12.4 12.6 12.8 13 13.2 13.4 13.6 13.8 14 14.2 14.4 14.6 14.8 15 15.2 15.4 15.6 15.8 16 
1.5 1.5 1.5 1.5 1.5 1.5 1.5 1.5 1.5 1.5 1.45541 2.18367 7.15332 7.1703 7.19023 7.20817 7.22641 7.24581 7.26209 7.27998 7.29727 7.314 7.32955 7.34625 7.36212 7.37726 7.39244 7.40601 7.42165 7.436 7.44973 7.46343 7.47687 7.49011 7.50514 7.51581 7.52857 7.5411 7.55354 7.56778 7.57773 7.59036 7.60221 7.61439 7.62466 7.63852 7.65113 7.66335 7.67584 7.68657 7.70104 7.71438 7.72742 7.74079 7.75449 7.76798 7.78231 7.79644 7.81109 7.82585 7.84062 7.85619 7.87148 7.88723 7.90316 7.91926 7.93597 7.95246 7.96956 7.98646 8.0034 8.02135 8.03883 8.05722 8.07415 8.09315 8.11144 8.12842 8.14943 8.16537 8.18112 
1.5 1.5 1.5 1.5 1.5 1.5 1.5 1.5 1.5 1.5 1.458 2.18528 2.25146 7.16485 7.18767 7.20569 7.2242 7.24264 7.26066 7.27911 7.29677 7.3139 7.32994 7.34695 7.36334 7.37894 7.39452 7.40863 7.42445 7.43915 7.45324 7.46708 7.48056 7.49381 7.50904 7.51952 7.53222 7.54452 7.55678 7.57106 7.58063 7.593 7.60442 7.61631 7.62649 7.64013 7.65252 7.6645 7.67684 7.68745 7.70185 7.71503 7.72806 7.74152 7.75532 7.76881 7.78317 7.7973 7.81208 7.82692 7.84162 7.85725 7.87256 7.88653 7.90428 7.92026 7.9367 7.95318 7.96862 7.9869 8.00374 8.02167 8.03887 8.05586 8.07459 8.09285 8.10998 8.13018 8.14694 8.16384 8.18307 
1.5 1.5 1.5 1.5 1.5 1.5 1.5 1.5 1.5 1.5 1.46008 2.18858 2.26246 2.3351 7.18966 7.20681 7.2243 7.24406 7.26067 7.27893 7.29644 7.31324 7.32931 7.34602 7.3621 7.37737 7.39238 7.40622 7.4219 7.43637 7.4503 7.46187 7.47753 7.49074 7.5035 7.5165 7.52677 7.54187 7.55441 7.56626 7.57896 7.59228 7.6036 7.61581 7.62689 7.64045 7.6533 7.66572 7.67846 7.68961 7.70423 7.71778 7.73101 7.74476 7.75707 7.77272 7.78742 7.80186 7.81673 7.82999 7.84652 7.86226 7.87764 7.89342 7.90775 7.92493 7.94125 7.95745 7.97383 7.98857 8.00614 8.02357 8.04062 8.05784 8.07296 8.09157 8.10986 8.12912 8.14306 8.15722 8.17828 
1.5 1.5 1.5 1.5 1.5 1.5 1.5 1.5 1.5 1.5 1.46319 2.19674 2.27041 2.3408 7.20445 7.2235 7.2411 7.26059 7.2776 7.29517 7.31294 7.33018 7.34618 7.36312 7.37878 7.39471 7.4102 7.42383 7.43968 7.45358 7.46829 7.48246 7.49606 7.50959 7.52227 7.53593 7.54904 7.56195 7.5748 7.58655 7.6002 7.6136 7.62545 7.6381 7.64917 7.66359 7.67673 7.68953 7.70267 7.71413 7.72924 7.74094 7.75643 7.77034 7.78265 7.79871 7.81157 7.82789 7.84065 7.85565 7.87227 7.886 7.90298 7.91847 7.93417 7.94951 7.96381 7.98137 7.99565 8.01342 8.02919 8.04387 8.06335 8.07723 8.09837 8.11288 8.12852 8.14949 8.15934 8.18624 8.19706 
1.5 1.5 1.5 1.5 1.5 1.5 1.5 1.5 1.5 1.5 1.46709 2.20433 2.27829 2.34616 7.22294 7.24183 7.26195 7.28118 7.29903 7.31728 7.33473 7.35238 7.36965 7.38658 7.40229 7.41813 7.43399 7.44901 7.46484 7.47838 7.4928 7.50734 7.52097 7.53454 7.55039 7.56178 7.57509 7.5874 7.60031 7.6159 7.62705 7.64112 7.6516 7.66428 7.67692 7.6916 7.70534 7.71669 7.7301 7.74385 7.75896 7.77149 7.78521 7.79944 7.8157 7.82998 7.84358 7.8584 7.87324 7.88971 7.90453 7.91873 7.93395 7.95064 7.96631 7.98174 7.99662 8.0122 8.02955 8.04539 8.06115 8.07582 8.09303 8.11185 8.13027 8.14539 8.16149 8.17789 8.1972 8.2149 8.22927 
1.5 1.5 1.5 1.5 1.5 1.5 1.5 1.5 1.5 1.5 1.47186 2.21644 2.29138 7.24724 7.26405 7.2859 7.30829 7.32789 7.34678 7.36451 7.38345 7.40128 7.41826 7.43558 7.45248 7.46947 7.48593 7.50138 7.51725 7.53225 7.54724 7.56227 7.5768 7.59125 7.60731 7.61943 7.63337 7.64709 7.66056 7.67589 7.68761 7.70146 7.7145 7.728 7.73959 7.75472 7.76861 7.782 7.79574 7.80824 7.82352 7.8379 7.85182 7.86602 7.88061 7.89492 7.9098 7.92448 7.93932 7.95437 7.96912 7.98437 7.99934 8.01484 8.03029 8.04585 8.06196 8.07761 8.09386 8.10944 8.12532 8.1421 8.15917 8.17643 8.19433 8.21063 8.22833 8.24382 8.26193 8.2782 8.29412 
1.5 1.5 1.5 1.5 1.5 1.5 1.5 1.5 1.5 1.5 1.47648 2.23058 2.3027 7.27272 7.28942 7.31137 7.33382 7.35434 7.37299 7.39077 7.41006 7.42806 7.44478 7.46458 7.48014 7.4976 7.51452 7.52995 7.54709 7.56327 7.5784 7.59411 7.60938 7.62448 7.64035 7.65463 7.66967 7.68427 7.69873 7.71316 7.72768 7.7426 7.75657 7.77109 7.78374 7.79948 7.8141 7.82821 7.84247 7.85558 7.87105 7.88566 7.89988 7.91422 7.92884 7.94305 7.95774 7.97119 7.98689 8.00186 8.01639 8.03145 8.04616 8.0612 8.07685 8.0924 8.10834 8.12287 8.14041 8.15663 8.17289 8.19005 8.20698 8.22496 8.2431 8.26114 8.27779 8.29485 8.31315 8.33063 8.34798 
1.5 1.5 1.5 1.5 1.5 1.5 1.5 1.5 1.5 1.5 1.48654 2.24658 2.32355 2.40238 2.48265 7.29112 7.31153 7.33301 7.35471 7.37306 7.39171 7.40998 7.42753 7.44579 7.46487 7.48191 7.49951 7.51627 7.53422 7.55185 7.56794 7.58456 7.60175 7.61759 7.63489 7.65037 7.66654 7.68254 7.69836 7.7147 7.72971 7.74575 7.76115 7.77675 7.79063 7.80692 7.82229 7.83709 7.85196 7.86534 7.88131 7.89606 7.91063 7.92513 7.93965 7.95387 7.96737 7.98285 7.99735 8.01209 8.02664 8.04003 8.05629 8.07139 8.08689 8.10283 8.11894 8.13518 8.15203 8.16868 8.186 8.20416 8.22118 8.24033 8.25812 8.27885 8.29502 8.31449 8.33304 8.35197 8.37311 
1.5 1.5 1.5 1.5 1.5 1.5 1.5 1.5 1.5 1.5 1.49238 2.26612 2.34494 2.42816 2.5023 2.58338 7.3013 7.32216 7.34911 7.36997 7.38665 7.40672 7.42468 7.44665 7.46515 7.48261 7.50147 7.51978 7.5408 7.55767 7.57516 7.59305 7.61105 7.62948 7.64714 7.66447 7.68217 7.69977 7.71723 7.7352 7.75167 7.76917 7.7863 7.80339 7.81894 7.83629 7.85291 7.86926 7.88498 7.89915 7.91588 7.93152 7.94673 7.96166 7.97622 7.99081 8.00557 8.01922 8.03452 8.04909 8.06374 8.07889 8.09357 8.10854 8.12404 8.1399 8.15588 8.17247 8.18949 8.20677 8.22481 8.24353 8.26106 8.28031 8.29682 8.32144 8.33716 8.35788 8.37848 8.39906 8.42422 
1.5 1.5 1.5 1.5 1.5 1.5 1.5 1.5 1.5 1.5 1.50301 2.28558 2.36398 2.45042 2.52532 2.60332 7.29699 7.3257 7.34625 7.3735 7.39003 7.41009 7.43042 7.45111 7.47369 7.49241 7.51299 7.53473 7.55328 7.574 7.59347 7.61314 7.63299 7.65283 7.67262 7.69249 7.71233 7.73203 7.75203 7.77205 7.79097 7.81041 7.82975 7.84874 7.8674 7.88624 7.90456 7.92257 7.9401 7.95723 7.97406 7.99087 8.00711 8.02399 8.03921 8.05393 8.06921 8.08418 8.09895 8.11351 8.12828 8.14343 8.15838 8.17103 8.18838 8.20424 8.22005 8.23634 8.25131 8.27098 8.28931 8.3083 8.32669 8.34588 8.36459 8.38729 8.4061 8.4248 8.45077 8.47054 8.49865 
1.5 1.5 1.5 1.5 1.5 1.5 1.5 1.5 1.5 1.5 1.51444 2.30967 2.39199 2.47581 2.55758 7.2868 7.30931 7.33406 7.35263 7.37521 7.39913 7.4213 7.4455 7.46782 7.48995 7.51354 7.53612 7.55877 7.58135 7.60517 7.62755 7.65014 7.6728 7.69581 7.71771 7.74128 7.76313 7.78659 7.80946 7.83167 7.85383 7.87517 7.89805 7.91847 7.94149 7.96058 7.98109 8.00102 8.02037 8.03892 8.05761 8.07586 8.09333 8.11066 8.12725 8.14356 8.15985 8.17572 8.1911 8.2063 8.22154 8.23719 8.25274 8.26805 8.28312 8.29841 8.31388 8.32965 8.34642 8.36338 8.3813 8.40019 8.41907 8.43635 8.4551 8.4761 8.49651 8.51418 8.54315 8.56091 8.58881 
1.5 1.5 1.5 1.5 1.5 1.5 1.5 1.5 1.5 1.5 1.52357 2.33142 2.415 2.49761 2.58282 7.24974 7.24846 7.31462 7.34257 7.37422 7.38873 7.41129 7.43905 7.4627 7.49028 7.51287 7.53791 7.5644 7.58822 7.61196 7.6371 7.66175 7.68651 7.71108 7.73432 7.75982 7.78483 7.80983 7.83523 7.85941 7.88457 7.90886 7.93316 7.95729 7.9827 8.00504 8.02798 8.05042 8.07248 8.09417 8.11459 8.13513 8.15487 8.17427 8.19307 8.21088 8.22899 8.24628 8.26323 8.27973 8.29647 8.31326 8.32931 8.34541 8.36083 8.37628 8.39178 8.40745 8.42371 8.44015 8.45731 8.47565 8.49384 8.51195 8.52941 8.54894 8.56923 8.58938 8.612 8.6327 8.65777 
1.5 1.5 1.5 1.5 1.5 1.5 1.5 1.5 1.5 1.5 1.5366 2.35728 2.44323 2.52848 2.61779 7.18664 7.19639 7.20259 7.26459 7.31613 7.34461 7.37478 7.40809 7.43616 7.46768 7.49942 7.52994 7.56408 7.58952 7.61813 7.6465 7.67456 7.70248 7.73064 7.75747 7.78657 7.81437 7.84162 7.86907 7.89518 7.92313 7.94905 7.97499 8.00123 8.02895 8.05325 8.07848 8.10307 8.12714 8.15185 8.17338 8.1957 8.21723 8.23814 8.25877 8.2782 8.29843 8.31762 8.33615 8.35405 8.37207 8.39008 8.40749 8.42471 8.44065 8.45677 8.47295 8.48881 8.50487 8.52096 8.53731 8.55481 8.57271 8.58907 8.60315 8.62266 8.64264 8.65939 8.68241 8.70404 8.72531 
1.5 1.5 1.5 1.5 1.5 1.5 1.5 1.5 1.5 1.5 1.54578 2.37873 2.4657 2.55534 2.6446 2.74461 7.09944 7.10902 7.04243 7.19479 7.24323 7.28718 7.32851 7.36046 7.39565 7.43357 7.47194 7.51536 7.54943 7.5907 7.62604 7.66043 7.69321 7.72495 7.75608 7.78875 7.82035 7.85183 7.88248 7.91189 7.94346 7.97223 7.99969 8.02769 8.05644 8.08257 8.10944 8.1358 8.16206 8.1893 8.21156 8.23521 8.25844 8.28081 8.30273 8.32362 8.34506 8.36525 8.38499 8.40403 8.42255 8.44112 8.45941 8.47763 8.49452 8.51109 8.52779 8.54384 8.5598 8.57547 8.59131 8.60792 8.62683 8.64376 8.65535 8.67229 8.69467 8.71072 8.73259 8.75324 8.77172 
1.5 1.5 1.5 1.5 1.5 1.5 1.5 1.5 1.5 1.5 1.55381 2.39805 2.4876 2.57876 2.6704 2.7701 2.86461 2.95538 6.90673 6.98436 7.11203 7.15674 7.21275 7.25298 7.29861 7.34502 7.39161 7.44295 7.48045 7.52804 7.57344 7.61561 7.65651 7.6954 7.73272 7.77244 7.80897 7.8434 7.87609 7.90735 7.94205 7.97369 8.00342 8.03358 8.0653 8.09153 8.11935 8.14615 8.17289 8.20071 8.22311 8.24727 8.27112 8.29424 8.31652 8.33747 8.36005 8.38091 8.40161 8.42201 8.4419 8.46179 8.48131 8.50049 8.51861 8.53642 8.55352 8.57066 8.58737 8.60355 8.61937 8.63665 8.65489 8.67164 8.6838 8.69914 8.71683 8.74032 8.76121 8.77603 8.79127 
1.5 1.5 1.5 1.5 1.5 1.5 1.5 1.5 1.5 1.5 1.58078 2.40871 2.49889 2.59219 2.6859 2.78329 2.87847 2.95684 6.79243 6.84831 6.93722 7.02489 7.09637 7.14948 7.20095 7.25697 7.31536 7.38309 7.43196 7.4935 7.54732 7.59977 7.64768 7.69356 7.73695 7.78718 7.83119 7.87224 7.91171 7.94866 7.98668 8.02031 8.05235 8.08401 8.11829 8.14454 8.17311 8.20032 8.22742 8.25517 8.27721 8.30091 8.32472 8.34821 8.37048 8.39133 8.41461 8.43602 8.45677 8.47825 8.49885 8.52001 8.54037 8.55999 8.57937 8.5984 8.61672 8.63545 8.6535 8.671 8.6879 8.70603 8.72294 8.7373 8.75429 8.76404 8.78515 8.80975 8.82717 8.84553 8.85363 
1.5 1.5 1.5 1.5 1.5 1.5 1.5 1.5 1.5 1.5 1.5764 2.4381 2.52965 2.62489 2.72054 2.81224 2.91337 6.62906 6.58231 6.67156 6.79 6.91253 6.96969 7.02715 7.09398 7.15379 7.21881 7.30253 7.36051 7.44306 7.50732 7.57416 7.63704 7.69669 7.74866 7.80864 7.8627 7.91595 7.96269 8.00542 8.05095 8.0919 8.13012 8.16363 8.20407 8.22979 8.25956 8.2868 8.31247 8.33828 8.3595 8.38101 8.40165 8.4225 8.44172 8.46425 8.48239 8.50214 8.52119 8.54164 8.56104 8.58156 8.60224 8.62302 8.64276 8.66416 8.6857 8.7072 8.72781 8.74867 8.76845 8.79045 8.81185 8.82794 8.84203 8.8615 8.87817 8.89506 8.90919 8.93333 8.9372 
1.5 1.5 1.5 1.5 1.5 1.5 1.5 1.5 1.5 1.5 1.57746 2.45394 2.54814 2.64357 2.74173 2.83438 2.93665 6.55455 6.55728 6.55165 6.67399 6.79378 6.90525 6.95947 7.03845 7.10065 7.1622 7.24178 7.29807 7.37433 7.45443 7.52198 7.5906 7.65785 7.71665 7.7852 7.84454 7.90015 7.95773 8.00721 8.05689 8.102 8.14636 8.18294 8.2304 8.25282 8.28716 8.31941 8.34696 8.37633 8.39778 8.42083 8.44401 8.46665 8.4858 8.50549 8.52753 8.54817 8.56727 8.58803 8.60891 8.62986 8.65269 8.67707 8.69411 8.71449 8.73366 8.75342 8.77276 8.79185 8.80946 8.82978 8.85323 8.86936 8.882 8.90422 8.92362 8.95241 8.9673 8.98797 8.98585 
1.5 1.5 1.5 1.5 1.5 1.5 1.5 1.5 1.5 1.5 1.5823 2.46734 2.56324 2.65848 2.75662 2.85182 2.95061 6.47437 6.4949 6.44115 6.59609 6.70739 6.8085 6.88483 6.95701 7.03384 7.1091 7.19979 7.27314 7.35715 7.4297 7.50156 7.55993 7.62738 7.68386 7.75825 7.82424 7.88686 7.93751 7.99033 8.05112 8.09675 8.14155 8.18194 8.22973 8.26011 8.2925 8.32558 8.35649 8.39117 8.41477 8.43934 8.46334 8.48811 8.51125 8.53399 8.55413 8.57602 8.59573 8.61743 8.63933 8.66094 8.68425 8.70596 8.727 8.74858 8.76843 8.78939 8.8096 8.82943 8.84709 8.86667 8.88721 8.90324 8.92271 8.94517 8.95876 8.99137 9.00322 9.03346 9.02245 
1.5 1.5 1.5 1.5 1.5 1.5 1.5 1.5 1.5 1.5 1.59261 2.49553 2.60259 2.67947 2.77624 2.87596 2.97742 3.08586 6.44625 6.36335 6.50133 6.65794 6.75489 6.81467 6.8889 6.96989 7.05358 7.14647 7.20744 7.32285 7.41612 7.48426 7.54769 7.62747 7.68528 7.73483 7.78793 7.85071 7.92234 7.95397 8.01241 8.0665 8.13236 8.14537 8.1917 8.22322 8.2625 8.30216 8.32297 8.35909 8.39114 8.41798 8.43784 8.46118 8.48348 8.50968 8.52947 8.55415 8.57787 8.60233 8.62748 8.65046 8.67577 8.70551 8.72783 8.7464 8.77533 8.798 8.82166 8.84184 8.85621 8.87576 8.89703 8.90894 8.92515 8.95222 8.96647 8.99351 8.99503 9.02736 9.01339 
1.5 1.5 1.5 1.5 1.5 1.5 1.5 1.5 1.5 1.5 1.60401 2.48814 2.58315 2.67222 2.77313 2.87229 2.97005 3.06979 3.17011 6.42065 6.44158 6.59965 6.68821 6.766 6.86363 6.92011 7.00054 7.08955 7.16479 7.26905 7.35938 7.43645 7.51335 7.57479 7.63726 7.69984 7.75449 7.81074 7.86808 7.91893 7.96335 8.01454 8.0741 8.11245 8.13939 8.18358 8.21583 8.26132 8.28866 8.31527 8.34546 8.37396 8.40363 8.43271 8.45648 8.4735 8.49755 8.52282 8.54629 8.57082 8.59823 8.6223 8.65372 8.6742 8.70538 8.72533 8.7499 8.77447 8.79769 8.81994 8.83818 8.8574 8.87805 8.89412 8.91177 8.92949 8.95177 8.97408 8.97999 9.00602 8.99055 
1.5 1.5 1.5 1.5 1.5 1.5 1.5 1.5 1.5 1.5 1.59415 2.49805 2.59592 2.6951 2.79572 2.89888 3.00304 3.10869 3.2107 3.32857 6.36723 6.41546 6.56851 6.69304 6.80592 6.84148 6.90412 7.00744 7.07988 7.18095 7.26461 7.34117 7.43748 7.51825 7.56869 7.63902 7.70078 7.76938 7.83322 7.88507 7.91396 7.95671 8.01864 8.05679 8.07647 8.1044 8.13304 8.17204 8.20867 8.2418 8.26707 8.29553 8.31966 8.34864 8.38537 8.40976 8.43195 8.45828 8.48562 8.50864 8.53602 8.56602 8.59789 8.62602 8.6527 8.68208 8.71107 8.73932 8.76557 8.79202 8.81574 8.83864 8.86211 8.88163 8.9061 8.92844 8.9489 8.96354 8.96299 8.9989 8.99867 
1.5 1.5 1.5 1.5 1.5 1.5 1.5 1.5 1.5 1.5 1.59584 2.50724 2.60341 2.7058 2.80634 2.90895 3.01266 3.11525 3.22055 6.32909 6.33276 6.39559 6.53512 6.61871 6.75398 6.82007 6.89371 6.9661 7.02824 7.12894 7.20018 7.27878 7.36227 7.45851 7.53242 7.5828 7.64747 7.70606 7.77067 7.82429 7.87833 7.92564 7.97132 8.00894 8.0519 8.0748 8.10777 8.13809 8.17256 8.20926 8.23383 8.26621 8.30145 8.32766 8.3574 8.38823 8.41676 8.44209 8.47388 8.50394 8.53504 8.56399 8.59226 8.62189 8.64953 8.67829 8.70751 8.73584 8.7622 8.78925 8.81464 8.84525 8.86697 8.88481 8.90906 8.93676 8.96835 8.98679 8.97823 9.00649 9.01826 
1.5 1.5 1.5 1.5 1.5 1.5 1.5 1.5 1.5 1.5 1.60176 2.51939 2.61908 2.71967 2.82341 2.92455 3.03378 3.14017 6.2355 6.26079 6.26743 6.36887 6.4858 6.55807 6.69295 6.76644 6.84676 6.93992 6.99422 7.07827 7.14788 7.23354 7.31887 7.39724 7.48135 7.54001 7.59812 7.65997 7.72639 7.79321 7.82923 7.89206 7.94158 7.97636 8.02025 8.03696 8.07469 8.10913 8.14776 8.17155 8.1985 8.2346 8.27359 8.30455 8.33372 8.36705 8.40209 8.42241 8.45533 8.48883 8.52174 8.5544 8.5874 8.61775 8.6485 8.68077 8.7091 8.73945 8.76656 8.79321 8.81798 8.84393 8.86924 8.89255 8.91685 8.94063 8.9675 8.99334 8.99635 9.01667 9.01833 
1.5 1.5 1.5 1.5 1.5 1.5 1.5 1.5 1.5 1.5 1.61096 2.54178 2.64472 2.74294 2.85007 2.95229 3.06859 3.16498 3.28315 6.30447 6.27544 6.37819 6.4736 6.56383 6.67292 6.72361 6.80267 6.90908 6.97488 7.05212 7.13025 7.19557 7.27005 7.34072 7.4513 7.47569 7.53086 7.5892 7.64208 7.70381 7.7513 7.79912 7.84911 7.87932 7.91827 7.9465 7.97943 8.01955 8.06605 8.0905 8.11382 8.15153 8.18936 8.22374 8.2594 8.29888 8.33608 8.36 8.39044 8.42523 8.45955 8.49302 8.52667 8.55965 8.59325 8.62622 8.65842 8.68978 8.72007 8.74854 8.77398 8.80026 8.82555 8.85359 8.87285 8.89009 8.91807 8.94786 8.95555 8.97733 8.97321 
1.5 1.5 1.5 1.5 1.5 1.5 1.5 1.5 1.5 1.5 1.61991 2.54617 2.64713 2.74622 2.85163 2.95697 3.06669 3.17621 3.2859 3.38043 6.3085 6.26112 6.39238 6.45376 6.5567 6.63491 6.7294 6.8209 6.871 6.93813 7.01411 7.09173 7.17313 7.23905 7.33678 7.38038 7.43778 7.49026 7.54472 7.61582 7.66481 7.71196 7.75046 7.7875 7.82613 7.85924 7.89224 7.92988 7.97835 8.0207 8.04345 8.08419 8.11895 8.15175 8.19128 8.23307 8.2737 8.29908 8.33237 8.37053 8.40759 8.44326 8.47888 8.51258 8.54701 8.58053 8.6148 8.64619 8.67476 8.70327 8.72968 8.75732 8.78211 8.80449 8.82449 8.84144 8.87356 8.89308 8.8982 8.92946 8.9298 
1.5 1.5 1.5 1.5 1.5 1.5 1.5 1.5 1.5 1.5 1.62506 2.57613 2.68111 2.78524 2.89372 3.00231 3.11568 3.22509 3.3436 3.46323 3.58407 6.21052 6.20574 6.31257 6.411 6.53952 6.62428 6.73576 6.76692 6.83226 6.91898 6.99667 7.07356 7.14638 7.2626 7.29422 7.35764 7.41471 7.47199 7.54022 7.58308 7.63005 7.67005 7.72093 7.76723 7.79367 7.83348 7.87302 7.91415 7.96229 7.99427 8.02866 8.07021 8.10525 8.14416 8.18602 8.2207 8.25063 8.28425 8.3237 8.3586 8.39312 8.42809 8.46153 8.49531 8.52915 8.56345 8.5957 8.62588 8.65392 8.68208 8.71095 8.73799 8.76018 8.77852 8.79414 8.82205 8.84148 8.84807 8.87824 8.90579 
1.5 1.5 1.5 1.5 1.5 1.5 1.5 1.5 1.5 1.5 1.63331 2.59586 2.70169 2.81037 2.92061 3.03194 3.14744 3.25949 3.38226 3.50202 3.62616 6.16259 6.15307 6.27916 6.3711 6.48482 6.56358 6.67098 6.7175 6.78626 6.86214 6.94634 7.0156 7.08535 7.18838 7.24433 7.30122 7.36575 7.41475 7.47382 7.53315 7.59212 7.63002 7.67909 7.73249 7.76562 7.80562 7.8471 7.89108 7.93127 7.97232 8.01331 8.0565 8.09612 8.13859 8.17201 8.20939 8.24487 8.27695 8.3189 8.35504 8.38941 8.42381 8.45672 8.4879 8.51909 8.54957 8.5786 8.6063 8.63165 8.6577 8.68648 8.71336 8.73836 8.75309 8.77161 8.79765 8.81545 8.82083 8.83926 8.87401 
1.5 1.5 1.5 1.5 1.5 1.5 1.5 1.5 1.5 1.5 1.64245 2.61478 2.72328 2.83546 2.94711 3.06062 3.17943 3.29397 3.41763 3.5372 3.66302 6.14129 6.12672 6.28997 6.36329 6.47863 6.55651 6.64548 6.70997 6.75597 6.82754 6.91129 6.98752 7.0617 7.1523 7.2129 7.27264 7.33406 7.37859 7.4372 7.5045 7.56651 7.61397 7.66604 7.71469 7.75311 7.79863 7.83994 7.88136 7.93344 7.98095 8.01851 8.06184 8.10042 8.14065 8.1809 8.21579 8.25186 8.28322 8.32337 8.3573 8.38983 8.42159 8.45364 8.48373 8.51207 8.54059 8.567 8.59198 8.61476 8.63872 8.66531 8.69098 8.7153 8.73042 8.74978 8.77146 8.78951 8.79367 8.81102 8.83837 
1.5 1.5 1.5 1.5 1.5 1.5 1.5 1.5 1.5 1.5 1.65825 2.64778 2.75888 2.87189 2.985 3.1034 3.22257 3.34307 3.47262 3.59233 6.13508 6.09126 6.2098 6.34408 6.39712 6.47874 6.55098 6.62711 6.68871 6.76215 6.82958 6.90247 6.98507 7.06194 7.1634 7.22839 7.28387 7.3391 7.39479 7.45058 7.52268 7.5845 7.6378 7.6822 7.73843 7.77353 7.83383 7.87768 7.93295 7.98787 8.02963 8.06606 8.10519 8.147 8.18944 8.22907 8.2623 8.29637 8.32773 8.36473 8.39475 8.42346 8.45177 8.48113 8.50887 8.53603 8.56331 8.58659 8.61032 8.63032 8.6506 8.67398 8.69559 8.71744 8.7349 8.75637 8.77188 8.78384 8.78365 8.79578 8.81479 
1.5 1.5 1.5 1.5 1.5 1.5 1.5 1.5 1.5 1.5 1.71431 2.67198 2.78736 2.90604 3.03031 3.14927 3.27001 3.39554 3.52389 3.64057 6.18936 6.20135 6.32154 6.3905 6.43788 6.49345 6.58861 6.67153 6.71649 6.80134 6.86298 6.9359 7.01712 7.0884 7.18785 7.2375 7.3021 7.363 7.42348 7.47151 7.54306 7.60016 7.65284 7.70196 7.76436 7.81023 7.87417 7.91841 7.96472 8.02277 8.06371 8.09767 8.14481 8.18578 8.22663 8.26561 8.29344 8.32964 8.35945 8.39293 8.42117 8.44763 8.47338 8.49989 8.52575 8.54984 8.57156 8.59582 8.61129 8.62913 8.6419 8.66027 8.67824 8.69798 8.7135 8.72584 8.73428 8.75308 8.74837 8.75108 8.76447 
1.5 1.5 1.5 1.5 1.5 1.5 1.5 1.5 1.5 1.5 1.67152 2.66783 2.77298 2.89147 3.01629 3.13823 3.26012 3.38944 3.52171 3.6536 3.79139 3.94795 6.42842 6.47509 6.51262 6.57968 6.66278 6.76565 6.8509 6.89752 6.96605 7.03454 7.09455 7.1612 7.23834 7.27696 7.34014 7.40317 7.45196 7.49425 7.55533 7.61508 7.66439 7.71737 7.77622 7.82128 7.86593 7.91154 7.96069 8.01142 8.05373 8.08917 8.13782 8.17783 8.21492 8.24871 8.28187 8.31992 8.34364 8.37305 8.39796 8.42069 8.44279 8.46607 8.4872 8.50707 8.52589 8.5421 8.55773 8.57031 8.58162 8.5971 8.61277 8.62963 8.64433 8.65682 8.66367 8.68865 8.68339 8.67656 8.68189 
1.5 1.5 1.5 1.5 1.5 1.5 1.5 1.5 1.5 1.5 1.66355 2.66434 2.776 2.90328 3.02725 3.14963 3.27239 3.39908 3.53175 3.66372 3.80182 3.94193 4.11392 4.25567 6.53305 6.59462 6.60353 6.70829 6.84806 6.9222 6.99265 7.07945 7.125 7.19447 7.26558 7.31584 7.37985 7.45206 7.51498 7.56383 7.62742 7.67617 7.72946 7.77887 7.83428 7.86932 7.90723 7.95483 8.00172 8.04144 8.07536 8.11118 8.14891 8.17751 8.2104 8.2423 8.27068 8.298 8.32045 8.34484 8.3655 8.38347 8.40144 8.42038 8.44105 8.45516 8.47112 8.48551 8.50023 8.51091 8.52204 8.5349 8.5518 8.5696 8.58225 8.5918 8.59929 8.60588 8.61023 8.60069 8.61417 
1.5 1.5 1.5 1.5 1.5 1.5 1.5 1.5 1.5 1.5 1.66188 2.65822 2.76781 2.89378 3.01758 3.13738 3.26275 3.38721 3.51528 3.65024 3.79069 3.92106 4.08642 6.62353 6.7204 6.76321 6.75608 6.86735 6.95417 6.97959 7.07998 7.15318 7.21114 7.28396 7.36334 7.44077 7.49671 7.56358 7.62143 7.66786 7.73664 7.79229 7.85204 7.89589 7.96078 7.98752 8.04108 8.09046 8.10782 8.14858 8.17649 8.20729 8.24304 8.26504 8.29317 8.31651 8.33816 8.35785 8.37567 8.39878 8.40906 8.42362 8.43706 8.45149 8.46497 8.4773 8.48814 8.49792 8.5077 8.51554 8.52484 8.53862 8.5539 8.57146 8.5838 8.58948 8.59248 8.60144 8.60279 8.59398 8.60046 
1.5 1.5 1.5 1.5 1.5 1.5 1.5 1.5 1.5 1.5 1.66086 2.65264 2.75213 2.86888 3.00141 3.11721 3.23855 3.35586 3.4918 3.61964 3.74778 3.8871 6.77337 6.83409 6.91384 6.97007 7.02764 7.06777 7.16175 7.17461 7.28064 7.34468 7.39711 7.48269 7.53015 7.60293 7.64352 7.7159 7.76713 7.80823 7.8625 7.91258 7.95239 7.99194 8.04524 8.07781 8.11496 8.15789 8.18466 8.21667 8.24131 8.26848 8.29572 8.3183 8.35051 8.35964 8.37728 8.39392 8.40926 8.42254 8.43473 8.44515 8.45467 8.46538 8.47525 8.487 8.49725 8.50672 8.51559 8.52278 8.53087 8.54338 8.55645 8.57064 8.58562 8.59245 8.59857 8.59803 8.59463 8.58211 8.60234 
1.5 1.5 1.5 1.5 1.5 1.5 1.5 1.5 1.5 1.5 1.68595 2.64759 2.75671 2.88177 3.00716 3.11819 3.24372 3.36298 3.48618 3.62166 3.7471 3.86345 6.97435 7.04875 7.11258 7.14415 7.20883 7.2028 7.2137 7.31301 7.38253 7.45125 7.50061 7.57465 7.62338 7.66218 7.70664 7.75164 7.80132 7.85028 7.89915 7.94365 7.98701 8.02641 8.0658 8.0977 8.13342 8.17683 8.20025 8.23126 8.25536 8.28168 8.30655 8.32813 8.34928 8.36838 8.38576 8.40098 8.41471 8.42638 8.43769 8.44715 8.4564 8.46593 8.47562 8.48529 8.49312 8.4996 8.50543 8.5098 8.51415 8.52272 8.53241 8.5447 8.55851 8.56318 8.55871 8.55691 8.56226 8.55728 8.56578 
1.5 1.5 1.5 1.5 1.5 1.5 1.5 1.5 1.5 1.5 1.64549 2.61939 2.71736 2.82914 2.95661 3.06837 3.1888 3.30534 3.42984 3.55146 3.68675 3.80025 3.94374 7.08977 7.19002 7.21416 7.25505 7.27595 7.28435 7.39791 7.47485 7.53322 7.58215 7.65283 7.68699 7.73024 7.77488 7.8205 7.86782 7.91164 7.95305 7.992 8.02962 8.0644 8.10167 8.13062 8.16521 8.18971 8.2122 8.23728 8.25633 8.27701 8.29586 8.31241 8.32777 8.34225 8.35441 8.36549 8.37585 8.38393 8.39177 8.39915 8.40651 8.4139 8.42168 8.42944 8.43627 8.4426 8.44872 8.45445 8.46057 8.47105 8.48106 8.49202 8.50696 8.51189 8.51143 8.51142 8.52119 8.52535 8.53862 
1.5 1.5 1.5 1.5 1.5 1.5 1.5 1.5 1.5 1.5 1.62946 2.58506 2.68723 2.80355 2.91686 3.02645 3.14042 3.2517 3.3689 3.48522 3.60934 3.72663 3.84056 7.217 7.29693 7.33317 7.39819 7.41919 7.46754 7.55162 7.60632 7.65521 7.71057 7.74651 7.78264 7.82518 7.86514 7.90636 7.94702 7.98422 8.01941 8.05337 8.08498 8.11402 8.14253 8.16435 8.18681 8.20884 8.22813 8.24631 8.26105 8.27493 8.29403 8.29856 8.30912 8.31889 8.32752 8.33493 8.34298 8.34901 8.3554 8.36156 8.36789 8.37589 8.3837 8.39204 8.39985 8.40835 8.41441 8.42157 8.42903 8.43959 8.45143 8.46493 8.47702 8.48349 8.48729 8.49049 8.50235 8.50518 8.52535 
1.5 1.5 1.5 1.5 1.5 1.5 1.5 1.5 1.5 1.5 1.62022 2.56641 2.66843 2.77474 2.8819 2.98835 3.09852 3.20582 3.31847 3.4317 3.54706 3.66096 3.77576 3.89405 4.02532 7.45804 7.45649 7.52355 7.5984 7.65215 7.7122 7.75676 7.77173 7.79805 7.82909 7.86377 7.89541 7.92857 7.95749 7.98502 8.0094 8.03242 8.05397 8.07448 8.095 8.11293 8.13026 8.14691 8.16804 8.17457 8.18798 8.19916 8.20926 8.21895 8.22758 8.2359 8.2433 8.25031 8.25719 8.26395 8.27095 8.27743 8.28409 8.29111 8.29861 8.30703 8.31424 8.32154 8.3298 8.33815 8.34691 8.35759 8.36805 8.38013 8.39519 8.40751 8.41057 8.42336 8.4492 8.45722 8.47645 
1.5 1.5 1.5 1.5 1.5 1.5 1.5 1.5 1.5 1.5 1.60902 2.54298 2.64293 2.74615 2.84872 2.95281 3.05881 3.16393 3.27274 3.38103 3.49129 3.60135 3.71527 3.82783 3.94435 4.05855 7.61601 7.67146 7.7189 7.748 7.79224 7.81742 7.84496 7.86951 7.89807 7.91567 7.92801 7.95117 7.97128 7.99624 8.00631 8.02193 8.03699 8.05046 8.06167 8.07576 8.08768 8.09856 8.10816 8.11447 8.12607 8.13406 8.14195 8.14993 8.15707 8.16406 8.17112 8.17792 8.18477 8.1911 8.19852 8.20599 8.21339 8.22153 8.23003 8.23899 8.2471 8.25604 8.26575 8.27573 8.28606 8.29856 8.31223 8.32757 8.34425 8.35936 8.36324 8.3853 8.40472 8.41868 8.43798 
1.5 1.5 1.5 1.5 1.5 1.5 1.5 1.5 1.5 1.5 1.5967 2.51452 2.61185 2.71182 2.81217 2.913 3.01629 3.11672 3.22101 3.32517 3.43238 3.53842 3.64998 3.75811 7.674 7.71658 7.72611 7.76028 7.78476 7.80937 7.83991 7.86508 7.88844 7.91198 7.93774 7.9573 7.96503 7.98327 7.99884 8.02092 8.02808 8.04095 8.05247 8.06253 8.07104 8.08279 8.09182 8.10053 8.10831 8.11204 8.12261 8.12863 8.13479 8.14104 8.14698 8.15341 8.15974 8.16651 8.17357 8.18071 8.18798 8.19542 8.20376 8.21274 8.2226 8.23309 8.24342 8.25457 8.26708 8.27995 8.29342 8.30787 8.32385 8.34078 8.35882 8.3751 8.38725 8.40879 8.43396 8.44558 8.466 
1.5 1.5 1.5 1.5 1.5 1.5 1.5 1.5 1.5 1.5 1.58342 2.47866 2.57424 2.67035 2.767 2.86374 2.96082 3.05966 3.15967 3.25887 3.35898 3.46375 3.56686 7.71018 7.72453 7.73889 7.75313 7.77566 7.79807 7.81913 7.84246 7.86301 7.88282 7.9027 7.92087 7.93356 7.94844 7.96316 7.97657 7.9926 8.00138 8.01222 8.02188 8.03088 8.03825 8.04918 8.05723 8.06491 8.07216 8.07509 8.08589 8.09185 8.09799 8.10505 8.11125 8.11897 8.12605 8.13347 8.14127 8.14965 8.15784 8.16668 8.17635 8.18649 8.19778 8.209 8.22084 8.23348 8.24758 8.2619 8.27732 8.29352 8.3111 8.32825 8.34751 8.36274 8.37968 8.40282 8.42768 8.43909 8.46687 
1.5 1.5 1.5 1.5 1.5 1.5 1.5 1.5 1.5 1.5 1.57155 2.44988 2.54266 2.636 2.73006 2.82416 2.9186 3.0134 3.11008 3.20613 3.30331 3.40111 3.49995 3.60054 3.69702 7.68115 7.68285 7.69604 7.71644 7.73403 7.75313 7.77169 7.78953 7.80562 7.8254 7.83771 7.84976 7.86211 7.87371 7.8882 7.89531 7.90497 7.91366 7.92239 7.9283 7.93945 7.94724 7.95457 7.9617 7.96551 7.9769 7.98405 7.99085 7.99963 8.00759 8.01637 8.02506 8.03413 8.04343 8.05336 8.06333 8.07391 8.08529 8.09686 8.10965 8.12266 8.13604 8.15048 8.16578 8.18139 8.19783 8.21505 8.23339 8.25114 8.2715 8.28845 8.30547 8.33119 8.35226 8.36563 8.38939 
1.5 1.5 1.5 1.5 1.5 1.5 1.5 1.5 1.5 1.5 1.56003 2.42195 2.51229 2.60321 2.69384 2.785 2.87692 2.96854 3.06128 3.15473 3.24755 3.34169 3.43565 3.52869 3.61901 3.7143 7.61355 7.61999 7.63309 7.658 7.66758 7.68366 7.70036 7.71569 7.73505 7.74619 7.75992 7.77122 7.7822 7.79564 7.80326 7.81296 7.82223 7.83131 7.83698 7.84899 7.85763 7.86584 7.8744 7.87959 7.89194 7.90079 7.91013 7.91977 7.92942 7.93994 7.95036 7.96118 7.97219 7.98377 7.99551 8.00783 8.02089 8.03438 8.04836 8.06255 8.07713 8.09266 8.10852 8.1248 8.14148 8.15928 8.1777 8.19652 8.21402 8.23241 8.24853 8.27369 8.29013 8.30787 8.32623 
1.5 1.5 1.5 1.5 1.5 1.5 1.5 1.5 1.5 1.5 1.54985 2.39661 2.48473 2.57322 2.66201 2.75026 2.83963 2.92908 3.01906 3.10969 3.19991 3.29054 3.38059 3.46998 3.55828 3.64756 7.53599 7.54193 7.55816 7.57552 7.59183 7.60727 7.62425 7.63974 7.65777 7.67 7.68414 7.6961 7.70812 7.72249 7.73101 7.74182 7.75238 7.76259 7.76952 7.78263 7.79262 7.80242 7.81248 7.81969 7.83308 7.84366 7.85446 7.86551 7.87671 7.88865 7.90056 7.91284 7.92536 7.93843 7.9517 7.96566 7.97967 7.99426 8.00899 8.02413 8.03963 8.05582 8.07209 8.08865 8.10549 8.12343 8.14094 8.16016 8.17623 8.19595 8.21221 8.23516 8.25066 8.268 8.28644 
1.5 1.5 1.5 1.5 1.5 1.5 1.5 1.5 1.5 1.5 1.54029 2.37408 2.46096 2.54725 2.63456 2.72104 2.80798 2.8959 2.98401 3.07226 3.16004 3.24871 3.33647 3.42362 3.51419 3.60214 3.68622 7.45661 7.47172 7.48799 7.50341 7.51952 7.53537 7.55138 7.56956 7.5818 7.59648 7.61077 7.62328 7.6382 7.64751 7.65921 7.67074 7.68214 7.69043 7.70439 7.71539 7.72652 7.73767 7.7463 7.76055 7.77245 7.78445 7.79664 7.80902 7.82193 7.83489 7.84805 7.8615 7.87536 7.88964 7.90434 7.91907 7.93419 7.94931 7.96484 7.98076 7.99713 8.01352 8.03025 8.047 8.06497 8.08235 8.10113 8.1173 8.13715 8.15468 8.17472 8.19168 8.21135 8.22547 
1.5 1.5 1.5 1.5 1.5 1.5 1.5 1.5 1.5 1.5 1.53275 2.35516 2.44058 2.52582 2.61154 2.69696 2.78273 2.86933 2.9556 3.04141 3.12874 3.21553 3.30186 3.39035 3.47936 3.56572 3.64591 7.39674 7.41251 7.4263 7.44362 7.46046 7.47617 7.49289 7.511 7.52428 7.53955 7.55456 7.56804 7.58341 7.59441 7.60716 7.61976 7.63229 7.64195 7.65654 7.66866 7.68073 7.69276 7.70263 7.71734 7.72999 7.74261 7.75531 7.76826 7.78147 7.79485 7.80844 7.82227 7.83638 7.851 7.8658 7.88078 7.89605 7.91132 7.92708 7.94318 7.9595 7.97593 7.99274 8.0094 8.02715 8.04478 8.06311 8.07972 8.09959 8.11809 8.13519 8.15425 8.17476 8.18633 
1.5 1.5 1.5 1.5 1.5 1.5 1.5 1.5 1.5 1.5 1.52605 2.33968 2.42412 2.50812 2.59126 2.67705 2.76166 2.84631 2.93122 3.01655 3.10152 3.18631 3.27164 3.35759 3.44436 7.34141 7.36231 7.3834 7.40181 7.41878 7.43633 7.45347 7.47021 7.48741 7.50563 7.51984 7.53534 7.55023 7.56482 7.58087 7.59276 7.60627 7.61971 7.63301 7.64377 7.65862 7.67141 7.68409 7.69659 7.70719 7.72208 7.73504 7.74793 7.76084 7.77401 7.78724 7.8007 7.8144 7.8283 7.84239 7.85699 7.87161 7.8865 7.90167 7.91684 7.93251 7.94851 7.96452 7.98077 7.99738 8.01384 8.03118 8.04884 8.06662 8.08348 8.10301 8.12215 8.13711 8.15775 8.17862 8.18983 
1.5 1.5 1.5 1.5 1.5 1.5 1.5 1.5 1.5 1.5 1.5204 2.3277 2.41135 2.49434 2.57708 2.66145 2.7451 2.82926 2.91316 2.99733 3.08134 3.16503 3.24931 3.33384 3.41919 3.50328 7.29922 7.32089 7.34002 7.35772 7.37469 7.39274 7.40959 7.42692 7.4455 7.46027 7.4766 7.49228 7.50762 7.52415 7.53684 7.55106 7.56507 7.57891 7.59062 7.60565 7.61888 7.632 7.64485 7.65583 7.67074 7.68375 7.69664 7.70956 7.72265 7.73572 7.74898 7.76244 7.7761 7.78989 7.80409 7.81832 7.83277 7.84749 7.86242 7.87773 7.89338 7.90904 7.92498 7.94133 7.95769 7.97477 7.99221 8.00966 8.02744 8.04595 8.06565 8.08031 8.10018 8.12142 8.13479 
1.5 1.5 1.5 1.5 1.5 1.5 1.5 1.5 1.5 1.5 1.51716 2.31961 2.40266 2.48507 2.56843 2.65058 2.73395 2.81714 2.89964 2.98369 3.0666 3.14958 3.23276 3.31621 3.39828 3.4827 3.56595 3.64744 7.26474 7.28427 7.30203 7.31999 7.33757 7.35469 7.37191 7.38863 7.40535 7.42157 7.43757 7.45455 7.46768 7.48233 7.49675 7.51094 7.52342 7.53849 7.55199 7.56518 7.57819 7.58918 7.60397 7.61678 7.62952 7.64227 7.65514 7.66797 7.68094 7.69408 7.70736 7.72077 7.73449 7.74827 7.76232 7.77659 7.79121 7.80605 7.82131 7.83662 7.85226 7.86833 7.88457 7.90152 7.91886 7.93592 7.95441 7.9716 7.99164 8.00669 8.0256 8.04657 8.06236 
1.5 1.5 1.5 1.5 1.5 1.5 1.5 1.5 1.5 1.5 1.51446 2.31407 2.39653 2.47883 2.56132 2.6432 2.72572 2.80866 2.89113 2.97379 3.0563 3.1389 3.22147 3.30415 3.3855 3.46901 3.5513 3.63269 3.71593 7.23899 7.25658 7.27524 7.29301 7.31035 7.32921 7.34466 7.36146 7.37785 7.39413 7.41148 7.42527 7.4403 7.45496 7.46931 7.48199 7.49715 7.51073 7.52402 7.53711 7.54821 7.56285 7.57557 7.5882 7.60081 7.61341 7.62603 7.63869 7.65147 7.66432 7.67725 7.69042 7.70368 7.71724 7.73099 7.74515 7.75945 7.77417 7.78903 7.80422 7.81976 7.83567 7.85222 7.86925 7.88594 7.90428 7.92074 7.9402 7.95617 7.97392 7.99326 8.01244 
1.5 1.5 1.5 1.5 1.5 1.5 1.5 1.5 1.5 1.5 1.51432 2.31127 2.39355 2.4755 2.55804 2.64005 2.72287 2.80517 2.88764 2.96961 3.05262 3.13532 3.21788 3.30043 3.38349 3.46551 3.54828 3.63143 7.21767 7.23688 7.25524 7.27452 7.2926 7.31019 7.32909 7.34496 7.36187 7.37849 7.39496 7.41231 7.4264 7.44167 7.45654 7.47107 7.48411 7.49936 7.5131 7.52655 7.53979 7.55103 7.56561 7.57828 7.59086 7.60335 7.61578 7.62825 7.64066 7.65316 7.66568 7.67826 7.691 7.70384 7.71693 7.73022 7.74387 7.75763 7.77176 7.78611 7.80078 7.81573 7.83116 7.84728 7.86388 7.88032 7.89805 7.91422 7.93257 7.94954 7.96616 7.98349 8.00497 
1.5 1.5 1.5 1.5 1.5 1.5 1.5 1.5 1.5 1.5 1.51434 2.31142 2.39364 2.47599 2.5585 2.64055 2.72244 2.80581 2.88815 2.97014 3.05324 3.13604 3.21859 3.30124 3.38427 3.46708 3.55013 3.63286 7.20001 7.21839 7.23686 7.25527 7.27329 7.29097 7.30973 7.32579 7.34271 7.35949 7.37603 7.39314 7.40767 7.42311 7.43819 7.45292 7.46618 7.4816 7.4955 7.50916 7.5226 7.53405 7.54869 7.56149 7.57417 7.58674 7.59918 7.61168 7.62407 7.63648 7.6489 7.66139 7.67397 7.68665 7.69953 7.71261 7.72598 7.7395 7.75332 7.76744 7.78186 7.79648 7.81164 7.82755 7.84382 7.86027 7.87732 7.89366 7.91094 7.92872 7.94467 7.96071 7.98289 
1.5 1.5 1.5 1.5 1.5 1.5 1.5 1.5 1.5 1.5 1.51406 2.31386 2.39608 2.47848 2.56066 2.64362 2.72627 2.80866 2.89176 2.97431 3.05754 3.14004 3.22292 3.3059 3.38837 3.47237 3.55589 3.63871 7.18235 7.20003 7.21782 7.23406 7.2519 7.26956 7.28864 7.30424 7.32118 7.33805 7.35465 7.37199 7.3865 7.40207 7.41739 7.43238 7.44587 7.46158 7.47579 7.48983 7.50366 7.51563 7.53055 7.54374 7.5568 7.56973 7.58254 7.59537 7.60809 7.62075 7.63346 7.6462 7.65901 7.67191 7.68496 7.6982 7.71166 7.7253 7.7392 7.75343 7.7679 7.78255 7.79768 7.81361 7.82982 7.84631 7.86305 7.87964 7.89643 7.91449 7.93057 7.94612 7.96747 
1.5 1.5 1.5 1.5 1.5 1.5 1.5 1.5 1.5 1.5 1.51662 2.3183 2.40095 2.4835 2.56649 2.64957 2.73292 2.81565 2.89867 2.98237 3.06537 3.14864 3.23204 3.31548 3.39932 3.48274 3.5665 3.64946 7.15888 7.17441 7.1922 7.20763 7.22544 7.24313 7.26165 7.27785 7.29492 7.31196 7.32874 7.34612 7.36108 7.37698 7.39271 7.40815 7.4222 7.43835 7.45313 7.46775 7.48221 7.49502 7.51044 7.52433 7.53809 7.55174 7.56529 7.57883 7.59225 7.60562 7.61902 7.63244 7.64591 7.65945 7.67315 7.68697 7.70098 7.71517 7.72956 7.74424 7.75912 7.77417 7.78957 7.80576 7.82226 7.83889 7.85569 7.87266 7.88936 7.90746 7.92408 7.93992 7.95944 
1.5 1.5 1.5 1.5 1.5 1.5 1.5 1.5 1.5 1.5 1.51888 2.32426 2.40738 2.49037 2.57387 2.6574 2.7409 2.8246 2.90822 2.99217 3.07593 3.16004 3.24396 3.32812 3.4124 3.49665 3.58095 3.66499 3.75206 7.11984 7.13823 7.15401 7.17248 7.19038 7.20913 7.22565 7.24309 7.26041 7.27753 7.29527 7.31086 7.32717 7.34343 7.35953 7.37451 7.39126 7.40693 7.42241 7.43779 7.45181 7.46798 7.48286 7.49764 7.51233 7.52696 7.5416 7.55615 7.57066 7.5852 7.59977 7.61436 7.62904 7.64383 7.6587 7.6737 7.68886 7.70418 7.71972 7.73543 7.75128 7.76734 7.78413 7.80113 7.81819 7.83545 7.85292 7.86992 7.88817 7.90556 7.92222 7.94002 
1.5 1.5 1.5 1.5 1.5 1.5 1.5 1.5 1.5 1.5 1.52173 2.33059 2.41405 2.49792 2.58173 2.66593 2.74996 2.83438 2.91868 3.00323 3.08785 3.17284 3.25758 3.3425 3.42755 3.51272 3.59797 3.6831 3.77114 3.85514 3.94134 7.0772 7.09593 7.11379 7.13252 7.14926 7.16697 7.1846 7.20213 7.22021 7.23688 7.2541 7.27105 7.2879 7.30384 7.3213 7.33789 7.35438 7.37081 7.38628 7.40342 7.41959 7.43573 7.45182 7.46789 7.48395 7.49998 7.516 7.53203 7.5481 7.56421 7.58039 7.59666 7.61297 7.62939 7.64592 7.66254 7.67932 7.69622 7.71322 7.73033 7.74798 7.76577 7.78353 7.80153 7.81966 7.83732 7.85595 7.87422 7.89197 7.90895 
1.5 1.5 1.5 1.5 1.5 1.5 1.5 1.5 1.5 1.5 1.52489 2.33757 2.42169 2.5062 2.59054 2.6752 2.75971 2.84499 2.92983 3.01511 3.1005 3.18606 3.27174 3.35744 3.44342 3.52925 3.61535 3.70142 3.78953 3.87599 3.96223 7.03953 7.05861 7.07655 7.09523 7.11236 7.1303 7.14821 7.16609 7.1844 7.20172 7.21948 7.23722 7.25489 7.27186 7.29008 7.30766 7.32523 7.3428 7.35978 7.37795 7.39554 7.41316 7.4308 7.44848 7.46617 7.48385 7.50156 7.51929 7.53708 7.5549 7.57281 7.59075 7.60872 7.62677 7.64488 7.66305 7.6813 7.69961 7.71801 7.73639 7.75511 7.77379 7.79251 7.8114 7.83032 7.84884 7.86812 7.88719 7.90618 7.92331 
1.5 1.5 1.5 1.5 1.5 1.5 1.5 1.5 1.5 1.5 1.52844 2.34473 2.4293 2.51435 2.59916 2.68457 2.76992 2.85528 2.94125 3.02682 3.11306 3.1991 3.2854 3.37178 3.45869 3.5451 3.63187 3.71889 3.80646 7.0073 7.02406 7.04304 7.05975 7.07787 7.09701 7.11405 7.13219 7.1503 7.16845 7.18677 7.20482 7.22309 7.2414 7.25985 7.27788 7.29694 7.31565 7.33445 7.35333 7.37204 7.39142 7.4106 7.42988 7.44924 7.46869 7.48819 7.50774 7.52736 7.54702 7.56673 7.5865 7.60634 7.62618 7.64604 7.66593 7.68584 7.70572 7.72562 7.74553 7.76544 7.78526 7.80515 7.8249 7.84468 7.86453 7.88438 7.90388 7.9239 7.94381 7.96389 7.98196 
1.5 1.5 1.5 1.5 1.5 1.5 1.5 1.5 1.5 1.5 1.53073 2.35031 2.43536 2.52071 2.60603 2.69174 2.77779 2.8637 2.94997 3.03639 3.12284 3.20964 3.29642 3.38339 3.47048 3.5579 3.64535 3.73303 3.8193 6.97384 6.99173 7.01134 7.02786 7.04612 7.06299 7.08267 7.10101 7.11943 7.13792 7.15644 7.17524 7.19412 7.21309 7.2323 7.25145 7.27122 7.2909 7.31074 7.33073 7.35086 7.37121 7.3917 7.41234 7.43311 7.45399 7.47495 7.49602 7.51718 7.5384 7.55967 7.58102 7.60242 7.6238 7.64518 7.66653 7.68787 7.70914 7.73037 7.75154 7.77267 7.79368 7.81451 7.83512 7.85583 7.87641 7.89705 7.91736 7.938 7.95865 7.97934 7.99878 
1.5 1.5 1.5 1.5 1.5 1.5 1.5 1.5 1.5 1.5 1.53139 2.35559 2.44103 2.52675 2.61258 2.69858 2.78498 2.8714 2.9579 3.04476 3.13173 3.21863 3.30616 3.39368 3.48126 3.56927 3.65727 3.74542 3.83286 3.92253 6.94145 6.96178 6.97857 6.99707 7.01603 7.03412 7.05271 7.07139 7.09019 7.10889 7.12817 7.14755 7.16713 7.18705 7.20711 7.22757 7.24819 7.26903 7.29008 7.31157 7.33284 7.35456 7.37645 7.39853 7.42077 7.44314 7.46566 7.48829 7.51102 7.5338 7.55667 7.57957 7.60241 7.62525 7.64801 7.67073 7.69334 7.71586 7.7383 7.76063 7.78284 7.80462 7.82615 7.84778 7.86909 7.8906 7.91175 7.933 7.95443 7.97575 7.99698 
1.5 1.5 1.5 1.5 1.5 1.5 1.5 1.5 1.5 1.5 1.53362 2.36035 2.44661 2.53253 2.61911 2.70531 2.79197 2.87903 2.96604 3.05345 3.14083 3.22832 3.31652 3.40444 3.49267 3.58126 3.66996 3.75879 3.84743 3.93785 4.02773 6.91097 6.92901 6.94785 6.96699 6.98559 7.00451 7.02354 7.04273 7.06164 7.08167 7.10151 7.1219 7.14259 7.16364 7.18479 7.20631 7.22812 7.25022 7.27305 7.29532 7.31828 7.34147 7.36487 7.38845 7.41222 7.43616 7.46024 7.48442 7.50868 7.53301 7.55728 7.58149 7.60573 7.62986 7.65395 7.67788 7.70168 7.72537 7.74891 7.77232 7.79498 7.81744 7.84016 7.86203 7.88448 7.90654 7.92836 7.95056 7.97273 7.99563 
1.5 1.5 1.5 1.5 1.5 1.5 1.5 1.5 1.5 1.5 1.53596 2.3653 2.45169 2.53801 2.62488 2.71162 2.7987 2.88596 2.97347 3.06124 3.14913 3.2369 3.3255 3.41398 3.50324 3.59171 3.68099 3.77005 3.85935 3.9496 4.03983 4.13033 6.86771 6.887 6.90361 6.9255 6.94485 6.96436 6.9841 7.00321 7.02444 7.0451 7.06612 7.08807 7.11077 7.13315 7.15624 7.17974 7.20364 7.22879 7.25258 7.27753 7.30278 7.32829 7.35401 7.38 7.40612 7.43235 7.45866 7.48501 7.51129 7.53751 7.56373 7.58981 7.61577 7.6415 7.66711 7.69243 7.71754 7.74241 7.76707 7.79072 7.81442 7.83749 7.86067 7.88334 7.90681 7.92847 7.9514 7.9742 7.99724 
