5
s 30 2 124
r 20 0.01 0 3.72685 0.01
r 22 0.01 0 3.45364 0.01
r 24 0.01 0 3.20279 0.01
r 26 0.01 0 2.97845 0.01
r 28 0.01 0 1.88098 0.01
r 30 0.01 0 1.32667 0.01
r 32 0.01 0 1.88098 0.01
r 34 0.01 0 2.97845 0.01
r 36 0.01 0 3.29705 0.01
r 38 0.01 0 3.59401 0.01
r 40 0.01 0 3.92969 0.01
r 42 0.01 0 4.2633 0.01
r 44 0.01 0 4.54531 0.01
r 46 0.01 0 4.76062 0.01
r 48 0.01 0 5.03113 0.01
r 50 0.01 0 5.35603 0.01
r 52 0.01 0 5.67585 0.01
r 54 0.01 0 5.97733 0.01
r 56 0.01 0 6.24359 0.01
r 58 0.01 0 6.4809 0.01
r 60 0.01 0 6.72134 0.01
r 62 0.01 0 7.00066 0.01
r 64 0.01 0 7.33442 0.01
r 66 0.01 0 7.64053 0.01
r 68 0.01 0 7.85379 0.01
r 70 0.01 0 8.08272 0.01
r 72 0.01 0 8.34232 0.01
r 74 0.01 0 8.61134 0.01
r 76 0.01 0 8.85717 0.01
r 78 0.01 0 9.16032 0.01
r 80 0.01 0 9.39277 0.01
r 20 0.01 6 4.62842 0.01
r 22 0.01 6 4.26006 0.01
r 24 0.01 6 3.84096 0.01
r 26 0.01 6 3.46788 0.01
r 28 0.01 6 2.92132 0.01
r 30 0.01 6 2.71889 0.01
r 32 0.01 6 2.85963 0.01
r 34 0.01 6 3.31896 0.01
r 36 0.01 6 3.76024 0.01
r 38 0.01 6 4.23852 0.01
r 40 0.01 6 4.75849 0.01
r 42 0.01 6 5.27517 0.01
r 44 0.01 6 5.80583 0.01
r 46 0.01 6 6.24438 0.01
r 48 0.01 6 6.67293 0.01
r 50 0.01 6 7.17542 0.01
r 52 0.01 6 7.6759 0.01
r 54 0.01 6 8.16514 0.01
r 56 0.01 6 8.63286 0.01
r 58 0.01 6 9.09393 0.01
r 60 0.01 6 9.52613 0.01
r 62 0.01 6 9.97414 0.01
r 64 0.01 6 10.4517 0.01
r 66 0.01 6 10.9233 0.01
r 68 0.01 6 11.3666 0.01
r 70 0.01 6 11.7851 0.01
r 72 0.01 6 12.211 0.01
r 74 0.01 6 12.6414 0.01
r 76 0.01 6 13.0663 0.01
r 78 0.01 6 13.4909 0.01
r 80 0.01 6 13.9114 0.01
r 20 0.01 7 4.34057 0.01
r 22 0.01 7 4.06238 0.01
r 24 0.01 7 3.8009 0.01
r 26 0.01 7 3.60743 0.01
r 28 0.01 7 3.44932 0.01
r 30 0.01 7 3.17689 0.01
r 32 0.01 7 3.38628 0.01
r 34 0.01 7 3.65412 0.01
r 36 0.01 7 3.92883 0.01
r 38 0.01 7 4.26002 0.01
r 40 0.01 7 4.5944 0.01
r 42 0.01 7 4.9258 0.01
r 44 0.01 7 5.16664 0.01
r 46 0.01 7 5.37795 0.01
r 48 0.01 7 5.68397 0.01
r 50 0.01 7 6.00751 0.01
r 52 0.01 7 6.33245 0.01
r 54 0.01 7 6.60303 0.01
r 56 0.01 7 6.86552 0.01
r 58 0.01 7 7.08331 0.01
r 60 0.01 7 7.33426 0.01
r 62 0.01 7 7.63885 0.01
r 64 0.01 7 7.95328 0.01
r 66 0.01 7 8.24281 0.01
r 68 0.01 7 8.44901 0.01
r 70 0.01 7 8.68846 0.01
r 72 0.01 7 8.9565 0.01
r 74 0.01 7 9.21557 0.01
r 76 0.01 7 9.48165 0.01
r 78 0.01 7 9.77288 0.01
r 80 0.01 7 9.97159 0.01
r 20 0.01 8 5.16354 0.01
r 22 0.01 8 5.22314 0.01
r 24 0.01 8 4.76118 0.01
r 26 0.01 8 3.93783 0.01
r 28 0.01 8 3.54376 0.01
r 30 0.01 8 3.1794 0.01
r 32 0.01 8 3.52382 0.01
r 34 0.01 8 3.87829 0.01
r 36 0.01 8 4.2734 0.01
r 38 0.01 8 4.75195 0.01
r 40 0.01 8 5.27169 0.01
r 42 0.01 8 5.79304 0.01
r 44 0.01 8 6.30701 0.01
r 46 0.01 8 6.74 0.01
r 48 0.01 8 7.18042 0.01
r 50 0.01 8 7.68182 0.01
r 52 0.01 8 8.18377 0.01
r 54 0.01 8 8.67746 0.01
r 56 0.01 8 9.13844 0.01
r 58 0.01 8 9.59518 0.01
r 60 0.01 8 10.0225 0.01
r 62 0.01 8 10.47 0.01
r 64 0.01 8 10.9461 0.01
r 66 0.01 8 11.4159 0.01
r 68 0.01 8 11.8571 0.01
r 70 0.01 8 12.2723 0.01
r 72 0.01 8 12.6972 0.01
r 74 0.01 8 13.129 0.01
r 76 0.01 8 13.5504 0.01
r 78 0.01 8 13.9765 0.01
r 80 0.01 8 14.3925 0.01
s 40 2 124
r 20 0.01 0 5.12776 0.01
r 22 0.01 0 4.86255 0.01
r 24 0.01 0 4.61249 0.01
r 26 0.01 0 4.4314 0.01
r 28 0.01 0 4.24005 0.01
r 30 0.01 0 3.92955 0.01
r 32 0.01 0 3.63455 0.01
r 34 0.01 0 3.35947 0.01
r 36 0.01 0 2.97845 0.01
r 38 0.01 0 1.88098 0.01
r 40 0.01 0 1.32667 0.01
r 42 0.01 0 1.88098 0.01
r 44 0.01 0 2.97845 0.01
r 46 0.01 0 3.49667 0.01
r 48 0.01 0 3.7659 0.01
r 50 0.01 0 4.09599 0.01
r 52 0.01 0 4.42798 0.01
r 54 0.01 0 4.73539 0.01
r 56 0.01 0 5.01422 0.01
r 58 0.01 0 5.25664 0.01
r 60 0.01 0 5.5073 0.01
r 62 0.01 0 5.78926 0.01
r 64 0.01 0 6.13957 0.01
r 66 0.01 0 6.46561 0.01
r 68 0.01 0 6.68876 0.01
r 70 0.01 0 6.93065 0.01
r 72 0.01 0 7.20743 0.01
r 74 0.01 0 7.48536 0.01
r 76 0.01 0 7.74152 0.01
r 78 0.01 0 8.06297 0.01
r 80 0.01 0 8.3141 0.01
r 20 0.01 6 7.01606 0.01
r 22 0.01 6 6.55282 0.01
r 24 0.01 6 6.11928 0.01
r 26 0.01 6 6.00421 0.01
r 28 0.01 6 5.27436 0.01
r 30 0.01 6 4.7595 0.01
r 32 0.01 6 4.27854 0.01
r 34 0.01 6 3.80426 0.01
r 36 0.01 6 3.36959 0.01
r 38 0.01 6 3.01115 0.01
r 40 0.01 6 2.84999 0.01
r 42 0.01 6 3.07112 0.01
r 44 0.01 6 3.52391 0.01
r 46 0.01 6 4.04486 0.01
r 48 0.01 6 4.4176 0.01
r 50 0.01 6 4.93031 0.01
r 52 0.01 6 5.41106 0.01
r 54 0.01 6 5.91811 0.01
r 56 0.01 6 6.40117 0.01
r 58 0.01 6 6.87779 0.01
r 60 0.01 6 7.32442 0.01
r 62 0.01 6 7.78846 0.01
r 64 0.01 6 8.28478 0.01
r 66 0.01 6 8.78546 0.01
r 68 0.01 6 9.25114 0.01
r 70 0.01 6 9.68803 0.01
r 72 0.01 6 10.1335 0.01
r 74 0.01 6 10.5923 0.01
r 76 0.01 6 11.0374 0.01
r 78 0.01 6 11.4971 0.01
r 80 0.01 6 11.9343 0.01
r 20 0.01 7 5.80169 0.01
r 22 0.01 7 5.53827 0.01
r 24 0.01 7 5.28221 0.01
r 26 0.01 7 5.08961 0.01
r 28 0.01 7 4.92765 0.01
r 30 0.01 7 4.65113 0.01
r 32 0.01 7 4.31583 0.01
r 34 0.01 7 4.04268 0.01
r 36 0.01 7 3.779 0.01
r 38 0.01 7 3.56771 0.01
r 40 0.01 7 3.35657 0.01
r 42 0.01 7 3.58551 0.01
r 44 0.01 7 3.91661 0.01
r 46 0.01 7 4.12982 0.01
r 48 0.01 7 4.45089 0.01
r 50 0.01 7 4.78029 0.01
r 52 0.01 7 5.11261 0.01
r 54 0.01 7 5.39481 0.01
r 56 0.01 7 5.66889 0.01
r 58 0.01 7 5.89293 0.01
r 60 0.01 7 6.15461 0.01
r 62 0.01 7 6.48963 0.01
r 64 0.01 7 6.81781 0.01
r 66 0.01 7 7.10702 0.01
r 68 0.01 7 7.32239 0.01
r 70 0.01 7 7.57741 0.01
r 72 0.01 7 7.84502 0.01
r 74 0.01 7 8.12985 0.01
r 76 0.01 7 8.40961 0.01
r 78 0.01 7 8.71382 0.01
r 80 0.01 7 8.93124 0.01
r 20 0.01 8 7.63821 0.01
r 22 0.01 8 7.1615 0.01
r 24 0.01 8 6.70763 0.01
r 26 0.01 8 6.82153 0.01
r 28 0.01 8 5.84601 0.01
r 30 0.01 8 5.3337 0.01
r 32 0.01 8 4.85234 0.01
r 34 0.01 8 4.38458 0.01
r 36 0.01 8 4.04633 0.01
r 38 0.01 8 3.69832 0.01
r 40 0.01 8 3.35824 0.01
r 42 0.01 8 3.70153 0.01
r 44 0.01 8 4.17558 0.01
r 46 0.01 8 4.58013 0.01
r 48 0.01 8 5.37833 0.01
r 50 0.01 8 5.85397 0.01
r 52 0.01 8 6.45711 0.01
r 54 0.01 8 6.52343 0.01
r 56 0.01 8 6.99921 0.01
r 58 0.01 8 7.46577 0.01
r 60 0.01 8 7.9001 0.01
r 62 0.01 8 8.3653 0.01
r 64 0.01 8 8.88118 0.01
r 66 0.01 8 9.35038 0.01
r 68 0.01 8 9.8364 0.01
r 70 0.01 8 10.2624 0.01
r 72 0.01 8 10.7097 0.01
r 74 0.01 8 11.1686 0.01
r 76 0.01 8 11.6125 0.01
r 78 0.01 8 12.082 0.01
r 80 0.01 8 12.4923 0.01
s 50 2 124
r 20 0.01 0 6.50843 0.01
r 22 0.01 0 6.25263 0.01
r 24 0.01 0 6.01135 0.01
r 26 0.01 0 5.83656 0.01
r 28 0.01 0 5.65867 0.01
r 30 0.01 0 5.35466 0.01
r 32 0.01 0 5.06452 0.01
r 34 0.01 0 4.7947 0.01
r 36 0.01 0 4.54365 0.01
r 38 0.01 0 4.33422 0.01
r 40 0.01 0 4.11921 0.01
r 42 0.01 0 3.83206 0.01
r 44 0.01 0 3.50012 0.01
r 46 0.01 0 2.97845 0.01
r 48 0.01 0 1.88098 0.01
r 50 0.01 0 1.32667 0.01
r 52 0.01 0 1.88098 0.01
r 54 0.01 0 2.97845 0.01
r 56 0.01 0 3.70288 0.01
r 58 0.01 0 3.955 0.01
r 60 0.01 0 4.20401 0.01
r 62 0.01 0 4.48819 0.01
r 64 0.01 0 4.85661 0.01
r 66 0.01 0 5.20382 0.01
r 68 0.01 0 5.42745 0.01
r 70 0.01 0 5.67409 0.01
r 72 0.01 0 5.95924 0.01
r 74 0.01 0 6.25431 0.01
r 76 0.01 0 6.52406 0.01
r 78 0.01 0 6.86121 0.01
r 80 0.01 0 7.13172 0.01
r 20 0.01 6 9.35647 0.01
r 22 0.01 6 8.91435 0.01
r 24 0.01 6 8.49456 0.01
r 26 0.01 6 8.11629 0.01
r 28 0.01 6 7.67424 0.01
r 30 0.01 6 7.17608 0.01
r 32 0.01 6 6.70829 0.01
r 34 0.01 6 6.2462 0.01
r 36 0.01 6 5.82793 0.01
r 38 0.01 6 5.40243 0.01
r 40 0.01 6 4.94686 0.01
r 42 0.01 6 4.4031 0.01
r 44 0.01 6 3.88956 0.01
r 46 0.01 6 3.45985 0.01
r 48 0.01 6 3.21061 0.01
r 50 0.01 6 2.97501 0.01
r 52 0.01 6 3.17512 0.01
r 54 0.01 6 3.60125 0.01
r 56 0.01 6 4.09821 0.01
r 58 0.01 6 4.60276 0.01
r 60 0.01 6 5.00713 0.01
r 62 0.01 6 5.4756 0.01
r 64 0.01 6 5.98937 0.01
r 66 0.01 6 6.50017 0.01
r 68 0.01 6 6.99477 0.01
r 70 0.01 6 7.45378 0.01
r 72 0.01 6 7.90429 0.01
r 74 0.01 6 8.38467 0.01
r 76 0.01 6 8.85431 0.01
r 78 0.01 6 9.32545 0.01
r 80 0.01 6 9.7943 0.01
r 20 0.01 7 7.22187 0.01
r 22 0.01 7 6.96822 0.01
r 24 0.01 7 6.73481 0.01
r 26 0.01 7 6.53523 0.01
r 28 0.01 7 6.37922 0.01
r 30 0.01 7 6.10511 0.01
r 32 0.01 7 5.78699 0.01
r 34 0.01 7 5.52199 0.01
r 36 0.01 7 5.26244 0.01
r 38 0.01 7 5.05458 0.01
r 40 0.01 7 4.84011 0.01
r 42 0.01 7 4.60097 0.01
r 44 0.01 7 4.27179 0.01
r 46 0.01 7 3.95299 0.01
r 48 0.01 7 3.73851 0.01
r 50 0.01 7 3.52695 0.01
r 52 0.01 7 3.73847 0.01
r 54 0.01 7 4.13775 0.01
r 56 0.01 7 4.41392 0.01
r 58 0.01 7 4.63945 0.01
r 60 0.01 7 4.90629 0.01
r 62 0.01 7 5.21762 0.01
r 64 0.01 7 5.57756 0.01
r 66 0.01 7 5.8954 0.01
r 68 0.01 7 6.11766 0.01
r 70 0.01 7 6.37847 0.01
r 72 0.01 7 6.66519 0.01
r 74 0.01 7 6.95987 0.01
r 76 0.01 7 7.24572 0.01
r 78 0.01 7 7.60423 0.01
r 80 0.01 7 7.80424 0.01
r 20 0.01 8 9.98075 0.01
r 22 0.01 8 9.56529 0.01
r 24 0.01 8 9.14312 0.01
r 26 0.01 8 8.76869 0.01
r 28 0.01 8 8.28945 0.01
r 30 0.01 8 7.79655 0.01
r 32 0.01 8 7.33035 0.01
r 34 0.01 8 6.86374 0.01
r 36 0.01 8 6.44363 0.01
r 38 0.01 8 6.51847 0.01
r 40 0.01 8 5.56933 0.01
r 42 0.01 8 5.04124 0.01
r 44 0.01 8 4.5451 0.01
r 46 0.01 8 4.21404 0.01
r 48 0.01 8 3.80339 0.01
r 50 0.01 8 3.52876 0.01
r 52 0.01 8 3.85708 0.01
r 54 0.01 8 4.32283 0.01
r 56 0.01 8 4.76355 0.01
r 58 0.01 8 5.24402 0.01
r 60 0.01 8 7.08132 0.01
r 62 0.01 8 6.61879 0.01
r 64 0.01 8 6.65139 0.01
r 66 0.01 8 7.14345 0.01
r 68 0.01 8 7.65147 0.01
r 70 0.01 8 8.08807 0.01
r 72 0.01 8 8.55667 0.01
r 74 0.01 8 9.03978 0.01
r 76 0.01 8 9.50646 0.01
r 78 0.01 8 9.94959 0.01
r 80 0.01 8 10.4159 0.01
s 60 2 124
r 20 0.01 0 7.80188 0.01
r 22 0.01 0 7.56352 0.01
r 24 0.01 0 7.33182 0.01
r 26 0.01 0 7.16281 0.01
r 28 0.01 0 6.99712 0.01
r 30 0.01 0 6.71374 0.01
r 32 0.01 0 6.43133 0.01
r 34 0.01 0 6.17078 0.01
r 36 0.01 0 5.92716 0.01
r 38 0.01 0 5.72308 0.01
r 40 0.01 0 5.51491 0.01
r 42 0.01 0 5.23646 0.01
r 44 0.01 0 4.91234 0.01
r 46 0.01 0 4.64289 0.01
r 48 0.01 0 4.42965 0.01
r 50 0.01 0 4.21026 0.01
r 52 0.01 0 3.95478 0.01
r 54 0.01 0 3.68499 0.01
r 56 0.01 0 2.97845 0.01
r 58 0.01 0 1.88098 0.01
r 60 0.01 0 1.32667 0.01
r 62 0.01 0 1.88098 0.01
r 64 0.01 0 2.97845 0.01
r 66 0.01 0 3.86489 0.01
r 68 0.01 0 4.0938 0.01
r 70 0.01 0 4.33878 0.01
r 72 0.01 0 4.62273 0.01
r 74 0.01 0 4.93371 0.01
r 76 0.01 0 5.21018 0.01
r 78 0.01 0 5.56196 0.01
r 80 0.01 0 5.84864 0.01
r 20 0.01 6 11.5895 0.01
r 22 0.01 6 11.1714 0.01
r 24 0.01 6 10.7704 0.01
r 26 0.01 6 10.4068 0.01
r 28 0.01 6 9.98897 0.01
r 30 0.01 6 9.51849 0.01
r 32 0.01 6 9.06459 0.01
r 34 0.01 6 8.6141 0.01
r 36 0.01 6 8.18787 0.01
r 38 0.01 6 7.76704 0.01
r 40 0.01 6 7.33689 0.01
r 42 0.01 6 6.83624 0.01
r 44 0.01 6 6.52877 0.01
r 46 0.01 6 6.02567 0.01
r 48 0.01 6 5.50572 0.01
r 50 0.01 6 5.03471 0.01
r 52 0.01 6 4.53819 0.01
r 54 0.01 6 4.02595 0.01
r 56 0.01 6 3.52467 0.01
r 58 0.01 6 3.1519 0.01
r 60 0.01 6 2.97532 0.01
r 62 0.01 6 3.19549 0.01
r 64 0.01 6 3.64591 0.01
r 66 0.01 6 4.17003 0.01
r 68 0.01 6 4.72038 0.01
r 70 0.01 6 5.21334 0.01
r 72 0.01 6 5.69616 0.01
r 74 0.01 6 6.14175 0.01
r 76 0.01 6 6.6627 0.01
r 78 0.01 6 7.1416 0.01
r 80 0.01 6 7.55634 0.01
r 20 0.01 7 8.48604 0.01
r 22 0.01 7 8.24866 0.01
r 24 0.01 7 8.01078 0.01
r 26 0.01 7 7.83323 0.01
r 28 0.01 7 7.68392 0.01
r 30 0.01 7 7.43079 0.01
r 32 0.01 7 7.12047 0.01
r 34 0.01 7 6.86514 0.01
r 36 0.01 7 6.61614 0.01
r 38 0.01 7 6.41328 0.01
r 40 0.01 7 6.20001 0.01
r 42 0.01 7 5.97269 0.01
r 44 0.01 7 5.65082 0.01
r 46 0.01 7 5.33965 0.01
r 48 0.01 7 5.12656 0.01
r 50 0.01 7 4.91172 0.01
r 52 0.01 7 4.68447 0.01
r 54 0.01 7 4.4089 0.01
r 56 0.01 7 4.12036 0.01
r 58 0.01 7 3.70457 0.01
r 60 0.01 7 3.52793 0.01
r 62 0.01 7 3.75926 0.01
r 64 0.01 7 4.24539 0.01
r 66 0.01 7 4.55089 0.01
r 68 0.01 7 4.77555 0.01
r 70 0.01 7 5.0399 0.01
r 72 0.01 7 5.33049 0.01
r 74 0.01 7 5.63475 0.01
r 76 0.01 7 5.92577 0.01
r 78 0.01 7 6.26532 0.01
r 80 0.01 7 6.51565 0.01
r 20 0.01 8 12.2097 0.01
r 22 0.01 8 11.8002 0.01
r 24 0.01 8 11.3967 0.01
r 26 0.01 8 11.0354 0.01
r 28 0.01 8 10.603 0.01
r 30 0.01 8 10.1366 0.01
r 32 0.01 8 9.7125 0.01
r 34 0.01 8 9.26242 0.01
r 36 0.01 8 8.83179 0.01
r 38 0.01 8 8.39024 0.01
r 40 0.01 8 7.95858 0.01
r 42 0.01 8 7.46214 0.01
r 44 0.01 8 6.96574 0.01
r 46 0.01 8 9.16833 0.01
r 48 0.01 8 8.51809 0.01
r 50 0.01 8 5.65377 0.01
r 52 0.01 8 5.16472 0.01
r 54 0.01 8 4.68191 0.01
r 56 0.01 8 4.2107 0.01
r 58 0.01 8 3.86258 0.01
r 60 0.01 8 3.5296 0.01
r 62 0.01 8 3.8549 0.01
r 64 0.01 8 4.38201 0.01
r 66 0.01 8 4.85934 0.01
r 68 0.01 8 5.47518 0.01
r 70 0.01 8 5.90067 0.01
r 72 0.01 8 6.53058 0.01
r 74 0.01 8 7.04151 0.01
r 76 0.01 8 7.58249 0.01
r 78 0.01 8 8.00969 0.01
r 80 0.01 8 8.18231 0.01
s 70 2 124
r 20 0.01 0 9.09175 0.01
r 22 0.01 0 8.86668 0.01
r 24 0.01 0 8.64941 0.01
r 26 0.01 0 8.4947 0.01
r 28 0.01 0 8.34405 0.01
r 30 0.01 0 8.07788 0.01
r 32 0.01 0 7.80969 0.01
r 34 0.01 0 7.56719 0.01
r 36 0.01 0 7.33279 0.01
r 38 0.01 0 7.1389 0.01
r 40 0.01 0 6.9381 0.01
r 42 0.01 0 6.68364 0.01
r 44 0.01 0 6.37115 0.01
r 46 0.01 0 6.10623 0.01
r 48 0.01 0 5.896 0.01
r 50 0.01 0 5.68324 0.01
r 52 0.01 0 5.43935 0.01
r 54 0.01 0 5.16927 0.01
r 56 0.01 0 4.86255 0.01
r 58 0.01 0 4.5791 0.01
r 60 0.01 0 4.35578 0.01
r 62 0.01 0 4.18339 0.01
r 64 0.01 0 3.93027 0.01
r 66 0.01 0 2.97845 0.01
r 68 0.01 0 1.88098 0.01
r 70 0.01 0 1.32667 0.01
r 72 0.01 0 1.88098 0.01
r 74 0.01 0 2.97845 0.01
r 76 0.01 0 3.93027 0.01
r 78 0.01 0 4.28028 0.01
r 80 0.01 0 4.58738 0.01
r 20 0.01 6 13.7197 0.01
r 22 0.01 6 13.3293 0.01
r 24 0.01 6 12.9523 0.01
r 26 0.01 6 12.6104 0.01
r 28 0.01 6 12.2258 0.01
r 30 0.01 6 11.7725 0.01
r 32 0.01 6 11.3531 0.01
r 34 0.01 6 10.9264 0.01
r 36 0.01 6 10.5192 0.01
r 38 0.01 6 10.1089 0.01
r 40 0.01 6 9.69325 0.01
r 42 0.01 6 9.21859 0.01
r 44 0.01 6 8.73926 0.01
r 46 0.01 6 8.31061 0.01
r 48 0.01 6 7.88407 0.01
r 50 0.01 6 7.44981 0.01
r 52 0.01 6 7.00738 0.01
r 54 0.01 6 6.54472 0.01
r 56 0.01 6 6.08929 0.01
r 58 0.01 6 5.5914 0.01
r 60 0.01 6 5.1917 0.01
r 62 0.01 6 4.65113 0.01
r 64 0.01 6 4.16244 0.01
r 66 0.01 6 3.67697 0.01
r 68 0.01 6 3.35955 0.01
r 70 0.01 6 3.2092 0.01
r 72 0.01 6 3.38247 0.01
r 74 0.01 6 3.76027 0.01
r 76 0.01 6 4.19896 0.01
r 78 0.01 6 4.67903 0.01
r 80 0.01 6 5.18839 0.01
r 20 0.01 7 9.85083 0.01
r 22 0.01 7 9.63053 0.01
r 24 0.01 7 9.40717 0.01
r 26 0.01 7 9.24904 0.01
r 28 0.01 7 9.10939 0.01
r 30 0.01 7 8.88211 0.01
r 32 0.01 7 8.58173 0.01
r 34 0.01 7 8.34203 0.01
r 36 0.01 7 8.10162 0.01
r 38 0.01 7 7.90939 0.01
r 40 0.01 7 7.71192 0.01
r 42 0.01 7 7.4923 0.01
r 44 0.01 7 7.19881 0.01
r 46 0.01 7 6.88848 0.01
r 48 0.01 7 6.68104 0.01
r 50 0.01 7 6.47223 0.01
r 52 0.01 7 6.24486 0.01
r 54 0.01 7 5.97693 0.01
r 56 0.01 7 5.6991 0.01
r 58 0.01 7 5.3831 0.01
r 60 0.01 7 5.13756 0.01
r 62 0.01 7 4.98292 0.01
r 64 0.01 7 4.74217 0.01
r 66 0.01 7 4.41429 0.01
r 68 0.01 7 3.99573 0.01
r 70 0.01 7 3.84741 0.01
r 72 0.01 7 4.02928 0.01
r 74 0.01 7 4.44975 0.01
r 76 0.01 7 4.74319 0.01
r 78 0.01 7 5.1049 0.01
r 80 0.01 7 5.36825 0.01
r 20 0.01 8 14.4264 0.01
r 22 0.01 8 14.0393 0.01
r 24 0.01 8 13.6694 0.01
r 26 0.01 8 13.3263 0.01
r 28 0.01 8 12.9535 0.01
r 30 0.01 8 12.4885 0.01
r 32 0.01 8 12.0844 0.01
r 34 0.01 8 11.6683 0.01
r 36 0.01 8 11.2778 0.01
r 38 0.01 8 10.8381 0.01
r 40 0.01 8 10.4288 0.01
r 42 0.01 8 9.95874 0.01
r 44 0.01 8 9.48191 0.01
r 46 0.01 8 9.0554 0.01
r 48 0.01 8 8.62796 0.01
r 50 0.01 8 8.19291 0.01
r 52 0.01 8 7.72434 0.01
r 54 0.01 8 7.25487 0.01
r 56 0.01 8 7.07701 0.01
r 58 0.01 8 6.65125 0.01
r 60 0.01 8 6.34109 0.01
r 62 0.01 8 5.40743 0.01
r 64 0.01 8 4.9301 0.01
r 66 0.01 8 4.48909 0.01
r 68 0.01 8 4.10125 0.01
r 70 0.01 8 3.84823 0.01
r 72 0.01 8 4.13948 0.01
r 74 0.01 8 4.59365 0.01
r 76 0.01 8 5.03958 0.01
r 78 0.01 8 5.47011 0.01
r 80 0.01 8 5.96468 0.01
