5
s 30 2 124
r 20 0.01 0 3.69273 0.01
r 22 0.01 0 3.41394 0.01
r 24 0.01 0 3.15574 0.01
r 26 0.01 0 2.97967 0.01
r 28 0.01 0 1.88176 0.01
r 30 0.01 0 1.32722 0.01
r 32 0.01 0 1.88177 0.01
r 34 0.01 0 2.9797 0.01
r 36 0.01 0 3.25331 0.01
r 38 0.01 0 3.56997 0.01
r 40 0.01 0 3.92331 0.01
r 42 0.01 0 4.26548 0.01
r 44 0.01 0 4.5572 0.01
r 46 0.01 0 4.77473 0.01
r 48 0.01 0 5.04694 0.01
r 50 0.01 0 5.372 0.01
r 52 0.01 0 5.68713 0.01
r 54 0.01 0 5.98449 0.01
r 56 0.01 0 6.24953 0.01
r 58 0.01 0 6.47789 0.01
r 60 0.01 0 6.71647 0.01
r 62 0.01 0 6.99144 0.01
r 64 0.01 0 7.331 0.01
r 66 0.01 0 7.6413 0.01
r 68 0.01 0 7.84561 0.01
r 70 0.01 0 8.07772 0.01
r 72 0.01 0 8.33419 0.01
r 74 0.01 0 8.60408 0.01
r 76 0.01 0 8.84763 0.01
r 78 0.01 0 9.16251 0.01
r 80 0.01 0 9.39064 0.01
r 20 0.01 6 4.73184 0.01
r 22 0.01 6 4.2558 0.01
r 24 0.01 6 3.81093 0.01
r 26 0.01 6 3.40277 0.01
r 28 0.01 6 2.85747 0.01
r 30 0.01 6 2.65578 0.01
r 32 0.01 6 2.79361 0.01
r 34 0.01 6 3.21111 0.01
r 36 0.01 6 3.71084 0.01
r 38 0.01 6 4.21879 0.01
r 40 0.01 6 4.7669 0.01
r 42 0.01 6 5.30894 0.01
r 44 0.01 6 5.84334 0.01
r 46 0.01 6 6.29727 0.01
r 48 0.01 6 6.74193 0.01
r 50 0.01 6 7.24421 0.01
r 52 0.01 6 7.73434 0.01
r 54 0.01 6 8.22558 0.01
r 56 0.01 6 8.68499 0.01
r 58 0.01 6 9.14005 0.01
r 60 0.01 6 9.56092 0.01
r 62 0.01 6 10.0059 0.01
r 64 0.01 6 10.4865 0.01
r 66 0.01 6 10.9951 0.01
r 68 0.01 6 11.4066 0.01
r 70 0.01 6 11.8056 0.01
r 72 0.01 6 12.231 0.01
r 74 0.01 6 12.6695 0.01
r 76 0.01 6 13.0839 0.01
r 78 0.01 6 13.5182 0.01
r 80 0.01 6 13.9562 0.01
r 20 0.01 7 4.29071 0.01
r 22 0.01 7 4.00863 0.01
r 24 0.01 7 3.73893 0.01
r 26 0.01 7 3.53791 0.01
r 28 0.01 7 3.37503 0.01
r 30 0.01 7 3.09412 0.01
r 32 0.01 7 3.31126 0.01
r 34 0.01 7 3.59903 0.01
r 36 0.01 7 3.88861 0.01
r 38 0.01 7 4.23193 0.01
r 40 0.01 7 4.58402 0.01
r 42 0.01 7 4.91693 0.01
r 44 0.01 7 5.15901 0.01
r 46 0.01 7 5.37204 0.01
r 48 0.01 7 5.68477 0.01
r 50 0.01 7 6.00748 0.01
r 52 0.01 7 6.32535 0.01
r 54 0.01 7 6.59192 0.01
r 56 0.01 7 6.85291 0.01
r 58 0.01 7 7.06458 0.01
r 60 0.01 7 7.31575 0.01
r 62 0.01 7 7.62493 0.01
r 64 0.01 7 7.94509 0.01
r 66 0.01 7 8.23148 0.01
r 68 0.01 7 8.43293 0.01
r 70 0.01 7 8.67147 0.01
r 72 0.01 7 8.95667 0.01
r 74 0.01 7 9.19418 0.01
r 76 0.01 7 9.47754 0.01
r 78 0.01 7 9.7777 0.01
r 80 0.01 7 9.96314 0.01
r 20 0.01 8 5.13056 0.01
r 22 0.01 8 5.22803 0.01
r 24 0.01 8 4.73595 0.01
r 26 0.01 8 3.86695 0.01
r 28 0.01 8 3.45273 0.01
r 30 0.01 8 3.09685 0.01
r 32 0.01 8 3.46003 0.01
r 34 0.01 8 3.74639 0.01
r 36 0.01 8 4.21644 0.01
r 38 0.01 8 4.72482 0.01
r 40 0.01 8 5.27471 0.01
r 42 0.01 8 5.81686 0.01
r 44 0.01 8 6.345 0.01
r 46 0.01 8 6.78612 0.01
r 48 0.01 8 7.22698 0.01
r 50 0.01 8 7.72672 0.01
r 52 0.01 8 8.22598 0.01
r 54 0.01 8 8.71672 0.01
r 56 0.01 8 9.1691 0.01
r 58 0.01 8 9.62079 0.01
r 60 0.01 8 10.037 0.01
r 62 0.01 8 10.4778 0.01
r 64 0.01 8 10.9602 0.01
r 66 0.01 8 11.44 0.01
r 68 0.01 8 11.8707 0.01
r 70 0.01 8 12.2747 0.01
r 72 0.01 8 12.7006 0.01
r 74 0.01 8 13.1377 0.01
r 76 0.01 8 13.5499 0.01
r 78 0.01 8 13.9832 0.01
r 80 0.01 8 14.4184 0.01
s 40 2 124
r 20 0.01 0 5.15085 0.01
r 22 0.01 0 4.88043 0.01
r 24 0.01 0 4.62589 0.01
r 26 0.01 0 4.43745 0.01
r 28 0.01 0 4.24396 0.01
r 30 0.01 0 3.92331 0.01
r 32 0.01 0 3.61421 0.01
r 34 0.01 0 3.3263 0.01
r 36 0.01 0 2.98009 0.01
r 38 0.01 0 1.88202 0.01
r 40 0.01 0 1.3274 0.01
r 42 0.01 0 1.88202 0.01
r 44 0.01 0 2.98008 0.01
r 46 0.01 0 3.46553 0.01
r 48 0.01 0 3.74676 0.01
r 50 0.01 0 4.08774 0.01
r 52 0.01 0 4.42038 0.01
r 54 0.01 0 4.73699 0.01
r 56 0.01 0 5.01565 0.01
r 58 0.01 0 5.25851 0.01
r 60 0.01 0 5.51053 0.01
r 62 0.01 0 5.79548 0.01
r 64 0.01 0 6.14968 0.01
r 66 0.01 0 6.47808 0.01
r 68 0.01 0 6.68851 0.01
r 70 0.01 0 6.92646 0.01
r 72 0.01 0 7.19943 0.01
r 74 0.01 0 7.48253 0.01
r 76 0.01 0 7.73508 0.01
r 78 0.01 0 8.06675 0.01
r 80 0.01 0 8.30901 0.01
r 20 0.01 6 7.09111 0.01
r 22 0.01 6 6.62017 0.01
r 24 0.01 6 6.18028 0.01
r 26 0.01 6 5.78445 0.01
r 28 0.01 6 5.31516 0.01
r 30 0.01 6 4.77441 0.01
r 32 0.01 6 4.27083 0.01
r 34 0.01 6 3.76841 0.01
r 36 0.01 6 3.31298 0.01
r 38 0.01 6 3.02744 0.01
r 40 0.01 6 2.8005 0.01
r 42 0.01 6 3.01294 0.01
r 44 0.01 6 3.48532 0.01
r 46 0.01 6 3.98324 0.01
r 48 0.01 6 4.41597 0.01
r 50 0.01 6 4.90998 0.01
r 52 0.01 6 5.43315 0.01
r 54 0.01 6 5.95315 0.01
r 56 0.01 6 6.44492 0.01
r 58 0.01 6 6.92672 0.01
r 60 0.01 6 7.36754 0.01
r 62 0.01 6 7.83402 0.01
r 64 0.01 6 8.33928 0.01
r 66 0.01 6 8.84806 0.01
r 68 0.01 6 9.29759 0.01
r 70 0.01 6 9.71976 0.01
r 72 0.01 6 10.1617 0.01
r 74 0.01 6 10.6223 0.01
r 76 0.01 6 11.0594 0.01
r 78 0.01 6 11.5143 0.01
r 80 0.01 6 11.9793 0.01
r 20 0.01 7 5.81249 0.01
r 22 0.01 7 5.5416 0.01
r 24 0.01 7 5.28342 0.01
r 26 0.01 7 5.0853 0.01
r 28 0.01 7 4.92217 0.01
r 30 0.01 7 4.63567 0.01
r 32 0.01 7 4.30688 0.01
r 34 0.01 7 4.0157 0.01
r 36 0.01 7 3.73526 0.01
r 38 0.01 7 3.51056 0.01
r 40 0.01 7 3.29214 0.01
r 42 0.01 7 3.52065 0.01
r 44 0.01 7 3.87413 0.01
r 46 0.01 7 4.09368 0.01
r 48 0.01 7 4.42652 0.01
r 50 0.01 7 4.76751 0.01
r 52 0.01 7 5.10343 0.01
r 54 0.01 7 5.39058 0.01
r 56 0.01 7 5.66249 0.01
r 58 0.01 7 5.88472 0.01
r 60 0.01 7 6.14806 0.01
r 62 0.01 7 6.48798 0.01
r 64 0.01 7 6.82905 0.01
r 66 0.01 7 7.10151 0.01
r 68 0.01 7 7.30977 0.01
r 70 0.01 7 7.56643 0.01
r 72 0.01 7 7.85946 0.01
r 74 0.01 7 8.11747 0.01
r 76 0.01 7 8.37939 0.01
r 78 0.01 7 8.70232 0.01
r 80 0.01 7 8.91542 0.01
r 20 0.01 8 7.65743 0.01
r 22 0.01 8 7.2336 0.01
r 24 0.01 8 6.77193 0.01
r 26 0.01 8 6.35627 0.01
r 28 0.01 8 5.87178 0.01
r 30 0.01 8 5.3412 0.01
r 32 0.01 8 4.83928 0.01
r 34 0.01 8 4.36419 0.01
r 36 0.01 8 4.02203 0.01
r 38 0.01 8 3.58958 0.01
r 40 0.01 8 3.29388 0.01
r 42 0.01 8 3.63393 0.01
r 44 0.01 8 4.14426 0.01
r 46 0.01 8 4.5481 0.01
r 48 0.01 8 5.29831 0.01
r 50 0.01 8 5.92135 0.01
r 52 0.01 8 6.01772 0.01
r 54 0.01 8 6.54334 0.01
r 56 0.01 8 7.02041 0.01
r 58 0.01 8 7.49775 0.01
r 60 0.01 8 7.92972 0.01
r 62 0.01 8 8.39951 0.01
r 64 0.01 8 8.91347 0.01
r 66 0.01 8 9.39481 0.01
r 68 0.01 8 9.86084 0.01
r 70 0.01 8 10.2772 0.01
r 72 0.01 8 10.719 0.01
r 74 0.01 8 11.1747 0.01
r 76 0.01 8 11.6098 0.01
r 78 0.01 8 12.0657 0.01
r 80 0.01 8 12.5182 0.01
s 50 2 124
r 20 0.01 0 6.52275 0.01
r 22 0.01 0 6.26575 0.01
r 24 0.01 0 6.02525 0.01
r 26 0.01 0 5.84429 0.01
r 28 0.01 0 5.66622 0.01
r 30 0.01 0 5.37919 0.01
r 32 0.01 0 5.07574 0.01
r 34 0.01 0 4.80498 0.01
r 36 0.01 0 4.54502 0.01
r 38 0.01 0 4.32858 0.01
r 40 0.01 0 4.10824 0.01
r 42 0.01 0 3.80494 0.01
r 44 0.01 0 3.46075 0.01
r 46 0.01 0 2.97958 0.01
r 48 0.01 0 1.88169 0.01
r 50 0.01 0 1.32717 0.01
r 52 0.01 0 1.88169 0.01
r 54 0.01 0 2.97957 0.01
r 56 0.01 0 3.67507 0.01
r 58 0.01 0 3.93389 0.01
r 60 0.01 0 4.1916 0.01
r 62 0.01 0 4.48144 0.01
r 64 0.01 0 4.86585 0.01
r 66 0.01 0 5.21817 0.01
r 68 0.01 0 5.44185 0.01
r 70 0.01 0 5.68699 0.01
r 72 0.01 0 5.96022 0.01
r 74 0.01 0 6.26601 0.01
r 76 0.01 0 6.53363 0.01
r 78 0.01 0 6.87994 0.01
r 80 0.01 0 7.13437 0.01
r 20 0.01 6 9.42936 0.01
r 22 0.01 6 8.98491 0.01
r 24 0.01 6 8.56416 0.01
r 26 0.01 6 8.18365 0.01
r 28 0.01 6 7.7358 0.01
r 30 0.01 6 7.24412 0.01
r 32 0.01 6 6.77087 0.01
r 34 0.01 6 6.29099 0.01
r 36 0.01 6 5.84114 0.01
r 38 0.01 6 5.52444 0.01
r 40 0.01 6 4.94296 0.01
r 42 0.01 6 4.38146 0.01
r 44 0.01 6 3.84447 0.01
r 46 0.01 6 3.39507 0.01
r 48 0.01 6 3.14654 0.01
r 50 0.01 6 2.92799 0.01
r 52 0.01 6 3.13673 0.01
r 54 0.01 6 3.5688 0.01
r 56 0.01 6 4.10938 0.01
r 58 0.01 6 4.58504 0.01
r 60 0.01 6 5.01196 0.01
r 62 0.01 6 5.50014 0.01
r 64 0.01 6 6.02964 0.01
r 66 0.01 6 6.56259 0.01
r 68 0.01 6 7.05629 0.01
r 70 0.01 6 7.49946 0.01
r 72 0.01 6 7.95942 0.01
r 74 0.01 6 8.44215 0.01
r 76 0.01 6 8.90215 0.01
r 78 0.01 6 9.37966 0.01
r 80 0.01 6 9.85606 0.01
r 20 0.01 7 7.22284 0.01
r 22 0.01 7 6.96675 0.01
r 24 0.01 7 6.7215 0.01
r 26 0.01 7 6.53039 0.01
r 28 0.01 7 6.37878 0.01
r 30 0.01 7 6.1078 0.01
r 32 0.01 7 5.78725 0.01
r 34 0.01 7 5.52548 0.01
r 36 0.01 7 5.25455 0.01
r 38 0.01 7 5.04002 0.01
r 40 0.01 7 4.82142 0.01
r 42 0.01 7 4.58744 0.01
r 44 0.01 7 4.23684 0.01
r 46 0.01 7 3.91347 0.01
r 48 0.01 7 3.6831 0.01
r 50 0.01 7 3.46582 0.01
r 52 0.01 7 3.67925 0.01
r 54 0.01 7 4.10013 0.01
r 56 0.01 7 4.38634 0.01
r 58 0.01 7 4.61857 0.01
r 60 0.01 7 4.88879 0.01
r 62 0.01 7 5.22584 0.01
r 64 0.01 7 5.60354 0.01
r 66 0.01 7 5.90272 0.01
r 68 0.01 7 6.11919 0.01
r 70 0.01 7 6.38002 0.01
r 72 0.01 7 6.67314 0.01
r 74 0.01 7 6.96151 0.01
r 76 0.01 7 7.23223 0.01
r 78 0.01 7 7.58825 0.01
r 80 0.01 7 7.79637 0.01
r 20 0.01 8 10.0356 0.01
r 22 0.01 8 9.59053 0.01
r 24 0.01 8 9.17927 0.01
r 26 0.01 8 8.79557 0.01
r 28 0.01 8 8.33367 0.01
r 30 0.01 8 7.84067 0.01
r 32 0.01 8 7.37071 0.01
r 34 0.01 8 6.90517 0.01
r 36 0.01 8 6.45555 0.01
r 38 0.01 8 6.01179 0.01
r 40 0.01 8 5.55797 0.01
r 42 0.01 8 5.02043 0.01
r 44 0.01 8 4.52997 0.01
r 46 0.01 8 4.13977 0.01
r 48 0.01 8 3.74282 0.01
r 50 0.01 8 3.46836 0.01
r 52 0.01 8 3.79356 0.01
r 54 0.01 8 4.2782 0.01
r 56 0.01 8 4.73731 0.01
r 58 0.01 8 5.22017 0.01
r 60 0.01 8 7.02797 0.01
r 62 0.01 8 6.1285 0.01
r 64 0.01 8 6.68401 0.01
r 66 0.01 8 7.1868 0.01
r 68 0.01 8 7.69538 0.01
r 70 0.01 8 8.12394 0.01
r 72 0.01 8 8.58464 0.01
r 74 0.01 8 9.07792 0.01
r 76 0.01 8 9.52829 0.01
r 78 0.01 8 9.98607 0.01
r 80 0.01 8 10.4612 0.01
s 60 2 124
r 20 0.01 0 7.80762 0.01
r 22 0.01 0 7.56596 0.01
r 24 0.01 0 7.33064 0.01
r 26 0.01 0 7.15642 0.01
r 28 0.01 0 6.99273 0.01
r 30 0.01 0 6.7101 0.01
r 32 0.01 0 6.43166 0.01
r 34 0.01 0 6.17764 0.01
r 36 0.01 0 5.93243 0.01
r 38 0.01 0 5.72922 0.01
r 40 0.01 0 5.51941 0.01
r 42 0.01 0 5.24017 0.01
r 44 0.01 0 4.91199 0.01
r 46 0.01 0 4.63813 0.01
r 48 0.01 0 4.41965 0.01
r 50 0.01 0 4.1993 0.01
r 52 0.01 0 3.94361 0.01
r 54 0.01 0 3.66062 0.01
r 56 0.01 0 2.98008 0.01
r 58 0.01 0 1.88202 0.01
r 60 0.01 0 1.3274 0.01
r 62 0.01 0 1.88203 0.01
r 64 0.01 0 2.9801 0.01
r 66 0.01 0 3.75977 0.01
r 68 0.01 0 4.09474 0.01
r 70 0.01 0 4.34414 0.01
r 72 0.01 0 4.62797 0.01
r 74 0.01 0 4.94957 0.01
r 76 0.01 0 5.22706 0.01
r 78 0.01 0 5.5859 0.01
r 80 0.01 0 5.86591 0.01
r 20 0.01 6 11.6347 0.01
r 22 0.01 6 11.2071 0.01
r 24 0.01 6 10.8047 0.01
r 26 0.01 6 10.4379 0.01
r 28 0.01 6 10.0211 0.01
r 30 0.01 6 9.55468 0.01
r 32 0.01 6 9.10894 0.01
r 34 0.01 6 8.66224 0.01
r 36 0.01 6 8.24134 0.01
r 38 0.01 6 7.81278 0.01
r 40 0.01 6 7.38318 0.01
r 42 0.01 6 6.86831 0.01
r 44 0.01 6 6.3655 0.01
r 46 0.01 6 6.05505 0.01
r 48 0.01 6 5.47326 0.01
r 50 0.01 6 5.03672 0.01
r 52 0.01 6 4.54451 0.01
r 54 0.01 6 4.07644 0.01
r 56 0.01 6 3.48579 0.01
r 58 0.01 6 3.13143 0.01
r 60 0.01 6 2.93603 0.01
r 62 0.01 6 3.16355 0.01
r 64 0.01 6 3.63268 0.01
r 66 0.01 6 4.20319 0.01
r 68 0.01 6 4.7614 0.01
r 70 0.01 6 5.2187 0.01
r 72 0.01 6 5.80791 0.01
r 74 0.01 6 6.27294 0.01
r 76 0.01 6 6.74169 0.01
r 78 0.01 6 7.11496 0.01
r 80 0.01 6 7.62213 0.01
r 20 0.01 7 8.48173 0.01
r 22 0.01 7 8.2356 0.01
r 24 0.01 7 7.99503 0.01
r 26 0.01 7 7.81854 0.01
r 28 0.01 7 7.67222 0.01
r 30 0.01 7 7.42169 0.01
r 32 0.01 7 7.10896 0.01
r 34 0.01 7 6.85668 0.01
r 36 0.01 7 6.6138 0.01
r 38 0.01 7 6.40784 0.01
r 40 0.01 7 6.1998 0.01
r 42 0.01 7 5.97561 0.01
r 44 0.01 7 5.64939 0.01
r 46 0.01 7 5.32839 0.01
r 48 0.01 7 5.11529 0.01
r 50 0.01 7 4.89547 0.01
r 52 0.01 7 4.66481 0.01
r 54 0.01 7 4.38387 0.01
r 56 0.01 7 4.0883 0.01
r 58 0.01 7 3.65202 0.01
r 60 0.01 7 3.4775 0.01
r 62 0.01 7 3.71093 0.01
r 64 0.01 7 4.23003 0.01
r 66 0.01 7 4.54787 0.01
r 68 0.01 7 4.77091 0.01
r 70 0.01 7 5.03902 0.01
r 72 0.01 7 5.35381 0.01
r 74 0.01 7 5.64389 0.01
r 76 0.01 7 5.94626 0.01
r 78 0.01 7 6.35493 0.01
r 80 0.01 7 6.52357 0.01
r 20 0.01 8 12.2441 0.01
r 22 0.01 8 11.815 0.01
r 24 0.01 8 11.4147 0.01
r 26 0.01 8 11.0531 0.01
r 28 0.01 8 10.618 0.01
r 30 0.01 8 10.1537 0.01
r 32 0.01 8 9.73878 0.01
r 34 0.01 8 9.26297 0.01
r 36 0.01 8 8.89713 0.01
r 38 0.01 8 8.42681 0.01
r 40 0.01 8 7.99385 0.01
r 42 0.01 8 7.49419 0.01
r 44 0.01 8 6.98398 0.01
r 46 0.01 8 6.5375 0.01
r 48 0.01 8 6.09633 0.01
r 50 0.01 8 5.65449 0.01
r 52 0.01 8 5.16567 0.01
r 54 0.01 8 4.67091 0.01
r 56 0.01 8 4.21024 0.01
r 58 0.01 8 3.81954 0.01
r 60 0.01 8 3.47948 0.01
r 62 0.01 8 3.81378 0.01
r 64 0.01 8 4.39881 0.01
r 66 0.01 8 4.85707 0.01
r 68 0.01 8 5.51061 0.01
r 70 0.01 8 6.07346 0.01
r 72 0.01 8 6.58644 0.01
r 74 0.01 8 7.12921 0.01
r 76 0.01 8 7.25341 0.01
r 78 0.01 8 7.73973 0.01
r 80 0.01 8 8.24079 0.01
s 70 2 124
r 20 0.01 0 9.10837 0.01
r 22 0.01 0 8.87346 0.01
r 24 0.01 0 8.65429 0.01
r 26 0.01 0 8.48917 0.01
r 28 0.01 0 8.33812 0.01
r 30 0.01 0 8.06967 0.01
r 32 0.01 0 7.79884 0.01
r 34 0.01 0 7.55575 0.01
r 36 0.01 0 7.32478 0.01
r 38 0.01 0 7.13515 0.01
r 40 0.01 0 6.93332 0.01
r 42 0.01 0 6.68249 0.01
r 44 0.01 0 6.37363 0.01
r 46 0.01 0 6.11007 0.01
r 48 0.01 0 5.9033 0.01
r 50 0.01 0 5.69301 0.01
r 52 0.01 0 5.45713 0.01
r 54 0.01 0 5.18817 0.01
r 56 0.01 0 4.87593 0.01
r 58 0.01 0 4.58489 0.01
r 60 0.01 0 4.35743 0.01
r 62 0.01 0 4.19137 0.01
r 64 0.01 0 3.76459 0.01
r 66 0.01 0 2.98035 0.01
r 68 0.01 0 1.88219 0.01
r 70 0.01 0 1.32752 0.01
r 72 0.01 0 1.88218 0.01
r 74 0.01 0 2.98033 0.01
r 76 0.01 0 3.75835 0.01
r 78 0.01 0 4.29382 0.01
r 80 0.01 0 4.59586 0.01
r 20 0.01 6 13.7727 0.01
r 22 0.01 6 13.3754 0.01
r 24 0.01 6 12.9833 0.01
r 26 0.01 6 12.6331 0.01
r 28 0.01 6 12.2366 0.01
r 30 0.01 6 11.7924 0.01
r 32 0.01 6 11.3726 0.01
r 34 0.01 6 10.9458 0.01
r 36 0.01 6 10.5554 0.01
r 38 0.01 6 10.1362 0.01
r 40 0.01 6 9.7271 0.01
r 42 0.01 6 9.25877 0.01
r 44 0.01 6 8.781 0.01
r 46 0.01 6 8.35779 0.01
r 48 0.01 6 7.93445 0.01
r 50 0.01 6 7.50728 0.01
r 52 0.01 6 7.03977 0.01
r 54 0.01 6 6.56947 0.01
r 56 0.01 6 6.18386 0.01
r 58 0.01 6 5.68144 0.01
r 60 0.01 6 5.24045 0.01
r 62 0.01 6 4.69565 0.01
r 64 0.01 6 4.18796 0.01
r 66 0.01 6 3.68351 0.01
r 68 0.01 6 3.3554 0.01
r 70 0.01 6 3.20039 0.01
r 72 0.01 6 3.38864 0.01
r 74 0.01 6 3.77154 0.01
r 76 0.01 6 4.3038 0.01
r 78 0.01 6 4.73638 0.01
r 80 0.01 6 5.25959 0.01
r 20 0.01 7 9.873 0.01
r 22 0.01 7 9.63694 0.01
r 24 0.01 7 9.40856 0.01
r 26 0.01 7 9.24238 0.01
r 28 0.01 7 9.1137 0.01
r 30 0.01 7 8.87925 0.01
r 32 0.01 7 8.57322 0.01
r 34 0.01 7 8.33275 0.01
r 36 0.01 7 8.09554 0.01
r 38 0.01 7 7.91036 0.01
r 40 0.01 7 7.70814 0.01
r 42 0.01 7 7.50592 0.01
r 44 0.01 7 7.19932 0.01
r 46 0.01 7 6.89957 0.01
r 48 0.01 7 6.68774 0.01
r 50 0.01 7 6.48234 0.01
r 52 0.01 7 6.26584 0.01
r 54 0.01 7 6.00118 0.01
r 56 0.01 7 5.72716 0.01
r 58 0.01 7 5.40391 0.01
r 60 0.01 7 5.14581 0.01
r 62 0.01 7 4.9976 0.01
r 64 0.01 7 4.77561 0.01
r 66 0.01 7 4.42958 0.01
r 68 0.01 7 3.98988 0.01
r 70 0.01 7 3.83831 0.01
r 72 0.01 7 4.02465 0.01
r 74 0.01 7 4.45894 0.01
r 76 0.01 7 4.7662 0.01
r 78 0.01 7 5.14963 0.01
r 80 0.01 7 5.38364 0.01
r 20 0.01 8 14.4836 0.01
r 22 0.01 8 14.0762 0.01
r 24 0.01 8 13.7065 0.01
r 26 0.01 8 13.3567 0.01
r 28 0.01 8 12.9478 0.01
r 30 0.01 8 12.505 0.01
r 32 0.01 8 12.1055 0.01
r 34 0.01 8 11.6822 0.01
r 36 0.01 8 11.283 0.01
r 38 0.01 8 10.8556 0.01
r 40 0.01 8 10.4495 0.01
r 42 0.01 8 9.98408 0.01
r 44 0.01 8 9.50994 0.01
r 46 0.01 8 9.08865 0.01
r 48 0.01 8 8.67312 0.01
r 50 0.01 8 8.24927 0.01
r 52 0.01 8 7.78116 0.01
r 54 0.01 8 7.31538 0.01
r 56 0.01 8 6.80313 0.01
r 58 0.01 8 6.79749 0.01
r 60 0.01 8 6.47262 0.01
r 62 0.01 8 5.45284 0.01
r 64 0.01 8 4.94977 0.01
r 66 0.01 8 4.55656 0.01
r 68 0.01 8 4.10239 0.01
r 70 0.01 8 3.83931 0.01
r 72 0.01 8 4.14336 0.01
r 74 0.01 8 4.63204 0.01
r 76 0.01 8 5.06898 0.01
r 78 0.01 8 5.52419 0.01
r 80 0.01 8 6.03197 0.01
