5
s 30 2 31
r 20 0.01 0 5.21353 0.01
r 22 0.01 0 4.98912 0.01
r 24 0.01 0 4.06238 0.01
r 26 0.01 0 2.98899 0.01
r 28 0.01 0 1.88769 0.01
r 30 0.01 0 1.33153 0.01
r 32 0.01 0 1.88769 0.01
r 34 0.01 0 2.98898 0.01
r 36 0.01 0 4.06308 0.01
r 38 0.01 0 4.98943 0.01
r 40 0.01 0 5.21336 0.01
r 42 0.01 0 5.55067 0.01
r 44 0.01 0 5.88749 0.01
r 46 0.01 0 6.22034 0.01
r 48 0.01 0 6.54996 0.01
r 50 0.01 0 6.87912 0.01
r 52 0.01 0 7.19382 0.01
r 54 0.01 0 7.50718 0.01
r 56 0.01 0 7.82796 0.01
r 58 0.01 0 8.17338 0.01
r 60 0.01 0 8.46952 0.01
r 62 0.01 0 8.80276 0.01
r 64 0.01 0 9.08057 0.01
r 66 0.01 0 9.36945 0.01
r 68 0.01 0 9.66306 0.01
r 70 0.01 0 9.94355 0.01
r 72 0.01 0 10.2264 0.01
r 74 0.01 0 10.4964 0.01
r 76 0.01 0 10.777 0.01
r 78 0.01 0 11.0557 0.01
r 80 0.01 0 11.331 0.01
s 40 2 31
r 20 0.01 0 6.87943 0.01
r 22 0.01 0 6.54953 0.01
r 24 0.01 0 6.21985 0.01
r 26 0.01 0 5.88713 0.01
r 28 0.01 0 5.55139 0.01
r 30 0.01 0 5.21309 0.01
r 32 0.01 0 4.98907 0.01
r 34 0.01 0 4.06213 0.01
r 36 0.01 0 2.98872 0.01
r 38 0.01 0 1.88752 0.01
r 40 0.01 0 1.3314 0.01
r 42 0.01 0 1.88752 0.01
r 44 0.01 0 2.98872 0.01
r 46 0.01 0 4.06068 0.01
r 48 0.01 0 4.98905 0.01
r 50 0.01 0 5.21356 0.01
r 52 0.01 0 5.55067 0.01
r 54 0.01 0 5.88778 0.01
r 56 0.01 0 6.22141 0.01
r 58 0.01 0 6.55059 0.01
r 60 0.01 0 6.87773 0.01
r 62 0.01 0 7.19294 0.01
r 64 0.01 0 7.5047 0.01
r 66 0.01 0 7.82219 0.01
r 68 0.01 0 8.15134 0.01
r 70 0.01 0 8.46969 0.01
r 72 0.01 0 8.7695 0.01
r 74 0.01 0 9.09732 0.01
r 76 0.01 0 9.37879 0.01
r 78 0.01 0 9.65556 0.01
r 80 0.01 0 9.93242 0.01
s 50 2 31
r 20 0.01 0 8.46743 0.01
r 22 0.01 0 8.19167 0.01
r 24 0.01 0 7.83091 0.01
r 26 0.01 0 7.51611 0.01
r 28 0.01 0 7.20249 0.01
r 30 0.01 0 6.87916 0.01
r 32 0.01 0 6.55039 0.01
r 34 0.01 0 6.21961 0.01
r 36 0.01 0 5.88556 0.01
r 38 0.01 0 5.55056 0.01
r 40 0.01 0 5.21339 0.01
r 42 0.01 0 4.98936 0.01
r 44 0.01 0 4.05731 0.01
r 46 0.01 0 2.98862 0.01
r 48 0.01 0 1.88745 0.01
r 50 0.01 0 1.33136 0.01
r 52 0.01 0 1.88745 0.01
r 54 0.01 0 2.98862 0.01
r 56 0.01 0 4.05913 0.01
r 58 0.01 0 4.98947 0.01
r 60 0.01 0 5.21231 0.01
r 62 0.01 0 5.54987 0.01
r 64 0.01 0 5.89019 0.01
r 66 0.01 0 6.21878 0.01
r 68 0.01 0 6.54864 0.01
r 70 0.01 0 6.87444 0.01
r 72 0.01 0 7.19313 0.01
r 74 0.01 0 7.50812 0.01
r 76 0.01 0 7.87032 0.01
r 78 0.01 0 8.16299 0.01
r 80 0.01 0 8.45166 0.01
s 60 2 31
r 20 0.01 0 9.92793 0.01
r 22 0.01 0 9.65319 0.01
r 24 0.01 0 9.37231 0.01
r 26 0.01 0 9.09469 0.01
r 28 0.01 0 8.77232 0.01
r 30 0.01 0 8.47069 0.01
r 32 0.01 0 8.17278 0.01
r 34 0.01 0 7.82447 0.01
r 36 0.01 0 7.5041 0.01
r 38 0.01 0 7.19321 0.01
r 40 0.01 0 6.87684 0.01
r 42 0.01 0 6.55045 0.01
r 44 0.01 0 6.22289 0.01
r 46 0.01 0 5.88874 0.01
r 48 0.01 0 5.55079 0.01
r 50 0.01 0 5.21378 0.01
r 52 0.01 0 4.98994 0.01
r 54 0.01 0 4.05974 0.01
r 56 0.01 0 2.98873 0.01
r 58 0.01 0 1.88753 0.01
r 60 0.01 0 1.33141 0.01
r 62 0.01 0 1.88753 0.01
r 64 0.01 0 2.98873 0.01
r 66 0.01 0 4.05861 0.01
r 68 0.01 0 4.98912 0.01
r 70 0.01 0 5.21272 0.01
r 72 0.01 0 5.55082 0.01
r 74 0.01 0 5.88802 0.01
r 76 0.01 0 6.22021 0.01
r 78 0.01 0 6.55112 0.01
r 80 0.01 0 6.87805 0.01
s 70 2 31
r 20 0.01 0 11.3313 0.01
r 22 0.01 0 11.0582 0.01
r 24 0.01 0 10.7772 0.01
r 26 0.01 0 10.4999 0.01
r 28 0.01 0 10.23 0.01
r 30 0.01 0 9.94425 0.01
r 32 0.01 0 9.6631 0.01
r 34 0.01 0 9.37853 0.01
r 36 0.01 0 9.09318 0.01
r 38 0.01 0 8.76911 0.01
r 40 0.01 0 8.46852 0.01
r 42 0.01 0 8.17306 0.01
r 44 0.01 0 7.81976 0.01
r 46 0.01 0 7.50271 0.01
r 48 0.01 0 7.18948 0.01
r 50 0.01 0 6.87461 0.01
r 52 0.01 0 6.54512 0.01
r 54 0.01 0 6.21994 0.01
r 56 0.01 0 5.8887 0.01
r 58 0.01 0 5.54961 0.01
r 60 0.01 0 5.21204 0.01
r 62 0.01 0 4.98971 0.01
r 64 0.01 0 4.0586 0.01
r 66 0.01 0 2.98892 0.01
r 68 0.01 0 1.8877 0.01
r 70 0.01 0 1.3315 0.01
r 72 0.01 0 1.8877 0.01
r 74 0.01 0 2.98893 0.01
r 76 0.01 0 4.05779 0.01
r 78 0.01 0 4.99281 0.01
r 80 0.01 0 5.21364 0.01
