5
s 30 2 31
r 20 0.01 6 5.96844 0.01
r 22 0.01 6 5.32268 0.01
r 24 0.01 6 4.77499 0.01
r 26 0.01 6 4.31451 0.01
r 28 0.01 6 4.04882 0.01
r 30 0.01 6 3.85276 0.01
r 32 0.01 6 4.0486 0.01
r 34 0.01 6 4.29684 0.01
r 36 0.01 6 4.77569 0.01
r 38 0.01 6 5.31742 0.01
r 40 0.01 6 5.92401 0.01
r 42 0.01 6 6.49442 0.01
r 44 0.01 6 7.03224 0.01
r 46 0.01 6 7.61159 0.01
r 48 0.01 6 8.19512 0.01
r 50 0.01 6 8.77964 0.01
r 52 0.01 6 9.35538 0.01
r 54 0.01 6 9.91524 0.01
r 56 0.01 6 10.4654 0.01
r 58 0.01 6 11.0138 0.01
r 60 0.01 6 11.5678 0.01
r 62 0.01 6 12.1184 0.01
r 64 0.01 6 12.6596 0.01
r 66 0.01 6 13.1903 0.01
r 68 0.01 6 13.7034 0.01
r 70 0.01 6 14.1838 0.01
r 72 0.01 6 14.6763 0.01
r 74 0.01 6 15.1701 0.01
r 76 0.01 6 15.6781 0.01
r 78 0.01 6 16.1581 0.01
r 80 0.01 6 16.6933 0.01
s 40 2 31
r 20 0.01 6 8.77877 0.01
r 22 0.01 6 8.19673 0.01
r 24 0.01 6 7.61753 0.01
r 26 0.01 6 7.03239 0.01
r 28 0.01 6 6.46669 0.01
r 30 0.01 6 5.94876 0.01
r 32 0.01 6 5.3129 0.01
r 34 0.01 6 4.76821 0.01
r 36 0.01 6 4.29503 0.01
r 38 0.01 6 4.02733 0.01
r 40 0.01 6 3.84976 0.01
r 42 0.01 6 3.97197 0.01
r 44 0.01 6 4.31303 0.01
r 46 0.01 6 4.84357 0.01
r 48 0.01 6 5.31351 0.01
r 50 0.01 6 5.90703 0.01
r 52 0.01 6 6.46237 0.01
r 54 0.01 6 7.04617 0.01
r 56 0.01 6 7.62636 0.01
r 58 0.01 6 8.20998 0.01
r 60 0.01 6 8.7961 0.01
r 62 0.01 6 9.37299 0.01
r 64 0.01 6 9.93241 0.01
r 66 0.01 6 10.4767 0.01
r 68 0.01 6 11.0203 0.01
r 70 0.01 6 11.5681 0.01
r 72 0.01 6 12.1098 0.01
r 74 0.01 6 12.658 0.01
r 76 0.01 6 13.1993 0.01
r 78 0.01 6 13.7199 0.01
r 80 0.01 6 14.2284 0.01
s 50 2 31
r 20 0.01 6 11.5747 0.01
r 22 0.01 6 11.0201 0.01
r 24 0.01 6 10.477 0.01
r 26 0.01 6 9.9138 0.01
r 28 0.01 6 9.35368 0.01
r 30 0.01 6 8.78238 0.01
r 32 0.01 6 8.20148 0.01
r 34 0.01 6 7.62312 0.01
r 36 0.01 6 7.04678 0.01
r 38 0.01 6 6.46349 0.01
r 40 0.01 6 5.94043 0.01
r 42 0.01 6 5.31077 0.01
r 44 0.01 6 4.76833 0.01
r 46 0.01 6 4.30705 0.01
r 48 0.01 6 4.03905 0.01
r 50 0.01 6 3.84736 0.01
r 52 0.01 6 4.04132 0.01
r 54 0.01 6 4.29536 0.01
r 56 0.01 6 4.77209 0.01
r 58 0.01 6 5.30904 0.01
r 60 0.01 6 5.94066 0.01
r 62 0.01 6 6.46253 0.01
r 64 0.01 6 7.04737 0.01
r 66 0.01 6 7.62963 0.01
r 68 0.01 6 8.21125 0.01
r 70 0.01 6 8.78745 0.01
r 72 0.01 6 9.34869 0.01
r 74 0.01 6 9.90925 0.01
r 76 0.01 6 10.4684 0.01
r 78 0.01 6 11.0178 0.01
r 80 0.01 6 11.5849 0.01
s 60 2 31
r 20 0.01 6 14.2247 0.01
r 22 0.01 6 13.7279 0.01
r 24 0.01 6 13.1947 0.01
r 26 0.01 6 12.6518 0.01
r 28 0.01 6 12.1233 0.01
r 30 0.01 6 11.5756 0.01
r 32 0.01 6 11.0262 0.01
r 34 0.01 6 10.4744 0.01
r 36 0.01 6 9.93001 0.01
r 38 0.01 6 9.37324 0.01
r 40 0.01 6 8.79585 0.01
r 42 0.01 6 8.21015 0.01
r 44 0.01 6 7.6275 0.01
r 46 0.01 6 7.04703 0.01
r 48 0.01 6 6.46216 0.01
r 50 0.01 6 5.90696 0.01
r 52 0.01 6 5.31149 0.01
r 54 0.01 6 4.84563 0.01
r 56 0.01 6 4.30563 0.01
r 58 0.01 6 3.97209 0.01
r 60 0.01 6 3.84912 0.01
r 62 0.01 6 4.0436 0.01
r 64 0.01 6 4.31331 0.01
r 66 0.01 6 4.77009 0.01
r 68 0.01 6 5.31231 0.01
r 70 0.01 6 5.94768 0.01
r 72 0.01 6 6.49307 0.01
r 74 0.01 6 7.03812 0.01
r 76 0.01 6 7.61475 0.01
r 78 0.01 6 8.19443 0.01
r 80 0.01 6 8.78369 0.01
s 70 2 31
r 20 0.01 6 16.6583 0.01
r 22 0.01 6 16.1696 0.01
r 24 0.01 6 15.6722 0.01
r 26 0.01 6 15.1785 0.01
r 28 0.01 6 14.6768 0.01
r 30 0.01 6 14.184 0.01
r 32 0.01 6 13.7115 0.01
r 34 0.01 6 13.1886 0.01
r 36 0.01 6 12.6554 0.01
r 38 0.01 6 12.1164 0.01
r 40 0.01 6 11.5644 0.01
r 42 0.01 6 11.007 0.01
r 44 0.01 6 10.4585 0.01
r 46 0.01 6 9.91207 0.01
r 48 0.01 6 9.35298 0.01
r 50 0.01 6 8.78315 0.01
r 52 0.01 6 8.20356 0.01
r 54 0.01 6 7.61891 0.01
r 56 0.01 6 7.04077 0.01
r 58 0.01 6 6.49775 0.01
r 60 0.01 6 5.92304 0.01
r 62 0.01 6 5.31666 0.01
r 64 0.01 6 4.80013 0.01
r 66 0.01 6 4.33172 0.01
r 68 0.01 6 4.04738 0.01
r 70 0.01 6 3.85271 0.01
r 72 0.01 6 4.04873 0.01
r 74 0.01 6 4.30173 0.01
r 76 0.01 6 4.77832 0.01
r 78 0.01 6 5.32863 0.01
r 80 0.01 6 5.96679 0.01
