63 81 1.5 0.33
0 2 4 6 8 10 12 14 16 18 20 22 24 26 28 30 32 34 36 38 40 42 44 46 48 50 52 54 56 58 60 62 64 66 68 70 72 74 76 78 80 82 84 86 88 90 92 94 96 98 100 102 104 106 108 110 112 114 116 118 120 122 124 
0 0 0 0 0 0 0 0 0 0 0 0 0 0 0 0 0 0 0 0 0 0 0 0 0 0 0 0 0 0 0 0 0 0 0 0 0 0 0 0 0 0 0 0 0 0 0 0 0 0 0 0 0 0 0 0 0 0 0 0 0 0 0 
0 0.2 0.4 0.6 0.8 1 1.2 1.4 1.6 1.8 2 2.2 2.4 2.6 2.8 3 3.2 3.4 3.6 3.8 4 4.2 4.4 4.6 4.8 5 5.2 5.4 5.6 5.8 6 6.2 6.4 6.6 6.8 7 7.2 7.4 7.6 7.8 8 8.2 8.4 8.6 8.8 9 9.2 9.4 9.6 9.8 10 10.2 10.4 10.6 10.8 11 11.2 11.4 11.6 11.8 12 12.2 12.4 12.6 12.8 13 13.2 13.4 13.6 13.8 14 14.2 14.4 14.6 14.8 15 15.2 15.4 15.6 15.8 16 
1.5 1.5 1.5 1.5 1.5 1.5 1.5 1.5 1.5 1.5 2 1.60726 4.63652 4.6431 4.65105 4.66167 4.67193 4.6824 4.69148 4.70117 4.71106 4.72013 4.72823 4.73755 4.74595 4.75479 4.76293 4.7704 4.77932 4.7873 4.79548 4.80328 4.81117 4.81908 4.82777 4.83516 4.84295 4.85101 4.85919 4.86786 4.87566 4.8838 4.89249 4.9011 4.90911 4.91898 4.92801 4.93734 4.94686 4.95578 4.96639 4.97641 4.98662 4.99707 5.00758 5.01833 5.0292 5.04026 5.05146 5.06282 5.07418 5.08585 5.09739 5.10906 5.12084 5.13267 5.14462 5.15648 5.16847 5.18041 5.19219 5.20415 5.21591 5.22797 5.23944 5.2517 5.26323 5.27474 5.28725 5.29872 5.30838 
1.5 1.5 1.5 1.5 1.5 1.5 1.5 1.5 1.5 1.5 2 1.59737 1.63819 4.60591 4.61497 4.62719 4.63882 4.65116 4.66025 4.67079 4.68143 4.69132 4.70086 4.71101 4.72056 4.7305 4.73974 4.74868 4.75835 4.76735 4.77669 4.78541 4.79435 4.80313 4.81242 4.82077 4.82943 4.83823 4.84708 4.85629 4.86472 4.87346 4.88257 4.89167 4.90014 4.91024 4.91957 4.92925 4.93892 4.94809 4.95881 4.96894 4.97924 4.98972 5.00034 5.01097 5.02185 5.03272 5.04383 5.05504 5.06613 5.07757 5.0889 5.09985 5.11171 5.12325 5.13474 5.14641 5.15774 5.16949 5.18109 5.19284 5.20405 5.2159 5.22739 5.23937 5.2499 5.26333 5.27378 5.28385 5.29826 
1.5 1.5 1.5 1.5 1.5 1.5 1.5 1.5 1.5 1.5 2 1.59106 1.61915 1.66198 4.58573 4.59922 4.61488 4.62342 4.63451 4.64535 4.65638 4.66801 4.67655 4.68694 4.69699 4.70747 4.71846 4.72667 4.73681 4.74623 4.7561 4.7658 4.77476 4.78408 4.79407 4.80261 4.81181 4.82092 4.8301 4.83976 4.84858 4.85845 4.86713 4.87645 4.88585 4.8955 4.9051 4.91496 4.9249 4.93448 4.94508 4.95544 4.96599 4.97664 4.987 4.99852 5.00968 5.02093 5.03236 5.04338 5.05544 5.06733 5.07917 5.09102 5.10258 5.11494 5.127 5.13914 5.15125 5.16302 5.17523 5.18732 5.19907 5.21069 5.22282 5.23462 5.24654 5.25967 5.27004 5.28005 5.29606 
1.5 1.5 1.5 1.5 1.5 1.5 1.5 1.5 1.5 1.5 2 1.57417 1.6056 1.64723 4.5677 4.57825 4.5923 4.6032 4.61401 4.62648 4.63576 4.64601 4.65605 4.66656 4.67796 4.68733 4.69742 4.70714 4.71759 4.72839 4.73771 4.74774 4.75781 4.76791 4.77866 4.78815 4.79825 4.80848 4.8188 4.82962 4.83961 4.8506 4.86054 4.87117 4.88185 4.89248 4.90356 4.91412 4.92501 4.93599 4.94711 4.95801 4.96929 4.98057 4.99167 5.00337 5.01451 5.02636 5.03756 5.04917 5.06116 5.07263 5.08485 5.09661 5.10846 5.12019 5.13176 5.14405 5.15551 5.1678 5.17964 5.19122 5.20344 5.21407 5.22703 5.23775 5.24972 5.26216 5.27294 5.2869 5.29749 
1.5 1.5 1.5 1.5 1.5 1.5 1.5 1.5 1.5 1.5 2 1.56045 1.59235 1.641 4.54731 4.55845 4.56992 4.58315 4.59375 4.60403 4.61372 4.62393 4.63563 4.64602 4.65594 4.66587 4.67621 4.68744 4.69793 4.70773 4.7179 4.72859 4.73982 4.75064 4.76072 4.77182 4.78279 4.79426 4.80543 4.81641 4.82811 4.83974 4.85143 4.86309 4.87469 4.88653 4.89844 4.91065 4.92254 4.93464 4.94653 4.9587 4.97076 4.98276 4.99487 5.00703 5.01916 5.03124 5.04316 5.05535 5.06737 5.07928 5.09132 5.10341 5.11541 5.12728 5.13893 5.15076 5.16299 5.17484 5.18653 5.19795 5.20985 5.22153 5.23351 5.24444 5.25685 5.26785 5.28083 5.2924 5.30296 
1.5 1.5 1.5 1.5 1.5 1.5 1.5 1.5 1.5 1.5 2 1.54104 1.57438 4.50791 4.52329 4.53421 4.54262 4.55284 4.56497 4.57486 4.58673 4.59723 4.60805 4.61867 4.62956 4.64115 4.65223 4.66356 4.67496 4.68616 4.69824 4.70996 4.722 4.73406 4.74584 4.75877 4.77117 4.78374 4.79645 4.8088 4.82234 4.83526 4.84854 4.86177 4.87538 4.88837 4.90168 4.91512 4.92849 4.94262 4.95539 4.96881 4.9822 4.99549 5.00876 5.02186 5.03507 5.04821 5.0611 5.07397 5.08673 5.09943 5.11213 5.12463 5.13711 5.14943 5.16187 5.17394 5.18609 5.19798 5.2099 5.22175 5.2339 5.24558 5.25704 5.26823 5.28069 5.29047 5.30353 5.31507 5.32565 
1.5 1.5 1.5 1.5 1.5 1.5 1.5 1.5 1.5 1.5 2 1.52016 1.557 4.4715 4.48662 4.49579 4.50335 4.51708 4.52694 4.53717 4.54901 4.55977 4.57077 4.58283 4.59363 4.60577 4.61757 4.62986 4.64217 4.65452 4.66755 4.68041 4.69369 4.70714 4.72038 4.73465 4.74825 4.76257 4.77664 4.7906 4.80559 4.81992 4.83478 4.8494 4.86499 4.87894 4.89376 4.90857 4.92344 4.93919 4.95283 4.96746 4.98218 4.99662 5.01099 5.0251 5.03937 5.05377 5.06724 5.08109 5.09467 5.10803 5.12134 5.1346 5.14765 5.16058 5.1734 5.18615 5.19837 5.21077 5.22293 5.23506 5.24721 5.25962 5.27092 5.28282 5.2948 5.30496 5.31739 5.33032 5.33946 
1.5 1.5 1.5 1.5 1.5 1.5 1.5 1.5 1.5 1.5 2 1.49735 1.53031 1.55701 1.58428 4.42277 4.43082 4.44246 4.45735 4.47016 4.48082 4.4928 4.50513 4.51702 4.52979 4.54278 4.55615 4.57035 4.5839 4.59768 4.6124 4.62701 4.64157 4.65695 4.67197 4.68789 4.70339 4.71916 4.73492 4.75055 4.76698 4.78307 4.79932 4.81561 4.8332 4.84815 4.86429 4.88058 4.89673 4.91407 4.92871 4.94476 4.96034 4.97601 4.99137 5.00664 5.02226 5.03695 5.05163 5.06632 5.08064 5.09519 5.10872 5.12262 5.13633 5.14991 5.16315 5.17629 5.1892 5.20204 5.21469 5.22704 5.23931 5.25265 5.26393 5.27649 5.2882 5.29941 5.31098 5.32542 5.33393 
1.5 1.5 1.5 1.5 1.5 1.5 1.5 1.5 1.5 1.5 2 1.47422 1.5067 1.53121 1.56153 1.59262 4.35358 4.36711 4.38666 4.4011 4.41388 4.4276 4.44136 4.45507 4.4691 4.48465 4.49964 4.51709 4.53161 4.54868 4.56597 4.58287 4.60009 4.61741 4.63513 4.65318 4.67102 4.68888 4.70684 4.72464 4.74276 4.76058 4.77831 4.79628 4.81588 4.83158 4.84913 4.8663 4.8839 4.90272 4.91806 4.93494 4.95188 4.96819 4.98448 5.0005 5.01665 5.03278 5.04795 5.06342 5.07854 5.09353 5.10805 5.12269 5.13697 5.15123 5.16526 5.17901 5.19264 5.2061 5.21936 5.23228 5.24487 5.25876 5.2703 5.28401 5.29567 5.30797 5.31911 5.33477 5.34387 
1.5 1.5 1.5 1.5 1.5 1.5 1.5 1.5 1.5 1.5 2 1.45046 1.48347 1.50658 1.53783 1.56747 4.28031 4.29833 4.3153 4.33392 4.35062 4.36644 4.3825 4.39828 4.41375 4.43234 4.45002 4.4698 4.48914 4.50896 4.5292 4.54921 4.56944 4.58994 4.61063 4.63147 4.65209 4.67278 4.69334 4.71198 4.73377 4.75372 4.77333 4.79272 4.81471 4.83126 4.85005 4.86879 4.88702 4.90533 4.92291 4.9407 4.95796 4.97573 4.99267 5.00908 5.02583 5.04219 5.05828 5.0743 5.09013 5.1058 5.12096 5.13631 5.15095 5.16589 5.18048 5.19489 5.20944 5.22318 5.23699 5.25038 5.26332 5.27715 5.29062 5.30403 5.31707 5.3292 5.34199 5.35771 5.36827 
1.5 1.5 1.5 1.5 1.5 1.5 1.5 1.5 1.5 1.5 2 1.42632 1.45822 1.48556 1.51046 4.20778 4.21947 4.23278 4.25364 4.274 4.29641 4.31478 4.33308 4.35131 4.37045 4.39052 4.41257 4.43602 4.45812 4.48099 4.50509 4.52833 4.55135 4.57485 4.59821 4.62258 4.64564 4.66963 4.69284 4.7156 4.73836 4.75964 4.78205 4.80265 4.82528 4.84437 4.86469 4.88464 4.90393 4.92552 4.9419 4.96042 4.97835 4.9964 5.01384 5.03131 5.04852 5.0654 5.08196 5.09853 5.11468 5.13082 5.14658 5.16214 5.17763 5.19278 5.20803 5.22285 5.23772 5.25253 5.26706 5.28097 5.29445 5.30805 5.32271 5.33599 5.35066 5.36328 5.3785 5.39329 5.40626 
1.5 1.5 1.5 1.5 1.5 1.5 1.5 1.5 1.5 1.5 2 1.39937 1.43094 1.46074 1.48382 4.11536 4.12446 4.13478 4.16248 4.17772 4.21148 4.23337 4.25749 4.28065 4.30036 4.32965 4.35689 4.38917 4.4129 4.442 4.47006 4.49747 4.52478 4.55206 4.57621 4.60629 4.63311 4.6596 4.68558 4.70871 4.73602 4.76028 4.78426 4.80738 4.83414 4.85252 4.87396 4.89509 4.9154 4.9381 4.95492 4.97401 4.99237 5.01074 5.02859 5.04594 5.06326 5.08011 5.09682 5.11339 5.12992 5.1464 5.16225 5.17806 5.19362 5.20896 5.22449 5.23971 5.25492 5.27015 5.28537 5.29972 5.31338 5.32773 5.34214 5.35541 5.37076 5.38546 5.39913 5.41573 5.43329 
1.5 1.5 1.5 1.5 1.5 1.5 1.5 1.5 1.5 1.5 2 1.37512 1.40576 1.43489 1.45523 4.01468 3.99254 4.0112 4.06613 4.11141 4.14239 4.16607 4.19027 4.21351 4.23971 4.2668 4.29786 4.33839 4.36523 4.39775 4.43018 4.46242 4.49386 4.52547 4.55308 4.58823 4.619 4.64913 4.67814 4.70378 4.73439 4.76124 4.78774 4.8131 4.84266 4.86206 4.88519 4.90777 4.92897 4.9531 4.97019 4.98977 5.00871 5.02705 5.04519 5.0627 5.08 5.09685 5.11339 5.12979 5.14628 5.16265 5.17865 5.19463 5.21017 5.22535 5.241 5.25649 5.2718 5.28737 5.30296 5.31749 5.33176 5.3463 5.36057 5.3748 5.39048 5.40505 5.42001 5.43692 5.45846 
1.5 1.5 1.5 1.5 1.5 1.5 1.5 1.5 1.5 1.5 2 1.35385 1.38297 1.41094 1.43332 1.44782 3.95007 3.89607 3.90671 4.00345 4.07611 4.10531 4.13734 4.16349 4.19151 4.22041 4.24912 4.29259 4.32087 4.35879 4.39435 4.42819 4.46167 4.49535 4.52436 4.56175 4.59419 4.62653 4.65809 4.68632 4.72001 4.74917 4.77772 4.80498 4.83618 4.85702 4.8817 4.90574 4.92887 4.95506 4.97242 4.99283 5.01273 5.03174 5.05058 5.06842 5.08575 5.10283 5.11937 5.13588 5.15209 5.16811 5.18405 5.20001 5.21558 5.23079 5.24652 5.26191 5.2773 5.29285 5.30878 5.32347 5.33835 5.35285 5.36655 5.38057 5.3971 5.41023 5.42617 5.441 5.46413 
1.5 1.5 1.5 1.5 1.5 1.5 1.5 1.5 1.5 1.5 2 1.3351 1.36359 1.38985 1.41359 1.43105 1.452 1.47727 4.00292 3.99066 4.08064 4.10781 4.13903 4.17348 4.20196 4.22827 4.25719 4.28579 4.31119 4.34468 4.3781 4.40849 4.44102 4.47432 4.50111 4.53551 4.56623 4.5983 4.62975 4.65663 4.68999 4.71907 4.74882 4.77754 4.81132 4.83409 4.86047 4.8859 4.9105 4.93881 4.95717 4.97898 5.00024 5.02009 5.03952 5.05837 5.07664 5.09435 5.1113 5.12807 5.14445 5.16077 5.17681 5.19269 5.20825 5.2234 5.23878 5.25421 5.26961 5.28488 5.30057 5.31525 5.32981 5.34491 5.35898 5.37253 5.38915 5.40403 5.41985 5.43026 5.45547 
1.5 1.5 1.5 1.5 1.5 1.5 1.5 1.5 1.5 1.5 2 1.2932 1.31951 1.34408 1.3667 1.38152 1.39481 1.39827 4.01158 4.04026 4.05849 4.09722 4.14285 4.1764 4.20292 4.2386 4.26555 4.30302 4.32524 4.35702 4.38908 4.42365 4.45473 4.48499 4.51158 4.54882 4.58093 4.60995 4.63776 4.66291 4.69771 4.7282 4.75697 4.783 4.81363 4.83571 4.86261 4.88863 4.91436 4.943 4.96208 4.98465 5.00726 5.02799 5.04842 5.06813 5.08731 5.10607 5.12374 5.14095 5.15804 5.17494 5.19177 5.20815 5.22404 5.23929 5.25463 5.26998 5.28532 5.30038 5.31587 5.33112 5.34585 5.35986 5.3754 5.38604 5.40543 5.41784 5.43588 5.44472 5.46362 
1.5 1.5 1.5 1.5 1.5 1.5 1.5 1.5 1.5 1.5 2 1.31565 1.34389 1.36966 1.39378 1.41794 1.43529 3.98296 4.03844 4.04961 4.04779 4.0797 4.10904 4.15943 4.18701 4.22839 4.26371 4.30289 4.32729 4.36435 4.39924 4.43265 4.46962 4.50636 4.5338 4.56821 4.60026 4.63482 4.66501 4.69163 4.72265 4.74853 4.77642 4.80591 4.83749 4.85836 4.88246 4.90555 4.92933 4.95706 4.97785 5.00134 5.02404 5.04533 5.06661 5.09057 5.10836 5.12868 5.14779 5.16611 5.18371 5.2011 5.21818 5.23534 5.25169 5.26703 5.28285 5.29809 5.31318 5.32787 5.34309 5.35681 5.37058 5.38538 5.39951 5.41129 5.43133 5.43998 5.45597 5.47424 5.48995 
1.5 1.5 1.5 1.5 1.5 1.5 1.5 1.5 1.5 1.5 2 1.3121 1.34005 1.36578 1.38782 1.41552 1.43478 4.05074 4.055 4.18061 4.09595 4.13666 4.17425 4.1955 4.22902 4.26165 4.28915 4.31799 4.33883 4.3656 4.39415 4.42953 4.45951 4.49933 4.53203 4.56673 4.59703 4.63247 4.66349 4.69256 4.72647 4.75529 4.78048 4.80693 4.83839 4.86255 4.88896 4.9154 4.93959 4.96504 4.98338 5.00714 5.03096 5.05409 5.07556 5.09675 5.11664 5.13761 5.15755 5.17663 5.19466 5.21225 5.22944 5.24867 5.26236 5.27861 5.2938 5.30911 5.32425 5.33908 5.35478 5.36947 5.3835 5.39677 5.41085 5.42115 5.43762 5.45532 5.46785 5.48799 5.50351 
1.5 1.5 1.5 1.5 1.5 1.5 1.5 1.5 1.5 1.5 2 1.31337 1.34108 1.36712 1.39159 1.41705 1.43694 4.05376 4.0264 4.13789 4.1145 4.14763 4.17715 4.21716 4.25676 4.28876 4.3127 4.34789 4.3729 4.40213 4.42684 4.45368 4.47252 4.50055 4.52452 4.56037 4.59004 4.62296 4.65415 4.6793 4.7215 4.75391 4.78397 4.80916 4.83531 4.85864 4.88825 4.91385 4.9404 4.97315 4.99308 5.01445 5.0372 5.05976 5.08168 5.10802 5.12656 5.14651 5.16475 5.18286 5.20114 5.22028 5.23888 5.25535 5.27135 5.28761 5.30311 5.31829 5.33364 5.34846 5.36322 5.37872 5.39407 5.40747 5.42461 5.43593 5.4494 5.46578 5.47998 5.49663 5.51027 
1.5 1.5 1.5 1.5 1.5 1.5 1.5 1.5 1.5 1.5 2 1.31698 1.3451 1.37051 1.39511 1.41984 1.44213 1.46254 4.07854 4.09894 4.12356 4.14641 4.1884 4.23064 4.2581 4.29682 4.32804 4.36349 4.38468 4.4169 4.43963 4.47188 4.50101 4.53125 4.5477 4.56961 4.59031 4.6177 4.63879 4.66226 4.68925 4.72549 4.75958 4.79375 4.82625 4.84673 4.86924 4.90271 4.92513 4.9547 4.98305 5.01139 5.02762 5.0523 5.07327 5.09727 5.11435 5.13655 5.16103 5.17888 5.1942 5.2091 5.22723 5.24803 5.26473 5.27983 5.29721 5.31255 5.32861 5.34304 5.35861 5.37395 5.38943 5.40338 5.41682 5.43188 5.44673 5.46271 5.47487 5.49386 5.51269 
1.5 1.5 1.5 1.5 1.5 1.5 1.5 1.5 1.5 1.5 2 1.30203 1.32919 1.35439 1.3785 1.40266 1.42615 1.44202 1.4551 4.11109 4.14232 4.14739 4.1948 4.23266 4.27321 4.30634 4.3346 4.37491 4.39732 4.42401 4.45251 4.48109 4.51418 4.54424 4.56711 4.58538 4.60472 4.62105 4.64481 4.66573 4.68623 4.70838 4.74185 4.76308 4.79952 4.81708 4.84942 4.88303 4.90183 4.92769 4.95837 4.98639 5.01588 5.04055 5.06307 5.08213 5.10211 5.12537 5.14685 5.16738 5.18606 5.20148 5.21996 5.23336 5.25134 5.26875 5.28664 5.30285 5.31942 5.33598 5.35117 5.36629 5.38165 5.39596 5.41048 5.42452 5.44296 5.45559 5.47415 5.4956 5.51043 
1.5 1.5 1.5 1.5 1.5 1.5 1.5 1.5 1.5 1.5 2 1.32864 1.35643 1.38262 1.40788 1.43276 1.45706 1.48026 1.50257 1.52601 4.07826 4.07128 4.11881 4.16448 4.21793 4.26327 4.30064 4.34606 4.36488 4.39381 4.42935 4.46532 4.5018 4.52607 4.56051 4.59125 4.60403 4.61968 4.63524 4.66783 4.68774 4.71235 4.73874 4.75146 4.78335 4.79533 4.81675 4.85015 4.87525 4.89832 4.9195 4.9523 4.9693 5.00898 5.03786 5.0605 5.08117 5.09765 5.11668 5.14103 5.16521 5.18644 5.20637 5.22414 5.23854 5.25422 5.27193 5.29244 5.31077 5.32844 5.34455 5.36094 5.37642 5.38929 5.4055 5.42321 5.43659 5.45305 5.46504 5.49179 5.5117 
1.5 1.5 1.5 1.5 1.5 1.5 1.5 1.5 1.5 1.5 2 1.33211 1.36095 1.38635 1.4118 1.43689 1.4617 1.48348 1.50588 4.09884 4.15554 4.16546 4.16262 4.19149 4.25468 4.28901 4.31566 4.35039 4.38117 4.42326 4.45569 4.48556 4.51671 4.53976 4.5721 4.60943 4.62312 4.64268 4.64882 4.66889 4.70675 4.73136 4.74919 4.76832 4.79846 4.80298 4.81819 4.84042 4.87138 4.89604 4.9037 4.92598 4.95421 4.99386 5.03062 5.04256 5.067 5.09293 5.12179 5.14276 5.16121 5.18392 5.20902 5.22866 5.24739 5.26627 5.28249 5.3002 5.32215 5.34365 5.35926 5.37926 5.39342 5.40756 5.42351 5.4387 5.45529 5.46739 5.48012 5.5118 5.52362 
1.5 1.5 1.5 1.5 1.5 1.5 1.5 1.5 1.5 1.5 2 1.33537 1.36405 1.39034 1.41554 1.44174 1.46601 1.48608 4.06362 3.99429 4.10696 4.19342 4.18441 4.18794 4.25507 4.33052 4.34094 4.36851 4.39282 4.42041 4.45323 4.48129 4.51385 4.53745 4.56233 4.61041 4.62298 4.64034 4.65905 4.67929 4.71119 4.73908 4.74993 4.78163 4.79932 4.82253 4.83116 4.83678 4.86233 4.90714 4.9186 4.92479 4.94685 4.96744 5.02369 5.04728 5.06098 5.08495 5.10752 5.13945 5.16309 5.19177 5.21316 5.23248 5.2515 5.27132 5.2905 5.30964 5.32915 5.35588 5.37334 5.39063 5.40807 5.42242 5.43727 5.45524 5.46983 5.4866 5.4962 5.52649 5.53913 
1.5 1.5 1.5 1.5 1.5 1.5 1.5 1.5 1.5 1.5 2 1.33817 1.36648 1.39272 1.41796 1.44347 1.46811 1.49047 1.51291 4.09611 4.08345 4.13779 4.1532 4.21317 4.26795 4.32275 4.37127 4.37049 4.39045 4.41392 4.44143 4.4767 4.50195 4.52177 4.54622 4.57649 4.58511 4.61039 4.64358 4.66649 4.68115 4.71495 4.73574 4.75111 4.7714 4.78677 4.81489 4.82329 4.83 4.8669 4.8915 4.91528 4.9193 4.94059 4.98971 5.00562 5.0322 5.06047 5.08279 5.10716 5.13205 5.16517 5.19806 5.21583 5.23614 5.25144 5.26968 5.28959 5.30931 5.33829 5.35769 5.3755 5.3935 5.40993 5.42389 5.44383 5.45849 5.47647 5.48065 5.50942 5.53061 
1.5 1.5 1.5 1.5 1.5 1.5 1.5 1.5 1.5 1.5 2 1.32355 1.35113 1.37653 1.40106 1.42576 1.4507 1.47283 1.49451 1.51188 4.12876 4.26744 4.09834 4.13433 4.22318 4.29657 4.3603 4.36012 4.37522 4.39091 4.42338 4.45576 4.47374 4.49151 4.51995 4.54459 4.56027 4.58317 4.61427 4.63268 4.66011 4.68736 4.70987 4.71813 4.74646 4.75728 4.78709 4.8017 4.81461 4.83339 4.85582 4.88973 4.90359 4.93679 4.96196 4.9824 4.99081 5.03766 5.0643 5.07951 5.11514 5.14058 5.1705 5.20006 5.21444 5.23138 5.24883 5.26632 5.28515 5.31451 5.33691 5.35595 5.37386 5.38947 5.40513 5.42374 5.44338 5.46042 5.4678 5.49843 5.51698 
1.5 1.5 1.5 1.5 1.5 1.5 1.5 1.5 1.5 1.5 2 1.33677 1.36406 1.39038 1.41534 1.44045 1.46555 1.48844 1.51375 1.53554 1.56083 4.08312 4.11896 4.09705 4.09926 4.20124 4.27045 4.31683 4.31923 4.33938 4.37096 4.39999 4.43123 4.45196 4.48605 4.50929 4.53227 4.55661 4.58621 4.59969 4.61491 4.64405 4.67296 4.69267 4.71774 4.73314 4.75977 4.77698 4.79514 4.80719 4.83234 4.86418 4.89961 4.93479 4.94132 4.95784 4.9857 5.00639 5.0499 5.06564 5.09776 5.12285 5.15121 5.1786 5.19372 5.21054 5.22489 5.24793 5.26991 5.28915 5.31543 5.33517 5.35465 5.37007 5.38452 5.40226 5.42079 5.43984 5.44604 5.47986 5.50421 
1.5 1.5 1.5 1.5 1.5 1.5 1.5 1.5 1.5 1.5 2 1.33519 1.36248 1.38859 1.41378 1.43875 1.46355 1.48723 1.51287 1.53535 1.56258 4.03353 3.93864 4.05674 4.07071 4.21002 4.1881 4.26262 4.28331 4.30902 4.33002 4.37547 4.4172 4.4407 4.47285 4.50139 4.52191 4.54104 4.56029 4.58647 4.61027 4.62059 4.65038 4.6799 4.69747 4.72301 4.74516 4.76178 4.78284 4.79788 4.82722 4.87237 4.89872 4.92147 4.93561 4.94795 4.98835 4.99678 5.04787 5.064 5.08861 5.12262 5.14365 5.16377 5.18046 5.20008 5.22164 5.24658 5.26697 5.2844 5.30966 5.32985 5.34895 5.36496 5.37799 5.39712 5.41332 5.43039 5.43466 5.4656 5.48972 
1.5 1.5 1.5 1.5 1.5 1.5 1.5 1.5 1.5 1.5 2 1.3331 1.36047 1.38634 1.41148 1.43649 1.46097 1.4847 1.50999 1.53123 1.55873 4.00128 3.95815 4.01748 4.04232 4.12953 4.22159 4.28174 4.26981 4.30616 4.34257 4.36989 4.4024 4.44357 4.4704 4.48692 4.50964 4.52935 4.55064 4.5797 4.59802 4.61944 4.63173 4.66162 4.68674 4.70977 4.73191 4.75791 4.77646 4.80097 4.8394 4.8699 4.88879 4.91553 4.92891 4.95648 4.98182 4.99908 5.03925 5.06116 5.0863 5.10926 5.12638 5.15008 5.17273 5.19559 5.21815 5.23906 5.2598 5.27703 5.30364 5.32184 5.34021 5.35551 5.36937 5.38872 5.40454 5.4231 5.42709 5.45537 5.47621 
1.5 1.5 1.5 1.5 1.5 1.5 1.5 1.5 1.5 1.5 2 1.33129 1.3577 1.38367 1.40839 1.43267 1.45686 1.48138 1.50479 1.52502 3.92668 3.83278 3.89148 3.96327 4.05352 4.14952 4.20416 4.29895 4.25551 4.30431 4.34576 4.3532 4.39313 4.43696 4.4566 4.48371 4.50836 4.53327 4.55462 4.57523 4.59367 4.62526 4.62275 4.66829 4.69345 4.71883 4.74495 4.76882 4.79373 4.83023 4.85813 4.88421 4.90989 4.92867 4.94388 4.97824 4.98691 5.02752 5.0478 5.06415 5.08807 5.11311 5.13892 5.15976 5.18065 5.20218 5.22204 5.2435 5.26035 5.28268 5.3048 5.32309 5.34098 5.3575 5.37442 5.3945 5.40826 5.42275 5.43189 5.46373 5.48315 
1.5 1.5 1.5 1.5 1.5 1.5 1.5 1.5 1.5 1.5 2 1.3017 1.32784 1.35367 1.37831 1.40235 1.42684 1.4493 1.47401 1.49448 4.07841 4.04651 4.09885 4.14999 4.19244 4.23752 4.26637 4.38234 4.3333 4.37214 4.39136 4.41074 4.42296 4.44419 4.46095 4.48361 4.51392 4.53273 4.5459 4.5624 4.58604 4.61847 4.6233 4.66964 4.69396 4.71478 4.74143 4.77171 4.80632 4.83772 4.85647 4.87921 4.8972 4.92198 4.94861 4.9599 4.99255 5.0128 5.03455 5.05894 5.08425 5.1089 5.1307 5.15197 5.17295 5.19441 5.21447 5.23444 5.25599 5.27893 5.29749 5.31504 5.33398 5.35148 5.36559 5.38264 5.39737 5.41483 5.42841 5.45716 5.47654 
1.5 1.5 1.5 1.5 1.5 1.5 1.5 1.5 1.5 1.5 2 1.34023 1.36647 1.39286 1.4205 1.44517 1.47074 1.49532 1.52061 1.54412 1.57112 1.59465 4.07856 3.96542 4.14221 4.15689 4.22266 4.35178 4.29516 4.3203 4.33104 4.3566 4.37302 4.39269 4.42379 4.44895 4.4636 4.49191 4.51757 4.54297 4.57929 4.5972 4.61385 4.65513 4.68356 4.70559 4.73327 4.76749 4.79066 4.81707 4.83115 4.85237 4.87816 4.89636 4.91601 4.9454 4.96457 4.9867 5.01018 5.03477 5.0583 5.07982 5.10084 5.12263 5.14335 5.16249 5.18431 5.20638 5.2268 5.24645 5.26568 5.28356 5.30234 5.31974 5.33546 5.35124 5.36547 5.38339 5.39696 5.42164 5.44245 
1.5 1.5 1.5 1.5 1.5 1.5 1.5 1.5 1.5 1.5 2 1.34988 1.37678 1.40463 1.43072 1.45783 1.48272 1.50801 1.53383 1.55938 1.58685 1.61158 1.63548 1.66104 4.15069 4.16954 4.27192 4.32561 4.28303 4.28656 4.30646 4.34152 4.35688 4.3765 4.40116 4.42745 4.45007 4.48661 4.50645 4.53363 4.55909 4.57362 4.60911 4.63607 4.66638 4.69044 4.71396 4.73598 4.75641 4.7828 4.80489 4.8257 4.84425 4.87019 4.89343 4.91464 4.93897 4.96415 4.98881 5.01161 5.03405 5.05497 5.07547 5.0961 5.11945 5.14008 5.16054 5.17993 5.19893 5.21773 5.23631 5.25656 5.27213 5.28795 5.30331 5.31798 5.33076 5.35088 5.36651 5.38438 5.41076 
1.5 1.5 1.5 1.5 1.5 1.5 1.5 1.5 1.5 1.5 2 1.36314 1.39052 1.42051 1.44743 1.47341 1.50052 1.52534 1.55243 1.57784 1.60726 1.63044 1.65769 4.06808 3.89017 4.14112 4.1351 4.19567 4.20452 4.23466 4.27211 4.31033 4.3309 4.36143 4.39255 4.43146 4.45981 4.4926 4.51453 4.53557 4.56321 4.59585 4.62202 4.64928 4.67809 4.69685 4.71935 4.74576 4.76918 4.79342 4.8125 4.83833 4.86517 4.88748 4.91312 4.9388 4.9629 4.98616 5.00821 5.03005 5.05006 5.07142 5.09298 5.11469 5.13456 5.15434 5.17348 5.19141 5.20976 5.22822 5.24652 5.26426 5.28141 5.29695 5.31305 5.32464 5.33663 5.35947 5.37106 5.38732 5.40863 
1.5 1.5 1.5 1.5 1.5 1.5 1.5 1.5 1.5 1.5 2 1.38202 1.40753 1.43564 1.46622 1.49309 1.51981 1.54494 1.57267 1.59774 1.62575 1.64865 4.20245 4.35924 4.1855 4.23961 4.24337 4.29377 4.32501 4.35042 4.37688 4.39745 4.41682 4.43514 4.44819 4.47792 4.50351 4.52202 4.54683 4.57316 4.60041 4.6214 4.64366 4.66682 4.69421 4.71324 4.73497 4.75553 4.77878 4.80605 4.82712 4.85057 4.87535 4.89954 4.92236 4.94448 4.96692 4.98944 5.0128 5.0359 5.05881 5.08033 5.10399 5.12295 5.14334 5.16331 5.18261 5.20082 5.21921 5.2383 5.2557 5.27243 5.28859 5.3045 5.31915 5.33048 5.34934 5.36535 5.37771 5.4002 5.42115 
1.5 1.5 1.5 1.5 1.5 1.5 1.5 1.5 1.5 1.5 2 1.37711 1.40518 1.4354 1.46373 1.49117 1.51733 1.54354 1.57099 1.59743 1.62196 1.64814 4.21129 4.20355 4.28978 4.27221 4.27395 4.3178 4.34121 4.35819 4.37869 4.39559 4.4121 4.43326 4.45402 4.47692 4.49906 4.52571 4.54934 4.56846 4.59539 4.61899 4.64257 4.66551 4.69123 4.71277 4.73874 4.7649 4.78986 4.81881 4.83987 4.86352 4.88653 4.90921 4.93244 4.95543 4.97839 5.00098 5.0226 5.04372 5.06439 5.08451 5.10461 5.1242 5.1433 5.16219 5.18025 5.19755 5.21527 5.23325 5.25029 5.26673 5.28272 5.29776 5.31416 5.32698 5.34269 5.357 5.37351 5.39126 5.41238 
1.5 1.5 1.5 1.5 1.5 1.5 1.5 1.5 1.5 1.5 2 1.43685 1.46412 1.49497 1.52765 1.55638 1.58571 1.61363 1.64338 1.67134 1.69971 1.72612 1.76136 4.17493 4.19755 4.20983 4.24522 4.2782 4.2971 4.31212 4.33286 4.35617 4.38047 4.40694 4.42915 4.4599 4.48651 4.51146 4.53627 4.55742 4.58464 4.61006 4.63689 4.66451 4.69615 4.71839 4.74255 4.76952 4.79341 4.82145 4.84159 4.86523 4.88849 4.91099 4.93327 4.9548 4.9756 4.99618 5.01632 5.03556 5.055 5.07416 5.09315 5.11138 5.1292 5.14657 5.16372 5.18073 5.19781 5.21516 5.23183 5.24804 5.26307 5.27783 5.29535 5.30617 5.32256 5.33871 5.35596 5.37171 5.39512 
1.5 1.5 1.5 1.5 1.5 1.5 1.5 1.5 1.5 1.5 2 1.46841 1.4993 1.5322 1.56439 1.59471 1.62532 1.65446 1.68509 1.71437 1.74457 1.77353 1.8119 4.1139 4.03734 4.11492 4.20109 4.22647 4.24062 4.26826 4.30147 4.3325 4.36312 4.39177 4.41552 4.45139 4.48039 4.50843 4.53762 4.56432 4.59785 4.62612 4.65389 4.68119 4.71231 4.73394 4.75962 4.78449 4.8087 4.8364 4.85553 4.87802 4.90254 4.92127 4.94224 4.96225 4.98221 5.00165 5.0206 5.03892 5.05706 5.07503 5.09244 5.10987 5.12675 5.1435 5.15984 5.1773 5.19277 5.20915 5.2254 5.24089 5.25611 5.27155 5.28777 5.30015 5.31567 5.33043 5.34785 5.35978 5.3858 
1.5 1.5 1.5 1.5 1.5 1.5 1.5 1.5 1.5 1.5 2 1.50547 1.53861 1.5722 1.60421 1.63677 1.66839 1.69911 1.73134 1.76224 1.79305 1.82458 1.86175 1.89196 1.9192 4.23491 4.22211 4.26241 4.29613 4.32359 4.34656 4.3678 4.39115 4.41635 4.43825 4.46801 4.49498 4.5221 4.54882 4.57199 4.60047 4.62546 4.65051 4.67513 4.70348 4.7232 4.74644 4.76938 4.79356 4.81641 4.83478 4.85584 4.8763 4.89624 4.91625 4.93532 4.95442 4.97308 4.99107 5.00933 5.02709 5.04454 5.06184 5.07887 5.09559 5.11224 5.1284 5.14478 5.16131 5.17726 5.19327 5.20837 5.22374 5.23938 5.25444 5.26902 5.28358 5.29894 5.31752 5.32608 5.35159 
1.5 1.5 1.5 1.5 1.5 1.5 1.5 1.5 1.5 1.5 2 1.54181 1.57637 1.61064 1.64521 1.67683 1.71044 1.74374 1.77626 1.80831 1.84128 1.87347 1.90797 1.94141 1.97244 2.0031 4.29858 4.31021 4.33268 4.35543 4.37957 4.40355 4.42609 4.44804 4.46703 4.49207 4.51415 4.53736 4.56084 4.58395 4.60723 4.63014 4.65293 4.67537 4.70093 4.71982 4.74134 4.76294 4.78377 4.80716 4.82476 4.84467 4.86437 4.88364 4.90283 4.92124 4.93947 4.95738 4.97495 4.99244 5.00981 5.02778 5.04371 5.06048 5.07691 5.09341 5.10929 5.1255 5.1417 5.15725 5.1731 5.1882 5.20301 5.21835 5.23276 5.24799 5.25998 5.27736 5.29402 5.30256 5.32734 
1.5 1.5 1.5 1.5 1.5 1.5 1.5 1.5 1.5 1.5 2 1.57782 1.61302 1.64859 1.68303 1.71782 1.75246 1.78587 1.82006 1.85418 1.88803 1.92124 1.95115 1.98838 4.31881 4.33851 4.36035 4.38077 4.39903 4.41815 4.43764 4.45703 4.47651 4.49631 4.51383 4.53791 4.55942 4.58091 4.60215 4.62405 4.64515 4.66653 4.6879 4.70901 4.73294 4.75082 4.77114 4.79154 4.81143 4.83319 4.84995 4.8688 4.88752 4.90572 4.92396 4.94153 4.959 4.97622 4.99322 5.01033 5.027 5.04362 5.05996 5.07638 5.09267 5.10882 5.12473 5.14077 5.15683 5.17232 5.18808 5.20322 5.21818 5.23309 5.24789 5.26203 5.27547 5.29237 5.30622 5.31788 5.33907 
1.5 1.5 1.5 1.5 1.5 1.5 1.5 1.5 1.5 1.5 2 1.60684 1.6436 1.68007 1.71575 1.75197 1.7871 1.82267 1.85843 1.89292 1.92838 1.9635 1.99473 4.35834 4.37494 4.3922 4.41019 4.42859 4.44516 4.46263 4.4803 4.49812 4.51602 4.53396 4.55121 4.57281 4.59228 4.61214 4.63169 4.64969 4.67103 4.69077 4.71036 4.72981 4.7516 4.7685 4.78752 4.80648 4.82518 4.84564 4.86168 4.87945 4.89722 4.91485 4.93275 4.94931 4.96624 4.98303 4.99966 5.01637 5.03247 5.04879 5.06494 5.08105 5.09712 5.11285 5.12856 5.14422 5.15977 5.17504 5.19051 5.20549 5.22036 5.23415 5.24909 5.26237 5.27607 5.29175 5.30465 5.31845 5.3349 
1.5 1.5 1.5 1.5 1.5 1.5 1.5 1.5 1.5 1.5 2 1.63507 1.67297 1.70996 1.74669 1.78407 1.8203 1.85718 1.89366 1.931 1.96595 2.00254 2.03594 2.06934 2.10759 4.42385 4.43501 4.45359 4.46848 4.48354 4.49918 4.51468 4.53031 4.54588 4.56026 4.57792 4.59474 4.61215 4.62931 4.64539 4.66403 4.68158 4.69904 4.71654 4.73584 4.75171 4.76926 4.78657 4.80394 4.82291 4.83827 4.85511 4.87229 4.88872 4.90543 4.92203 4.9385 4.95471 4.97096 4.98719 5.00296 5.01885 5.03452 5.05026 5.06586 5.08127 5.09645 5.1116 5.1267 5.14151 5.15632 5.17057 5.18481 5.19821 5.21248 5.22583 5.23874 5.25368 5.26617 5.28053 5.29284 
1.5 1.5 1.5 1.5 1.5 1.5 1.5 1.5 1.5 1.5 2 1.6591 1.69793 1.73606 1.7742 1.81279 1.85072 1.88871 1.92611 1.96341 2.00112 2.03859 2.07478 2.11179 2.15137 2.18764 4.46121 4.47658 4.49016 4.50398 4.51788 4.53206 4.54616 4.56021 4.57344 4.58917 4.60373 4.61936 4.63484 4.64969 4.66646 4.68247 4.69853 4.71452 4.73198 4.74707 4.76337 4.77953 4.79583 4.81344 4.82829 4.84435 4.86064 4.87668 4.89267 4.90864 4.92453 4.94025 4.95592 4.97162 4.98698 5.00239 5.01756 5.03267 5.04762 5.06236 5.07692 5.09146 5.10574 5.11991 5.13389 5.14757 5.16078 5.17402 5.18693 5.20046 5.21192 5.22675 5.23801 5.25311 5.26168 
1.5 1.5 1.5 1.5 1.5 1.5 1.5 1.5 1.5 1.5 2 1.68031 1.72008 1.7589 1.79851 1.83792 1.87691 1.91544 1.9547 1.99297 2.03167 2.07024 2.10792 2.1466 2.18736 2.22437 4.48962 4.50427 4.51616 4.52858 4.54178 4.55486 4.56795 4.58109 4.59373 4.60784 4.62136 4.63561 4.64997 4.66373 4.67929 4.69421 4.7091 4.72425 4.74014 4.75465 4.7701 4.7853 4.80067 4.81727 4.83153 4.84701 4.86251 4.87788 4.89319 4.90844 4.92365 4.93877 4.95373 4.96866 4.98341 4.99826 5.01264 5.0271 5.04125 5.0552 5.06902 5.08278 5.09631 5.10986 5.12293 5.13616 5.14839 5.16162 5.17348 5.18673 5.19758 5.21138 5.22265 5.23737 5.24398 
1.5 1.5 1.5 1.5 1.5 1.5 1.5 1.5 1.5 1.5 2 1.69931 1.73943 1.77982 1.8198 1.85962 1.89964 1.93952 1.97868 2.01817 2.05758 2.09693 2.13561 2.17506 2.21296 2.25129 2.29037 4.51584 4.52813 4.53958 4.55239 4.56456 4.57696 4.58932 4.60101 4.61444 4.62718 4.64017 4.65354 4.66653 4.68106 4.69497 4.70895 4.72312 4.73792 4.7518 4.76629 4.78073 4.79526 4.81062 4.82446 4.83914 4.85385 4.86841 4.88286 4.89732 4.91179 4.92607 4.94027 4.95439 4.96844 4.98238 4.99605 5.00966 5.02296 5.03628 5.04931 5.06229 5.07518 5.08795 5.1003 5.11282 5.12457 5.13733 5.14865 5.16149 5.17233 5.18446 5.19701 5.20986 5.21582 
1.5 1.5 1.5 1.5 1.5 1.5 1.5 1.5 1.5 1.5 2 1.71593 1.75685 1.79786 1.83854 1.87915 1.91998 1.96034 2.00061 2.04109 2.08092 2.12103 2.16066 2.19915 2.23776 2.2767 2.31723 4.53687 4.54848 4.5611 4.57279 4.58452 4.59634 4.60824 4.6196 4.63213 4.64423 4.65648 4.66923 4.68156 4.69502 4.70803 4.72121 4.73456 4.7482 4.7613 4.77486 4.78838 4.80199 4.81626 4.82944 4.8432 4.857 4.8706 4.88419 4.89772 4.91121 4.9247 4.9381 4.95134 4.96453 4.97761 4.99052 5.00336 5.01602 5.02861 5.04111 5.05339 5.0656 5.07779 5.08957 5.10148 5.11316 5.12535 5.13642 5.14893 5.16014 5.17068 5.18426 5.19576 5.20261 
1.5 1.5 1.5 1.5 1.5 1.5 1.5 1.5 1.5 1.5 2 1.73138 1.77334 1.81494 1.85681 1.89813 1.9393 1.98094 2.02243 2.06331 2.10445 2.14519 2.18579 2.22553 2.26488 4.55993 4.57059 4.57939 4.5909 4.60238 4.61395 4.62514 4.63639 4.64781 4.65898 4.67076 4.68239 4.69413 4.70618 4.71797 4.73057 4.74287 4.75524 4.76786 4.78055 4.79304 4.80575 4.81854 4.83122 4.84439 4.85708 4.87 4.88281 4.89564 4.90841 4.92112 4.9338 4.94648 4.95908 4.97152 4.98405 4.99636 5.00852 5.02073 5.03268 5.04469 5.05661 5.06836 5.08008 5.09175 5.10319 5.11457 5.12604 5.13785 5.14863 5.1607 5.17231 5.18203 5.19567 5.20669 5.2148 
1.5 1.5 1.5 1.5 1.5 1.5 1.5 1.5 1.5 1.5 2 1.74502 1.78749 1.83 1.87275 1.91469 1.95704 1.99919 2.04132 2.08296 2.12483 2.16653 2.20819 2.24925 2.29016 2.3312 4.57388 4.58232 4.59383 4.60523 4.61643 4.62752 4.63863 4.6498 4.66092 4.67234 4.68362 4.69506 4.70674 4.71815 4.73011 4.74178 4.75367 4.76557 4.77742 4.78933 4.80133 4.8133 4.82534 4.8375 4.84945 4.86147 4.87349 4.88541 4.89739 4.90922 4.92101 4.93284 4.94469 4.95643 4.96817 4.97973 4.99127 5.0028 5.01431 5.02571 5.03717 5.0485 5.05974 5.07105 5.08222 5.09342 5.10475 5.11622 5.12728 5.13865 5.15067 5.16049 5.17291 5.18446 5.19426 
1.5 1.5 1.5 1.5 1.5 1.5 1.5 1.5 1.5 1.5 2 1.75848 1.8017 1.84494 1.8879 1.93121 1.97428 2.01693 2.05983 2.10251 2.1456 2.18806 2.23049 2.27289 2.31527 2.35798 2.40007 2.44575 4.58325 4.59432 4.60545 4.61665 4.6278 4.63891 4.65025 4.66096 4.67204 4.68302 4.69409 4.70531 4.71651 4.72775 4.73899 4.75031 4.76158 4.77297 4.78419 4.79557 4.8068 4.81795 4.82932 4.84059 4.85166 4.86283 4.87406 4.88517 4.89625 4.90728 4.91845 4.92947 4.94052 4.95151 4.96254 4.97348 4.98456 4.99556 5.00657 5.01762 5.0286 5.03968 5.05072 5.06186 5.07317 5.08421 5.0957 5.10658 5.11885 5.12909 5.1403 5.15258 5.16403 
1.5 1.5 1.5 1.5 1.5 1.5 1.5 1.5 1.5 1.5 2 1.77129 1.81506 1.85899 1.90281 1.94665 1.99014 2.03422 2.07752 2.12156 2.16472 2.20827 2.25163 2.29479 2.33843 2.38196 2.42574 2.46999 2.5112 4.59158 4.60279 4.61375 4.62483 4.63582 4.64679 4.65769 4.66849 4.67935 4.69015 4.701 4.71186 4.72272 4.73365 4.74454 4.75516 4.76605 4.77686 4.7876 4.79828 4.80874 4.81967 4.83026 4.84086 4.85144 4.86201 4.87255 4.88298 4.89358 4.90405 4.9146 4.9251 4.93557 4.94611 4.95671 4.96746 4.97808 4.98885 4.99959 5.01039 5.02124 5.03219 5.04315 5.05439 5.06528 5.07685 5.0876 5.0997 5.1104 5.12094 5.13321 5.14619 
1.5 1.5 1.5 1.5 1.5 1.5 1.5 1.5 1.5 1.5 2 1.7835 1.82793 1.87234 1.91693 1.96134 2.00573 2.05025 2.0945 2.13892 2.1829 2.22702 2.27106 2.3151 2.35884 2.40373 2.44854 2.49132 4.59774 4.60884 4.61998 4.63088 4.64194 4.6528 4.66375 4.67439 4.68513 4.69582 4.70654 4.71737 4.72784 4.7385 4.7491 4.75963 4.7699 4.78056 4.79105 4.80136 4.81178 4.82165 4.83222 4.84243 4.85253 4.86273 4.87281 4.88299 4.89305 4.9032 4.91323 4.92335 4.93356 4.94365 4.95393 4.9642 4.97455 4.98498 4.9954 5.00601 5.01651 5.02718 5.03808 5.04892 5.06005 5.07084 5.08223 5.09291 5.10467 5.11594 5.12608 5.13763 5.15166 
1.5 1.5 1.5 1.5 1.5 1.5 1.5 1.5 1.5 1.5 2 1.79529 1.84036 1.88542 1.93037 1.97543 2.02044 2.0654 2.11006 2.15522 2.19991 2.2446 2.28929 2.33398 2.37834 2.42233 2.46723 2.51041 4.60056 4.61181 4.62307 4.6342 4.64518 4.65594 4.66698 4.67751 4.68811 4.69872 4.70925 4.72036 4.73037 4.74084 4.7513 4.76157 4.77158 4.78203 4.7922 4.80227 4.81225 4.82184 4.83216 4.84201 4.85186 4.8617 4.87143 4.88136 4.89109 4.90092 4.91075 4.92059 4.93052 4.94047 4.95042 4.96047 4.97073 4.98089 4.99115 5.00163 5.01211 5.02259 5.03341 5.04421 5.0552 5.06607 5.07725 5.08812 5.09941 5.11105 5.12122 5.13224 5.1465 
1.5 1.5 1.5 1.5 1.5 1.5 1.5 1.5 1.5 1.5 2 1.80662 1.85225 1.89784 1.94344 1.98891 2.03469 2.07995 2.12545 2.17098 2.21654 2.26186 2.30721 2.35245 2.3978 2.44236 2.48625 2.53012 4.60276 4.61396 4.6249 4.63597 4.6468 4.6575 4.66848 4.67871 4.68921 4.69981 4.71021 4.72094 4.73102 4.74136 4.75157 4.76168 4.7713 4.78165 4.79163 4.80151 4.81128 4.82067 4.8308 4.84044 4.85009 4.85974 4.86939 4.87905 4.88872 4.8984 4.90799 4.9178 4.92753 4.93738 4.94725 4.95724 4.96735 4.97747 4.98772 4.99818 5.00856 5.01917 5.02981 5.04066 5.05161 5.06246 5.07363 5.08458 5.09557 5.10728 5.11787 5.12854 5.14214 
1.5 1.5 1.5 1.5 1.5 1.5 1.5 1.5 1.5 1.5 2 1.81726 1.86334 1.90954 1.95547 2.00175 2.04819 2.09422 2.14029 2.18593 2.23233 2.27857 2.3245 2.37038 2.41612 2.46201 2.50692 2.552 4.60438 4.61506 4.62579 4.63639 4.64694 4.65755 4.66834 4.67843 4.68881 4.69917 4.70942 4.72004 4.72985 4.73993 4.74999 4.75993 4.76931 4.77958 4.78928 4.79908 4.80878 4.81788 4.82795 4.83756 4.84717 4.85669 4.86633 4.87599 4.88557 4.89528 4.90491 4.91468 4.92448 4.9344 4.94436 4.95435 4.96447 4.97472 4.98509 4.9955 5.00602 5.01658 5.02736 5.0382 5.04913 5.06008 5.07124 5.08229 5.09318 5.10477 5.1159 5.12644 5.13892 
1.5 1.5 1.5 1.5 1.5 1.5 1.5 1.5 1.5 1.5 2 1.82755 1.87407 1.92087 1.96746 2.01441 2.06114 2.10787 2.15421 2.2016 2.2481 2.29485 2.3417 2.38841 2.43492 2.48153 2.52765 2.57395 2.62451 4.60115 4.61188 4.62219 4.63291 4.64335 4.65417 4.6641 4.6744 4.68459 4.69474 4.70518 4.71482 4.72473 4.73462 4.74439 4.75383 4.76398 4.77372 4.78344 4.79316 4.80232 4.81241 4.82206 4.83172 4.84131 4.85102 4.86076 4.87043 4.88024 4.89008 4.90007 4.90999 4.92005 4.93015 4.94038 4.95065 4.96105 4.97149 4.98206 4.99276 5.00348 5.01423 5.02516 5.03619 5.04714 5.0583 5.06947 5.08036 5.09185 5.10328 5.11389 5.12528 
1.5 1.5 1.5 1.5 1.5 1.5 1.5 1.5 1.5 1.5 2 1.83686 1.88432 1.93122 1.97818 2.02586 2.07287 2.12043 2.16766 2.2151 2.26132 2.31015 2.35692 2.40441 2.45159 2.49887 2.54608 2.59316 2.64288 2.68853 2.73608 4.59498 4.60537 4.61574 4.6264 4.6361 4.64637 4.65654 4.66669 4.67708 4.68679 4.69674 4.70656 4.71646 4.72578 4.736 4.74575 4.7555 4.76524 4.7745 4.78475 4.79442 4.80421 4.81402 4.82396 4.83384 4.84375 4.8538 4.86389 4.87392 4.88419 4.89441 4.90476 4.91525 4.92568 4.93625 4.94696 4.95759 4.96846 4.97926 4.99017 5.00119 5.01233 5.02338 5.03454 5.04571 5.0567 5.06809 5.07963 5.09059 5.10119 
1.5 1.5 1.5 1.5 1.5 1.5 1.5 1.5 1.5 1.5 2 1.8453 1.89295 1.94073 1.98859 2.03623 2.08374 2.13173 2.17941 2.22706 2.27622 2.32333 2.3712 2.41913 2.46689 2.51485 2.56277 2.61066 2.65961 2.70741 2.75472 4.59074 4.60108 4.61117 4.62176 4.63148 4.64158 4.65167 4.66184 4.67235 4.68187 4.69184 4.70175 4.71163 4.7209 4.73113 4.74097 4.75079 4.7606 4.76989 4.78024 4.79008 4.80004 4.81011 4.82012 4.83026 4.84033 4.85054 4.86088 4.87116 4.88159 4.89205 4.90265 4.91319 4.92387 4.93469 4.94544 4.95632 4.96723 4.97828 4.98924 5.00044 5.01145 5.02268 5.03393 5.04509 5.05616 5.06764 5.07914 5.09036 5.10062 
1.5 1.5 1.5 1.5 1.5 1.5 1.5 1.5 1.5 1.5 2 1.8532 1.90135 1.94943 1.99788 2.04588 2.09401 2.14227 2.19113 2.23905 2.28753 2.33581 2.38418 2.43266 2.48152 2.52969 2.57816 2.62662 2.67453 4.58921 4.59887 4.60882 4.61864 4.62884 4.63955 4.64902 4.65918 4.66921 4.67921 4.68963 4.69904 4.70891 4.71875 4.72858 4.73799 4.74828 4.75826 4.76813 4.7781 4.78773 4.79825 4.80834 4.81855 4.82878 4.83903 4.8494 4.85981 4.87034 4.8809 4.89149 4.90212 4.91288 4.92367 4.9345 4.94545 4.95635 4.96737 4.97842 4.9895 5.00061 5.01174 5.02292 5.03413 5.04535 5.05659 5.06784 5.079 5.09047 5.10185 5.11323 5.12349 
1.5 1.5 1.5 1.5 1.5 1.5 1.5 1.5 1.5 1.5 2 1.85889 1.90769 1.95607 2.00433 2.053 2.10173 2.15025 2.19893 2.24753 2.29618 2.34507 2.39366 2.4426 2.4914 2.54052 2.58934 2.63822 2.68521 4.58276 4.59284 4.60324 4.61302 4.62316 4.6334 4.64343 4.65353 4.66361 4.67376 4.68414 4.69373 4.70366 4.71365 4.72364 4.73321 4.74363 4.75375 4.76386 4.77405 4.78382 4.79453 4.80482 4.81532 4.82572 4.83624 4.84688 4.85753 4.86819 4.87898 4.88979 4.90063 4.91158 4.92246 4.93347 4.9445 4.95557 4.96666 4.97777 4.98891 5.00008 5.01127 5.02253 5.03372 5.04504 5.05626 5.06761 5.07876 5.09012 5.10147 5.11282 5.12349 
1.5 1.5 1.5 1.5 1.5 1.5 1.5 1.5 1.5 1.5 2 1.86411 1.91293 1.96174 2.01027 2.05926 2.10818 2.15715 2.20585 2.25512 2.30418 2.35321 2.4023 2.45159 2.50094 2.55036 2.5996 2.64886 2.69716 2.74763 4.57624 4.58678 4.59656 4.60675 4.61737 4.62712 4.63728 4.64743 4.65765 4.66813 4.67789 4.68791 4.69799 4.70815 4.71794 4.72851 4.7388 4.74907 4.75942 4.76955 4.78036 4.79087 4.80146 4.81206 4.82274 4.83353 4.84432 4.85521 4.8661 4.87699 4.8881 4.89912 4.91015 4.9212 4.93236 4.94345 4.95455 4.96568 4.97682 4.98799 4.99918 5.01049 5.02163 5.03298 5.04416 5.05555 5.06665 5.07796 5.08935 5.10061 5.11173 
1.5 1.5 1.5 1.5 1.5 1.5 1.5 1.5 1.5 1.5 2 1.86905 1.91768 1.96683 2.01616 2.06492 2.11419 2.16311 2.21245 2.26192 2.31117 2.3607 2.41013 2.45971 2.50927 2.5588 2.60835 2.65799 2.70715 2.75756 2.80716 4.57106 4.58075 4.59103 4.60181 4.61158 4.62194 4.63219 4.64241 4.65307 4.66308 4.67341 4.68363 4.69403 4.70398 4.71473 4.72523 4.7357 4.74624 4.75648 4.7674 4.77814 4.78884 4.79962 4.81047 4.8213 4.8322 4.84319 4.85415 4.8651 4.87623 4.88716 4.89819 4.90931 4.92034 4.93138 4.94253 4.9536 4.96468 4.97579 4.98691 4.9981 5.00922 5.02057 5.03164 5.04303 5.05423 5.06532 5.07659 5.08781 5.09939 
1.5 1.5 1.5 1.5 1.5 1.5 1.5 1.5 1.5 1.5 2 1.87398 1.9231 1.97244 2.02204 2.0714 2.12078 2.17061 2.22028 2.27009 2.31995 2.36984 2.41991 2.46982 2.52019 2.56998 2.62022 2.67048 2.72058 2.77157 2.82247 2.87363 4.55602 4.56634 4.57624 4.58695 4.59724 4.60763 4.6181 4.62873 4.63919 4.6498 4.6605 4.67114 4.68172 4.69285 4.70381 4.71484 4.72593 4.73702 4.74843 4.75973 4.77109 4.78253 4.79394 4.80541 4.81696 4.82848 4.84008 4.85156 4.86312 4.87457 4.88611 4.89754 4.90907 4.9204 4.93184 4.94319 4.95454 4.96591 4.9772 4.98851 4.99995 5.01121 5.02259 5.03369 5.04539 5.05609 5.06747 5.07871 5.08995 
