5
s 30 2 124
r 20 0.01 0 3.68734 0.01
r 22 0.01 0 3.40933 0.01
r 24 0.01 0 3.15386 0.01
r 26 0.01 0 2.97967 0.01
r 28 0.01 0 1.88169 0.01
r 30 0.01 0 1.32722 0.01
r 32 0.01 0 1.8817 0.01
r 34 0.01 0 2.9797 0.01
r 36 0.01 0 3.2529 0.01
r 38 0.01 0 3.56941 0.01
r 40 0.01 0 3.92029 0.01
r 42 0.01 0 4.26223 0.01
r 44 0.01 0 4.55446 0.01
r 46 0.01 0 4.77146 0.01
r 48 0.01 0 5.04505 0.01
r 50 0.01 0 5.36763 0.01
r 52 0.01 0 5.68213 0.01
r 54 0.01 0 5.98196 0.01
r 56 0.01 0 6.24556 0.01
r 58 0.01 0 6.47567 0.01
r 60 0.01 0 6.71397 0.01
r 62 0.01 0 6.98801 0.01
r 64 0.01 0 7.32894 0.01
r 66 0.01 0 7.63846 0.01
r 68 0.01 0 7.84242 0.01
r 70 0.01 0 8.07445 0.01
r 72 0.01 0 8.3274 0.01
r 74 0.01 0 8.59788 0.01
r 76 0.01 0 8.84462 0.01
r 78 0.01 0 9.15548 0.01
r 80 0.01 0 9.38862 0.01
r 20 0.01 6 4.61681 0.01
r 22 0.01 6 4.14258 0.01
r 24 0.01 6 3.80234 0.01
r 26 0.01 6 3.40957 0.01
r 28 0.01 6 2.84949 0.01
r 30 0.01 6 2.65576 0.01
r 32 0.01 6 2.7841 0.01
r 34 0.01 6 3.20295 0.01
r 36 0.01 6 3.69981 0.01
r 38 0.01 6 4.1948 0.01
r 40 0.01 6 4.71908 0.01
r 42 0.01 6 5.24743 0.01
r 44 0.01 6 5.83537 0.01
r 46 0.01 6 6.23867 0.01
r 48 0.01 6 6.75669 0.01
r 50 0.01 6 7.17353 0.01
r 52 0.01 6 7.65973 0.01
r 54 0.01 6 8.15079 0.01
r 56 0.01 6 8.628 0.01
r 58 0.01 6 9.08813 0.01
r 60 0.01 6 9.53128 0.01
r 62 0.01 6 9.96619 0.01
r 64 0.01 6 10.44 0.01
r 66 0.01 6 10.9206 0.01
r 68 0.01 6 11.3675 0.01
r 70 0.01 6 11.788 0.01
r 72 0.01 6 12.2083 0.01
r 74 0.01 6 12.6416 0.01
r 76 0.01 6 13.0646 0.01
r 78 0.01 6 13.4995 0.01
r 80 0.01 6 13.9204 0.01
r 20 0.01 7 4.33633 0.01
r 22 0.01 7 4.05426 0.01
r 24 0.01 7 3.78469 0.01
r 26 0.01 7 3.58514 0.01
r 28 0.01 7 3.42083 0.01
r 30 0.01 7 3.13153 0.01
r 32 0.01 7 3.3564 0.01
r 34 0.01 7 3.64431 0.01
r 36 0.01 7 3.93385 0.01
r 38 0.01 7 4.27662 0.01
r 40 0.01 7 4.62953 0.01
r 42 0.01 7 4.96214 0.01
r 44 0.01 7 5.20391 0.01
r 46 0.01 7 5.41695 0.01
r 48 0.01 7 5.72971 0.01
r 50 0.01 7 6.05236 0.01
r 52 0.01 7 6.37756 0.01
r 54 0.01 7 6.63037 0.01
r 56 0.01 7 6.90089 0.01
r 58 0.01 7 7.10932 0.01
r 60 0.01 7 7.36035 0.01
r 62 0.01 7 7.66121 0.01
r 64 0.01 7 8.02109 0.01
r 66 0.01 7 8.27586 0.01
r 68 0.01 7 8.47735 0.01
r 70 0.01 7 8.71649 0.01
r 72 0.01 7 9.00036 0.01
r 74 0.01 7 9.24203 0.01
r 76 0.01 7 9.52309 0.01
r 78 0.01 7 9.82334 0.01
r 80 0.01 7 10.0081 0.01
r 20 0.01 8 5.1827 0.01
r 22 0.01 8 5.29495 0.01
r 24 0.01 8 4.84539 0.01
r 26 0.01 8 3.9242 0.01
r 28 0.01 8 3.49889 0.01
r 30 0.01 8 3.14282 0.01
r 32 0.01 8 3.45195 0.01
r 34 0.01 8 3.76647 0.01
r 36 0.01 8 4.24144 0.01
r 38 0.01 8 4.73392 0.01
r 40 0.01 8 5.25918 0.01
r 42 0.01 8 5.79236 0.01
r 44 0.01 8 6.3664 0.01
r 46 0.01 8 7.12083 0.01
r 48 0.01 8 7.20524 0.01
r 50 0.01 8 7.70433 0.01
r 52 0.01 8 8.19188 0.01
r 54 0.01 8 8.69114 0.01
r 56 0.01 8 9.15493 0.01
r 58 0.01 8 9.61802 0.01
r 60 0.01 8 10.0468 0.01
r 62 0.01 8 10.4821 0.01
r 64 0.01 8 10.9645 0.01
r 66 0.01 8 11.4743 0.01
r 68 0.01 8 11.8886 0.01
r 70 0.01 8 12.2994 0.01
r 72 0.01 8 12.7227 0.01
r 74 0.01 8 13.1648 0.01
r 76 0.01 8 13.5714 0.01
r 78 0.01 8 14.0129 0.01
r 80 0.01 8 14.4346 0.01
s 40 2 124
r 20 0.01 0 5.14676 0.01
r 22 0.01 0 4.87628 0.01
r 24 0.01 0 4.62326 0.01
r 26 0.01 0 4.43412 0.01
r 28 0.01 0 4.23966 0.01
r 30 0.01 0 3.92116 0.01
r 32 0.01 0 3.60932 0.01
r 34 0.01 0 3.32122 0.01
r 36 0.01 0 2.98009 0.01
r 38 0.01 0 1.88195 0.01
r 40 0.01 0 1.3274 0.01
r 42 0.01 0 1.88195 0.01
r 44 0.01 0 2.98008 0.01
r 46 0.01 0 3.46139 0.01
r 48 0.01 0 3.73943 0.01
r 50 0.01 0 4.07929 0.01
r 52 0.01 0 4.41441 0.01
r 54 0.01 0 4.73294 0.01
r 56 0.01 0 5.01096 0.01
r 58 0.01 0 5.25525 0.01
r 60 0.01 0 5.50591 0.01
r 62 0.01 0 5.78895 0.01
r 64 0.01 0 6.14682 0.01
r 66 0.01 0 6.47329 0.01
r 68 0.01 0 6.6851 0.01
r 70 0.01 0 6.92176 0.01
r 72 0.01 0 7.18987 0.01
r 74 0.01 0 7.4745 0.01
r 76 0.01 0 7.72895 0.01
r 78 0.01 0 8.0621 0.01
r 80 0.01 0 8.30583 0.01
r 20 0.01 6 7.05089 0.01
r 22 0.01 6 6.60178 0.01
r 24 0.01 6 6.42947 0.01
r 26 0.01 6 5.99453 0.01
r 28 0.01 6 5.25176 0.01
r 30 0.01 6 4.71822 0.01
r 32 0.01 6 4.2359 0.01
r 34 0.01 6 3.74485 0.01
r 36 0.01 6 3.30364 0.01
r 38 0.01 6 2.91302 0.01
r 40 0.01 6 2.80045 0.01
r 42 0.01 6 3.01366 0.01
r 44 0.01 6 3.48004 0.01
r 46 0.01 6 3.97379 0.01
r 48 0.01 6 4.3941 0.01
r 50 0.01 6 4.92081 0.01
r 52 0.01 6 5.4602 0.01
r 54 0.01 6 5.9878 0.01
r 56 0.01 6 6.48243 0.01
r 58 0.01 6 6.88474 0.01
r 60 0.01 6 7.34105 0.01
r 62 0.01 6 7.80397 0.01
r 64 0.01 6 8.29529 0.01
r 66 0.01 6 8.80598 0.01
r 68 0.01 6 9.2622 0.01
r 70 0.01 6 9.69335 0.01
r 72 0.01 6 10.1322 0.01
r 74 0.01 6 10.5843 0.01
r 76 0.01 6 11.0322 0.01
r 78 0.01 6 11.4977 0.01
r 80 0.01 6 11.9404 0.01
r 20 0.01 7 5.85377 0.01
r 22 0.01 7 5.58286 0.01
r 24 0.01 7 5.32469 0.01
r 26 0.01 7 5.12831 0.01
r 28 0.01 7 4.96341 0.01
r 30 0.01 7 4.67666 0.01
r 32 0.01 7 4.34802 0.01
r 34 0.01 7 4.05697 0.01
r 36 0.01 7 3.77671 0.01
r 38 0.01 7 3.55195 0.01
r 40 0.01 7 3.33302 0.01
r 42 0.01 7 3.56213 0.01
r 44 0.01 7 3.91599 0.01
r 46 0.01 7 4.13554 0.01
r 48 0.01 7 4.46843 0.01
r 50 0.01 7 4.80944 0.01
r 52 0.01 7 5.14535 0.01
r 54 0.01 7 5.43244 0.01
r 56 0.01 7 5.70439 0.01
r 58 0.01 7 5.92658 0.01
r 60 0.01 7 6.18977 0.01
r 62 0.01 7 6.55246 0.01
r 64 0.01 7 6.87107 0.01
r 66 0.01 7 7.14454 0.01
r 68 0.01 7 7.35308 0.01
r 70 0.01 7 7.6083 0.01
r 72 0.01 7 7.90145 0.01
r 74 0.01 7 8.15938 0.01
r 76 0.01 7 8.4217 0.01
r 78 0.01 7 8.75769 0.01
r 80 0.01 7 8.95781 0.01
r 20 0.01 8 7.65345 0.01
r 22 0.01 8 7.20126 0.01
r 24 0.01 8 7.22815 0.01
r 26 0.01 8 6.95043 0.01
r 28 0.01 8 5.85047 0.01
r 30 0.01 8 5.31665 0.01
r 32 0.01 8 4.8336 0.01
r 34 0.01 8 4.37184 0.01
r 36 0.01 8 4.05367 0.01
r 38 0.01 8 3.68517 0.01
r 40 0.01 8 3.33566 0.01
r 42 0.01 8 3.67551 0.01
r 44 0.01 8 4.17206 0.01
r 46 0.01 8 4.59633 0.01
r 48 0.01 8 5.37351 0.01
r 50 0.01 8 5.96874 0.01
r 52 0.01 8 6.52122 0.01
r 54 0.01 8 7.0454 0.01
r 56 0.01 8 7.02391 0.01
r 58 0.01 8 7.50182 0.01
r 60 0.01 8 7.94857 0.01
r 62 0.01 8 8.40797 0.01
r 64 0.01 8 8.92611 0.01
r 66 0.01 8 9.42064 0.01
r 68 0.01 8 9.87208 0.01
r 70 0.01 8 10.2935 0.01
r 72 0.01 8 10.7365 0.01
r 74 0.01 8 11.1933 0.01
r 76 0.01 8 11.6245 0.01
r 78 0.01 8 12.0882 0.01
r 80 0.01 8 12.5262 0.01
s 50 2 124
r 20 0.01 0 6.51965 0.01
r 22 0.01 0 6.26225 0.01
r 24 0.01 0 6.02123 0.01
r 26 0.01 0 5.84104 0.01
r 28 0.01 0 5.66233 0.01
r 30 0.01 0 5.3661 0.01
r 32 0.01 0 5.07163 0.01
r 34 0.01 0 4.79981 0.01
r 36 0.01 0 4.54221 0.01
r 38 0.01 0 4.32345 0.01
r 40 0.01 0 4.10071 0.01
r 42 0.01 0 3.80247 0.01
r 44 0.01 0 3.45748 0.01
r 46 0.01 0 2.97958 0.01
r 48 0.01 0 1.88163 0.01
r 50 0.01 0 1.32717 0.01
r 52 0.01 0 1.88162 0.01
r 54 0.01 0 2.97957 0.01
r 56 0.01 0 3.66826 0.01
r 58 0.01 0 3.92763 0.01
r 60 0.01 0 4.18405 0.01
r 62 0.01 0 4.48021 0.01
r 64 0.01 0 4.86261 0.01
r 66 0.01 0 5.21127 0.01
r 68 0.01 0 5.43728 0.01
r 70 0.01 0 5.67997 0.01
r 72 0.01 0 5.95833 0.01
r 74 0.01 0 6.2575 0.01
r 76 0.01 0 6.52618 0.01
r 78 0.01 0 6.8685 0.01
r 80 0.01 0 7.12978 0.01
r 20 0.01 6 9.3533 0.01
r 22 0.01 6 8.9274 0.01
r 24 0.01 6 8.51201 0.01
r 26 0.01 6 8.12012 0.01
r 28 0.01 6 7.67251 0.01
r 30 0.01 6 7.16557 0.01
r 32 0.01 6 6.6921 0.01
r 34 0.01 6 6.32334 0.01
r 36 0.01 6 5.96493 0.01
r 38 0.01 6 5.39189 0.01
r 40 0.01 6 4.93582 0.01
r 42 0.01 6 4.36706 0.01
r 44 0.01 6 3.83533 0.01
r 46 0.01 6 3.39209 0.01
r 48 0.01 6 3.04518 0.01
r 50 0.01 6 2.92795 0.01
r 52 0.01 6 3.12569 0.01
r 54 0.01 6 3.56757 0.01
r 56 0.01 6 4.11192 0.01
r 58 0.01 6 4.65606 0.01
r 60 0.01 6 5.0967 0.01
r 62 0.01 6 5.63987 0.01
r 64 0.01 6 6.0403 0.01
r 66 0.01 6 6.55538 0.01
r 68 0.01 6 7.02389 0.01
r 70 0.01 6 7.4566 0.01
r 72 0.01 6 7.9019 0.01
r 74 0.01 6 8.3817 0.01
r 76 0.01 6 8.86177 0.01
r 78 0.01 6 9.35155 0.01
r 80 0.01 6 9.83854 0.01
r 20 0.01 7 7.2622 0.01
r 22 0.01 7 7.00611 0.01
r 24 0.01 7 6.75761 0.01
r 26 0.01 7 6.57206 0.01
r 28 0.01 7 6.41749 0.01
r 30 0.01 7 6.14692 0.01
r 32 0.01 7 5.83216 0.01
r 34 0.01 7 5.56459 0.01
r 36 0.01 7 5.29381 0.01
r 38 0.01 7 5.07926 0.01
r 40 0.01 7 4.86087 0.01
r 42 0.01 7 4.61957 0.01
r 44 0.01 7 4.29289 0.01
r 46 0.01 7 3.95137 0.01
r 48 0.01 7 3.72264 0.01
r 50 0.01 7 3.49652 0.01
r 52 0.01 7 3.71862 0.01
r 54 0.01 7 4.14023 0.01
r 56 0.01 7 4.4266 0.01
r 58 0.01 7 4.65733 0.01
r 60 0.01 7 4.93032 0.01
r 62 0.01 7 5.26602 0.01
r 64 0.01 7 5.64359 0.01
r 66 0.01 7 5.9429 0.01
r 68 0.01 7 6.15983 0.01
r 70 0.01 7 6.42025 0.01
r 72 0.01 7 6.7132 0.01
r 74 0.01 7 7.00181 0.01
r 76 0.01 7 7.27262 0.01
r 78 0.01 7 7.62835 0.01
r 80 0.01 7 7.83648 0.01
r 20 0.01 8 9.99749 0.01
r 22 0.01 8 9.56001 0.01
r 24 0.01 8 9.15629 0.01
r 26 0.01 8 8.759 0.01
r 28 0.01 8 8.30773 0.01
r 30 0.01 8 7.80296 0.01
r 32 0.01 8 7.33164 0.01
r 34 0.01 8 6.87105 0.01
r 36 0.01 8 6.98195 0.01
r 38 0.01 8 6.58678 0.01
r 40 0.01 8 5.57278 0.01
r 42 0.01 8 5.02318 0.01
r 44 0.01 8 4.55854 0.01
r 46 0.01 8 4.21263 0.01
r 48 0.01 8 3.7804 0.01
r 50 0.01 8 3.50842 0.01
r 52 0.01 8 3.83351 0.01
r 54 0.01 8 4.29991 0.01
r 56 0.01 8 4.80552 0.01
r 58 0.01 8 5.39331 0.01
r 60 0.01 8 7.10823 0.01
r 62 0.01 8 6.77372 0.01
r 64 0.01 8 6.73247 0.01
r 66 0.01 8 7.22703 0.01
r 68 0.01 8 7.70031 0.01
r 70 0.01 8 8.12101 0.01
r 72 0.01 8 8.57363 0.01
r 74 0.01 8 9.06231 0.01
r 76 0.01 8 9.54517 0.01
r 78 0.01 8 10.0108 0.01
r 80 0.01 8 10.4884 0.01
s 60 2 124
r 20 0.01 0 7.80246 0.01
r 22 0.01 0 7.55857 0.01
r 24 0.01 0 7.32509 0.01
r 26 0.01 0 7.15284 0.01
r 28 0.01 0 6.98682 0.01
r 30 0.01 0 6.7027 0.01
r 32 0.01 0 6.42643 0.01
r 34 0.01 0 6.17206 0.01
r 36 0.01 0 5.92873 0.01
r 38 0.01 0 5.72357 0.01
r 40 0.01 0 5.51354 0.01
r 42 0.01 0 5.23633 0.01
r 44 0.01 0 4.91017 0.01
r 46 0.01 0 4.63432 0.01
r 48 0.01 0 4.41535 0.01
r 50 0.01 0 4.19326 0.01
r 52 0.01 0 3.93739 0.01
r 54 0.01 0 3.65242 0.01
r 56 0.01 0 2.98008 0.01
r 58 0.01 0 1.88195 0.01
r 60 0.01 0 1.3274 0.01
r 62 0.01 0 1.88196 0.01
r 64 0.01 0 2.9801 0.01
r 66 0.01 0 3.75778 0.01
r 68 0.01 0 4.08971 0.01
r 70 0.01 0 4.33935 0.01
r 72 0.01 0 4.62533 0.01
r 74 0.01 0 4.94385 0.01
r 76 0.01 0 5.21967 0.01
r 78 0.01 0 5.58313 0.01
r 80 0.01 0 5.86254 0.01
r 20 0.01 6 11.5778 0.01
r 22 0.01 6 11.1791 0.01
r 24 0.01 6 10.7936 0.01
r 26 0.01 6 10.4167 0.01
r 28 0.01 6 9.99171 0.01
r 30 0.01 6 9.51639 0.01
r 32 0.01 6 9.06191 0.01
r 34 0.01 6 8.62902 0.01
r 36 0.01 6 8.20388 0.01
r 38 0.01 6 7.78417 0.01
r 40 0.01 6 7.35891 0.01
r 42 0.01 6 6.85754 0.01
r 44 0.01 6 6.50989 0.01
r 46 0.01 6 6.08325 0.01
r 48 0.01 6 5.58928 0.01
r 50 0.01 6 5.1609 0.01
r 52 0.01 6 4.5564 0.01
r 54 0.01 6 4.10708 0.01
r 56 0.01 6 3.48639 0.01
r 58 0.01 6 3.10167 0.01
r 60 0.01 6 2.936 0.01
r 62 0.01 6 3.15905 0.01
r 64 0.01 6 3.62198 0.01
r 66 0.01 6 4.1748 0.01
r 68 0.01 6 4.77428 0.01
r 70 0.01 6 5.27972 0.01
r 72 0.01 6 5.71798 0.01
r 74 0.01 6 6.22578 0.01
r 76 0.01 6 6.79327 0.01
r 78 0.01 6 7.27143 0.01
r 80 0.01 6 7.7195 0.01
r 20 0.01 7 8.53211 0.01
r 22 0.01 7 8.28603 0.01
r 24 0.01 7 8.04939 0.01
r 26 0.01 7 7.87304 0.01
r 28 0.01 7 7.72747 0.01
r 30 0.01 7 7.47601 0.01
r 32 0.01 7 7.16331 0.01
r 34 0.01 7 6.91103 0.01
r 36 0.01 7 6.66195 0.01
r 38 0.01 7 6.46218 0.01
r 40 0.01 7 6.25451 0.01
r 42 0.01 7 6.02901 0.01
r 44 0.01 7 5.70397 0.01
r 46 0.01 7 5.38873 0.01
r 48 0.01 7 5.16742 0.01
r 50 0.01 7 4.9502 0.01
r 52 0.01 7 4.72535 0.01
r 54 0.01 7 4.44417 0.01
r 56 0.01 7 4.14356 0.01
r 58 0.01 7 3.70396 0.01
r 60 0.01 7 3.53203 0.01
r 62 0.01 7 3.76187 0.01
r 64 0.01 7 4.28583 0.01
r 66 0.01 7 4.60275 0.01
r 68 0.01 7 4.82576 0.01
r 70 0.01 7 5.09739 0.01
r 72 0.01 7 5.40626 0.01
r 74 0.01 7 5.69923 0.01
r 76 0.01 7 6.00174 0.01
r 78 0.01 7 6.41205 0.01
r 80 0.01 7 6.58368 0.01
r 20 0.01 8 12.2373 0.01
r 22 0.01 8 11.8412 0.01
r 24 0.01 8 11.4538 0.01
r 26 0.01 8 11.085 0.01
r 28 0.01 8 10.6436 0.01
r 30 0.01 8 10.1694 0.01
r 32 0.01 8 9.72012 0.01
r 34 0.01 8 9.28536 0.01
r 36 0.01 8 8.91134 0.01
r 38 0.01 8 8.45041 0.01
r 40 0.01 8 8.02429 0.01
r 42 0.01 8 7.52734 0.01
r 44 0.01 8 7.0438 0.01
r 46 0.01 8 7.0196 0.01
r 48 0.01 8 8.68674 0.01
r 50 0.01 8 6.04738 0.01
r 52 0.01 8 5.4629 0.01
r 54 0.01 8 4.84594 0.01
r 56 0.01 8 4.26735 0.01
r 58 0.01 8 3.87074 0.01
r 60 0.01 8 3.53434 0.01
r 62 0.01 8 3.86949 0.01
r 64 0.01 8 4.42848 0.01
r 66 0.01 8 4.92495 0.01
r 68 0.01 8 6.04923 0.01
r 70 0.01 8 6.34301 0.01
r 72 0.01 8 6.55871 0.01
r 74 0.01 8 7.09839 0.01
r 76 0.01 8 7.53885 0.01
r 78 0.01 8 8.01276 0.01
r 80 0.01 8 8.54901 0.01
s 70 2 124
r 20 0.01 0 9.1014 0.01
r 22 0.01 0 8.8654 0.01
r 24 0.01 0 8.64643 0.01
r 26 0.01 0 8.48389 0.01
r 28 0.01 0 8.33122 0.01
r 30 0.01 0 8.06283 0.01
r 32 0.01 0 7.79398 0.01
r 34 0.01 0 7.5511 0.01
r 36 0.01 0 7.32112 0.01
r 38 0.01 0 7.12902 0.01
r 40 0.01 0 6.92896 0.01
r 42 0.01 0 6.67445 0.01
r 44 0.01 0 6.36826 0.01
r 46 0.01 0 6.10594 0.01
r 48 0.01 0 5.899 0.01
r 50 0.01 0 5.68814 0.01
r 52 0.01 0 5.45015 0.01
r 54 0.01 0 5.1783 0.01
r 56 0.01 0 4.86907 0.01
r 58 0.01 0 4.57956 0.01
r 60 0.01 0 4.35463 0.01
r 62 0.01 0 4.18694 0.01
r 64 0.01 0 3.76424 0.01
r 66 0.01 0 2.98035 0.01
r 68 0.01 0 1.88212 0.01
r 70 0.01 0 1.32752 0.01
r 72 0.01 0 1.88211 0.01
r 74 0.01 0 2.98033 0.01
r 76 0.01 0 3.75701 0.01
r 78 0.01 0 4.29182 0.01
r 80 0.01 0 4.58451 0.01
r 20 0.01 6 13.7016 0.01
r 22 0.01 6 13.3231 0.01
r 24 0.01 6 12.9653 0.01
r 26 0.01 6 12.6218 0.01
r 28 0.01 6 12.2255 0.01
r 30 0.01 6 11.7665 0.01
r 32 0.01 6 11.3248 0.01
r 34 0.01 6 10.9 0.01
r 36 0.01 6 10.4987 0.01
r 38 0.01 6 10.0998 0.01
r 40 0.01 6 9.69845 0.01
r 42 0.01 6 9.20789 0.01
r 44 0.01 6 8.72783 0.01
r 46 0.01 6 8.30953 0.01
r 48 0.01 6 7.88365 0.01
r 50 0.01 6 7.45544 0.01
r 52 0.01 6 6.99946 0.01
r 54 0.01 6 6.53153 0.01
r 56 0.01 6 6.21852 0.01
r 58 0.01 6 5.70278 0.01
r 60 0.01 6 5.22029 0.01
r 62 0.01 6 4.68012 0.01
r 64 0.01 6 4.1627 0.01
r 66 0.01 6 3.67696 0.01
r 68 0.01 6 3.35429 0.01
r 70 0.01 6 3.20034 0.01
r 72 0.01 6 3.37541 0.01
r 74 0.01 6 3.76083 0.01
r 76 0.01 6 4.29581 0.01
r 78 0.01 6 4.75802 0.01
r 80 0.01 6 5.24969 0.01
r 20 0.01 7 9.86274 0.01
r 22 0.01 7 9.62668 0.01
r 24 0.01 7 9.39828 0.01
r 26 0.01 7 9.23211 0.01
r 28 0.01 7 9.1046 0.01
r 30 0.01 7 8.86991 0.01
r 32 0.01 7 8.57216 0.01
r 34 0.01 7 8.32258 0.01
r 36 0.01 7 8.08529 0.01
r 38 0.01 7 7.90027 0.01
r 40 0.01 7 7.69802 0.01
r 42 0.01 7 7.496 0.01
r 44 0.01 7 7.18937 0.01
r 46 0.01 7 6.88977 0.01
r 48 0.01 7 6.67748 0.01
r 50 0.01 7 6.4773 0.01
r 52 0.01 7 6.25582 0.01
r 54 0.01 7 5.99115 0.01
r 56 0.01 7 5.71767 0.01
r 58 0.01 7 5.39391 0.01
r 60 0.01 7 5.13601 0.01
r 62 0.01 7 4.98735 0.01
r 64 0.01 7 4.75974 0.01
r 66 0.01 7 4.42375 0.01
r 68 0.01 7 3.97833 0.01
r 70 0.01 7 3.82791 0.01
r 72 0.01 7 4.00806 0.01
r 74 0.01 7 4.44843 0.01
r 76 0.01 7 4.75571 0.01
r 78 0.01 7 5.1393 0.01
r 80 0.01 7 5.37307 0.01
r 20 0.01 8 14.3937 0.01
r 22 0.01 8 14.028 0.01
r 24 0.01 8 13.6583 0.01
r 26 0.01 8 13.3188 0.01
r 28 0.01 8 12.9287 0.01
r 30 0.01 8 12.4706 0.01
r 32 0.01 8 12.0553 0.01
r 34 0.01 8 11.6298 0.01
r 36 0.01 8 11.2128 0.01
r 38 0.01 8 10.8199 0.01
r 40 0.01 8 10.4094 0.01
r 42 0.01 8 9.9398 0.01
r 44 0.01 8 9.45504 0.01
r 46 0.01 8 9.03229 0.01
r 48 0.01 8 8.60565 0.01
r 50 0.01 8 8.1853 0.01
r 52 0.01 8 7.72331 0.01
r 54 0.01 8 7.26632 0.01
r 56 0.01 8 9.05927 0.01
r 58 0.01 8 8.11518 0.01
r 60 0.01 8 7.23574 0.01
r 62 0.01 8 5.39942 0.01
r 64 0.01 8 4.91521 0.01
r 66 0.01 8 4.67364 0.01
r 68 0.01 8 4.14113 0.01
r 70 0.01 8 3.82892 0.01
r 72 0.01 8 4.13229 0.01
r 74 0.01 8 4.61086 0.01
r 76 0.01 8 5.1195 0.01
r 78 0.01 8 5.75332 0.01
r 80 0.01 8 6.39792 0.01
