51 41 1.55 0.33
0 2 4 6 8 10 12 14 16 18 20 22 24 26 28 30 32 34 36 38 40 42 44 46 48 50 52 54 56 58 60 62 64 66 68 70 72 74 76 78 80 82 84 86 88 90 92 94 96 98 100 
0 0 0 0 0 0 0 0 0 0 0 0 0 0 0 0 0 0 0 0 0 0 0 0 0 0 0 0 0 0 0 0 0 0 0 0 0 0 0 0 0 0 0 0 0 0 0 0 0 0 0 
0 0.1 0.2 0.3 0.4 0.5 0.6 0.7 0.8 0.9 1 1.1 1.2 1.3 1.4 1.5 1.6 1.7 1.8 1.9 2 2.1 2.2 2.3 2.4 2.5 2.6 2.7 2.8 2.9 3 3.1 3.2 3.3 3.4 3.5 3.6 3.7 3.8 3.9 4 
1.57736 1.57731 1.57736 1.57731 1.57736 1.57732 1.57736 1.57732 1.57736 1.57732 1.57736 1.57732 1.57736 1.57732 1.57737 1.57732 1.57737 1.57732 1.57737 1.57732 1.57738 1.8 1.8 1.8 1.8 1.8 1.8 1.8 1.8 1.8 1.8 1.8 1.8 1.8 1.8 1.8 1.8 1.8 1.8 1.8 1.8 
1.57317 1.57325 1.57317 1.57327 1.57317 1.57326 1.57318 1.57324 1.57318 1.57326 1.57318 1.57326 1.57318 1.57326 1.57318 1.57326 1.57318 1.57325 1.57317 1.57328 1.57317 1.8 1.8 1.8 1.8 1.8 1.8 1.8 1.8 1.8 1.8 1.8 1.8 1.8 1.8 1.8 1.8 1.8 1.8 1.8 1.8 
1.56814 1.56805 1.56813 1.56806 1.56812 1.56807 1.56812 1.56805 1.56812 1.56807 1.56811 1.56806 1.56811 1.56806 1.56811 1.56806 1.56811 1.56804 1.56811 1.56805 1.56811 1.8 1.8 1.8 1.8 1.8 1.8 1.8 1.8 1.8 1.8 1.8 1.8 1.8 1.8 1.8 1.8 1.8 1.8 1.8 1.8 
1.56425 1.56443 1.56426 1.56443 1.56426 1.56443 1.56426 1.56439 1.56426 1.56441 1.56426 1.56441 1.56426 1.56441 1.56425 1.56442 1.56424 1.56439 1.56423 1.56442 1.56421 1.8 1.8 1.8 1.8 1.8 1.8 1.8 1.8 1.8 1.8 1.8 1.8 1.8 1.8 1.8 1.8 1.8 1.8 1.8 1.8 
1.55721 1.55713 1.55721 1.55715 1.5572 1.55715 1.55719 1.55713 1.55719 1.55715 1.55719 1.55715 1.55719 1.55714 1.55718 1.55714 1.55719 1.5571 1.55719 1.55711 1.55717 1.8 1.8 1.8 1.8 1.8 1.8 1.8 1.8 1.8 1.8 1.8 1.8 1.8 1.8 1.8 1.8 1.8 1.8 1.8 1.8 
1.54945 1.54951 1.54945 1.54939 1.54945 1.54939 1.54944 1.54948 1.54944 1.54939 1.54944 1.54939 1.54944 1.54939 1.54943 1.54939 1.54944 1.54948 1.54944 1.54936 1.54943 1.8 1.8 1.8 1.8 1.8 1.8 1.8 1.8 1.8 1.8 1.8 1.8 1.8 1.8 1.8 1.8 1.8 1.8 1.8 1.8 
1.54073 1.5407 1.54073 1.54072 1.54074 1.54071 1.54074 1.54069 1.54073 1.54071 1.54073 1.54072 1.54074 1.54072 1.54073 1.54071 1.54074 1.54068 1.54074 1.54071 1.54074 1.8 1.8 1.8 1.8 1.8 1.8 1.8 1.8 1.8 1.8 1.8 1.8 1.8 1.8 1.8 1.8 1.8 1.8 1.8 1.8 
1.53128 1.53125 1.53128 1.53127 1.53129 1.53126 1.5313 1.53133 1.53129 1.53127 1.53129 1.53127 1.5313 1.53128 1.5313 1.53127 1.5313 1.53133 1.5313 1.53127 1.5313 1.8 1.8 1.8 1.8 1.8 1.8 1.8 1.8 1.8 1.8 1.8 1.8 1.8 1.8 1.8 1.8 1.8 1.8 1.8 1.8 
1.5212 1.5212 1.52121 1.52123 1.52122 1.52123 1.52124 1.52121 1.52124 1.52124 1.52124 1.52124 1.52126 1.52125 1.52126 1.52125 1.52126 1.52131 1.52126 1.52136 1.52138 1.8 1.8 1.8 1.8 1.8 1.8 1.8 1.8 1.8 1.8 1.8 1.8 1.8 1.8 1.8 1.8 1.8 1.8 1.8 1.8 
1.51066 1.5107 1.51067 1.51067 1.51066 1.51068 1.51067 1.51068 1.51067 1.51068 1.51068 1.51067 1.51068 1.51068 1.51069 1.51068 1.51068 1.51066 1.51068 1.51071 1.51069 1.8 1.8 1.8 1.8 1.8 1.8 1.8 1.8 1.8 1.8 1.8 1.8 1.8 1.8 1.8 1.8 1.8 1.8 1.8 1.8 
1.49988 1.49986 1.49988 1.49987 1.49987 1.49987 1.49986 1.49986 1.49987 1.49988 1.49988 1.49987 1.49989 1.49987 1.49988 1.49988 1.49988 1.49988 1.49989 1.49992 1.49989 1.8 1.8 1.8 1.8 1.8 1.8 1.8 1.8 1.8 1.8 1.8 1.8 1.8 1.8 1.8 1.8 1.8 1.8 1.8 1.8 
1.48907 1.48909 1.48911 1.48909 1.48911 1.4891 1.4891 1.48909 1.48912 1.48912 1.48915 1.48913 1.48913 1.48913 1.48914 1.48916 1.48915 1.48918 1.48918 1.4892 1.48911 1.8 1.8 1.8 1.8 1.8 1.8 1.8 1.8 1.8 1.8 1.8 1.8 1.8 1.8 1.8 1.8 1.8 1.8 1.8 1.8 
1.47855 1.47857 1.47857 1.47858 1.47859 1.47859 1.47859 1.47862 1.47861 1.47861 1.47867 1.47866 1.47861 1.47862 1.47863 1.47865 1.47864 1.47865 1.47861 1.47857 1.47856 1.8 1.8 1.8 1.8 1.8 1.8 1.8 1.8 1.8 1.8 1.8 1.8 1.8 1.8 1.8 1.8 1.8 1.8 1.8 1.8 
1.46896 1.46897 1.46894 1.46896 1.46895 1.46896 1.46895 1.46899 1.46894 1.46894 1.46901 1.46895 1.46902 1.4689 1.4689 1.46897 1.46887 1.46887 1.46878 1.46882 1.46878 1.8 1.8 1.8 1.8 1.8 1.8 1.8 1.8 1.8 1.8 1.8 1.8 1.8 1.8 1.8 1.8 1.8 1.8 1.8 1.8 
1.46062 1.46061 1.46057 1.46058 1.46058 1.46057 1.46056 1.46059 1.46053 1.46051 1.46057 1.46051 1.46058 1.46046 1.46043 1.46043 1.46036 1.46033 1.46024 1.46022 1.46027 1.8 1.8 1.8 1.8 1.8 1.8 1.8 1.8 1.8 1.8 1.8 1.8 1.8 1.8 1.8 1.8 1.8 1.8 1.8 1.8 
1.45241 1.45156 1.45259 1.4529 1.45301 1.4531 1.45318 1.45312 1.45332 1.45339 1.45332 1.45361 1.45365 1.45391 1.454 1.4543 1.4545 1.45435 1.45387 1.45072 1.45025 1.8 1.8 1.8 1.8 1.8 1.8 1.8 1.8 1.8 1.8 1.8 1.8 1.8 1.8 1.8 1.8 1.8 1.8 1.8 1.8 
1.44861 1.44638 1.44703 1.44774 1.44807 1.44808 1.44804 1.44816 1.4482 1.44842 1.44836 1.44833 1.4483 1.44824 1.4478 1.44735 1.44632 1.44459 1.44223 1.44144 1.44579 1.8 1.8 1.8 1.8 1.8 1.8 1.8 1.8 1.8 1.8 1.8 1.8 1.8 1.8 1.8 1.8 1.8 1.8 1.8 1.8 
1.44986 1.44924 1.44839 1.44824 1.44804 1.44801 1.44763 1.44682 1.4463 1.44552 1.44455 1.44398 1.44298 1.44242 1.44152 1.44018 1.43949 1.43858 1.43831 1.44006 1.44206 1.8 1.8 1.8 1.8 1.8 1.8 1.8 1.8 1.8 1.8 1.8 1.8 1.8 1.8 1.8 1.8 1.8 1.8 1.8 1.8 
1.44714 1.44496 1.44512 1.44523 1.44599 1.44593 1.44574 1.44591 1.44582 1.4457 1.44569 1.44557 1.44565 1.44538 1.44437 1.44391 1.44318 1.44276 1.44463 1.44513 1.44531 1.8 1.8 1.8 1.8 1.8 1.8 1.8 1.8 1.8 1.8 1.8 1.8 1.8 1.8 1.8 1.8 1.8 1.8 1.8 1.8 
1.44639 1.44312 1.44346 1.44372 1.44382 1.44506 1.44579 1.44631 1.44698 1.44783 1.44833 1.44825 1.44785 1.44752 1.44816 1.44875 1.44909 1.45205 1.45398 1.45524 1.45264 1.8 1.8 1.8 1.8 1.8 1.8 1.8 1.8 1.8 1.8 1.8 1.8 1.8 1.8 1.8 1.8 1.8 1.8 1.8 1.8 
1.44996 1.44739 1.44808 1.44862 1.44907 1.44915 1.45051 1.45144 1.45185 1.45197 1.45247 1.45346 1.45485 1.45596 1.45663 1.45693 1.45858 1.45834 1.45634 1.45206 1.45027 1.8 1.8 1.8 1.8 1.8 1.8 1.8 1.8 1.8 1.8 1.8 1.8 1.8 1.8 1.8 1.8 1.8 1.8 1.8 1.8 
1.45712 1.45744 1.45634 1.45633 1.45638 1.45639 1.45607 1.4569 1.4574 1.45791 1.45826 1.45821 1.45805 1.45757 1.45633 1.45641 1.45554 1.45399 1.45297 1.45456 1.45616 1.8 1.8 1.8 1.8 1.8 1.8 1.8 1.8 1.8 1.8 1.8 1.8 1.8 1.8 1.8 1.8 1.8 1.8 1.8 1.8 
1.45237 1.45247 1.45317 1.45326 1.45388 1.45413 1.4539 1.45308 1.453 1.45245 1.45163 1.45108 1.45061 1.4502 1.45134 1.4519 1.45202 1.4532 1.45535 1.45657 1.45543 1.8 1.8 1.8 1.8 1.8 1.8 1.8 1.8 1.8 1.8 1.8 1.8 1.8 1.8 1.8 1.8 1.8 1.8 1.8 1.8 
1.45347 1.45484 1.45396 1.45337 1.4523 1.45147 1.45079 1.45016 1.44974 1.45028 1.45103 1.45112 1.45048 1.4507 1.45016 1.4501 1.45079 1.45186 1.45217 1.45248 1.45204 1.8 1.8 1.8 1.8 1.8 1.8 1.8 1.8 1.8 1.8 1.8 1.8 1.8 1.8 1.8 1.8 1.8 1.8 1.8 1.8 
1.45448 1.45702 1.45521 1.45373 1.45205 1.45083 1.45015 1.45044 1.4503 1.45016 1.44993 1.44914 1.44998 1.45044 1.45051 1.4508 1.45113 1.45059 1.45077 1.45172 1.45174 1.8 1.8 1.8 1.8 1.8 1.8 1.8 1.8 1.8 1.8 1.8 1.8 1.8 1.8 1.8 1.8 1.8 1.8 1.8 1.8 
1.45244 1.45215 1.45274 1.45314 1.45395 1.45474 1.45534 1.45418 1.45289 1.45132 1.45053 1.45211 1.45225 1.45236 1.45297 1.4528 1.45202 1.45176 1.45074 1.44836 1.44914 1.8 1.8 1.8 1.8 1.8 1.8 1.8 1.8 1.8 1.8 1.8 1.8 1.8 1.8 1.8 1.8 1.8 1.8 1.8 1.8 
1.45514 1.45812 1.45585 1.45376 1.45199 1.45079 1.45022 1.45078 1.45087 1.45058 1.45021 1.44939 1.45009 1.45044 1.45043 1.45066 1.4509 1.45037 1.45051 1.45163 1.45175 1.8 1.8 1.8 1.8 1.8 1.8 1.8 1.8 1.8 1.8 1.8 1.8 1.8 1.8 1.8 1.8 1.8 1.8 1.8 1.8 
1.45374 1.45481 1.45423 1.45385 1.45323 1.45264 1.45204 1.45138 1.45101 1.45164 1.45222 1.45232 1.45175 1.45212 1.45192 1.45206 1.45297 1.45414 1.45461 1.45507 1.45401 1.8 1.8 1.8 1.8 1.8 1.8 1.8 1.8 1.8 1.8 1.8 1.8 1.8 1.8 1.8 1.8 1.8 1.8 1.8 1.8 
1.45367 1.45373 1.45418 1.45433 1.45491 1.45514 1.45517 1.45465 1.45493 1.4544 1.45365 1.45304 1.45236 1.45189 1.45291 1.45356 1.45395 1.45512 1.45729 1.45859 1.45731 1.8 1.8 1.8 1.8 1.8 1.8 1.8 1.8 1.8 1.8 1.8 1.8 1.8 1.8 1.8 1.8 1.8 1.8 1.8 1.8 
1.45831 1.45852 1.45732 1.45715 1.45713 1.45712 1.45658 1.4571 1.4575 1.45809 1.4583 1.45842 1.45835 1.45796 1.45669 1.45647 1.45523 1.4532 1.45203 1.4532 1.45512 1.8 1.8 1.8 1.8 1.8 1.8 1.8 1.8 1.8 1.8 1.8 1.8 1.8 1.8 1.8 1.8 1.8 1.8 1.8 1.8 
1.45002 1.44709 1.44791 1.44855 1.44908 1.44916 1.45051 1.4514 1.45177 1.45178 1.45224 1.45336 1.4547 1.45578 1.45639 1.45673 1.45837 1.45821 1.45633 1.452 1.44995 1.8 1.8 1.8 1.8 1.8 1.8 1.8 1.8 1.8 1.8 1.8 1.8 1.8 1.8 1.8 1.8 1.8 1.8 1.8 1.8 
1.4453 1.4414 1.44198 1.44243 1.44261 1.44393 1.44474 1.44524 1.44597 1.44678 1.44724 1.44704 1.44659 1.44675 1.44758 1.4481 1.44867 1.45167 1.45361 1.45473 1.45195 1.8 1.8 1.8 1.8 1.8 1.8 1.8 1.8 1.8 1.8 1.8 1.8 1.8 1.8 1.8 1.8 1.8 1.8 1.8 1.8 
1.44711 1.44444 1.44465 1.44472 1.44547 1.44548 1.44544 1.44567 1.44576 1.4458 1.44588 1.44588 1.44579 1.44543 1.44419 1.44362 1.44285 1.44235 1.44406 1.4445 1.44478 1.8 1.8 1.8 1.8 1.8 1.8 1.8 1.8 1.8 1.8 1.8 1.8 1.8 1.8 1.8 1.8 1.8 1.8 1.8 1.8 
1.45011 1.44963 1.44848 1.44825 1.44795 1.44774 1.44731 1.4466 1.44582 1.44499 1.44416 1.44332 1.44247 1.44171 1.44077 1.43978 1.43884 1.43782 1.43757 1.43975 1.44137 1.8 1.8 1.8 1.8 1.8 1.8 1.8 1.8 1.8 1.8 1.8 1.8 1.8 1.8 1.8 1.8 1.8 1.8 1.8 1.8 
1.44933 1.44689 1.44743 1.44819 1.44864 1.4488 1.44888 1.44899 1.44906 1.44923 1.44928 1.44929 1.44928 1.44908 1.44865 1.4481 1.44705 1.44528 1.44275 1.44156 1.44584 1.8 1.8 1.8 1.8 1.8 1.8 1.8 1.8 1.8 1.8 1.8 1.8 1.8 1.8 1.8 1.8 1.8 1.8 1.8 1.8 
1.45238 1.45158 1.45246 1.45281 1.45294 1.45305 1.45316 1.45328 1.45338 1.45353 1.45365 1.4538 1.45402 1.45426 1.45443 1.4547 1.45505 1.45531 1.4548 1.45217 1.45095 1.8 1.8 1.8 1.8 1.8 1.8 1.8 1.8 1.8 1.8 1.8 1.8 1.8 1.8 1.8 1.8 1.8 1.8 1.8 1.8 
1.46074 1.46069 1.46068 1.46069 1.46069 1.46069 1.46068 1.46067 1.46065 1.46063 1.46062 1.46061 1.46062 1.46059 1.46055 1.46053 1.46049 1.46044 1.46038 1.46029 1.4604 1.8 1.8 1.8 1.8 1.8 1.8 1.8 1.8 1.8 1.8 1.8 1.8 1.8 1.8 1.8 1.8 1.8 1.8 1.8 1.8 
1.46885 1.46884 1.46883 1.46885 1.46884 1.46884 1.46884 1.46883 1.46883 1.46882 1.46882 1.46881 1.46881 1.46879 1.46879 1.46879 1.46877 1.46875 1.46868 1.46861 1.46868 1.8 1.8 1.8 1.8 1.8 1.8 1.8 1.8 1.8 1.8 1.8 1.8 1.8 1.8 1.8 1.8 1.8 1.8 1.8 1.8 
1.4783 1.4783 1.47831 1.47833 1.47833 1.47833 1.47834 1.47836 1.47836 1.47836 1.47837 1.47838 1.47831 1.47837 1.47838 1.47841 1.4784 1.47836 1.47838 1.47832 1.47834 1.8 1.8 1.8 1.8 1.8 1.8 1.8 1.8 1.8 1.8 1.8 1.8 1.8 1.8 1.8 1.8 1.8 1.8 1.8 1.8 
1.48853 1.48854 1.48857 1.48856 1.48857 1.48856 1.48856 1.48853 1.48858 1.48859 1.48859 1.48859 1.48857 1.4886 1.48861 1.48863 1.48863 1.48866 1.48866 1.48866 1.48862 1.8 1.8 1.8 1.8 1.8 1.8 1.8 1.8 1.8 1.8 1.8 1.8 1.8 1.8 1.8 1.8 1.8 1.8 1.8 1.8 
1.49918 1.49916 1.49919 1.49917 1.49918 1.49918 1.49917 1.49917 1.49918 1.49918 1.49918 1.49918 1.49918 1.49918 1.49919 1.49919 1.49918 1.49921 1.4992 1.49922 1.49921 1.8 1.8 1.8 1.8 1.8 1.8 1.8 1.8 1.8 1.8 1.8 1.8 1.8 1.8 1.8 1.8 1.8 1.8 1.8 1.8 
1.5099 1.50988 1.5099 1.50991 1.5099 1.50991 1.50991 1.50991 1.50991 1.50991 1.50991 1.50991 1.50995 1.50992 1.50993 1.50992 1.50992 1.50994 1.50992 1.50996 1.50994 1.8 1.8 1.8 1.8 1.8 1.8 1.8 1.8 1.8 1.8 1.8 1.8 1.8 1.8 1.8 1.8 1.8 1.8 1.8 1.8 
1.52038 1.52038 1.52038 1.5204 1.52039 1.5204 1.5204 1.52038 1.5204 1.5204 1.5204 1.5204 1.52041 1.52041 1.52041 1.5204 1.52041 1.52043 1.52041 1.52044 1.52043 1.8 1.8 1.8 1.8 1.8 1.8 1.8 1.8 1.8 1.8 1.8 1.8 1.8 1.8 1.8 1.8 1.8 1.8 1.8 1.8 
1.53057 1.53055 1.53058 1.5306 1.53059 1.53059 1.5306 1.53063 1.53059 1.53059 1.5306 1.5306 1.5306 1.5306 1.5306 1.5306 1.53061 1.53061 1.53061 1.53062 1.53061 1.8 1.8 1.8 1.8 1.8 1.8 1.8 1.8 1.8 1.8 1.8 1.8 1.8 1.8 1.8 1.8 1.8 1.8 1.8 1.8 
1.54014 1.54012 1.54015 1.54016 1.54016 1.54015 1.54017 1.54012 1.54016 1.54016 1.54016 1.54016 1.54016 1.54017 1.54016 1.54016 1.54017 1.54017 1.54017 1.54017 1.54018 1.8 1.8 1.8 1.8 1.8 1.8 1.8 1.8 1.8 1.8 1.8 1.8 1.8 1.8 1.8 1.8 1.8 1.8 1.8 1.8 
1.54898 1.5491 1.54899 1.54898 1.54899 1.54898 1.54899 1.54906 1.54898 1.54898 1.54898 1.54898 1.54898 1.54898 1.54898 1.54898 1.54898 1.54897 1.54898 1.54897 1.54898 1.8 1.8 1.8 1.8 1.8 1.8 1.8 1.8 1.8 1.8 1.8 1.8 1.8 1.8 1.8 1.8 1.8 1.8 1.8 1.8 
1.55695 1.5569 1.55695 1.55694 1.55695 1.55694 1.55694 1.5569 1.55695 1.55694 1.55694 1.55695 1.55695 1.55694 1.55694 1.55695 1.55695 1.55694 1.55695 1.55694 1.55694 1.8 1.8 1.8 1.8 1.8 1.8 1.8 1.8 1.8 1.8 1.8 1.8 1.8 1.8 1.8 1.8 1.8 1.8 1.8 1.8 
1.56338 1.56358 1.56338 1.56337 1.56337 1.56337 1.56336 1.56351 1.56336 1.56336 1.56336 1.56336 1.56335 1.56335 1.56335 1.56335 1.56334 1.56334 1.56334 1.56332 1.56332 1.8 1.8 1.8 1.8 1.8 1.8 1.8 1.8 1.8 1.8 1.8 1.8 1.8 1.8 1.8 1.8 1.8 1.8 1.8 1.8 
1.56827 1.5682 1.56826 1.56825 1.56825 1.56825 1.56824 1.56821 1.56825 1.56825 1.56825 1.56824 1.56824 1.56824 1.56824 1.56824 1.56824 1.56824 1.56824 1.56824 1.56823 1.8 1.8 1.8 1.8 1.8 1.8 1.8 1.8 1.8 1.8 1.8 1.8 1.8 1.8 1.8 1.8 1.8 1.8 1.8 1.8 
1.57242 1.57236 1.57241 1.57242 1.57241 1.57242 1.57242 1.57237 1.57242 1.57242 1.57242 1.57242 1.57242 1.57242 1.57242 1.57242 1.57242 1.57242 1.57242 1.57242 1.57242 1.8 1.8 1.8 1.8 1.8 1.8 1.8 1.8 1.8 1.8 1.8 1.8 1.8 1.8 1.8 1.8 1.8 1.8 1.8 1.8 
1.57818 1.57816 1.57819 1.57819 1.57819 1.57819 1.57819 1.57817 1.57819 1.57819 1.57819 1.57819 1.5782 1.5782 1.5782 1.5782 1.5782 1.5782 1.5782 1.57821 1.57821 1.8 1.8 1.8 1.8 1.8 1.8 1.8 1.8 1.8 1.8 1.8 1.8 1.8 1.8 1.8 1.8 1.8 1.8 1.8 1.8 
