5
s 30 2 402
r 30 0.01 2 1.3694 0.01
r 30.2 0.01 2 1.37655 0.01
r 30.4 0.01 2 1.39731 0.01
r 30.6 0.01 2 1.43113 0.01
r 30.8 0.01 2 1.47714 0.01
r 31 0.01 2 1.53407 0.01
r 31.2 0.01 2 1.60104 0.01
r 31.4 0.01 2 1.67676 0.01
r 31.6 0.01 2 1.76003 0.01
r 31.8 0.01 2 1.84999 0.01
r 32 0.01 2 1.94566 0.01
r 32.2 0.01 2 2.04599 0.01
r 32.4 0.01 2 2.15047 0.01
r 32.6 0.01 2 2.25879 0.01
r 32.8 0.01 2 2.37 0.01
r 33 0.01 2 2.48342 0.01
r 33.2 0.01 2 2.59971 0.01
r 33.4 0.01 2 2.71802 0.01
r 33.6 0.01 2 2.83813 0.01
r 33.8 0.01 2 2.95983 0.01
r 34 0.01 2 3.08292 0.01
r 34.2 0.01 2 3.20721 0.01
r 34.4 0.01 2 3.33272 0.01
r 34.6 0.01 2 3.45928 0.01
r 34.8 0.01 2 3.58677 0.01
r 35 0.01 2 3.71506 0.01
r 35.2 0.01 2 3.84413 0.01
r 35.4 0.01 2 3.97387 0.01
r 35.6 0.01 2 4.10416 0.01
r 35.8 0.01 2 4.23506 0.01
r 36 0.01 2 4.36648 0.01
r 36.2 0.01 2 4.49834 0.01
r 36.4 0.01 2 4.63059 0.01
r 36.6 0.01 2 4.76323 0.01
r 36.8 0.01 2 4.89622 0.01
r 37 0.01 2 5.02949 0.01
r 37.2 0.01 2 5.16309 0.01
r 37.4 0.01 2 5.29696 0.01
r 37.6 0.01 2 5.43113 0.01
r 37.8 0.01 2 5.5654 0.01
r 38 0.01 2 5.69997 0.01
r 38.2 0.01 2 5.83472 0.01
r 38.4 0.01 2 5.96963 0.01
r 38.6 0.01 2 6.10463 0.01
r 38.8 0.01 2 6.23974 0.01
r 39 0.01 2 6.37488 0.01
r 39.2 0.01 2 6.51016 0.01
r 39.4 0.01 2 6.64552 0.01
r 39.6 0.01 2 6.78089 0.01
r 39.8 0.01 2 6.91637 0.01
r 40 0.01 2 7.0519 0.01
r 40.2 0.01 2 7.18734 0.01
r 40.4 0.01 2 7.32287 0.01
r 40.6 0.01 2 7.45841 0.01
r 40.8 0.01 2 7.59377 0.01
r 41 0.01 2 7.72918 0.01
r 41.2 0.01 2 7.8646 0.01
r 41.4 0.01 2 8.00005 0.01
r 41.6 0.01 2 8.13553 0.01
r 41.8 0.01 2 8.27081 0.01
r 42 0.01 2 8.40611 0.01
r 42.2 0.01 2 8.54148 0.01
r 42.4 0.01 2 8.67698 0.01
r 42.6 0.01 2 8.81269 0.01
r 42.8 0.01 2 8.94848 0.01
r 43 0.01 2 9.08399 0.01
r 43.2 0.01 2 9.21987 0.01
r 43.4 0.01 2 9.35583 0.01
r 43.6 0.01 2 9.49186 0.01
r 43.8 0.01 2 9.62797 0.01
r 44 0.01 2 9.76417 0.01
r 44.2 0.01 2 9.90042 0.01
r 44.4 0.01 2 10.0367 0.01
r 44.6 0.01 2 10.1729 0.01
r 44.8 0.01 2 10.3092 0.01
r 45 0.01 2 10.4455 0.01
r 45.2 0.01 2 10.5818 0.01
r 45.4 0.01 2 10.7181 0.01
r 45.6 0.01 2 10.8544 0.01
r 45.8 0.01 2 10.9908 0.01
r 46 0.01 2 11.1272 0.01
r 46.2 0.01 2 11.2636 0.01
r 46.4 0.01 2 11.4001 0.01
r 46.6 0.01 2 11.5365 0.01
r 46.8 0.01 2 11.673 0.01
r 47 0.01 2 11.8096 0.01
r 47.2 0.01 2 11.9462 0.01
r 47.4 0.01 2 12.0826 0.01
r 47.6 0.01 2 12.2192 0.01
r 47.8 0.01 2 12.3558 0.01
r 48 0.01 2 12.4924 0.01
r 48.2 0.01 2 12.629 0.01
r 48.4 0.01 2 12.7657 0.01
r 48.6 0.01 2 12.9025 0.01
r 48.8 0.01 2 13.0393 0.01
r 49 0.01 2 13.1763 0.01
r 49.2 0.01 2 13.3133 0.01
r 49.4 0.01 2 13.4503 0.01
r 49.6 0.01 2 13.5875 0.01
r 49.8 0.01 2 13.7247 0.01
r 50 0.01 2 13.862 0.01
r 50.2 0.01 2 13.9993 0.01
r 50.4 0.01 2 14.1366 0.01
r 50.6 0.01 2 14.2739 0.01
r 50.8 0.01 2 14.4112 0.01
r 51 0.01 2 14.5486 0.01
r 51.2 0.01 2 14.6858 0.01
r 51.4 0.01 2 14.8229 0.01
r 51.6 0.01 2 14.96 0.01
r 51.8 0.01 2 15.097 0.01
r 52 0.01 2 15.234 0.01
r 52.2 0.01 2 15.371 0.01
r 52.4 0.01 2 15.508 0.01
r 52.6 0.01 2 15.645 0.01
r 52.8 0.01 2 15.7821 0.01
r 53 0.01 2 15.9191 0.01
r 53.2 0.01 2 16.0562 0.01
r 53.4 0.01 2 16.1934 0.01
r 53.6 0.01 2 16.3306 0.01
r 53.8 0.01 2 16.4678 0.01
r 54 0.01 2 16.6051 0.01
r 54.2 0.01 2 16.7424 0.01
r 54.4 0.01 2 16.8798 0.01
r 54.6 0.01 2 17.0171 0.01
r 54.8 0.01 2 17.1545 0.01
r 55 0.01 2 17.2919 0.01
r 55.2 0.01 2 17.4293 0.01
r 55.4 0.01 2 17.5667 0.01
r 55.6 0.01 2 17.7041 0.01
r 55.8 0.01 2 17.8416 0.01
r 56 0.01 2 17.979 0.01
r 56.2 0.01 2 18.1165 0.01
r 56.4 0.01 2 18.2539 0.01
r 56.6 0.01 2 18.3913 0.01
r 56.8 0.01 2 18.5287 0.01
r 57 0.01 2 18.666 0.01
r 57.2 0.01 2 18.8032 0.01
r 57.4 0.01 2 18.9405 0.01
r 57.6 0.01 2 19.0776 0.01
r 57.8 0.01 2 19.2148 0.01
r 58 0.01 2 19.3519 0.01
r 58.2 0.01 2 19.489 0.01
r 58.4 0.01 2 19.6264 0.01
r 58.6 0.01 2 19.7637 0.01
r 58.8 0.01 2 19.9009 0.01
r 59 0.01 2 20.0389 0.01
r 59.2 0.01 2 20.1765 0.01
r 59.4 0.01 2 20.3142 0.01
r 59.6 0.01 2 20.4519 0.01
r 59.8 0.01 2 20.5897 0.01
r 60 0.01 2 20.7276 0.01
r 60.2 0.01 2 20.8657 0.01
r 60.4 0.01 2 21.0038 0.01
r 60.6 0.01 2 21.1418 0.01
r 60.8 0.01 2 21.2799 0.01
r 61 0.01 2 21.4177 0.01
r 61.2 0.01 2 21.5558 0.01
r 61.4 0.01 2 21.6941 0.01
r 61.6 0.01 2 21.8323 0.01
r 61.8 0.01 2 21.9706 0.01
r 62 0.01 2 22.109 0.01
r 62.2 0.01 2 22.2474 0.01
r 62.4 0.01 2 22.3857 0.01
r 62.6 0.01 2 22.524 0.01
r 62.8 0.01 2 22.6623 0.01
r 63 0.01 2 22.8003 0.01
r 63.2 0.01 2 22.9386 0.01
r 63.4 0.01 2 23.0768 0.01
r 63.6 0.01 2 23.2151 0.01
r 63.8 0.01 2 23.3533 0.01
r 64 0.01 2 23.4914 0.01
r 64.2 0.01 2 23.6296 0.01
r 64.4 0.01 2 23.7678 0.01
r 64.6 0.01 2 23.9059 0.01
r 64.8 0.01 2 24.044 0.01
r 65 0.01 2 24.1824 0.01
r 65.2 0.01 2 24.3205 0.01
r 65.4 0.01 2 24.4585 0.01
r 65.6 0.01 2 24.5965 0.01
r 65.8 0.01 2 24.7345 0.01
r 66 0.01 2 24.8724 0.01
r 66.2 0.01 2 25.0104 0.01
r 66.4 0.01 2 25.1483 0.01
r 66.6 0.01 2 25.2862 0.01
r 66.8 0.01 2 25.4242 0.01
r 67 0.01 2 25.5628 0.01
r 67.2 0.01 2 25.7008 0.01
r 67.4 0.01 2 25.8388 0.01
r 67.6 0.01 2 25.9767 0.01
r 67.8 0.01 2 26.1147 0.01
r 68 0.01 2 26.2527 0.01
r 68.2 0.01 2 26.3907 0.01
r 68.4 0.01 2 26.5286 0.01
r 68.6 0.01 2 26.6666 0.01
r 68.8 0.01 2 26.8045 0.01
r 69 0.01 2 26.9417 0.01
r 69.2 0.01 2 27.0795 0.01
r 69.4 0.01 2 27.2173 0.01
r 69.6 0.01 2 27.3551 0.01
r 69.8 0.01 2 27.4928 0.01
r 70 0.01 2 27.6305 0.01
r 30 0.01 3 4.12197 0.01
r 30.2 0.01 3 4.12612 0.01
r 30.4 0.01 3 4.13288 0.01
r 30.6 0.01 3 4.1452 0.01
r 30.8 0.01 3 4.16207 0.01
r 31 0.01 3 4.1834 0.01
r 31.2 0.01 3 4.2092 0.01
r 31.4 0.01 3 4.23944 0.01
r 31.6 0.01 3 4.27391 0.01
r 31.8 0.01 3 4.31234 0.01
r 32 0.01 3 4.35516 0.01
r 32.2 0.01 3 4.40166 0.01
r 32.4 0.01 3 4.45184 0.01
r 32.6 0.01 3 4.5059 0.01
r 32.8 0.01 3 4.56342 0.01
r 33 0.01 3 4.62413 0.01
r 33.2 0.01 3 4.68883 0.01
r 33.4 0.01 3 4.75637 0.01
r 33.6 0.01 3 4.82722 0.01
r 33.8 0.01 3 4.90102 0.01
r 34 0.01 3 4.97662 0.01
r 34.2 0.01 3 5.05819 0.01
r 34.4 0.01 3 5.13641 0.01
r 34.6 0.01 3 5.60407 0.01
r 34.8 0.01 3 5.31002 0.01
r 35 0.01 3 5.39681 0.01
r 35.2 0.01 3 5.48622 0.01
r 35.4 0.01 3 5.57928 0.01
r 35.6 0.01 3 5.69149 0.01
r 35.8 0.01 3 5.77417 0.01
r 36 0.01 3 5.86552 0.01
r 36.2 0.01 3 5.96554 0.01
r 36.4 0.01 3 6.07608 0.01
r 36.6 0.01 3 6.17728 0.01
r 36.8 0.01 3 6.28436 0.01
r 37 0.01 3 6.39285 0.01
r 37.2 0.01 3 6.51141 0.01
r 37.4 0.01 3 6.61877 0.01
r 37.6 0.01 3 6.72071 0.01
r 37.8 0.01 3 6.83254 0.01
r 38 0.01 3 6.95716 0.01
r 38.2 0.01 3 7.06369 0.01
r 38.4 0.01 3 7.17669 0.01
r 38.6 0.01 3 7.29908 0.01
r 38.8 0.01 3 7.42091 0.01
r 39 0.01 3 7.52622 0.01
r 39.2 0.01 3 7.64755 0.01
r 39.4 0.01 3 7.75205 0.01
r 39.6 0.01 3 7.85948 0.01
r 39.8 0.01 3 7.96048 0.01
r 40 0.01 3 8.08621 0.01
r 40.2 0.01 3 8.26177 0.01
r 40.4 0.01 3 8.35611 0.01
r 40.6 0.01 3 8.45833 0.01
r 40.8 0.01 3 8.56318 0.01
r 41 0.01 3 8.65111 0.01
r 41.2 0.01 3 8.76959 0.01
r 41.4 0.01 3 8.90984 0.01
r 41.6 0.01 3 9.02307 0.01
r 41.8 0.01 3 9.13761 0.01
r 42 0.01 3 9.25423 0.01
r 42.2 0.01 3 9.37177 0.01
r 42.4 0.01 3 9.49425 0.01
r 42.6 0.01 3 9.61797 0.01
r 42.8 0.01 3 9.74248 0.01
r 43 0.01 3 9.86686 0.01
r 43.2 0.01 3 9.99267 0.01
r 43.4 0.01 3 10.1192 0.01
r 43.6 0.01 3 10.2462 0.01
r 43.8 0.01 3 10.3737 0.01
r 44 0.01 3 10.5018 0.01
r 44.2 0.01 3 10.6303 0.01
r 44.4 0.01 3 10.7592 0.01
r 44.6 0.01 3 10.8889 0.01
r 44.8 0.01 3 11.0188 0.01
r 45 0.01 3 11.1544 0.01
r 45.2 0.01 3 11.2834 0.01
r 45.4 0.01 3 11.4134 0.01
r 45.6 0.01 3 11.5436 0.01
r 45.8 0.01 3 11.6754 0.01
r 46 0.01 3 11.8089 0.01
r 46.2 0.01 3 11.9419 0.01
r 46.4 0.01 3 12.0749 0.01
r 46.6 0.01 3 12.2082 0.01
r 46.8 0.01 3 12.3417 0.01
r 47 0.01 3 12.4722 0.01
r 47.2 0.01 3 12.6055 0.01
r 47.4 0.01 3 12.7495 0.01
r 47.6 0.01 3 12.8844 0.01
r 47.8 0.01 3 13.0188 0.01
r 48 0.01 3 13.1535 0.01
r 48.2 0.01 3 13.2886 0.01
r 48.4 0.01 3 13.4238 0.01
r 48.6 0.01 3 13.5591 0.01
r 48.8 0.01 3 13.6944 0.01
r 49 0.01 3 13.774 0.01
r 49.2 0.01 3 13.9031 0.01
r 49.4 0.01 3 14.0399 0.01
r 49.6 0.01 3 14.1715 0.01
r 49.8 0.01 3 14.306 0.01
r 50 0.01 3 14.4373 0.01
r 50.2 0.01 3 14.5689 0.01
r 50.4 0.01 3 14.7001 0.01
r 50.6 0.01 3 14.8323 0.01
r 50.8 0.01 3 14.9642 0.01
r 51 0.01 3 15.1003 0.01
r 51.2 0.01 3 15.2322 0.01
r 51.4 0.01 3 15.3651 0.01
r 51.6 0.01 3 15.4977 0.01
r 51.8 0.01 3 15.6313 0.01
r 52 0.01 3 15.7649 0.01
r 52.2 0.01 3 15.8986 0.01
r 52.4 0.01 3 16.0325 0.01
r 52.6 0.01 3 16.1667 0.01
r 52.8 0.01 3 16.301 0.01
r 53 0.01 3 16.436 0.01
r 53.2 0.01 3 16.567 0.01
r 53.4 0.01 3 16.7016 0.01
r 53.6 0.01 3 16.8368 0.01
r 53.8 0.01 3 16.9719 0.01
r 54 0.01 3 17.1072 0.01
r 54.2 0.01 3 17.2253 0.01
r 54.4 0.01 3 17.3609 0.01
r 54.6 0.01 3 17.5136 0.01
r 54.8 0.01 3 17.6491 0.01
r 55 0.01 3 17.7371 0.01
r 55.2 0.01 3 17.8718 0.01
r 55.4 0.01 3 18.0067 0.01
r 55.6 0.01 3 18.1414 0.01
r 55.8 0.01 3 18.2763 0.01
r 56 0.01 3 18.4118 0.01
r 56.2 0.01 3 18.5464 0.01
r 56.4 0.01 3 18.6816 0.01
r 56.6 0.01 3 18.8166 0.01
r 56.8 0.01 3 18.9517 0.01
r 57 0.01 3 19.076 0.01
r 57.2 0.01 3 19.2102 0.01
r 57.4 0.01 3 19.3445 0.01
r 57.6 0.01 3 19.4788 0.01
r 57.8 0.01 3 19.6132 0.01
r 58 0.01 3 19.7477 0.01
r 58.2 0.01 3 19.8823 0.01
r 58.4 0.01 3 20.0171 0.01
r 58.6 0.01 3 20.1522 0.01
r 58.8 0.01 3 20.2874 0.01
r 59 0.01 3 20.4205 0.01
r 59.2 0.01 3 20.5551 0.01
r 59.4 0.01 3 20.69 0.01
r 59.6 0.01 3 20.8251 0.01
r 59.8 0.01 3 20.9605 0.01
r 60 0.01 3 21.0959 0.01
r 60.2 0.01 3 21.2316 0.01
r 60.4 0.01 3 21.3674 0.01
r 60.6 0.01 3 21.5033 0.01
r 60.8 0.01 3 21.6392 0.01
r 61 0.01 3 21.776 0.01
r 61.2 0.01 3 21.9111 0.01
r 61.4 0.01 3 22.0465 0.01
r 61.6 0.01 3 22.1819 0.01
r 61.8 0.01 3 22.3174 0.01
r 62 0.01 3 22.4532 0.01
r 62.2 0.01 3 22.589 0.01
r 62.4 0.01 3 22.7246 0.01
r 62.6 0.01 3 22.8605 0.01
r 62.8 0.01 3 22.9964 0.01
r 63 0.01 3 23.1374 0.01
r 63.2 0.01 3 23.2724 0.01
r 63.4 0.01 3 23.4076 0.01
r 63.6 0.01 3 23.5428 0.01
r 63.8 0.01 3 23.6781 0.01
r 64 0.01 3 23.8135 0.01
r 64.2 0.01 3 23.9489 0.01
r 64.4 0.01 3 24.0844 0.01
r 64.6 0.01 3 24.22 0.01
r 64.8 0.01 3 24.3556 0.01
r 65 0.01 3 24.4992 0.01
r 65.2 0.01 3 24.6339 0.01
r 65.4 0.01 3 24.7688 0.01
r 65.6 0.01 3 24.9037 0.01
r 65.8 0.01 3 25.0388 0.01
r 66 0.01 3 25.1738 0.01
r 66.2 0.01 3 25.309 0.01
r 66.4 0.01 3 25.4444 0.01
r 66.6 0.01 3 25.5799 0.01
r 66.8 0.01 3 25.7155 0.01
r 67 0.01 3 25.8503 0.01
r 67.2 0.01 3 25.9866 0.01
r 67.4 0.01 3 26.1231 0.01
r 67.6 0.01 3 26.2596 0.01
r 67.8 0.01 3 26.3962 0.01
r 68 0.01 3 26.5295 0.01
r 68.2 0.01 3 26.6662 0.01
r 68.4 0.01 3 26.8028 0.01
r 68.6 0.01 3 26.9394 0.01
r 68.8 0.01 3 27.0762 0.01
r 69 0.01 3 27.2108 0.01
r 69.2 0.01 3 27.3471 0.01
r 69.4 0.01 3 27.4832 0.01
r 69.6 0.01 3 27.6194 0.01
r 69.8 0.01 3 27.7554 0.01
r 70 0.01 3 27.8916 0.01
s 40 2 402
r 30 0.01 2 7.03903 0.01
r 30.2 0.01 2 6.90409 0.01
r 30.4 0.01 2 6.76902 0.01
r 30.6 0.01 2 6.63395 0.01
r 30.8 0.01 2 6.49905 0.01
r 31 0.01 2 6.36427 0.01
r 31.2 0.01 2 6.22954 0.01
r 31.4 0.01 2 6.09489 0.01
r 31.6 0.01 2 5.96038 0.01
r 31.8 0.01 2 5.82593 0.01
r 32 0.01 2 5.69169 0.01
r 32.2 0.01 2 5.55756 0.01
r 32.4 0.01 2 5.42365 0.01
r 32.6 0.01 2 5.28998 0.01
r 32.8 0.01 2 5.15659 0.01
r 33 0.01 2 5.02355 0.01
r 33.2 0.01 2 4.89074 0.01
r 33.4 0.01 2 4.75825 0.01
r 33.6 0.01 2 4.62615 0.01
r 33.8 0.01 2 4.49448 0.01
r 34 0.01 2 4.36325 0.01
r 34.2 0.01 2 4.23254 0.01
r 34.4 0.01 2 4.10237 0.01
r 34.6 0.01 2 3.97227 0.01
r 34.8 0.01 2 3.84324 0.01
r 35 0.01 2 3.71441 0.01
r 35.2 0.01 2 3.5871 0.01
r 35.4 0.01 2 3.45955 0.01
r 35.6 0.01 2 3.33306 0.01
r 35.8 0.01 2 3.20762 0.01
r 36 0.01 2 3.08329 0.01
r 36.2 0.01 2 2.96051 0.01
r 36.4 0.01 2 2.83862 0.01
r 36.6 0.01 2 2.71863 0.01
r 36.8 0.01 2 2.6005 0.01
r 37 0.01 2 2.48386 0.01
r 37.2 0.01 2 2.37031 0.01
r 37.4 0.01 2 2.25896 0.01
r 37.6 0.01 2 2.15059 0.01
r 37.8 0.01 2 2.04601 0.01
r 38 0.01 2 1.94559 0.01
r 38.2 0.01 2 1.85023 0.01
r 38.4 0.01 2 1.76033 0.01
r 38.6 0.01 2 1.67711 0.01
r 38.8 0.01 2 1.60144 0.01
r 39 0.01 2 1.5347 0.01
r 39.2 0.01 2 1.47758 0.01
r 39.4 0.01 2 1.43158 0.01
r 39.6 0.01 2 1.39776 0.01
r 39.8 0.01 2 1.37701 0.01
r 40 0.01 2 1.36986 0.01
r 40.2 0.01 2 1.37649 0.01
r 40.4 0.01 2 1.39671 0.01
r 40.6 0.01 2 1.42997 0.01
r 40.8 0.01 2 1.47537 0.01
r 41 0.01 2 1.53276 0.01
r 41.2 0.01 2 1.598 0.01
r 41.4 0.01 2 1.67288 0.01
r 41.6 0.01 2 1.75535 0.01
r 41.8 0.01 2 1.84396 0.01
r 42 0.01 2 1.93836 0.01
r 42.2 0.01 2 2.03773 0.01
r 42.4 0.01 2 2.14141 0.01
r 42.6 0.01 2 2.24874 0.01
r 42.8 0.01 2 2.35927 0.01
r 43 0.01 2 2.47266 0.01
r 43.2 0.01 2 2.58819 0.01
r 43.4 0.01 2 2.70595 0.01
r 43.6 0.01 2 2.82544 0.01
r 43.8 0.01 2 2.94697 0.01
r 44 0.01 2 3.06922 0.01
r 44.2 0.01 2 3.19333 0.01
r 44.4 0.01 2 3.31801 0.01
r 44.6 0.01 2 3.44392 0.01
r 44.8 0.01 2 3.57059 0.01
r 45 0.01 2 3.69842 0.01
r 45.2 0.01 2 3.82638 0.01
r 45.4 0.01 2 3.95534 0.01
r 45.6 0.01 2 4.08487 0.01
r 45.8 0.01 2 4.21495 0.01
r 46 0.01 2 4.34554 0.01
r 46.2 0.01 2 4.47663 0.01
r 46.4 0.01 2 4.60811 0.01
r 46.6 0.01 2 4.73997 0.01
r 46.8 0.01 2 4.87217 0.01
r 47 0.01 2 5.00465 0.01
r 47.2 0.01 2 5.13747 0.01
r 47.4 0.01 2 5.27058 0.01
r 47.6 0.01 2 5.40389 0.01
r 47.8 0.01 2 5.53746 0.01
r 48 0.01 2 5.67123 0.01
r 48.2 0.01 2 5.80521 0.01
r 48.4 0.01 2 5.93944 0.01
r 48.6 0.01 2 6.07387 0.01
r 48.8 0.01 2 6.20852 0.01
r 49 0.01 2 6.34329 0.01
r 49.2 0.01 2 6.47827 0.01
r 49.4 0.01 2 6.6134 0.01
r 49.6 0.01 2 6.74868 0.01
r 49.8 0.01 2 6.88406 0.01
r 50 0.01 2 7.01973 0.01
r 50.2 0.01 2 7.15515 0.01
r 50.4 0.01 2 7.29063 0.01
r 50.6 0.01 2 7.42624 0.01
r 50.8 0.01 2 7.56182 0.01
r 51 0.01 2 7.69706 0.01
r 51.2 0.01 2 7.83248 0.01
r 51.4 0.01 2 7.9681 0.01
r 51.6 0.01 2 8.1034 0.01
r 51.8 0.01 2 8.23873 0.01
r 52 0.01 2 8.37411 0.01
r 52.2 0.01 2 8.5096 0.01
r 52.4 0.01 2 8.64526 0.01
r 52.6 0.01 2 8.78104 0.01
r 52.8 0.01 2 8.91674 0.01
r 53 0.01 2 9.05261 0.01
r 53.2 0.01 2 9.18867 0.01
r 53.4 0.01 2 9.32483 0.01
r 53.6 0.01 2 9.46111 0.01
r 53.8 0.01 2 9.59747 0.01
r 54 0.01 2 9.73393 0.01
r 54.2 0.01 2 9.87043 0.01
r 54.4 0.01 2 10.007 0.01
r 54.6 0.01 2 10.1437 0.01
r 54.8 0.01 2 10.2804 0.01
r 55 0.01 2 10.4171 0.01
r 55.2 0.01 2 10.5539 0.01
r 55.4 0.01 2 10.6907 0.01
r 55.6 0.01 2 10.8275 0.01
r 55.8 0.01 2 10.9644 0.01
r 56 0.01 2 11.1013 0.01
r 56.2 0.01 2 11.2383 0.01
r 56.4 0.01 2 11.3751 0.01
r 56.6 0.01 2 11.5119 0.01
r 56.8 0.01 2 11.6487 0.01
r 57 0.01 2 11.7855 0.01
r 57.2 0.01 2 11.9222 0.01
r 57.4 0.01 2 12.0589 0.01
r 57.6 0.01 2 12.1956 0.01
r 57.8 0.01 2 12.3322 0.01
r 58 0.01 2 12.4688 0.01
r 58.2 0.01 2 12.6055 0.01
r 58.4 0.01 2 12.7422 0.01
r 58.6 0.01 2 12.879 0.01
r 58.8 0.01 2 13.016 0.01
r 59 0.01 2 13.153 0.01
r 59.2 0.01 2 13.2903 0.01
r 59.4 0.01 2 13.4276 0.01
r 59.6 0.01 2 13.5651 0.01
r 59.8 0.01 2 13.7027 0.01
r 60 0.01 2 13.8405 0.01
r 60.2 0.01 2 13.9783 0.01
r 60.4 0.01 2 14.1161 0.01
r 60.6 0.01 2 14.2539 0.01
r 60.8 0.01 2 14.3895 0.01
r 61 0.01 2 14.528 0.01
r 61.2 0.01 2 14.666 0.01
r 61.4 0.01 2 14.804 0.01
r 61.6 0.01 2 14.9421 0.01
r 61.8 0.01 2 15.0787 0.01
r 62 0.01 2 15.2185 0.01
r 62.2 0.01 2 15.3542 0.01
r 62.4 0.01 2 15.4922 0.01
r 62.6 0.01 2 15.6301 0.01
r 62.8 0.01 2 15.768 0.01
r 63 0.01 2 15.9089 0.01
r 63.2 0.01 2 16.0485 0.01
r 63.4 0.01 2 16.1867 0.01
r 63.6 0.01 2 16.3239 0.01
r 63.8 0.01 2 16.4618 0.01
r 64 0.01 2 16.6014 0.01
r 64.2 0.01 2 16.7392 0.01
r 64.4 0.01 2 16.8763 0.01
r 64.6 0.01 2 17.0141 0.01
r 64.8 0.01 2 17.1536 0.01
r 65 0.01 2 17.2901 0.01
r 65.2 0.01 2 17.428 0.01
r 65.4 0.01 2 17.5659 0.01
r 65.6 0.01 2 17.7043 0.01
r 65.8 0.01 2 17.8422 0.01
r 66 0.01 2 17.9799 0.01
r 66.2 0.01 2 18.1177 0.01
r 66.4 0.01 2 18.256 0.01
r 66.6 0.01 2 18.3939 0.01
r 66.8 0.01 2 18.5316 0.01
r 67 0.01 2 18.675 0.01
r 67.2 0.01 2 18.813 0.01
r 67.4 0.01 2 18.951 0.01
r 67.6 0.01 2 19.0889 0.01
r 67.8 0.01 2 19.2269 0.01
r 68 0.01 2 19.3649 0.01
r 68.2 0.01 2 19.5029 0.01
r 68.4 0.01 2 19.6408 0.01
r 68.6 0.01 2 19.7788 0.01
r 68.8 0.01 2 19.9167 0.01
r 69 0.01 2 20.0449 0.01
r 69.2 0.01 2 20.1825 0.01
r 69.4 0.01 2 20.3202 0.01
r 69.6 0.01 2 20.4561 0.01
r 69.8 0.01 2 20.5927 0.01
r 70 0.01 2 20.7301 0.01
r 30 0.01 3 8.14047 0.01
r 30.2 0.01 3 7.96653 0.01
r 30.4 0.01 3 7.93785 0.01
r 30.6 0.01 3 7.73195 0.01
r 30.8 0.01 3 7.63047 0.01
r 31 0.01 3 7.54068 0.01
r 31.2 0.01 3 7.4073 0.01
r 31.4 0.01 3 7.30656 0.01
r 31.6 0.01 3 7.18748 0.01
r 31.8 0.01 3 7.0725 0.01
r 32 0.01 3 6.95104 0.01
r 32.2 0.01 3 6.84491 0.01
r 32.4 0.01 3 6.72654 0.01
r 32.6 0.01 3 6.59929 0.01
r 32.8 0.01 3 6.51689 0.01
r 33 0.01 3 6.48487 0.01
r 33.2 0.01 3 6.27915 0.01
r 33.4 0.01 3 6.17889 0.01
r 33.6 0.01 3 6.08055 0.01
r 33.8 0.01 3 6.01488 0.01
r 34 0.01 3 5.916 0.01
r 34.2 0.01 3 5.81317 0.01
r 34.4 0.01 3 5.69725 0.01
r 34.6 0.01 3 5.60127 0.01
r 34.8 0.01 3 5.49107 0.01
r 35 0.01 3 5.40655 0.01
r 35.2 0.01 3 5.31202 0.01
r 35.4 0.01 3 5.22668 0.01
r 35.6 0.01 3 5.1557 0.01
r 35.8 0.01 3 5.07828 0.01
r 36 0.01 3 4.97401 0.01
r 36.2 0.01 3 4.90522 0.01
r 36.4 0.01 3 4.8266 0.01
r 36.6 0.01 3 4.75435 0.01
r 36.8 0.01 3 4.69873 0.01
r 37 0.01 3 4.62853 0.01
r 37.2 0.01 3 4.56189 0.01
r 37.4 0.01 3 4.50474 0.01
r 37.6 0.01 3 4.45112 0.01
r 37.8 0.01 3 4.40115 0.01
r 38 0.01 3 4.35528 0.01
r 38.2 0.01 3 4.31271 0.01
r 38.4 0.01 3 4.27817 0.01
r 38.6 0.01 3 4.24063 0.01
r 38.8 0.01 3 4.21031 0.01
r 39 0.01 3 4.18409 0.01
r 39.2 0.01 3 4.16286 0.01
r 39.4 0.01 3 4.14615 0.01
r 39.6 0.01 3 4.13399 0.01
r 39.8 0.01 3 4.12738 0.01
r 40 0.01 3 4.12339 0.01
r 40.2 0.01 3 4.12551 0.01
r 40.4 0.01 3 4.13144 0.01
r 40.6 0.01 3 4.14232 0.01
r 40.8 0.01 3 4.15773 0.01
r 41 0.01 3 4.17824 0.01
r 41.2 0.01 3 4.20363 0.01
r 41.4 0.01 3 4.23137 0.01
r 41.6 0.01 3 4.26395 0.01
r 41.8 0.01 3 4.30074 0.01
r 42 0.01 3 4.43669 0.01
r 42.2 0.01 3 4.38673 0.01
r 42.4 0.01 3 4.43562 0.01
r 42.6 0.01 3 4.50163 0.01
r 42.8 0.01 3 4.56226 0.01
r 43 0.01 3 4.62219 0.01
r 43.2 0.01 3 4.67693 0.01
r 43.4 0.01 3 4.74101 0.01
r 43.6 0.01 3 4.80692 0.01
r 43.8 0.01 3 4.87738 0.01
r 44 0.01 3 4.95161 0.01
r 44.2 0.01 3 5.03081 0.01
r 44.4 0.01 3 5.11537 0.01
r 44.6 0.01 3 5.2047 0.01
r 44.8 0.01 3 5.29775 0.01
r 45 0.01 3 5.39106 0.01
r 45.2 0.01 3 5.49174 0.01
r 45.4 0.01 3 5.60473 0.01
r 45.6 0.01 3 5.69868 0.01
r 45.8 0.01 3 5.81136 0.01
r 46 0.01 3 5.91453 0.01
r 46.2 0.01 3 6.03712 0.01
r 46.4 0.01 3 6.13952 0.01
r 46.6 0.01 3 6.25422 0.01
r 46.8 0.01 3 6.38292 0.01
r 47 0.01 3 6.49417 0.01
r 47.2 0.01 3 6.61058 0.01
r 47.4 0.01 3 6.74067 0.01
r 47.6 0.01 3 6.85876 0.01
r 47.8 0.01 3 6.97782 0.01
r 48 0.01 3 7.11497 0.01
r 48.2 0.01 3 7.23973 0.01
r 48.4 0.01 3 7.36508 0.01
r 48.6 0.01 3 7.48998 0.01
r 48.8 0.01 3 7.62459 0.01
r 49 0.01 3 7.46921 0.01
r 49.2 0.01 3 7.5936 0.01
r 49.4 0.01 3 7.70346 0.01
r 49.6 0.01 3 7.83705 0.01
r 49.8 0.01 3 7.98127 0.01
r 50 0.01 3 8.07234 0.01
r 50.2 0.01 3 8.2115 0.01
r 50.4 0.01 3 8.39519 0.01
r 50.6 0.01 3 8.52791 0.01
r 50.8 0.01 3 8.60721 0.01
r 51 0.01 3 8.66631 0.01
r 51.2 0.01 3 8.7749 0.01
r 51.4 0.01 3 9.09665 0.01
r 51.6 0.01 3 9.22779 0.01
r 51.8 0.01 3 9.36114 0.01
r 52 0.01 3 9.49511 0.01
r 52.2 0.01 3 9.62141 0.01
r 52.4 0.01 3 9.66985 0.01
r 52.6 0.01 3 9.80804 0.01
r 52.8 0.01 3 9.92855 0.01
r 53 0.01 3 9.96791 0.01
r 53.2 0.01 3 10.0978 0.01
r 53.4 0.01 3 10.2257 0.01
r 53.6 0.01 3 10.3593 0.01
r 53.8 0.01 3 10.4997 0.01
r 54 0.01 3 10.6234 0.01
r 54.2 0.01 3 10.7604 0.01
r 54.4 0.01 3 10.8873 0.01
r 54.6 0.01 3 11.0321 0.01
r 54.8 0.01 3 11.1668 0.01
r 55 0.01 3 11.2896 0.01
r 55.2 0.01 3 11.3589 0.01
r 55.4 0.01 3 11.5013 0.01
r 55.6 0.01 3 11.6224 0.01
r 55.8 0.01 3 11.7435 0.01
r 56 0.01 3 11.8709 0.01
r 56.2 0.01 3 12.054 0.01
r 56.4 0.01 3 12.1318 0.01
r 56.6 0.01 3 12.2442 0.01
r 56.8 0.01 3 12.343 0.01
r 57 0.01 3 12.4574 0.01
r 57.2 0.01 3 12.596 0.01
r 57.4 0.01 3 12.7238 0.01
r 57.6 0.01 3 12.9108 0.01
r 57.8 0.01 3 13.0924 0.01
r 58 0.01 3 13.1498 0.01
r 58.2 0.01 3 13.2344 0.01
r 58.4 0.01 3 13.3625 0.01
r 58.6 0.01 3 13.5378 0.01
r 58.8 0.01 3 13.6557 0.01
r 59 0.01 3 13.7748 0.01
r 59.2 0.01 3 13.8967 0.01
r 59.4 0.01 3 14.0201 0.01
r 59.6 0.01 3 14.1448 0.01
r 59.8 0.01 3 14.2699 0.01
r 60 0.01 3 14.3952 0.01
r 60.2 0.01 3 14.5218 0.01
r 60.4 0.01 3 14.649 0.01
r 60.6 0.01 3 14.7775 0.01
r 60.8 0.01 3 14.9062 0.01
r 61 0.01 3 15.0377 0.01
r 61.2 0.01 3 15.1676 0.01
r 61.4 0.01 3 15.2986 0.01
r 61.6 0.01 3 15.4298 0.01
r 61.8 0.01 3 15.5615 0.01
r 62 0.01 3 15.6935 0.01
r 62.2 0.01 3 15.8317 0.01
r 62.4 0.01 3 15.9636 0.01
r 62.6 0.01 3 16.0959 0.01
r 62.8 0.01 3 16.2284 0.01
r 63 0.01 3 16.3614 0.01
r 63.2 0.01 3 16.4945 0.01
r 63.4 0.01 3 16.6277 0.01
r 63.6 0.01 3 16.7612 0.01
r 63.8 0.01 3 16.8949 0.01
r 64 0.01 3 17.0287 0.01
r 64.2 0.01 3 17.1628 0.01
r 64.4 0.01 3 17.2969 0.01
r 64.6 0.01 3 17.4312 0.01
r 64.8 0.01 3 17.5657 0.01
r 65 0.01 3 17.7001 0.01
r 65.2 0.01 3 17.8348 0.01
r 65.4 0.01 3 17.9696 0.01
r 65.6 0.01 3 18.1044 0.01
r 65.8 0.01 3 18.2394 0.01
r 66 0.01 3 18.3744 0.01
r 66.2 0.01 3 18.5096 0.01
r 66.4 0.01 3 18.645 0.01
r 66.6 0.01 3 18.7805 0.01
r 66.8 0.01 3 18.9161 0.01
r 67 0.01 3 19.0484 0.01
r 67.2 0.01 3 19.1834 0.01
r 67.4 0.01 3 19.3185 0.01
r 67.6 0.01 3 19.4537 0.01
r 67.8 0.01 3 19.5891 0.01
r 68 0.01 3 19.7246 0.01
r 68.2 0.01 3 19.8602 0.01
r 68.4 0.01 3 19.9959 0.01
r 68.6 0.01 3 20.1316 0.01
r 68.8 0.01 3 20.2674 0.01
r 69 0.01 3 20.4033 0.01
r 69.2 0.01 3 20.538 0.01
r 69.4 0.01 3 20.6729 0.01
r 69.6 0.01 3 20.8078 0.01
r 69.8 0.01 3 20.9428 0.01
r 70 0.01 3 21.0779 0.01
s 50 2 402
r 30 0.01 2 13.8578 0.01
r 30.2 0.01 2 13.721 0.01
r 30.4 0.01 2 13.5842 0.01
r 30.6 0.01 2 13.4472 0.01
r 30.8 0.01 2 13.3105 0.01
r 31 0.01 2 13.1732 0.01
r 31.2 0.01 2 13.0362 0.01
r 31.4 0.01 2 12.8991 0.01
r 31.6 0.01 2 12.762 0.01
r 31.8 0.01 2 12.6248 0.01
r 32 0.01 2 12.4876 0.01
r 32.2 0.01 2 12.3504 0.01
r 32.4 0.01 2 12.2133 0.01
r 32.6 0.01 2 12.0761 0.01
r 32.8 0.01 2 11.9391 0.01
r 33 0.01 2 11.8021 0.01
r 33.2 0.01 2 11.6651 0.01
r 33.4 0.01 2 11.5283 0.01
r 33.6 0.01 2 11.3914 0.01
r 33.8 0.01 2 11.2546 0.01
r 34 0.01 2 11.1179 0.01
r 34.2 0.01 2 10.9812 0.01
r 34.4 0.01 2 10.8445 0.01
r 34.6 0.01 2 10.7079 0.01
r 34.8 0.01 2 10.5712 0.01
r 35 0.01 2 10.4344 0.01
r 35.2 0.01 2 10.2977 0.01
r 35.4 0.01 2 10.161 0.01
r 35.6 0.01 2 10.0243 0.01
r 35.8 0.01 2 9.88753 0.01
r 36 0.01 2 9.75076 0.01
r 36.2 0.01 2 9.61401 0.01
r 36.4 0.01 2 9.47727 0.01
r 36.6 0.01 2 9.34053 0.01
r 36.8 0.01 2 9.20381 0.01
r 37 0.01 2 9.06711 0.01
r 37.2 0.01 2 8.93038 0.01
r 37.4 0.01 2 8.79368 0.01
r 37.6 0.01 2 8.65701 0.01
r 37.8 0.01 2 8.52037 0.01
r 38 0.01 2 8.38372 0.01
r 38.2 0.01 2 8.24716 0.01
r 38.4 0.01 2 8.11089 0.01
r 38.6 0.01 2 7.9744 0.01
r 38.8 0.01 2 7.83806 0.01
r 39 0.01 2 7.70183 0.01
r 39.2 0.01 2 7.56574 0.01
r 39.4 0.01 2 7.42982 0.01
r 39.6 0.01 2 7.29397 0.01
r 39.8 0.01 2 7.15818 0.01
r 40 0.01 2 7.02246 0.01
r 40.2 0.01 2 6.88712 0.01
r 40.4 0.01 2 6.75178 0.01
r 40.6 0.01 2 6.61658 0.01
r 40.8 0.01 2 6.48167 0.01
r 41 0.01 2 6.34713 0.01
r 41.2 0.01 2 6.21271 0.01
r 41.4 0.01 2 6.07874 0.01
r 41.6 0.01 2 5.94463 0.01
r 41.8 0.01 2 5.81086 0.01
r 42 0.01 2 5.6775 0.01
r 42.2 0.01 2 5.54441 0.01
r 42.4 0.01 2 5.41161 0.01
r 42.6 0.01 2 5.27901 0.01
r 42.8 0.01 2 5.14648 0.01
r 43 0.01 2 5.01397 0.01
r 43.2 0.01 2 4.88191 0.01
r 43.4 0.01 2 4.7501 0.01
r 43.6 0.01 2 4.61856 0.01
r 43.8 0.01 2 4.48727 0.01
r 44 0.01 2 4.35634 0.01
r 44.2 0.01 2 4.2258 0.01
r 44.4 0.01 2 4.09566 0.01
r 44.6 0.01 2 3.96605 0.01
r 44.8 0.01 2 3.83696 0.01
r 45 0.01 2 3.70859 0.01
r 45.2 0.01 2 3.58083 0.01
r 45.4 0.01 2 3.45385 0.01
r 45.6 0.01 2 3.32773 0.01
r 45.8 0.01 2 3.20259 0.01
r 46 0.01 2 3.07861 0.01
r 46.2 0.01 2 2.95577 0.01
r 46.4 0.01 2 2.83432 0.01
r 46.6 0.01 2 2.71446 0.01
r 46.8 0.01 2 2.59639 0.01
r 47 0.01 2 2.48063 0.01
r 47.2 0.01 2 2.36693 0.01
r 47.4 0.01 2 2.25594 0.01
r 47.6 0.01 2 2.14801 0.01
r 47.8 0.01 2 2.04371 0.01
r 48 0.01 2 1.9433 0.01
r 48.2 0.01 2 1.8481 0.01
r 48.4 0.01 2 1.75863 0.01
r 48.6 0.01 2 1.6758 0.01
r 48.8 0.01 2 1.6006 0.01
r 49 0.01 2 1.53394 0.01
r 49.2 0.01 2 1.47708 0.01
r 49.4 0.01 2 1.43129 0.01
r 49.6 0.01 2 1.39769 0.01
r 49.8 0.01 2 1.37713 0.01
r 50 0.01 2 1.37019 0.01
r 50.2 0.01 2 1.37712 0.01
r 50.4 0.01 2 1.39766 0.01
r 50.6 0.01 2 1.43125 0.01
r 50.8 0.01 2 1.47702 0.01
r 51 0.01 2 1.53377 0.01
r 51.2 0.01 2 1.60051 0.01
r 51.4 0.01 2 1.67569 0.01
r 51.6 0.01 2 1.7585 0.01
r 51.8 0.01 2 1.84794 0.01
r 52 0.01 2 1.94311 0.01
r 52.2 0.01 2 2.04351 0.01
r 52.4 0.01 2 2.1478 0.01
r 52.6 0.01 2 2.25572 0.01
r 52.8 0.01 2 2.36669 0.01
r 53 0.01 2 2.48006 0.01
r 53.2 0.01 2 2.59608 0.01
r 53.4 0.01 2 2.71411 0.01
r 53.6 0.01 2 2.83392 0.01
r 53.8 0.01 2 2.95533 0.01
r 54 0.01 2 3.07812 0.01
r 54.2 0.01 2 3.20203 0.01
r 54.4 0.01 2 3.32708 0.01
r 54.6 0.01 2 3.45309 0.01
r 54.8 0.01 2 3.57995 0.01
r 55 0.01 2 3.70754 0.01
r 55.2 0.01 2 3.83584 0.01
r 55.4 0.01 2 3.96477 0.01
r 55.6 0.01 2 4.09422 0.01
r 55.8 0.01 2 4.22421 0.01
r 56 0.01 2 4.35465 0.01
r 56.2 0.01 2 4.48548 0.01
r 56.4 0.01 2 4.6166 0.01
r 56.6 0.01 2 4.74803 0.01
r 56.8 0.01 2 4.87974 0.01
r 57 0.01 2 5.01168 0.01
r 57.2 0.01 2 5.14408 0.01
r 57.4 0.01 2 5.27648 0.01
r 57.6 0.01 2 5.40896 0.01
r 57.8 0.01 2 5.54164 0.01
r 58 0.01 2 5.67463 0.01
r 58.2 0.01 2 5.80788 0.01
r 58.4 0.01 2 5.94156 0.01
r 58.6 0.01 2 6.07548 0.01
r 58.8 0.01 2 6.20945 0.01
r 59 0.01 2 6.34366 0.01
r 59.2 0.01 2 6.47828 0.01
r 59.4 0.01 2 6.61314 0.01
r 59.6 0.01 2 6.7483 0.01
r 59.8 0.01 2 6.88361 0.01
r 60 0.01 2 7.01897 0.01
r 60.2 0.01 2 7.15472 0.01
r 60.4 0.01 2 7.29054 0.01
r 60.6 0.01 2 7.42642 0.01
r 60.8 0.01 2 7.56241 0.01
r 61 0.01 2 7.69855 0.01
r 61.2 0.01 2 7.83486 0.01
r 61.4 0.01 2 7.97131 0.01
r 61.6 0.01 2 8.10791 0.01
r 61.8 0.01 2 8.24429 0.01
r 62 0.01 2 8.38098 0.01
r 62.2 0.01 2 8.51778 0.01
r 62.4 0.01 2 8.65455 0.01
r 62.6 0.01 2 8.79133 0.01
r 62.8 0.01 2 8.92812 0.01
r 63 0.01 2 9.06492 0.01
r 63.2 0.01 2 9.20171 0.01
r 63.4 0.01 2 9.33848 0.01
r 63.6 0.01 2 9.47526 0.01
r 63.8 0.01 2 9.61203 0.01
r 64 0.01 2 9.74881 0.01
r 64.2 0.01 2 9.88559 0.01
r 64.4 0.01 2 10.0224 0.01
r 64.6 0.01 2 10.1591 0.01
r 64.8 0.01 2 10.2958 0.01
r 65 0.01 2 10.4325 0.01
r 65.2 0.01 2 10.5692 0.01
r 65.4 0.01 2 10.7059 0.01
r 65.6 0.01 2 10.8426 0.01
r 65.8 0.01 2 10.9792 0.01
r 66 0.01 2 11.1159 0.01
r 66.2 0.01 2 11.2526 0.01
r 66.4 0.01 2 11.3893 0.01
r 66.6 0.01 2 11.5261 0.01
r 66.8 0.01 2 11.6629 0.01
r 67 0.01 2 11.7998 0.01
r 67.2 0.01 2 11.9367 0.01
r 67.4 0.01 2 12.0738 0.01
r 67.6 0.01 2 12.2109 0.01
r 67.8 0.01 2 12.3479 0.01
r 68 0.01 2 12.4851 0.01
r 68.2 0.01 2 12.6222 0.01
r 68.4 0.01 2 12.7593 0.01
r 68.6 0.01 2 12.8964 0.01
r 68.8 0.01 2 13.0334 0.01
r 69 0.01 2 13.1707 0.01
r 69.2 0.01 2 13.3077 0.01
r 69.4 0.01 2 13.4444 0.01
r 69.6 0.01 2 13.5813 0.01
r 69.8 0.01 2 13.7182 0.01
r 70 0.01 2 13.855 0.01
r 30 0.01 3 14.4476 0.01
r 30.2 0.01 3 14.2957 0.01
r 30.4 0.01 3 14.1608 0.01
r 30.6 0.01 3 14.0474 0.01
r 30.8 0.01 3 13.9408 0.01
r 31 0.01 3 13.7631 0.01
r 31.2 0.01 3 13.6234 0.01
r 31.4 0.01 3 13.4905 0.01
r 31.6 0.01 3 13.378 0.01
r 31.8 0.01 3 13.249 0.01
r 32 0.01 3 13.0959 0.01
r 32.2 0.01 3 12.9631 0.01
r 32.4 0.01 3 12.8746 0.01
r 32.6 0.01 3 12.7156 0.01
r 32.8 0.01 3 12.5871 0.01
r 33 0.01 3 12.4336 0.01
r 33.2 0.01 3 12.3206 0.01
r 33.4 0.01 3 12.1876 0.01
r 33.6 0.01 3 12.0581 0.01
r 33.8 0.01 3 11.9161 0.01
r 34 0.01 3 11.7813 0.01
r 34.2 0.01 3 11.6691 0.01
r 34.4 0.01 3 11.5387 0.01
r 34.6 0.01 3 11.4451 0.01
r 34.8 0.01 3 11.2662 0.01
r 35 0.01 3 11.1372 0.01
r 35.2 0.01 3 11.0279 0.01
r 35.4 0.01 3 10.8782 0.01
r 35.6 0.01 3 10.8133 0.01
r 35.8 0.01 3 10.6253 0.01
r 36 0.01 3 10.5129 0.01
r 36.2 0.01 3 10.369 0.01
r 36.4 0.01 3 10.2424 0.01
r 36.6 0.01 3 10.1178 0.01
r 36.8 0.01 3 9.99205 0.01
r 37 0.01 3 9.86324 0.01
r 37.2 0.01 3 9.74813 0.01
r 37.4 0.01 3 9.62781 0.01
r 37.6 0.01 3 9.49613 0.01
r 37.8 0.01 3 9.37839 0.01
r 38 0.01 3 9.27025 0.01
r 38.2 0.01 3 9.12312 0.01
r 38.4 0.01 3 9.02314 0.01
r 38.6 0.01 3 8.89109 0.01
r 38.8 0.01 3 8.77976 0.01
r 39 0.01 3 8.66422 0.01
r 39.2 0.01 3 8.51519 0.01
r 39.4 0.01 3 8.39746 0.01
r 39.6 0.01 3 8.28374 0.01
r 39.8 0.01 3 8.17594 0.01
r 40 0.01 3 8.05772 0.01
r 40.2 0.01 3 7.94121 0.01
r 40.4 0.01 3 7.83382 0.01
r 40.6 0.01 3 7.72117 0.01
r 40.8 0.01 3 7.62244 0.01
r 41 0.01 3 7.4856 0.01
r 41.2 0.01 3 7.36705 0.01
r 41.4 0.01 3 7.26898 0.01
r 41.6 0.01 3 7.13286 0.01
r 41.8 0.01 3 7.02255 0.01
r 42 0.01 3 6.91887 0.01
r 42.2 0.01 3 6.83238 0.01
r 42.4 0.01 3 6.73168 0.01
r 42.6 0.01 3 6.62509 0.01
r 42.8 0.01 3 6.45401 0.01
r 43 0.01 3 6.3494 0.01
r 43.2 0.01 3 6.24815 0.01
r 43.4 0.01 3 6.13879 0.01
r 43.6 0.01 3 6.05415 0.01
r 43.8 0.01 3 5.94722 0.01
r 44 0.01 3 5.84872 0.01
r 44.2 0.01 3 5.75121 0.01
r 44.4 0.01 3 5.6575 0.01
r 44.6 0.01 3 5.56288 0.01
r 44.8 0.01 3 5.47216 0.01
r 45 0.01 3 5.37817 0.01
r 45.2 0.01 3 5.3153 0.01
r 45.4 0.01 3 5.20476 0.01
r 45.6 0.01 3 5.12128 0.01
r 45.8 0.01 3 5.04096 0.01
r 46 0.01 3 4.96274 0.01
r 46.2 0.01 3 4.88808 0.01
r 46.4 0.01 3 4.81549 0.01
r 46.6 0.01 3 4.74671 0.01
r 46.8 0.01 3 4.68053 0.01
r 47 0.01 3 4.61565 0.01
r 47.2 0.01 3 4.55532 0.01
r 47.4 0.01 3 4.49821 0.01
r 47.6 0.01 3 4.44517 0.01
r 47.8 0.01 3 4.39581 0.01
r 48 0.01 3 4.35017 0.01
r 48.2 0.01 3 4.30807 0.01
r 48.4 0.01 3 4.27017 0.01
r 48.6 0.01 3 4.23668 0.01
r 48.8 0.01 3 4.20735 0.01
r 49 0.01 3 4.1822 0.01
r 49.2 0.01 3 4.16154 0.01
r 49.4 0.01 3 4.14541 0.01
r 49.6 0.01 3 4.13381 0.01
r 49.8 0.01 3 4.12723 0.01
r 50 0.01 3 4.12433 0.01
r 50.2 0.01 3 4.12721 0.01
r 50.4 0.01 3 4.13376 0.01
r 50.6 0.01 3 4.14534 0.01
r 50.8 0.01 3 4.16144 0.01
r 51 0.01 3 4.18217 0.01
r 51.2 0.01 3 4.2072 0.01
r 51.4 0.01 3 4.2364 0.01
r 51.6 0.01 3 4.27011 0.01
r 51.8 0.01 3 4.30791 0.01
r 52 0.01 3 4.34978 0.01
r 52.2 0.01 3 4.3954 0.01
r 52.4 0.01 3 4.44498 0.01
r 52.6 0.01 3 4.4981 0.01
r 52.8 0.01 3 4.55529 0.01
r 53 0.01 3 4.617 0.01
r 53.2 0.01 3 4.67932 0.01
r 53.4 0.01 3 4.74692 0.01
r 53.6 0.01 3 4.81513 0.01
r 53.8 0.01 3 4.8871 0.01
r 54 0.01 3 4.96147 0.01
r 54.2 0.01 3 5.03935 0.01
r 54.4 0.01 3 5.1236 0.01
r 54.6 0.01 3 5.20199 0.01
r 54.8 0.01 3 5.31239 0.01
r 55 0.01 3 5.38045 0.01
r 55.2 0.01 3 5.46949 0.01
r 55.4 0.01 3 5.56688 0.01
r 55.6 0.01 3 5.67572 0.01
r 55.8 0.01 3 5.74258 0.01
r 56 0.01 3 5.83748 0.01
r 56.2 0.01 3 5.94573 0.01
r 56.4 0.01 3 6.03828 0.01
r 56.6 0.01 3 6.13442 0.01
r 56.8 0.01 3 6.24409 0.01
r 57 0.01 3 6.34501 0.01
r 57.2 0.01 3 6.45507 0.01
r 57.4 0.01 3 6.55475 0.01
r 57.6 0.01 3 6.66044 0.01
r 57.8 0.01 3 6.76703 0.01
r 58 0.01 3 6.87571 0.01
r 58.2 0.01 3 6.98646 0.01
r 58.4 0.01 3 7.09812 0.01
r 58.6 0.01 3 7.21141 0.01
r 58.8 0.01 3 7.32598 0.01
r 59 0.01 3 7.51488 0.01
r 59.2 0.01 3 7.61699 0.01
r 59.4 0.01 3 7.7199 0.01
r 59.6 0.01 3 7.8274 0.01
r 59.8 0.01 3 7.94472 0.01
r 60 0.01 3 8.04943 0.01
r 60.2 0.01 3 8.17498 0.01
r 60.4 0.01 3 8.28121 0.01
r 60.6 0.01 3 8.39546 0.01
r 60.8 0.01 3 8.51312 0.01
r 61 0.01 3 8.66666 0.01
r 61.2 0.01 3 8.77766 0.01
r 61.4 0.01 3 8.8898 0.01
r 61.6 0.01 3 9.00851 0.01
r 61.8 0.01 3 9.13144 0.01
r 62 0.01 3 9.2709 0.01
r 62.2 0.01 3 9.40123 0.01
r 62.4 0.01 3 9.49109 0.01
r 62.6 0.01 3 9.62947 0.01
r 62.8 0.01 3 9.74317 0.01
r 63 0.01 3 9.91066 0.01
r 63.2 0.01 3 10.0337 0.01
r 63.4 0.01 3 10.1266 0.01
r 63.6 0.01 3 10.2462 0.01
r 63.8 0.01 3 10.3833 0.01
r 64 0.01 3 10.5097 0.01
r 64.2 0.01 3 10.63 0.01
r 64.4 0.01 3 10.7512 0.01
r 64.6 0.01 3 11.0702 0.01
r 64.8 0.01 3 11.0243 0.01
r 65 0.01 3 11.1439 0.01
r 65.2 0.01 3 11.2692 0.01
r 65.4 0.01 3 11.3934 0.01
r 65.6 0.01 3 11.5195 0.01
r 65.8 0.01 3 11.6578 0.01
r 66 0.01 3 11.781 0.01
r 66.2 0.01 3 11.9307 0.01
r 66.4 0.01 3 12.0402 0.01
r 66.6 0.01 3 12.1739 0.01
r 66.8 0.01 3 12.299 0.01
r 67 0.01 3 12.4534 0.01
r 67.2 0.01 3 12.5797 0.01
r 67.4 0.01 3 12.716 0.01
r 67.6 0.01 3 12.8485 0.01
r 67.8 0.01 3 12.9806 0.01
r 68 0.01 3 13.1069 0.01
r 68.2 0.01 3 13.2494 0.01
r 68.4 0.01 3 13.3774 0.01
r 68.6 0.01 3 13.5394 0.01
r 68.8 0.01 3 13.6389 0.01
r 69 0.01 3 13.7809 0.01
r 69.2 0.01 3 13.8946 0.01
r 69.4 0.01 3 14.0759 0.01
r 69.6 0.01 3 14.2044 0.01
r 69.8 0.01 3 14.3103 0.01
r 70 0.01 3 14.4461 0.01
s 60 2 402
r 30 0.01 2 20.7296 0.01
r 30.2 0.01 2 20.5923 0.01
r 30.4 0.01 2 20.4548 0.01
r 30.6 0.01 2 20.3165 0.01
r 30.8 0.01 2 20.1792 0.01
r 31 0.01 2 20.0548 0.01
r 31.2 0.01 2 19.9169 0.01
r 31.4 0.01 2 19.7789 0.01
r 31.6 0.01 2 19.641 0.01
r 31.8 0.01 2 19.503 0.01
r 32 0.01 2 19.3649 0.01
r 32.2 0.01 2 19.2268 0.01
r 32.4 0.01 2 19.0888 0.01
r 32.6 0.01 2 18.9508 0.01
r 32.8 0.01 2 18.8128 0.01
r 33 0.01 2 18.6693 0.01
r 33.2 0.01 2 18.5315 0.01
r 33.4 0.01 2 18.3935 0.01
r 33.6 0.01 2 18.2557 0.01
r 33.8 0.01 2 18.1174 0.01
r 34 0.01 2 17.9795 0.01
r 34.2 0.01 2 17.8418 0.01
r 34.4 0.01 2 17.704 0.01
r 34.6 0.01 2 17.5656 0.01
r 34.8 0.01 2 17.4278 0.01
r 35 0.01 2 17.291 0.01
r 35.2 0.01 2 17.1516 0.01
r 35.4 0.01 2 17.0135 0.01
r 35.6 0.01 2 16.8756 0.01
r 35.8 0.01 2 16.7387 0.01
r 36 0.01 2 16.6006 0.01
r 36.2 0.01 2 16.461 0.01
r 36.4 0.01 2 16.3232 0.01
r 36.6 0.01 2 16.1858 0.01
r 36.8 0.01 2 16.0464 0.01
r 37 0.01 2 15.9055 0.01
r 37.2 0.01 2 15.7677 0.01
r 37.4 0.01 2 15.6299 0.01
r 37.6 0.01 2 15.492 0.01
r 37.8 0.01 2 15.3542 0.01
r 38 0.01 2 15.2168 0.01
r 38.2 0.01 2 15.0804 0.01
r 38.4 0.01 2 14.9424 0.01
r 38.6 0.01 2 14.8044 0.01
r 38.8 0.01 2 14.6665 0.01
r 39 0.01 2 14.5305 0.01
r 39.2 0.01 2 14.3926 0.01
r 39.4 0.01 2 14.2546 0.01
r 39.6 0.01 2 14.1167 0.01
r 39.8 0.01 2 13.9788 0.01
r 40 0.01 2 13.841 0.01
r 40.2 0.01 2 13.7033 0.01
r 40.4 0.01 2 13.5657 0.01
r 40.6 0.01 2 13.4282 0.01
r 40.8 0.01 2 13.2908 0.01
r 41 0.01 2 13.1536 0.01
r 41.2 0.01 2 13.0164 0.01
r 41.4 0.01 2 12.8793 0.01
r 41.6 0.01 2 12.7424 0.01
r 41.8 0.01 2 12.6055 0.01
r 42 0.01 2 12.4687 0.01
r 42.2 0.01 2 12.3319 0.01
r 42.4 0.01 2 12.1952 0.01
r 42.6 0.01 2 12.0584 0.01
r 42.8 0.01 2 11.9215 0.01
r 43 0.01 2 11.7846 0.01
r 43.2 0.01 2 11.6477 0.01
r 43.4 0.01 2 11.5107 0.01
r 43.6 0.01 2 11.3737 0.01
r 43.8 0.01 2 11.2367 0.01
r 44 0.01 2 11.0996 0.01
r 44.2 0.01 2 10.9626 0.01
r 44.4 0.01 2 10.8256 0.01
r 44.6 0.01 2 10.6886 0.01
r 44.8 0.01 2 10.5518 0.01
r 45 0.01 2 10.415 0.01
r 45.2 0.01 2 10.2782 0.01
r 45.4 0.01 2 10.1415 0.01
r 45.6 0.01 2 10.0048 0.01
r 45.8 0.01 2 9.86826 0.01
r 46 0.01 2 9.73177 0.01
r 46.2 0.01 2 9.59535 0.01
r 46.4 0.01 2 9.45902 0.01
r 46.6 0.01 2 9.32278 0.01
r 46.8 0.01 2 9.18663 0.01
r 47 0.01 2 9.05056 0.01
r 47.2 0.01 2 8.91492 0.01
r 47.4 0.01 2 8.77898 0.01
r 47.6 0.01 2 8.64316 0.01
r 47.8 0.01 2 8.5075 0.01
r 48 0.01 2 8.37193 0.01
r 48.2 0.01 2 8.2365 0.01
r 48.4 0.01 2 8.10111 0.01
r 48.6 0.01 2 7.96577 0.01
r 48.8 0.01 2 7.83006 0.01
r 49 0.01 2 7.6946 0.01
r 49.2 0.01 2 7.55924 0.01
r 49.4 0.01 2 7.42358 0.01
r 49.6 0.01 2 7.28792 0.01
r 49.8 0.01 2 7.15235 0.01
r 50 0.01 2 7.01688 0.01
r 50.2 0.01 2 6.88115 0.01
r 50.4 0.01 2 6.74571 0.01
r 50.6 0.01 2 6.61038 0.01
r 50.8 0.01 2 6.47521 0.01
r 51 0.01 2 6.34027 0.01
r 51.2 0.01 2 6.20543 0.01
r 51.4 0.01 2 6.0708 0.01
r 51.6 0.01 2 5.9364 0.01
r 51.8 0.01 2 5.80225 0.01
r 52 0.01 2 5.66836 0.01
r 52.2 0.01 2 5.53471 0.01
r 52.4 0.01 2 5.40133 0.01
r 52.6 0.01 2 5.26807 0.01
r 52.8 0.01 2 5.1351 0.01
r 53 0.01 2 5.00254 0.01
r 53.2 0.01 2 4.87011 0.01
r 53.4 0.01 2 4.73799 0.01
r 53.6 0.01 2 4.60625 0.01
r 53.8 0.01 2 4.47489 0.01
r 54 0.01 2 4.34389 0.01
r 54.2 0.01 2 4.21339 0.01
r 54.4 0.01 2 4.0834 0.01
r 54.6 0.01 2 3.95396 0.01
r 54.8 0.01 2 3.82509 0.01
r 55 0.01 2 3.69697 0.01
r 55.2 0.01 2 3.56943 0.01
r 55.4 0.01 2 3.44276 0.01
r 55.6 0.01 2 3.31696 0.01
r 55.8 0.01 2 3.19214 0.01
r 56 0.01 2 3.06838 0.01
r 56.2 0.01 2 2.94589 0.01
r 56.4 0.01 2 2.82479 0.01
r 56.6 0.01 2 2.70571 0.01
r 56.8 0.01 2 2.58787 0.01
r 57 0.01 2 2.47205 0.01
r 57.2 0.01 2 2.35886 0.01
r 57.4 0.01 2 2.24837 0.01
r 57.6 0.01 2 2.14107 0.01
r 57.8 0.01 2 2.03744 0.01
r 58 0.01 2 1.93811 0.01
r 58.2 0.01 2 1.84376 0.01
r 58.4 0.01 2 1.75521 0.01
r 58.6 0.01 2 1.67277 0.01
r 58.8 0.01 2 1.59792 0.01
r 59 0.01 2 1.53179 0.01
r 59.2 0.01 2 1.47537 0.01
r 59.4 0.01 2 1.43 0.01
r 59.6 0.01 2 1.39677 0.01
r 59.8 0.01 2 1.37658 0.01
r 60 0.01 2 1.36998 0.01
r 60.2 0.01 2 1.37717 0.01
r 60.4 0.01 2 1.39798 0.01
r 60.6 0.01 2 1.43185 0.01
r 60.8 0.01 2 1.47792 0.01
r 61 0.01 2 1.53526 0.01
r 61.2 0.01 2 1.60192 0.01
r 61.4 0.01 2 1.67766 0.01
r 61.6 0.01 2 1.76098 0.01
r 61.8 0.01 2 1.85099 0.01
r 62 0.01 2 1.94646 0.01
r 62.2 0.01 2 2.04698 0.01
r 62.4 0.01 2 2.15164 0.01
r 62.6 0.01 2 2.26007 0.01
r 62.8 0.01 2 2.37149 0.01
r 63 0.01 2 2.4852 0.01
r 63.2 0.01 2 2.60147 0.01
r 63.4 0.01 2 2.71987 0.01
r 63.6 0.01 2 2.83988 0.01
r 63.8 0.01 2 2.96158 0.01
r 64 0.01 2 3.08461 0.01
r 64.2 0.01 2 3.20892 0.01
r 64.4 0.01 2 3.33428 0.01
r 64.6 0.01 2 3.4606 0.01
r 64.8 0.01 2 3.58789 0.01
r 65 0.01 2 3.71564 0.01
r 65.2 0.01 2 3.84436 0.01
r 65.4 0.01 2 3.97353 0.01
r 65.6 0.01 2 4.10332 0.01
r 65.8 0.01 2 4.23383 0.01
r 66 0.01 2 4.36423 0.01
r 66.2 0.01 2 4.49541 0.01
r 66.4 0.01 2 4.62705 0.01
r 66.6 0.01 2 4.75906 0.01
r 66.8 0.01 2 4.89152 0.01
r 67 0.01 2 5.02429 0.01
r 67.2 0.01 2 5.15729 0.01
r 67.4 0.01 2 5.29065 0.01
r 67.6 0.01 2 5.42428 0.01
r 67.8 0.01 2 5.55813 0.01
r 68 0.01 2 5.69222 0.01
r 68.2 0.01 2 5.82642 0.01
r 68.4 0.01 2 5.96083 0.01
r 68.6 0.01 2 6.09531 0.01
r 68.8 0.01 2 6.22992 0.01
r 69 0.01 2 6.3646 0.01
r 69.2 0.01 2 6.49938 0.01
r 69.4 0.01 2 6.63426 0.01
r 69.6 0.01 2 6.76932 0.01
r 69.8 0.01 2 6.90438 0.01
r 70 0.01 2 7.03932 0.01
r 30 0.01 3 21.0776 0.01
r 30.2 0.01 3 20.9426 0.01
r 30.4 0.01 3 20.8075 0.01
r 30.6 0.01 3 20.6726 0.01
r 30.8 0.01 3 20.5377 0.01
r 31 0.01 3 20.4016 0.01
r 31.2 0.01 3 20.2657 0.01
r 31.4 0.01 3 20.1299 0.01
r 31.6 0.01 3 19.9942 0.01
r 31.8 0.01 3 19.8584 0.01
r 32 0.01 3 19.7228 0.01
r 32.2 0.01 3 19.5872 0.01
r 32.4 0.01 3 19.4518 0.01
r 32.6 0.01 3 19.3165 0.01
r 32.8 0.01 3 19.1814 0.01
r 33 0.01 3 19.0513 0.01
r 33.2 0.01 3 18.9155 0.01
r 33.4 0.01 3 18.7798 0.01
r 33.6 0.01 3 18.6443 0.01
r 33.8 0.01 3 18.5089 0.01
r 34 0.01 3 18.3737 0.01
r 34.2 0.01 3 18.2386 0.01
r 34.4 0.01 3 18.1036 0.01
r 34.6 0.01 3 17.9687 0.01
r 34.8 0.01 3 17.834 0.01
r 35 0.01 3 17.6994 0.01
r 35.2 0.01 3 17.5648 0.01
r 35.4 0.01 3 17.4304 0.01
r 35.6 0.01 3 17.2961 0.01
r 35.8 0.01 3 17.162 0.01
r 36 0.01 3 17.0279 0.01
r 36.2 0.01 3 16.8941 0.01
r 36.4 0.01 3 16.7604 0.01
r 36.6 0.01 3 16.6269 0.01
r 36.8 0.01 3 16.4938 0.01
r 37 0.01 3 16.3606 0.01
r 37.2 0.01 3 16.2278 0.01
r 37.4 0.01 3 16.0952 0.01
r 37.6 0.01 3 15.963 0.01
r 37.8 0.01 3 15.8311 0.01
r 38 0.01 3 15.694 0.01
r 38.2 0.01 3 15.5621 0.01
r 38.4 0.01 3 15.4305 0.01
r 38.6 0.01 3 15.2994 0.01
r 38.8 0.01 3 15.1685 0.01
r 39 0.01 3 15.0373 0.01
r 39.2 0.01 3 14.9079 0.01
r 39.4 0.01 3 14.779 0.01
r 39.6 0.01 3 14.6509 0.01
r 39.8 0.01 3 14.5238 0.01
r 40 0.01 3 14.3975 0.01
r 40.2 0.01 3 14.2721 0.01
r 40.4 0.01 3 14.1471 0.01
r 40.6 0.01 3 14.0223 0.01
r 40.8 0.01 3 13.8983 0.01
r 41 0.01 3 13.7805 0.01
r 41.2 0.01 3 13.5979 0.01
r 41.4 0.01 3 13.4731 0.01
r 41.6 0.01 3 13.345 0.01
r 41.8 0.01 3 13.2474 0.01
r 42 0.01 3 13.0948 0.01
r 42.2 0.01 3 13.0123 0.01
r 42.4 0.01 3 12.8979 0.01
r 42.6 0.01 3 12.7013 0.01
r 42.8 0.01 3 12.5768 0.01
r 43 0.01 3 12.4722 0.01
r 43.2 0.01 3 12.3348 0.01
r 43.4 0.01 3 12.2021 0.01
r 43.6 0.01 3 12.1167 0.01
r 43.8 0.01 3 12.014 0.01
r 44 0.01 3 11.8527 0.01
r 44.2 0.01 3 11.7324 0.01
r 44.4 0.01 3 11.6001 0.01
r 44.6 0.01 3 11.4853 0.01
r 44.8 0.01 3 11.375 0.01
r 45 0.01 3 11.2957 0.01
r 45.2 0.01 3 11.1633 0.01
r 45.4 0.01 3 11.0328 0.01
r 45.6 0.01 3 10.9055 0.01
r 45.8 0.01 3 10.7627 0.01
r 46 0.01 3 10.6275 0.01
r 46.2 0.01 3 10.486 0.01
r 46.4 0.01 3 10.3544 0.01
r 46.6 0.01 3 10.2306 0.01
r 46.8 0.01 3 10.097 0.01
r 47 0.01 3 10.1543 0.01
r 47.2 0.01 3 10.0199 0.01
r 47.4 0.01 3 9.88595 0.01
r 47.6 0.01 3 9.75234 0.01
r 47.8 0.01 3 9.61932 0.01
r 48 0.01 3 9.48487 0.01
r 48.2 0.01 3 9.17787 0.01
r 48.4 0.01 3 9.13997 0.01
r 48.6 0.01 3 8.9627 0.01
r 48.8 0.01 3 8.88081 0.01
r 49 0.01 3 8.82526 0.01
r 49.2 0.01 3 8.69367 0.01
r 49.4 0.01 3 8.56257 0.01
r 49.6 0.01 3 8.43239 0.01
r 49.8 0.01 3 8.22626 0.01
r 50 0.01 3 8.09214 0.01
r 50.2 0.01 3 7.93716 0.01
r 50.4 0.01 3 7.81966 0.01
r 50.6 0.01 3 7.70193 0.01
r 50.8 0.01 3 7.57557 0.01
r 51 0.01 3 7.46437 0.01
r 51.2 0.01 3 7.35058 0.01
r 51.4 0.01 3 7.22597 0.01
r 51.6 0.01 3 7.11439 0.01
r 51.8 0.01 3 6.99511 0.01
r 52 0.01 3 6.88227 0.01
r 52.2 0.01 3 6.78426 0.01
r 52.4 0.01 3 6.65813 0.01
r 52.6 0.01 3 6.5553 0.01
r 52.8 0.01 3 6.44046 0.01
r 53 0.01 3 6.49919 0.01
r 53.2 0.01 3 6.37602 0.01
r 53.4 0.01 3 6.25271 0.01
r 53.6 0.01 3 6.13216 0.01
r 53.8 0.01 3 6.02143 0.01
r 54 0.01 3 5.91304 0.01
r 54.2 0.01 3 5.80953 0.01
r 54.4 0.01 3 5.69665 0.01
r 54.6 0.01 3 5.58935 0.01
r 54.8 0.01 3 5.49853 0.01
r 55 0.01 3 5.39679 0.01
r 55.2 0.01 3 5.30109 0.01
r 55.4 0.01 3 5.20153 0.01
r 55.6 0.01 3 5.11635 0.01
r 55.8 0.01 3 5.03377 0.01
r 56 0.01 3 4.95219 0.01
r 56.2 0.01 3 4.87563 0.01
r 56.4 0.01 3 4.8052 0.01
r 56.6 0.01 3 4.74138 0.01
r 56.8 0.01 3 4.6836 0.01
r 57 0.01 3 4.62926 0.01
r 57.2 0.01 3 4.57397 0.01
r 57.4 0.01 3 4.49906 0.01
r 57.6 0.01 3 4.43564 0.01
r 57.8 0.01 3 4.38643 0.01
r 58 0.01 3 4.34148 0.01
r 58.2 0.01 3 4.30072 0.01
r 58.4 0.01 3 4.26379 0.01
r 58.6 0.01 3 4.23149 0.01
r 58.8 0.01 3 4.20377 0.01
r 59 0.01 3 4.17776 0.01
r 59.2 0.01 3 4.15789 0.01
r 59.4 0.01 3 4.14253 0.01
r 59.6 0.01 3 4.13169 0.01
r 59.8 0.01 3 4.12581 0.01
r 60 0.01 3 4.12374 0.01
r 60.2 0.01 3 4.12782 0.01
r 60.4 0.01 3 4.13458 0.01
r 60.6 0.01 3 4.14687 0.01
r 60.8 0.01 3 4.1637 0.01
r 61 0.01 3 4.1892 0.01
r 61.2 0.01 3 4.21145 0.01
r 61.4 0.01 3 4.24184 0.01
r 61.6 0.01 3 4.27951 0.01
r 61.8 0.01 3 4.3142 0.01
r 62 0.01 3 4.35692 0.01
r 62.2 0.01 3 4.40293 0.01
r 62.4 0.01 3 4.45296 0.01
r 62.6 0.01 3 4.50662 0.01
r 62.8 0.01 3 4.56381 0.01
r 63 0.01 3 4.62979 0.01
r 63.2 0.01 3 4.69541 0.01
r 63.4 0.01 3 4.75717 0.01
r 63.6 0.01 3 4.82674 0.01
r 63.8 0.01 3 4.89989 0.01
r 64 0.01 3 4.97588 0.01
r 64.2 0.01 3 5.05547 0.01
r 64.4 0.01 3 5.13619 0.01
r 64.6 0.01 3 5.21966 0.01
r 64.8 0.01 3 5.3055 0.01
r 65 0.01 3 5.39659 0.01
r 65.2 0.01 3 5.4895 0.01
r 65.4 0.01 3 5.57747 0.01
r 65.6 0.01 3 5.67413 0.01
r 65.8 0.01 3 5.77027 0.01
r 66 0.01 3 5.87709 0.01
r 66.2 0.01 3 6.02492 0.01
r 66.4 0.01 3 6.07095 0.01
r 66.6 0.01 3 6.19398 0.01
r 66.8 0.01 3 6.28286 0.01
r 67 0.01 3 6.40787 0.01
r 67.2 0.01 3 6.503 0.01
r 67.4 0.01 3 6.6605 0.01
r 67.6 0.01 3 6.75427 0.01
r 67.8 0.01 3 6.83624 0.01
r 68 0.01 3 7.00292 0.01
r 68.2 0.01 3 7.06372 0.01
r 68.4 0.01 3 7.1856 0.01
r 68.6 0.01 3 7.31224 0.01
r 68.8 0.01 3 7.51392 0.01
r 69 0.01 3 7.50571 0.01
r 69.2 0.01 3 7.63781 0.01
r 69.4 0.01 3 7.73847 0.01
r 69.6 0.01 3 8.221 0.01
r 69.8 0.01 3 7.95815 0.01
r 70 0.01 3 8.07949 0.01
s 70 2 402
r 30 0.01 2 27.6317 0.01
r 30.2 0.01 2 27.494 0.01
r 30.4 0.01 2 27.3562 0.01
r 30.6 0.01 2 27.2184 0.01
r 30.8 0.01 2 27.0806 0.01
r 31 0.01 2 26.9435 0.01
r 31.2 0.01 2 26.8056 0.01
r 31.4 0.01 2 26.6677 0.01
r 31.6 0.01 2 26.5297 0.01
r 31.8 0.01 2 26.3917 0.01
r 32 0.01 2 26.2537 0.01
r 32.2 0.01 2 26.1156 0.01
r 32.4 0.01 2 25.9776 0.01
r 32.6 0.01 2 25.8396 0.01
r 32.8 0.01 2 25.7015 0.01
r 33 0.01 2 25.5596 0.01
r 33.2 0.01 2 25.4216 0.01
r 33.4 0.01 2 25.2836 0.01
r 33.6 0.01 2 25.1457 0.01
r 33.8 0.01 2 25.0077 0.01
r 34 0.01 2 24.8698 0.01
r 34.2 0.01 2 24.7318 0.01
r 34.4 0.01 2 24.5938 0.01
r 34.6 0.01 2 24.4558 0.01
r 34.8 0.01 2 24.3178 0.01
r 35 0.01 2 24.1793 0.01
r 35.2 0.01 2 24.0412 0.01
r 35.4 0.01 2 23.9031 0.01
r 35.6 0.01 2 23.7649 0.01
r 35.8 0.01 2 23.6267 0.01
r 36 0.01 2 23.4885 0.01
r 36.2 0.01 2 23.3504 0.01
r 36.4 0.01 2 23.212 0.01
r 36.6 0.01 2 23.0738 0.01
r 36.8 0.01 2 22.9357 0.01
r 37 0.01 2 22.8009 0.01
r 37.2 0.01 2 22.6626 0.01
r 37.4 0.01 2 22.5242 0.01
r 37.6 0.01 2 22.386 0.01
r 37.8 0.01 2 22.2445 0.01
r 38 0.01 2 22.1062 0.01
r 38.2 0.01 2 21.9682 0.01
r 38.4 0.01 2 21.83 0.01
r 38.6 0.01 2 21.6918 0.01
r 38.8 0.01 2 21.5537 0.01
r 39 0.01 2 21.4191 0.01
r 39.2 0.01 2 21.281 0.01
r 39.4 0.01 2 21.1429 0.01
r 39.6 0.01 2 21.0049 0.01
r 39.8 0.01 2 20.8669 0.01
r 40 0.01 2 20.7289 0.01
r 40.2 0.01 2 20.591 0.01
r 40.4 0.01 2 20.4532 0.01
r 40.6 0.01 2 20.3155 0.01
r 40.8 0.01 2 20.1778 0.01
r 41 0.01 2 20.0366 0.01
r 41.2 0.01 2 19.8992 0.01
r 41.4 0.01 2 19.7631 0.01
r 41.6 0.01 2 19.6258 0.01
r 41.8 0.01 2 19.4886 0.01
r 42 0.01 2 19.3515 0.01
r 42.2 0.01 2 19.2144 0.01
r 42.4 0.01 2 19.0772 0.01
r 42.6 0.01 2 18.94 0.01
r 42.8 0.01 2 18.8027 0.01
r 43 0.01 2 18.6659 0.01
r 43.2 0.01 2 18.5285 0.01
r 43.4 0.01 2 18.3911 0.01
r 43.6 0.01 2 18.2536 0.01
r 43.8 0.01 2 18.1161 0.01
r 44 0.01 2 17.9785 0.01
r 44.2 0.01 2 17.841 0.01
r 44.4 0.01 2 17.7035 0.01
r 44.6 0.01 2 17.5659 0.01
r 44.8 0.01 2 17.4285 0.01
r 45 0.01 2 17.2912 0.01
r 45.2 0.01 2 17.1538 0.01
r 45.4 0.01 2 17.0164 0.01
r 45.6 0.01 2 16.8791 0.01
r 45.8 0.01 2 16.7417 0.01
r 46 0.01 2 16.6043 0.01
r 46.2 0.01 2 16.4671 0.01
r 46.4 0.01 2 16.3298 0.01
r 46.6 0.01 2 16.1926 0.01
r 46.8 0.01 2 16.0554 0.01
r 47 0.01 2 15.9183 0.01
r 47.2 0.01 2 15.7811 0.01
r 47.4 0.01 2 15.644 0.01
r 47.6 0.01 2 15.5069 0.01
r 47.8 0.01 2 15.3698 0.01
r 48 0.01 2 15.2327 0.01
r 48.2 0.01 2 15.0956 0.01
r 48.4 0.01 2 14.9585 0.01
r 48.6 0.01 2 14.8213 0.01
r 48.8 0.01 2 14.6841 0.01
r 49 0.01 2 14.5467 0.01
r 49.2 0.01 2 14.4094 0.01
r 49.4 0.01 2 14.2721 0.01
r 49.6 0.01 2 14.1348 0.01
r 49.8 0.01 2 13.9974 0.01
r 50 0.01 2 13.8601 0.01
r 50.2 0.01 2 13.7228 0.01
r 50.4 0.01 2 13.5856 0.01
r 50.6 0.01 2 13.4485 0.01
r 50.8 0.01 2 13.3115 0.01
r 51 0.01 2 13.1745 0.01
r 51.2 0.01 2 13.0376 0.01
r 51.4 0.01 2 12.9008 0.01
r 51.6 0.01 2 12.7641 0.01
r 51.8 0.01 2 12.6275 0.01
r 52 0.01 2 12.4909 0.01
r 52.2 0.01 2 12.3544 0.01
r 52.4 0.01 2 12.2179 0.01
r 52.6 0.01 2 12.0815 0.01
r 52.8 0.01 2 11.945 0.01
r 53 0.01 2 11.8084 0.01
r 53.2 0.01 2 11.6719 0.01
r 53.4 0.01 2 11.5354 0.01
r 53.6 0.01 2 11.3989 0.01
r 53.8 0.01 2 11.2625 0.01
r 54 0.01 2 11.126 0.01
r 54.2 0.01 2 10.9896 0.01
r 54.4 0.01 2 10.8532 0.01
r 54.6 0.01 2 10.7168 0.01
r 54.8 0.01 2 10.5805 0.01
r 55 0.01 2 10.4442 0.01
r 55.2 0.01 2 10.308 0.01
r 55.4 0.01 2 10.1717 0.01
r 55.6 0.01 2 10.0355 0.01
r 55.8 0.01 2 9.89929 0.01
r 56 0.01 2 9.76311 0.01
r 56.2 0.01 2 9.62699 0.01
r 56.4 0.01 2 9.49095 0.01
r 56.6 0.01 2 9.355 0.01
r 56.8 0.01 2 9.21913 0.01
r 57 0.01 2 9.08338 0.01
r 57.2 0.01 2 8.94793 0.01
r 57.4 0.01 2 8.81224 0.01
r 57.6 0.01 2 8.67665 0.01
r 57.8 0.01 2 8.54125 0.01
r 58 0.01 2 8.406 0.01
r 58.2 0.01 2 8.27082 0.01
r 58.4 0.01 2 8.13564 0.01
r 58.6 0.01 2 8.00027 0.01
r 58.8 0.01 2 7.86492 0.01
r 59 0.01 2 7.7296 0.01
r 59.2 0.01 2 7.59427 0.01
r 59.4 0.01 2 7.459 0.01
r 59.6 0.01 2 7.32352 0.01
r 59.8 0.01 2 7.18803 0.01
r 60 0.01 2 7.05262 0.01
r 60.2 0.01 2 6.91714 0.01
r 60.4 0.01 2 6.78167 0.01
r 60.6 0.01 2 6.64631 0.01
r 60.8 0.01 2 6.51094 0.01
r 61 0.01 2 6.37569 0.01
r 61.2 0.01 2 6.24044 0.01
r 61.4 0.01 2 6.10527 0.01
r 61.6 0.01 2 5.97017 0.01
r 61.8 0.01 2 5.83517 0.01
r 62 0.01 2 5.70029 0.01
r 62.2 0.01 2 5.56558 0.01
r 62.4 0.01 2 5.43121 0.01
r 62.6 0.01 2 5.29691 0.01
r 62.8 0.01 2 5.16292 0.01
r 63 0.01 2 5.02925 0.01
r 63.2 0.01 2 4.89583 0.01
r 63.4 0.01 2 4.76273 0.01
r 63.6 0.01 2 4.62999 0.01
r 63.8 0.01 2 4.49765 0.01
r 64 0.01 2 4.3657 0.01
r 64.2 0.01 2 4.23421 0.01
r 64.4 0.01 2 4.10323 0.01
r 64.6 0.01 2 3.97288 0.01
r 64.8 0.01 2 3.84307 0.01
r 65 0.01 2 3.71396 0.01
r 65.2 0.01 2 3.58559 0.01
r 65.4 0.01 2 3.45806 0.01
r 65.6 0.01 2 3.33147 0.01
r 65.8 0.01 2 3.20594 0.01
r 66 0.01 2 3.08165 0.01
r 66.2 0.01 2 2.95856 0.01
r 66.4 0.01 2 2.83688 0.01
r 66.6 0.01 2 2.71679 0.01
r 66.8 0.01 2 2.59852 0.01
r 67 0.01 2 2.4827 0.01
r 67.2 0.01 2 2.3689 0.01
r 67.4 0.01 2 2.25776 0.01
r 67.6 0.01 2 2.1495 0.01
r 67.8 0.01 2 2.04509 0.01
r 68 0.01 2 1.94484 0.01
r 68.2 0.01 2 1.84925 0.01
r 68.4 0.01 2 1.75936 0.01
r 68.6 0.01 2 1.67616 0.01
r 68.8 0.01 2 1.60049 0.01
r 69 0.01 2 1.53376 0.01
r 69.2 0.01 2 1.4767 0.01
r 69.4 0.01 2 1.43073 0.01
r 69.6 0.01 2 1.39695 0.01
r 69.8 0.01 2 1.37623 0.01
r 70 0.01 2 1.3691 0.01
r 30 0.01 3 27.8927 0.01
r 30.2 0.01 3 27.756 0.01
r 30.4 0.01 3 27.6197 0.01
r 30.6 0.01 3 27.4835 0.01
r 30.8 0.01 3 27.3474 0.01
r 31 0.01 3 27.2121 0.01
r 31.2 0.01 3 27.0758 0.01
r 31.4 0.01 3 26.9392 0.01
r 31.6 0.01 3 26.8026 0.01
r 31.8 0.01 3 26.6658 0.01
r 32 0.01 3 26.529 0.01
r 32.2 0.01 3 26.3961 0.01
r 32.4 0.01 3 26.2595 0.01
r 32.6 0.01 3 26.123 0.01
r 32.8 0.01 3 25.9865 0.01
r 33 0.01 3 25.8518 0.01
r 33.2 0.01 3 25.7161 0.01
r 33.4 0.01 3 25.5805 0.01
r 33.6 0.01 3 25.445 0.01
r 33.8 0.01 3 25.3096 0.01
r 34 0.01 3 25.1745 0.01
r 34.2 0.01 3 25.0394 0.01
r 34.4 0.01 3 24.9044 0.01
r 34.6 0.01 3 24.7695 0.01
r 34.8 0.01 3 24.6347 0.01
r 35 0.01 3 24.4909 0.01
r 35.2 0.01 3 24.3553 0.01
r 35.4 0.01 3 24.2197 0.01
r 35.6 0.01 3 24.0842 0.01
r 35.8 0.01 3 23.9487 0.01
r 36 0.01 3 23.8132 0.01
r 36.2 0.01 3 23.6779 0.01
r 36.4 0.01 3 23.5426 0.01
r 36.6 0.01 3 23.4074 0.01
r 36.8 0.01 3 23.2724 0.01
r 37 0.01 3 23.132 0.01
r 37.2 0.01 3 22.9961 0.01
r 37.4 0.01 3 22.8602 0.01
r 37.6 0.01 3 22.7245 0.01
r 37.8 0.01 3 22.5889 0.01
r 38 0.01 3 22.4533 0.01
r 38.2 0.01 3 22.3177 0.01
r 38.4 0.01 3 22.1823 0.01
r 38.6 0.01 3 22.047 0.01
r 38.8 0.01 3 21.9117 0.01
r 39 0.01 3 21.7759 0.01
r 39.2 0.01 3 21.6398 0.01
r 39.4 0.01 3 21.5039 0.01
r 39.6 0.01 3 21.3681 0.01
r 39.8 0.01 3 21.2323 0.01
r 40 0.01 3 21.0966 0.01
r 40.2 0.01 3 20.9612 0.01
r 40.4 0.01 3 20.8258 0.01
r 40.6 0.01 3 20.6907 0.01
r 40.8 0.01 3 20.5558 0.01
r 41 0.01 3 20.4233 0.01
r 41.2 0.01 3 20.2878 0.01
r 41.4 0.01 3 20.1525 0.01
r 41.6 0.01 3 20.0174 0.01
r 41.8 0.01 3 19.8825 0.01
r 42 0.01 3 19.7478 0.01
r 42.2 0.01 3 19.6132 0.01
r 42.4 0.01 3 19.4787 0.01
r 42.6 0.01 3 19.3443 0.01
r 42.8 0.01 3 19.2099 0.01
r 43 0.01 3 19.086 0.01
r 43.2 0.01 3 18.9507 0.01
r 43.4 0.01 3 18.8156 0.01
r 43.6 0.01 3 18.6804 0.01
r 43.8 0.01 3 18.552 0.01
r 44 0.01 3 18.4168 0.01
r 44.2 0.01 3 18.2745 0.01
r 44.4 0.01 3 18.1395 0.01
r 44.6 0.01 3 18.0045 0.01
r 44.8 0.01 3 17.8694 0.01
r 45 0.01 3 17.7818 0.01
r 45.2 0.01 3 17.6461 0.01
r 45.4 0.01 3 17.4933 0.01
r 45.6 0.01 3 17.3575 0.01
r 45.8 0.01 3 17.222 0.01
r 46 0.01 3 17.0867 0.01
r 46.2 0.01 3 16.9687 0.01
r 46.4 0.01 3 16.8336 0.01
r 46.6 0.01 3 16.6986 0.01
r 46.8 0.01 3 16.5639 0.01
r 47 0.01 3 16.4316 0.01
r 47.2 0.01 3 16.2971 0.01
r 47.4 0.01 3 16.1598 0.01
r 47.6 0.01 3 16.009 0.01
r 47.8 0.01 3 15.8752 0.01
r 48 0.01 3 15.7615 0.01
r 48.2 0.01 3 15.6283 0.01
r 48.4 0.01 3 15.4946 0.01
r 48.6 0.01 3 15.3619 0.01
r 48.8 0.01 3 15.2291 0.01
r 49 0.01 3 15.0937 0.01
r 49.2 0.01 3 14.9611 0.01
r 49.4 0.01 3 14.8292 0.01
r 49.6 0.01 3 14.6975 0.01
r 49.8 0.01 3 14.5658 0.01
r 50 0.01 3 14.4347 0.01
r 50.2 0.01 3 14.3032 0.01
r 50.4 0.01 3 14.1591 0.01
r 50.6 0.01 3 14.0292 0.01
r 50.8 0.01 3 13.9 0.01
r 51 0.01 3 13.8364 0.01
r 51.2 0.01 3 13.7009 0.01
r 51.4 0.01 3 13.5655 0.01
r 51.6 0.01 3 13.4303 0.01
r 51.8 0.01 3 13.2952 0.01
r 52 0.01 3 13.1601 0.01
r 52.2 0.01 3 13.0252 0.01
r 52.4 0.01 3 12.8905 0.01
r 52.6 0.01 3 12.7559 0.01
r 52.8 0.01 3 12.6216 0.01
r 53 0.01 3 12.4864 0.01
r 53.2 0.01 3 12.3527 0.01
r 53.4 0.01 3 12.2192 0.01
r 53.6 0.01 3 12.0859 0.01
r 53.8 0.01 3 11.9525 0.01
r 54 0.01 3 11.8194 0.01
r 54.2 0.01 3 11.6866 0.01
r 54.4 0.01 3 11.5541 0.01
r 54.6 0.01 3 11.422 0.01
r 54.8 0.01 3 11.2894 0.01
r 55 0.01 3 11.157 0.01
r 55.2 0.01 3 11.0257 0.01
r 55.4 0.01 3 10.8949 0.01
r 55.6 0.01 3 10.7644 0.01
r 55.8 0.01 3 10.6341 0.01
r 56 0.01 3 10.5048 0.01
r 56.2 0.01 3 10.3764 0.01
r 56.4 0.01 3 10.2479 0.01
r 56.6 0.01 3 10.1207 0.01
r 56.8 0.01 3 9.99377 0.01
r 57 0.01 3 9.86737 0.01
r 57.2 0.01 3 9.74234 0.01
r 57.4 0.01 3 9.61791 0.01
r 57.6 0.01 3 9.49398 0.01
r 57.8 0.01 3 9.37081 0.01
r 58 0.01 3 9.24845 0.01
r 58.2 0.01 3 9.12621 0.01
r 58.4 0.01 3 9.00482 0.01
r 58.6 0.01 3 8.88428 0.01
r 58.8 0.01 3 8.76461 0.01
r 59 0.01 3 8.64496 0.01
r 59.2 0.01 3 8.52798 0.01
r 59.4 0.01 3 8.4135 0.01
r 59.6 0.01 3 8.30323 0.01
r 59.8 0.01 3 8.1941 0.01
r 60 0.01 3 8.07965 0.01
r 60.2 0.01 3 7.9814 0.01
r 60.4 0.01 3 7.83153 0.01
r 60.6 0.01 3 7.71184 0.01
r 60.8 0.01 3 7.60505 0.01
r 61 0.01 3 7.54503 0.01
r 61.2 0.01 3 7.41593 0.01
r 61.4 0.01 3 7.30279 0.01
r 61.6 0.01 3 7.18135 0.01
r 61.8 0.01 3 7.06654 0.01
r 62 0.01 3 6.96981 0.01
r 62.2 0.01 3 6.84011 0.01
r 62.4 0.01 3 6.72155 0.01
r 62.6 0.01 3 6.61364 0.01
r 62.8 0.01 3 6.50885 0.01
r 63 0.01 3 6.39537 0.01
r 63.2 0.01 3 6.28188 0.01
r 63.4 0.01 3 6.17869 0.01
r 63.6 0.01 3 6.07851 0.01
r 63.8 0.01 3 5.97558 0.01
r 64 0.01 3 5.87134 0.01
r 64.2 0.01 3 5.78626 0.01
r 64.4 0.01 3 5.68525 0.01
r 64.6 0.01 3 5.58 0.01
r 64.8 0.01 3 5.48401 0.01
r 65 0.01 3 5.39434 0.01
r 65.2 0.01 3 5.30622 0.01
r 65.4 0.01 3 5.22133 0.01
r 65.6 0.01 3 5.13537 0.01
r 65.8 0.01 3 5.05437 0.01
r 66 0.01 3 4.97622 0.01
r 66.2 0.01 3 4.89987 0.01
r 66.4 0.01 3 4.82618 0.01
r 66.6 0.01 3 4.75479 0.01
r 66.8 0.01 3 4.68731 0.01
r 67 0.01 3 4.62301 0.01
r 67.2 0.01 3 4.56194 0.01
r 67.4 0.01 3 4.50434 0.01
r 67.6 0.01 3 4.45038 0.01
r 67.8 0.01 3 4.4 0.01
r 68 0.01 3 4.35371 0.01
r 68.2 0.01 3 4.31097 0.01
r 68.4 0.01 3 4.27259 0.01
r 68.6 0.01 3 4.23815 0.01
r 68.8 0.01 3 4.20794 0.01
r 69 0.01 3 4.18227 0.01
r 69.2 0.01 3 4.16094 0.01
r 69.4 0.01 3 4.14413 0.01
r 69.6 0.01 3 4.13187 0.01
r 69.8 0.01 3 4.12519 0.01
r 70 0.01 3 4.12107 0.01
