5
s 30 2 31
r 20 0.01 0 3.7286 0.01
r 22 0.01 0 3.4533 0.01
r 24 0.01 0 3.17764 0.01
r 26 0.01 0 2.97845 0.01
r 28 0.01 0 1.88091 0.01
r 30 0.01 0 1.32667 0.01
r 32 0.01 0 1.88091 0.01
r 34 0.01 0 2.97845 0.01
r 36 0.01 0 3.31322 0.01
r 38 0.01 0 3.59083 0.01
r 40 0.01 0 3.8678 0.01
r 42 0.01 0 4.16759 0.01
r 44 0.01 0 4.47837 0.01
r 46 0.01 0 4.75376 0.01
r 48 0.01 0 5.04532 0.01
r 50 0.01 0 5.35149 0.01
r 52 0.01 0 5.62209 0.01
r 54 0.01 0 5.90662 0.01
r 56 0.01 0 6.20497 0.01
r 58 0.01 0 6.46859 0.01
r 60 0.01 0 6.72947 0.01
r 62 0.01 0 7.00404 0.01
r 64 0.01 0 7.28908 0.01
r 66 0.01 0 7.54563 0.01
r 68 0.01 0 7.80448 0.01
r 70 0.01 0 8.08499 0.01
r 72 0.01 0 8.33052 0.01
r 74 0.01 0 8.58001 0.01
r 76 0.01 0 8.84701 0.01
r 78 0.01 0 9.08407 0.01
r 80 0.01 0 9.32008 0.01
s 40 2 31
r 20 0.01 0 5.16063 0.01
r 22 0.01 0 4.8928 0.01
r 24 0.01 0 4.62346 0.01
r 26 0.01 0 4.37169 0.01
r 28 0.01 0 4.14313 0.01
r 30 0.01 0 3.86805 0.01
r 32 0.01 0 3.61696 0.01
r 34 0.01 0 3.37889 0.01
r 36 0.01 0 2.97845 0.01
r 38 0.01 0 1.88091 0.01
r 40 0.01 0 1.32667 0.01
r 42 0.01 0 1.88091 0.01
r 44 0.01 0 2.97845 0.01
r 46 0.01 0 3.45996 0.01
r 48 0.01 0 3.75571 0.01
r 50 0.01 0 4.07103 0.01
r 52 0.01 0 4.34739 0.01
r 54 0.01 0 4.63779 0.01
r 56 0.01 0 4.94843 0.01
r 58 0.01 0 5.22157 0.01
r 60 0.01 0 5.49404 0.01
r 62 0.01 0 5.77568 0.01
r 64 0.01 0 6.07861 0.01
r 66 0.01 0 6.34479 0.01
r 68 0.01 0 6.61766 0.01
r 70 0.01 0 6.91228 0.01
r 72 0.01 0 7.17217 0.01
r 74 0.01 0 7.43537 0.01
r 76 0.01 0 7.72081 0.01
r 78 0.01 0 7.97183 0.01
r 80 0.01 0 8.2229 0.01
s 50 2 31
r 20 0.01 0 6.59309 0.01
r 22 0.01 0 6.33788 0.01
r 24 0.01 0 6.08078 0.01
r 26 0.01 0 5.8375 0.01
r 28 0.01 0 5.61834 0.01
r 30 0.01 0 5.35326 0.01
r 32 0.01 0 5.10494 0.01
r 34 0.01 0 4.87523 0.01
r 36 0.01 0 4.60248 0.01
r 38 0.01 0 4.33061 0.01
r 40 0.01 0 4.07998 0.01
r 42 0.01 0 3.83811 0.01
r 44 0.01 0 3.56345 0.01
r 46 0.01 0 2.97845 0.01
r 48 0.01 0 1.88091 0.01
r 50 0.01 0 1.32667 0.01
r 52 0.01 0 1.88091 0.01
r 54 0.01 0 2.97845 0.01
r 56 0.01 0 3.67604 0.01
r 58 0.01 0 3.95341 0.01
r 60 0.01 0 4.23046 0.01
r 62 0.01 0 4.51832 0.01
r 64 0.01 0 4.83218 0.01
r 66 0.01 0 5.10786 0.01
r 68 0.01 0 5.38979 0.01
r 70 0.01 0 5.69744 0.01
r 72 0.01 0 5.96869 0.01
r 74 0.01 0 6.2423 0.01
r 76 0.01 0 6.5446 0.01
r 78 0.01 0 6.8099 0.01
r 80 0.01 0 7.07118 0.01
s 60 2 31
r 20 0.01 0 7.908 0.01
r 22 0.01 0 7.66593 0.01
r 24 0.01 0 7.42476 0.01
r 26 0.01 0 7.1898 0.01
r 28 0.01 0 6.98595 0.01
r 30 0.01 0 6.73155 0.01
r 32 0.01 0 6.49236 0.01
r 34 0.01 0 6.27283 0.01
r 36 0.01 0 6.0121 0.01
r 38 0.01 0 5.74869 0.01
r 40 0.01 0 5.5026 0.01
r 42 0.01 0 5.26936 0.01
r 44 0.01 0 4.99853 0.01
r 46 0.01 0 4.74974 0.01
r 48 0.01 0 4.50592 0.01
r 50 0.01 0 4.23124 0.01
r 52 0.01 0 3.98242 0.01
r 54 0.01 0 3.7301 0.01
r 56 0.01 0 2.97845 0.01
r 58 0.01 0 1.88091 0.01
r 60 0.01 0 1.32667 0.01
r 62 0.01 0 1.88091 0.01
r 64 0.01 0 2.97845 0.01
r 66 0.01 0 3.80581 0.01
r 68 0.01 0 4.09044 0.01
r 70 0.01 0 4.40755 0.01
r 72 0.01 0 4.68394 0.01
r 74 0.01 0 4.96445 0.01
r 76 0.01 0 5.2772 0.01
r 78 0.01 0 5.55107 0.01
r 80 0.01 0 5.82362 0.01
s 70 2 31
r 20 0.01 0 9.18354 0.01
r 22 0.01 0 8.95748 0.01
r 24 0.01 0 8.72976 0.01
r 26 0.01 0 8.51346 0.01
r 28 0.01 0 8.32059 0.01
r 30 0.01 0 8.08497 0.01
r 32 0.01 0 7.85778 0.01
r 34 0.01 0 7.65383 0.01
r 36 0.01 0 7.40542 0.01
r 38 0.01 0 7.15637 0.01
r 40 0.01 0 6.91974 0.01
r 42 0.01 0 6.69874 0.01
r 44 0.01 0 6.4411 0.01
r 46 0.01 0 6.19924 0.01
r 48 0.01 0 5.96491 0.01
r 50 0.01 0 5.69873 0.01
r 52 0.01 0 5.45282 0.01
r 54 0.01 0 5.20987 0.01
r 56 0.01 0 4.93601 0.01
r 58 0.01 0 4.66319 0.01
r 60 0.01 0 4.41512 0.01
r 62 0.01 0 4.16084 0.01
r 64 0.01 0 3.93005 0.01
r 66 0.01 0 2.97845 0.01
r 68 0.01 0 1.88091 0.01
r 70 0.01 0 1.32667 0.01
r 72 0.01 0 1.88091 0.01
r 74 0.01 0 2.97845 0.01
r 76 0.01 0 3.93005 0.01
r 78 0.01 0 4.25863 0.01
r 80 0.01 0 4.53563 0.01
