5
s 30 2 31
r 20 0.01 6 4.58537 0.01
r 22 0.01 6 4.1088 0.01
r 24 0.01 6 3.63401 0.01
r 26 0.01 6 3.19233 0.01
r 28 0.01 6 2.77017 0.01
r 30 0.01 6 2.55396 0.01
r 32 0.01 6 2.77354 0.01
r 34 0.01 6 3.20852 0.01
r 36 0.01 6 3.73917 0.01
r 38 0.01 6 4.22232 0.01
r 40 0.01 6 4.70095 0.01
r 42 0.01 6 5.18173 0.01
r 44 0.01 6 5.69648 0.01
r 46 0.01 6 6.1737 0.01
r 48 0.01 6 6.64988 0.01
r 50 0.01 6 7.15094 0.01
r 52 0.01 6 7.62447 0.01
r 54 0.01 6 8.08986 0.01
r 56 0.01 6 8.57549 0.01
r 58 0.01 6 9.03966 0.01
r 60 0.01 6 9.49481 0.01
r 62 0.01 6 9.94608 0.01
r 64 0.01 6 10.4108 0.01
r 66 0.01 6 10.858 0.01
r 68 0.01 6 11.2964 0.01
r 70 0.01 6 11.7411 0.01
r 72 0.01 6 12.176 0.01
r 74 0.01 6 12.5994 0.01
r 76 0.01 6 13.0275 0.01
r 78 0.01 6 13.4452 0.01
r 80 0.01 6 13.8543 0.01
s 40 2 31
r 20 0.01 6 7.00512 0.01
r 22 0.01 6 6.5434 0.01
r 24 0.01 6 6.07653 0.01
r 26 0.01 6 5.63893 0.01
r 28 0.01 6 5.17432 0.01
r 30 0.01 6 4.70194 0.01
r 32 0.01 6 4.25997 0.01
r 34 0.01 6 3.78844 0.01
r 36 0.01 6 3.30843 0.01
r 38 0.01 6 2.87632 0.01
r 40 0.01 6 2.69559 0.01
r 42 0.01 6 2.91227 0.01
r 44 0.01 6 3.39309 0.01
r 46 0.01 6 3.86886 0.01
r 48 0.01 6 4.34723 0.01
r 50 0.01 6 4.86192 0.01
r 52 0.01 6 5.34602 0.01
r 54 0.01 6 5.82419 0.01
r 56 0.01 6 6.32821 0.01
r 58 0.01 6 6.80947 0.01
r 60 0.01 6 7.28259 0.01
r 62 0.01 6 7.75285 0.01
r 64 0.01 6 8.24109 0.01
r 66 0.01 6 8.70974 0.01
r 68 0.01 6 9.17068 0.01
r 70 0.01 6 9.64424 0.01
r 72 0.01 6 10.1027 0.01
r 74 0.01 6 10.5409 0.01
r 76 0.01 6 11.0054 0.01
r 78 0.01 6 11.4504 0.01
r 80 0.01 6 11.8738 0.01
s 50 2 31
r 20 0.01 6 9.3785 0.01
r 22 0.01 6 8.93424 0.01
r 24 0.01 6 8.48419 0.01
r 26 0.01 6 8.06111 0.01
r 28 0.01 6 7.61644 0.01
r 30 0.01 6 7.15572 0.01
r 32 0.01 6 6.72476 0.01
r 34 0.01 6 6.2618 0.01
r 36 0.01 6 5.79042 0.01
r 38 0.01 6 5.32086 0.01
r 40 0.01 6 4.87877 0.01
r 42 0.01 6 4.40521 0.01
r 44 0.01 6 3.9348 0.01
r 46 0.01 6 3.49206 0.01
r 48 0.01 6 3.12478 0.01
r 50 0.01 6 2.96051 0.01
r 52 0.01 6 3.12322 0.01
r 54 0.01 6 3.49654 0.01
r 56 0.01 6 4.00601 0.01
r 58 0.01 6 4.49152 0.01
r 60 0.01 6 4.97105 0.01
r 62 0.01 6 5.45018 0.01
r 64 0.01 6 5.94608 0.01
r 66 0.01 6 6.43862 0.01
r 68 0.01 6 6.91301 0.01
r 70 0.01 6 7.39273 0.01
r 72 0.01 6 7.87627 0.01
r 74 0.01 6 8.35204 0.01
r 76 0.01 6 8.81464 0.01
r 78 0.01 6 9.28743 0.01
r 80 0.01 6 9.74598 0.01
s 60 2 31
r 20 0.01 6 11.6126 0.01
r 22 0.01 6 11.1928 0.01
r 24 0.01 6 10.7682 0.01
r 26 0.01 6 10.3607 0.01
r 28 0.01 6 9.94118 0.01
r 30 0.01 6 9.50015 0.01
r 32 0.01 6 9.08008 0.01
r 34 0.01 6 8.63737 0.01
r 36 0.01 6 8.18194 0.01
r 38 0.01 6 7.72456 0.01
r 40 0.01 6 7.29142 0.01
r 42 0.01 6 6.8286 0.01
r 44 0.01 6 6.36566 0.01
r 46 0.01 6 5.92114 0.01
r 48 0.01 6 5.44555 0.01
r 50 0.01 6 4.97782 0.01
r 52 0.01 6 4.52587 0.01
r 54 0.01 6 4.0452 0.01
r 56 0.01 6 3.57872 0.01
r 58 0.01 6 3.23529 0.01
r 60 0.01 6 3.08298 0.01
r 62 0.01 6 3.25939 0.01
r 64 0.01 6 3.65282 0.01
r 66 0.01 6 4.1139 0.01
r 68 0.01 6 4.59421 0.01
r 70 0.01 6 5.07773 0.01
r 72 0.01 6 5.57459 0.01
r 74 0.01 6 6.05391 0.01
r 76 0.01 6 6.53549 0.01
r 78 0.01 6 7.02638 0.01
r 80 0.01 6 7.50129 0.01
s 70 2 31
r 20 0.01 6 13.7314 0.01
r 22 0.01 6 13.3397 0.01
r 24 0.01 6 12.9415 0.01
r 26 0.01 6 12.5601 0.01
r 28 0.01 6 12.1674 0.01
r 30 0.01 6 11.75 0.01
r 32 0.01 6 11.3537 0.01
r 34 0.01 6 10.9339 0.01
r 36 0.01 6 10.5019 0.01
r 38 0.01 6 10.0657 0.01
r 40 0.01 6 9.64993 0.01
r 42 0.01 6 9.20767 0.01
r 44 0.01 6 8.75679 0.01
r 46 0.01 6 8.3281 0.01
r 48 0.01 6 7.87464 0.01
r 50 0.01 6 7.41526 0.01
r 52 0.01 6 6.97202 0.01
r 54 0.01 6 6.49906 0.01
r 56 0.01 6 6.02399 0.01
r 58 0.01 6 5.55889 0.01
r 60 0.01 6 5.10305 0.01
r 62 0.01 6 4.62307 0.01
r 64 0.01 6 4.16176 0.01
r 66 0.01 6 3.73941 0.01
r 68 0.01 6 3.44447 0.01
r 70 0.01 6 3.31327 0.01
r 72 0.01 6 3.44305 0.01
r 74 0.01 6 3.74118 0.01
r 76 0.01 6 4.17994 0.01
r 78 0.01 6 4.68839 0.01
r 80 0.01 6 5.16485 0.01
