5
s 30 2 62
r 20 0.01 7 4.61415 0.01
r 22 0.01 7 4.24125 0.01
r 24 0.01 7 3.91467 0.01
r 26 0.01 7 3.59918 0.01
r 28 0.01 7 3.27106 0.01
r 30 0.01 7 2.94856 0.01
r 32 0.01 7 3.26986 0.01
r 34 0.01 7 3.63014 0.01
r 36 0.01 7 3.99916 0.01
r 38 0.01 7 4.37394 0.01
r 40 0.01 7 4.71909 0.01
r 42 0.01 7 5.0759 0.01
r 44 0.01 7 5.44522 0.01
r 46 0.01 7 5.79209 0.01
r 48 0.01 7 6.15902 0.01
r 50 0.01 7 6.50321 0.01
r 52 0.01 7 6.84255 0.01
r 54 0.01 7 7.20703 0.01
r 56 0.01 7 7.5385 0.01
r 58 0.01 7 7.86258 0.01
r 60 0.01 7 8.1826 0.01
r 62 0.01 7 8.51891 0.01
r 64 0.01 7 8.84022 0.01
r 66 0.01 7 9.1474 0.01
r 68 0.01 7 9.49174 0.01
r 70 0.01 7 9.77522 0.01
r 72 0.01 7 10.0678 0.01
r 74 0.01 7 10.3625 0.01
r 76 0.01 7 10.6952 0.01
r 78 0.01 7 10.9802 0.01
r 80 0.01 7 11.2698 0.01
r 20 0.01 8 5.53357 0.01
r 22 0.01 8 4.92701 0.01
r 24 0.01 8 4.32103 0.01
r 26 0.01 8 3.76448 0.01
r 28 0.01 8 3.18667 0.01
r 30 0.01 8 2.95261 0.01
r 32 0.01 8 3.19705 0.01
r 34 0.01 8 3.74233 0.01
r 36 0.01 8 4.37731 0.01
r 38 0.01 8 5.00079 0.01
r 40 0.01 8 5.61163 0.01
r 42 0.01 8 6.22034 0.01
r 44 0.01 8 6.8302 0.01
r 46 0.01 8 7.44927 0.01
r 48 0.01 8 8.04783 0.01
r 50 0.01 8 8.63745 0.01
r 52 0.01 8 9.23181 0.01
r 54 0.01 8 9.82941 0.01
r 56 0.01 8 10.3939 0.01
r 58 0.01 8 10.963 0.01
r 60 0.01 8 11.5291 0.01
r 62 0.01 8 12.0864 0.01
r 64 0.01 8 12.6321 0.01
r 66 0.01 8 13.1682 0.01
r 68 0.01 8 13.7023 0.01
r 70 0.01 8 14.2252 0.01
r 72 0.01 8 14.7296 0.01
r 74 0.01 8 15.2395 0.01
r 76 0.01 8 15.7372 0.01
r 78 0.01 8 16.2163 0.01
r 80 0.01 8 16.7011 0.01
s 40 2 62
r 20 0.01 7 6.45732 0.01
r 22 0.01 7 6.12782 0.01
r 24 0.01 7 5.77773 0.01
r 26 0.01 7 5.45748 0.01
r 28 0.01 7 5.13765 0.01
r 30 0.01 7 4.79024 0.01
r 32 0.01 7 4.48541 0.01
r 34 0.01 7 4.12829 0.01
r 36 0.01 7 3.78532 0.01
r 38 0.01 7 3.34982 0.01
r 40 0.01 7 3.14103 0.01
r 42 0.01 7 3.37879 0.01
r 44 0.01 7 3.84078 0.01
r 46 0.01 7 4.20006 0.01
r 48 0.01 7 4.57082 0.01
r 50 0.01 7 4.93418 0.01
r 52 0.01 7 5.28274 0.01
r 54 0.01 7 5.64244 0.01
r 56 0.01 7 6.01588 0.01
r 58 0.01 7 6.35861 0.01
r 60 0.01 7 6.69771 0.01
r 62 0.01 7 7.04254 0.01
r 64 0.01 7 7.40109 0.01
r 66 0.01 7 7.73126 0.01
r 68 0.01 7 8.06724 0.01
r 70 0.01 7 8.40784 0.01
r 72 0.01 7 8.72333 0.01
r 74 0.01 7 9.03648 0.01
r 76 0.01 7 9.43427 0.01
r 78 0.01 7 9.69806 0.01
r 80 0.01 7 10.0003 0.01
r 20 0.01 8 8.63079 0.01
r 22 0.01 8 8.0531 0.01
r 24 0.01 8 7.46116 0.01
r 26 0.01 8 6.89175 0.01
r 28 0.01 8 6.29248 0.01
r 30 0.01 8 5.69419 0.01
r 32 0.01 8 5.10681 0.01
r 34 0.01 8 4.49741 0.01
r 36 0.01 8 3.8899 0.01
r 38 0.01 8 3.36052 0.01
r 40 0.01 8 3.1442 0.01
r 42 0.01 8 3.39245 0.01
r 44 0.01 8 4.03551 0.01
r 46 0.01 8 4.62123 0.01
r 48 0.01 8 5.19568 0.01
r 50 0.01 8 5.77543 0.01
r 52 0.01 8 6.39327 0.01
r 54 0.01 8 7.00145 0.01
r 56 0.01 8 7.60576 0.01
r 58 0.01 8 8.2037 0.01
r 60 0.01 8 8.8039 0.01
r 62 0.01 8 9.39677 0.01
r 64 0.01 8 9.98226 0.01
r 66 0.01 8 10.5523 0.01
r 68 0.01 8 11.1285 0.01
r 70 0.01 8 11.6961 0.01
r 72 0.01 8 12.2398 0.01
r 74 0.01 8 12.7943 0.01
r 76 0.01 8 13.3385 0.01
r 78 0.01 8 13.8573 0.01
r 80 0.01 8 14.3879 0.01
s 50 2 62
r 20 0.01 7 8.29046 0.01
r 22 0.01 7 7.98356 0.01
r 24 0.01 7 7.67362 0.01
r 26 0.01 7 7.3636 0.01
r 28 0.01 7 7.03235 0.01
r 30 0.01 7 6.70692 0.01
r 32 0.01 7 6.41838 0.01
r 34 0.01 7 6.08588 0.01
r 36 0.01 7 5.71869 0.01
r 38 0.01 7 5.38069 0.01
r 40 0.01 7 5.10198 0.01
r 42 0.01 7 4.73293 0.01
r 44 0.01 7 4.39129 0.01
r 46 0.01 7 4.10176 0.01
r 48 0.01 7 3.6718 0.01
r 50 0.01 7 3.4983 0.01
r 52 0.01 7 3.67196 0.01
r 54 0.01 7 4.10042 0.01
r 56 0.01 7 4.47897 0.01
r 58 0.01 7 4.82921 0.01
r 60 0.01 7 5.17927 0.01
r 62 0.01 7 5.53367 0.01
r 64 0.01 7 5.9153 0.01
r 66 0.01 7 6.26104 0.01
r 68 0.01 7 6.61349 0.01
r 70 0.01 7 6.98249 0.01
r 72 0.01 7 7.31924 0.01
r 74 0.01 7 7.64852 0.01
r 76 0.01 7 8.00944 0.01
r 78 0.01 7 8.33591 0.01
r 80 0.01 7 8.66028 0.01
r 20 0.01 8 11.6479 0.01
r 22 0.01 8 11.1072 0.01
r 24 0.01 8 10.5551 0.01
r 26 0.01 8 10.0185 0.01
r 28 0.01 8 9.44808 0.01
r 30 0.01 8 8.87418 0.01
r 32 0.01 8 8.30558 0.01
r 34 0.01 8 7.7154 0.01
r 36 0.01 8 7.12026 0.01
r 38 0.01 8 6.52836 0.01
r 40 0.01 8 5.94157 0.01
r 42 0.01 8 5.33607 0.01
r 44 0.01 8 4.75298 0.01
r 46 0.01 8 4.14907 0.01
r 48 0.01 8 3.68128 0.01
r 50 0.01 8 3.50171 0.01
r 52 0.01 8 3.6801 0.01
r 54 0.01 8 4.16878 0.01
r 56 0.01 8 4.72954 0.01
r 58 0.01 8 5.33784 0.01
r 60 0.01 8 5.94765 0.01
r 62 0.01 8 6.5583 0.01
r 64 0.01 8 7.17582 0.01
r 66 0.01 8 7.77009 0.01
r 68 0.01 8 8.35728 0.01
r 70 0.01 8 8.94298 0.01
r 72 0.01 8 9.57729 0.01
r 74 0.01 8 10.1502 0.01
r 76 0.01 8 10.7156 0.01
r 78 0.01 8 11.2776 0.01
r 80 0.01 8 11.8146 0.01
s 60 2 62
r 20 0.01 7 9.89445 0.01
r 22 0.01 7 9.61261 0.01
r 24 0.01 7 9.3123 0.01
r 26 0.01 7 9.04854 0.01
r 28 0.01 7 8.75395 0.01
r 30 0.01 7 8.45196 0.01
r 32 0.01 7 8.18061 0.01
r 34 0.01 7 7.8515 0.01
r 36 0.01 7 7.52625 0.01
r 38 0.01 7 7.21998 0.01
r 40 0.01 7 6.91893 0.01
r 42 0.01 7 6.60568 0.01
r 44 0.01 7 6.23664 0.01
r 46 0.01 7 5.9568 0.01
r 48 0.01 7 5.58193 0.01
r 50 0.01 7 5.23726 0.01
r 52 0.01 7 4.95887 0.01
r 54 0.01 7 4.57839 0.01
r 56 0.01 7 4.2281 0.01
r 58 0.01 7 3.82404 0.01
r 60 0.01 7 3.66477 0.01
r 62 0.01 7 3.85368 0.01
r 64 0.01 7 4.30471 0.01
r 66 0.01 7 4.65468 0.01
r 68 0.01 7 5.00594 0.01
r 70 0.01 7 5.39298 0.01
r 72 0.01 7 5.74317 0.01
r 74 0.01 7 6.09086 0.01
r 76 0.01 7 6.47744 0.01
r 78 0.01 7 6.88742 0.01
r 80 0.01 7 7.16283 0.01
r 20 0.01 8 14.3875 0.01
r 22 0.01 8 13.8871 0.01
r 24 0.01 8 13.3795 0.01
r 26 0.01 8 12.8822 0.01
r 28 0.01 8 12.3524 0.01
r 30 0.01 8 11.8165 0.01
r 32 0.01 8 11.2875 0.01
r 34 0.01 8 10.7294 0.01
r 36 0.01 8 10.1664 0.01
r 38 0.01 8 9.60126 0.01
r 40 0.01 8 9.03136 0.01
r 42 0.01 8 8.44415 0.01
r 44 0.01 8 7.85761 0.01
r 46 0.01 8 7.25233 0.01
r 48 0.01 8 6.64787 0.01
r 50 0.01 8 6.04435 0.01
r 52 0.01 8 5.42964 0.01
r 54 0.01 8 4.82767 0.01
r 56 0.01 8 4.26165 0.01
r 58 0.01 8 3.83128 0.01
r 60 0.01 8 3.66835 0.01
r 62 0.01 8 3.85879 0.01
r 64 0.01 8 4.29951 0.01
r 66 0.01 8 4.9616 0.01
r 68 0.01 8 5.5155 0.01
r 70 0.01 8 6.08978 0.01
r 72 0.01 8 6.72863 0.01
r 74 0.01 8 7.27309 0.01
r 76 0.01 8 7.83135 0.01
r 78 0.01 8 8.41659 0.01
r 80 0.01 8 8.95798 0.01
s 70 2 62
r 20 0.01 7 11.4475 0.01
r 22 0.01 7 11.1907 0.01
r 24 0.01 7 10.9293 0.01
r 26 0.01 7 10.6767 0.01
r 28 0.01 7 10.4437 0.01
r 30 0.01 7 10.1653 0.01
r 32 0.01 7 9.89322 0.01
r 34 0.01 7 9.59643 0.01
r 36 0.01 7 9.28469 0.01
r 38 0.01 7 9.00048 0.01
r 40 0.01 7 8.7348 0.01
r 42 0.01 7 8.41283 0.01
r 44 0.01 7 8.10667 0.01
r 46 0.01 7 7.82699 0.01
r 48 0.01 7 7.47834 0.01
r 50 0.01 7 7.14055 0.01
r 52 0.01 7 6.87113 0.01
r 54 0.01 7 6.49949 0.01
r 56 0.01 7 6.15925 0.01
r 58 0.01 7 5.81709 0.01
r 60 0.01 7 5.51952 0.01
r 62 0.01 7 5.16199 0.01
r 64 0.01 7 4.81804 0.01
r 66 0.01 7 4.50366 0.01
r 68 0.01 7 4.11201 0.01
r 70 0.01 7 3.9768 0.01
r 72 0.01 7 4.11207 0.01
r 74 0.01 7 4.50132 0.01
r 76 0.01 7 4.89574 0.01
r 78 0.01 7 5.24572 0.01
r 80 0.01 7 5.59739 0.01
r 20 0.01 8 16.9598 0.01
r 22 0.01 8 16.5101 0.01
r 24 0.01 8 16.0452 0.01
r 26 0.01 8 15.5883 0.01
r 28 0.01 8 15.1032 0.01
r 30 0.01 8 14.6126 0.01
r 32 0.01 8 14.1275 0.01
r 34 0.01 8 13.611 0.01
r 36 0.01 8 13.0896 0.01
r 38 0.01 8 12.5641 0.01
r 40 0.01 8 12.0312 0.01
r 42 0.01 8 11.4829 0.01
r 44 0.01 8 10.9293 0.01
r 46 0.01 8 10.3655 0.01
r 48 0.01 8 9.80037 0.01
r 50 0.01 8 9.20424 0.01
r 52 0.01 8 8.61382 0.01
r 54 0.01 8 7.98232 0.01
r 56 0.01 8 7.37098 0.01
r 58 0.01 8 6.78086 0.01
r 60 0.01 8 6.19904 0.01
r 62 0.01 8 5.61234 0.01
r 64 0.01 8 5.00387 0.01
r 66 0.01 8 4.49634 0.01
r 68 0.01 8 4.12145 0.01
r 70 0.01 8 3.98061 0.01
r 72 0.01 8 4.12152 0.01
r 74 0.01 8 4.49488 0.01
r 76 0.01 8 4.99698 0.01
r 78 0.01 8 5.63964 0.01
r 80 0.01 8 6.08691 0.01
