5
s 30 2 62
r 20 0.01 0 3.72165 0.01
r 22 0.01 0 3.44932 0.01
r 24 0.01 0 3.19952 0.01
r 26 0.01 0 2.97845 0.01
r 28 0.01 0 1.88091 0.01
r 30 0.01 0 1.32667 0.01
r 32 0.01 0 1.88091 0.01
r 34 0.01 0 2.97845 0.01
r 36 0.01 0 3.30837 0.01
r 38 0.01 0 3.62642 0.01
r 40 0.01 0 3.98063 0.01
r 42 0.01 0 4.31427 0.01
r 44 0.01 0 4.57779 0.01
r 46 0.01 0 4.77502 0.01
r 48 0.01 0 5.03851 0.01
r 50 0.01 0 5.35779 0.01
r 52 0.01 0 5.67346 0.01
r 54 0.01 0 5.97715 0.01
r 56 0.01 0 6.24347 0.01
r 58 0.01 0 6.48521 0.01
r 60 0.01 0 6.7287 0.01
r 62 0.01 0 7.00988 0.01
r 64 0.01 0 7.36386 0.01
r 66 0.01 0 7.69768 0.01
r 68 0.01 0 7.92523 0.01
r 70 0.01 0 8.16529 0.01
r 72 0.01 0 8.39657 0.01
r 74 0.01 0 8.64235 0.01
r 76 0.01 0 8.87835 0.01
r 78 0.01 0 9.16481 0.01
r 80 0.01 0 9.39179 0.01
r 20 0.01 7 4.34207 0.01
r 22 0.01 7 4.06386 0.01
r 24 0.01 7 3.80239 0.01
r 26 0.01 7 3.60891 0.01
r 28 0.01 7 3.45099 0.01
r 30 0.01 7 3.17498 0.01
r 32 0.01 7 3.39143 0.01
r 34 0.01 7 3.66993 0.01
r 36 0.01 7 3.95957 0.01
r 38 0.01 7 4.30892 0.01
r 40 0.01 7 4.6516 0.01
r 42 0.01 7 4.97477 0.01
r 44 0.01 7 5.19584 0.01
r 46 0.01 7 5.395 0.01
r 48 0.01 7 5.69011 0.01
r 50 0.01 7 6.01043 0.01
r 52 0.01 7 6.32816 0.01
r 54 0.01 7 6.61744 0.01
r 56 0.01 7 6.87013 0.01
r 58 0.01 7 7.09712 0.01
r 60 0.01 7 7.35357 0.01
r 62 0.01 7 7.68601 0.01
r 64 0.01 7 8.00056 0.01
r 66 0.01 7 8.31823 0.01
r 68 0.01 7 8.55172 0.01
r 70 0.01 7 8.76022 0.01
r 72 0.01 7 9.0203 0.01
r 74 0.01 7 9.24756 0.01
r 76 0.01 7 9.5019 0.01
r 78 0.01 7 9.78083 0.01
r 80 0.01 7 9.97506 0.01
s 40 2 62
r 20 0.01 0 5.17723 0.01
r 22 0.01 0 4.91191 0.01
r 24 0.01 0 4.6622 0.01
r 26 0.01 0 4.48173 0.01
r 28 0.01 0 4.29388 0.01
r 30 0.01 0 3.98426 0.01
r 32 0.01 0 3.68668 0.01
r 34 0.01 0 3.42034 0.01
r 36 0.01 0 2.97845 0.01
r 38 0.01 0 1.88091 0.01
r 40 0.01 0 1.32667 0.01
r 42 0.01 0 1.88091 0.01
r 44 0.01 0 2.97845 0.01
r 46 0.01 0 3.56069 0.01
r 48 0.01 0 3.82421 0.01
r 50 0.01 0 4.14911 0.01
r 52 0.01 0 4.47452 0.01
r 54 0.01 0 4.78645 0.01
r 56 0.01 0 5.06161 0.01
r 58 0.01 0 5.30958 0.01
r 60 0.01 0 5.55689 0.01
r 62 0.01 0 5.84385 0.01
r 64 0.01 0 6.20397 0.01
r 66 0.01 0 6.54292 0.01
r 68 0.01 0 6.77089 0.01
r 70 0.01 0 7.01615 0.01
r 72 0.01 0 7.29487 0.01
r 74 0.01 0 7.59983 0.01
r 76 0.01 0 7.88087 0.01
r 78 0.01 0 8.17365 0.01
r 80 0.01 0 8.40701 0.01
r 20 0.01 7 5.89595 0.01
r 22 0.01 7 5.63253 0.01
r 24 0.01 7 5.37641 0.01
r 26 0.01 7 5.18382 0.01
r 28 0.01 7 5.02457 0.01
r 30 0.01 7 4.74745 0.01
r 32 0.01 7 4.41437 0.01
r 34 0.01 7 4.15149 0.01
r 36 0.01 7 3.90132 0.01
r 38 0.01 7 3.71027 0.01
r 40 0.01 7 3.50539 0.01
r 42 0.01 7 3.73671 0.01
r 44 0.01 7 4.03851 0.01
r 46 0.01 7 4.23632 0.01
r 48 0.01 7 4.54924 0.01
r 50 0.01 7 4.87569 0.01
r 52 0.01 7 5.20773 0.01
r 54 0.01 7 5.49008 0.01
r 56 0.01 7 5.7635 0.01
r 58 0.01 7 5.99066 0.01
r 60 0.01 7 6.25129 0.01
r 62 0.01 7 6.59359 0.01
r 64 0.01 7 6.915 0.01
r 66 0.01 7 7.23493 0.01
r 68 0.01 7 7.45701 0.01
r 70 0.01 7 7.71829 0.01
r 72 0.01 7 8.00651 0.01
r 74 0.01 7 8.31493 0.01
r 76 0.01 7 8.59985 0.01
r 78 0.01 7 8.86138 0.01
r 80 0.01 7 9.0662 0.01
s 50 2 62
r 20 0.01 0 6.50636 0.01
r 22 0.01 0 6.2511 0.01
r 24 0.01 0 6.00936 0.01
r 26 0.01 0 5.83358 0.01
r 28 0.01 0 5.65439 0.01
r 30 0.01 0 5.35712 0.01
r 32 0.01 0 5.06569 0.01
r 34 0.01 0 4.80478 0.01
r 36 0.01 0 4.56736 0.01
r 38 0.01 0 4.37704 0.01
r 40 0.01 0 4.16812 0.01
r 42 0.01 0 3.87034 0.01
r 44 0.01 0 3.52096 0.01
r 46 0.01 0 2.97845 0.01
r 48 0.01 0 1.88091 0.01
r 50 0.01 0 1.32667 0.01
r 52 0.01 0 1.88091 0.01
r 54 0.01 0 2.97845 0.01
r 56 0.01 0 3.69808 0.01
r 58 0.01 0 3.95066 0.01
r 60 0.01 0 4.20002 0.01
r 62 0.01 0 4.48928 0.01
r 64 0.01 0 4.85966 0.01
r 66 0.01 0 5.20517 0.01
r 68 0.01 0 5.43493 0.01
r 70 0.01 0 5.68098 0.01
r 72 0.01 0 5.96172 0.01
r 74 0.01 0 6.26896 0.01
r 76 0.01 0 6.54462 0.01
r 78 0.01 0 6.8907 0.01
r 80 0.01 0 7.17126 0.01
r 20 0.01 7 7.22415 0.01
r 22 0.01 7 6.97032 0.01
r 24 0.01 7 6.73679 0.01
r 26 0.01 7 6.53783 0.01
r 28 0.01 7 6.38137 0.01
r 30 0.01 7 6.10808 0.01
r 32 0.01 7 5.79288 0.01
r 34 0.01 7 5.5356 0.01
r 36 0.01 7 5.28972 0.01
r 38 0.01 7 5.10487 0.01
r 40 0.01 7 4.89702 0.01
r 42 0.01 7 4.64892 0.01
r 44 0.01 7 4.30168 0.01
r 46 0.01 7 3.96656 0.01
r 48 0.01 7 3.74388 0.01
r 50 0.01 7 3.52376 0.01
r 52 0.01 7 3.73869 0.01
r 54 0.01 7 4.13968 0.01
r 56 0.01 7 4.41622 0.01
r 58 0.01 7 4.64215 0.01
r 60 0.01 7 4.90948 0.01
r 62 0.01 7 5.23259 0.01
r 64 0.01 7 5.59937 0.01
r 66 0.01 7 5.90811 0.01
r 68 0.01 7 6.13227 0.01
r 70 0.01 7 6.39435 0.01
r 72 0.01 7 6.68704 0.01
r 74 0.01 7 6.98658 0.01
r 76 0.01 7 7.27408 0.01
r 78 0.01 7 7.61333 0.01
r 80 0.01 7 7.8522 0.01
s 60 2 62
r 20 0.01 0 7.82172 0.01
r 22 0.01 0 7.57676 0.01
r 24 0.01 0 7.34542 0.01
r 26 0.01 0 7.17482 0.01
r 28 0.01 0 7.00633 0.01
r 30 0.01 0 6.71803 0.01
r 32 0.01 0 6.43809 0.01
r 34 0.01 0 6.18623 0.01
r 36 0.01 0 5.95397 0.01
r 38 0.01 0 5.76862 0.01
r 40 0.01 0 5.56388 0.01
r 42 0.01 0 5.27601 0.01
r 44 0.01 0 4.9334 0.01
r 46 0.01 0 4.64988 0.01
r 48 0.01 0 4.42935 0.01
r 50 0.01 0 4.20759 0.01
r 52 0.01 0 3.95453 0.01
r 54 0.01 0 3.67663 0.01
r 56 0.01 0 2.97845 0.01
r 58 0.01 0 1.88091 0.01
r 60 0.01 0 1.32667 0.01
r 62 0.01 0 1.88091 0.01
r 64 0.01 0 2.97845 0.01
r 66 0.01 0 3.86154 0.01
r 68 0.01 0 4.09229 0.01
r 70 0.01 0 4.33813 0.01
r 72 0.01 0 4.61933 0.01
r 74 0.01 0 4.93193 0.01
r 76 0.01 0 5.21085 0.01
r 78 0.01 0 5.56344 0.01
r 80 0.01 0 5.84985 0.01
r 20 0.01 7 8.5186 0.01
r 22 0.01 7 8.27779 0.01
r 24 0.01 7 8.03542 0.01
r 26 0.01 7 7.85482 0.01
r 28 0.01 7 7.70344 0.01
r 30 0.01 7 7.44806 0.01
r 32 0.01 7 7.13957 0.01
r 34 0.01 7 6.88525 0.01
r 36 0.01 7 6.65132 0.01
r 38 0.01 7 6.46915 0.01
r 40 0.01 7 6.26617 0.01
r 42 0.01 7 6.02341 0.01
r 44 0.01 7 5.67988 0.01
r 46 0.01 7 5.35381 0.01
r 48 0.01 7 5.13262 0.01
r 50 0.01 7 4.91456 0.01
r 52 0.01 7 4.68661 0.01
r 54 0.01 7 4.41008 0.01
r 56 0.01 7 4.121 0.01
r 58 0.01 7 3.70415 0.01
r 60 0.01 7 3.52793 0.01
r 62 0.01 7 3.75557 0.01
r 64 0.01 7 4.24583 0.01
r 66 0.01 7 4.55369 0.01
r 68 0.01 7 4.77817 0.01
r 70 0.01 7 5.04253 0.01
r 72 0.01 7 5.33322 0.01
r 74 0.01 7 5.64636 0.01
r 76 0.01 7 5.92898 0.01
r 78 0.01 7 6.26906 0.01
r 80 0.01 7 6.52048 0.01
s 70 2 62
r 20 0.01 0 9.13025 0.01
r 22 0.01 0 8.91014 0.01
r 24 0.01 0 8.70074 0.01
r 26 0.01 0 8.55099 0.01
r 28 0.01 0 8.40867 0.01
r 30 0.01 0 8.15247 0.01
r 32 0.01 0 7.903 0.01
r 34 0.01 0 7.63641 0.01
r 36 0.01 0 7.40786 0.01
r 38 0.01 0 7.22506 0.01
r 40 0.01 0 7.02294 0.01
r 42 0.01 0 6.74116 0.01
r 44 0.01 0 6.40431 0.01
r 46 0.01 0 6.12642 0.01
r 48 0.01 0 5.90726 0.01
r 50 0.01 0 5.68832 0.01
r 52 0.01 0 5.44258 0.01
r 54 0.01 0 5.16738 0.01
r 56 0.01 0 4.85816 0.01
r 58 0.01 0 4.57537 0.01
r 60 0.01 0 4.35194 0.01
r 62 0.01 0 4.1759 0.01
r 64 0.01 0 3.93005 0.01
r 66 0.01 0 2.97845 0.01
r 68 0.01 0 1.88091 0.01
r 70 0.01 0 1.32667 0.01
r 72 0.01 0 1.88091 0.01
r 74 0.01 0 2.97845 0.01
r 76 0.01 0 3.93005 0.01
r 78 0.01 0 4.27854 0.01
r 80 0.01 0 4.57459 0.01
r 20 0.01 7 9.88714 0.01
r 22 0.01 7 9.66954 0.01
r 24 0.01 7 9.45394 0.01
r 26 0.01 7 9.29863 0.01
r 28 0.01 7 9.16596 0.01
r 30 0.01 7 8.93724 0.01
r 32 0.01 7 8.6618 0.01
r 34 0.01 7 8.4425 0.01
r 36 0.01 7 8.19793 0.01
r 38 0.01 7 8.01588 0.01
r 40 0.01 7 7.81822 0.01
r 42 0.01 7 7.58614 0.01
r 44 0.01 7 7.24527 0.01
r 46 0.01 7 6.92022 0.01
r 48 0.01 7 6.70364 0.01
r 50 0.01 7 6.48914 0.01
r 52 0.01 7 6.25722 0.01
r 54 0.01 7 5.98532 0.01
r 56 0.01 7 5.70316 0.01
r 58 0.01 7 5.38602 0.01
r 60 0.01 7 5.14027 0.01
r 62 0.01 7 4.98548 0.01
r 64 0.01 7 4.74245 0.01
r 66 0.01 7 4.41437 0.01
r 68 0.01 7 3.99533 0.01
r 70 0.01 7 3.84741 0.01
r 72 0.01 7 4.02757 0.01
r 74 0.01 7 4.44978 0.01
r 76 0.01 7 4.74323 0.01
r 78 0.01 7 5.10496 0.01
r 80 0.01 7 5.36861 0.01
