5
s 30 2 31
r 20 0.01 8 5.16729 0.01
r 22 0.01 8 5.23567 0.01
r 24 0.01 8 4.76347 0.01
r 26 0.01 8 3.93918 0.01
r 28 0.01 8 3.55307 0.01
r 30 0.01 8 3.1818 0.01
r 32 0.01 8 3.53011 0.01
r 34 0.01 8 3.84862 0.01
r 36 0.01 8 4.29271 0.01
r 38 0.01 8 4.79171 0.01
r 40 0.01 8 5.3359 0.01
r 42 0.01 8 5.85833 0.01
r 44 0.01 8 6.35392 0.01
r 46 0.01 8 6.76813 0.01
r 48 0.01 8 7.19451 0.01
r 50 0.01 8 7.68798 0.01
r 52 0.01 8 8.18757 0.01
r 54 0.01 8 8.68444 0.01
r 56 0.01 8 9.14308 0.01
r 58 0.01 8 9.60492 0.01
r 60 0.01 8 10.0363 0.01
r 62 0.01 8 10.492 0.01
r 64 0.01 8 11.0022 0.01
r 66 0.01 8 11.483 0.01
r 68 0.01 8 11.9806 0.01
r 70 0.01 8 12.4226 0.01
r 72 0.01 8 12.8192 0.01
r 74 0.01 8 13.212 0.01
r 76 0.01 8 13.5988 0.01
r 78 0.01 8 14.0005 0.01
r 80 0.01 8 14.4137 0.01
s 40 2 31
r 20 0.01 8 7.69248 0.01
r 22 0.01 8 7.23577 0.01
r 24 0.01 8 6.82161 0.01
r 26 0.01 8 6.91719 0.01
r 28 0.01 8 5.94218 0.01
r 30 0.01 8 5.43285 0.01
r 32 0.01 8 4.96216 0.01
r 34 0.01 8 4.51619 0.01
r 36 0.01 8 4.18723 0.01
r 38 0.01 8 3.83093 0.01
r 40 0.01 8 3.50688 0.01
r 42 0.01 8 3.86758 0.01
r 44 0.01 8 4.38485 0.01
r 46 0.01 8 4.99276 0.01
r 48 0.01 8 5.46498 0.01
r 50 0.01 8 6.01786 0.01
r 52 0.01 8 6.56155 0.01
r 54 0.01 8 6.61528 0.01
r 56 0.01 8 7.08943 0.01
r 58 0.01 8 7.56619 0.01
r 60 0.01 8 8.00135 0.01
r 62 0.01 8 8.46959 0.01
r 64 0.01 8 8.99604 0.01
r 66 0.01 8 9.47211 0.01
r 68 0.01 8 9.98464 0.01
r 70 0.01 8 10.4226 0.01
r 72 0.01 8 10.8887 0.01
r 74 0.01 8 11.3831 0.01
r 76 0.01 8 11.851 0.01
r 78 0.01 8 12.2755 0.01
r 80 0.01 8 12.6866 0.01
s 50 2 31
r 20 0.01 8 9.96823 0.01
r 22 0.01 8 9.56907 0.01
r 24 0.01 8 9.11982 0.01
r 26 0.01 8 8.76719 0.01
r 28 0.01 8 8.29316 0.01
r 30 0.01 8 7.80274 0.01
r 32 0.01 8 7.35434 0.01
r 34 0.01 8 6.90172 0.01
r 36 0.01 8 6.48162 0.01
r 38 0.01 8 6.07273 0.01
r 40 0.01 8 5.6234 0.01
r 42 0.01 8 5.08612 0.01
r 44 0.01 8 4.56575 0.01
r 46 0.01 8 4.22936 0.01
r 48 0.01 8 3.68171 0.01
r 50 0.01 8 3.53115 0.01
r 52 0.01 8 3.85925 0.01
r 54 0.01 8 4.32339 0.01
r 56 0.01 8 4.76598 0.01
r 58 0.01 8 5.25286 0.01
r 60 0.01 8 7.08507 0.01
r 62 0.01 8 6.62287 0.01
r 64 0.01 8 6.64885 0.01
r 66 0.01 8 7.14035 0.01
r 68 0.01 8 8.0648 0.01
r 70 0.01 8 8.47657 0.01
r 72 0.01 8 8.57285 0.01
r 74 0.01 8 9.06775 0.01
r 76 0.01 8 9.5331 0.01
r 78 0.01 8 10.0004 0.01
r 80 0.01 8 10.4809 0.01
s 60 2 31
r 20 0.01 8 12.2472 0.01
r 22 0.01 8 11.8338 0.01
r 24 0.01 8 11.4293 0.01
r 26 0.01 8 11.0765 0.01
r 28 0.01 8 10.6227 0.01
r 30 0.01 8 10.1522 0.01
r 32 0.01 8 9.73708 0.01
r 34 0.01 8 9.27899 0.01
r 36 0.01 8 8.88299 0.01
r 38 0.01 8 8.52356 0.01
r 40 0.01 8 8.02066 0.01
r 42 0.01 8 7.50763 0.01
r 44 0.01 8 6.98883 0.01
r 46 0.01 8 9.17469 0.01
r 48 0.01 8 8.52402 0.01
r 50 0.01 8 5.66401 0.01
r 52 0.01 8 5.16701 0.01
r 54 0.01 8 4.67975 0.01
r 56 0.01 8 4.22856 0.01
r 58 0.01 8 3.86258 0.01
r 60 0.01 8 3.52937 0.01
r 62 0.01 8 3.78646 0.01
r 64 0.01 8 4.37509 0.01
r 66 0.01 8 4.84324 0.01
r 68 0.01 8 5.47676 0.01
r 70 0.01 8 5.92651 0.01
r 72 0.01 8 6.51414 0.01
r 74 0.01 8 7.04397 0.01
r 76 0.01 8 7.5378 0.01
r 78 0.01 8 8.01685 0.01
r 80 0.01 8 8.55446 0.01
s 70 2 31
r 20 0.01 8 14.5066 0.01
r 22 0.01 8 14.1283 0.01
r 24 0.01 8 13.7645 0.01
r 26 0.01 8 13.4337 0.01
r 28 0.01 8 13.0722 0.01
r 30 0.01 8 12.6531 0.01
r 32 0.01 8 12.2489 0.01
r 34 0.01 8 11.7817 0.01
r 36 0.01 8 11.3832 0.01
r 38 0.01 8 11.0177 0.01
r 40 0.01 8 10.5474 0.01
r 42 0.01 8 10.0308 0.01
r 44 0.01 8 9.53683 0.01
r 46 0.01 8 9.08629 0.01
r 48 0.01 8 8.64697 0.01
r 50 0.01 8 8.2077 0.01
r 52 0.01 8 7.73044 0.01
r 54 0.01 8 7.60294 0.01
r 56 0.01 8 7.07971 0.01
r 58 0.01 8 6.64458 0.01
r 60 0.01 8 6.34098 0.01
r 62 0.01 8 5.39277 0.01
r 64 0.01 8 4.92264 0.01
r 66 0.01 8 4.54071 0.01
r 68 0.01 8 4.00646 0.01
r 70 0.01 8 3.84823 0.01
r 72 0.01 8 4.13949 0.01
r 74 0.01 8 4.58791 0.01
r 76 0.01 8 5.03714 0.01
r 78 0.01 8 5.47158 0.01
r 80 0.01 8 5.95936 0.01
