5
s 30 2 93
r 20 0.01 0 3.70121 0.01
r 22 0.01 0 3.42146 0.01
r 24 0.01 0 3.16408 0.01
r 26 0.01 0 2.98005 0.01
r 28 0.01 0 1.88193 0.01
r 30 0.01 0 1.32739 0.01
r 32 0.01 0 1.88195 0.01
r 34 0.01 0 2.9801 0.01
r 36 0.01 0 3.27359 0.01
r 38 0.01 0 3.5977 0.01
r 40 0.01 0 3.96062 0.01
r 42 0.01 0 4.30917 0.01
r 44 0.01 0 4.59854 0.01
r 46 0.01 0 4.80975 0.01
r 48 0.01 0 5.07586 0.01
r 50 0.01 0 5.38479 0.01
r 52 0.01 0 5.69353 0.01
r 54 0.01 0 5.99092 0.01
r 56 0.01 0 6.25461 0.01
r 58 0.01 0 6.48598 0.01
r 60 0.01 0 6.7269 0.01
r 62 0.01 0 7.006 0.01
r 64 0.01 0 7.36073 0.01
r 66 0.01 0 7.68594 0.01
r 68 0.01 0 7.89999 0.01
r 70 0.01 0 8.149 0.01
r 72 0.01 0 8.39309 0.01
r 74 0.01 0 8.64823 0.01
r 76 0.01 0 8.88543 0.01
r 78 0.01 0 9.18703 0.01
r 80 0.01 0 9.40913 0.01
r 20 0.01 7 4.02014 0.01
r 22 0.01 7 3.73673 0.01
r 24 0.01 7 3.46556 0.01
r 26 0.01 7 3.2627 0.01
r 28 0.01 7 3.10212 0.01
r 30 0.01 7 2.80936 0.01
r 32 0.01 7 3.03664 0.01
r 34 0.01 7 3.32965 0.01
r 36 0.01 7 3.62714 0.01
r 38 0.01 7 3.98174 0.01
r 40 0.01 7 4.3425 0.01
r 42 0.01 7 4.67898 0.01
r 44 0.01 7 4.9133 0.01
r 46 0.01 7 5.11929 0.01
r 48 0.01 7 5.42583 0.01
r 50 0.01 7 5.73677 0.01
r 52 0.01 7 6.03921 0.01
r 54 0.01 7 6.31573 0.01
r 56 0.01 7 6.57653 0.01
r 58 0.01 7 6.79237 0.01
r 60 0.01 7 7.04625 0.01
r 62 0.01 7 7.43239 0.01
r 64 0.01 7 7.72606 0.01
r 66 0.01 7 7.99434 0.01
r 68 0.01 7 8.2105 0.01
r 70 0.01 7 8.45689 0.01
r 72 0.01 7 8.72551 0.01
r 74 0.01 7 8.95477 0.01
r 76 0.01 7 9.20894 0.01
r 78 0.01 7 9.50796 0.01
r 80 0.01 7 9.69392 0.01
r 20 0.01 8 4.62443 0.01
r 22 0.01 8 4.68013 0.01
r 24 0.01 8 4.20565 0.01
r 26 0.01 8 3.48764 0.01
r 28 0.01 8 3.02957 0.01
r 30 0.01 8 2.81684 0.01
r 32 0.01 8 3.12301 0.01
r 34 0.01 8 3.4128 0.01
r 36 0.01 8 3.84233 0.01
r 38 0.01 8 4.30919 0.01
r 40 0.01 8 4.8155 0.01
r 42 0.01 8 5.31215 0.01
r 44 0.01 8 5.78496 0.01
r 46 0.01 8 6.19296 0.01
r 48 0.01 8 6.55713 0.01
r 50 0.01 8 7.00431 0.01
r 52 0.01 8 7.44131 0.01
r 54 0.01 8 7.88689 0.01
r 56 0.01 8 8.2988 0.01
r 58 0.01 8 8.70348 0.01
r 60 0.01 8 9.07847 0.01
r 62 0.01 8 9.48762 0.01
r 64 0.01 8 9.95642 0.01
r 66 0.01 8 10.4474 0.01
r 68 0.01 8 10.8187 0.01
r 70 0.01 8 11.1902 0.01
r 72 0.01 8 11.5896 0.01
r 74 0.01 8 12.0085 0.01
r 76 0.01 8 12.3624 0.01
r 78 0.01 8 12.759 0.01
r 80 0.01 8 13.1821 0.01
s 40 2 93
r 20 0.01 0 5.18787 0.01
r 22 0.01 0 4.92375 0.01
r 24 0.01 0 4.66585 0.01
r 26 0.01 0 4.4761 0.01
r 28 0.01 0 4.28111 0.01
r 30 0.01 0 3.96453 0.01
r 32 0.01 0 3.6541 0.01
r 34 0.01 0 3.36256 0.01
r 36 0.01 0 2.98213 0.01
r 38 0.01 0 1.88327 0.01
r 40 0.01 0 1.32835 0.01
r 42 0.01 0 1.88327 0.01
r 44 0.01 0 2.98212 0.01
r 46 0.01 0 3.50655 0.01
r 48 0.01 0 3.78684 0.01
r 50 0.01 0 4.1243 0.01
r 52 0.01 0 4.45564 0.01
r 54 0.01 0 4.77624 0.01
r 56 0.01 0 5.05505 0.01
r 58 0.01 0 5.2997 0.01
r 60 0.01 0 5.55121 0.01
r 62 0.01 0 5.84134 0.01
r 64 0.01 0 6.20903 0.01
r 66 0.01 0 6.54912 0.01
r 68 0.01 0 6.77101 0.01
r 70 0.01 0 7.01239 0.01
r 72 0.01 0 7.28679 0.01
r 74 0.01 0 7.58095 0.01
r 76 0.01 0 7.83873 0.01
r 78 0.01 0 8.17129 0.01
r 80 0.01 0 8.40611 0.01
r 20 0.01 7 5.53315 0.01
r 22 0.01 7 5.26718 0.01
r 24 0.01 7 5.00945 0.01
r 26 0.01 7 4.81063 0.01
r 28 0.01 7 4.6482 0.01
r 30 0.01 7 4.36105 0.01
r 32 0.01 7 4.02929 0.01
r 34 0.01 7 3.74059 0.01
r 36 0.01 7 3.46133 0.01
r 38 0.01 7 3.12824 0.01
r 40 0.01 7 3.00741 0.01
r 42 0.01 7 3.22283 0.01
r 44 0.01 7 3.60527 0.01
r 46 0.01 7 3.82984 0.01
r 48 0.01 7 4.15646 0.01
r 50 0.01 7 4.49473 0.01
r 52 0.01 7 4.83057 0.01
r 54 0.01 7 5.11885 0.01
r 56 0.01 7 5.39265 0.01
r 58 0.01 7 5.61758 0.01
r 60 0.01 7 5.8823 0.01
r 62 0.01 7 6.23188 0.01
r 64 0.01 7 6.57888 0.01
r 66 0.01 7 6.86967 0.01
r 68 0.01 7 7.08638 0.01
r 70 0.01 7 7.34316 0.01
r 72 0.01 7 7.65677 0.01
r 74 0.01 7 7.91067 0.01
r 76 0.01 7 8.1714 0.01
r 78 0.01 7 8.49399 0.01
r 80 0.01 7 8.69696 0.01
r 20 0.01 8 6.88205 0.01
r 22 0.01 8 6.45624 0.01
r 24 0.01 8 6.06949 0.01
r 26 0.01 8 6.10366 0.01
r 28 0.01 8 5.32042 0.01
r 30 0.01 8 4.83859 0.01
r 32 0.01 8 4.38456 0.01
r 34 0.01 8 3.95088 0.01
r 36 0.01 8 3.70153 0.01
r 38 0.01 8 3.34204 0.01
r 40 0.01 8 3.00907 0.01
r 42 0.01 8 3.2437 0.01
r 44 0.01 8 3.84707 0.01
r 46 0.01 8 4.42465 0.01
r 48 0.01 8 4.89751 0.01
r 50 0.01 8 5.00638 0.01
r 52 0.01 8 5.47832 0.01
r 54 0.01 8 5.95085 0.01
r 56 0.01 8 6.3823 0.01
r 58 0.01 8 6.80729 0.01
r 60 0.01 8 7.19333 0.01
r 62 0.01 8 7.61853 0.01
r 64 0.01 8 8.10614 0.01
r 66 0.01 8 8.62405 0.01
r 68 0.01 8 9.00603 0.01
r 70 0.01 8 9.38588 0.01
r 72 0.01 8 9.79578 0.01
r 74 0.01 8 10.2377 0.01
r 76 0.01 8 10.6344 0.01
r 78 0.01 8 11.0735 0.01
r 80 0.01 8 11.4919 0.01
s 50 2 93
r 20 0.01 0 6.51759 0.01
r 22 0.01 0 6.26479 0.01
r 24 0.01 0 6.02608 0.01
r 26 0.01 0 5.8471 0.01
r 28 0.01 0 5.67493 0.01
r 30 0.01 0 5.38334 0.01
r 32 0.01 0 5.10487 0.01
r 34 0.01 0 4.83924 0.01
r 36 0.01 0 4.59109 0.01
r 38 0.01 0 4.37077 0.01
r 40 0.01 0 4.14295 0.01
r 42 0.01 0 3.83004 0.01
r 44 0.01 0 3.47407 0.01
r 46 0.01 0 2.97953 0.01
r 48 0.01 0 1.88158 0.01
r 50 0.01 0 1.32713 0.01
r 52 0.01 0 1.88157 0.01
r 54 0.01 0 2.97948 0.01
r 56 0.01 0 3.66578 0.01
r 58 0.01 0 3.92504 0.01
r 60 0.01 0 4.18104 0.01
r 62 0.01 0 4.4782 0.01
r 64 0.01 0 4.86378 0.01
r 66 0.01 0 5.22232 0.01
r 68 0.01 0 5.44929 0.01
r 70 0.01 0 5.69864 0.01
r 72 0.01 0 5.97817 0.01
r 74 0.01 0 6.29138 0.01
r 76 0.01 0 6.55735 0.01
r 78 0.01 0 6.90584 0.01
r 80 0.01 0 7.1678 0.01
r 20 0.01 7 6.8859 0.01
r 22 0.01 7 6.62957 0.01
r 24 0.01 7 6.38947 0.01
r 26 0.01 7 6.19932 0.01
r 28 0.01 7 6.04657 0.01
r 30 0.01 7 5.78183 0.01
r 32 0.01 7 5.47559 0.01
r 34 0.01 7 5.21884 0.01
r 36 0.01 7 4.95977 0.01
r 38 0.01 7 4.74808 0.01
r 40 0.01 7 4.5299 0.01
r 42 0.01 7 4.27772 0.01
r 44 0.01 7 3.93727 0.01
r 46 0.01 7 3.57937 0.01
r 48 0.01 7 3.34954 0.01
r 50 0.01 7 3.12205 0.01
r 52 0.01 7 3.32878 0.01
r 54 0.01 7 3.76094 0.01
r 56 0.01 7 4.04394 0.01
r 58 0.01 7 4.27586 0.01
r 60 0.01 7 4.55144 0.01
r 62 0.01 7 4.88727 0.01
r 64 0.01 7 5.27367 0.01
r 66 0.01 7 5.58121 0.01
r 68 0.01 7 5.80377 0.01
r 70 0.01 7 6.06599 0.01
r 72 0.01 7 6.36258 0.01
r 74 0.01 7 6.65289 0.01
r 76 0.01 7 6.95161 0.01
r 78 0.01 7 7.28025 0.01
r 80 0.01 7 7.4978 0.01
r 20 0.01 8 8.96376 0.01
r 22 0.01 8 8.58068 0.01
r 24 0.01 8 8.20239 0.01
r 26 0.01 8 7.87664 0.01
r 28 0.01 8 7.4918 0.01
r 30 0.01 8 7.05446 0.01
r 32 0.01 8 6.63797 0.01
r 34 0.01 8 6.23914 0.01
r 36 0.01 8 5.83127 0.01
r 38 0.01 8 5.44098 0.01
r 40 0.01 8 5.05227 0.01
r 42 0.01 8 4.52945 0.01
r 44 0.01 8 4.08912 0.01
r 46 0.01 8 3.79262 0.01
r 48 0.01 8 3.4326 0.01
r 50 0.01 8 3.13008 0.01
r 52 0.01 8 3.45921 0.01
r 54 0.01 8 3.89109 0.01
r 56 0.01 8 4.2732 0.01
r 58 0.01 8 4.7267 0.01
r 60 0.01 8 6.40019 0.01
r 62 0.01 8 5.50714 0.01
r 64 0.01 8 6.00729 0.01
r 66 0.01 8 6.51242 0.01
r 68 0.01 8 6.95151 0.01
r 70 0.01 8 7.34021 0.01
r 72 0.01 8 7.75996 0.01
r 74 0.01 8 8.22324 0.01
r 76 0.01 8 8.63383 0.01
r 78 0.01 8 9.07675 0.01
r 80 0.01 8 9.51714 0.01
s 60 2 93
r 20 0.01 0 7.81229 0.01
r 22 0.01 0 7.56744 0.01
r 24 0.01 0 7.33388 0.01
r 26 0.01 0 7.16337 0.01
r 28 0.01 0 6.99756 0.01
r 30 0.01 0 6.72044 0.01
r 32 0.01 0 6.45101 0.01
r 34 0.01 0 6.20778 0.01
r 36 0.01 0 5.97343 0.01
r 38 0.01 0 5.77218 0.01
r 40 0.01 0 5.55974 0.01
r 42 0.01 0 5.27077 0.01
r 44 0.01 0 4.92773 0.01
r 46 0.01 0 4.64395 0.01
r 48 0.01 0 4.41692 0.01
r 50 0.01 0 4.1903 0.01
r 52 0.01 0 3.93242 0.01
r 54 0.01 0 3.64682 0.01
r 56 0.01 0 2.97969 0.01
r 58 0.01 0 1.8817 0.01
r 60 0.01 0 1.32723 0.01
r 62 0.01 0 1.88171 0.01
r 64 0.01 0 2.97972 0.01
r 66 0.01 0 3.75294 0.01
r 68 0.01 0 4.0885 0.01
r 70 0.01 0 4.33916 0.01
r 72 0.01 0 4.62564 0.01
r 74 0.01 0 4.94476 0.01
r 76 0.01 0 5.22189 0.01
r 78 0.01 0 5.58348 0.01
r 80 0.01 0 5.86136 0.01
r 20 0.01 7 8.15082 0.01
r 22 0.01 7 7.90961 0.01
r 24 0.01 7 7.67179 0.01
r 26 0.01 7 7.49425 0.01
r 28 0.01 7 7.34553 0.01
r 30 0.01 7 7.09566 0.01
r 32 0.01 7 6.7935 0.01
r 34 0.01 7 6.55949 0.01
r 36 0.01 7 6.31155 0.01
r 38 0.01 7 6.11617 0.01
r 40 0.01 7 5.9113 0.01
r 42 0.01 7 5.67551 0.01
r 44 0.01 7 5.33124 0.01
r 46 0.01 7 5.00153 0.01
r 48 0.01 7 4.7807 0.01
r 50 0.01 7 4.55538 0.01
r 52 0.01 7 4.32112 0.01
r 54 0.01 7 4.04263 0.01
r 56 0.01 7 3.74482 0.01
r 58 0.01 7 3.29196 0.01
r 60 0.01 7 3.13263 0.01
r 62 0.01 7 3.35702 0.01
r 64 0.01 7 3.88593 0.01
r 66 0.01 7 4.20653 0.01
r 68 0.01 7 4.43126 0.01
r 70 0.01 7 4.70187 0.01
r 72 0.01 7 5.02388 0.01
r 74 0.01 7 5.30597 0.01
r 76 0.01 7 5.60701 0.01
r 78 0.01 7 6.0268 0.01
r 80 0.01 7 6.18332 0.01
r 20 0.01 8 10.9822 0.01
r 22 0.01 8 10.6009 0.01
r 24 0.01 8 10.2356 0.01
r 26 0.01 8 9.92321 0.01
r 28 0.01 8 9.55621 0.01
r 30 0.01 8 9.14882 0.01
r 32 0.01 8 8.74479 0.01
r 34 0.01 8 8.35776 0.01
r 36 0.01 8 7.99513 0.01
r 38 0.01 8 7.63812 0.01
r 40 0.01 8 7.24126 0.01
r 42 0.01 8 6.75521 0.01
r 44 0.01 8 6.2868 0.01
r 46 0.01 8 5.87255 0.01
r 48 0.01 8 5.47708 0.01
r 50 0.01 8 5.09093 0.01
r 52 0.01 8 4.65234 0.01
r 54 0.01 8 4.26743 0.01
r 56 0.01 8 3.76363 0.01
r 58 0.01 8 3.46328 0.01
r 60 0.01 8 3.13386 0.01
r 62 0.01 8 3.46383 0.01
r 64 0.01 8 3.9427 0.01
r 66 0.01 8 4.45478 0.01
r 68 0.01 8 5.43632 0.01
r 70 0.01 8 5.42977 0.01
r 72 0.01 8 5.94116 0.01
r 74 0.01 8 6.43541 0.01
r 76 0.01 8 6.88947 0.01
r 78 0.01 8 7.39537 0.01
r 80 0.01 8 7.46956 0.01
s 70 2 93
r 20 0.01 0 9.14855 0.01
r 22 0.01 0 8.91743 0.01
r 24 0.01 0 8.69927 0.01
r 26 0.01 0 8.5417 0.01
r 28 0.01 0 8.39469 0.01
r 30 0.01 0 8.13894 0.01
r 32 0.01 0 7.86913 0.01
r 34 0.01 0 7.63124 0.01
r 36 0.01 0 7.40866 0.01
r 38 0.01 0 7.22063 0.01
r 40 0.01 0 7.02115 0.01
r 42 0.01 0 6.75347 0.01
r 44 0.01 0 6.42611 0.01
r 46 0.01 0 6.14714 0.01
r 48 0.01 0 5.92621 0.01
r 50 0.01 0 5.70751 0.01
r 52 0.01 0 5.46425 0.01
r 54 0.01 0 5.18567 0.01
r 56 0.01 0 4.86891 0.01
r 58 0.01 0 4.57891 0.01
r 60 0.01 0 4.35454 0.01
r 62 0.01 0 4.18641 0.01
r 64 0.01 0 3.76214 0.01
r 66 0.01 0 2.98026 0.01
r 68 0.01 0 1.88207 0.01
r 70 0.01 0 1.32748 0.01
r 72 0.01 0 1.88206 0.01
r 74 0.01 0 2.98023 0.01
r 76 0.01 0 3.75484 0.01
r 78 0.01 0 4.28712 0.01
r 80 0.01 0 4.57561 0.01
r 20 0.01 7 9.5275 0.01
r 22 0.01 7 9.29603 0.01
r 24 0.01 7 9.06886 0.01
r 26 0.01 7 8.90506 0.01
r 28 0.01 7 8.7828 0.01
r 30 0.01 7 8.5544 0.01
r 32 0.01 7 8.2686 0.01
r 34 0.01 7 8.03456 0.01
r 36 0.01 7 7.79692 0.01
r 38 0.01 7 7.61207 0.01
r 40 0.01 7 7.41496 0.01
r 42 0.01 7 7.20043 0.01
r 44 0.01 7 6.88201 0.01
r 46 0.01 7 6.55135 0.01
r 48 0.01 7 6.33346 0.01
r 50 0.01 7 6.11552 0.01
r 52 0.01 7 5.90873 0.01
r 54 0.01 7 5.6221 0.01
r 56 0.01 7 5.33637 0.01
r 58 0.01 7 5.01362 0.01
r 60 0.01 7 4.7572 0.01
r 62 0.01 7 4.60997 0.01
r 64 0.01 7 4.38056 0.01
r 66 0.01 7 4.04462 0.01
r 68 0.01 7 3.58543 0.01
r 70 0.01 7 3.44636 0.01
r 72 0.01 7 3.62159 0.01
r 74 0.01 7 4.06501 0.01
r 76 0.01 7 4.37126 0.01
r 78 0.01 7 4.75198 0.01
r 80 0.01 7 4.98257 0.01
r 20 0.01 8 13.0767 0.01
r 22 0.01 8 12.7128 0.01
r 24 0.01 8 12.3718 0.01
r 26 0.01 8 12.0739 0.01
r 28 0.01 8 11.7152 0.01
r 30 0.01 8 11.3203 0.01
r 32 0.01 8 10.9303 0.01
r 34 0.01 8 10.556 0.01
r 36 0.01 8 10.2002 0.01
r 38 0.01 8 9.85692 0.01
r 40 0.01 8 9.49579 0.01
r 42 0.01 8 9.02438 0.01
r 44 0.01 8 8.58568 0.01
r 46 0.01 8 8.17522 0.01
r 48 0.01 8 7.77788 0.01
r 50 0.01 8 7.39317 0.01
r 52 0.01 8 6.98282 0.01
r 54 0.01 8 6.53625 0.01
r 56 0.01 8 6.43655 0.01
r 58 0.01 8 5.96368 0.01
r 60 0.01 8 5.59043 0.01
r 62 0.01 8 4.91943 0.01
r 64 0.01 8 4.45682 0.01
r 66 0.01 8 4.0532 0.01
r 68 0.01 8 3.72522 0.01
r 70 0.01 8 3.44715 0.01
r 72 0.01 8 3.74727 0.01
r 74 0.01 8 4.16585 0.01
r 76 0.01 8 4.56427 0.01
r 78 0.01 8 4.993 0.01
r 80 0.01 8 5.43731 0.01
