5
s 30 2 93
r 20 0.01 0 3.70121 0.01
r 22 0.01 0 3.42146 0.01
r 24 0.01 0 3.16408 0.01
r 26 0.01 0 2.98005 0.01
r 28 0.01 0 1.88193 0.01
r 30 0.01 0 1.32739 0.01
r 32 0.01 0 1.88195 0.01
r 34 0.01 0 2.9801 0.01
r 36 0.01 0 3.27359 0.01
r 38 0.01 0 3.5977 0.01
r 40 0.01 0 3.96062 0.01
r 42 0.01 0 4.30917 0.01
r 44 0.01 0 4.59854 0.01
r 46 0.01 0 4.80975 0.01
r 48 0.01 0 5.07586 0.01
r 50 0.01 0 5.38479 0.01
r 52 0.01 0 5.69353 0.01
r 54 0.01 0 5.99092 0.01
r 56 0.01 0 6.25461 0.01
r 58 0.01 0 6.48598 0.01
r 60 0.01 0 6.7269 0.01
r 62 0.01 0 7.006 0.01
r 64 0.01 0 7.36073 0.01
r 66 0.01 0 7.68594 0.01
r 68 0.01 0 7.89999 0.01
r 70 0.01 0 8.149 0.01
r 72 0.01 0 8.39309 0.01
r 74 0.01 0 8.64823 0.01
r 76 0.01 0 8.88543 0.01
r 78 0.01 0 9.18703 0.01
r 80 0.01 0 9.40913 0.01
r 20 0.01 7 4.36609 0.01
r 22 0.01 7 4.08255 0.01
r 24 0.01 7 3.81121 0.01
r 26 0.01 7 3.60832 0.01
r 28 0.01 7 3.44733 0.01
r 30 0.01 7 3.15249 0.01
r 32 0.01 7 3.38701 0.01
r 34 0.01 7 3.67487 0.01
r 36 0.01 7 3.97053 0.01
r 38 0.01 7 4.32484 0.01
r 40 0.01 7 4.68638 0.01
r 42 0.01 7 5.02405 0.01
r 44 0.01 7 5.25734 0.01
r 46 0.01 7 5.46311 0.01
r 48 0.01 7 5.77342 0.01
r 50 0.01 7 6.08341 0.01
r 52 0.01 7 6.40097 0.01
r 54 0.01 7 6.64356 0.01
r 56 0.01 7 6.90427 0.01
r 58 0.01 7 7.13529 0.01
r 60 0.01 7 7.37453 0.01
r 62 0.01 7 7.72518 0.01
r 64 0.01 7 8.07113 0.01
r 66 0.01 7 8.34473 0.01
r 68 0.01 7 8.55384 0.01
r 70 0.01 7 8.8009 0.01
r 72 0.01 7 9.0712 0.01
r 74 0.01 7 9.29811 0.01
r 76 0.01 7 9.57005 0.01
r 78 0.01 7 9.86534 0.01
r 80 0.01 7 10.0407 0.01
r 20 0.01 8 5.63106 0.01
r 22 0.01 8 5.20675 0.01
r 24 0.01 8 4.80479 0.01
r 26 0.01 8 3.91277 0.01
r 28 0.01 8 3.51959 0.01
r 30 0.01 8 3.16251 0.01
r 32 0.01 8 3.51368 0.01
r 34 0.01 8 3.8724 0.01
r 36 0.01 8 4.28461 0.01
r 38 0.01 8 4.78583 0.01
r 40 0.01 8 5.33616 0.01
r 42 0.01 8 5.87981 0.01
r 44 0.01 8 6.3968 0.01
r 46 0.01 8 6.82862 0.01
r 48 0.01 8 7.25578 0.01
r 50 0.01 8 7.74968 0.01
r 52 0.01 8 8.23908 0.01
r 54 0.01 8 8.72995 0.01
r 56 0.01 8 9.17356 0.01
r 58 0.01 8 9.61938 0.01
r 60 0.01 8 10.0211 0.01
r 62 0.01 8 10.4307 0.01
r 64 0.01 8 10.8721 0.01
r 66 0.01 8 11.5096 0.01
r 68 0.01 8 12.2281 0.01
r 70 0.01 8 12.4544 0.01
r 72 0.01 8 12.8556 0.01
r 74 0.01 8 13.327 0.01
r 76 0.01 8 13.7475 0.01
r 78 0.01 8 14.2106 0.01
r 80 0.01 8 14.6725 0.01
s 40 2 93
r 20 0.01 0 5.18787 0.01
r 22 0.01 0 4.92375 0.01
r 24 0.01 0 4.66585 0.01
r 26 0.01 0 4.4761 0.01
r 28 0.01 0 4.28111 0.01
r 30 0.01 0 3.96453 0.01
r 32 0.01 0 3.6541 0.01
r 34 0.01 0 3.36256 0.01
r 36 0.01 0 2.98213 0.01
r 38 0.01 0 1.88327 0.01
r 40 0.01 0 1.32835 0.01
r 42 0.01 0 1.88327 0.01
r 44 0.01 0 2.98212 0.01
r 46 0.01 0 3.50655 0.01
r 48 0.01 0 3.78684 0.01
r 50 0.01 0 4.1243 0.01
r 52 0.01 0 4.45564 0.01
r 54 0.01 0 4.77624 0.01
r 56 0.01 0 5.05505 0.01
r 58 0.01 0 5.2997 0.01
r 60 0.01 0 5.55121 0.01
r 62 0.01 0 5.84134 0.01
r 64 0.01 0 6.20903 0.01
r 66 0.01 0 6.54912 0.01
r 68 0.01 0 6.77101 0.01
r 70 0.01 0 7.01239 0.01
r 72 0.01 0 7.28679 0.01
r 74 0.01 0 7.58095 0.01
r 76 0.01 0 7.83873 0.01
r 78 0.01 0 8.17129 0.01
r 80 0.01 0 8.40611 0.01
r 20 0.01 7 5.95862 0.01
r 22 0.01 7 5.69264 0.01
r 24 0.01 7 5.43809 0.01
r 26 0.01 7 5.23664 0.01
r 28 0.01 7 5.07379 0.01
r 30 0.01 7 4.78598 0.01
r 32 0.01 7 4.45681 0.01
r 34 0.01 7 4.16842 0.01
r 36 0.01 7 3.88728 0.01
r 38 0.01 7 3.65722 0.01
r 40 0.01 7 3.4332 0.01
r 42 0.01 7 3.66242 0.01
r 44 0.01 7 4.03011 0.01
r 46 0.01 7 4.25816 0.01
r 48 0.01 7 4.58522 0.01
r 50 0.01 7 4.9246 0.01
r 52 0.01 7 5.26046 0.01
r 54 0.01 7 5.54537 0.01
r 56 0.01 7 5.81916 0.01
r 58 0.01 7 6.04479 0.01
r 60 0.01 7 6.30983 0.01
r 62 0.01 7 6.67679 0.01
r 64 0.01 7 7.00654 0.01
r 66 0.01 7 7.29617 0.01
r 68 0.01 7 7.51303 0.01
r 70 0.01 7 7.77519 0.01
r 72 0.01 7 8.07635 0.01
r 74 0.01 7 8.33891 0.01
r 76 0.01 7 8.61724 0.01
r 78 0.01 7 8.92092 0.01
r 80 0.01 7 9.12432 0.01
r 20 0.01 8 7.63605 0.01
r 22 0.01 8 7.21752 0.01
r 24 0.01 8 6.8132 0.01
r 26 0.01 8 6.94359 0.01
r 28 0.01 8 5.97027 0.01
r 30 0.01 8 5.4599 0.01
r 32 0.01 8 4.96848 0.01
r 34 0.01 8 4.49529 0.01
r 36 0.01 8 4.17252 0.01
r 38 0.01 8 3.77808 0.01
r 40 0.01 8 3.43589 0.01
r 42 0.01 8 3.78005 0.01
r 44 0.01 8 4.28957 0.01
r 46 0.01 8 4.70203 0.01
r 48 0.01 8 5.49211 0.01
r 50 0.01 8 6.0018 0.01
r 52 0.01 8 6.81081 0.01
r 54 0.01 8 6.68283 0.01
r 56 0.01 8 7.14685 0.01
r 58 0.01 8 7.64807 0.01
r 60 0.01 8 8.02489 0.01
r 62 0.01 8 8.45242 0.01
r 64 0.01 8 8.90357 0.01
r 66 0.01 8 9.53435 0.01
r 68 0.01 8 10.2614 0.01
r 70 0.01 8 10.4475 0.01
r 72 0.01 8 10.8367 0.01
r 74 0.01 8 11.3202 0.01
r 76 0.01 8 11.7273 0.01
r 78 0.01 8 12.2022 0.01
r 80 0.01 8 12.6658 0.01
s 50 2 93
r 20 0.01 0 6.51759 0.01
r 22 0.01 0 6.26479 0.01
r 24 0.01 0 6.02608 0.01
r 26 0.01 0 5.8471 0.01
r 28 0.01 0 5.67493 0.01
r 30 0.01 0 5.38334 0.01
r 32 0.01 0 5.10487 0.01
r 34 0.01 0 4.83924 0.01
r 36 0.01 0 4.59109 0.01
r 38 0.01 0 4.37077 0.01
r 40 0.01 0 4.14295 0.01
r 42 0.01 0 3.83004 0.01
r 44 0.01 0 3.47407 0.01
r 46 0.01 0 2.97953 0.01
r 48 0.01 0 1.88158 0.01
r 50 0.01 0 1.32713 0.01
r 52 0.01 0 1.88157 0.01
r 54 0.01 0 2.97948 0.01
r 56 0.01 0 3.66578 0.01
r 58 0.01 0 3.92504 0.01
r 60 0.01 0 4.18104 0.01
r 62 0.01 0 4.4782 0.01
r 64 0.01 0 4.86378 0.01
r 66 0.01 0 5.22232 0.01
r 68 0.01 0 5.44929 0.01
r 70 0.01 0 5.69864 0.01
r 72 0.01 0 5.97817 0.01
r 74 0.01 0 6.29138 0.01
r 76 0.01 0 6.55735 0.01
r 78 0.01 0 6.90584 0.01
r 80 0.01 0 7.1678 0.01
r 20 0.01 7 7.29055 0.01
r 22 0.01 7 7.02049 0.01
r 24 0.01 7 6.77877 0.01
r 26 0.01 7 6.59715 0.01
r 28 0.01 7 6.44463 0.01
r 30 0.01 7 6.17883 0.01
r 32 0.01 7 5.87236 0.01
r 34 0.01 7 5.61054 0.01
r 36 0.01 7 5.35678 0.01
r 38 0.01 7 5.14489 0.01
r 40 0.01 7 4.92724 0.01
r 42 0.01 7 4.67452 0.01
r 44 0.01 7 4.33459 0.01
r 46 0.01 7 3.97653 0.01
r 48 0.01 7 3.74674 0.01
r 50 0.01 7 3.51837 0.01
r 52 0.01 7 3.73935 0.01
r 54 0.01 7 4.15988 0.01
r 56 0.01 7 4.44378 0.01
r 58 0.01 7 4.67452 0.01
r 60 0.01 7 4.95079 0.01
r 62 0.01 7 5.28646 0.01
r 64 0.01 7 5.67233 0.01
r 66 0.01 7 5.9796 0.01
r 68 0.01 7 6.20282 0.01
r 70 0.01 7 6.46585 0.01
r 72 0.01 7 6.76183 0.01
r 74 0.01 7 7.05241 0.01
r 76 0.01 7 7.35047 0.01
r 78 0.01 7 7.68232 0.01
r 80 0.01 7 7.89655 0.01
r 20 0.01 8 9.95432 0.01
r 22 0.01 8 9.52401 0.01
r 24 0.01 8 9.14332 0.01
r 26 0.01 8 8.79254 0.01
r 28 0.01 8 8.3515 0.01
r 30 0.01 8 7.86952 0.01
r 32 0.01 8 7.41371 0.01
r 34 0.01 8 6.9543 0.01
r 36 0.01 8 6.55187 0.01
r 38 0.01 8 6.09696 0.01
r 40 0.01 8 5.64559 0.01
r 42 0.01 8 5.23535 0.01
r 44 0.01 8 4.61732 0.01
r 46 0.01 8 4.26292 0.01
r 48 0.01 8 3.80569 0.01
r 50 0.01 8 3.52857 0.01
r 52 0.01 8 3.8541 0.01
r 54 0.01 8 4.35928 0.01
r 56 0.01 8 4.82386 0.01
r 58 0.01 8 5.40696 0.01
r 60 0.01 8 7.17834 0.01
r 62 0.01 8 6.80454 0.01
r 64 0.01 8 6.80311 0.01
r 66 0.01 8 7.29962 0.01
r 68 0.01 8 7.93856 0.01
r 70 0.01 8 8.18055 0.01
r 72 0.01 8 8.59036 0.01
r 74 0.01 8 9.06175 0.01
r 76 0.01 8 9.48232 0.01
r 78 0.01 8 9.94533 0.01
r 80 0.01 8 10.4087 0.01
s 60 2 93
r 20 0.01 0 7.81229 0.01
r 22 0.01 0 7.56744 0.01
r 24 0.01 0 7.33388 0.01
r 26 0.01 0 7.16337 0.01
r 28 0.01 0 6.99756 0.01
r 30 0.01 0 6.72044 0.01
r 32 0.01 0 6.45101 0.01
r 34 0.01 0 6.20778 0.01
r 36 0.01 0 5.97343 0.01
r 38 0.01 0 5.77218 0.01
r 40 0.01 0 5.55974 0.01
r 42 0.01 0 5.27077 0.01
r 44 0.01 0 4.92773 0.01
r 46 0.01 0 4.64395 0.01
r 48 0.01 0 4.41692 0.01
r 50 0.01 0 4.1903 0.01
r 52 0.01 0 3.93242 0.01
r 54 0.01 0 3.64682 0.01
r 56 0.01 0 2.97969 0.01
r 58 0.01 0 1.8817 0.01
r 60 0.01 0 1.32723 0.01
r 62 0.01 0 1.88171 0.01
r 64 0.01 0 2.97972 0.01
r 66 0.01 0 3.75294 0.01
r 68 0.01 0 4.0885 0.01
r 70 0.01 0 4.33916 0.01
r 72 0.01 0 4.62564 0.01
r 74 0.01 0 4.94476 0.01
r 76 0.01 0 5.22189 0.01
r 78 0.01 0 5.58348 0.01
r 80 0.01 0 5.86136 0.01
r 20 0.01 7 8.55179 0.01
r 22 0.01 7 8.30969 0.01
r 24 0.01 7 8.06651 0.01
r 26 0.01 7 7.89461 0.01
r 28 0.01 7 7.74673 0.01
r 30 0.01 7 7.49585 0.01
r 32 0.01 7 7.20285 0.01
r 34 0.01 7 6.95971 0.01
r 36 0.01 7 6.71172 0.01
r 38 0.01 7 6.51162 0.01
r 40 0.01 7 6.31189 0.01
r 42 0.01 7 6.07792 0.01
r 44 0.01 7 5.73814 0.01
r 46 0.01 7 5.40554 0.01
r 48 0.01 7 5.18208 0.01
r 50 0.01 7 4.95608 0.01
r 52 0.01 7 4.72824 0.01
r 54 0.01 7 4.44392 0.01
r 56 0.01 7 4.14323 0.01
r 58 0.01 7 3.70608 0.01
r 60 0.01 7 3.53322 0.01
r 62 0.01 7 3.76353 0.01
r 64 0.01 7 4.2882 0.01
r 66 0.01 7 4.60815 0.01
r 68 0.01 7 4.83284 0.01
r 70 0.01 7 5.10551 0.01
r 72 0.01 7 5.4136 0.01
r 74 0.01 7 5.70879 0.01
r 76 0.01 7 6.01009 0.01
r 78 0.01 7 6.41756 0.01
r 80 0.01 7 6.58988 0.01
r 20 0.01 8 12.1691 0.01
r 22 0.01 8 11.7583 0.01
r 24 0.01 8 11.3689 0.01
r 26 0.01 8 11.0263 0.01
r 28 0.01 8 10.5857 0.01
r 30 0.01 8 10.1291 0.01
r 32 0.01 8 9.70539 0.01
r 34 0.01 8 9.28262 0.01
r 36 0.01 8 8.87141 0.01
r 38 0.01 8 8.43707 0.01
r 40 0.01 8 8.01638 0.01
r 42 0.01 8 7.51865 0.01
r 44 0.01 8 7.39056 0.01
r 46 0.01 8 9.31832 0.01
r 48 0.01 8 8.72921 0.01
r 50 0.01 8 5.64562 0.01
r 52 0.01 8 5.25403 0.01
r 54 0.01 8 4.67201 0.01
r 56 0.01 8 4.37088 0.01
r 58 0.01 8 3.85215 0.01
r 60 0.01 8 3.53581 0.01
r 62 0.01 8 3.86699 0.01
r 64 0.01 8 4.46713 0.01
r 66 0.01 8 4.986 0.01
r 68 0.01 8 5.80691 0.01
r 70 0.01 8 6.71307 0.01
r 72 0.01 8 6.49955 0.01
r 74 0.01 8 6.87797 0.01
r 76 0.01 8 7.33732 0.01
r 78 0.01 8 7.82434 0.01
r 80 0.01 8 8.22005 0.01
s 70 2 93
r 20 0.01 0 9.14855 0.01
r 22 0.01 0 8.91743 0.01
r 24 0.01 0 8.69927 0.01
r 26 0.01 0 8.5417 0.01
r 28 0.01 0 8.39469 0.01
r 30 0.01 0 8.13894 0.01
r 32 0.01 0 7.86913 0.01
r 34 0.01 0 7.63124 0.01
r 36 0.01 0 7.40866 0.01
r 38 0.01 0 7.22063 0.01
r 40 0.01 0 7.02115 0.01
r 42 0.01 0 6.75347 0.01
r 44 0.01 0 6.42611 0.01
r 46 0.01 0 6.14714 0.01
r 48 0.01 0 5.92621 0.01
r 50 0.01 0 5.70751 0.01
r 52 0.01 0 5.46425 0.01
r 54 0.01 0 5.18567 0.01
r 56 0.01 0 4.86891 0.01
r 58 0.01 0 4.57891 0.01
r 60 0.01 0 4.35454 0.01
r 62 0.01 0 4.18641 0.01
r 64 0.01 0 3.76214 0.01
r 66 0.01 0 2.98026 0.01
r 68 0.01 0 1.88207 0.01
r 70 0.01 0 1.32748 0.01
r 72 0.01 0 1.88206 0.01
r 74 0.01 0 2.98023 0.01
r 76 0.01 0 3.75484 0.01
r 78 0.01 0 4.28712 0.01
r 80 0.01 0 4.57561 0.01
r 20 0.01 7 9.9527 0.01
r 22 0.01 7 9.72124 0.01
r 24 0.01 7 9.49404 0.01
r 26 0.01 7 9.3302 0.01
r 28 0.01 7 9.20901 0.01
r 30 0.01 7 8.98155 0.01
r 32 0.01 7 8.69383 0.01
r 34 0.01 7 8.45069 0.01
r 36 0.01 7 8.2225 0.01
r 38 0.01 7 8.03768 0.01
r 40 0.01 7 7.84051 0.01
r 42 0.01 7 7.6264 0.01
r 44 0.01 7 7.30186 0.01
r 46 0.01 7 6.97685 0.01
r 48 0.01 7 6.76118 0.01
r 50 0.01 7 6.54107 0.01
r 52 0.01 7 6.31749 0.01
r 54 0.01 7 6.04546 0.01
r 56 0.01 7 5.76215 0.01
r 58 0.01 7 5.44098 0.01
r 60 0.01 7 5.18246 0.01
r 62 0.01 7 5.03523 0.01
r 64 0.01 7 4.80646 0.01
r 66 0.01 7 4.46748 0.01
r 68 0.01 7 4.0223 0.01
r 70 0.01 7 3.87141 0.01
r 72 0.01 7 4.05245 0.01
r 74 0.01 7 4.49058 0.01
r 76 0.01 7 4.79683 0.01
r 78 0.01 7 5.17784 0.01
r 80 0.01 7 5.40821 0.01
r 20 0.01 8 14.6284 0.01
r 22 0.01 8 14.1998 0.01
r 24 0.01 8 13.7923 0.01
r 26 0.01 8 13.4282 0.01
r 28 0.01 8 13.0801 0.01
r 30 0.01 8 12.6343 0.01
r 32 0.01 8 12.2164 0.01
r 34 0.01 8 11.7907 0.01
r 36 0.01 8 11.3592 0.01
r 38 0.01 8 10.9486 0.01
r 40 0.01 8 10.521 0.01
r 42 0.01 8 10.015 0.01
r 44 0.01 8 9.52619 0.01
r 46 0.01 8 9.11151 0.01
r 48 0.01 8 8.67518 0.01
r 50 0.01 8 8.21997 0.01
r 52 0.01 8 7.74114 0.01
r 54 0.01 8 7.2762 0.01
r 56 0.01 8 6.75255 0.01
r 58 0.01 8 6.28032 0.01
r 60 0.01 8 5.91717 0.01
r 62 0.01 8 5.38815 0.01
r 64 0.01 8 4.91248 0.01
r 66 0.01 8 4.68537 0.01
r 68 0.01 8 4.18538 0.01
r 70 0.01 8 3.8725 0.01
r 72 0.01 8 4.17475 0.01
r 74 0.01 8 4.60323 0.01
r 76 0.01 8 5.14754 0.01
r 78 0.01 8 5.62752 0.01
r 80 0.01 8 5.88418 0.01
