5
s 30 2 31
r 20 0.01 0 4.24533 0.01
r 22 0.01 0 3.85646 0.01
r 24 0.01 0 3.5008 0.01
r 26 0.01 0 2.97845 0.01
r 28 0.01 0 1.88091 0.01
r 30 0.01 0 1.32667 0.01
r 32 0.01 0 1.88091 0.01
r 34 0.01 0 2.97845 0.01
r 36 0.01 0 3.56048 0.01
r 38 0.01 0 3.96703 0.01
r 40 0.01 0 4.41378 0.01
r 42 0.01 0 4.85529 0.01
r 44 0.01 0 5.28037 0.01
r 46 0.01 0 5.62421 0.01
r 48 0.01 0 5.98781 0.01
r 50 0.01 0 6.4059 0.01
r 52 0.01 0 6.82067 0.01
r 54 0.01 0 7.22568 0.01
r 56 0.01 0 7.59515 0.01
r 58 0.01 0 7.94902 0.01
r 60 0.01 0 8.28025 0.01
r 62 0.01 0 8.62975 0.01
r 64 0.01 0 9.02951 0.01
r 66 0.01 0 9.41192 0.01
r 68 0.01 0 9.7268 0.01
r 70 0.01 0 10.0311 0.01
r 72 0.01 0 10.3502 0.01
r 74 0.01 0 10.6814 0.01
r 76 0.01 0 10.9899 0.01
r 78 0.01 0 11.3244 0.01
r 80 0.01 0 11.6377 0.01
s 40 2 31
r 20 0.01 0 6.21061 0.01
r 22 0.01 0 5.83787 0.01
r 24 0.01 0 5.4874 0.01
r 26 0.01 0 5.1898 0.01
r 28 0.01 0 4.84869 0.01
r 30 0.01 0 4.41426 0.01
r 32 0.01 0 4.01002 0.01
r 34 0.01 0 3.61562 0.01
r 36 0.01 0 2.97845 0.01
r 38 0.01 0 1.88091 0.01
r 40 0.01 0 1.32667 0.01
r 42 0.01 0 1.88091 0.01
r 44 0.01 0 2.97845 0.01
r 46 0.01 0 3.77157 0.01
r 48 0.01 0 4.13816 0.01
r 50 0.01 0 4.57541 0.01
r 52 0.01 0 5.01268 0.01
r 54 0.01 0 5.44353 0.01
r 56 0.01 0 5.83431 0.01
r 58 0.01 0 6.21431 0.01
r 60 0.01 0 6.56775 0.01
r 62 0.01 0 6.94524 0.01
r 64 0.01 0 7.37634 0.01
r 66 0.01 0 7.79892 0.01
r 68 0.01 0 8.13995 0.01
r 70 0.01 0 8.47392 0.01
r 72 0.01 0 8.81995 0.01
r 74 0.01 0 9.18881 0.01
r 76 0.01 0 9.52548 0.01
r 78 0.01 0 9.89382 0.01
r 80 0.01 0 10.2415 0.01
s 50 2 31
r 20 0.01 0 8.07931 0.01
r 22 0.01 0 7.73904 0.01
r 24 0.01 0 7.4093 0.01
r 26 0.01 0 7.12723 0.01
r 28 0.01 0 6.81211 0.01
r 30 0.01 0 6.40589 0.01
r 32 0.01 0 6.01973 0.01
r 34 0.01 0 5.63935 0.01
r 36 0.01 0 5.28479 0.01
r 38 0.01 0 4.9477 0.01
r 40 0.01 0 4.6016 0.01
r 42 0.01 0 4.17092 0.01
r 44 0.01 0 3.72983 0.01
r 46 0.01 0 2.97845 0.01
r 48 0.01 0 1.88091 0.01
r 50 0.01 0 1.32667 0.01
r 52 0.01 0 1.88091 0.01
r 54 0.01 0 2.97845 0.01
r 56 0.01 0 3.93005 0.01
r 58 0.01 0 4.32348 0.01
r 60 0.01 0 4.68644 0.01
r 62 0.01 0 5.079 0.01
r 64 0.01 0 5.54234 0.01
r 66 0.01 0 5.98258 0.01
r 68 0.01 0 6.36483 0.01
r 70 0.01 0 6.71795 0.01
r 72 0.01 0 7.09398 0.01
r 74 0.01 0 7.49522 0.01
r 76 0.01 0 7.86345 0.01
r 78 0.01 0 8.26338 0.01
r 80 0.01 0 8.64688 0.01
s 60 2 31
r 20 0.01 0 9.78616 0.01
r 22 0.01 0 9.47769 0.01
r 24 0.01 0 9.1811 0.01
r 26 0.01 0 8.92394 0.01
r 28 0.01 0 8.64077 0.01
r 30 0.01 0 8.27064 0.01
r 32 0.01 0 7.91175 0.01
r 34 0.01 0 7.55965 0.01
r 36 0.01 0 7.22618 0.01
r 38 0.01 0 6.90599 0.01
r 40 0.01 0 6.57705 0.01
r 42 0.01 0 6.17276 0.01
r 44 0.01 0 5.75215 0.01
r 46 0.01 0 5.3887 0.01
r 48 0.01 0 5.04619 0.01
r 50 0.01 0 4.69461 0.01
r 52 0.01 0 4.30212 0.01
r 54 0.01 0 3.93005 0.01
r 56 0.01 0 2.97845 0.01
r 58 0.01 0 1.88091 0.01
r 60 0.01 0 1.32667 0.01
r 62 0.01 0 1.88091 0.01
r 64 0.01 0 2.97845 0.01
r 66 0.01 0 3.93005 0.01
r 68 0.01 0 4.46531 0.01
r 70 0.01 0 4.82537 0.01
r 72 0.01 0 5.21231 0.01
r 74 0.01 0 5.63232 0.01
r 76 0.01 0 6.02643 0.01
r 78 0.01 0 6.44767 0.01
r 80 0.01 0 6.866 0.01
s 70 2 31
r 20 0.01 0 11.376 0.01
r 22 0.01 0 11.0987 0.01
r 24 0.01 0 10.8315 0.01
r 26 0.01 0 10.6025 0.01
r 28 0.01 0 10.3554 0.01
r 30 0.01 0 10.024 0.01
r 32 0.01 0 9.69739 0.01
r 34 0.01 0 9.38298 0.01
r 36 0.01 0 9.07647 0.01
r 38 0.01 0 8.78539 0.01
r 40 0.01 0 8.48335 0.01
r 42 0.01 0 8.11767 0.01
r 44 0.01 0 7.72956 0.01
r 46 0.01 0 7.38646 0.01
r 48 0.01 0 7.0612 0.01
r 50 0.01 0 6.72655 0.01
r 52 0.01 0 6.3542 0.01
r 54 0.01 0 5.97076 0.01
r 56 0.01 0 5.54925 0.01
r 58 0.01 0 5.16897 0.01
r 60 0.01 0 4.84324 0.01
r 62 0.01 0 4.50276 0.01
r 64 0.01 0 3.93005 0.01
r 66 0.01 0 2.97845 0.01
r 68 0.01 0 1.88091 0.01
r 70 0.01 0 1.32667 0.01
r 72 0.01 0 1.88091 0.01
r 74 0.01 0 2.97845 0.01
r 76 0.01 0 3.93005 0.01
r 78 0.01 0 4.53146 0.01
r 80 0.01 0 4.98399 0.01
