5
s 30 2 31
r 20 0.01 6 5.29132 0.01
r 22 0.01 6 4.61131 0.01
r 24 0.01 6 3.97222 0.01
r 26 0.01 6 3.38857 0.01
r 28 0.01 6 2.92399 0.01
r 30 0.01 6 2.72035 0.01
r 32 0.01 6 2.85774 0.01
r 34 0.01 6 3.31357 0.01
r 36 0.01 6 3.97113 0.01
r 38 0.01 6 4.66393 0.01
r 40 0.01 6 5.33937 0.01
r 42 0.01 6 6.04129 0.01
r 44 0.01 6 6.71541 0.01
r 46 0.01 6 7.38729 0.01
r 48 0.01 6 8.05201 0.01
r 50 0.01 6 8.73512 0.01
r 52 0.01 6 9.41539 0.01
r 54 0.01 6 10.0873 0.01
r 56 0.01 6 10.7316 0.01
r 58 0.01 6 11.3528 0.01
r 60 0.01 6 11.9657 0.01
r 62 0.01 6 12.5974 0.01
r 64 0.01 6 13.24 0.01
r 66 0.01 6 13.793 0.01
r 68 0.01 6 14.3298 0.01
r 70 0.01 6 14.8824 0.01
r 72 0.01 6 15.46 0.01
r 74 0.01 6 16.0545 0.01
r 76 0.01 6 16.6192 0.01
r 78 0.01 6 17.1437 0.01
r 80 0.01 6 17.6182 0.01
s 40 2 31
r 20 0.01 6 8.68741 0.01
r 22 0.01 6 8.03563 0.01
r 24 0.01 6 7.40406 0.01
r 26 0.01 6 6.7358 0.01
r 28 0.01 6 6.03716 0.01
r 30 0.01 6 5.34923 0.01
r 32 0.01 6 4.67556 0.01
r 34 0.01 6 3.99988 0.01
r 36 0.01 6 3.38991 0.01
r 38 0.01 6 2.99396 0.01
r 40 0.01 6 2.85516 0.01
r 42 0.01 6 3.0686 0.01
r 44 0.01 6 3.54248 0.01
r 46 0.01 6 4.10154 0.01
r 48 0.01 6 4.71073 0.01
r 50 0.01 6 5.35492 0.01
r 52 0.01 6 6.04131 0.01
r 54 0.01 6 6.71252 0.01
r 56 0.01 6 7.35367 0.01
r 58 0.01 6 7.97554 0.01
r 60 0.01 6 8.589 0.01
r 62 0.01 6 9.22041 0.01
r 64 0.01 6 9.8678 0.01
r 66 0.01 6 10.5043 0.01
r 68 0.01 6 11.1143 0.01
r 70 0.01 6 11.6922 0.01
r 72 0.01 6 12.2686 0.01
r 74 0.01 6 12.8547 0.01
r 76 0.01 6 13.4413 0.01
r 78 0.01 6 14.0181 0.01
r 80 0.01 6 14.5815 0.01
s 50 2 31
r 20 0.01 6 11.9125 0.01
r 22 0.01 6 11.3092 0.01
r 24 0.01 6 10.7117 0.01
r 26 0.01 6 10.1251 0.01
r 28 0.01 6 9.42283 0.01
r 30 0.01 6 8.73581 0.01
r 32 0.01 6 8.05681 0.01
r 34 0.01 6 7.37852 0.01
r 36 0.01 6 6.70394 0.01
r 38 0.01 6 6.04179 0.01
r 40 0.01 6 5.36422 0.01
r 42 0.01 6 4.68978 0.01
r 44 0.01 6 4.03179 0.01
r 46 0.01 6 3.46727 0.01
r 48 0.01 6 3.11541 0.01
r 50 0.01 6 2.98443 0.01
r 52 0.01 6 3.17964 0.01
r 54 0.01 6 3.61476 0.01
r 56 0.01 6 4.18012 0.01
r 58 0.01 6 4.71347 0.01
r 60 0.01 6 5.35067 0.01
r 62 0.01 6 5.93309 0.01
r 64 0.01 6 6.6113 0.01
r 66 0.01 6 7.24244 0.01
r 68 0.01 6 7.83314 0.01
r 70 0.01 6 8.41054 0.01
r 72 0.01 6 8.98759 0.01
r 74 0.01 6 9.57346 0.01
r 76 0.01 6 10.1613 0.01
r 78 0.01 6 10.737 0.01
r 80 0.01 6 11.3017 0.01
s 60 2 31
r 20 0.01 6 14.893 0.01
r 22 0.01 6 14.3409 0.01
r 24 0.01 6 13.7911 0.01
r 26 0.01 6 13.218 0.01
r 28 0.01 6 12.6212 0.01
r 30 0.01 6 11.9359 0.01
r 32 0.01 6 11.2561 0.01
r 34 0.01 6 10.5768 0.01
r 36 0.01 6 9.89459 0.01
r 38 0.01 6 9.23089 0.01
r 40 0.01 6 8.56704 0.01
r 42 0.01 6 7.89309 0.01
r 44 0.01 6 7.23431 0.01
r 46 0.01 6 6.61263 0.01
r 48 0.01 6 5.9491 0.01
r 50 0.01 6 5.3684 0.01
r 52 0.01 6 4.71901 0.01
r 54 0.01 6 4.08645 0.01
r 56 0.01 6 3.53962 0.01
r 58 0.01 6 3.15029 0.01
r 60 0.01 6 2.98433 0.01
r 62 0.01 6 3.20088 0.01
r 64 0.01 6 3.65759 0.01
r 66 0.01 6 4.17944 0.01
r 68 0.01 6 4.76586 0.01
r 70 0.01 6 5.32433 0.01
r 72 0.01 6 5.88999 0.01
r 74 0.01 6 6.48023 0.01
r 76 0.01 6 7.08654 0.01
r 78 0.01 6 7.64464 0.01
r 80 0.01 6 8.18734 0.01
s 70 2 31
r 20 0.01 6 17.5548 0.01
r 22 0.01 6 17.0406 0.01
r 24 0.01 6 16.5378 0.01
r 26 0.01 6 16.0066 0.01
r 28 0.01 6 15.4524 0.01
r 30 0.01 6 14.8855 0.01
r 32 0.01 6 14.331 0.01
r 34 0.01 6 13.6499 0.01
r 36 0.01 6 12.9686 0.01
r 38 0.01 6 12.3059 0.01
r 40 0.01 6 11.6411 0.01
r 42 0.01 6 10.969 0.01
r 44 0.01 6 10.3136 0.01
r 46 0.01 6 9.63473 0.01
r 48 0.01 6 9.00417 0.01
r 50 0.01 6 8.38803 0.01
r 52 0.01 6 7.78146 0.01
r 54 0.01 6 7.13914 0.01
r 56 0.01 6 6.46519 0.01
r 58 0.01 6 5.9025 0.01
r 60 0.01 6 5.31561 0.01
r 62 0.01 6 4.74579 0.01
r 64 0.01 6 4.18576 0.01
r 66 0.01 6 3.70356 0.01
r 68 0.01 6 3.365 0.01
r 70 0.01 6 3.22311 0.01
r 72 0.01 6 3.39324 0.01
r 74 0.01 6 3.75878 0.01
r 76 0.01 6 4.26446 0.01
r 78 0.01 6 4.75358 0.01
r 80 0.01 6 5.30392 0.01
