63 81 1.5 0.33
0 2 4 6 8 10 12 14 16 18 20 22 24 26 28 30 32 34 36 38 40 42 44 46 48 50 52 54 56 58 60 62 64 66 68 70 72 74 76 78 80 82 84 86 88 90 92 94 96 98 100 102 104 106 108 110 112 114 116 118 120 122 124 
0 0 0 0 0 0 0 0 0 0 0 0 0 0 0 0 0 0 0 0 0 0 0 0 0 0 0 0 0 0 0 0 0 0 0 0 0 0 0 0 0 0 0 0 0 0 0 0 0 0 0 0 0 0 0 0 0 0 0 0 0 0 0 
0 0.2 0.4 0.6 0.8 1 1.2 1.4 1.6 1.8 2 2.2 2.4 2.6 2.8 3 3.2 3.4 3.6 3.8 4 4.2 4.4 4.6 4.8 5 5.2 5.4 5.6 5.8 6 6.2 6.4 6.6 6.8 7 7.2 7.4 7.6 7.8 8 8.2 8.4 8.6 8.8 9 9.2 9.4 9.6 9.8 10 10.2 10.4 10.6 10.8 11 11.2 11.4 11.6 11.8 12 12.2 12.4 12.6 12.8 13 13.2 13.4 13.6 13.8 14 14.2 14.4 14.6 14.8 15 15.2 15.4 15.6 15.8 16 
1.5 1.5 1.5 1.5 1.5 1.5 1.5 1.5 1.5 1.5 1.50908 2.30108 7.2214 7.23941 7.25839 7.27758 7.29627 7.31585 7.33306 7.35111 7.36901 7.38574 7.40144 7.4184 7.43431 7.44987 7.46492 7.4785 7.49395 7.50784 7.52141 7.53435 7.5471 7.55942 7.57383 7.58291 7.59416 7.60522 7.61594 7.62886 7.63632 7.64656 7.6563 7.66611 7.67317 7.68529 7.69519 7.70484 7.71463 7.72181 7.73436 7.74489 7.75526 7.76591 7.77681 7.78777 7.79947 7.81106 7.82318 7.8354 7.8478 7.86105 7.87406 7.88755 7.90136 7.91545 7.9302 7.94477 7.95994 7.97509 7.99013 8.00669 8.02279 8.03999 8.05575 8.07366 8.09002 8.10659 8.12567 8.14148 8.15184 
1.5 1.5 1.5 1.5 1.5 1.5 1.5 1.5 1.5 1.5 1.50928 2.30116 2.38245 7.21797 7.23649 7.25517 7.27339 7.29311 7.30925 7.32688 7.34416 7.36023 7.37516 7.39152 7.4066 7.42146 7.43577 7.44856 7.46358 7.47705 7.49023 7.50289 7.51542 7.52768 7.5418 7.55129 7.56291 7.57441 7.58578 7.59912 7.60792 7.6192 7.63003 7.64106 7.64995 7.66324 7.67469 7.68593 7.69736 7.70671 7.72047 7.73252 7.74446 7.75671 7.76908 7.78134 7.79422 7.80687 7.82004 7.83314 7.84613 7.85993 7.87335 7.88559 7.90116 7.91523 7.92969 7.94423 7.95765 7.97392 7.98886 8.00523 8.02085 8.03578 8.05389 8.07107 8.08588 8.10575 8.11862 8.13509 8.15417 
1.5 1.5 1.5 1.5 1.5 1.5 1.5 1.5 1.5 1.5 1.50898 2.30089 2.38199 2.463 7.21046 7.22917 7.24929 7.26675 7.28338 7.30098 7.31839 7.33586 7.34967 7.36604 7.38117 7.39609 7.41133 7.42309 7.43816 7.45173 7.46495 7.47648 7.4906 7.50309 7.51584 7.5273 7.53742 7.55119 7.56306 7.5749 7.5864 7.59979 7.60988 7.62155 7.63248 7.6451 7.65735 7.66937 7.6816 7.69273 7.70639 7.7193 7.732 7.74513 7.75718 7.77168 7.78562 7.7994 7.81336 7.82609 7.84148 7.85631 7.87079 7.88555 7.89896 7.91529 7.93079 7.94625 7.96177 7.97554 7.99264 8.00954 8.02592 8.04257 8.05702 8.07591 8.09344 8.11243 8.12624 8.13677 8.16375 
1.5 1.5 1.5 1.5 1.5 1.5 1.5 1.5 1.5 1.5 1.50861 2.29955 2.38086 2.46187 7.2038 7.22053 7.23876 7.25815 7.27468 7.29412 7.30961 7.3261 7.3413 7.35787 7.37425 7.38822 7.40293 7.41593 7.43134 7.44584 7.45873 7.47222 7.4857 7.49874 7.51197 7.52436 7.53702 7.54984 7.56253 7.57505 7.58772 7.60168 7.61295 7.62568 7.63728 7.65111 7.66493 7.67713 7.69027 7.7022 7.71679 7.72917 7.74395 7.75778 7.77031 7.78591 7.79902 7.81489 7.82767 7.84241 7.85895 7.87263 7.88956 7.90494 7.92063 7.93606 7.95032 7.96835 7.98257 8.00099 8.01736 8.03232 8.05224 8.06601 8.08788 8.10307 8.11919 8.14039 8.15215 8.17821 8.19467 
1.5 1.5 1.5 1.5 1.5 1.5 1.5 1.5 1.5 1.5 1.50804 2.29822 2.37971 2.46079 7.19367 7.21049 7.22887 7.24923 7.26594 7.28463 7.30039 7.31712 7.33462 7.35134 7.36603 7.38058 7.39576 7.41089 7.4266 7.43956 7.45326 7.46729 7.48132 7.49511 7.51043 7.52225 7.53563 7.54852 7.56193 7.57792 7.5897 7.60413 7.61589 7.62936 7.64274 7.6582 7.67255 7.68524 7.69925 7.71376 7.72962 7.74308 7.75778 7.77261 7.78962 7.80476 7.81901 7.83466 7.8501 7.86762 7.88344 7.8982 7.91437 7.93232 7.949 7.96547 7.98094 7.99793 8.01706 8.0342 8.0515 8.06759 8.08589 8.10554 8.12494 8.14115 8.16043 8.17641 8.19893 8.21654 8.23572 
1.5 1.5 1.5 1.5 1.5 1.5 1.5 1.5 1.5 1.5 1.5072 2.2963 2.37757 7.17499 7.1934 7.21272 7.2313 7.25051 7.268 7.28581 7.30392 7.32105 7.33783 7.3547 7.37127 7.38756 7.40374 7.41953 7.43544 7.45098 7.46621 7.48153 7.49703 7.51229 7.52905 7.5426 7.55762 7.57285 7.58787 7.60445 7.6183 7.63377 7.64893 7.66445 7.67851 7.69528 7.7112 7.72691 7.7427 7.75791 7.77473 7.79133 7.8076 7.8241 7.8408 7.8572 7.8744 7.89135 7.90825 7.92541 7.94248 7.96001 7.97724 7.99489 8.01246 8.03003 8.04842 8.06617 8.08447 8.10223 8.12035 8.13897 8.15789 8.17651 8.19558 8.213 8.23461 8.24909 8.27157 8.289 8.30916 
1.5 1.5 1.5 1.5 1.5 1.5 1.5 1.5 1.5 1.5 1.50624 2.29414 2.37546 7.15411 7.17283 7.19248 7.21133 7.23171 7.24895 7.26723 7.28582 7.30347 7.32061 7.3399 7.35627 7.37368 7.39098 7.40752 7.42546 7.44253 7.45917 7.47605 7.49316 7.5103 7.52716 7.54426 7.56096 7.57831 7.59525 7.61174 7.62943 7.64664 7.66389 7.68106 7.69776 7.71562 7.73336 7.75088 7.76833 7.78551 7.80358 7.82168 7.83954 7.85738 7.87549 7.89332 7.91182 7.92854 7.9482 7.96673 7.98499 8.00374 8.02207 8.04073 8.05969 8.07839 8.09774 8.11524 8.13576 8.15496 8.17405 8.19354 8.21296 8.23291 8.25233 8.27143 8.29287 8.30886 8.33063 8.35155 8.37055 
1.5 1.5 1.5 1.5 1.5 1.5 1.5 1.5 1.5 1.5 1.50493 2.29144 2.37216 2.45289 2.53377 7.12525 7.14469 7.16461 7.18404 7.20353 7.22241 7.24102 7.2599 7.27872 7.29769 7.3165 7.33538 7.35412 7.37347 7.39208 7.41128 7.43029 7.44861 7.46869 7.4875 7.50719 7.52637 7.54588 7.56521 7.58389 7.60394 7.6236 7.64312 7.66264 7.682 7.70148 7.72116 7.7408 7.76023 7.77972 7.79925 7.81777 7.83869 7.85822 7.87778 7.89708 7.91552 7.93673 7.95631 7.97611 7.99571 8.01442 8.03521 8.05516 8.07505 8.09506 8.11535 8.13534 8.1555 8.17547 8.1957 8.21618 8.23581 8.25745 8.27625 8.29789 8.31818 8.33704 8.35768 8.38071 8.39936 
1.5 1.5 1.5 1.5 1.5 1.5 1.5 1.5 1.5 1.5 1.50339 2.2879 2.36846 2.44909 2.52981 2.61024 7.09497 7.11532 7.13664 7.15739 7.17762 7.19795 7.21845 7.23895 7.25964 7.2808 7.30174 7.32312 7.34367 7.36514 7.38717 7.40869 7.43047 7.45095 7.47317 7.49605 7.51793 7.5401 7.56212 7.58309 7.60607 7.62819 7.65035 7.67226 7.69473 7.71591 7.73791 7.75852 7.78144 7.80336 7.8244 7.84621 7.86631 7.8889 7.90983 7.93076 7.95219 7.97209 7.99415 8.01502 8.0359 8.05724 8.07792 8.09889 8.11969 8.14061 8.1615 8.18246 8.20321 8.22407 8.24491 8.26604 8.28603 8.30828 8.3256 8.35037 8.3692 8.39089 8.41035 8.4351 8.45335 
1.5 1.5 1.5 1.5 1.5 1.5 1.5 1.5 1.5 1.5 1.50153 2.28375 2.36431 2.44477 2.52522 2.60561 7.06243 7.08452 7.10675 7.12898 7.15137 7.17404 7.19724 7.22008 7.2427 7.26697 7.2907 7.31403 7.33923 7.36302 7.38847 7.41315 7.43815 7.4632 7.487 7.51338 7.53842 7.56374 7.58902 7.61329 7.63867 7.6633 7.68819 7.71223 7.73817 7.76098 7.78508 7.80926 7.83273 7.85511 7.87953 7.90297 7.92596 7.94797 7.97046 7.99374 8.01633 8.03869 8.06056 8.08253 8.10447 8.12669 8.14837 8.16899 8.19178 8.21357 8.23488 8.25639 8.27719 8.29931 8.32063 8.34236 8.3629 8.38523 8.40595 8.42835 8.4481 8.47047 8.49164 8.51487 8.5332 
1.5 1.5 1.5 1.5 1.5 1.5 1.5 1.5 1.5 1.5 1.4995 2.27911 2.35905 2.43986 2.52012 7.02305 7.04801 7.06966 7.09414 7.1181 7.14313 7.16866 7.19554 7.22053 7.24706 7.27375 7.3009 7.32877 7.3561 7.38308 7.41255 7.44075 7.46894 7.49601 7.52451 7.55344 7.58321 7.61073 7.63944 7.66792 7.69596 7.7253 7.75194 7.7807 7.80796 7.83541 7.86238 7.88909 7.91514 7.94288 7.96673 7.99226 8.01701 8.04181 8.06581 8.08956 8.11336 8.13687 8.15968 8.18244 8.20498 8.22783 8.25033 8.27271 8.29474 8.31677 8.33843 8.36031 8.38209 8.40377 8.42533 8.44753 8.46883 8.49027 8.51225 8.53397 8.55474 8.57737 8.59996 8.62189 8.63931 
1.5 1.5 1.5 1.5 1.5 1.5 1.5 1.5 1.5 1.5 1.49662 2.27301 2.35278 2.43372 2.51401 6.97724 7.00063 7.03136 7.06632 7.09244 7.12114 7.14994 7.18154 7.20936 7.23893 7.27137 7.30307 7.33785 7.36741 7.39966 7.43205 7.46446 7.4969 7.52973 7.5605 7.59499 7.62731 7.66001 7.69217 7.72227 7.75529 7.78596 7.81702 7.84691 7.87998 7.90654 7.93548 7.96393 7.99161 8.02127 8.04602 8.07274 8.09858 8.12434 8.14951 8.17383 8.19841 8.22224 8.24558 8.26864 8.2918 8.31518 8.33768 8.3602 8.38231 8.40448 8.42621 8.44815 8.47015 8.49198 8.5135 8.53596 8.55705 8.57897 8.60148 8.6233 8.64283 8.66832 8.6886 8.71303 8.72786 
1.5 1.5 1.5 1.5 1.5 1.5 1.5 1.5 1.5 1.5 1.49275 2.26463 2.34411 2.42531 2.50522 6.91838 6.94128 6.96343 7.00473 7.05271 7.08943 7.12565 7.16605 7.19736 7.23326 7.2696 7.3075 7.35136 7.38447 7.42265 7.46001 7.49685 7.53342 7.57061 7.60458 7.64396 7.68018 7.71654 7.75175 7.78495 7.82173 7.85527 7.8889 7.92154 7.95758 7.98565 8.01659 8.04692 8.07608 8.10778 8.13335 8.16105 8.18826 8.21462 8.24068 8.26551 8.29068 8.31517 8.33866 8.36185 8.38509 8.40828 8.43104 8.45355 8.4756 8.49765 8.51923 8.541 8.56279 8.58439 8.60568 8.62781 8.64971 8.6713 8.69365 8.71556 8.73413 8.75979 8.78186 8.80471 8.81945 
1.5 1.5 1.5 1.5 1.5 1.5 1.5 1.5 1.5 1.5 1.48924 2.25706 2.33626 2.41726 2.49745 2.57805 6.87402 6.89111 6.90718 6.96761 7.02948 7.0735 7.12152 7.16083 7.20538 7.24871 7.2923 7.34389 7.38074 7.42612 7.47124 7.5152 7.55883 7.60177 7.64005 7.68387 7.72365 7.76365 7.80204 7.83852 7.87894 7.91556 7.95143 7.98639 8.02433 8.05405 8.0864 8.11795 8.149 8.18215 8.20777 8.23583 8.26352 8.29056 8.3169 8.34187 8.36696 8.39118 8.41459 8.43781 8.46053 8.48324 8.5056 8.52771 8.54954 8.5712 8.59258 8.61395 8.63544 8.65653 8.67765 8.69926 8.72194 8.74259 8.76524 8.78689 8.80634 8.83051 8.8548 8.87487 8.89159 
1.5 1.5 1.5 1.5 1.5 1.5 1.5 1.5 1.5 1.5 1.48542 2.24844 2.32723 2.40853 2.48868 2.56926 2.65012 2.72972 6.81044 6.87195 6.94809 7.00195 7.06058 7.10385 7.15546 7.20828 7.26084 7.32079 7.36383 7.41724 7.46792 7.51671 7.56488 7.61339 7.65766 7.70929 7.75531 7.80022 7.84197 7.88063 7.92341 7.96184 8.00025 8.0371 8.07767 8.10769 8.14106 8.17327 8.2049 8.23811 8.26412 8.2923 8.31992 8.34665 8.37248 8.39703 8.42211 8.44602 8.46906 8.49201 8.51425 8.53624 8.55776 8.57903 8.60034 8.62138 8.64251 8.66358 8.6847 8.70573 8.72682 8.74801 8.77015 8.7909 8.81333 8.83488 8.85514 8.87868 8.90329 8.92273 8.94255 
1.5 1.5 1.5 1.5 1.5 1.5 1.5 1.5 1.5 1.5 1.48158 2.2399 2.31866 2.40073 2.4813 2.5624 2.64376 2.7236 6.80897 6.87304 6.92241 6.98484 7.05803 7.11013 7.16619 7.22405 7.28484 7.35739 7.39953 7.4576 7.51653 7.57281 7.62577 7.67605 7.72122 7.77783 7.82772 7.87616 7.92251 7.96696 8.01432 8.05604 8.09573 8.13415 8.17597 8.20607 8.24008 8.27346 8.30626 8.33964 8.36486 8.39274 8.42052 8.44695 8.47232 8.49617 8.52121 8.54472 8.56687 8.58928 8.61073 8.6328 8.65401 8.67429 8.69547 8.7161 8.73692 8.75764 8.77863 8.79963 8.82113 8.84287 8.8643 8.88222 8.91023 8.9282 8.95155 8.97116 8.9985 9.01691 9.03755 
1.5 1.5 1.5 1.5 1.5 1.5 1.5 1.5 1.5 1.5 1.4772 2.23129 2.3099 2.39255 2.47336 2.55494 2.63678 6.74206 6.76532 6.85301 6.93452 7.00713 7.08527 7.14271 7.21312 7.27173 7.33771 7.42632 7.47008 7.53676 7.59768 7.65919 7.71901 7.77664 7.82183 7.87853 7.92904 7.97894 8.02692 8.07221 8.12197 8.16579 8.21007 8.2504 8.29648 8.32703 8.36101 8.39348 8.42528 8.45962 8.48549 8.51382 8.54122 8.56741 8.59213 8.61997 8.6401 8.66325 8.68553 8.70804 8.72946 8.75124 8.77192 8.79285 8.81361 8.83389 8.85464 8.8752 8.89567 8.9164 8.93779 8.95906 8.98084 9.00073 9.02695 9.04548 9.06751 9.0899 9.11399 9.13363 9.15719 
1.5 1.5 1.5 1.5 1.5 1.5 1.5 1.5 1.5 1.5 1.47218 2.2198 2.29765 2.38014 2.45898 2.54263 2.62434 6.64995 6.70786 6.76754 6.85133 6.93948 7.05017 7.12722 7.22205 7.30246 7.36868 7.46091 7.50853 7.58291 7.65677 7.7217 7.79017 7.85251 7.91065 7.96745 8.01216 8.05961 8.10807 8.15277 8.20284 8.24631 8.28971 8.33118 8.37981 8.40902 8.44552 8.48134 8.51533 8.54778 8.57175 8.59918 8.62747 8.65409 8.67822 8.70221 8.72678 8.75026 8.77222 8.79395 8.8153 8.83667 8.85824 8.88189 8.90014 8.92111 8.94225 8.96321 8.9842 9.00526 9.02695 9.04804 9.0715 9.09051 9.11524 9.13747 9.16031 9.18394 9.20735 9.22428 9.25531 
1.5 1.5 1.5 1.5 1.5 1.5 1.5 1.5 1.5 1.5 1.4688 2.21238 2.28982 2.37225 2.45305 2.53434 2.61632 6.61269 6.66635 6.72477 6.80296 6.90106 7.01724 7.10903 7.20287 7.30063 7.38767 7.50556 7.55808 7.63481 7.70545 7.77855 7.8426 7.90554 7.95462 8.03281 8.08458 8.1284 8.17553 8.21925 8.26499 8.30545 8.34555 8.38536 8.43005 8.46342 8.49939 8.53489 8.56985 8.60647 8.63546 8.66541 8.69237 8.7173 8.74353 8.77494 8.79475 8.8196 8.84304 8.8661 8.88889 8.91127 8.9331 8.95541 8.97754 8.99933 9.02177 9.04384 9.06612 9.08846 9.11139 9.13345 9.1567 9.17812 9.20673 9.22605 9.24934 9.27542 9.29906 9.31623 9.34979 
1.5 1.5 1.5 1.5 1.5 1.5 1.5 1.5 1.5 1.5 1.46558 2.20468 2.28006 2.36394 2.44431 2.52217 2.60438 2.68657 6.62249 6.63194 6.74068 6.8679 6.99052 7.08276 7.18351 7.29728 7.36724 7.49684 7.55975 7.69455 7.74599 7.81315 7.8917 7.97599 8.00955 8.0567 8.1054 8.14731 8.20707 8.23558 8.28594 8.33278 8.38008 8.4046 8.44461 8.47512 8.5142 8.5518 8.57706 8.61479 8.65272 8.68544 8.71168 8.74206 8.76722 8.79715 8.81873 8.84564 8.87752 8.90305 8.92713 8.94784 8.97205 8.99974 9.02329 9.04458 9.07149 9.09523 9.11923 9.14234 9.16468 9.18853 9.21173 9.23585 9.26253 9.28837 9.30944 9.3388 9.35693 9.38219 9.41513 
1.5 1.5 1.5 1.5 1.5 1.5 1.5 1.5 1.5 1.5 1.4591 2.18673 2.26315 2.34599 2.42639 2.50793 2.59034 2.66999 2.75718 6.55481 6.64299 6.7685 6.8919 6.99663 7.12036 7.23838 7.32724 7.45227 7.50937 7.64745 7.73003 7.78558 7.87668 7.9504 7.98676 8.0466 8.08048 8.12401 8.16847 8.2081 8.2531 8.29306 8.3286 8.37597 8.41669 8.46189 8.49578 8.53537 8.56905 8.60122 8.63353 8.66862 8.70602 8.74082 8.77666 8.80764 8.83224 8.85906 8.88714 8.91395 8.94136 8.96437 8.99528 9.01777 9.04712 9.07027 9.09648 9.12262 9.14875 9.17458 9.20137 9.22676 9.25239 9.27703 9.3071 9.32894 9.35688 9.38643 9.41042 9.43389 9.46968 
1.5 1.5 1.5 1.5 1.5 1.5 1.5 1.5 1.5 1.5 1.46764 2.20813 2.28483 2.36591 2.44226 2.52241 2.60695 2.68594 2.7719 2.85108 6.62606 6.72808 6.86781 6.97112 7.07243 7.1701 7.26559 7.38895 7.44448 7.54293 7.65619 7.70022 7.79659 7.86408 7.92338 7.97054 8.01281 8.06572 8.11037 8.14293 8.17276 8.20951 8.25279 8.28759 8.32052 8.35449 8.39519 8.43691 8.47983 8.52301 8.55903 8.59424 8.62686 8.66439 8.70863 8.74946 8.79327 8.81848 8.84836 8.88629 8.9197 8.95342 8.98653 9.01857 9.04723 9.07916 9.11027 9.14155 9.17282 9.2033 9.23408 9.26278 9.29478 9.32493 9.3557 9.38039 9.4092 9.44589 9.46986 9.4922 9.53077 
1.5 1.5 1.5 1.5 1.5 1.5 1.5 1.5 1.5 1.5 1.47195 2.21868 2.29532 2.37741 2.45489 2.53795 2.61912 2.6981 2.78394 6.71019 6.73898 6.81894 6.93181 7.00658 7.10434 7.18458 7.2811 7.38948 7.44734 7.54535 7.59348 7.66122 7.73208 7.78735 7.86946 7.9047 7.95252 7.99684 8.03283 8.06291 8.10111 8.13741 8.17318 8.2132 8.25603 8.29099 8.32782 8.3683 8.40908 8.45631 8.50102 8.54713 8.58935 8.63092 8.67629 8.71963 8.76594 8.8138 8.851 8.88674 8.92691 8.96758 9.01071 9.04537 9.08329 9.12055 9.15743 9.193 9.22843 9.26315 9.29823 9.33693 9.36328 9.39481 9.4277 9.45841 9.4894 9.52085 9.55185 9.58219 9.62411 
1.5 1.5 1.5 1.5 1.5 1.5 1.5 1.5 1.5 1.5 1.47717 2.23042 2.30876 2.38997 2.47041 2.54958 2.63281 2.71267 6.76164 6.78962 6.84098 6.91618 7.00829 7.08275 7.16096 7.24481 7.31853 7.39931 7.45561 7.51342 7.5724 7.61867 7.67838 7.71457 7.76765 7.83641 7.86683 7.91488 7.9553 8.00038 8.0248 8.05549 8.09416 8.13544 8.18196 8.21988 8.25998 8.30023 8.34604 8.39233 8.43423 8.48533 8.54145 8.59394 8.63921 8.68852 8.74415 8.80319 8.84723 8.89088 8.93055 8.97849 9.02444 9.0686 9.11209 9.16051 9.19712 9.23757 9.27708 9.31608 9.35523 9.39202 9.42668 9.46212 9.49605 9.52981 9.56321 9.59782 9.62648 9.66432 9.7104 
1.5 1.5 1.5 1.5 1.5 1.5 1.5 1.5 1.5 1.5 1.48367 2.24509 2.32432 2.40625 2.48729 2.56866 2.6503 2.73077 2.81507 6.87885 6.90546 7.00186 7.07759 7.1316 7.18831 7.24343 7.28959 7.34822 7.39586 7.44739 7.50702 7.55428 7.60284 7.63548 7.6748 7.71344 7.74866 7.7871 7.82091 7.86937 7.90639 7.93152 7.97041 8.01178 8.05531 8.09601 8.13788 8.18368 8.22797 8.27981 8.32813 8.37537 8.43287 8.48948 8.54954 8.60798 8.66105 8.7229 8.77746 8.8414 8.87941 8.92877 8.98037 9.02994 9.07915 9.1276 9.17432 9.21965 9.26307 9.30561 9.34734 9.38655 9.42439 9.47096 9.49942 9.53482 9.56902 9.60593 9.63498 9.67732 9.72512 
1.5 1.5 1.5 1.5 1.5 1.5 1.5 1.5 1.5 1.5 1.49043 2.26126 2.34115 2.42243 2.50337 2.58446 2.66572 2.74631 2.82936 2.91162 6.98676 7.02831 7.07627 7.12061 7.16965 7.2257 7.26348 7.30993 7.35481 7.38789 7.44449 7.48443 7.5294 7.56788 7.59232 7.62316 7.65275 7.68964 7.72456 7.75727 7.79899 7.83134 7.86356 7.90394 7.94407 7.99157 8.03303 8.08213 8.12829 8.18052 8.23145 8.28341 8.34016 8.40142 8.46007 8.52318 8.5967 8.65513 8.70817 8.7714 8.82554 8.88364 8.93264 8.98502 9.03796 9.08966 9.13949 9.18763 9.23361 9.27964 9.32421 9.36538 9.40465 9.44528 9.48241 9.51919 9.55639 9.59263 9.62731 9.66754 9.71628 
1.5 1.5 1.5 1.5 1.5 1.5 1.5 1.5 1.5 1.5 1.49118 2.26172 2.34172 2.42308 2.50418 2.58545 2.66706 2.74777 2.83103 2.91342 2.99626 6.99958 7.05523 7.12483 7.18042 7.21432 7.2569 7.29651 7.32341 7.36715 7.40689 7.4532 7.48394 7.51842 7.53964 7.57203 7.59825 7.62551 7.66238 7.69063 7.72089 7.75261 7.78896 7.82291 7.86689 7.91007 7.9516 7.99918 8.05089 8.10271 8.1543 8.20803 8.26571 8.32838 8.38992 8.45333 8.52266 8.60412 8.64795 8.70377 8.76274 8.82944 8.89054 8.93682 8.99094 9.04408 9.09675 9.14667 9.19495 9.24229 9.28916 9.33231 9.37325 9.41361 9.45329 9.48991 9.52918 9.57875 9.60437 9.64119 9.6899 
1.5 1.5 1.5 1.5 1.5 1.5 1.5 1.5 1.5 1.5 1.49165 2.26228 2.34201 2.42308 2.50427 2.58558 2.667 2.74765 2.83109 2.91364 2.99648 6.99412 7.03721 7.09729 7.18505 7.24028 7.27836 7.30945 7.33704 7.38388 7.41126 7.43709 7.47366 7.50674 7.53174 7.56956 7.58847 7.61382 7.63843 7.66299 7.6951 7.72473 7.75695 7.79635 7.83057 7.87671 7.92196 7.96405 8.01431 8.06714 8.12224 8.17648 8.23651 8.29921 8.36348 8.42529 8.49487 8.58477 8.61716 8.67573 8.73632 8.80133 8.86864 8.91745 8.96785 9.02138 9.07395 9.12413 9.17188 9.21986 9.2669 9.31026 9.35048 9.39199 9.42959 9.4685 9.50478 9.54358 9.58137 9.61728 9.66943 
1.5 1.5 1.5 1.5 1.5 1.5 1.5 1.5 1.5 1.5 1.49085 2.2605 2.33993 2.42139 2.50254 2.58372 2.66514 2.7457 2.82937 2.91209 2.99512 6.97882 7.0298 7.09799 7.17408 7.22148 7.28004 7.3348 7.34606 7.3896 7.42248 7.43285 7.47883 7.51282 7.53381 7.57138 7.59057 7.61453 7.63002 7.65462 7.68499 7.7195 7.75013 7.78566 7.82532 7.8621 7.91116 7.95915 8.00043 8.05523 8.11037 8.17085 8.23036 8.29138 8.35525 8.41917 8.48586 8.5608 8.59801 8.65823 8.71831 8.78116 8.84555 8.89268 8.9415 8.99356 9.04428 9.09297 9.1397 9.18644 9.23226 9.2741 9.31296 9.35352 9.39055 9.42929 9.46433 9.50215 9.53953 9.57369 9.62335 
1.5 1.5 1.5 1.5 1.5 1.5 1.5 1.5 1.5 1.5 1.48869 2.25591 2.33462 2.41712 2.49839 2.57953 2.66108 2.74166 2.82575 2.90865 6.9613 6.98658 7.07075 7.13075 7.185 7.23441 7.28004 7.35527 7.3775 7.41343 7.44968 7.46967 7.51327 7.54412 7.5697 7.60226 7.62279 7.64339 7.66057 7.68495 7.71942 7.75248 7.78833 7.81858 7.85914 7.89635 7.94569 7.99109 8.04158 8.09479 8.14919 8.20883 8.27017 8.32706 8.38541 8.445 8.51847 8.56483 8.61484 8.67273 8.73189 8.7914 8.84454 8.88817 8.93695 8.98623 9.03375 9.07949 9.12404 9.16827 9.21184 9.25149 9.28773 9.32685 9.36258 9.40189 9.43464 9.46976 9.50724 9.53812 9.58537 
1.5 1.5 1.5 1.5 1.5 1.5 1.5 1.5 1.5 1.5 1.48457 2.24496 2.32268 2.40969 2.49196 2.57349 2.65534 2.73613 2.82061 2.90406 6.94745 7.00348 7.07419 7.11999 7.17674 7.23169 7.28032 7.35705 7.37381 7.44892 7.45006 7.47257 7.53591 7.56705 7.58814 7.61302 7.63871 7.66355 7.68134 7.71041 7.74661 7.78248 7.81413 7.84778 7.88427 7.93253 7.98192 8.03124 8.07948 8.13219 8.18305 8.23876 8.29418 8.34686 8.40456 8.46617 8.51326 8.55962 8.61258 8.66697 8.7206 8.769 8.81199 8.8572 8.90241 8.94745 8.99048 9.03787 9.0737 9.11975 9.15413 9.19056 9.22439 9.26059 9.29395 9.33275 9.36275 9.39333 9.42987 9.45907 9.50327 
1.5 1.5 1.5 1.5 1.5 1.5 1.5 1.5 1.5 1.5 1.48228 2.24098 2.31009 2.3981 2.4863 2.56788 2.64998 2.73089 2.8158 2.89979 2.98412 3.07043 7.02365 7.07512 7.13437 7.19279 7.24455 7.30827 7.34136 7.41597 7.40607 7.44281 7.50581 7.53936 7.55619 7.58684 7.61172 7.64218 7.66602 7.70009 7.734 7.77326 7.80823 7.84919 7.89956 7.9437 7.98222 8.03289 8.07615 8.13034 8.17646 8.22887 8.27807 8.33051 8.38091 8.4217 8.46704 8.51894 8.56219 8.60679 8.64836 8.6893 8.72983 8.77089 8.81003 8.8493 8.88762 8.92483 8.96171 8.99801 9.03376 9.06761 9.09887 9.13155 9.16306 9.1982 9.22823 9.25738 9.28829 9.31885 9.3573 
1.5 1.5 1.5 1.5 1.5 1.5 1.5 1.5 1.5 1.5 1.47856 2.23224 2.30823 2.39745 2.4797 2.56311 2.64529 2.72606 2.81135 2.89518 2.97953 3.06633 3.15687 3.2429 7.0753 7.15177 7.20303 7.26235 7.31301 7.34081 7.36486 7.41461 7.46081 7.49979 7.51809 7.56395 7.58166 7.6205 7.65917 7.69161 7.74107 7.77891 7.82131 7.86487 7.91053 7.94872 7.99026 8.03339 8.08027 8.12924 8.17004 8.2162 8.26047 8.30015 8.33881 8.38081 8.42183 8.46007 8.49694 8.53348 8.57052 8.60706 8.64251 8.67797 8.71468 8.7467 8.78031 8.81299 8.84553 8.87763 8.90967 8.94381 8.96999 8.99915 9.0274 9.06018 9.08851 9.11224 9.14679 9.1708 9.20736 
1.5 1.5 1.5 1.5 1.5 1.5 1.5 1.5 1.5 1.5 1.47578 2.22463 2.29939 2.39133 2.47598 2.5575 2.63965 2.72037 2.80572 2.88955 2.97378 3.06092 3.15203 7.00974 7.07509 7.1417 7.22263 7.29014 7.30773 7.33494 7.37804 7.43029 7.48679 7.51959 7.55499 7.60878 7.63752 7.68196 7.72229 7.76325 7.81036 7.85204 7.89445 7.93553 7.98137 8.01653 8.05606 8.09803 8.14009 8.18813 8.22215 8.25808 8.29829 8.33073 8.36623 8.39973 8.43202 8.46391 8.49636 8.53157 8.56006 8.59115 8.62069 8.65221 8.68149 8.71164 8.74106 8.76996 8.79882 8.82725 8.85596 8.88385 8.91076 8.93879 8.96372 8.9947 9.02075 9.04315 9.07337 9.09838 9.13117 
1.5 1.5 1.5 1.5 1.5 1.5 1.5 1.5 1.5 1.5 1.47659 2.22706 2.28972 2.3823 2.4737 2.55512 2.63707 2.71799 2.80299 2.88683 2.97152 3.05857 6.97714 7.03374 7.09829 7.1515 7.21317 7.27855 7.30083 7.36255 7.42092 7.47825 7.51672 7.55747 7.60301 7.65184 7.6919 7.73972 7.78947 7.82769 7.87172 7.912 7.95059 7.98891 8.0326 8.06877 8.10877 8.1479 8.18147 8.21856 8.24686 8.27926 8.30989 8.34045 8.3741 8.3985 8.42695 8.45486 8.48258 8.50992 8.5373 8.56426 8.59321 8.6175 8.64321 8.66996 8.69657 8.7221 8.74825 8.77381 8.79975 8.8253 8.85138 8.87499 8.89942 8.92789 8.95362 8.97073 9.00201 9.02557 9.05359 
1.5 1.5 1.5 1.5 1.5 1.5 1.5 1.5 1.5 1.5 1.47652 2.22314 2.29789 2.39445 2.4785 2.56002 2.64199 2.72264 2.80767 2.89132 2.97578 3.06276 6.99344 7.04029 7.09651 7.15841 7.21666 7.29321 7.32887 7.38271 7.43107 7.47413 7.52495 7.58135 7.62557 7.67518 7.72051 7.76516 7.80542 7.84178 7.88395 7.92379 7.96426 8.00463 8.04637 8.0753 8.1068 8.13695 8.16693 8.20014 8.22573 8.25378 8.28022 8.30726 8.33319 8.35808 8.38279 8.40734 8.4318 8.45594 8.48039 8.50462 8.52822 8.55273 8.57592 8.5999 8.62369 8.6468 8.67045 8.69392 8.71761 8.7416 8.76607 8.78868 8.81088 8.83696 8.86213 8.87994 8.90671 8.93028 8.95432 
1.5 1.5 1.5 1.5 1.5 1.5 1.5 1.5 1.5 1.5 1.48105 2.23686 2.29961 2.39105 2.48304 2.56433 2.64636 2.72711 2.81187 2.89552 2.98001 3.06655 3.1575 7.0366 7.1006 7.15437 7.21044 7.28163 7.30955 7.36082 7.42442 7.47786 7.52622 7.57073 7.61217 7.65847 7.70098 7.74303 7.78423 7.82424 7.8658 7.90142 7.93496 7.96705 8.00161 8.0283 8.06008 8.08531 8.11198 8.14084 8.16437 8.18939 8.21281 8.23676 8.26037 8.28328 8.30525 8.32752 8.34955 8.37139 8.3933 8.41559 8.43748 8.45971 8.4812 8.50313 8.52524 8.54685 8.56881 8.59077 8.61293 8.63583 8.65817 8.67924 8.70397 8.72431 8.74966 8.76924 8.79267 8.81647 8.83709 
1.5 1.5 1.5 1.5 1.5 1.5 1.5 1.5 1.5 1.5 1.48374 2.24135 2.31692 2.40789 2.49269 2.57421 2.65621 2.73714 2.82163 2.90515 2.98935 3.07573 3.16515 7.07154 7.1241 7.182 7.2404 7.29686 7.33599 7.39357 7.44168 7.48163 7.52661 7.57086 7.61075 7.6551 7.69558 7.73373 7.76899 7.80247 7.83611 7.86771 7.89855 7.92862 7.95995 7.98479 8.0115 8.0378 8.06246 8.08823 8.11062 8.13395 8.15896 8.17841 8.20049 8.22157 8.24275 8.2636 8.28442 8.30472 8.3255 8.3464 8.36679 8.38808 8.40857 8.4293 8.4503 8.47044 8.492 8.5129 8.534 8.55575 8.57742 8.59843 8.62145 8.64214 8.66542 8.68607 8.70843 8.72933 8.75203 
1.5 1.5 1.5 1.5 1.5 1.5 1.5 1.5 1.5 1.5 1.49207 2.26421 2.34377 2.42797 2.51016 2.5921 2.67431 2.75569 2.83968 2.92316 3.00689 3.09237 3.1796 3.26462 3.35186 7.19146 7.23627 7.28637 7.32027 7.36122 7.39919 7.43839 7.47652 7.51451 7.54883 7.58582 7.61976 7.6523 7.68404 7.71474 7.74592 7.7751 7.80373 7.83151 7.8602 7.88415 7.90911 7.93378 7.9602 7.98137 8.00322 8.02565 8.04718 8.06812 8.08913 8.10971 8.13017 8.15041 8.17019 8.1901 8.21019 8.23027 8.25025 8.27083 8.29063 8.31087 8.33113 8.35117 8.37184 8.39222 8.41277 8.43376 8.45534 8.47648 8.49723 8.51884 8.54065 8.56182 8.58393 8.60232 8.62564 
1.5 1.5 1.5 1.5 1.5 1.5 1.5 1.5 1.5 1.5 1.49863 2.27828 2.35856 2.44167 2.5234 2.60532 2.68734 2.76879 2.85215 2.93489 3.01796 3.10213 3.1876 3.27157 3.3569 3.44243 7.22452 7.26349 7.2922 7.32612 7.36095 7.39501 7.42836 7.46135 7.49263 7.52591 7.5574 7.58748 7.61704 7.64804 7.67429 7.70157 7.72836 7.75443 7.78135 7.80425 7.82792 7.85139 7.87378 7.89642 7.91778 7.93933 7.96031 7.98098 8.00175 8.02132 8.04122 8.06087 8.08055 8.1 8.11974 8.13894 8.15897 8.17906 8.19866 8.21869 8.2384 8.25817 8.27843 8.29842 8.3186 8.33943 8.35972 8.38164 8.40136 8.42314 8.44325 8.4669 8.48668 8.50489 8.52782 
1.5 1.5 1.5 1.5 1.5 1.5 1.5 1.5 1.5 1.5 1.50257 2.28699 2.36783 2.45001 2.53173 2.6135 2.69538 2.77694 2.8597 2.94215 3.02485 3.1081 3.19224 3.27561 7.19825 7.23007 7.26255 7.29499 7.32333 7.35447 7.38563 7.41613 7.44625 7.47578 7.50455 7.53431 7.56291 7.59067 7.61777 7.64562 7.67051 7.69595 7.72072 7.74489 7.76987 7.79187 7.81411 7.83675 7.85843 7.87981 7.90039 7.92103 7.94153 7.96157 7.98166 8.0008 8.02031 8.03967 8.05906 8.07837 8.09757 8.1169 8.13619 8.15588 8.17559 8.19549 8.21505 8.23464 8.25468 8.27459 8.29457 8.31484 8.33549 8.35615 8.37696 8.39739 8.41816 8.44123 8.4605 8.48063 8.49998 
1.5 1.5 1.5 1.5 1.5 1.5 1.5 1.5 1.5 1.5 1.50529 2.29248 2.37401 2.45565 2.53715 2.61888 2.70069 2.78235 2.86466 2.94688 3.02937 3.11212 3.19543 7.20257 7.2299 7.25732 7.28504 7.31397 7.33991 7.36736 7.39439 7.42123 7.44804 7.47406 7.50011 7.52644 7.55179 7.57675 7.60131 7.6252 7.64872 7.67203 7.69481 7.71701 7.73981 7.76067 7.78199 7.803 7.82376 7.84394 7.86382 7.8833 7.90305 7.92285 7.94135 7.96126 7.98035 7.99938 8.01846 8.03761 8.05642 8.07562 8.09493 8.11426 8.13404 8.15353 8.17293 8.19238 8.21219 8.23204 8.25198 8.2723 8.29323 8.31246 8.33429 8.3535 8.3748 8.39705 8.41602 8.43718 8.45491 
1.5 1.5 1.5 1.5 1.5 1.5 1.5 1.5 1.5 1.5 1.50791 2.29863 2.3804 2.46176 2.54322 2.62498 2.70672 2.7885 2.87052 2.95268 3.03462 3.11694 3.1994 3.28186 3.36442 7.22396 7.24723 7.27171 7.2948 7.31823 7.34157 7.36516 7.38868 7.41138 7.43451 7.45718 7.47954 7.50184 7.52377 7.54575 7.56686 7.58817 7.60915 7.62961 7.65046 7.6705 7.69053 7.71025 7.72998 7.74922 7.76852 7.78728 7.80549 7.82548 7.84429 7.86305 7.88179 7.90049 7.9192 7.93807 7.95665 7.97544 7.99459 8.01369 8.03313 8.0524 8.07166 8.091 8.11067 8.13039 8.1502 8.17017 8.19112 8.21029 8.23125 8.25116 8.27168 8.29339 8.3136 8.33383 8.35189 
1.5 1.5 1.5 1.5 1.5 1.5 1.5 1.5 1.5 1.5 1.5092 2.30137 2.38318 2.46442 2.54586 2.62762 2.7094 2.79117 2.87308 2.9548 3.03677 3.11874 3.20073 3.28287 3.36501 3.44717 7.225 7.24619 7.26708 7.28829 7.30902 7.33009 7.35108 7.37157 7.39271 7.41298 7.43308 7.45354 7.47354 7.49411 7.51314 7.53283 7.55231 7.57137 7.59047 7.60968 7.62857 7.6471 7.6658 7.68374 7.70247 7.7206 7.73915 7.75752 7.7756 7.79388 7.81208 7.83031 7.84858 7.86699 7.8854 7.90396 7.92259 7.94134 7.96033 7.97924 7.99815 8.01734 8.03673 8.05625 8.07578 8.09565 8.11561 8.13558 8.15535 8.17621 8.19472 8.21759 8.23694 8.25747 8.27502 
1.5 1.5 1.5 1.5 1.5 1.5 1.5 1.5 1.5 1.5 1.50978 2.30262 2.38444 2.46574 2.54734 2.62896 2.71062 2.79245 2.87414 2.9559 3.0377 3.11948 3.20112 3.28304 3.36487 3.44667 7.22024 7.23978 7.25928 7.27868 7.29806 7.31736 7.33656 7.35559 7.37419 7.39345 7.412 7.43092 7.44947 7.46893 7.48617 7.50445 7.52263 7.54058 7.558 7.57658 7.59441 7.6119 7.62957 7.64635 7.66451 7.68193 7.69962 7.7172 7.73466 7.75239 7.77005 7.78776 7.80545 7.82329 7.84136 7.85968 7.87785 7.89616 7.91454 7.93297 7.95152 7.97044 7.98949 8.00875 8.02794 8.0478 8.0669 8.08714 8.10641 8.12734 8.14497 8.16758 8.18684 8.20794 8.22435 
1.5 1.5 1.5 1.5 1.5 1.5 1.5 1.5 1.5 1.5 1.51005 2.30303 2.38474 2.46603 2.54761 2.6292 2.71079 2.79256 2.87411 2.95575 3.03746 3.11907 3.20052 3.2822 3.3638 3.44532 3.52688 7.21044 7.22946 7.24768 7.26593 7.284 7.30189 7.31987 7.33836 7.35525 7.37283 7.39054 7.40799 7.42656 7.44286 7.46008 7.47727 7.49437 7.51049 7.52843 7.54533 7.56207 7.57883 7.59461 7.61236 7.62925 7.64624 7.6631 7.68003 7.697 7.71402 7.7311 7.74821 7.76544 7.78305 7.80081 7.81854 7.83635 7.85414 7.87213 7.89033 7.90881 7.9275 7.94638 7.96521 7.98476 8.00355 8.02355 8.04229 8.0632 8.0811 8.10159 8.1228 8.14292 8.15954 
1.5 1.5 1.5 1.5 1.5 1.5 1.5 1.5 1.5 1.5 1.50984 2.3024 2.38402 2.46538 2.54689 2.62847 2.71007 2.79181 2.87314 2.95501 3.03637 3.11796 3.19932 3.28085 3.36227 3.44366 3.52507 7.20075 7.21918 7.23701 7.25416 7.27149 7.28862 7.30602 7.32391 7.33989 7.3569 7.37386 7.39043 7.40831 7.42385 7.44033 7.4568 7.47331 7.48842 7.50585 7.52201 7.53819 7.55432 7.56928 7.58665 7.60301 7.61939 7.63543 7.65174 7.6681 7.68456 7.70107 7.71766 7.73436 7.75146 7.76854 7.78574 7.80305 7.82031 7.83794 7.85576 7.87376 7.89204 7.91049 7.92894 7.94798 7.96672 7.98638 8.00466 8.02528 8.04381 8.06203 8.08497 8.10416 8.12123 
1.5 1.5 1.5 1.5 1.5 1.5 1.5 1.5 1.5 1.5 1.50952 2.30179 2.38325 2.46451 2.54614 2.62739 2.70887 2.79046 2.87167 2.95319 3.0347 3.116 3.19714 3.27857 3.35966 7.19576 7.21357 7.23076 7.249 7.26617 7.28333 7.30029 7.31706 7.33409 7.35174 7.36719 7.38363 7.39983 7.41615 7.4336 7.44856 7.46453 7.48048 7.49656 7.51099 7.52796 7.5436 7.55929 7.57481 7.58915 7.60622 7.62214 7.63789 7.65354 7.66945 7.68525 7.70121 7.71726 7.7334 7.74962 7.76622 7.78272 7.7994 7.81625 7.83305 7.85028 7.86767 7.88517 7.90292 7.92088 7.93888 7.95739 7.97592 7.99519 8.01299 8.03314 8.05183 8.06889 8.09149 8.11058 8.12788 
1.5 1.5 1.5 1.5 1.5 1.5 1.5 1.5 1.5 1.5 1.50877 2.30008 2.38134 2.46256 2.54399 2.62518 2.70647 2.78801 2.86934 2.95058 3.03193 3.11314 3.19431 3.27551 3.35669 3.43764 7.18045 7.19717 7.21534 7.23238 7.24935 7.26618 7.28289 7.29968 7.31741 7.33262 7.3491 7.36508 7.38124 7.39849 7.41313 7.42886 7.44453 7.46031 7.47447 7.49116 7.50653 7.52202 7.53727 7.55125 7.56808 7.58365 7.5991 7.61452 7.63016 7.64563 7.66127 7.67699 7.69285 7.70878 7.72498 7.74115 7.75745 7.77394 7.79048 7.80738 7.82441 7.84152 7.85883 7.87642 7.8941 7.9123 7.93048 7.94915 7.9671 7.98632 8.00532 8.02214 8.04277 8.0629 8.08035 
1.5 1.5 1.5 1.5 1.5 1.5 1.5 1.5 1.5 1.5 1.50802 2.29859 2.3798 2.46083 2.54205 2.62329 2.70456 2.78581 2.86713 2.94827 3.02953 3.11057 3.19155 3.27271 3.35375 3.4347 3.5156 3.59617 7.1588 7.17636 7.19378 7.21099 7.22807 7.24497 7.26212 7.27819 7.29469 7.31095 7.32701 7.34399 7.35844 7.37416 7.38982 7.40554 7.41991 7.43647 7.45185 7.46727 7.48261 7.49648 7.51313 7.52841 7.54362 7.55886 7.57427 7.58963 7.60508 7.62063 7.63632 7.65212 7.66804 7.68402 7.70011 7.71634 7.73273 7.74934 7.76613 7.78299 7.80002 7.81736 7.83488 7.85286 7.87094 7.88903 7.90739 7.92572 7.94512 7.96201 7.98093 8.00172 8.01992 
1.5 1.5 1.5 1.5 1.5 1.5 1.5 1.5 1.5 1.5 1.50724 2.29658 2.37744 2.45852 2.53963 2.62072 2.70185 2.78301 2.86409 2.94509 3.02624 3.10734 3.18823 3.26927 3.35017 3.43097 3.51183 3.5924 3.67325 7.14173 7.159 7.17617 7.19338 7.21034 7.22835 7.24396 7.26061 7.27703 7.29339 7.31062 7.32554 7.34151 7.35728 7.37297 7.38739 7.40398 7.4194 7.43483 7.4502 7.46423 7.48082 7.4961 7.51135 7.52663 7.54198 7.55736 7.57275 7.58823 7.60383 7.61952 7.63527 7.6511 7.66705 7.68316 7.6995 7.71598 7.73264 7.74938 7.76626 7.78341 7.8008 7.81854 7.83654 7.85437 7.87282 7.89074 7.91 7.92741 7.94525 7.96533 7.98518 
1.5 1.5 1.5 1.5 1.5 1.5 1.5 1.5 1.5 1.5 1.50638 2.29461 2.37534 2.45634 2.53728 2.61835 2.69931 2.78036 2.86117 2.94235 3.02317 3.10418 3.18491 3.2658 3.34659 3.42739 3.50802 3.58854 7.12961 7.14726 7.1649 7.18234 7.19986 7.21705 7.23532 7.25123 7.26803 7.28466 7.30125 7.3188 7.33398 7.35013 7.36607 7.38184 7.39656 7.41325 7.42888 7.44444 7.45996 7.47429 7.49088 7.50628 7.52167 7.53706 7.55241 7.56788 7.5833 7.59881 7.6144 7.63008 7.6458 7.66161 7.67756 7.69367 7.70999 7.72641 7.74299 7.75969 7.77652 7.79351 7.81082 7.82842 7.84636 7.86411 7.88242 7.90029 7.91909 7.93719 7.95449 7.97312 7.99455 
1.5 1.5 1.5 1.5 1.5 1.5 1.5 1.5 1.5 1.5 1.50557 2.29269 2.37333 2.45424 2.53512 2.61597 2.69674 2.77774 2.85838 2.93944 3.0202 3.10095 3.18162 3.26239 3.34305 3.42372 3.5043 3.58468 7.11445 7.13253 7.15044 7.16825 7.18595 7.2034 7.22176 7.23808 7.25514 7.27209 7.28897 7.30601 7.32232 7.33881 7.35513 7.37123 7.38638 7.40331 7.41925 7.43507 7.45085 7.46555 7.48225 7.49786 7.51345 7.52904 7.54455 7.56021 7.57582 7.59149 7.60723 7.62304 7.63892 7.65486 7.67092 7.68713 7.70354 7.72003 7.73669 7.75351 7.77046 7.78751 7.80487 7.82251 7.84042 7.85833 7.87662 7.89464 7.91306 7.93183 7.94912 7.96678 7.98877 
1.5 1.5 1.5 1.5 1.5 1.5 1.5 1.5 1.5 1.5 1.50477 2.29088 2.37135 2.45216 2.53283 2.61352 2.69425 2.77502 2.85567 2.93639 3.01723 3.09776 3.17832 3.25897 3.33962 3.42007 3.50051 3.58091 7.10027 7.11856 7.13653 7.1545 7.17227 7.18994 7.20776 7.22506 7.2424 7.25969 7.27691 7.29499 7.31111 7.328 7.34476 7.36128 7.37686 7.3941 7.41039 7.42654 7.44266 7.45779 7.47472 7.49064 7.50654 7.52243 7.53826 7.55423 7.57015 7.5861 7.60209 7.61815 7.63427 7.65045 7.66676 7.68318 7.69979 7.71649 7.73336 7.75041 7.76759 7.78481 7.8023 7.82006 7.83808 7.85611 7.87456 7.89265 7.91108 7.93013 7.94783 7.96513 7.98645 
1.5 1.5 1.5 1.5 1.5 1.5 1.5 1.5 1.5 1.5 1.50397 2.2892 2.3698 2.45041 2.53096 2.61155 2.69214 2.77286 2.85345 2.93403 3.01452 3.09499 3.17551 3.25603 3.33648 3.41684 3.49728 3.57741 7.0868 7.10539 7.12351 7.14162 7.15952 7.17739 7.19588 7.21284 7.23043 7.24801 7.26551 7.28316 7.30029 7.31754 7.33471 7.35166 7.36769 7.38525 7.40193 7.41851 7.43504 7.45069 7.46792 7.48424 7.50054 7.51685 7.53314 7.54952 7.56587 7.58224 7.59863 7.61506 7.63154 7.64807 7.66476 7.68153 7.69847 7.71546 7.73264 7.74998 7.76743 7.78491 7.80258 7.8205 7.83878 7.85693 7.87561 7.89375 7.91233 7.93143 7.94966 7.96699 7.98695 
1.5 1.5 1.5 1.5 1.5 1.5 1.5 1.5 1.5 1.5 1.50355 2.28817 2.36874 2.44929 2.52973 2.61022 2.6908 2.77137 2.85184 2.93228 3.01265 3.09313 3.17344 3.25378 3.33415 3.41436 3.49458 3.57455 3.65486 7.0713 7.09026 7.10907 7.12749 7.14579 7.16448 7.18182 7.19966 7.21744 7.23512 7.25266 7.26994 7.28726 7.3047 7.32207 7.3387 7.3566 7.37378 7.39088 7.40792 7.42417 7.44177 7.45856 7.47533 7.49212 7.50894 7.52582 7.54269 7.55959 7.5765 7.59345 7.61044 7.62749 7.64468 7.6619 7.67925 7.69664 7.7142 7.73188 7.74964 7.76745 7.78535 7.80355 7.82207 7.84036 7.85927 7.87751 7.89626 7.91542 7.93396 7.9517 7.97021 
1.5 1.5 1.5 1.5 1.5 1.5 1.5 1.5 1.5 1.5 1.50297 2.28685 2.36729 2.44775 2.52811 2.60854 2.689 2.76944 2.84976 2.93016 3.01044 3.09081 3.17103 3.25136 3.33157 3.41174 3.49195 3.57186 3.65202 3.73222 3.81196 7.05813 7.07661 7.09502 7.11378 7.13133 7.14935 7.16731 7.18518 7.20358 7.22072 7.2384 7.25581 7.27334 7.29031 7.30848 7.32606 7.3436 7.36111 7.37794 7.39596 7.41332 7.4307 7.44806 7.46543 7.48284 7.50027 7.51774 7.53523 7.55277 7.57035 7.58801 7.60578 7.62355 7.64141 7.65927 7.67725 7.69533 7.71347 7.73166 7.74987 7.76844 7.78722 7.80574 7.82484 7.8433 7.86219 7.88152 7.90021 7.91852 7.93611 
1.5 1.5 1.5 1.5 1.5 1.5 1.5 1.5 1.5 1.5 1.50254 2.2858 2.36617 2.44653 2.52679 2.60717 2.68753 2.76789 2.84809 2.92846 3.00872 3.08893 3.16913 3.24939 3.32952 3.40961 3.48978 3.56953 3.6496 3.7296 3.80937 7.05057 7.06862 7.08672 7.10527 7.1227 7.14069 7.15868 7.17661 7.19511 7.21239 7.23024 7.24807 7.26594 7.28319 7.30156 7.31936 7.33717 7.35497 7.37216 7.39055 7.40837 7.42623 7.44413 7.46209 7.48005 7.49805 7.51608 7.53414 7.55224 7.57038 7.58861 7.60691 7.6252 7.64356 7.66194 7.6804 7.69895 7.71752 7.73616 7.75478 7.77375 7.79273 7.81158 7.83089 7.84967 7.86876 7.8883 7.90708 7.92614 7.94344 
1.5 1.5 1.5 1.5 1.5 1.5 1.5 1.5 1.5 1.5 1.50219 2.28506 2.36548 2.44562 2.52588 2.60622 2.68649 2.76677 2.847 2.92715 3.00757 3.08756 3.16766 3.24783 3.32792 3.4079 3.48791 3.56758 3.64761 7.04685 7.06504 7.08324 7.10121 7.11918 7.13774 7.15504 7.173 7.19095 7.20887 7.22734 7.24473 7.26263 7.28065 7.29868 7.31608 7.33467 7.35269 7.37077 7.38889 7.40651 7.42525 7.44353 7.46188 7.48032 7.49886 7.51739 7.53596 7.55457 7.5732 7.59188 7.61059 7.62938 7.64822 7.66706 7.68595 7.70486 7.72381 7.74282 7.76183 7.7809 7.79992 7.81921 7.83844 7.85766 7.8771 7.8963 7.91547 7.93521 7.95419 7.97371 7.99133 
1.5 1.5 1.5 1.5 1.5 1.5 1.5 1.5 1.5 1.5 1.50195 2.28454 2.36482 2.44502 2.52529 2.60553 2.68573 2.76602 2.8462 2.92632 3.00644 3.08655 3.1666 3.24665 3.32675 3.40674 3.48658 3.56631 3.64626 7.04215 7.05997 7.07779 7.09555 7.11333 7.13109 7.14903 7.16695 7.18488 7.20285 7.22129 7.23899 7.25703 7.27509 7.29315 7.31064 7.32938 7.34758 7.36587 7.38425 7.40224 7.42129 7.44002 7.45885 7.47776 7.49673 7.51568 7.53468 7.55372 7.57279 7.59191 7.61109 7.63035 7.64962 7.66893 7.68825 7.70759 7.72692 7.74629 7.76565 7.78504 7.8044 7.82396 7.8434 7.86294 7.88241 7.90201 7.92128 7.94111 7.96039 7.98004 7.9985 
1.5 1.5 1.5 1.5 1.5 1.5 1.5 1.5 1.5 1.5 1.50193 2.2844 2.36468 2.44478 2.52504 2.60524 2.6854 2.76572 2.84575 2.92598 3.0061 3.0861 3.166 3.24605 3.32604 3.40596 3.48571 3.56538 3.64518 3.72488 7.03466 7.05284 7.07088 7.08884 7.10733 7.12467 7.14257 7.16044 7.17832 7.19658 7.21407 7.23192 7.24992 7.26805 7.28578 7.30466 7.32313 7.34169 7.36035 7.3787 7.39797 7.41698 7.43607 7.45526 7.47452 7.49381 7.51318 7.53262 7.55212 7.57167 7.59133 7.61105 7.63075 7.65049 7.6702 7.68996 7.70967 7.7294 7.74914 7.76891 7.78867 7.80857 7.82828 7.8482 7.86776 7.88783 7.90733 7.92718 7.94703 7.96688 7.98658 
1.5 1.5 1.5 1.5 1.5 1.5 1.5 1.5 1.5 1.5 1.50168 2.28401 2.36431 2.44434 2.52472 2.60476 2.68494 2.76521 2.84525 2.92539 3.00541 3.08542 3.16543 3.24542 3.32524 3.40501 3.48494 3.56457 3.64436 3.72392 3.80335 7.0296 7.04758 7.0655 7.08392 7.10122 7.11904 7.13683 7.15465 7.17287 7.19038 7.20839 7.22644 7.24463 7.26243 7.28138 7.29995 7.31863 7.33743 7.35596 7.37545 7.39466 7.41394 7.4333 7.45274 7.47231 7.49196 7.51172 7.53159 7.55154 7.57161 7.59164 7.6116 7.63168 7.65175 7.67192 7.69206 7.71221 7.7324 7.75261 7.77284 7.79297 7.81283 7.8333 7.85289 7.87347 7.89343 7.91321 7.93371 7.954 7.97499 
1.5 1.5 1.5 1.5 1.5 1.5 1.5 1.5 1.5 1.5 1.50178 2.28375 2.36421 2.44406 2.52448 2.60444 2.68461 2.76475 2.84483 2.9249 3.0049 3.08495 3.16465 3.24454 3.32416 3.4041 3.48359 3.56336 3.64299 3.72232 3.80154 3.88105 7.02121 7.03876 7.05604 7.07384 7.09143 7.10909 7.12688 7.14505 7.16279 7.18096 7.19928 7.21773 7.23582 7.25515 7.27414 7.29332 7.31268 7.33192 7.3519 7.37171 7.39163 7.41166 7.43178 7.45213 7.4725 7.49294 7.51344 7.53397 7.55446 7.57489 7.59537 7.61585 7.63632 7.65676 7.67719 7.69751 7.71784 7.73812 7.7584 7.77842 7.79873 7.81878 7.83882 7.85898 7.87927 7.89821 7.91916 7.93921 7.9599 
