5
s 30 2 124
r 20 0.01 0 3.70752 0.01
r 22 0.01 0 3.42704 0.01
r 24 0.01 0 3.16858 0.01
r 26 0.01 0 2.98027 0.01
r 28 0.01 0 1.88207 0.01
r 30 0.01 0 1.32749 0.01
r 32 0.01 0 1.88209 0.01
r 34 0.01 0 2.98032 0.01
r 36 0.01 0 3.27851 0.01
r 38 0.01 0 3.60363 0.01
r 40 0.01 0 3.96577 0.01
r 42 0.01 0 4.31168 0.01
r 44 0.01 0 4.59574 0.01
r 46 0.01 0 4.80371 0.01
r 48 0.01 0 5.06546 0.01
r 50 0.01 0 5.36815 0.01
r 52 0.01 0 5.67946 0.01
r 54 0.01 0 5.97769 0.01
r 56 0.01 0 6.24077 0.01
r 58 0.01 0 6.47732 0.01
r 60 0.01 0 6.71975 0.01
r 62 0.01 0 7.00023 0.01
r 64 0.01 0 7.35827 0.01
r 66 0.01 0 7.68445 0.01
r 68 0.01 0 7.89979 0.01
r 70 0.01 0 8.151 0.01
r 72 0.01 0 8.38864 0.01
r 74 0.01 0 8.64369 0.01
r 76 0.01 0 8.876 0.01
r 78 0.01 0 9.1691 0.01
r 80 0.01 0 9.38941 0.01
r 20 0.01 6 4.73046 0.01
r 22 0.01 6 4.13238 0.01
r 24 0.01 6 3.81795 0.01
r 26 0.01 6 3.41256 0.01
r 28 0.01 6 2.84204 0.01
r 30 0.01 6 2.66281 0.01
r 32 0.01 6 2.80295 0.01
r 34 0.01 6 3.21825 0.01
r 36 0.01 6 3.73227 0.01
r 38 0.01 6 4.24996 0.01
r 40 0.01 6 4.80687 0.01
r 42 0.01 6 5.3494 0.01
r 44 0.01 6 5.86538 0.01
r 46 0.01 6 6.29588 0.01
r 48 0.01 6 6.72954 0.01
r 50 0.01 6 7.20793 0.01
r 52 0.01 6 7.68434 0.01
r 54 0.01 6 8.16885 0.01
r 56 0.01 6 8.63725 0.01
r 58 0.01 6 9.09674 0.01
r 60 0.01 6 9.52738 0.01
r 62 0.01 6 9.98185 0.01
r 64 0.01 6 10.4807 0.01
r 66 0.01 6 10.9884 0.01
r 68 0.01 6 11.4662 0.01
r 70 0.01 6 11.8935 0.01
r 72 0.01 6 12.3306 0.01
r 74 0.01 6 12.7328 0.01
r 76 0.01 6 13.1092 0.01
r 78 0.01 6 13.5099 0.01
r 80 0.01 6 13.9185 0.01
r 20 0.01 7 4.33949 0.01
r 22 0.01 7 4.05905 0.01
r 24 0.01 7 3.78462 0.01
r 26 0.01 7 3.58372 0.01
r 28 0.01 7 3.4194 0.01
r 30 0.01 7 3.12516 0.01
r 32 0.01 7 3.35245 0.01
r 34 0.01 7 3.64684 0.01
r 36 0.01 7 3.95137 0.01
r 38 0.01 7 4.29739 0.01
r 40 0.01 7 4.65573 0.01
r 42 0.01 7 4.9895 0.01
r 44 0.01 7 5.21968 0.01
r 46 0.01 7 5.42936 0.01
r 48 0.01 7 5.72696 0.01
r 50 0.01 7 6.03042 0.01
r 52 0.01 7 6.35237 0.01
r 54 0.01 7 6.60168 0.01
r 56 0.01 7 6.8649 0.01
r 58 0.01 7 7.09622 0.01
r 60 0.01 7 7.35282 0.01
r 62 0.01 7 7.68798 0.01
r 64 0.01 7 8.03797 0.01
r 66 0.01 7 8.30982 0.01
r 68 0.01 7 8.51746 0.01
r 70 0.01 7 8.76643 0.01
r 72 0.01 7 9.03401 0.01
r 74 0.01 7 9.2588 0.01
r 76 0.01 7 9.53004 0.01
r 78 0.01 7 9.81407 0.01
r 80 0.01 7 9.98888 0.01
r 20 0.01 8 5.84907 0.01
r 22 0.01 8 5.19423 0.01
r 24 0.01 8 4.76602 0.01
r 26 0.01 8 3.91142 0.01
r 28 0.01 8 3.49043 0.01
r 30 0.01 8 3.13267 0.01
r 32 0.01 8 3.48959 0.01
r 34 0.01 8 3.79268 0.01
r 36 0.01 8 4.27189 0.01
r 38 0.01 8 4.7884 0.01
r 40 0.01 8 5.34498 0.01
r 42 0.01 8 5.87716 0.01
r 44 0.01 8 6.38341 0.01
r 46 0.01 8 6.8122 0.01
r 48 0.01 8 7.24556 0.01
r 50 0.01 8 7.72369 0.01
r 52 0.01 8 8.19946 0.01
r 54 0.01 8 8.68364 0.01
r 56 0.01 8 9.15244 0.01
r 58 0.01 8 9.61505 0.01
r 60 0.01 8 10.0388 0.01
r 62 0.01 8 10.4932 0.01
r 64 0.01 8 10.9905 0.01
r 66 0.01 8 11.4946 0.01
r 68 0.01 8 11.9773 0.01
r 70 0.01 8 12.3982 0.01
r 72 0.01 8 12.8275 0.01
r 74 0.01 8 13.2301 0.01
r 76 0.01 8 13.6044 0.01
r 78 0.01 8 14.0084 0.01
r 80 0.01 8 14.4244 0.01
s 40 2 124
r 20 0.01 0 5.18701 0.01
r 22 0.01 0 4.92373 0.01
r 24 0.01 0 4.67028 0.01
r 26 0.01 0 4.48043 0.01
r 28 0.01 0 4.28451 0.01
r 30 0.01 0 3.96938 0.01
r 32 0.01 0 3.65962 0.01
r 34 0.01 0 3.36744 0.01
r 36 0.01 0 2.98249 0.01
r 38 0.01 0 1.88351 0.01
r 40 0.01 0 1.32852 0.01
r 42 0.01 0 1.8835 0.01
r 44 0.01 0 2.98248 0.01
r 46 0.01 0 3.51054 0.01
r 48 0.01 0 3.79157 0.01
r 50 0.01 0 4.12619 0.01
r 52 0.01 0 4.45725 0.01
r 54 0.01 0 4.7761 0.01
r 56 0.01 0 5.05407 0.01
r 58 0.01 0 5.29966 0.01
r 60 0.01 0 5.55382 0.01
r 62 0.01 0 5.84059 0.01
r 64 0.01 0 6.20735 0.01
r 66 0.01 0 6.54702 0.01
r 68 0.01 0 6.76748 0.01
r 70 0.01 0 7.00987 0.01
r 72 0.01 0 7.28233 0.01
r 74 0.01 0 7.57938 0.01
r 76 0.01 0 7.84031 0.01
r 78 0.01 0 8.17069 0.01
r 80 0.01 0 8.40118 0.01
r 20 0.01 6 7.08997 0.01
r 22 0.01 6 6.63318 0.01
r 24 0.01 6 6.20661 0.01
r 26 0.01 6 5.92302 0.01
r 28 0.01 6 5.34688 0.01
r 30 0.01 6 4.81689 0.01
r 32 0.01 6 4.31344 0.01
r 34 0.01 6 3.80266 0.01
r 36 0.01 6 3.34112 0.01
r 38 0.01 6 2.94633 0.01
r 40 0.01 6 2.83587 0.01
r 42 0.01 6 3.04826 0.01
r 44 0.01 6 3.52195 0.01
r 46 0.01 6 4.02288 0.01
r 48 0.01 6 4.46488 0.01
r 50 0.01 6 4.9708 0.01
r 52 0.01 6 5.48013 0.01
r 54 0.01 6 5.99084 0.01
r 56 0.01 6 6.47714 0.01
r 58 0.01 6 6.95406 0.01
r 60 0.01 6 7.39294 0.01
r 62 0.01 6 7.85364 0.01
r 64 0.01 6 8.36436 0.01
r 66 0.01 6 8.87545 0.01
r 68 0.01 6 9.36847 0.01
r 70 0.01 6 9.79586 0.01
r 72 0.01 6 10.2452 0.01
r 74 0.01 6 10.7245 0.01
r 76 0.01 6 11.1897 0.01
r 78 0.01 6 11.6566 0.01
r 80 0.01 6 12.1074 0.01
r 20 0.01 7 5.91472 0.01
r 22 0.01 7 5.65379 0.01
r 24 0.01 7 5.39834 0.01
r 26 0.01 7 5.19677 0.01
r 28 0.01 7 5.03623 0.01
r 30 0.01 7 4.75043 0.01
r 32 0.01 7 4.41965 0.01
r 34 0.01 7 4.13206 0.01
r 36 0.01 7 3.85088 0.01
r 38 0.01 7 3.62083 0.01
r 40 0.01 7 3.39755 0.01
r 42 0.01 7 3.62448 0.01
r 44 0.01 7 3.99617 0.01
r 46 0.01 7 4.22337 0.01
r 48 0.01 7 4.54602 0.01
r 50 0.01 7 4.88274 0.01
r 52 0.01 7 5.216 0.01
r 54 0.01 7 5.50287 0.01
r 56 0.01 7 5.77726 0.01
r 58 0.01 7 6.00206 0.01
r 60 0.01 7 6.2674 0.01
r 62 0.01 7 6.63031 0.01
r 64 0.01 7 6.96299 0.01
r 66 0.01 7 7.2513 0.01
r 68 0.01 7 7.46833 0.01
r 70 0.01 7 7.72329 0.01
r 72 0.01 7 8.03654 0.01
r 74 0.01 7 8.30189 0.01
r 76 0.01 7 8.56361 0.01
r 78 0.01 7 8.89043 0.01
r 80 0.01 7 9.07703 0.01
r 20 0.01 8 7.72117 0.01
r 22 0.01 8 7.26531 0.01
r 24 0.01 8 6.83966 0.01
r 26 0.01 8 6.47639 0.01
r 28 0.01 8 5.9723 0.01
r 30 0.01 8 5.45533 0.01
r 32 0.01 8 4.957 0.01
r 34 0.01 8 4.48521 0.01
r 36 0.01 8 4.11871 0.01
r 38 0.01 8 3.55273 0.01
r 40 0.01 8 3.39925 0.01
r 42 0.01 8 3.74333 0.01
r 44 0.01 8 4.25676 0.01
r 46 0.01 8 4.68028 0.01
r 48 0.01 8 5.43273 0.01
r 50 0.01 8 5.62555 0.01
r 52 0.01 8 6.12971 0.01
r 54 0.01 8 6.64696 0.01
r 56 0.01 8 7.12241 0.01
r 58 0.01 8 7.59443 0.01
r 60 0.01 8 8.02693 0.01
r 62 0.01 8 8.48326 0.01
r 64 0.01 8 9.01409 0.01
r 66 0.01 8 9.50508 0.01
r 68 0.01 8 10.0064 0.01
r 70 0.01 8 10.4255 0.01
r 72 0.01 8 10.8791 0.01
r 74 0.01 8 11.3749 0.01
r 76 0.01 8 11.8165 0.01
r 78 0.01 8 12.2717 0.01
r 80 0.01 8 12.7298 0.01
s 50 2 124
r 20 0.01 0 6.50181 0.01
r 22 0.01 0 6.24925 0.01
r 24 0.01 0 6.00965 0.01
r 26 0.01 0 5.83227 0.01
r 28 0.01 0 5.66044 0.01
r 30 0.01 0 5.36757 0.01
r 32 0.01 0 5.09329 0.01
r 34 0.01 0 4.83226 0.01
r 36 0.01 0 4.58833 0.01
r 38 0.01 0 4.3717 0.01
r 40 0.01 0 4.14468 0.01
r 42 0.01 0 3.83101 0.01
r 44 0.01 0 3.47426 0.01
r 46 0.01 0 2.97945 0.01
r 48 0.01 0 1.88153 0.01
r 50 0.01 0 1.32709 0.01
r 52 0.01 0 1.88152 0.01
r 54 0.01 0 2.9794 0.01
r 56 0.01 0 3.66417 0.01
r 58 0.01 0 3.9239 0.01
r 60 0.01 0 4.18145 0.01
r 62 0.01 0 4.47901 0.01
r 64 0.01 0 4.86238 0.01
r 66 0.01 0 5.21528 0.01
r 68 0.01 0 5.4407 0.01
r 70 0.01 0 5.68745 0.01
r 72 0.01 0 5.96665 0.01
r 74 0.01 0 6.27906 0.01
r 76 0.01 0 6.54436 0.01
r 78 0.01 0 6.88925 0.01
r 80 0.01 0 7.15022 0.01
r 20 0.01 6 9.33981 0.01
r 22 0.01 6 8.90476 0.01
r 24 0.01 6 8.49795 0.01
r 26 0.01 6 8.12508 0.01
r 28 0.01 6 7.68756 0.01
r 30 0.01 6 7.20431 0.01
r 32 0.01 6 6.75183 0.01
r 34 0.01 6 6.3032 0.01
r 36 0.01 6 5.87257 0.01
r 38 0.01 6 5.44615 0.01
r 40 0.01 6 4.98177 0.01
r 42 0.01 6 4.41506 0.01
r 44 0.01 6 3.86115 0.01
r 46 0.01 6 3.39864 0.01
r 48 0.01 6 3.03811 0.01
r 50 0.01 6 2.92554 0.01
r 52 0.01 6 3.12721 0.01
r 54 0.01 6 3.56548 0.01
r 56 0.01 6 4.09946 0.01
r 58 0.01 6 4.59941 0.01
r 60 0.01 6 4.99767 0.01
r 62 0.01 6 5.4627 0.01
r 64 0.01 6 5.97828 0.01
r 66 0.01 6 6.49778 0.01
r 68 0.01 6 7.14642 0.01
r 70 0.01 6 7.53088 0.01
r 72 0.01 6 7.92425 0.01
r 74 0.01 6 8.39671 0.01
r 76 0.01 6 8.85899 0.01
r 78 0.01 6 9.33058 0.01
r 80 0.01 6 9.81186 0.01
r 20 0.01 7 7.23403 0.01
r 22 0.01 7 6.9705 0.01
r 24 0.01 7 6.72913 0.01
r 26 0.01 7 6.54462 0.01
r 28 0.01 7 6.39164 0.01
r 30 0.01 7 6.12492 0.01
r 32 0.01 7 5.81998 0.01
r 34 0.01 7 5.56847 0.01
r 36 0.01 7 5.31133 0.01
r 38 0.01 7 5.10378 0.01
r 40 0.01 7 4.88943 0.01
r 42 0.01 7 4.63824 0.01
r 44 0.01 7 4.28162 0.01
r 46 0.01 7 3.9385 0.01
r 48 0.01 7 3.70786 0.01
r 50 0.01 7 3.48064 0.01
r 52 0.01 7 3.69733 0.01
r 54 0.01 7 4.11991 0.01
r 56 0.01 7 4.40483 0.01
r 58 0.01 7 4.63919 0.01
r 60 0.01 7 4.91112 0.01
r 62 0.01 7 5.24742 0.01
r 64 0.01 7 5.62922 0.01
r 66 0.01 7 5.93229 0.01
r 68 0.01 7 6.15384 0.01
r 70 0.01 7 6.41461 0.01
r 72 0.01 7 6.71067 0.01
r 74 0.01 7 7.00156 0.01
r 76 0.01 7 7.29837 0.01
r 78 0.01 7 7.62427 0.01
r 80 0.01 7 7.84249 0.01
r 20 0.01 8 9.96515 0.01
r 22 0.01 8 9.53287 0.01
r 24 0.01 8 9.12876 0.01
r 26 0.01 8 8.75891 0.01
r 28 0.01 8 8.30726 0.01
r 30 0.01 8 7.83075 0.01
r 32 0.01 8 7.37454 0.01
r 34 0.01 8 6.92847 0.01
r 36 0.01 8 6.52824 0.01
r 38 0.01 8 6.08185 0.01
r 40 0.01 8 5.63519 0.01
r 42 0.01 8 5.07851 0.01
r 44 0.01 8 4.57196 0.01
r 46 0.01 8 4.18943 0.01
r 48 0.01 8 3.63542 0.01
r 50 0.01 8 3.48876 0.01
r 52 0.01 8 3.81332 0.01
r 54 0.01 8 4.30657 0.01
r 56 0.01 8 4.74967 0.01
r 58 0.01 8 5.22925 0.01
r 60 0.01 8 7.12975 0.01
r 62 0.01 8 6.11439 0.01
r 64 0.01 8 6.64744 0.01
r 66 0.01 8 7.14567 0.01
r 68 0.01 8 8.08333 0.01
r 70 0.01 8 8.28676 0.01
r 72 0.01 8 8.99152 0.01
r 74 0.01 8 9.25712 0.01
r 76 0.01 8 9.51831 0.01
r 78 0.01 8 9.97787 0.01
r 80 0.01 8 10.4516 0.01
s 60 2 124
r 20 0.01 0 7.81111 0.01
r 22 0.01 0 7.5646 0.01
r 24 0.01 0 7.33145 0.01
r 26 0.01 0 7.16099 0.01
r 28 0.01 0 6.99123 0.01
r 30 0.01 0 6.71276 0.01
r 32 0.01 0 6.44289 0.01
r 34 0.01 0 6.20079 0.01
r 36 0.01 0 5.9676 0.01
r 38 0.01 0 5.76968 0.01
r 40 0.01 0 5.56322 0.01
r 42 0.01 0 5.2718 0.01
r 44 0.01 0 4.92734 0.01
r 46 0.01 0 4.64452 0.01
r 48 0.01 0 4.41744 0.01
r 50 0.01 0 4.1907 0.01
r 52 0.01 0 3.93306 0.01
r 54 0.01 0 3.64786 0.01
r 56 0.01 0 2.97997 0.01
r 58 0.01 0 1.88188 0.01
r 60 0.01 0 1.32736 0.01
r 62 0.01 0 1.88189 0.01
r 64 0.01 0 2.98001 0.01
r 66 0.01 0 3.76129 0.01
r 68 0.01 0 4.0893 0.01
r 70 0.01 0 4.33809 0.01
r 72 0.01 0 4.62443 0.01
r 74 0.01 0 4.94118 0.01
r 76 0.01 0 5.2154 0.01
r 78 0.01 0 5.57514 0.01
r 80 0.01 0 5.84788 0.01
r 20 0.01 6 11.6086 0.01
r 22 0.01 6 11.1826 0.01
r 24 0.01 6 10.7822 0.01
r 26 0.01 6 10.4146 0.01
r 28 0.01 6 9.9898 0.01
r 30 0.01 6 9.52095 0.01
r 32 0.01 6 9.08265 0.01
r 34 0.01 6 8.65439 0.01
r 36 0.01 6 8.24142 0.01
r 38 0.01 6 7.83081 0.01
r 40 0.01 6 7.39992 0.01
r 42 0.01 6 6.88807 0.01
r 44 0.01 6 6.49545 0.01
r 46 0.01 6 6.05976 0.01
r 48 0.01 6 5.55148 0.01
r 50 0.01 6 5.022 0.01
r 52 0.01 6 4.54251 0.01
r 54 0.01 6 4.06311 0.01
r 56 0.01 6 3.47997 0.01
r 58 0.01 6 3.09813 0.01
r 60 0.01 6 2.93368 0.01
r 62 0.01 6 3.15612 0.01
r 64 0.01 6 3.61937 0.01
r 66 0.01 6 4.17765 0.01
r 68 0.01 6 4.75605 0.01
r 70 0.01 6 5.21462 0.01
r 72 0.01 6 5.74145 0.01
r 74 0.01 6 6.20445 0.01
r 76 0.01 6 6.70006 0.01
r 78 0.01 6 7.07177 0.01
r 80 0.01 6 7.52687 0.01
r 20 0.01 7 8.50614 0.01
r 22 0.01 7 8.25836 0.01
r 24 0.01 7 8.01536 0.01
r 26 0.01 7 7.84354 0.01
r 28 0.01 7 7.69437 0.01
r 30 0.01 7 7.44235 0.01
r 32 0.01 7 7.14708 0.01
r 34 0.01 7 6.90397 0.01
r 36 0.01 7 6.65433 0.01
r 38 0.01 7 6.46541 0.01
r 40 0.01 7 6.26161 0.01
r 42 0.01 7 6.03209 0.01
r 44 0.01 7 5.68654 0.01
r 46 0.01 7 5.35018 0.01
r 48 0.01 7 5.13158 0.01
r 50 0.01 7 4.90559 0.01
r 52 0.01 7 4.67921 0.01
r 54 0.01 7 4.39557 0.01
r 56 0.01 7 4.09518 0.01
r 58 0.01 7 3.66029 0.01
r 60 0.01 7 3.48698 0.01
r 62 0.01 7 3.71637 0.01
r 64 0.01 7 4.24165 0.01
r 66 0.01 7 4.55878 0.01
r 68 0.01 7 4.78235 0.01
r 70 0.01 7 5.05299 0.01
r 72 0.01 7 5.36818 0.01
r 74 0.01 7 5.65239 0.01
r 76 0.01 7 5.95233 0.01
r 78 0.01 7 6.3483 0.01
r 80 0.01 7 6.51999 0.01
r 20 0.01 8 12.2305 0.01
r 22 0.01 8 11.8179 0.01
r 24 0.01 8 11.4215 0.01
r 26 0.01 8 11.0548 0.01
r 28 0.01 8 10.6146 0.01
r 30 0.01 8 10.1422 0.01
r 32 0.01 8 9.73229 0.01
r 34 0.01 8 9.30381 0.01
r 36 0.01 8 8.89309 0.01
r 38 0.01 8 8.4566 0.01
r 40 0.01 8 8.02642 0.01
r 42 0.01 8 7.5208 0.01
r 44 0.01 8 6.99332 0.01
r 46 0.01 8 6.53287 0.01
r 48 0.01 8 6.08125 0.01
r 50 0.01 8 5.63391 0.01
r 52 0.01 8 5.14691 0.01
r 54 0.01 8 4.65915 0.01
r 56 0.01 8 4.20918 0.01
r 58 0.01 8 3.82667 0.01
r 60 0.01 8 3.48866 0.01
r 62 0.01 8 3.82264 0.01
r 64 0.01 8 4.36879 0.01
r 66 0.01 8 4.86697 0.01
r 68 0.01 8 5.40874 0.01
r 70 0.01 8 6.11949 0.01
r 72 0.01 8 6.58604 0.01
r 74 0.01 8 7.12761 0.01
r 76 0.01 8 7.51968 0.01
r 78 0.01 8 8.05077 0.01
r 80 0.01 8 8.15193 0.01
s 70 2 124
r 20 0.01 0 9.14206 0.01
r 22 0.01 0 8.90894 0.01
r 24 0.01 0 8.69375 0.01
r 26 0.01 0 8.53721 0.01
r 28 0.01 0 8.39329 0.01
r 30 0.01 0 8.14109 0.01
r 32 0.01 0 7.872 0.01
r 34 0.01 0 7.63122 0.01
r 36 0.01 0 7.4043 0.01
r 38 0.01 0 7.21722 0.01
r 40 0.01 0 7.01765 0.01
r 42 0.01 0 6.7454 0.01
r 44 0.01 0 6.41398 0.01
r 46 0.01 0 6.13664 0.01
r 48 0.01 0 5.9141 0.01
r 50 0.01 0 5.6949 0.01
r 52 0.01 0 5.45416 0.01
r 54 0.01 0 5.17907 0.01
r 56 0.01 0 4.86584 0.01
r 58 0.01 0 4.57683 0.01
r 60 0.01 0 4.35323 0.01
r 62 0.01 0 4.18761 0.01
r 64 0.01 0 3.78242 0.01
r 66 0.01 0 2.98079 0.01
r 68 0.01 0 1.8824 0.01
r 70 0.01 0 1.32772 0.01
r 72 0.01 0 1.88239 0.01
r 74 0.01 0 2.98077 0.01
r 76 0.01 0 3.76565 0.01
r 78 0.01 0 4.2892 0.01
r 80 0.01 0 4.57671 0.01
r 20 0.01 6 13.8064 0.01
r 22 0.01 6 13.4173 0.01
r 24 0.01 6 13.0515 0.01
r 26 0.01 6 12.7222 0.01
r 28 0.01 6 12.3394 0.01
r 30 0.01 6 11.8812 0.01
r 32 0.01 6 11.4466 0.01
r 34 0.01 6 11.0221 0.01
r 36 0.01 6 10.618 0.01
r 38 0.01 6 10.222 0.01
r 40 0.01 6 9.7958 0.01
r 42 0.01 6 9.2945 0.01
r 44 0.01 6 8.78378 0.01
r 46 0.01 6 8.4233 0.01
r 48 0.01 6 7.97616 0.01
r 50 0.01 6 7.55783 0.01
r 52 0.01 6 7.06384 0.01
r 54 0.01 6 6.60458 0.01
r 56 0.01 6 6.04998 0.01
r 58 0.01 6 5.62474 0.01
r 60 0.01 6 5.28975 0.01
r 62 0.01 6 4.67894 0.01
r 64 0.01 6 4.16835 0.01
r 66 0.01 6 3.68392 0.01
r 68 0.01 6 3.34776 0.01
r 70 0.01 6 3.20518 0.01
r 72 0.01 6 3.3817 0.01
r 74 0.01 6 3.76634 0.01
r 76 0.01 6 4.29343 0.01
r 78 0.01 6 4.73052 0.01
r 80 0.01 6 5.22915 0.01
r 20 0.01 7 9.90222 0.01
r 22 0.01 7 9.66928 0.01
r 24 0.01 7 9.44401 0.01
r 26 0.01 7 9.28206 0.01
r 28 0.01 7 9.16177 0.01
r 30 0.01 7 8.93468 0.01
r 32 0.01 7 8.65262 0.01
r 34 0.01 7 8.40388 0.01
r 36 0.01 7 8.17266 0.01
r 38 0.01 7 7.99482 0.01
r 40 0.01 7 7.79346 0.01
r 42 0.01 7 7.57977 0.01
r 44 0.01 7 7.25991 0.01
r 46 0.01 7 6.92371 0.01
r 48 0.01 7 6.7036 0.01
r 50 0.01 7 6.4853 0.01
r 52 0.01 7 6.26211 0.01
r 54 0.01 7 5.99266 0.01
r 56 0.01 7 5.71144 0.01
r 58 0.01 7 5.39323 0.01
r 60 0.01 7 5.13594 0.01
r 62 0.01 7 4.98953 0.01
r 64 0.01 7 4.76975 0.01
r 66 0.01 7 4.43332 0.01
r 68 0.01 7 3.98622 0.01
r 70 0.01 7 3.83477 0.01
r 72 0.01 7 4.01859 0.01
r 74 0.01 7 4.45359 0.01
r 76 0.01 7 4.7589 0.01
r 78 0.01 7 5.13643 0.01
r 80 0.01 7 5.36428 0.01
r 20 0.01 8 14.4993 0.01
r 22 0.01 8 14.1055 0.01
r 24 0.01 8 13.7421 0.01
r 26 0.01 8 13.4135 0.01
r 28 0.01 8 13.0486 0.01
r 30 0.01 8 12.595 0.01
r 32 0.01 8 12.1765 0.01
r 34 0.01 8 11.7601 0.01
r 36 0.01 8 11.3555 0.01
r 38 0.01 8 10.9471 0.01
r 40 0.01 8 10.5243 0.01
r 42 0.01 8 10.0267 0.01
r 44 0.01 8 9.51668 0.01
r 46 0.01 8 9.51416 0.01
r 48 0.01 8 9.06118 0.01
r 50 0.01 8 8.63885 0.01
r 52 0.01 8 8.14056 0.01
r 54 0.01 8 7.42609 0.01
r 56 0.01 8 6.94435 0.01
r 58 0.01 8 6.49372 0.01
r 60 0.01 8 6.40826 0.01
r 62 0.01 8 5.39895 0.01
r 64 0.01 8 4.9028 0.01
r 66 0.01 8 4.42748 0.01
r 68 0.01 8 4.13999 0.01
r 70 0.01 8 3.83571 0.01
r 72 0.01 8 4.13964 0.01
r 74 0.01 8 4.61249 0.01
r 76 0.01 8 5.02034 0.01
r 78 0.01 8 5.46311 0.01
r 80 0.01 8 5.96394 0.01
