63 81 1.5 0.33
0 2 4 6 8 10 12 14 16 18 20 22 24 26 28 30 32 34 36 38 40 42 44 46 48 50 52 54 56 58 60 62 64 66 68 70 72 74 76 78 80 82 84 86 88 90 92 94 96 98 100 102 104 106 108 110 112 114 116 118 120 122 124 
0 0 0 0 0 0 0 0 0 0 0 0 0 0 0 0 0 0 0 0 0 0 0 0 0 0 0 0 0 0 0 0 0 0 0 0 0 0 0 0 0 0 0 0 0 0 0 0 0 0 0 0 0 0 0 0 0 0 0 0 0 0 0 
0 0.2 0.4 0.6 0.8 1 1.2 1.4 1.6 1.8 2 2.2 2.4 2.6 2.8 3 3.2 3.4 3.6 3.8 4 4.2 4.4 4.6 4.8 5 5.2 5.4 5.6 5.8 6 6.2 6.4 6.6 6.8 7 7.2 7.4 7.6 7.8 8 8.2 8.4 8.6 8.8 9 9.2 9.4 9.6 9.8 10 10.2 10.4 10.6 10.8 11 11.2 11.4 11.6 11.8 12 12.2 12.4 12.6 12.8 13 13.2 13.4 13.6 13.8 14 14.2 14.4 14.6 14.8 15 15.2 15.4 15.6 15.8 16 
1.5 1.5 1.5 1.5 1.5 1.5 1.5 1.5 1.5 1.5 1.50575 2.293 4.13047 4.14091 4.15195 4.16289 4.17385 4.18512 4.19527 4.20593 4.21638 4.22642 4.23596 4.24613 4.25578 4.26533 4.2746 4.28337 4.29286 4.30174 4.31031 4.31881 4.32723 4.33544 4.34453 4.35147 4.3592 4.36696 4.3746 4.38302 4.38929 4.39667 4.40393 4.4111 4.41727 4.42542 4.43271 4.43988 4.44715 4.45323 4.46168 4.46925 4.47671 4.48437 4.49201 4.49976 4.50781 4.51585 4.52408 4.5324 4.54073 4.54954 4.55815 4.56696 4.57596 4.58505 4.59444 4.60373 4.61332 4.6229 4.63238 4.64256 4.65254 4.66292 4.6727 4.68348 4.69345 4.70353 4.71501 4.72487 4.7322 
1.5 1.5 1.5 1.5 1.5 1.5 1.5 1.5 1.5 1.5 1.50586 2.29314 2.37411 4.12923 4.13992 4.1508 4.16141 4.17266 4.18254 4.19306 4.20326 4.21305 4.2223 4.23223 4.24163 4.25093 4.25995 4.26846 4.27782 4.28657 4.29521 4.30358 4.31197 4.32017 4.32925 4.33638 4.34441 4.35235 4.3603 4.36904 4.37583 4.38372 4.3914 4.3992 4.40611 4.4148 4.42271 4.43062 4.43854 4.44557 4.45456 4.46277 4.47088 4.47918 4.48758 4.49577 4.50436 4.51275 4.52142 4.53009 4.53855 4.5475 4.55625 4.56442 4.57402 4.58305 4.59217 4.60138 4.61001 4.6199 4.6292 4.6392 4.6487 4.65809 4.66868 4.67907 4.68816 4.69965 4.70813 4.71803 4.72898 
1.5 1.5 1.5 1.5 1.5 1.5 1.5 1.5 1.5 1.5 1.50577 2.29356 2.37413 2.45474 4.1281 4.13879 4.1501 4.16072 4.17055 4.18104 4.19121 4.20134 4.21017 4.22009 4.22944 4.2386 4.24786 4.25586 4.26531 4.27407 4.28255 4.29026 4.29937 4.30765 4.31602 4.32394 4.33114 4.34021 4.34825 4.3563 4.36428 4.37294 4.38047 4.38848 4.39617 4.4047 4.41304 4.42127 4.4296 4.43734 4.44627 4.45491 4.46344 4.47207 4.48031 4.48962 4.49864 4.50755 4.51655 4.52497 4.53453 4.54392 4.55309 4.56236 4.57104 4.58097 4.59052 4.60006 4.6096 4.61834 4.62846 4.63858 4.6484 4.65832 4.66733 4.67833 4.68873 4.69954 4.70816 4.71538 4.72979 
1.5 1.5 1.5 1.5 1.5 1.5 1.5 1.5 1.5 1.5 1.50565 2.29315 2.37395 2.45455 4.12755 4.13754 4.1482 4.15933 4.16914 4.18015 4.18967 4.1994 4.20868 4.21858 4.22818 4.23714 4.24621 4.25457 4.2641 4.27299 4.2815 4.29023 4.29893 4.30736 4.31591 4.32422 4.33263 4.34107 4.34951 4.35784 4.36632 4.37526 4.38322 4.39172 4.39959 4.40865 4.41754 4.42593 4.43457 4.4427 4.45206 4.46033 4.46967 4.47862 4.48697 4.49669 4.50526 4.51507 4.52351 4.53272 4.54271 4.55155 4.56172 4.57121 4.58079 4.59027 4.59927 4.60991 4.61879 4.62952 4.63938 4.64854 4.66005 4.66862 4.68102 4.69015 4.70007 4.71188 4.71953 4.73386 4.74343 
1.5 1.5 1.5 1.5 1.5 1.5 1.5 1.5 1.5 1.5 1.50556 2.29282 2.37372 2.4543 4.12634 4.13635 4.14691 4.15828 4.16807 4.17901 4.18862 4.19835 4.20827 4.21828 4.22725 4.23645 4.24571 4.25466 4.26421 4.2726 4.28146 4.29048 4.29899 4.30787 4.31762 4.32543 4.33413 4.34241 4.35105 4.36118 4.3692 4.37815 4.38615 4.39496 4.4039 4.4134 4.42242 4.43092 4.43995 4.4493 4.45901 4.46773 4.47701 4.48625 4.49654 4.50598 4.51502 4.52468 4.53411 4.54454 4.55417 4.56341 4.57313 4.58373 4.59374 4.60364 4.61305 4.62314 4.6342 4.64437 4.65455 4.66415 4.6749 4.68622 4.69746 4.70711 4.71837 4.7278 4.74039 4.75056 4.76178 
1.5 1.5 1.5 1.5 1.5 1.5 1.5 1.5 1.5 1.5 1.50537 2.29233 2.37313 4.12406 4.13464 4.14556 4.15636 4.16752 4.17756 4.18799 4.1985 4.20846 4.21833 4.22833 4.23814 4.24764 4.25732 4.26686 4.27635 4.28586 4.29495 4.30428 4.31376 4.32301 4.33305 4.34151 4.35081 4.36012 4.36943 4.37939 4.38807 4.39763 4.40698 4.41644 4.42531 4.43537 4.44507 4.45467 4.46425 4.47369 4.48376 4.49378 4.50359 4.51351 4.52352 4.53333 4.54355 4.55367 4.56368 4.57379 4.5839 4.59422 4.60442 4.61473 4.62504 4.63534 4.64604 4.65644 4.66713 4.67742 4.688 4.69877 4.70974 4.7206 4.73157 4.74183 4.75388 4.76321 4.77544 4.78521 4.79716 
1.5 1.5 1.5 1.5 1.5 1.5 1.5 1.5 1.5 1.5 1.50511 2.29167 2.37264 4.12113 4.13192 4.14304 4.15391 4.16538 4.1756 4.18613 4.1968 4.20702 4.21684 4.22779 4.23769 4.24766 4.2578 4.26744 4.27782 4.28759 4.2975 4.30746 4.31747 4.32747 4.3372 4.34738 4.35714 4.36737 4.37726 4.38682 4.39734 4.40743 4.41755 4.42753 4.43735 4.44774 4.45806 4.46829 4.4785 4.48854 4.49895 4.50941 4.51984 4.53018 4.54062 4.55087 4.56154 4.57134 4.58246 4.59313 4.6037 4.61438 4.62496 4.63574 4.64653 4.65732 4.66831 4.67852 4.69019 4.70117 4.71216 4.72332 4.73439 4.74596 4.75703 4.76821 4.77997 4.79032 4.80224 4.81369 4.82503 
1.5 1.5 1.5 1.5 1.5 1.5 1.5 1.5 1.5 1.5 1.50488 2.29087 2.37168 2.45229 2.53308 4.11553 4.12699 4.13847 4.14951 4.16039 4.17133 4.18206 4.19281 4.20362 4.21423 4.22508 4.2358 4.24635 4.25737 4.26775 4.27865 4.28936 4.29953 4.311 4.32142 4.33251 4.34326 4.35415 4.3649 4.37528 4.38646 4.39748 4.4082 4.4191 4.42979 4.44069 4.45159 4.46239 4.47316 4.48385 4.49475 4.50503 4.51658 4.52749 4.53831 4.54914 4.5594 4.57126 4.58211 4.59319 4.60418 4.61474 4.62639 4.63761 4.64884 4.66018 4.67152 4.68287 4.69433 4.70569 4.71725 4.72879 4.73994 4.75229 4.76326 4.77544 4.78681 4.79847 4.80998 4.8227 4.83391 
1.5 1.5 1.5 1.5 1.5 1.5 1.5 1.5 1.5 1.5 1.50422 2.28955 2.37016 2.45092 2.53173 2.61253 4.11043 4.12241 4.13454 4.14611 4.15778 4.16943 4.18107 4.1927 4.20443 4.21639 4.228 4.23987 4.25129 4.26298 4.27505 4.28665 4.29867 4.30969 4.32167 4.33384 4.34555 4.3574 4.36906 4.38017 4.39231 4.40399 4.41557 4.42718 4.43868 4.45002 4.46163 4.47235 4.4845 4.49581 4.50717 4.51868 4.52933 4.5414 4.55262 4.56386 4.57544 4.58602 4.59814 4.60956 4.62101 4.63268 4.64407 4.65568 4.6672 4.67885 4.69051 4.70229 4.71408 4.72578 4.7377 4.7496 4.76101 4.77352 4.7835 4.7975 4.80826 4.82103 4.83226 4.84625 4.85739 
1.5 1.5 1.5 1.5 1.5 1.5 1.5 1.5 1.5 1.5 1.5032 2.28736 2.36829 2.44887 2.52974 2.61097 4.10404 4.1173 4.13013 4.1428 4.15568 4.16872 4.18203 4.19503 4.20808 4.22154 4.23468 4.24754 4.26108 4.2741 4.28748 4.30052 4.31372 4.32685 4.33941 4.35278 4.36552 4.37835 4.39122 4.40381 4.41613 4.42848 4.44083 4.4529 4.46536 4.47707 4.48908 4.50119 4.51295 4.52394 4.5364 4.54829 4.5599 4.57105 4.58258 4.59492 4.60673 4.61846 4.63003 4.64173 4.65347 4.66544 4.67714 4.68819 4.70097 4.71307 4.72491 4.73698 4.74843 4.7612 4.77334 4.78559 4.79734 4.8098 4.82195 4.83435 4.84589 4.85837 4.87104 4.8847 4.89595 
1.5 1.5 1.5 1.5 1.5 1.5 1.5 1.5 1.5 1.5 1.50251 2.28572 2.36608 2.44721 2.5283 4.09575 4.11085 4.12272 4.13652 4.15102 4.16528 4.1799 4.19527 4.20958 4.22444 4.2394 4.2543 4.26941 4.28403 4.29896 4.31377 4.32845 4.34302 4.35714 4.37157 4.38571 4.40019 4.41379 4.42767 4.44143 4.45477 4.46862 4.48124 4.49485 4.50751 4.52072 4.53353 4.54627 4.55868 4.57139 4.58353 4.59579 4.60793 4.62011 4.6321 4.64413 4.65621 4.66833 4.68008 4.69209 4.70396 4.71608 4.72815 4.74026 4.75243 4.76455 4.77672 4.78885 4.80122 4.81353 4.82586 4.83842 4.85057 4.86244 4.87542 4.88726 4.89969 4.91159 4.92546 4.9387 4.94911 
1.5 1.5 1.5 1.5 1.5 1.5 1.5 1.5 1.5 1.5 1.50071 2.2819 2.36221 2.44409 2.52567 4.08381 4.10126 4.12055 4.1385 4.15309 4.16804 4.18444 4.20266 4.21818 4.2355 4.25241 4.26963 4.28802 4.30353 4.32047 4.33696 4.35331 4.36964 4.38576 4.40139 4.41737 4.43267 4.44812 4.46306 4.47782 4.49218 4.50615 4.52035 4.5339 4.54825 4.56097 4.57408 4.58705 4.59977 4.61258 4.62489 4.63745 4.6496 4.662 4.67414 4.68613 4.69838 4.71039 4.72238 4.73434 4.74649 4.75891 4.7709 4.78316 4.79529 4.80759 4.81986 4.8321 4.84461 4.85707 4.86957 4.88233 4.89461 4.9071 4.92 4.93226 4.94441 4.95766 4.96971 4.98462 4.99363 
1.5 1.5 1.5 1.5 1.5 1.5 1.5 1.5 1.5 1.5 1.49723 2.27486 2.35504 2.43736 2.51844 4.05601 4.07241 4.08676 4.11497 4.14569 4.16533 4.18456 4.20732 4.22506 4.24593 4.26558 4.28594 4.3092 4.32602 4.34539 4.36374 4.38211 4.39999 4.41795 4.43496 4.45249 4.46913 4.48565 4.50151 4.5172 4.53259 4.5473 4.56214 4.5764 4.59135 4.6044 4.61797 4.63143 4.64432 4.65755 4.67011 4.68275 4.69534 4.70775 4.72013 4.73226 4.7447 4.7569 4.76888 4.78087 4.79316 4.80554 4.81772 4.8301 4.84226 4.85453 4.86689 4.87935 4.89181 4.90444 4.91692 4.92969 4.94249 4.9551 4.9678 4.98045 4.99231 5.00575 5.01827 5.03295 5.04163 
1.5 1.5 1.5 1.5 1.5 1.5 1.5 1.5 1.5 1.5 1.49426 2.26894 2.34862 2.43105 2.51224 2.59452 4.03671 4.04662 4.05517 4.10865 4.14075 4.16715 4.19559 4.2131 4.23708 4.26162 4.28616 4.31474 4.33396 4.35798 4.38026 4.40129 4.42146 4.44097 4.45949 4.47857 4.49665 4.51462 4.53154 4.54834 4.5647 4.58027 4.59556 4.61048 4.62559 4.63924 4.65316 4.66673 4.68019 4.69381 4.70632 4.71904 4.73172 4.74439 4.75701 4.76922 4.78163 4.79392 4.80603 4.81825 4.83041 4.84268 4.85496 4.86736 4.87957 4.8919 4.90445 4.91693 4.92953 4.94213 4.95479 4.96748 4.98081 4.99334 5.00597 5.01882 5.03102 5.04422 5.05775 5.07161 5.08041 
1.5 1.5 1.5 1.5 1.5 1.5 1.5 1.5 1.5 1.5 1.49105 2.26209 2.34141 2.42387 2.50482 2.58641 2.66882 2.75032 3.98814 4.06173 4.10245 4.13342 4.16725 4.19193 4.21512 4.24117 4.27036 4.30458 4.32722 4.3553 4.37981 4.40372 4.42753 4.45047 4.47136 4.49346 4.51338 4.53275 4.55055 4.56781 4.58515 4.60162 4.61782 4.63336 4.64926 4.66295 4.67721 4.69106 4.70471 4.71835 4.73105 4.74391 4.75676 4.7694 4.78193 4.79414 4.80685 4.81921 4.83141 4.84386 4.85615 4.86868 4.88104 4.89341 4.90583 4.91827 4.93085 4.94348 4.95625 4.96913 4.98187 4.99476 5.00789 5.02063 5.03319 5.04628 5.05887 5.07224 5.08682 5.10014 5.10988 
1.5 1.5 1.5 1.5 1.5 1.5 1.5 1.5 1.5 1.5 1.48621 2.25024 2.32962 2.41326 2.49484 2.57711 2.66042 2.74296 4.00199 4.04795 4.08067 4.12309 4.17177 4.19177 4.22901 4.24975 4.28159 4.32097 4.34495 4.37567 4.40505 4.43142 4.45525 4.47887 4.50142 4.5266 4.54927 4.57077 4.59094 4.61075 4.62963 4.64664 4.66292 4.67893 4.69601 4.71018 4.72501 4.73957 4.75387 4.76785 4.78044 4.79346 4.80683 4.81965 4.83249 4.84479 4.8579 4.87044 4.88282 4.8954 4.90797 4.92108 4.93392 4.94638 4.9593 4.97195 4.9847 4.9976 5.01064 5.02379 5.03701 5.05049 5.06366 5.0755 5.09065 5.10168 5.11693 5.12905 5.14516 5.15796 5.16719 
1.5 1.5 1.5 1.5 1.5 1.5 1.5 1.5 1.5 1.5 1.48655 2.25278 2.33206 2.41562 2.49682 2.57911 2.66292 3.97753 4.00981 4.05821 4.09712 4.13205 4.19056 4.20864 4.24722 4.26686 4.30081 4.3432 4.36879 4.4017 4.43124 4.46202 4.49068 4.51469 4.53506 4.56179 4.58707 4.61121 4.6338 4.65498 4.67623 4.69588 4.71548 4.73381 4.75283 4.76656 4.78188 4.79732 4.81238 4.82789 4.84138 4.85546 4.86922 4.88264 4.89575 4.9102 4.92244 4.93565 4.9486 4.96184 4.97476 4.98804 5.00102 5.01426 5.02735 5.0405 5.05367 5.06703 5.08051 5.0941 5.10777 5.12132 5.13497 5.1482 5.16226 5.17436 5.18815 5.20219 5.21643 5.23117 5.24115 
1.5 1.5 1.5 1.5 1.5 1.5 1.5 1.5 1.5 1.5 1.48374 2.24731 2.32583 2.40985 2.48951 2.57358 2.6577 3.95479 3.99681 4.03877 4.08213 4.13321 4.20333 4.21607 4.24465 4.27286 4.3037 4.34766 4.37609 4.41015 4.44316 4.4721 4.5041 4.53201 4.55432 4.57962 4.60399 4.6293 4.65404 4.67699 4.70061 4.72212 4.74255 4.76223 4.7852 4.80132 4.81984 4.83693 4.85264 4.8688 4.88308 4.89854 4.91387 4.92867 4.9426 4.95678 4.97123 4.98528 4.99885 5.01259 5.02611 5.03977 5.05376 5.06832 5.08136 5.09538 5.10921 5.12328 5.13726 5.15142 5.16551 5.17936 5.19386 5.20699 5.2206 5.23454 5.24785 5.26341 5.27784 5.2921 5.30462 
1.5 1.5 1.5 1.5 1.5 1.5 1.5 1.5 1.5 1.5 1.48258 2.24491 2.32335 2.40749 2.48944 2.57163 2.65564 3.95806 3.98932 4.03421 4.07691 4.1371 4.19721 4.21362 4.24831 4.28309 4.31706 4.36027 4.38534 4.42214 4.45209 4.48148 4.50881 4.53997 4.56071 4.59028 4.6137 4.63797 4.66236 4.68566 4.71178 4.73379 4.75607 4.77786 4.80031 4.81859 4.8388 4.85935 4.87999 4.90072 4.91557 4.93153 4.94824 4.96484 4.981 4.99906 5.01289 5.02861 5.04368 5.05883 5.0738 5.08861 5.10353 5.11864 5.13359 5.14844 5.16324 5.17808 5.193 5.20797 5.22284 5.23745 5.25231 5.2668 5.28192 5.29535 5.30875 5.3258 5.34044 5.35548 5.36814 
1.5 1.5 1.5 1.5 1.5 1.5 1.5 1.5 1.5 1.5 1.48311 2.24622 2.32462 2.40834 2.4901 2.57051 2.65444 2.73946 3.98787 4.02416 4.07579 4.11473 4.16769 4.19755 4.24294 4.28788 4.30872 4.35718 4.38233 4.42447 4.45277 4.4804 4.50995 4.53949 4.55876 4.58179 4.60437 4.62898 4.65506 4.6749 4.70201 4.72564 4.75095 4.77094 4.79703 4.81523 4.83697 4.86156 4.88006 4.90393 4.92734 4.9493 4.96359 4.98011 4.99789 5.01838 5.03385 5.05156 5.07104 5.08798 5.10435 5.11912 5.13553 5.15372 5.16975 5.18431 5.20185 5.2177 5.23394 5.24967 5.26401 5.27965 5.29484 5.31083 5.32511 5.34075 5.35519 5.37446 5.3859 5.40258 5.41589 
1.5 1.5 1.5 1.5 1.5 1.5 1.5 1.5 1.5 1.5 1.48198 2.24115 2.31986 2.40699 2.48879 2.57076 2.65395 2.73508 2.82385 4.00002 4.04196 4.09252 4.14342 4.17648 4.22608 4.27504 4.29453 4.34004 4.36813 4.41457 4.44109 4.46764 4.49971 4.5212 4.54222 4.5646 4.58888 4.61162 4.63451 4.6562 4.68151 4.70527 4.7293 4.75452 4.77963 4.8041 4.82388 4.85026 4.87397 4.89777 4.92075 4.94489 4.97108 4.99428 5.01131 5.02928 5.04944 5.06936 5.08847 5.10679 5.12528 5.14117 5.16102 5.17643 5.19544 5.21115 5.22819 5.2452 5.26222 5.27911 5.29594 5.31265 5.32866 5.34387 5.36149 5.37549 5.39309 5.40999 5.42553 5.44302 5.45748 
1.5 1.5 1.5 1.5 1.5 1.5 1.5 1.5 1.5 1.5 1.48318 2.24692 2.31763 2.3979 2.48923 2.57033 2.65563 2.73659 2.82417 2.91046 4.01743 4.08296 4.14481 4.17318 4.2206 4.2658 4.28794 4.33038 4.3579 4.39573 4.43075 4.45325 4.48026 4.50046 4.52124 4.5459 4.56933 4.59332 4.61201 4.63582 4.65717 4.6799 4.70082 4.72504 4.75134 4.77479 4.79571 4.82044 4.84649 4.87236 4.89715 4.92236 4.94582 4.97257 5.00471 5.02405 5.04328 5.06312 5.08516 5.1099 5.1314 5.15268 5.17343 5.19338 5.21095 5.23048 5.25008 5.26973 5.28913 5.30803 5.32643 5.34456 5.36437 5.38232 5.40073 5.41626 5.43474 5.45472 5.46994 5.48463 5.50065 
1.5 1.5 1.5 1.5 1.5 1.5 1.5 1.5 1.5 1.5 1.48225 2.24401 2.32041 2.40884 2.49091 2.57428 2.6572 2.73868 2.82694 4.01551 4.04017 4.0907 4.15102 4.19405 4.24393 4.27208 4.30052 4.34404 4.37209 4.4112 4.43426 4.45567 4.4801 4.50239 4.52785 4.54875 4.5703 4.59554 4.61275 4.63247 4.65869 4.67903 4.70123 4.72334 4.7509 4.77332 4.79599 4.82029 4.84501 4.87517 4.89948 4.92603 4.95295 4.97918 5.00931 5.03923 5.05947 5.08171 5.10633 5.13089 5.15502 5.17892 5.20498 5.22502 5.24748 5.26913 5.29082 5.31195 5.33307 5.35365 5.37397 5.39707 5.41227 5.43054 5.44958 5.46679 5.4863 5.50399 5.5224 5.54122 5.55931 
1.5 1.5 1.5 1.5 1.5 1.5 1.5 1.5 1.5 1.5 1.48415 2.24896 2.32698 2.41271 2.49568 2.57585 2.66045 2.74219 4.00849 4.02833 4.06408 4.11204 4.16809 4.20786 4.24687 4.28467 4.32051 4.35807 4.37685 4.40388 4.43007 4.45757 4.48048 4.50163 4.52238 4.54767 4.56914 4.58986 4.61539 4.63707 4.65825 4.67827 4.70057 4.7254 4.75026 4.77251 4.79659 4.82223 4.84737 4.87453 4.9025 4.93119 4.96038 4.9877 5.01756 5.05263 5.07631 5.09879 5.12504 5.1517 5.17806 5.20432 5.22953 5.25439 5.27876 5.30544 5.32598 5.34889 5.37159 5.39381 5.41583 5.43669 5.45654 5.4766 5.49531 5.51383 5.53383 5.55395 5.57142 5.5929 5.61302 
1.5 1.5 1.5 1.5 1.5 1.5 1.5 1.5 1.5 1.5 1.48681 2.25474 2.32826 2.41052 2.49914 2.58088 2.66367 2.74531 2.83321 4.032 4.06276 4.11581 4.1592 4.18905 4.22514 4.25737 4.2885 4.33671 4.35482 4.38546 4.40885 4.43083 4.45353 4.47534 4.49861 4.52283 4.54333 4.56458 4.58877 4.61047 4.63433 4.65301 4.677 4.69914 4.72324 4.74646 4.77192 4.79717 4.82348 4.85049 4.87755 4.90603 4.93796 4.9649 4.99792 5.03347 5.05838 5.08221 5.10977 5.13792 5.16588 5.19383 5.22068 5.24691 5.27301 5.29824 5.32322 5.34754 5.37162 5.39511 5.41819 5.43994 5.46064 5.48572 5.50221 5.52109 5.54152 5.56191 5.57951 5.6035 5.62437 
1.5 1.5 1.5 1.5 1.5 1.5 1.5 1.5 1.5 1.5 1.48782 2.25384 2.33276 2.42171 2.50315 2.58419 2.66656 2.74766 2.83313 2.91835 4.05925 4.09251 4.1368 4.16561 4.20019 4.23447 4.26445 4.31403 4.33018 4.35995 4.39113 4.40738 4.43378 4.45094 4.47372 4.50163 4.52425 4.5464 4.56911 4.59185 4.61408 4.63426 4.65689 4.67788 4.70246 4.72661 4.75151 4.77845 4.80335 4.83033 4.85829 4.88684 4.91652 4.94632 4.98197 5.01167 5.04243 5.06458 5.09472 5.12173 5.15017 5.17869 5.20664 5.23369 5.26063 5.28637 5.31192 5.337 5.3616 5.38598 5.4098 5.43234 5.45362 5.47485 5.496 5.51495 5.53802 5.55619 5.577 5.60043 5.62158 
1.5 1.5 1.5 1.5 1.5 1.5 1.5 1.5 1.5 1.5 1.48773 2.25677 2.32564 2.40934 2.50222 2.5833 2.66467 2.74614 2.83177 2.91613 3.00381 4.06948 4.12013 4.16258 4.19319 4.22736 4.25782 4.30057 4.31509 4.34239 4.37815 4.3967 4.42385 4.44476 4.46815 4.48904 4.51137 4.53513 4.5588 4.58132 4.59869 4.61937 4.64159 4.66505 4.68727 4.71204 4.73661 4.76248 4.7865 4.81496 4.84144 4.87054 4.89997 4.93146 4.9602 4.99191 5.01957 5.04608 5.07358 5.10235 5.13085 5.1593 5.18697 5.21429 5.2412 5.26737 5.2936 5.31884 5.34432 5.36898 5.39343 5.41617 5.43829 5.45943 5.48159 5.50074 5.52468 5.54965 5.56497 5.58697 5.60888 
1.5 1.5 1.5 1.5 1.5 1.5 1.5 1.5 1.5 1.5 1.48511 2.25057 2.32733 2.41541 2.49967 2.58185 2.66229 2.74344 2.8289 2.91304 2.99977 4.05835 4.10074 4.15362 4.19863 4.23695 4.26369 4.29887 4.31728 4.34672 4.38026 4.40706 4.431 4.45224 4.47522 4.49899 4.52025 4.54087 4.56353 4.58007 4.60272 4.62609 4.64621 4.66775 4.69065 4.71554 4.73953 4.76275 4.78878 4.81788 4.8442 4.87333 4.8999 4.92828 4.95732 4.98553 5.0152 5.04221 5.06889 5.09707 5.12493 5.15266 5.17985 5.2068 5.23327 5.25938 5.28535 5.31038 5.33523 5.35984 5.38397 5.4064 5.42772 5.44992 5.47014 5.49125 5.51272 5.53269 5.55383 5.57543 5.59997 
1.5 1.5 1.5 1.5 1.5 1.5 1.5 1.5 1.5 1.5 1.4845 2.2497 2.32717 2.41345 2.49694 2.57764 2.66019 2.74121 2.82676 2.91121 2.99851 4.04637 4.09754 4.14844 4.18642 4.22799 4.25976 4.30184 4.32279 4.3555 4.38634 4.41515 4.43987 4.46182 4.48501 4.50807 4.52933 4.54991 4.56798 4.58746 4.6095 4.63222 4.65624 4.67472 4.69687 4.72196 4.74475 4.76969 4.7965 4.8245 4.84784 4.87424 4.9006 4.9267 4.95355 4.98322 5.01095 5.03681 5.06247 5.08954 5.11618 5.14286 5.16883 5.19486 5.22025 5.24582 5.27068 5.29487 5.31888 5.34272 5.36641 5.38805 5.40878 5.4307 5.45038 5.47124 5.49186 5.51193 5.53226 5.55421 5.5774 
1.5 1.5 1.5 1.5 1.5 1.5 1.5 1.5 1.5 1.5 1.48397 2.24942 2.31922 2.3989 2.49235 2.57293 2.65547 2.73629 2.82229 2.90786 4.02701 4.05606 4.11751 4.15426 4.18808 4.23303 4.26828 4.32187 4.34305 4.37214 4.40168 4.42995 4.46189 4.48272 4.5067 4.53131 4.55224 4.56982 4.58858 4.61009 4.6328 4.65503 4.6788 4.69941 4.72113 4.74482 4.76913 4.79401 4.81655 4.84363 4.86654 4.88995 4.91448 4.94028 4.9683 4.99471 5.01993 5.04386 5.06881 5.09415 5.11943 5.14444 5.16894 5.19357 5.21763 5.2417 5.26501 5.28809 5.31098 5.33396 5.35665 5.37761 5.39771 5.41912 5.43792 5.45829 5.47778 5.49694 5.51742 5.53818 5.56073 
1.5 1.5 1.5 1.5 1.5 1.5 1.5 1.5 1.5 1.5 1.47987 2.23566 2.3131 2.40621 2.49059 2.57203 2.65467 2.73561 2.82189 2.90779 4.02605 4.07055 4.12096 4.1547 4.19603 4.23207 4.26763 4.32891 4.34482 4.37763 4.40567 4.43239 4.46689 4.48868 4.50766 4.53409 4.55863 4.57771 4.59699 4.61865 4.64214 4.66457 4.68823 4.70939 4.732 4.75535 4.77817 4.80061 4.82262 4.84724 4.86772 4.89141 4.91609 4.94122 4.965 4.98841 5.01083 5.03338 5.05673 5.08005 5.10359 5.12671 5.14944 5.17239 5.19457 5.21704 5.23884 5.2627 5.28208 5.30593 5.32477 5.34465 5.36428 5.38432 5.40185 5.42148 5.43951 5.45714 5.47759 5.49742 5.5193 
1.5 1.5 1.5 1.5 1.5 1.5 1.5 1.5 1.5 1.5 1.47977 2.24065 2.30578 2.38766 2.48467 2.56424 2.6506 2.73204 2.81903 2.90461 2.99181 3.08361 4.09305 4.13589 4.17699 4.21454 4.24537 4.30458 4.31892 4.3513 4.38204 4.40632 4.43786 4.46094 4.48068 4.51027 4.53624 4.55833 4.57766 4.5996 4.62248 4.64604 4.66776 4.69091 4.71475 4.73417 4.75464 4.77621 4.7968 4.82081 4.84171 4.86456 4.88656 4.90766 4.92853 4.94886 4.96983 4.99215 5.01184 5.03279 5.05378 5.07454 5.09475 5.11555 5.13572 5.15605 5.17613 5.19606 5.21593 5.23601 5.25589 5.27482 5.2932 5.312 5.32951 5.34653 5.36422 5.38138 5.39941 5.4197 5.44008 
1.5 1.5 1.5 1.5 1.5 1.5 1.5 1.5 1.5 1.5 1.47576 2.23101 2.3058 2.3957 2.4787 2.55924 2.64708 2.72827 2.81468 2.89933 2.9847 3.07317 3.16747 3.2614 4.13416 4.20386 4.23384 4.26614 4.28073 4.31048 4.3412 4.3717 4.40184 4.4316 4.4537 4.4829 4.50851 4.53241 4.55483 4.57547 4.60114 4.62249 4.64534 4.66574 4.68834 4.70721 4.72733 4.74819 4.77097 4.792 4.81027 4.82982 4.84887 4.86761 4.88646 4.90533 4.92432 4.94301 4.96189 4.98065 4.99929 5.01766 5.03624 5.05498 5.07398 5.09176 5.11008 5.12824 5.14657 5.16491 5.18339 5.20298 5.21892 5.23599 5.25255 5.269 5.28605 5.30107 5.32082 5.33635 5.35835 
1.5 1.5 1.5 1.5 1.5 1.5 1.5 1.5 1.5 1.5 1.4744 2.22722 2.30098 2.39211 2.47817 2.55629 2.64417 2.72487 2.81119 2.89576 2.98109 3.06976 3.16519 4.08606 4.13717 4.18624 4.22403 4.2751 4.2793 4.31083 4.34197 4.37648 4.40701 4.4364 4.46157 4.49217 4.52039 4.54381 4.56384 4.58655 4.61099 4.63279 4.6536 4.67472 4.69842 4.7167 4.73694 4.75696 4.77524 4.79529 4.8118 4.82937 4.84838 4.86429 4.88181 4.8989 4.9159 4.93266 4.94969 4.96732 4.98336 5.00008 5.01648 5.03359 5.05012 5.06707 5.08372 5.1004 5.11718 5.13412 5.15124 5.16773 5.18438 5.20097 5.2164 5.23198 5.24787 5.26286 5.28061 5.29601 5.31689 
1.5 1.5 1.5 1.5 1.5 1.5 1.5 1.5 1.5 1.5 1.47794 2.23631 2.29873 2.37879 2.47911 2.55817 2.64408 2.72469 2.81094 2.89537 2.98057 3.06996 4.05818 4.09764 4.13882 4.17415 4.2101 4.28101 4.28405 4.31312 4.35029 4.38086 4.40947 4.43794 4.46478 4.49711 4.52167 4.54518 4.56849 4.59017 4.61314 4.63469 4.65642 4.67751 4.7003 4.71699 4.73525 4.75341 4.77046 4.78872 4.80425 4.82077 4.83674 4.85272 4.87039 4.88416 4.89963 4.91497 4.93049 4.94567 4.96128 4.9766 4.99265 5.00745 5.0226 5.03812 5.0538 5.06909 5.08477 5.1004 5.11622 5.13169 5.14809 5.16373 5.17843 5.19247 5.20865 5.22198 5.23945 5.25404 5.27333 
1.5 1.5 1.5 1.5 1.5 1.5 1.5 1.5 1.5 1.5 1.47602 2.22342 2.3006 2.39756 2.48409 2.56573 2.6478 2.72827 2.81397 2.89809 2.98263 3.07111 4.0617 4.09703 4.13184 4.16869 4.20799 4.26578 4.27634 4.30289 4.33524 4.36607 4.39338 4.42406 4.45156 4.47969 4.50484 4.52861 4.55048 4.57165 4.59457 4.61548 4.63559 4.65515 4.67606 4.69163 4.7089 4.72594 4.74216 4.75935 4.77428 4.78957 4.80438 4.81932 4.83415 4.84854 4.86304 4.87751 4.89191 4.90617 4.92065 4.93503 4.94908 4.9637 4.97793 4.99246 5.00697 5.02137 5.03591 5.05058 5.06536 5.08004 5.09523 5.10983 5.12464 5.13822 5.15338 5.16683 5.18157 5.197 5.2143 
1.5 1.5 1.5 1.5 1.5 1.5 1.5 1.5 1.5 1.5 1.48274 2.24507 2.30712 2.38753 2.48701 2.56572 2.65235 2.73288 2.81799 2.90169 2.98604 3.07283 3.16552 4.08552 4.12504 4.15762 4.19062 4.23931 4.25069 4.27737 4.31128 4.34145 4.36921 4.3972 4.42134 4.44754 4.47072 4.49279 4.51341 4.53402 4.55499 4.57442 4.59339 4.61164 4.63129 4.64641 4.66396 4.67925 4.69461 4.71066 4.7248 4.73931 4.75337 4.76742 4.78154 4.79551 4.80893 4.82261 4.83619 4.84951 4.86311 4.87679 4.89031 4.90408 4.91756 4.93112 4.94488 4.95852 4.97221 4.98623 5.00046 5.01493 5.029 5.04265 5.0585 5.0702 5.08538 5.0985 5.11154 5.12722 5.14305 
1.5 1.5 1.5 1.5 1.5 1.5 1.5 1.5 1.5 1.5 1.48397 2.24476 2.31997 2.4104 2.49541 2.57113 2.65967 2.74041 2.82487 2.9083 2.99211 3.07809 3.16789 4.09279 4.13008 4.16561 4.19331 4.22866 4.24309 4.27402 4.30328 4.32787 4.35284 4.37699 4.39816 4.42146 4.44259 4.46314 4.48291 4.50225 4.52164 4.53991 4.55771 4.57507 4.59358 4.60835 4.62425 4.64008 4.65502 4.67029 4.68401 4.69822 4.71289 4.72556 4.73923 4.75249 4.76581 4.77895 4.7921 4.80489 4.81803 4.83122 4.84406 4.85737 4.8704 4.88351 4.8967 4.90957 4.92329 4.9367 4.95031 4.96397 4.97771 4.99141 5.00583 5.01844 5.03196 5.0457 5.05856 5.0719 5.08884 
1.5 1.5 1.5 1.5 1.5 1.5 1.5 1.5 1.5 1.5 1.49143 2.2648 2.34385 2.42653 2.50902 2.59165 2.67382 2.7546 2.83816 2.92104 3.00451 3.08926 3.17582 3.261 3.34925 4.14941 4.16776 4.19281 4.21402 4.23728 4.25867 4.28034 4.30163 4.32315 4.34282 4.36461 4.38402 4.40312 4.42172 4.43986 4.45823 4.47568 4.49291 4.50961 4.52718 4.54166 4.55703 4.5723 4.58794 4.60188 4.61537 4.62935 4.643 4.65609 4.66947 4.68256 4.69565 4.70849 4.72117 4.73402 4.74676 4.75946 4.77203 4.785 4.79764 4.81055 4.82324 4.83612 4.84921 4.86219 4.87535 4.88848 4.90194 4.91535 4.92852 4.9419 4.95411 4.96808 4.98138 4.99306 5.00929 
1.5 1.5 1.5 1.5 1.5 1.5 1.5 1.5 1.5 1.5 1.49817 2.27752 2.35795 2.44008 2.5216 2.60271 2.68431 2.76537 2.84812 2.93012 3.01233 3.09538 3.17934 3.2624 3.34697 3.43279 4.14538 4.16909 4.18519 4.20377 4.22352 4.24342 4.26296 4.28254 4.30079 4.32094 4.33954 4.35759 4.37529 4.39318 4.40973 4.42641 4.44287 4.45889 4.47574 4.48991 4.5047 4.51955 4.53382 4.5483 4.5616 4.57525 4.58863 4.60175 4.61497 4.62759 4.64033 4.6529 4.6655 4.67805 4.69065 4.70273 4.7155 4.72816 4.74058 4.75336 4.7657 4.7783 4.79108 4.80372 4.81652 4.82939 4.84194 4.85544 4.86775 4.88135 4.8923 4.90696 4.91967 4.93103 4.94622 
1.5 1.5 1.5 1.5 1.5 1.5 1.5 1.5 1.5 1.5 1.50155 2.28401 2.36415 2.44527 2.5263 2.60722 2.6884 2.76917 2.8511 2.9328 3.01475 3.09711 3.1801 3.26307 4.12545 4.14383 4.16231 4.1811 4.19745 4.21539 4.23338 4.25129 4.26886 4.28647 4.3032 4.32126 4.33828 4.35492 4.37138 4.38806 4.40365 4.41928 4.43472 4.44986 4.46569 4.47938 4.49353 4.50782 4.5217 4.53551 4.54846 4.56164 4.57479 4.58755 4.60051 4.61286 4.62542 4.63781 4.65021 4.66265 4.67482 4.68711 4.69926 4.71164 4.72396 4.73641 4.74861 4.76085 4.77344 4.78586 4.79832 4.81092 4.82353 4.83616 4.84892 4.86149 4.873 4.88686 4.89929 4.91133 4.92398 
1.5 1.5 1.5 1.5 1.5 1.5 1.5 1.5 1.5 1.5 1.50289 2.28704 2.36796 2.44918 2.53005 2.61127 2.69254 2.77366 2.85527 2.93696 3.01862 3.10057 3.18301 4.1264 4.14208 4.15795 4.17363 4.18991 4.20491 4.22076 4.23646 4.25224 4.26791 4.28335 4.29855 4.31447 4.32961 4.34484 4.35992 4.37464 4.3893 4.40379 4.41802 4.4321 4.44661 4.4597 4.47322 4.48661 4.49987 4.51315 4.52562 4.5382 4.55096 4.56354 4.57563 4.58823 4.60048 4.61264 4.62481 4.63699 4.6488 4.66092 4.67298 4.68506 4.69726 4.7093 4.72136 4.73345 4.74565 4.75788 4.77013 4.78259 4.79517 4.80675 4.81975 4.83128 4.84314 4.85632 4.8687 4.88056 4.89189 
1.5 1.5 1.5 1.5 1.5 1.5 1.5 1.5 1.5 1.5 1.50503 2.29173 2.3729 2.4537 2.53459 2.61584 2.69697 2.77809 2.85952 2.9409 3.02233 3.10389 3.18567 3.26742 3.34933 4.1361 4.14964 4.16377 4.17736 4.19113 4.20503 4.21895 4.23299 4.24672 4.26044 4.27444 4.28801 4.30176 4.3154 4.32897 4.3423 4.35565 4.36877 4.38176 4.39512 4.40764 4.42044 4.43292 4.44557 4.4582 4.47026 4.48237 4.49413 4.50668 4.51878 4.53077 4.54276 4.55455 4.56644 4.57834 4.58994 4.60175 4.61347 4.62531 4.63716 4.64902 4.6607 4.6725 4.68451 4.69643 4.70835 4.72029 4.73243 4.74387 4.75633 4.76799 4.77928 4.79217 4.80475 4.81611 4.82687 
1.5 1.5 1.5 1.5 1.5 1.5 1.5 1.5 1.5 1.5 1.50598 2.29372 2.37495 2.45579 2.53665 2.61787 2.6989 2.78011 2.86151 2.9426 3.02399 3.10534 3.18679 3.26828 3.34978 3.43144 4.13715 4.14966 4.16216 4.17445 4.18723 4.19988 4.21253 4.225 4.23767 4.25025 4.26263 4.27533 4.2877 4.3004 4.31254 4.3249 4.33714 4.34917 4.36141 4.37341 4.38541 4.3972 4.40909 4.42088 4.43254 4.44411 4.45597 4.46752 4.47907 4.49061 4.50215 4.5136 4.52504 4.53659 4.54794 4.55949 4.57085 4.58231 4.59377 4.60524 4.61661 4.62819 4.63976 4.65134 4.66292 4.6746 4.68608 4.69777 4.70917 4.72138 4.73149 4.74499 4.75647 4.76805 4.77825 
1.5 1.5 1.5 1.5 1.5 1.5 1.5 1.5 1.5 1.5 1.50662 2.29502 2.37604 2.45702 2.53811 2.61913 2.70029 2.78148 2.86267 2.94386 3.02515 3.10633 3.18762 3.26891 3.35019 3.4315 4.1357 4.14758 4.15924 4.1711 4.18281 4.19454 4.20629 4.21794 4.22925 4.24117 4.25266 4.26426 4.27575 4.28768 4.29879 4.31031 4.32164 4.33307 4.34412 4.35565 4.36698 4.37803 4.38917 4.40023 4.41136 4.42251 4.43377 4.44481 4.45585 4.4669 4.47794 4.48898 4.49993 4.51097 4.52201 4.53325 4.54419 4.55533 4.56637 4.57741 4.58844 4.59968 4.61091 4.62223 4.63336 4.64497 4.65579 4.66771 4.67844 4.69066 4.70028 4.71359 4.72468 4.73627 4.746 
1.5 1.5 1.5 1.5 1.5 1.5 1.5 1.5 1.5 1.5 1.50674 2.29534 2.37654 2.45743 2.53841 2.61955 2.70075 2.78185 2.86303 2.94402 3.0252 3.10648 3.18746 3.26873 3.34981 3.43094 3.51215 4.13309 4.14435 4.15555 4.16682 4.1778 4.18889 4.19988 4.21109 4.22178 4.2327 4.24374 4.25449 4.26574 4.27624 4.28704 4.29775 4.30847 4.3188 4.32984 4.34049 4.35105 4.36162 4.3718 4.38267 4.39325 4.40394 4.41443 4.42493 4.43541 4.44601 4.4565 4.467 4.47759 4.48828 4.49897 4.50955 4.52023 4.53081 4.54158 4.55225 4.56312 4.57408 4.58503 4.59588 4.60712 4.61776 4.6295 4.63993 4.65197 4.662 4.67391 4.68601 4.69712 4.70656 
1.5 1.5 1.5 1.5 1.5 1.5 1.5 1.5 1.5 1.5 1.5066 2.29502 2.37612 2.45712 2.5381 2.61922 2.70044 2.78155 2.86243 2.94382 3.0248 3.10587 3.18685 3.268 3.34906 3.43006 3.51112 4.12989 4.14083 4.15177 4.16236 4.17304 4.18371 4.19438 4.20529 4.21546 4.22596 4.23649 4.24693 4.25767 4.26766 4.27794 4.28824 4.29855 4.30827 4.31882 4.32897 4.33903 4.3491 4.3588 4.36927 4.37937 4.38958 4.39947 4.40947 4.41948 4.42949 4.4396 4.4497 4.45981 4.47001 4.48021 4.49041 4.5007 4.51099 4.52137 4.53185 4.54233 4.5529 4.56356 4.57412 4.58497 4.59572 4.60706 4.6174 4.62923 4.63986 4.65029 4.6632 4.67402 4.68348 
1.5 1.5 1.5 1.5 1.5 1.5 1.5 1.5 1.5 1.5 1.50649 2.29479 2.37579 2.45671 2.53778 2.61869 2.6997 2.78081 2.8617 2.94277 3.02386 3.10475 3.18564 3.26661 3.34735 4.12806 4.13876 4.14938 4.16026 4.17095 4.18151 4.19198 4.20236 4.21285 4.22366 4.23354 4.24376 4.25389 4.26403 4.27457 4.28415 4.29413 4.30402 4.31402 4.32333 4.33357 4.34332 4.35307 4.36263 4.37181 4.38208 4.39177 4.40136 4.41095 4.42055 4.43015 4.43975 4.44946 4.45916 4.46886 4.47875 4.48855 4.49834 4.50833 4.51821 4.52829 4.53846 4.54863 4.5589 4.56926 4.57961 4.59006 4.6007 4.61174 4.62188 4.63331 4.64444 4.65396 4.66678 4.67781 4.68716 
1.5 1.5 1.5 1.5 1.5 1.5 1.5 1.5 1.5 1.5 1.5059 2.2935 2.37449 2.45532 2.53631 2.6172 2.69811 2.77921 2.86011 2.94109 3.02206 3.10286 3.18386 3.26466 3.34554 3.42636 4.12271 4.13289 4.14378 4.15428 4.16468 4.17509 4.18539 4.1957 4.20653 4.21623 4.22635 4.23638 4.24643 4.25678 4.26616 4.27584 4.28563 4.29533 4.30433 4.31436 4.32389 4.33333 4.34278 4.35164 4.36159 4.37096 4.38033 4.38961 4.39899 4.40827 4.41755 4.42693 4.43641 4.44589 4.45547 4.46495 4.47452 4.48419 4.49396 4.50372 4.51368 4.52363 4.53359 4.54373 4.55388 4.56422 4.57475 4.58548 4.59591 4.60663 4.61816 4.62757 4.63919 4.65092 4.66046 
1.5 1.5 1.5 1.5 1.5 1.5 1.5 1.5 1.5 1.5 1.50553 2.29272 2.37361 2.45443 2.53522 2.61612 2.69703 2.77793 2.85872 2.93972 3.02049 3.10129 3.182 3.2629 3.34359 3.42427 3.50505 3.58537 4.11451 4.12512 4.13556 4.14609 4.15653 4.16686 4.17739 4.18724 4.19738 4.20733 4.21728 4.22764 4.23681 4.24649 4.25608 4.26568 4.27478 4.2847 4.29402 4.30345 4.31268 4.32132 4.33116 4.34041 4.34946 4.35861 4.36786 4.37702 4.38618 4.39534 4.40469 4.41395 4.42331 4.43266 4.44211 4.45156 4.46121 4.47085 4.48059 4.49043 4.50027 4.5103 4.52033 4.53066 4.54118 4.5515 4.56232 4.57254 4.58425 4.59386 4.60438 4.6166 4.62672 
1.5 1.5 1.5 1.5 1.5 1.5 1.5 1.5 1.5 1.5 1.5049 2.29151 2.37219 2.4529 2.5337 2.61441 2.69531 2.77612 2.85692 2.93752 3.01841 3.0991 3.1798 3.26059 3.34129 3.42178 3.50247 3.58297 3.66353 4.10739 4.11794 4.1284 4.13887 4.14923 4.15999 4.16975 4.17981 4.18988 4.19985 4.21023 4.21951 4.2292 4.23889 4.24849 4.25748 4.2673 4.27671 4.28602 4.29524 4.30387 4.3137 4.32283 4.33196 4.34109 4.35023 4.35936 4.3684 4.37763 4.38677 4.396 4.40524 4.41447 4.4238 4.43323 4.44286 4.45238 4.46211 4.47183 4.48165 4.49157 4.50159 4.5118 4.52231 4.53253 4.54344 4.55354 4.56505 4.57506 4.58497 4.59688 4.60808 
1.5 1.5 1.5 1.5 1.5 1.5 1.5 1.5 1.5 1.5 1.50437 2.29019 2.37078 2.45139 2.53219 2.61288 2.69358 2.77429 2.8549 2.9357 3.01631 3.09699 3.17748 3.25817 3.33867 3.41918 3.49977 3.58017 4.10216 4.11282 4.12349 4.13406 4.14464 4.15502 4.1658 4.17557 4.18576 4.19584 4.20593 4.21631 4.22561 4.23541 4.24511 4.2547 4.2638 4.27371 4.28322 4.29252 4.30193 4.31055 4.32036 4.32958 4.33869 4.34791 4.35703 4.36625 4.37537 4.38459 4.3937 4.40292 4.41224 4.42145 4.43087 4.44028 4.4498 4.45941 4.46902 4.47883 4.48854 4.49844 4.50855 4.51876 4.52926 4.53946 4.55027 4.56037 4.57157 4.58217 4.59178 4.60278 4.61507 
1.5 1.5 1.5 1.5 1.5 1.5 1.5 1.5 1.5 1.5 1.50388 2.28889 2.3695 2.45 2.5306 2.61129 2.69178 2.77249 2.853 2.9337 3.0142 3.0947 3.17519 3.25569 3.33609 3.41659 3.49699 3.57728 4.09569 4.10638 4.11718 4.12777 4.13836 4.14876 4.15965 4.16954 4.17974 4.18993 4.20003 4.21033 4.22002 4.22992 4.23982 4.24952 4.25883 4.26883 4.27843 4.28794 4.29734 4.30625 4.31615 4.32546 4.33476 4.34407 4.35327 4.36268 4.37189 4.38119 4.3905 4.3998 4.40921 4.41861 4.42802 4.43752 4.44722 4.45682 4.46652 4.47642 4.48632 4.49622 4.50642 4.51672 4.52722 4.53762 4.54832 4.55872 4.56951 4.58061 4.59031 4.60071 4.6136 
1.5 1.5 1.5 1.5 1.5 1.5 1.5 1.5 1.5 1.5 1.50332 2.28761 2.36801 2.4485 2.52901 2.60951 2.69 2.77049 2.85099 2.9314 3.01201 3.09242 3.17272 3.25322 3.33362 3.41392 3.49422 3.57431 4.0894 4.10021 4.11081 4.12142 4.13203 4.14253 4.15304 4.16334 4.17364 4.18404 4.19424 4.20484 4.21454 4.22465 4.23465 4.24455 4.25395 4.26415 4.27395 4.28365 4.29326 4.30246 4.31246 4.32196 4.33146 4.34096 4.35046 4.35995 4.36945 4.37895 4.38835 4.39795 4.40744 4.41704 4.42664 4.43633 4.44613 4.45593 4.46582 4.47592 4.48591 4.49611 4.5063 4.5168 4.5274 4.53789 4.54869 4.55928 4.56988 4.58118 4.59137 4.60147 4.61416 
1.5 1.5 1.5 1.5 1.5 1.5 1.5 1.5 1.5 1.5 1.50283 2.28641 2.36681 2.4472 2.5276 2.60801 2.68841 2.7689 2.84919 2.92969 3.01 3.09032 3.17052 3.25092 3.33122 3.41142 3.49162 3.57162 4.08342 4.09423 4.10483 4.11544 4.12595 4.13656 4.14736 4.15747 4.16788 4.17829 4.18859 4.199 4.2092 4.2194 4.22961 4.23971 4.24931 4.25971 4.26961 4.27961 4.28951 4.29891 4.3091 4.3189 4.3287 4.33839 4.34819 4.35798 4.36768 4.37747 4.38717 4.39696 4.40676 4.41665 4.42654 4.43644 4.44643 4.45652 4.46672 4.47691 4.48721 4.4975 4.50799 4.51859 4.52928 4.53998 4.55087 4.56167 4.57227 4.58356 4.59436 4.60445 4.61644 
1.5 1.5 1.5 1.5 1.5 1.5 1.5 1.5 1.5 1.5 1.5025 2.2856 2.366 2.44629 2.52659 2.607 2.68731 2.7677 2.84799 2.92818 3.00838 3.08879 3.1688 3.2491 3.3293 3.4094 3.48931 3.56931 3.64932 4.07643 4.08724 4.09795 4.10875 4.11936 4.13026 4.14047 4.15098 4.16139 4.17179 4.18221 4.19251 4.20281 4.21311 4.22332 4.23332 4.24382 4.25402 4.26422 4.27441 4.28421 4.29461 4.3047 4.3148 4.32479 4.33489 4.34498 4.35498 4.36507 4.37516 4.38536 4.39545 4.40564 4.41584 4.42613 4.43642 4.44682 4.45721 4.46771 4.4783 4.48889 4.49949 4.51028 4.52118 4.53198 4.54297 4.55397 4.56467 4.57596 4.58716 4.59745 4.60865 
1.5 1.5 1.5 1.5 1.5 1.5 1.5 1.5 1.5 1.5 1.50197 2.28459 2.3648 2.4451 2.5253 2.6057 2.68591 2.76621 2.8464 2.92659 3.00668 3.08688 3.16698 3.24709 3.32719 3.40729 3.4872 3.567 3.647 3.72691 3.80672 4.06994 4.08054 4.09125 4.10205 4.11226 4.12286 4.13337 4.14388 4.15458 4.16479 4.17519 4.18559 4.1961 4.2062 4.2169 4.2273 4.2377 4.24809 4.25819 4.26889 4.27918 4.28958 4.29998 4.31047 4.32087 4.33126 4.34175 4.35225 4.36264 4.37324 4.38373 4.39433 4.40502 4.41562 4.42631 4.43711 4.4478 4.4587 4.46949 4.48039 4.49139 4.50248 4.51348 4.52458 4.53567 4.54657 4.55787 4.56927 4.58007 4.59066 
1.5 1.5 1.5 1.5 1.5 1.5 1.5 1.5 1.5 1.5 1.50157 2.2838 2.36411 2.44421 2.52441 2.60461 2.68481 2.76511 2.84511 2.92531 3.0054 3.08548 3.16549 3.24559 3.32559 3.4055 3.4854 3.56511 3.64511 3.7249 3.80451 4.06592 4.07653 4.08703 4.09784 4.10814 4.11865 4.12915 4.13976 4.15056 4.16076 4.17126 4.18187 4.19247 4.20267 4.21347 4.22407 4.23467 4.24527 4.25556 4.26646 4.27706 4.28776 4.29855 4.30925 4.32004 4.33074 4.34154 4.35243 4.36323 4.37412 4.38502 4.39602 4.40691 4.41791 4.429 4.44 4.4511 4.4622 4.47339 4.48449 4.49579 4.50689 4.51819 4.52948 4.54068 4.55178 4.56328 4.57478 4.58598 4.59638 
1.5 1.5 1.5 1.5 1.5 1.5 1.5 1.5 1.5 1.5 1.50141 2.2832 2.3634 2.4435 2.5237 2.6038 2.68391 2.76411 2.84421 2.92421 3.0044 3.0843 3.1642 3.2442 3.3242 3.404 3.4839 3.56361 3.64341 4.0642 4.07481 4.08531 4.09582 4.10642 4.11722 4.12743 4.13803 4.14853 4.15903 4.16984 4.18014 4.19074 4.20134 4.21194 4.22234 4.23324 4.24404 4.25474 4.26554 4.27624 4.28734 4.29823 4.30923 4.32023 4.33123 4.34232 4.35342 4.36462 4.37582 4.38701 4.39821 4.40951 4.42081 4.4321 4.4435 4.4548 4.4662 4.4776 4.489 4.50039 4.51179 4.52319 4.53459 4.54599 4.55739 4.56879 4.58009 4.59169 4.60319 4.61469 4.62519 
1.5 1.5 1.5 1.5 1.5 1.5 1.5 1.5 1.5 1.5 1.50111 2.2828 2.363 2.443 2.5232 2.60329 2.6834 2.7635 2.8435 2.9236 3.0036 3.08351 3.1634 3.2433 3.3232 3.403 3.4827 3.5624 3.6421 4.0615 4.07211 4.08261 4.09311 4.10361 4.11401 4.12461 4.13511 4.14561 4.15622 4.16692 4.17732 4.18792 4.19862 4.20932 4.21982 4.23082 4.24172 4.25262 4.26362 4.27442 4.28571 4.29681 4.30811 4.31931 4.33061 4.34201 4.35341 4.36481 4.3763 4.3878 4.3993 4.4109 4.4224 4.434 4.4456 4.4572 4.4688 4.4804 4.492 4.5036 4.5152 4.5268 4.5383 4.5499 4.5614 4.573 4.5844 4.596 4.6076 4.6192 4.6302 
1.5 1.5 1.5 1.5 1.5 1.5 1.5 1.5 1.5 1.5 1.50111 2.2824 2.3626 2.44269 2.52279 2.60279 2.68289 2.763 2.8429 2.923 3.003 3.0829 3.1627 3.2426 3.3224 3.40219 3.4818 3.5615 3.6412 3.7207 4.0582 4.0687 4.0793 4.0898 4.1005 4.1108 4.1213 4.1318 4.1424 4.1531 4.1635 4.1741 4.1848 4.1956 4.2062 4.2173 4.2283 4.2393 4.2504 4.2615 4.2729 4.2842 4.2956 4.307 4.3185 4.3301 4.3417 4.3534 4.3651 4.3768 4.3887 4.4005 4.4123 4.4241 4.436 4.4478 4.4596 4.4714 4.4832 4.495 4.5068 4.5186 4.5302 4.542 4.5536 4.5654 4.5769 4.5886 4.6004 4.6121 4.6237 
1.5 1.5 1.5 1.5 1.5 1.5 1.5 1.5 1.5 1.5 1.501 2.2821 2.3623 2.4423 2.5224 2.60239 2.68239 2.7625 2.8425 2.9225 3.0024 3.0823 3.1621 3.242 3.3217 3.40139 3.4811 3.5607 3.6403 3.7199 3.7993 4.0555 4.066 4.0765 4.0873 4.0975 4.1081 4.1186 4.12909 4.13989 4.15039 4.16109 4.17179 4.18269 4.19329 4.20449 4.21559 4.22669 4.23789 4.24899 4.26049 4.27199 4.28349 4.29509 4.30679 4.31849 4.33029 4.34219 4.35409 4.36599 4.37809 4.38999 4.402 4.4141 4.4261 4.4381 4.4502 4.4622 4.4742 4.4862 4.4982 4.5101 4.5219 4.5339 4.5456 4.5576 4.5694 4.5811 4.593 4.6049 4.61721 
1.5 1.5 1.5 1.5 1.5 1.5 1.5 1.5 1.5 1.5 1.5009 2.282 2.362 2.442 2.5221 2.602 2.682 2.762 2.842 2.9219 3.0018 3.0817 3.1614 3.2411 3.3207 3.4003 3.4801 3.5594 3.639 3.7184 3.7977 3.8771 4.0512 4.06159 4.07179 4.08239 4.09279 4.10329 4.11389 4.12459 4.13529 4.14609 4.15699 4.16789 4.17879 4.19019 4.20149 4.21289 4.22439 4.23599 4.24779 4.25959 4.27149 4.28349 4.29549 4.30759 4.31979 4.33199 4.34429 4.35649 4.3688 4.381 4.3933 4.4055 4.4178 4.4299 4.4421 4.4542 4.4663 4.4784 4.4904 4.5023 4.5143 4.5261 4.538 4.5496 4.5618 4.573 4.5849 4.5967 4.6085 
