5
s 30 2 31
r 20 0.01 0 4.54824 0.01
r 22 0.01 0 4.06916 0.01
r 24 0.01 0 3.62969 0.01
r 26 0.01 0 2.9798 0.01
r 28 0.01 0 1.88178 0.01
r 30 0.01 0 1.32728 0.01
r 32 0.01 0 1.88178 0.01
r 34 0.01 0 2.97983 0.01
r 36 0.01 0 3.66004 0.01
r 38 0.01 0 4.16472 0.01
r 40 0.01 0 4.71094 0.01
r 42 0.01 0 5.24416 0.01
r 44 0.01 0 5.76365 0.01
r 46 0.01 0 6.2111 0.01
r 48 0.01 0 6.6478 0.01
r 50 0.01 0 7.14393 0.01
r 52 0.01 0 7.64008 0.01
r 54 0.01 0 8.12752 0.01
r 56 0.01 0 8.59137 0.01
r 58 0.01 0 9.05021 0.01
r 60 0.01 0 9.47866 0.01
r 62 0.01 0 9.92705 0.01
r 64 0.01 0 10.4133 0.01
r 66 0.01 0 10.8958 0.01
r 68 0.01 0 11.3359 0.01
r 70 0.01 0 11.7501 0.01
r 72 0.01 0 12.1727 0.01
r 74 0.01 0 12.6085 0.01
r 76 0.01 0 13.0199 0.01
r 78 0.01 0 13.4489 0.01
r 80 0.01 0 13.8829 0.01
s 40 2 31
r 20 0.01 0 6.99031 0.01
r 22 0.01 0 6.52426 0.01
r 24 0.01 0 6.09 0.01
r 26 0.01 0 5.69412 0.01
r 28 0.01 0 5.23767 0.01
r 30 0.01 0 4.70648 0.01
r 32 0.01 0 4.21057 0.01
r 34 0.01 0 3.71544 0.01
r 36 0.01 0 2.98024 0.01
r 38 0.01 0 1.88205 0.01
r 40 0.01 0 1.32747 0.01
r 42 0.01 0 1.88205 0.01
r 44 0.01 0 2.98024 0.01
r 46 0.01 0 3.75704 0.01
r 48 0.01 0 4.33891 0.01
r 50 0.01 0 4.86144 0.01
r 52 0.01 0 5.37544 0.01
r 54 0.01 0 5.89124 0.01
r 56 0.01 0 6.37871 0.01
r 58 0.01 0 6.85549 0.01
r 60 0.01 0 7.29528 0.01
r 62 0.01 0 7.75644 0.01
r 64 0.01 0 8.26332 0.01
r 66 0.01 0 8.75991 0.01
r 68 0.01 0 9.22698 0.01
r 70 0.01 0 9.65459 0.01
r 72 0.01 0 10.0968 0.01
r 74 0.01 0 10.5576 0.01
r 76 0.01 0 11.0014 0.01
r 78 0.01 0 11.4557 0.01
r 80 0.01 0 11.9167 0.01
s 50 2 31
r 20 0.01 0 9.30285 0.01
r 22 0.01 0 8.86486 0.01
r 24 0.01 0 8.44523 0.01
r 26 0.01 0 8.06556 0.01
r 28 0.01 0 7.63463 0.01
r 30 0.01 0 7.13824 0.01
r 32 0.01 0 6.67287 0.01
r 34 0.01 0 6.20804 0.01
r 36 0.01 0 5.76374 0.01
r 38 0.01 0 5.3269 0.01
r 40 0.01 0 4.87142 0.01
r 42 0.01 0 4.33477 0.01
r 44 0.01 0 3.74809 0.01
r 46 0.01 0 2.97967 0.01
r 48 0.01 0 1.88169 0.01
r 50 0.01 0 1.32721 0.01
r 52 0.01 0 1.88168 0.01
r 54 0.01 0 2.97967 0.01
r 56 0.01 0 3.74824 0.01
r 58 0.01 0 4.55332 0.01
r 60 0.01 0 4.96524 0.01
r 62 0.01 0 5.44233 0.01
r 64 0.01 0 5.96037 0.01
r 66 0.01 0 6.4872 0.01
r 68 0.01 0 6.98012 0.01
r 70 0.01 0 7.41854 0.01
r 72 0.01 0 7.87753 0.01
r 74 0.01 0 8.35605 0.01
r 76 0.01 0 8.81822 0.01
r 78 0.01 0 9.28412 0.01
r 80 0.01 0 9.76901 0.01
s 60 2 31
r 20 0.01 0 11.5477 0.01
r 22 0.01 0 11.1229 0.01
r 24 0.01 0 10.7184 0.01
r 26 0.01 0 10.3503 0.01
r 28 0.01 0 9.94023 0.01
r 30 0.01 0 9.46668 0.01
r 32 0.01 0 9.01945 0.01
r 34 0.01 0 8.57539 0.01
r 36 0.01 0 8.152 0.01
r 38 0.01 0 7.72997 0.01
r 40 0.01 0 7.30362 0.01
r 42 0.01 0 6.80669 0.01
r 44 0.01 0 6.30074 0.01
r 46 0.01 0 5.85589 0.01
r 48 0.01 0 5.41871 0.01
r 50 0.01 0 4.96519 0.01
r 52 0.01 0 4.47657 0.01
r 54 0.01 0 3.75721 0.01
r 56 0.01 0 2.98043 0.01
r 58 0.01 0 1.88218 0.01
r 60 0.01 0 1.32757 0.01
r 62 0.01 0 1.88219 0.01
r 64 0.01 0 2.98046 0.01
r 66 0.01 0 3.76623 0.01
r 68 0.01 0 4.57763 0.01
r 70 0.01 0 5.11278 0.01
r 72 0.01 0 5.57922 0.01
r 74 0.01 0 6.07102 0.01
r 76 0.01 0 6.55316 0.01
r 78 0.01 0 7.02883 0.01
r 80 0.01 0 7.54095 0.01
s 70 2 31
r 20 0.01 0 13.69 0.01
r 22 0.01 0 13.2899 0.01
r 24 0.01 0 12.9096 0.01
r 26 0.01 0 12.5668 0.01
r 28 0.01 0 12.1834 0.01
r 30 0.01 0 11.737 0.01
r 32 0.01 0 11.3061 0.01
r 34 0.01 0 10.8801 0.01
r 36 0.01 0 10.4724 0.01
r 38 0.01 0 10.0713 0.01
r 40 0.01 0 9.65908 0.01
r 42 0.01 0 9.18494 0.01
r 44 0.01 0 8.70431 0.01
r 46 0.01 0 8.27727 0.01
r 48 0.01 0 7.85286 0.01
r 50 0.01 0 7.42192 0.01
r 52 0.01 0 6.96066 0.01
r 54 0.01 0 6.48883 0.01
r 56 0.01 0 5.99246 0.01
r 58 0.01 0 5.5355 0.01
r 60 0.01 0 5.13491 0.01
r 62 0.01 0 4.58204 0.01
r 64 0.01 0 3.77233 0.01
r 66 0.01 0 2.98083 0.01
r 68 0.01 0 1.88243 0.01
r 70 0.01 0 1.32774 0.01
r 72 0.01 0 1.88242 0.01
r 74 0.01 0 2.9808 0.01
r 76 0.01 0 3.76367 0.01
r 78 0.01 0 4.56198 0.01
r 80 0.01 0 5.22247 0.01
