5
s 30 2 31
r 20 0.01 0 4.55497 0.01
r 22 0.01 0 4.07329 0.01
r 24 0.01 0 3.63226 0.01
r 26 0.01 0 2.97966 0.01
r 28 0.01 0 1.88169 0.01
r 30 0.01 0 1.32722 0.01
r 32 0.01 0 1.8817 0.01
r 34 0.01 0 2.97969 0.01
r 36 0.01 0 3.66299 0.01
r 38 0.01 0 4.17095 0.01
r 40 0.01 0 4.72532 0.01
r 42 0.01 0 5.26939 0.01
r 44 0.01 0 5.79911 0.01
r 46 0.01 0 6.25502 0.01
r 48 0.01 0 6.69946 0.01
r 50 0.01 0 7.20312 0.01
r 52 0.01 0 7.70099 0.01
r 54 0.01 0 8.18519 0.01
r 56 0.01 0 8.64809 0.01
r 58 0.01 0 9.10107 0.01
r 60 0.01 0 9.52299 0.01
r 62 0.01 0 9.96609 0.01
r 64 0.01 0 10.4498 0.01
r 66 0.01 0 10.9221 0.01
r 68 0.01 0 11.3612 0.01
r 70 0.01 0 11.7691 0.01
r 72 0.01 0 12.1939 0.01
r 74 0.01 0 12.6298 0.01
r 76 0.01 0 13.0503 0.01
r 78 0.01 0 13.4818 0.01
r 80 0.01 0 13.9193 0.01
s 40 2 31
r 20 0.01 0 7.04183 0.01
r 22 0.01 0 6.57136 0.01
r 24 0.01 0 6.13321 0.01
r 26 0.01 0 5.73298 0.01
r 28 0.01 0 5.26393 0.01
r 30 0.01 0 4.72073 0.01
r 32 0.01 0 4.21855 0.01
r 34 0.01 0 3.72234 0.01
r 36 0.01 0 2.98009 0.01
r 38 0.01 0 1.88195 0.01
r 40 0.01 0 1.3274 0.01
r 42 0.01 0 1.88195 0.01
r 44 0.01 0 2.98008 0.01
r 46 0.01 0 3.75062 0.01
r 48 0.01 0 4.34543 0.01
r 50 0.01 0 4.87145 0.01
r 52 0.01 0 5.39669 0.01
r 54 0.01 0 5.91499 0.01
r 56 0.01 0 6.40786 0.01
r 58 0.01 0 6.88735 0.01
r 60 0.01 0 7.33294 0.01
r 62 0.01 0 7.79761 0.01
r 64 0.01 0 8.30148 0.01
r 66 0.01 0 8.80181 0.01
r 68 0.01 0 9.2658 0.01
r 70 0.01 0 9.68789 0.01
r 72 0.01 0 10.1296 0.01
r 74 0.01 0 10.5873 0.01
r 76 0.01 0 11.0279 0.01
r 78 0.01 0 11.4794 0.01
r 80 0.01 0 11.941 0.01
s 50 2 31
r 20 0.01 0 9.38112 0.01
r 22 0.01 0 8.9378 0.01
r 24 0.01 0 8.51746 0.01
r 26 0.01 0 8.13438 0.01
r 28 0.01 0 7.69669 0.01
r 30 0.01 0 7.19777 0.01
r 32 0.01 0 6.72409 0.01
r 34 0.01 0 6.24578 0.01
r 36 0.01 0 5.79462 0.01
r 38 0.01 0 5.3505 0.01
r 40 0.01 0 4.88163 0.01
r 42 0.01 0 4.34055 0.01
r 44 0.01 0 3.74478 0.01
r 46 0.01 0 2.97958 0.01
r 48 0.01 0 1.88162 0.01
r 50 0.01 0 1.32717 0.01
r 52 0.01 0 1.88162 0.01
r 54 0.01 0 2.97957 0.01
r 56 0.01 0 3.74262 0.01
r 58 0.01 0 4.55698 0.01
r 60 0.01 0 4.97615 0.01
r 62 0.01 0 5.45783 0.01
r 64 0.01 0 5.98059 0.01
r 66 0.01 0 6.51704 0.01
r 68 0.01 0 7.02279 0.01
r 70 0.01 0 7.46655 0.01
r 72 0.01 0 7.927 0.01
r 74 0.01 0 8.40599 0.01
r 76 0.01 0 8.87024 0.01
r 78 0.01 0 9.33963 0.01
r 80 0.01 0 9.82407 0.01
s 60 2 31
r 20 0.01 0 11.59 0.01
r 22 0.01 0 11.1644 0.01
r 24 0.01 0 10.7611 0.01
r 26 0.01 0 10.3912 0.01
r 28 0.01 0 9.98142 0.01
r 30 0.01 0 9.51116 0.01
r 32 0.01 0 9.0665 0.01
r 34 0.01 0 8.62068 0.01
r 36 0.01 0 8.19449 0.01
r 38 0.01 0 7.77247 0.01
r 40 0.01 0 7.34024 0.01
r 42 0.01 0 6.83592 0.01
r 44 0.01 0 6.32352 0.01
r 46 0.01 0 5.87731 0.01
r 48 0.01 0 5.4356 0.01
r 50 0.01 0 4.9747 0.01
r 52 0.01 0 4.48151 0.01
r 54 0.01 0 3.75066 0.01
r 56 0.01 0 2.98008 0.01
r 58 0.01 0 1.88195 0.01
r 60 0.01 0 1.32741 0.01
r 62 0.01 0 1.88196 0.01
r 64 0.01 0 2.9801 0.01
r 66 0.01 0 3.75781 0.01
r 68 0.01 0 4.57116 0.01
r 70 0.01 0 5.13272 0.01
r 72 0.01 0 5.60407 0.01
r 74 0.01 0 6.10073 0.01
r 76 0.01 0 6.59097 0.01
r 78 0.01 0 7.07273 0.01
r 80 0.01 0 7.59005 0.01
s 70 2 31
r 20 0.01 0 13.7354 0.01
r 22 0.01 0 13.3304 0.01
r 24 0.01 0 12.9434 0.01
r 26 0.01 0 12.5917 0.01
r 28 0.01 0 12.2043 0.01
r 30 0.01 0 11.7582 0.01
r 32 0.01 0 11.3297 0.01
r 34 0.01 0 10.9058 0.01
r 36 0.01 0 10.5016 0.01
r 38 0.01 0 10.1013 0.01
r 40 0.01 0 9.6948 0.01
r 42 0.01 0 9.22797 0.01
r 44 0.01 0 8.74777 0.01
r 46 0.01 0 8.32343 0.01
r 48 0.01 0 7.90146 0.01
r 50 0.01 0 7.46922 0.01
r 52 0.01 0 7.00266 0.01
r 54 0.01 0 6.52407 0.01
r 56 0.01 0 6.02163 0.01
r 58 0.01 0 5.56135 0.01
r 60 0.01 0 5.15443 0.01
r 62 0.01 0 4.57457 0.01
r 64 0.01 0 3.76424 0.01
r 66 0.01 0 2.98036 0.01
r 68 0.01 0 1.88212 0.01
r 70 0.01 0 1.32752 0.01
r 72 0.01 0 1.88212 0.01
r 74 0.01 0 2.98033 0.01
r 76 0.01 0 3.757 0.01
r 78 0.01 0 4.55643 0.01
r 80 0.01 0 5.22975 0.01
