1
s    50.000     2.000   21
r    30.000     2.000    0     0.000     0.000
r    32.000     2.000    0     0.000     0.000
r    34.000     2.000    0     0.000     0.000
r    36.000     2.000    0     0.000     0.000
r    38.000     2.000    0     0.000     0.000
r    40.000     2.000    0     0.000     0.000
r    42.000     2.000    0     0.000     0.000
r    44.000     2.000    0     0.000     0.000
r    46.000     2.000    0     0.000     0.000
r    48.000     2.000    0     0.000     0.000
r    50.000     2.000    0     0.000     0.000
r    52.000     2.000    0     0.000     0.000
r    54.000     2.000    0     0.000     0.000
r    56.000     2.000    0     0.000     0.000
r    58.000     2.000    0     0.000     0.000
r    60.000     2.000    0     0.000     0.000
r    62.000     2.000    0     0.000     0.000
r    64.000     2.000    0     0.000     0.000
r    66.000     2.000    0     0.000     0.000
r    68.000     2.000    0     0.000     0.000
r    70.000     2.000    0     0.000     0.000
