51 41 1.45 0.33
0 2 4 6 8 10 12 14 16 18 20 22 24 26 28 30 32 34 36 38 40 42 44 46 48 50 52 54 56 58 60 62 64 66 68 70 72 74 76 78 80 82 84 86 88 90 92 94 96 98 100 
0 0 0 0 0 0 0 0 0 0 0 0 0 0 0 0 0 0 0 0 0 0 0 0 0 0 0 0 0 0 0 0 0 0 0 0 0 0 0 0 0 0 0 0 0 0 0 0 0 0 0 
0 0.1 0.2 0.3 0.4 0.5 0.6 0.7 0.8 0.9 1 1.1 1.2 1.3 1.4 1.5 1.6 1.7 1.8 1.9 2 2.1 2.2 2.3 2.4 2.5 2.6 2.7 2.8 2.9 3 3.1 3.2 3.3 3.4 3.5 3.6 3.7 3.8 3.9 4 
1.45 1.45 1.45 1.45 1.45 1.45 1.45 1.45 1.45 1.45 1.45 1.45 1.45 1.45 1.45 1.45 1.45 1.45 1.45 1.45 1.34939 1.81345 1.81331 1.8131 1.81291 1.81271 1.81245 1.8122 1.81192 1.81159 1.81133 1.81104 1.81077 1.8105 1.81028 1.81004 1.8099 1.80971 1.80954 1.80943 1.80921 
1.45 1.45 1.45 1.45 1.45 1.45 1.45 1.45 1.45 1.45 1.45 1.45 1.45 1.45 1.45 1.45 1.45 1.45 1.45 1.45 1.34923 1.81329 1.81302 1.81301 1.81275 1.81262 1.81229 1.81212 1.81175 1.81148 1.81114 1.81085 1.81058 1.81028 1.81006 1.80981 1.80971 1.80952 1.80943 1.80936 1.80917 
1.45 1.45 1.45 1.45 1.45 1.45 1.45 1.45 1.45 1.45 1.45 1.45 1.45 1.45 1.45 1.45 1.45 1.45 1.45 1.45 1.34901 1.81267 1.81257 1.81244 1.81235 1.81217 1.81198 1.81175 1.8115 1.81125 1.81097 1.81069 1.81044 1.81015 1.80991 1.80968 1.80951 1.80933 1.8092 1.80902 1.80893 
1.45 1.45 1.45 1.45 1.45 1.45 1.45 1.45 1.45 1.45 1.45 1.45 1.45 1.45 1.45 1.45 1.45 1.45 1.45 1.45 1.34879 1.81248 1.81226 1.81225 1.81207 1.81201 1.81171 1.81158 1.81125 1.81106 1.81075 1.81051 1.8102 1.80998 1.80973 1.80951 1.80935 1.80919 1.80904 1.80888 1.80882 
1.45 1.45 1.45 1.45 1.45 1.45 1.45 1.45 1.45 1.45 1.45 1.45 1.45 1.45 1.45 1.45 1.45 1.45 1.45 1.45 1.34852 1.81176 1.81175 1.81164 1.81155 1.81139 1.81124 1.81105 1.81084 1.81062 1.81039 1.81017 1.80994 1.8097 1.80948 1.80923 1.80911 1.80893 1.80879 1.80863 1.80858 
1.45 1.45 1.45 1.45 1.45 1.45 1.45 1.45 1.45 1.45 1.45 1.45 1.45 1.45 1.45 1.45 1.45 1.45 1.45 1.45 1.34817 1.81114 1.8111 1.811 1.81093 1.81079 1.8107 1.81051 1.81035 1.81014 1.80994 1.80972 1.80954 1.80933 1.80912 1.80894 1.8088 1.80865 1.80855 1.80841 1.80833 
1.45 1.45 1.45 1.45 1.45 1.45 1.45 1.45 1.45 1.45 1.45 1.45 1.45 1.45 1.45 1.45 1.45 1.45 1.45 1.45 1.34774 1.81042 1.81036 1.81032 1.81026 1.81015 1.81001 1.80988 1.80974 1.8096 1.80943 1.80925 1.80909 1.80891 1.80875 1.80857 1.80846 1.80836 1.80827 1.80814 1.80807 
1.45 1.45 1.45 1.45 1.45 1.45 1.45 1.45 1.45 1.45 1.45 1.45 1.45 1.45 1.45 1.45 1.45 1.45 1.45 1.45 1.34732 1.80963 1.80957 1.80952 1.8095 1.80938 1.8093 1.80919 1.80908 1.80897 1.80885 1.80871 1.8086 1.80849 1.80835 1.8082 1.80811 1.80803 1.80798 1.8079 1.80783 
1.45 1.45 1.45 1.45 1.45 1.45 1.45 1.45 1.45 1.45 1.45 1.45 1.45 1.45 1.45 1.45 1.45 1.45 1.45 1.45 1.34689 1.80887 1.80881 1.80871 1.80867 1.80858 1.80849 1.80842 1.80835 1.80828 1.80818 1.8081 1.80802 1.80792 1.80785 1.80777 1.80768 1.80764 1.8076 1.80754 1.80749 
1.45 1.45 1.45 1.45 1.45 1.45 1.45 1.45 1.45 1.45 1.45 1.45 1.45 1.45 1.45 1.45 1.45 1.45 1.45 1.45 1.34634 1.8079 1.80785 1.80778 1.80777 1.80772 1.80766 1.80763 1.80756 1.80751 1.80747 1.80742 1.80737 1.80734 1.80732 1.8073 1.80728 1.80727 1.80726 1.80722 1.80718 
1.45 1.45 1.45 1.45 1.45 1.45 1.45 1.45 1.45 1.45 1.45 1.45 1.45 1.45 1.45 1.45 1.45 1.45 1.45 1.45 1.34582 1.80696 1.80689 1.80685 1.80684 1.80681 1.80678 1.80674 1.80673 1.8067 1.80671 1.80672 1.80672 1.80675 1.80678 1.80679 1.8068 1.80682 1.80685 1.80688 1.8068 
1.45 1.45 1.45 1.45 1.45 1.45 1.45 1.45 1.45 1.45 1.45 1.45 1.45 1.45 1.45 1.45 1.45 1.45 1.45 1.45 1.34523 1.80613 1.80603 1.80594 1.80593 1.8059 1.80585 1.80584 1.80587 1.80589 1.80595 1.80601 1.80605 1.80611 1.80618 1.80625 1.80628 1.80633 1.80635 1.80642 1.80634 
1.45 1.45 1.45 1.45 1.45 1.45 1.45 1.45 1.45 1.45 1.45 1.45 1.45 1.45 1.45 1.45 1.45 1.45 1.45 1.45 1.34463 1.80504 1.80504 1.80495 1.805 1.80498 1.805 1.80498 1.80505 1.80509 1.80516 1.80526 1.80537 1.80548 1.80556 1.80565 1.80571 1.8058 1.8058 1.80587 1.80581 
1.45 1.45 1.45 1.45 1.45 1.45 1.45 1.45 1.45 1.45 1.45 1.45 1.45 1.45 1.45 1.45 1.45 1.45 1.45 1.45 1.34402 1.80384 1.8039 1.80389 1.80398 1.80398 1.80405 1.80412 1.8042 1.80429 1.80442 1.80452 1.80467 1.8048 1.80492 1.80502 1.80508 1.80519 1.80522 1.80532 1.80527 
1.45 1.45 1.45 1.45 1.45 1.45 1.45 1.45 1.45 1.45 1.45 1.45 1.45 1.45 1.45 1.45 1.45 1.45 1.45 1.45 1.34355 1.80295 1.80302 1.80298 1.80308 1.80314 1.80322 1.80331 1.80341 1.80354 1.80369 1.80383 1.80397 1.80414 1.80424 1.80437 1.80445 1.80455 1.80457 1.80468 1.80464 
1.45 1.45 1.45 1.45 1.45 1.45 1.45 1.45 1.45 1.45 1.45 1.45 1.45 1.45 1.45 1.45 1.45 1.45 1.45 1.45 1.34343 1.80492 1.80296 1.80256 1.80255 1.80255 1.80254 1.80254 1.80256 1.80277 1.80289 1.80308 1.80326 1.80346 1.80357 1.80372 1.80378 1.80386 1.8039 1.80405 1.80394 
1.45 1.45 1.45 1.45 1.45 1.45 1.45 1.45 1.45 1.45 1.45 1.45 1.45 1.45 1.45 1.45 1.45 1.45 1.45 1.45 1.34179 1.79699 1.80186 1.80086 1.8011 1.80132 1.80166 1.80185 1.80197 1.80218 1.80236 1.80253 1.80271 1.80286 1.80298 1.80311 1.80316 1.80325 1.80328 1.8034 1.80332 
1.45 1.45 1.45 1.45 1.45 1.45 1.45 1.45 1.45 1.45 1.45 1.45 1.45 1.45 1.45 1.45 1.45 1.45 1.45 1.45 1.34227 1.79588 1.79819 1.80029 1.80034 1.80071 1.80099 1.80129 1.80157 1.80173 1.80188 1.80204 1.80214 1.80227 1.80238 1.80248 1.80253 1.80257 1.80259 1.80274 1.80267 
1.45 1.45 1.45 1.45 1.45 1.45 1.45 1.45 1.45 1.45 1.45 1.45 1.45 1.45 1.45 1.45 1.45 1.45 1.45 1.45 1.34291 1.80698 1.80096 1.80134 1.80129 1.80119 1.80115 1.80092 1.80108 1.80119 1.80132 1.80145 1.80157 1.80174 1.80184 1.80194 1.80201 1.80209 1.80212 1.8022 1.80214 
1.45 1.45 1.45 1.45 1.45 1.45 1.45 1.45 1.45 1.45 1.45 1.45 1.45 1.45 1.45 1.45 1.45 1.45 1.45 1.45 1.34113 1.79764 1.80096 1.80008 1.80021 1.80035 1.80055 1.80079 1.80083 1.80096 1.80105 1.80117 1.80131 1.80138 1.80145 1.80153 1.80159 1.80162 1.80164 1.80171 1.80169 
1.45 1.45 1.45 1.45 1.45 1.45 1.45 1.45 1.45 1.45 1.45 1.45 1.45 1.45 1.45 1.45 1.45 1.45 1.45 1.45 1.34241 1.79835 1.79826 1.7998 1.7999 1.80003 1.80014 1.80038 1.80057 1.80066 1.80076 1.80086 1.80097 1.80106 1.80109 1.80115 1.8012 1.80124 1.80126 1.80129 1.80137 
1.45 1.45 1.45 1.45 1.45 1.45 1.45 1.45 1.45 1.45 1.45 1.45 1.45 1.45 1.45 1.45 1.45 1.45 1.45 1.45 1.34299 1.80795 1.80302 1.80128 1.80109 1.80088 1.80065 1.80034 1.80029 1.80034 1.80043 1.8005 1.8006 1.8007 1.80077 1.80085 1.80091 1.80096 1.80101 1.80097 1.80106 
1.45 1.45 1.45 1.45 1.45 1.45 1.45 1.45 1.45 1.45 1.45 1.45 1.45 1.45 1.45 1.45 1.45 1.45 1.45 1.45 1.34256 1.79982 1.80334 1.80052 1.80045 1.80041 1.80021 1.80027 1.80016 1.80022 1.80033 1.8004 1.80047 1.80054 1.80062 1.80069 1.80077 1.8008 1.80083 1.8008 1.8009 
1.45 1.45 1.45 1.45 1.45 1.45 1.45 1.45 1.45 1.45 1.45 1.45 1.45 1.45 1.45 1.45 1.45 1.45 1.45 1.45 1.3407 1.783 1.79604 1.79783 1.79823 1.79868 1.79909 1.80002 1.80023 1.80029 1.80043 1.80048 1.80055 1.80057 1.8006 1.80064 1.80066 1.8007 1.80067 1.80066 1.80081 
1.45 1.45 1.45 1.45 1.45 1.45 1.45 1.45 1.45 1.45 1.45 1.45 1.45 1.45 1.45 1.45 1.45 1.45 1.45 1.45 1.34449 1.79807 1.79574 1.79951 1.79947 1.79952 1.79941 1.79969 1.8 1.80007 1.80015 1.80024 1.80037 1.80043 1.80048 1.80056 1.80059 1.80065 1.80067 1.80062 1.80075 
1.45 1.45 1.45 1.45 1.45 1.45 1.45 1.45 1.45 1.45 1.45 1.45 1.45 1.45 1.45 1.45 1.45 1.45 1.45 1.45 1.34657 1.82421 1.80331 1.80289 1.80222 1.80157 1.80079 1.79975 1.79977 1.79978 1.79982 1.79992 1.80005 1.80018 1.8003 1.80044 1.80054 1.8006 1.8007 1.80067 1.80077 
1.45 1.45 1.45 1.45 1.45 1.45 1.45 1.45 1.45 1.45 1.45 1.45 1.45 1.45 1.45 1.45 1.45 1.45 1.45 1.45 1.3445 1.79753 1.79557 1.79951 1.79943 1.79951 1.79942 1.79968 1.79997 1.80002 1.80009 1.80018 1.80031 1.80037 1.80041 1.80049 1.80053 1.80057 1.80062 1.80061 1.80069 
1.45 1.45 1.45 1.45 1.45 1.45 1.45 1.45 1.45 1.45 1.45 1.45 1.45 1.45 1.45 1.45 1.45 1.45 1.45 1.45 1.34077 1.78323 1.79597 1.79803 1.79831 1.79876 1.79909 1.79999 1.80016 1.80023 1.80032 1.80037 1.8004 1.80041 1.80042 1.80046 1.80049 1.80051 1.80049 1.80049 1.80058 
1.45 1.45 1.45 1.45 1.45 1.45 1.45 1.45 1.45 1.45 1.45 1.45 1.45 1.45 1.45 1.45 1.45 1.45 1.45 1.45 1.34286 1.80091 1.80316 1.80081 1.80064 1.80053 1.80029 1.80022 1.80005 1.80006 1.80011 1.80013 1.80017 1.80022 1.80027 1.80031 1.80034 1.80039 1.8004 1.80035 1.8004 
1.45 1.45 1.45 1.45 1.45 1.45 1.45 1.45 1.45 1.45 1.45 1.45 1.45 1.45 1.45 1.45 1.45 1.45 1.45 1.45 1.34336 1.80852 1.80326 1.80157 1.80126 1.801 1.80062 1.80022 1.80005 1.80002 1.80001 1.79999 1.80005 1.80009 1.80013 1.80014 1.80017 1.80019 1.8002 1.80015 1.80012 
1.45 1.45 1.45 1.45 1.45 1.45 1.45 1.45 1.45 1.45 1.45 1.45 1.45 1.45 1.45 1.45 1.45 1.45 1.45 1.45 1.3427 1.79808 1.79919 1.80012 1.80004 1.80007 1.80003 1.80016 1.80016 1.80012 1.80007 1.80004 1.80005 1.80001 1.79999 1.79998 1.79996 1.79991 1.79988 1.79986 1.79973 
1.45 1.45 1.45 1.45 1.45 1.45 1.45 1.45 1.45 1.45 1.45 1.45 1.45 1.45 1.45 1.45 1.45 1.45 1.45 1.45 1.34152 1.7973 1.80247 1.80032 1.80032 1.80031 1.80034 1.80036 1.80012 1.80004 1.79996 1.79989 1.79986 1.79979 1.79974 1.79969 1.79965 1.79959 1.79952 1.79948 1.79929 
1.45 1.45 1.45 1.45 1.45 1.45 1.45 1.45 1.45 1.45 1.45 1.45 1.45 1.45 1.45 1.45 1.45 1.45 1.45 1.45 1.34308 1.80613 1.80127 1.80118 1.80095 1.80072 1.80043 1.80005 1.79992 1.7998 1.79972 1.7996 1.79951 1.79945 1.79938 1.79931 1.79925 1.79921 1.79914 1.79904 1.79884 
1.45 1.45 1.45 1.45 1.45 1.45 1.45 1.45 1.45 1.45 1.45 1.45 1.45 1.45 1.45 1.45 1.45 1.45 1.45 1.45 1.34204 1.79572 1.79805 1.79966 1.79965 1.79966 1.79969 1.7998 1.79975 1.79961 1.79952 1.79939 1.79927 1.79919 1.79906 1.79891 1.79884 1.79874 1.79866 1.79856 1.79836 
1.45 1.45 1.45 1.45 1.45 1.45 1.45 1.45 1.45 1.45 1.45 1.45 1.45 1.45 1.45 1.45 1.45 1.45 1.45 1.45 1.34127 1.79805 1.80152 1.79992 1.79984 1.79978 1.79972 1.79966 1.79942 1.79925 1.79912 1.79896 1.79884 1.79871 1.79858 1.79844 1.79834 1.79825 1.79814 1.79808 1.79787 
1.45 1.45 1.45 1.45 1.45 1.45 1.45 1.45 1.45 1.45 1.45 1.45 1.45 1.45 1.45 1.45 1.45 1.45 1.45 1.45 1.34242 1.8043 1.80115 1.80023 1.80001 1.79978 1.7995 1.79915 1.79892 1.79878 1.7986 1.79844 1.79831 1.79819 1.79806 1.79791 1.7978 1.79774 1.79764 1.79753 1.79734 
1.45 1.45 1.45 1.45 1.45 1.45 1.45 1.45 1.45 1.45 1.45 1.45 1.45 1.45 1.45 1.45 1.45 1.45 1.45 1.45 1.34159 1.79963 1.79939 1.79913 1.79904 1.79892 1.79878 1.79861 1.79843 1.79829 1.7981 1.79795 1.7978 1.79765 1.79753 1.79738 1.79729 1.79722 1.79711 1.79695 1.79685 
1.45 1.45 1.45 1.45 1.45 1.45 1.45 1.45 1.45 1.45 1.45 1.45 1.45 1.45 1.45 1.45 1.45 1.45 1.45 1.45 1.34112 1.79871 1.79864 1.79842 1.79834 1.79824 1.7981 1.79796 1.7978 1.79766 1.79749 1.79734 1.79721 1.79706 1.79694 1.79681 1.79672 1.79667 1.79654 1.79644 1.79636 
1.45 1.45 1.45 1.45 1.45 1.45 1.45 1.45 1.45 1.45 1.45 1.45 1.45 1.45 1.45 1.45 1.45 1.45 1.45 1.45 1.34078 1.79821 1.79799 1.79772 1.79765 1.79753 1.79741 1.79724 1.79708 1.79694 1.79681 1.79669 1.79656 1.79644 1.79633 1.79622 1.79615 1.79611 1.79603 1.79594 1.79591 
1.45 1.45 1.45 1.45 1.45 1.45 1.45 1.45 1.45 1.45 1.45 1.45 1.45 1.45 1.45 1.45 1.45 1.45 1.45 1.45 1.3403 1.79733 1.79704 1.79688 1.79679 1.79669 1.79658 1.79645 1.79632 1.79621 1.79609 1.79598 1.7959 1.79582 1.79574 1.79566 1.7956 1.79558 1.79554 1.79549 1.79544 
1.45 1.45 1.45 1.45 1.45 1.45 1.45 1.45 1.45 1.45 1.45 1.45 1.45 1.45 1.45 1.45 1.45 1.45 1.45 1.45 1.33972 1.79607 1.796 1.79591 1.79585 1.7958 1.79569 1.79563 1.79557 1.79547 1.79539 1.79531 1.79521 1.79517 1.79514 1.7951 1.79508 1.79508 1.79505 1.79504 1.79502 
1.45 1.45 1.45 1.45 1.45 1.45 1.45 1.45 1.45 1.45 1.45 1.45 1.45 1.45 1.45 1.45 1.45 1.45 1.45 1.45 1.3392 1.79509 1.79512 1.79502 1.79497 1.79495 1.79488 1.79484 1.79481 1.79474 1.79468 1.79464 1.7946 1.79459 1.79458 1.79457 1.7946 1.79462 1.7946 1.79458 1.79466 
1.45 1.45 1.45 1.45 1.45 1.45 1.45 1.45 1.45 1.45 1.45 1.45 1.45 1.45 1.45 1.45 1.45 1.45 1.45 1.45 1.33864 1.79417 1.7942 1.79413 1.79411 1.79409 1.79407 1.79404 1.79405 1.79403 1.79402 1.79402 1.79403 1.79406 1.79408 1.79411 1.79415 1.7942 1.79423 1.79426 1.79436 
1.45 1.45 1.45 1.45 1.45 1.45 1.45 1.45 1.45 1.45 1.45 1.45 1.45 1.45 1.45 1.45 1.45 1.45 1.45 1.45 1.33819 1.79328 1.79328 1.79329 1.7933 1.7933 1.79333 1.79333 1.79334 1.79336 1.7934 1.79345 1.79352 1.79359 1.79365 1.79374 1.79379 1.79386 1.79393 1.79401 1.79407 
1.45 1.45 1.45 1.45 1.45 1.45 1.45 1.45 1.45 1.45 1.45 1.45 1.45 1.45 1.45 1.45 1.45 1.45 1.45 1.45 1.33767 1.79244 1.79239 1.79248 1.79255 1.79257 1.7926 1.79266 1.79273 1.79279 1.7929 1.79299 1.79308 1.79319 1.79332 1.79346 1.79352 1.79361 1.7937 1.79382 1.79389 
1.45 1.45 1.45 1.45 1.45 1.45 1.45 1.45 1.45 1.45 1.45 1.45 1.45 1.45 1.45 1.45 1.45 1.45 1.45 1.45 1.33721 1.79161 1.79168 1.79174 1.79181 1.79188 1.79199 1.7921 1.79221 1.79233 1.79247 1.79261 1.79278 1.79292 1.79308 1.79324 1.79334 1.79343 1.79357 1.79366 1.79379 
1.45 1.45 1.45 1.45 1.45 1.45 1.45 1.45 1.45 1.45 1.45 1.45 1.45 1.45 1.45 1.45 1.45 1.45 1.45 1.45 1.33681 1.7909 1.791 1.79107 1.79116 1.7913 1.79144 1.7916 1.79177 1.79198 1.79217 1.79235 1.79256 1.79276 1.79294 1.79311 1.79326 1.79336 1.79352 1.79363 1.79376 
1.45 1.45 1.45 1.45 1.45 1.45 1.45 1.45 1.45 1.45 1.45 1.45 1.45 1.45 1.45 1.45 1.45 1.45 1.45 1.45 1.33654 1.79037 1.79049 1.79061 1.79072 1.79088 1.79104 1.79124 1.79145 1.7917 1.79194 1.7922 1.79241 1.79265 1.79288 1.79307 1.79325 1.79336 1.7935 1.79361 1.79371 
1.45 1.45 1.45 1.45 1.45 1.45 1.45 1.45 1.45 1.45 1.45 1.45 1.45 1.45 1.45 1.45 1.45 1.45 1.45 1.45 1.33629 1.79 1.79008 1.79021 1.79037 1.79052 1.79073 1.79095 1.79122 1.79149 1.79178 1.79205 1.79233 1.79257 1.79282 1.79307 1.79322 1.79339 1.79351 1.79363 1.79383 
1.45 1.45 1.45 1.45 1.45 1.45 1.45 1.45 1.45 1.45 1.45 1.45 1.45 1.45 1.45 1.45 1.45 1.45 1.45 1.45 1.33611 1.78959 1.7897 1.78988 1.79001 1.79019 1.79044 1.79072 1.791 1.79132 1.79164 1.79197 1.79228 1.79257 1.79285 1.79308 1.79327 1.79346 1.7936 1.7937 1.79388 
1.45 1.45 1.45 1.45 1.45 1.45 1.45 1.45 1.45 1.45 1.45 1.45 1.45 1.45 1.45 1.45 1.45 1.45 1.45 1.45 1.33598 1.78939 1.78945 1.78966 1.78981 1.79001 1.79026 1.79056 1.7909 1.79127 1.79163 1.79201 1.79238 1.79271 1.793 1.79328 1.79349 1.79363 1.79374 1.794 1.794 
