5
s 30 2 31
r 20 0.01 0 3.64747 0.01
r 22 0.01 0 3.37275 0.01
r 24 0.01 0 3.12149 0.01
r 26 0.01 0 2.97821 0.01
r 28 0.01 0 1.88076 0.01
r 30 0.01 0 1.32656 0.01
r 32 0.01 0 1.88077 0.01
r 34 0.01 0 2.97823 0.01
r 36 0.01 0 3.21607 0.01
r 38 0.01 0 3.52651 0.01
r 40 0.01 0 3.87409 0.01
r 42 0.01 0 4.21975 0.01
r 44 0.01 0 4.51788 0.01
r 46 0.01 0 4.73974 0.01
r 48 0.01 0 5.01785 0.01
r 50 0.01 0 5.35947 0.01
r 52 0.01 0 5.69105 0.01
r 54 0.01 0 6.00703 0.01
r 56 0.01 0 6.27668 0.01
r 58 0.01 0 6.51738 0.01
r 60 0.01 0 6.75802 0.01
r 62 0.01 0 7.03315 0.01
r 64 0.01 0 7.3827 0.01
r 66 0.01 0 7.69986 0.01
r 68 0.01 0 7.90427 0.01
r 70 0.01 0 8.13194 0.01
r 72 0.01 0 8.39553 0.01
r 74 0.01 0 8.67812 0.01
r 76 0.01 0 8.93603 0.01
r 78 0.01 0 9.27266 0.01
r 80 0.01 0 9.52273 0.01
s 40 2 31
r 20 0.01 0 5.10072 0.01
r 22 0.01 0 4.82737 0.01
r 24 0.01 0 4.5758 0.01
r 26 0.01 0 4.38966 0.01
r 28 0.01 0 4.1939 0.01
r 30 0.01 0 3.87624 0.01
r 32 0.01 0 3.57036 0.01
r 34 0.01 0 3.29016 0.01
r 36 0.01 0 2.97887 0.01
r 38 0.01 0 1.88118 0.01
r 40 0.01 0 1.32686 0.01
r 42 0.01 0 1.88118 0.01
r 44 0.01 0 2.97888 0.01
r 46 0.01 0 3.44253 0.01
r 48 0.01 0 3.71985 0.01
r 50 0.01 0 4.0624 0.01
r 52 0.01 0 4.40268 0.01
r 54 0.01 0 4.7281 0.01
r 56 0.01 0 5.00862 0.01
r 58 0.01 0 5.25728 0.01
r 60 0.01 0 5.50572 0.01
r 62 0.01 0 5.7932 0.01
r 64 0.01 0 6.16037 0.01
r 66 0.01 0 6.49745 0.01
r 68 0.01 0 6.71061 0.01
r 70 0.01 0 6.94719 0.01
r 72 0.01 0 7.22065 0.01
r 74 0.01 0 7.51729 0.01
r 76 0.01 0 7.78199 0.01
r 78 0.01 0 8.12862 0.01
r 80 0.01 0 8.39101 0.01
s 50 2 31
r 20 0.01 0 6.55485 0.01
r 22 0.01 0 6.28831 0.01
r 24 0.01 0 6.03942 0.01
r 26 0.01 0 5.85524 0.01
r 28 0.01 0 5.66921 0.01
r 30 0.01 0 5.35894 0.01
r 32 0.01 0 5.05607 0.01
r 34 0.01 0 4.77868 0.01
r 36 0.01 0 4.5242 0.01
r 38 0.01 0 4.30759 0.01
r 40 0.01 0 4.08689 0.01
r 42 0.01 0 3.78878 0.01
r 44 0.01 0 3.44586 0.01
r 46 0.01 0 2.97892 0.01
r 48 0.01 0 1.88121 0.01
r 50 0.01 0 1.32687 0.01
r 52 0.01 0 1.8812 0.01
r 54 0.01 0 2.97891 0.01
r 56 0.01 0 3.65369 0.01
r 58 0.01 0 3.90705 0.01
r 60 0.01 0 4.15719 0.01
r 62 0.01 0 4.44787 0.01
r 64 0.01 0 4.83057 0.01
r 66 0.01 0 5.18393 0.01
r 68 0.01 0 5.4028 0.01
r 70 0.01 0 5.64403 0.01
r 72 0.01 0 5.92179 0.01
r 74 0.01 0 6.23489 0.01
r 76 0.01 0 6.51027 0.01
r 78 0.01 0 6.87155 0.01
r 80 0.01 0 7.15005 0.01
s 60 2 31
r 20 0.01 0 7.88601 0.01
r 22 0.01 0 7.63193 0.01
r 24 0.01 0 7.39226 0.01
r 26 0.01 0 7.21511 0.01
r 28 0.01 0 7.04126 0.01
r 30 0.01 0 6.74568 0.01
r 32 0.01 0 6.45927 0.01
r 34 0.01 0 6.19384 0.01
r 36 0.01 0 5.94257 0.01
r 38 0.01 0 5.72997 0.01
r 40 0.01 0 5.51381 0.01
r 42 0.01 0 5.22796 0.01
r 44 0.01 0 4.88682 0.01
r 46 0.01 0 4.60932 0.01
r 48 0.01 0 4.38838 0.01
r 50 0.01 0 4.16433 0.01
r 52 0.01 0 3.90782 0.01
r 54 0.01 0 3.62169 0.01
r 56 0.01 0 2.97826 0.01
r 58 0.01 0 1.88079 0.01
r 60 0.01 0 1.32658 0.01
r 62 0.01 0 1.88078 0.01
r 64 0.01 0 2.97824 0.01
r 66 0.01 0 3.71351 0.01
r 68 0.01 0 4.03009 0.01
r 70 0.01 0 4.27119 0.01
r 72 0.01 0 4.55129 0.01
r 74 0.01 0 4.86918 0.01
r 76 0.01 0 5.14879 0.01
r 78 0.01 0 5.51995 0.01
r 80 0.01 0 5.80732 0.01
s 70 2 31
r 20 0.01 0 9.2105 0.01
r 22 0.01 0 8.96565 0.01
r 24 0.01 0 8.7332 0.01
r 26 0.01 0 8.56543 0.01
r 28 0.01 0 8.40121 0.01
r 30 0.01 0 8.1219 0.01
r 32 0.01 0 7.8505 0.01
r 34 0.01 0 7.60113 0.01
r 36 0.01 0 7.36094 0.01
r 38 0.01 0 7.16215 0.01
r 40 0.01 0 6.95509 0.01
r 42 0.01 0 6.68648 0.01
r 44 0.01 0 6.36127 0.01
r 46 0.01 0 6.08878 0.01
r 48 0.01 0 5.87249 0.01
r 50 0.01 0 5.65138 0.01
r 52 0.01 0 5.39899 0.01
r 54 0.01 0 5.11852 0.01
r 56 0.01 0 4.79736 0.01
r 58 0.01 0 4.50923 0.01
r 60 0.01 0 4.2852 0.01
r 62 0.01 0 4.11885 0.01
r 64 0.01 0 3.7064 0.01
r 66 0.01 0 2.97751 0.01
r 68 0.01 0 1.88032 0.01
r 70 0.01 0 1.32625 0.01
r 72 0.01 0 1.88031 0.01
r 74 0.01 0 2.9775 0.01
r 76 0.01 0 3.70228 0.01
r 78 0.01 0 4.23264 0.01
r 80 0.01 0 4.52535 0.01
