5
s 30 2 31
r 20 0.01 0 4.49385 0.01
r 22 0.01 0 4.02089 0.01
r 24 0.01 0 3.58998 0.01
r 26 0.01 0 2.97823 0.01
r 28 0.01 0 1.88078 0.01
r 30 0.01 0 1.32657 0.01
r 32 0.01 0 1.88078 0.01
r 34 0.01 0 2.97825 0.01
r 36 0.01 0 3.61896 0.01
r 38 0.01 0 4.11281 0.01
r 40 0.01 0 4.6557 0.01
r 42 0.01 0 5.19299 0.01
r 44 0.01 0 5.72636 0.01
r 46 0.01 0 6.18548 0.01
r 48 0.01 0 6.63194 0.01
r 50 0.01 0 7.15071 0.01
r 52 0.01 0 7.66409 0.01
r 54 0.01 0 8.16678 0.01
r 56 0.01 0 8.63859 0.01
r 58 0.01 0 9.09648 0.01
r 60 0.01 0 9.51705 0.01
r 62 0.01 0 9.95694 0.01
r 64 0.01 0 10.4377 0.01
r 66 0.01 0 10.9124 0.01
r 68 0.01 0 11.3445 0.01
r 70 0.01 0 11.7452 0.01
r 72 0.01 0 12.1685 0.01
r 74 0.01 0 12.6157 0.01
r 76 0.01 0 13.0526 0.01
r 78 0.01 0 13.5046 0.01
r 80 0.01 0 13.9714 0.01
s 40 2 31
r 20 0.01 0 6.94722 0.01
r 22 0.01 0 6.4737 0.01
r 24 0.01 0 6.04225 0.01
r 26 0.01 0 5.64727 0.01
r 28 0.01 0 5.18441 0.01
r 30 0.01 0 4.65235 0.01
r 32 0.01 0 4.1655 0.01
r 34 0.01 0 3.68429 0.01
r 36 0.01 0 2.97893 0.01
r 38 0.01 0 1.88121 0.01
r 40 0.01 0 1.32688 0.01
r 42 0.01 0 1.88122 0.01
r 44 0.01 0 2.97894 0.01
r 46 0.01 0 3.7322 0.01
r 48 0.01 0 4.31571 0.01
r 50 0.01 0 4.83894 0.01
r 52 0.01 0 5.36728 0.01
r 54 0.01 0 5.88958 0.01
r 56 0.01 0 6.38404 0.01
r 58 0.01 0 6.86295 0.01
r 60 0.01 0 7.30927 0.01
r 62 0.01 0 7.77013 0.01
r 64 0.01 0 8.27388 0.01
r 66 0.01 0 8.77739 0.01
r 68 0.01 0 9.24688 0.01
r 70 0.01 0 9.66532 0.01
r 72 0.01 0 10.1032 0.01
r 74 0.01 0 10.565 0.01
r 76 0.01 0 11.0175 0.01
r 78 0.01 0 11.4813 0.01
r 80 0.01 0 11.9612 0.01
s 50 2 31
r 20 0.01 0 9.36974 0.01
r 22 0.01 0 8.91559 0.01
r 24 0.01 0 8.48652 0.01
r 26 0.01 0 8.10074 0.01
r 28 0.01 0 7.65671 0.01
r 30 0.01 0 7.14574 0.01
r 32 0.01 0 6.66801 0.01
r 34 0.01 0 6.19215 0.01
r 36 0.01 0 5.74994 0.01
r 38 0.01 0 5.31246 0.01
r 40 0.01 0 4.85251 0.01
r 42 0.01 0 4.31867 0.01
r 44 0.01 0 3.73267 0.01
r 46 0.01 0 2.97901 0.01
r 48 0.01 0 1.88126 0.01
r 50 0.01 0 1.32691 0.01
r 52 0.01 0 1.88126 0.01
r 54 0.01 0 2.979 0.01
r 56 0.01 0 3.72864 0.01
r 58 0.01 0 4.53357 0.01
r 60 0.01 0 4.9353 0.01
r 62 0.01 0 5.40424 0.01
r 64 0.01 0 5.91902 0.01
r 66 0.01 0 6.45286 0.01
r 68 0.01 0 6.96274 0.01
r 70 0.01 0 7.39702 0.01
r 72 0.01 0 7.85005 0.01
r 74 0.01 0 8.33228 0.01
r 76 0.01 0 8.81055 0.01
r 78 0.01 0 9.28686 0.01
r 80 0.01 0 9.79496 0.01
s 60 2 31
r 20 0.01 0 11.607 0.01
r 22 0.01 0 11.1732 0.01
r 24 0.01 0 10.7613 0.01
r 26 0.01 0 10.3923 0.01
r 28 0.01 0 9.97703 0.01
r 30 0.01 0 9.50236 0.01
r 32 0.01 0 9.05326 0.01
r 34 0.01 0 8.60229 0.01
r 36 0.01 0 8.1734 0.01
r 38 0.01 0 7.74851 0.01
r 40 0.01 0 7.3082 0.01
r 42 0.01 0 6.79722 0.01
r 44 0.01 0 6.2788 0.01
r 46 0.01 0 5.83166 0.01
r 48 0.01 0 5.39077 0.01
r 50 0.01 0 4.93087 0.01
r 52 0.01 0 4.44055 0.01
r 54 0.01 0 3.72076 0.01
r 56 0.01 0 2.9783 0.01
r 58 0.01 0 1.88081 0.01
r 60 0.01 0 1.3266 0.01
r 62 0.01 0 1.88081 0.01
r 64 0.01 0 2.97828 0.01
r 66 0.01 0 3.71388 0.01
r 68 0.01 0 4.51196 0.01
r 70 0.01 0 5.04581 0.01
r 72 0.01 0 5.50136 0.01
r 74 0.01 0 5.9893 0.01
r 76 0.01 0 6.47904 0.01
r 78 0.01 0 6.96377 0.01
r 80 0.01 0 7.48954 0.01
s 70 2 31
r 20 0.01 0 13.7589 0.01
r 22 0.01 0 13.338 0.01
r 24 0.01 0 12.9399 0.01
r 26 0.01 0 12.5828 0.01
r 28 0.01 0 12.1823 0.01
r 30 0.01 0 11.7316 0.01
r 32 0.01 0 11.3061 0.01
r 34 0.01 0 10.8817 0.01
r 36 0.01 0 10.4783 0.01
r 38 0.01 0 10.0788 0.01
r 40 0.01 0 9.67048 0.01
r 42 0.01 0 9.19147 0.01
r 44 0.01 0 8.70215 0.01
r 46 0.01 0 8.26796 0.01
r 48 0.01 0 7.83717 0.01
r 50 0.01 0 7.3922 0.01
r 52 0.01 0 6.91269 0.01
r 54 0.01 0 6.42397 0.01
r 56 0.01 0 5.91834 0.01
r 58 0.01 0 5.46367 0.01
r 60 0.01 0 5.06448 0.01
r 62 0.01 0 4.50326 0.01
r 64 0.01 0 3.70663 0.01
r 66 0.01 0 2.97753 0.01
r 68 0.01 0 1.88033 0.01
r 70 0.01 0 1.32626 0.01
r 72 0.01 0 1.88033 0.01
r 74 0.01 0 2.97752 0.01
r 76 0.01 0 3.70242 0.01
r 78 0.01 0 4.49271 0.01
r 80 0.01 0 5.15694 0.01
