5
s 30 2 17
r 40 0.01 0 3.97974 0.05
r 46 0.01 0 4.78384 0.05
r 50 0.01 0 5.43045 0.05
r 52 0.01 0 5.74891 0.05
r 54 0.01 0 6.02990 0.05
r 56 0.01 0 6.23502 0.05
r 58 0.01 0 6.48722 0.05
r 60 0.01 0 6.72696 0.05
r 62 0.01 0 7.07110 0.05
r 64 0.01 0 7.37326 0.05
r 66 0.01 0 7.66608 0.05
r 68 0.01 0 7.84829 0.05
r 70 0.01 0 8.09928 0.05
r 72 0.01 0 8.39261 0.05
r 74 0.01 0 8.66810 0.05
r 76 0.01 0 8.89017 0.05
r 78 0.01 0 9.20306 0.05
s 40 2 12
r 28 0.01 0 4.30432 0.05
r 30 0.01 0 4.01596 0.05
r 54 0.01 0 4.73814 0.05
r 56 0.01 0 5.05296 0.05
r 62 0.01 0 5.80937 0.05
r 64 0.01 0 6.14777 0.05
r 66 0.01 0 6.48497 0.05
r 70 0.01 0 6.98370 0.05
r 72 0.01 0 7.21487 0.05
r 74 0.01 0 7.51170 0.05
r 76 0.01 0 7.77513 0.05
r 78 0.01 0 8.08630 0.05
s 50 2 9
r 20 0.01 0 6.58914 0.05
r 22 0.01 0 6.29854 0.05
r 28 0.01 0 5.72641 0.05
r 38 0.01 0 4.42078 0.05
r 64 0.01 0 4.91612 0.05
r 66 0.01 0 5.23328 0.05
r 72 0.01 0 6.00141 0.05
r 76 0.01 0 6.55283 0.05
r 78 0.01 0 6.91360 0.05
s 60 2 11
r 20 0.01 0 7.86429 0.05
r 22 0.01 0 7.62130 0.05
r 28 0.01 0 7.00036 0.05
r 30 0.01 0 6.77100 0.05
r 32 0.01 0 6.44301 0.05
r 34 0.01 0 6.23712 0.05
r 38 0.01 0 5.78825 0.05
r 40 0.01 0 5.53940 0.05
r 42 0.01 0 5.28046 0.05
r 78 0.01 0 5.58831 0.05
r 80 0.01 0 5.91008 0.05
s 70 2 12
r 20 0.01 0 9.09408 0.05
r 22 0.01 0 8.86601 0.05
r 28 0.01 0 8.36305 0.05
r 30 0.01 0 8.07843 0.05
r 32 0.01 0 7.83552 0.05
r 34 0.01 0 7.58415 0.05
r 38 0.01 0 7.04001 0.05
r 40 0.01 0 6.98536 0.05
r 42 0.01 0 6.70974 0.05
r 44 0.01 0 6.39904 0.05
r 48 0.01 0 5.88586 0.05
r 78 0.01 0 4.28001 0.05
