5
s 30 2 31
r 20 0.01 0 4.49778 0.01
r 22 0.01 0 4.02362 0.01
r 24 0.01 0 3.59223 0.01
r 26 0.01 0 2.97821 0.01
r 28 0.01 0 1.88076 0.01
r 30 0.01 0 1.32656 0.01
r 32 0.01 0 1.88077 0.01
r 34 0.01 0 2.97823 0.01
r 36 0.01 0 3.62071 0.01
r 38 0.01 0 4.11593 0.01
r 40 0.01 0 4.66028 0.01
r 42 0.01 0 5.20038 0.01
r 44 0.01 0 5.73709 0.01
r 46 0.01 0 6.20259 0.01
r 48 0.01 0 6.65212 0.01
r 50 0.01 0 7.17489 0.01
r 52 0.01 0 7.69995 0.01
r 54 0.01 0 8.21521 0.01
r 56 0.01 0 8.69839 0.01
r 58 0.01 0 9.16824 0.01
r 60 0.01 0 9.60281 0.01
r 62 0.01 0 10.0554 0.01
r 64 0.01 0 10.5487 0.01
r 66 0.01 0 11.0335 0.01
r 68 0.01 0 11.4829 0.01
r 70 0.01 0 11.8923 0.01
r 72 0.01 0 12.3199 0.01
r 74 0.01 0 12.7716 0.01
r 76 0.01 0 13.2131 0.01
r 78 0.01 0 13.669 0.01
r 80 0.01 0 14.136 0.01
s 40 2 31
r 20 0.01 0 6.96036 0.01
r 22 0.01 0 6.48608 0.01
r 24 0.01 0 6.05284 0.01
r 26 0.01 0 5.65592 0.01
r 28 0.01 0 5.19134 0.01
r 30 0.01 0 4.65669 0.01
r 32 0.01 0 4.1685 0.01
r 34 0.01 0 3.68591 0.01
r 36 0.01 0 2.97886 0.01
r 38 0.01 0 1.88118 0.01
r 40 0.01 0 1.32685 0.01
r 42 0.01 0 1.88118 0.01
r 44 0.01 0 2.97887 0.01
r 46 0.01 0 3.73312 0.01
r 48 0.01 0 4.32097 0.01
r 50 0.01 0 4.8474 0.01
r 52 0.01 0 5.37954 0.01
r 54 0.01 0 5.90583 0.01
r 56 0.01 0 6.40478 0.01
r 58 0.01 0 6.88939 0.01
r 60 0.01 0 7.34127 0.01
r 62 0.01 0 7.80745 0.01
r 64 0.01 0 8.31645 0.01
r 66 0.01 0 8.83241 0.01
r 68 0.01 0 9.31845 0.01
r 70 0.01 0 9.74406 0.01
r 72 0.01 0 10.1893 0.01
r 74 0.01 0 10.6591 0.01
r 76 0.01 0 11.1203 0.01
r 78 0.01 0 11.5863 0.01
r 80 0.01 0 12.0754 0.01
s 50 2 31
r 20 0.01 0 9.42962 0.01
r 22 0.01 0 8.96508 0.01
r 24 0.01 0 8.53439 0.01
r 26 0.01 0 8.14337 0.01
r 28 0.01 0 7.69094 0.01
r 30 0.01 0 7.16988 0.01
r 32 0.01 0 6.68884 0.01
r 34 0.01 0 6.20869 0.01
r 36 0.01 0 5.76249 0.01
r 38 0.01 0 5.32457 0.01
r 40 0.01 0 4.85997 0.01
r 42 0.01 0 4.32249 0.01
r 44 0.01 0 3.73346 0.01
r 46 0.01 0 2.97892 0.01
r 48 0.01 0 1.88121 0.01
r 50 0.01 0 1.32688 0.01
r 52 0.01 0 1.88121 0.01
r 54 0.01 0 2.97891 0.01
r 56 0.01 0 3.72906 0.01
r 58 0.01 0 4.53307 0.01
r 60 0.01 0 4.94173 0.01
r 62 0.01 0 5.41185 0.01
r 64 0.01 0 5.92681 0.01
r 66 0.01 0 6.46497 0.01
r 68 0.01 0 6.98011 0.01
r 70 0.01 0 7.41669 0.01
r 72 0.01 0 7.87308 0.01
r 74 0.01 0 8.35802 0.01
r 76 0.01 0 8.84111 0.01
r 78 0.01 0 9.32098 0.01
r 80 0.01 0 9.8351 0.01
s 60 2 31
r 20 0.01 0 11.7384 0.01
r 22 0.01 0 11.2959 0.01
r 24 0.01 0 10.8791 0.01
r 26 0.01 0 10.503 0.01
r 28 0.01 0 10.0753 0.01
r 30 0.01 0 9.5851 0.01
r 32 0.01 0 9.12484 0.01
r 34 0.01 0 8.65848 0.01
r 36 0.01 0 8.22127 0.01
r 38 0.01 0 7.78786 0.01
r 40 0.01 0 7.33862 0.01
r 42 0.01 0 6.81372 0.01
r 44 0.01 0 6.29238 0.01
r 46 0.01 0 5.84381 0.01
r 48 0.01 0 5.3999 0.01
r 50 0.01 0 4.93586 0.01
r 52 0.01 0 4.44346 0.01
r 54 0.01 0 3.7202 0.01
r 56 0.01 0 2.97826 0.01
r 58 0.01 0 1.88079 0.01
r 60 0.01 0 1.32658 0.01
r 62 0.01 0 1.88078 0.01
r 64 0.01 0 2.97824 0.01
r 66 0.01 0 3.71353 0.01
r 68 0.01 0 4.5116 0.01
r 70 0.01 0 5.04896 0.01
r 72 0.01 0 5.50587 0.01
r 74 0.01 0 5.99407 0.01
r 76 0.01 0 6.48656 0.01
r 78 0.01 0 6.96959 0.01
r 80 0.01 0 7.49973 0.01
s 70 2 31
r 20 0.01 0 13.9294 0.01
r 22 0.01 0 13.5057 0.01
r 24 0.01 0 13.1045 0.01
r 26 0.01 0 12.7445 0.01
r 28 0.01 0 12.336 0.01
r 30 0.01 0 11.8759 0.01
r 32 0.01 0 11.438 0.01
r 34 0.01 0 11.0002 0.01
r 36 0.01 0 10.5825 0.01
r 38 0.01 0 10.1699 0.01
r 40 0.01 0 9.7461 0.01
r 42 0.01 0 9.24769 0.01
r 44 0.01 0 8.74188 0.01
r 46 0.01 0 8.29951 0.01
r 48 0.01 0 7.86289 0.01
r 50 0.01 0 7.40954 0.01
r 52 0.01 0 6.92482 0.01
r 54 0.01 0 6.43166 0.01
r 56 0.01 0 5.9242 0.01
r 58 0.01 0 5.46909 0.01
r 60 0.01 0 5.06781 0.01
r 62 0.01 0 4.5023 0.01
r 64 0.01 0 3.7064 0.01
r 66 0.01 0 2.97752 0.01
r 68 0.01 0 1.88032 0.01
r 70 0.01 0 1.32625 0.01
r 72 0.01 0 1.88032 0.01
r 74 0.01 0 2.9775 0.01
r 76 0.01 0 3.70229 0.01
r 78 0.01 0 4.49254 0.01
r 80 0.01 0 5.15816 0.01
