0 10.2329
2 10.2575
4 10.4678
6 10.4838
8 10.4991
10 10.4994
12 10.4862
14 10.46
16 10.3981
18 10.4646
20 10.3745
22 10.2945
24 10.2463
26 10.258
28 10.2708
30 10.2472
32 10.3157
34 10.1664
36 9.90336
38 9.8042
40 9.71185
42 9.82565
44 10.2329
46 10.4579
48 10.6494
50 10.6093
52 10.524
54 10.3084
56 10.087
58 10.1798
60 10.2715
62 10.3838
64 10.4475
66 10.8121
68 10.9815
70 11.0667
72 11.1926
74 11.1035
76 10.9056
78 10.8344
80 10.8537
82 10.8976
84 11.112
86 11.2144
88 11.3301
90 11.4849
92 11.6328
94 11.7501
96 11.8167
98 11.9904
100 11.977
102 12.0084
104 11.9122
106 11.8688
108 11.8452
110 12.0161
112 12.015
114 12.0218
116 12.0734
118 12.0698
120 12.1145
122 12.1769
124 12.3902
126 12.3917
128 12.3892
130 12.3661
132 12.3274
134 12.3005
136 12.27
138 12.4501
140 12.4228
142 12.4013
144 12.3899
146 12.3708
148 12.3967
150 12.3664
