5
s 30 2 31
r 20 0.01 7 4.31495 0.01
r 22 0.01 7 4.03287 0.01
r 24 0.01 7 3.76321 0.01
r 26 0.01 7 3.5623 0.01
r 28 0.01 7 3.39934 0.01
r 30 0.01 7 3.11095 0.01
r 32 0.01 7 3.33512 0.01
r 34 0.01 7 3.62293 0.01
r 36 0.01 7 3.91249 0.01
r 38 0.01 7 4.2554 0.01
r 40 0.01 7 4.61982 0.01
r 42 0.01 7 4.93091 0.01
r 44 0.01 7 5.1827 0.01
r 46 0.01 7 5.39575 0.01
r 48 0.01 7 5.70849 0.01
r 50 0.01 7 6.03117 0.01
r 52 0.01 7 6.35675 0.01
r 54 0.01 7 6.61006 0.01
r 56 0.01 7 6.86228 0.01
r 58 0.01 7 7.08977 0.01
r 60 0.01 7 7.33928 0.01
r 62 0.01 7 7.64874 0.01
r 64 0.01 7 7.99962 0.01
r 66 0.01 7 8.25487 0.01
r 68 0.01 7 8.45635 0.01
r 70 0.01 7 8.69516 0.01
r 72 0.01 7 8.97861 0.01
r 74 0.01 7 9.21782 0.01
r 76 0.01 7 9.50164 0.01
r 78 0.01 7 9.80184 0.01
r 80 0.01 7 9.98691 0.01
s 40 2 31
r 20 0.01 7 5.82763 0.01
r 22 0.01 7 5.55673 0.01
r 24 0.01 7 5.29855 0.01
r 26 0.01 7 5.10203 0.01
r 28 0.01 7 4.93727 0.01
r 30 0.01 7 4.65065 0.01
r 32 0.01 7 4.32194 0.01
r 34 0.01 7 4.03084 0.01
r 36 0.01 7 3.7505 0.01
r 38 0.01 7 3.52576 0.01
r 40 0.01 7 3.30717 0.01
r 42 0.01 7 3.5361 0.01
r 44 0.01 7 3.88962 0.01
r 46 0.01 7 4.10917 0.01
r 48 0.01 7 4.44206 0.01
r 50 0.01 7 4.78305 0.01
r 52 0.01 7 5.11899 0.01
r 54 0.01 7 5.40608 0.01
r 56 0.01 7 5.67804 0.01
r 58 0.01 7 5.90023 0.01
r 60 0.01 7 6.16339 0.01
r 62 0.01 7 6.52463 0.01
r 64 0.01 7 6.84463 0.01
r 66 0.01 7 7.11817 0.01
r 68 0.01 7 7.32666 0.01
r 70 0.01 7 7.58196 0.01
r 72 0.01 7 7.87505 0.01
r 74 0.01 7 8.13328 0.01
r 76 0.01 7 8.39517 0.01
r 78 0.01 7 8.73129 0.01
r 80 0.01 7 8.93145 0.01
s 50 2 31
r 20 0.01 7 7.23448 0.01
r 22 0.01 7 6.97839 0.01
r 24 0.01 7 6.73326 0.01
r 26 0.01 7 6.54323 0.01
r 28 0.01 7 6.39004 0.01
r 30 0.01 7 6.11929 0.01
r 32 0.01 7 5.80449 0.01
r 34 0.01 7 5.53698 0.01
r 36 0.01 7 5.26613 0.01
r 38 0.01 7 5.05159 0.01
r 40 0.01 7 4.83311 0.01
r 42 0.01 7 4.59191 0.01
r 44 0.01 7 4.26511 0.01
r 46 0.01 7 3.92345 0.01
r 48 0.01 7 3.69485 0.01
r 50 0.01 7 3.46959 0.01
r 52 0.01 7 3.69017 0.01
r 54 0.01 7 4.11222 0.01
r 56 0.01 7 4.39853 0.01
r 58 0.01 7 4.62932 0.01
r 60 0.01 7 4.90227 0.01
r 62 0.01 7 5.23799 0.01
r 64 0.01 7 5.6156 0.01
r 66 0.01 7 5.91486 0.01
r 68 0.01 7 6.13182 0.01
r 70 0.01 7 6.39219 0.01
r 72 0.01 7 6.68521 0.01
r 74 0.01 7 6.97372 0.01
r 76 0.01 7 7.2445 0.01
r 78 0.01 7 7.60034 0.01
r 80 0.01 7 7.80847 0.01
s 60 2 31
r 20 0.01 7 8.48585 0.01
r 22 0.01 7 8.23977 0.01
r 24 0.01 7 8.00312 0.01
r 26 0.01 7 7.82671 0.01
r 28 0.01 7 7.68106 0.01
r 30 0.01 7 7.42976 0.01
r 32 0.01 7 7.11705 0.01
r 34 0.01 7 6.86477 0.01
r 36 0.01 7 6.6309 0.01
r 38 0.01 7 6.41592 0.01
r 40 0.01 7 6.20805 0.01
r 42 0.01 7 5.98399 0.01
r 44 0.01 7 5.6526 0.01
r 46 0.01 7 5.33567 0.01
r 48 0.01 7 5.12365 0.01
r 50 0.01 7 4.90502 0.01
r 52 0.01 7 4.67328 0.01
r 54 0.01 7 4.39266 0.01
r 56 0.01 7 4.09677 0.01
r 58 0.01 7 3.65886 0.01
r 60 0.01 7 3.48568 0.01
r 62 0.01 7 3.71563 0.01
r 64 0.01 7 4.23944 0.01
r 66 0.01 7 4.55616 0.01
r 68 0.01 7 4.77919 0.01
r 70 0.01 7 5.05096 0.01
r 72 0.01 7 5.36149 0.01
r 74 0.01 7 5.65303 0.01
r 76 0.01 7 5.95493 0.01
r 78 0.01 7 6.36927 0.01
r 80 0.01 7 6.53194 0.01
s 70 2 31
r 20 0.01 7 9.86342 0.01
r 22 0.01 7 9.62736 0.01
r 24 0.01 7 9.39897 0.01
r 26 0.01 7 9.23279 0.01
r 28 0.01 7 9.10521 0.01
r 30 0.01 7 8.85957 0.01
r 32 0.01 7 8.56371 0.01
r 34 0.01 7 8.32324 0.01
r 36 0.01 7 8.08597 0.01
r 38 0.01 7 7.90089 0.01
r 40 0.01 7 7.69865 0.01
r 42 0.01 7 7.49656 0.01
r 44 0.01 7 7.18994 0.01
r 46 0.01 7 6.89032 0.01
r 48 0.01 7 6.67816 0.01
r 50 0.01 7 6.47797 0.01
r 52 0.01 7 6.25642 0.01
r 54 0.01 7 5.99175 0.01
r 56 0.01 7 5.71812 0.01
r 58 0.01 7 5.39449 0.01
r 60 0.01 7 5.13671 0.01
r 62 0.01 7 4.98803 0.01
r 64 0.01 7 4.76269 0.01
r 66 0.01 7 4.42436 0.01
r 68 0.01 7 3.97881 0.01
r 70 0.01 7 3.82864 0.01
r 72 0.01 7 4.01052 0.01
r 74 0.01 7 4.44924 0.01
r 76 0.01 7 4.75651 0.01
r 78 0.01 7 5.14006 0.01
r 80 0.01 7 5.37391 0.01
