0 10.4693
2 10.3629
4 10.5547
6 10.5469
8 10.6724
10 10.8343
12 10.8562
14 10.6744
16 10.3899
18 10.136
20 10.2759
22 10.3448
24 10.4305
26 10.1201
28 9.70213
30 9.59097
32 9.54692
34 9.87228
36 10.2941
38 10.4174
40 10.1111
42 10.2972
44 10.4381
46 10.479
48 10.3796
50 10.4542
52 10.2784
54 10.0611
56 10.002
58 10.1178
60 10.2634
62 10.4337
64 10.5419
66 10.8227
68 10.8946
70 11.0823
72 11.2092
74 11.3246
76 11.0803
78 11.2446
80 11.1194
82 11.154
84 10.9129
86 10.8803
88 11.0166
90 11.3402
92 11.6584
94 11.9178
96 12.1091
98 12.0243
100 12.2857
102 12.2519
104 12.0886
106 11.9679
108 11.8753
110 11.9722
112 12.0188
114 12.0674
116 12.1181
118 12.1196
120 12.1717
122 12.2568
124 12.5287
126 12.7799
128 12.9265
130 12.9883
132 12.8928
134 12.765
136 12.6182
138 12.6745
140 12.5413
142 12.439
144 12.3725
146 12.334
148 12.3094
150 12.3012
