5
s 30 2 34
r 2 0.01 6 9.9184 0.01
r 10 0.01 6 7.79711 0.01
r 18 0.01 6 5.73381 0.01
r 42 0.01 6 5.92782 0.01
r 50 0.01 6 8.09006 0.01
r 58 0.01 6 10.2482 0.01
r 66 0.01 6 12.0757 0.01
r 74 0.01 6 13.8848 0.01
r 82 0.01 6 15.5176 0.01
r 90 0.01 6 17.2355 0.01
r 98 0.01 6 18.9742 0.01
r 106 0.01 6 20.7157 0.01
r 114 0.01 6 22.2851 0.01
r 122 0.01 6 23.932 0.01
r 130 0.01 6 25.5399 0.01
r 138 0.01 6 27.0964 0.01
r 146 0.01 6 28.6569 0.01
r 2 0.01 12 10.2037 0.01
r 10 0.01 12 8.55477 0.01
r 18 0.01 12 7.20427 0.01
r 42 0.01 12 7.24134 0.01
r 50 0.01 12 8.69695 0.01
r 58 0.01 12 10.3282 0.01
r 66 0.01 12 12.0925 0.01
r 74 0.01 12 13.9264 0.01
r 82 0.01 12 15.6363 0.01
r 90 0.01 12 17.4065 0.01
r 98 0.01 12 19.2192 0.01
r 106 0.01 12 20.9875 0.01
r 114 0.01 12 22.759 0.01
r 122 0.01 12 24.4991 0.01
r 130 0.01 12 26.3174 0.01
r 138 0.01 12 28.0555 0.01
r 146 0.01 12 29.8214 0.01
s 50 2 32
r 2 0.01 6 14.4653 0.01
r 10 0.01 6 12.8179 0.01
r 18 0.01 6 11.1546 0.01
r 26 0.01 6 9.25425 0.01
r 34 0.01 6 7.0348 0.01
r 66 0.01 6 6.98223 0.01
r 74 0.01 6 9.27491 0.01
r 82 0.01 6 11.4464 0.01
r 90 0.01 6 13.2516 0.01
r 98 0.01 6 14.9911 0.01
r 106 0.01 6 16.7261 0.01
r 114 0.01 6 18.3894 0.01
r 122 0.01 6 20.1244 0.01
r 130 0.01 6 21.7991 0.01
r 138 0.01 6 23.403 0.01
r 146 0.01 6 24.9852 0.01
r 2 0.01 12 14.7242 0.01
r 10 0.01 12 12.8164 0.01
r 18 0.01 12 11.1721 0.01
r 26 0.01 12 9.53571 0.01
r 34 0.01 12 7.96023 0.01
r 66 0.01 12 8.08788 0.01
r 74 0.01 12 9.78874 0.01
r 82 0.01 12 11.4824 0.01
r 90 0.01 12 13.2509 0.01
r 98 0.01 12 15.0647 0.01
r 106 0.01 12 16.8321 0.01
r 114 0.01 12 18.6064 0.01
r 122 0.01 12 20.3466 0.01
r 130 0.01 12 22.1643 0.01
r 138 0.01 12 23.9022 0.01
r 146 0.01 12 25.668 0.01
s 70 2 34
r 2 0.01 6 18.7949 0.01
r 10 0.01 6 17.139 0.01
r 18 0.01 6 15.5737 0.01
r 26 0.01 6 13.9503 0.01
r 34 0.01 6 12.2366 0.01
r 42 0.01 6 10.4694 0.01
r 50 0.01 6 8.14486 0.01
r 58 0.01 6 5.91147 0.01
r 82 0.01 6 5.73248 0.01
r 90 0.01 6 7.94713 0.01
r 98 0.01 6 10.2513 0.01
r 106 0.01 6 12.32 0.01
r 114 0.01 6 14.0887 0.01
r 122 0.01 6 15.8297 0.01
r 130 0.01 6 17.6357 0.01
r 138 0.01 6 19.3573 0.01
r 146 0.01 6 20.9345 0.01
r 2 0.01 12 19.2006 0.01
r 10 0.01 12 17.2976 0.01
r 18 0.01 12 15.6463 0.01
r 26 0.01 12 13.9672 0.01
r 34 0.01 12 12.2377 0.01
r 42 0.01 12 10.6324 0.01
r 50 0.01 12 8.96962 0.01
r 58 0.01 12 7.50633 0.01
r 82 0.01 12 7.53157 0.01
r 90 0.01 12 8.95551 0.01
r 98 0.01 12 10.6457 0.01
r 106 0.01 12 12.391 0.01
r 114 0.01 12 14.1495 0.01
r 122 0.01 12 15.8899 0.01
r 130 0.01 12 17.7079 0.01
r 138 0.01 12 19.4456 0.01
r 146 0.01 12 21.2123 0.01
s 90 2 32
r 2 0.01 6 22.8574 0.01
r 10 0.01 6 21.2734 0.01
r 18 0.01 6 19.7019 0.01
r 26 0.01 6 18.0813 0.01
r 34 0.01 6 16.395 0.01
r 42 0.01 6 14.8532 0.01
r 50 0.01 6 13.2234 0.01
r 58 0.01 6 11.3831 0.01
r 66 0.01 6 9.1001 0.01
r 74 0.01 6 6.74657 0.01
r 106 0.01 6 6.70841 0.01
r 114 0.01 6 8.86506 0.01
r 122 0.01 6 11.0518 0.01
r 130 0.01 6 13.2627 0.01
r 138 0.01 6 15.0602 0.01
r 146 0.01 6 16.8043 0.01
r 2 0.01 12 23.5392 0.01
r 10 0.01 12 21.6412 0.01
r 18 0.01 12 19.9885 0.01
r 26 0.01 12 18.3097 0.01
r 34 0.01 12 16.5832 0.01
r 42 0.01 12 14.9738 0.01
r 50 0.01 12 13.2404 0.01
r 58 0.01 12 11.4722 0.01
r 66 0.01 12 9.72872 0.01
r 74 0.01 12 8.1986 0.01
r 106 0.01 12 8.34346 0.01
r 114 0.01 12 9.847 0.01
r 122 0.01 12 11.5159 0.01
r 130 0.01 12 13.339 0.01
r 138 0.01 12 15.0769 0.01
r 146 0.01 12 16.8423 0.01
s 110 2 34
r 2 0.01 6 26.8149 0.01
r 10 0.01 6 25.314 0.01
r 18 0.01 6 23.8521 0.01
r 26 0.01 6 22.3069 0.01
r 34 0.01 6 20.6672 0.01
r 42 0.01 6 19.1232 0.01
r 50 0.01 6 17.492 0.01
r 58 0.01 6 15.76 0.01
r 66 0.01 6 14.0266 0.01
r 74 0.01 6 12.1902 0.01
r 82 0.01 6 10.1029 0.01
r 90 0.01 6 7.80378 0.01
r 98 0.01 6 5.4791 0.01
r 122 0.01 6 5.45372 0.01
r 130 0.01 6 7.7256 0.01
r 138 0.01 6 9.96914 0.01
r 146 0.01 6 12.2279 0.01
r 2 0.01 12 28.0104 0.01
r 10 0.01 12 26.1095 0.01
r 18 0.01 12 24.4605 0.01
r 26 0.01 12 22.7775 0.01
r 34 0.01 12 21.0493 0.01
r 42 0.01 12 19.443 0.01
r 50 0.01 12 17.71 0.01
r 58 0.01 12 15.9146 0.01
r 66 0.01 12 14.1423 0.01
r 74 0.01 12 12.3238 0.01
r 82 0.01 12 10.5969 0.01
r 90 0.01 12 9.05964 0.01
r 98 0.01 12 7.75272 0.01
r 122 0.01 12 7.81427 0.01
r 130 0.01 12 9.1756 0.01
r 138 0.01 12 10.7933 0.01
r 146 0.01 12 12.5451 0.01
