63 81 1.5 0.33
0 2 4 6 8 10 12 14 16 18 20 22 24 26 28 30 32 34 36 38 40 42 44 46 48 50 52 54 56 58 60 62 64 66 68 70 72 74 76 78 80 82 84 86 88 90 92 94 96 98 100 102 104 106 108 110 112 114 116 118 120 122 124 
0 0 0 0 0 0 0 0 0 0 0 0 0 0 0 0 0 0 0 0 0 0 0 0 0 0 0 0 0 0 0 0 0 0 0 0 0 0 0 0 0 0 0 0 0 0 0 0 0 0 0 0 0 0 0 0 0 0 0 0 0 0 0 
0 0.2 0.4 0.6 0.8 1 1.2 1.4 1.6 1.8 2 2.2 2.4 2.6 2.8 3 3.2 3.4 3.6 3.8 4 4.2 4.4 4.6 4.8 5 5.2 5.4 5.6 5.8 6 6.2 6.4 6.6 6.8 7 7.2 7.4 7.6 7.8 8 8.2 8.4 8.6 8.8 9 9.2 9.4 9.6 9.8 10 10.2 10.4 10.6 10.8 11 11.2 11.4 11.6 11.8 12 12.2 12.4 12.6 12.8 13 13.2 13.4 13.6 13.8 14 14.2 14.4 14.6 14.8 15 15.2 15.4 15.6 15.8 16 
1.5 1.5 1.5 1.5 1.5 1.5 1.5 1.5 1.5 1.5 1.5 1.3255 4.68365 4.6933 4.70264 4.71435 4.7255 4.73647 4.74663 4.75703 4.76776 4.77743 4.78657 4.79646 4.80558 4.81515 4.82382 4.83185 4.8409 4.84899 4.85731 4.86486 4.87244 4.87982 4.88829 4.89428 4.90095 4.90776 4.91445 4.92213 4.92736 4.93346 4.93994 4.94613 4.95103 4.95874 4.965 4.97141 4.97792 4.98298 4.99115 4.99796 5.00491 5.01207 5.01927 5.02671 5.03435 5.04217 5.05018 5.05838 5.06668 5.0754 5.08405 5.09296 5.10207 5.11134 5.12086 5.13037 5.14021 5.15006 5.15986 5.17027 5.18054 5.19122 5.20128 5.2123 5.22249 5.23306 5.2448 5.25478 5.26329 
1.5 1.5 1.5 1.5 1.5 1.5 1.5 1.5 1.5 1.5 1.5 1.3256 1.3724 4.66033 4.66853 4.68116 4.69293 4.70559 4.71438 4.72477 4.73546 4.74512 4.75456 4.76452 4.77371 4.78334 4.79213 4.80046 4.80968 4.81807 4.82669 4.83468 4.84283 4.85072 4.85934 4.86625 4.87373 4.88132 4.88888 4.89709 4.90364 4.91079 4.91831 4.92577 4.93205 4.94072 4.94815 4.95585 4.96347 4.97006 4.9791 4.98702 4.99503 5.00319 5.01146 5.01971 5.02824 5.03669 5.04539 5.05412 5.06278 5.07181 5.08075 5.08911 5.09892 5.10821 5.11755 5.12706 5.13595 5.14614 5.1558 5.16606 5.17583 5.18559 5.19644 5.20704 5.21638 5.22826 5.23708 5.24705 5.25938 
1.5 1.5 1.5 1.5 1.5 1.5 1.5 1.5 1.5 1.5 1.5 1.3258 1.3724 1.419 4.63312 4.64715 4.66341 4.67135 4.68233 4.69285 4.70388 4.71553 4.72353 4.73365 4.74339 4.75351 4.76425 4.77156 4.78131 4.79001 4.79918 4.80813 4.81632 4.82487 4.83415 4.84168 4.84982 4.85817 4.86635 4.87504 4.88276 4.89184 4.89892 4.90704 4.91525 4.92346 4.93169 4.94009 4.94859 4.95678 4.96563 4.97437 4.98316 4.99204 5.00068 5.01015 5.01936 5.02859 5.03791 5.04682 5.05668 5.06637 5.07598 5.08563 5.09483 5.10511 5.11506 5.125 5.13496 5.14417 5.15464 5.1651 5.17526 5.18547 5.19503 5.20619 5.21689 5.22801 5.23701 5.24443 5.25973 
1.5 1.5 1.5 1.5 1.5 1.5 1.5 1.5 1.5 1.5 1.5 1.3256 1.3723 1.4189 4.61185 4.62204 4.63632 4.64721 4.65803 4.67098 4.67966 4.68971 4.69962 4.70992 4.72145 4.73005 4.73979 4.74895 4.75898 4.76956 4.77784 4.78725 4.79663 4.80599 4.81607 4.82454 4.8336 4.84292 4.85213 4.86199 4.87073 4.88089 4.88923 4.89857 4.90802 4.91725 4.92731 4.93608 4.94554 4.95501 4.96465 4.97404 4.98373 4.99348 5.0029 5.01301 5.02249 5.03273 5.04221 5.05209 5.06252 5.07212 5.08281 5.09292 5.10316 5.11326 5.12299 5.13407 5.14363 5.15483 5.16523 5.17502 5.18683 5.19588 5.20864 5.21814 5.22863 5.24065 5.24887 5.26372 5.27347 
1.5 1.5 1.5 1.5 1.5 1.5 1.5 1.5 1.5 1.5 1.5 1.3253 1.3721 1.4188 4.58786 4.59839 4.60916 4.62287 4.63356 4.64407 4.65322 4.6634 4.67528 4.68566 4.69535 4.70473 4.71455 4.72581 4.73608 4.74532 4.75472 4.76486 4.77568 4.78584 4.79525 4.80543 4.8156 4.82624 4.8364 4.84647 4.85688 4.86763 4.87787 4.88829 4.89837 4.90928 4.92006 4.93051 4.94111 4.95165 4.96255 4.97318 4.98389 4.99454 5.00553 5.01636 5.02702 5.03783 5.0485 5.05965 5.07042 5.08101 5.09178 5.103 5.11396 5.12477 5.13529 5.14621 5.15781 5.16879 5.17967 5.19009 5.20142 5.21298 5.2247 5.23489 5.24698 5.25674 5.26945 5.28074 5.29156 
1.5 1.5 1.5 1.5 1.5 1.5 1.5 1.5 1.5 1.5 1.5 1.3251 1.3718 4.54448 4.55989 4.5696 4.57632 4.58687 4.59842 4.60879 4.62042 4.63089 4.64146 4.65208 4.66287 4.67406 4.68475 4.69595 4.70708 4.71805 4.7299 4.74119 4.75284 4.76448 4.77589 4.78819 4.80014 4.81205 4.82408 4.83584 4.84843 4.86063 4.87301 4.8853 4.89777 4.91001 4.92233 4.9348 4.94713 4.95982 4.9719 4.9843 4.99668 5.00895 5.02123 5.0334 5.04564 5.05787 5.06993 5.08198 5.09395 5.10596 5.11789 5.12972 5.14158 5.15327 5.1653 5.17693 5.18873 5.20021 5.2118 5.22339 5.23517 5.24678 5.25832 5.26925 5.28201 5.2919 5.30451 5.31554 5.32695 
1.5 1.5 1.5 1.5 1.5 1.5 1.5 1.5 1.5 1.5 1.5 1.3247 1.3715 4.49803 4.51387 4.5219 4.52807 4.54164 4.55139 4.56219 4.57406 4.58496 4.59578 4.60802 4.61865 4.63068 4.64256 4.655 4.66721 4.68003 4.69294 4.70575 4.71887 4.73221 4.74554 4.75917 4.77251 4.78657 4.80043 4.81444 4.8286 4.84264 4.85711 4.87124 4.88607 4.89961 4.91378 4.92796 4.94214 4.95693 4.9702 4.9842 4.99833 5.0122 5.02601 5.0396 5.05329 5.06691 5.08017 5.09357 5.10678 5.11989 5.13286 5.14585 5.15871 5.17141 5.18422 5.19668 5.20931 5.22179 5.23407 5.24631 5.25837 5.27095 5.28266 5.29471 5.30728 5.31815 5.33074 5.34342 5.35427 
1.5 1.5 1.5 1.5 1.5 1.5 1.5 1.5 1.5 1.5 1.5 1.3242 1.3708 1.4175 1.4642 4.43594 4.44363 4.45577 4.47018 4.48283 4.49472 4.50691 4.51923 4.53155 4.54414 4.55744 4.57135 4.58581 4.59953 4.61354 4.62845 4.64321 4.65819 4.67368 4.68907 4.70497 4.72064 4.73668 4.75271 4.76879 4.78503 4.80115 4.81745 4.83379 4.85128 4.86623 4.8824 4.89858 4.91467 4.9319 4.9465 4.96256 4.978 4.99355 5.00889 5.02412 5.03949 5.05427 5.06897 5.08369 5.09816 5.11293 5.12676 5.14087 5.15481 5.16864 5.18225 5.19581 5.20926 5.22254 5.23576 5.2486 5.26101 5.27469 5.28652 5.29978 5.31197 5.32453 5.33683 5.3508 5.3619 
1.5 1.5 1.5 1.5 1.5 1.5 1.5 1.5 1.5 1.5 1.5 1.3233 1.37 1.4166 1.4633 1.5098 4.36608 4.37935 4.3964 4.40945 4.42369 4.43708 4.45044 4.46351 4.47754 4.49321 4.50807 4.52485 4.53891 4.55596 4.57349 4.5902 4.6075 4.6247 4.64259 4.66097 4.67902 4.69726 4.71562 4.73397 4.75265 4.77113 4.78956 4.80822 4.82862 4.84501 4.86339 4.88187 4.89976 4.91949 4.93545 4.95313 4.9711 4.98787 5.00483 5.02168 5.03844 5.05529 5.07112 5.08722 5.10302 5.11885 5.13416 5.14958 5.16459 5.17947 5.19413 5.20861 5.22306 5.23719 5.25129 5.26496 5.27791 5.29214 5.3042 5.31865 5.3304 5.34417 5.35667 5.37158 5.38358 
1.5 1.5 1.5 1.5 1.5 1.5 1.5 1.5 1.5 1.5 1.5 1.3222 1.3689 1.4154 1.4621 1.5086 4.2984 4.31316 4.33164 4.34541 4.36166 4.37636 4.39145 4.40658 4.42071 4.43874 4.45498 4.47274 4.4918 4.50962 4.5294 4.54848 4.56811 4.58815 4.60782 4.62894 4.64952 4.67023 4.69106 4.70978 4.73274 4.75362 4.77444 4.79507 4.81853 4.83654 4.85709 4.87754 4.89765 4.9184 4.93729 4.95691 4.9761 4.99594 5.01467 5.03242 5.05073 5.06879 5.08643 5.10388 5.12111 5.13828 5.15492 5.17197 5.18759 5.20375 5.21929 5.23477 5.25071 5.2651 5.27995 5.29439 5.30803 5.32237 5.33613 5.35025 5.3628 5.37658 5.39073 5.40511 5.41854 
1.5 1.5 1.5 1.5 1.5 1.5 1.5 1.5 1.5 1.5 1.5 1.3208 1.3673 1.414 1.4607 4.23364 4.24675 4.25964 4.27885 4.29517 4.3118 4.32784 4.34445 4.36085 4.37825 4.39606 4.41544 4.43613 4.45592 4.47526 4.49795 4.51943 4.54101 4.56224 4.58442 4.60792 4.63136 4.65413 4.67755 4.7006 4.72438 4.74763 4.77101 4.794 4.81798 4.84004 4.86276 4.88535 4.90761 4.93284 4.95159 4.97306 4.9942 5.01522 5.03565 5.05605 5.07605 5.09578 5.11492 5.13388 5.15239 5.17081 5.18884 5.20658 5.22407 5.24113 5.25785 5.27419 5.29051 5.30645 5.32215 5.33743 5.35187 5.36611 5.38109 5.39518 5.409 5.42225 5.43838 5.45215 5.46596 
1.5 1.5 1.5 1.5 1.5 1.5 1.5 1.5 1.5 1.5 1.5 1.3184 1.3648 1.4117 1.4583 4.15556 4.15815 4.17956 4.20784 4.22091 4.24445 4.26359 4.28376 4.30256 4.3193 4.34341 4.36597 4.39261 4.41304 4.43711 4.46106 4.48526 4.50952 4.53418 4.55601 4.58439 4.6096 4.63514 4.66048 4.68276 4.71115 4.73632 4.76173 4.78673 4.81581 4.83669 4.86126 4.88556 4.90956 4.93685 4.95683 4.98001 5.00268 5.02531 5.04736 5.06903 5.09044 5.11145 5.13208 5.15227 5.17213 5.19189 5.21101 5.22992 5.24835 5.26657 5.28425 5.30156 5.31872 5.33555 5.35213 5.36817 5.38333 5.39841 5.41385 5.4287 5.44256 5.45769 5.47186 5.48822 5.50049 
1.5 1.5 1.5 1.5 1.5 1.5 1.5 1.5 1.5 1.5 1.5 1.3148 1.361 1.4081 1.4547 4.08933 4.08982 4.10599 4.13716 4.17063 4.1916 4.21132 4.23355 4.25311 4.27538 4.29778 4.32256 4.35301 4.37481 4.40137 4.42765 4.45398 4.48042 4.50734 4.53095 4.56216 4.58966 4.61728 4.6446 4.66854 4.69944 4.72659 4.7538 4.78075 4.81212 4.83416 4.86048 4.88651 4.91202 4.94146 4.96256 4.98715 5.01143 5.03548 5.05906 5.08212 5.105 5.12731 5.14916 5.17055 5.19169 5.21251 5.23282 5.25286 5.27228 5.2914 5.31008 5.32844 5.34634 5.36401 5.38124 5.39777 5.41408 5.42981 5.44539 5.46095 5.4753 5.49073 5.50609 5.52181 5.53497 
1.5 1.5 1.5 1.5 1.5 1.5 1.5 1.5 1.5 1.5 1.5 1.3115 1.3576 1.4047 1.4513 1.4981 4.0476 4.02248 4.05952 4.10892 4.14375 4.16713 4.19124 4.21111 4.23433 4.25816 4.28333 4.31563 4.33851 4.36661 4.39453 4.42227 4.4499 4.47804 4.50221 4.53471 4.56315 4.59235 4.62099 4.64641 4.6793 4.70799 4.73659 4.76506 4.7981 4.82142 4.84909 4.87641 4.90356 4.93502 4.95683 4.98271 5.00824 5.03353 5.05842 5.08263 5.10667 5.1302 5.15314 5.17578 5.19786 5.21956 5.24096 5.26189 5.28231 5.30238 5.32201 5.3412 5.35995 5.37834 5.39637 5.41334 5.43071 5.44678 5.46263 5.47892 5.49367 5.50949 5.52602 5.54131 5.55475 
1.5 1.5 1.5 1.5 1.5 1.5 1.5 1.5 1.5 1.5 1.5 1.3076 1.3536 1.4007 1.4473 1.494 1.5409 1.5873 4.03198 4.06471 4.11258 4.14171 4.16926 4.18878 4.21124 4.23521 4.26055 4.28974 4.31256 4.34117 4.36881 4.396 4.42362 4.45176 4.47574 4.50866 4.53736 4.56642 4.5951 4.61992 4.65272 4.68143 4.71027 4.73919 4.77309 4.79719 4.8259 4.85425 4.88235 4.91481 4.93735 4.96414 4.99075 5.01699 5.04273 5.068 5.09319 5.11777 5.1418 5.16564 5.1888 5.21163 5.23394 5.25579 5.27713 5.29807 5.31853 5.33854 5.35819 5.3775 5.39623 5.41386 5.43139 5.44799 5.46433 5.48101 5.49681 5.51247 5.53053 5.54616 5.56011 
1.5 1.5 1.5 1.5 1.5 1.5 1.5 1.5 1.5 1.5 1.5 1.3018 1.3476 1.395 1.4417 1.4886 1.5357 1.582 4.01585 4.04258 4.06447 4.10926 4.15212 4.17465 4.19652 4.22506 4.25237 4.28542 4.3093 4.33939 4.36949 4.39914 4.42736 4.45532 4.47994 4.51354 4.54263 4.57137 4.59963 4.62496 4.65846 4.68756 4.71624 4.74432 4.77727 4.80059 4.82869 4.85676 4.88489 4.91754 4.94072 4.96809 4.99549 5.02235 5.04884 5.07478 5.10083 5.12621 5.15121 5.17591 5.20008 5.22411 5.24758 5.2703 5.29288 5.31475 5.33617 5.35718 5.37779 5.39806 5.41782 5.43646 5.45481 5.47099 5.49009 5.50506 5.5237 5.53867 5.55805 5.57456 5.58663 
1.5 1.5 1.5 1.5 1.5 1.5 1.5 1.5 1.5 1.5 1.5 1.3018 1.3475 1.3947 1.4413 1.4881 1.5351 3.99828 4.00072 4.05216 4.07602 4.10605 4.14852 4.17571 4.19946 4.22722 4.25669 4.29344 4.31922 4.35215 4.38237 4.41319 4.44393 4.47385 4.49767 4.53082 4.56024 4.58992 4.61978 4.64502 4.67706 4.70529 4.73421 4.7633 4.79669 4.81997 4.84771 4.87515 4.90233 4.93379 4.95649 4.9836 5.01081 5.03793 5.06488 5.09362 5.11854 5.14484 5.1705 5.19612 5.22107 5.24576 5.27 5.29408 5.31741 5.3402 5.36297 5.38502 5.40692 5.42822 5.44899 5.46794 5.48687 5.50543 5.5237 5.54005 5.55821 5.57772 5.59322 5.61084 5.62522 
1.5 1.5 1.5 1.5 1.5 1.5 1.5 1.5 1.5 1.5 1.5 1.2993 1.3449 1.3922 1.438 1.4857 1.5326 3.99584 3.997 4.05 4.07034 4.11191 4.16245 4.19118 4.21958 4.24333 4.26895 4.30372 4.32893 4.35946 4.3903 4.42062 4.4502 4.48116 4.50786 4.53868 4.56662 4.59592 4.62482 4.65089 4.68412 4.71208 4.73971 4.76788 4.79764 4.82428 4.85269 4.88129 4.90887 4.93982 4.96227 4.98898 5.01543 5.04161 5.06786 5.09449 5.12121 5.14768 5.17403 5.20027 5.22589 5.25108 5.27625 5.30334 5.32518 5.3492 5.37254 5.39574 5.41828 5.44049 5.46239 5.48226 5.50209 5.52044 5.53878 5.55784 5.57452 5.59366 5.61218 5.63507 5.64814 
1.5 1.5 1.5 1.5 1.5 1.5 1.5 1.5 1.5 1.5 1.5 1.298 1.3435 1.3908 1.4375 1.4843 1.5314 3.99757 3.98592 4.03992 4.07251 4.11744 4.16578 4.19407 4.22527 4.25836 4.28759 4.32563 4.35185 4.38797 4.4156 4.44305 4.46664 4.49431 4.51843 4.55153 4.57723 4.60361 4.63112 4.65441 4.68699 4.71496 4.74252 4.76983 4.80009 4.8242 4.85191 4.87926 4.90755 4.94112 4.96406 4.9902 5.01652 5.04294 5.0688 5.09631 5.12062 5.1469 5.17316 5.1997 5.22575 5.25156 5.27775 5.30372 5.32861 5.35352 5.37788 5.40182 5.42536 5.4485 5.4715 5.49241 5.513 5.53263 5.55578 5.5711 5.58849 5.60913 5.62748 5.65193 5.66476 
1.5 1.5 1.5 1.5 1.5 1.5 1.5 1.5 1.5 1.5 1.5 1.2978 1.3431 1.3906 1.4372 1.4831 1.5303 1.5774 4.03964 4.04275 4.09122 4.13207 4.17349 4.20196 4.23671 4.27132 4.30191 4.33984 4.36181 4.40166 4.43278 4.4615 4.48956 4.5186 4.5411 4.56142 4.58291 4.60715 4.63109 4.6515 4.67913 4.70324 4.73238 4.75807 4.78808 4.80983 4.83201 4.86177 4.88824 4.91916 4.9466 4.97697 5.00183 5.02718 5.05321 5.08117 5.10597 5.13182 5.15896 5.18531 5.21182 5.23709 5.26337 5.29077 5.31756 5.34186 5.36917 5.39403 5.4192 5.44329 5.46408 5.48583 5.50685 5.53031 5.54701 5.56954 5.58768 5.61012 5.62358 5.64554 5.6626 
1.5 1.5 1.5 1.5 1.5 1.5 1.5 1.5 1.5 1.5 1.5 1.297 1.3426 1.39 1.4366 1.4836 1.5309 1.5773 1.6261 4.07852 4.11711 4.13342 4.17787 4.20734 4.2468 4.28108 4.30752 4.34879 4.37283 4.40695 4.43503 4.46108 4.49362 4.52092 4.54462 4.56879 4.59064 4.6123 4.63394 4.65145 4.67517 4.69536 4.72088 4.74455 4.77195 4.79545 4.8193 4.84735 4.86984 4.89548 4.92223 4.94974 4.98158 5.01099 5.03612 5.06133 5.08871 5.1157 5.14191 5.16728 5.1939 5.2191 5.24629 5.2721 5.29966 5.32329 5.35033 5.37592 5.40098 5.42556 5.44991 5.47227 5.49367 5.51416 5.53611 5.55483 5.57555 5.59663 5.61506 5.63946 5.65594 
1.5 1.5 1.5 1.5 1.5 1.5 1.5 1.5 1.5 1.5 1.5 1.2994 1.345 1.3925 1.4383 1.4852 1.5334 1.5799 1.6289 1.6759 4.09554 4.12198 4.16785 4.19962 4.2358 4.26994 4.29853 4.33908 4.36205 4.39219 4.42708 4.45247 4.48313 4.50684 4.531 4.56054 4.58512 4.61071 4.63247 4.65277 4.67031 4.69258 4.71279 4.73341 4.75812 4.77949 4.80016 4.8257 4.85185 4.87446 4.89918 4.92601 4.95075 4.9818 5.01254 5.03863 5.06116 5.08673 5.11424 5.14242 5.16853 5.1954 5.22342 5.24894 5.27533 5.30283 5.32733 5.35571 5.38312 5.40904 5.43402 5.45754 5.48299 5.50604 5.52788 5.54834 5.56917 5.5929 5.61126 5.63133 5.64862 
1.5 1.5 1.5 1.5 1.5 1.5 1.5 1.5 1.5 1.5 1.5 1.3001 1.3456 1.3931 1.4391 1.4868 1.5342 1.5808 1.6298 4.11636 4.19591 4.15423 4.19152 4.23153 4.26725 4.29059 4.31816 4.35213 4.37896 4.41489 4.44036 4.46109 4.48769 4.51124 4.54018 4.56408 4.58778 4.61447 4.63423 4.65359 4.67905 4.69906 4.7195 4.74051 4.76537 4.78388 4.80398 4.82653 4.85242 4.88032 4.89835 4.92554 4.95086 4.97984 5.01065 5.04071 5.0673 5.08868 5.11484 5.14186 5.16813 5.19515 5.2232 5.25207 5.2782 5.30642 5.33485 5.35813 5.38894 5.41561 5.44175 5.47025 5.48929 5.51175 5.53399 5.55467 5.57687 5.59909 5.62015 5.64354 5.66325 
1.5 1.5 1.5 1.5 1.5 1.5 1.5 1.5 1.5 1.5 1.5 1.3013 1.3471 1.3944 1.4412 1.4875 1.5356 1.5822 4.11043 4.12782 4.16481 4.17221 4.20197 4.23579 4.26957 4.30115 4.32818 4.36137 4.38308 4.40775 4.43275 4.45933 4.48679 4.50955 4.53241 4.56294 4.58572 4.60704 4.63638 4.66005 4.68061 4.7024 4.72449 4.74656 4.77052 4.78834 4.80863 4.82992 4.85343 4.88464 4.90286 4.92517 4.95105 4.9764 5.00996 5.03936 5.07413 5.09249 5.11983 5.14602 5.17102 5.19841 5.22525 5.253 5.2809 5.30966 5.33886 5.36281 5.394 5.42165 5.44827 5.47272 5.49635 5.52025 5.5423 5.56406 5.58679 5.61081 5.6308 5.65698 5.67752 
1.5 1.5 1.5 1.5 1.5 1.5 1.5 1.5 1.5 1.5 1.5 1.3032 1.3491 1.3965 1.4433 1.4905 1.5379 1.5845 1.6335 4.09938 4.10704 4.15352 4.18301 4.20743 4.23921 4.26992 4.29624 4.32859 4.35623 4.38353 4.40731 4.43259 4.45829 4.48254 4.50941 4.53516 4.55742 4.5802 4.60601 4.63604 4.65907 4.67855 4.70405 4.72458 4.74968 4.76627 4.7897 4.81026 4.83172 4.86199 4.8818 4.90666 4.92923 4.95426 4.98592 5.01387 5.0512 5.07066 5.09848 5.12764 5.15054 5.17717 5.20604 5.23335 5.26028 5.28721 5.31694 5.34189 5.37362 5.40233 5.42933 5.45413 5.47754 5.50543 5.52466 5.54684 5.56968 5.59347 5.61351 5.64196 5.66154 
1.5 1.5 1.5 1.5 1.5 1.5 1.5 1.5 1.5 1.5 1.5 1.3042 1.3501 1.3975 1.4444 1.4915 1.5388 1.5855 1.6344 1.6826 4.11574 4.14133 4.15268 4.18368 4.21651 4.24633 4.27515 4.30469 4.33126 4.36166 4.38615 4.41011 4.43674 4.456 4.47917 4.51014 4.53395 4.5556 4.58113 4.61501 4.63531 4.65563 4.68093 4.69975 4.7279 4.74432 4.76655 4.78986 4.81322 4.83865 4.85833 4.88541 4.91083 4.93803 4.96359 4.99679 5.02386 5.04837 5.07899 5.10574 5.13233 5.15864 5.18654 5.21466 5.24253 5.26867 5.29573 5.32504 5.35525 5.38182 5.41053 5.4364 5.46036 5.4846 5.50727 5.52945 5.55428 5.57533 5.59756 5.62508 5.6465 
1.5 1.5 1.5 1.5 1.5 1.5 1.5 1.5 1.5 1.5 1.5 1.3046 1.3505 1.3978 1.4446 1.4916 1.539 1.5856 1.6345 1.6826 1.7311 4.10676 4.1337 4.15382 4.19892 4.22788 4.25405 4.28429 4.30855 4.33923 4.36531 4.38891 4.41712 4.43886 4.46422 4.49049 4.51613 4.53845 4.5661 4.59406 4.6105 4.63432 4.65855 4.68094 4.70564 4.72558 4.7454 4.77033 4.79447 4.81505 4.83721 4.86585 4.8937 4.92195 4.9472 4.97554 4.99985 5.0264 5.05776 5.08538 5.11358 5.13982 5.16782 5.19576 5.22411 5.25054 5.28174 5.3076 5.33662 5.36644 5.39157 5.41926 5.44413 5.46803 5.49197 5.51357 5.53969 5.56529 5.58405 5.60945 5.63188 
1.5 1.5 1.5 1.5 1.5 1.5 1.5 1.5 1.5 1.5 1.5 1.3037 1.3496 1.3967 1.4435 1.4905 1.5377 1.5843 1.6331 1.6814 1.7299 4.10185 4.12159 4.14755 4.19853 4.22384 4.24826 4.28307 4.30603 4.33543 4.35868 4.38641 4.41509 4.43695 4.45946 4.48803 4.51379 4.53585 4.55988 4.57804 4.60193 4.62487 4.64852 4.67079 4.69269 4.71623 4.73804 4.76064 4.78183 4.80743 4.83241 4.86244 4.88956 4.91785 4.94102 4.96442 4.99599 5.01924 5.05382 5.0819 5.1088 5.13684 5.16557 5.19517 5.22348 5.25097 5.28119 5.30712 5.33631 5.36461 5.39193 5.41668 5.44317 5.46758 5.49033 5.51343 5.53708 5.55923 5.58263 5.607 5.63236 
1.5 1.5 1.5 1.5 1.5 1.5 1.5 1.5 1.5 1.5 1.5 1.3024 1.3481 1.3953 1.4422 1.4891 1.5362 1.5828 1.6316 1.6797 1.7283 4.09439 4.12003 4.15218 4.19522 4.221 4.24801 4.27796 4.30395 4.33251 4.35993 4.38972 4.41634 4.43671 4.45846 4.48699 4.51243 4.53192 4.54992 4.57258 4.59678 4.61842 4.63915 4.6604 4.68506 4.70882 4.72849 4.75234 4.77785 4.8065 4.83179 4.8592 4.88473 4.9101 4.93326 4.96345 4.99236 5.01843 5.05084 5.0792 5.10826 5.13787 5.16699 5.19522 5.223 5.25231 5.28146 5.30736 5.33737 5.36461 5.39195 5.41727 5.44326 5.46764 5.48995 5.51308 5.5366 5.55858 5.58175 5.60623 5.63068 
1.5 1.5 1.5 1.5 1.5 1.5 1.5 1.5 1.5 1.5 1.5 1.3008 1.3463 1.3937 1.4406 1.4875 1.5346 1.5811 1.6299 1.6781 4.10505 4.11078 4.16862 4.1992 4.21801 4.24093 4.26882 4.30763 4.32583 4.34964 4.37736 4.40393 4.43137 4.45048 4.47299 4.50006 4.5191 4.53864 4.55791 4.57817 4.60125 4.62302 4.64147 4.66515 4.69104 4.71362 4.7383 4.76341 4.78792 4.81758 4.84116 4.86663 4.89248 4.91766 4.94558 4.97772 5.0033 5.03407 5.06486 5.09419 5.1229 5.15147 5.17999 5.20934 5.23767 5.26758 5.29461 5.32382 5.35092 5.37996 5.40581 5.43363 5.45747 5.4818 5.50424 5.52744 5.54993 5.57159 5.59583 5.61889 5.64235 
1.5 1.5 1.5 1.5 1.5 1.5 1.5 1.5 1.5 1.5 1.5 1.2966 1.3418 1.3906 1.438 1.4849 1.5322 1.5787 1.6276 1.6759 4.13938 4.17843 4.19899 4.24804 4.24457 4.26255 4.29027 4.32538 4.34324 4.36755 4.3897 4.41133 4.43734 4.45691 4.47217 4.49698 4.52071 4.53855 4.55332 4.57278 4.59632 4.61873 4.63948 4.66525 4.69126 4.71483 4.73876 4.76214 4.7884 4.8179 4.84068 4.86765 4.89438 4.92314 4.95187 4.97857 5.00945 5.03893 5.06774 5.09599 5.12484 5.15417 5.18309 5.21151 5.24067 5.26925 5.29781 5.32703 5.3533 5.38287 5.40974 5.43495 5.45889 5.4825 5.50437 5.52769 5.54946 5.57031 5.59386 5.61648 5.64012 
1.5 1.5 1.5 1.5 1.5 1.5 1.5 1.5 1.5 1.5 1.5 1.296 1.3387 1.3865 1.4366 1.4836 1.5308 1.5774 1.6264 1.6746 1.7233 1.7733 4.1872 4.30208 4.24344 4.2538 4.27834 4.30761 4.32822 4.34988 4.37135 4.39272 4.41838 4.43667 4.44927 4.47154 4.49343 4.51269 4.5304 4.55231 4.5774 4.60046 4.61991 4.64613 4.67257 4.69528 4.71672 4.74562 4.77197 4.80171 4.82441 4.85137 4.87969 4.90637 4.93401 4.96368 4.99228 5.02044 5.04855 5.07727 5.10545 5.13365 5.16213 5.19115 5.21913 5.24679 5.27444 5.30217 5.3302 5.35846 5.3852 5.40944 5.43268 5.45602 5.47851 5.49943 5.52101 5.54113 5.56302 5.58593 5.60902 
1.5 1.5 1.5 1.5 1.5 1.5 1.5 1.5 1.5 1.5 1.5 1.2938 1.3384 1.3876 1.4348 1.4826 1.5299 1.5764 1.6254 1.6736 1.7223 1.7722 1.824 1.8737 4.1709 4.19102 4.22053 4.25448 4.27457 4.2971 4.32212 4.34619 4.37097 4.39367 4.41342 4.44068 4.46414 4.49063 4.51482 4.53463 4.56148 4.5826 4.60898 4.63471 4.66352 4.68584 4.71052 4.7356 4.76019 4.79039 4.81358 4.84007 4.8657 4.89344 4.92142 4.94864 4.97609 5.00373 5.03146 5.05919 5.087 5.11467 5.14251 5.1701 5.19859 5.22561 5.25344 5.28076 5.30725 5.33332 5.35889 5.38681 5.40569 5.42748 5.44855 5.4697 5.49086 5.50941 5.53245 5.55191 5.57442 
1.5 1.5 1.5 1.5 1.5 1.5 1.5 1.5 1.5 1.5 1.5 1.2917 1.3357 1.3857 1.4343 1.4812 1.5284 1.5749 1.6238 1.6719 1.7205 1.7704 1.8222 4.18644 4.24409 4.2127 4.234 4.27429 4.29371 4.31741 4.33944 4.36542 4.39112 4.41534 4.43585 4.4608 4.48704 4.51369 4.53473 4.55475 4.58129 4.60649 4.63162 4.65677 4.6852 4.70631 4.73142 4.75719 4.78247 4.81155 4.83436 4.86138 4.88807 4.91521 4.94226 4.96921 4.99637 5.02373 5.05101 5.07846 5.10552 5.13306 5.16077 5.18886 5.21594 5.24287 5.26901 5.29484 5.32032 5.34571 5.37057 5.39333 5.41497 5.4374 5.45698 5.47761 5.49729 5.51621 5.53687 5.55558 5.57873 
1.5 1.5 1.5 1.5 1.5 1.5 1.5 1.5 1.5 1.5 1.5 1.2935 1.3343 1.3818 1.4342 1.481 1.528 1.5745 1.6232 1.6713 1.7198 1.7695 4.19086 4.29868 4.24366 4.25046 4.27196 4.3034 4.32616 4.35049 4.37709 4.40115 4.42258 4.4432 4.46061 4.4884 4.51244 4.53459 4.55772 4.5782 4.60528 4.62929 4.65331 4.67809 4.70645 4.72817 4.7533 4.77843 4.80426 4.83441 4.85729 4.88352 4.90977 4.93592 4.96363 4.98958 5.01669 5.04384 5.07131 5.0988 5.12599 5.15293 5.18105 5.20567 5.23151 5.25712 5.28255 5.30717 5.3317 5.35575 5.3792 5.40071 5.42233 5.44622 5.46273 5.4815 5.50164 5.51762 5.54034 5.55759 5.57804 
1.5 1.5 1.5 1.5 1.5 1.5 1.5 1.5 1.5 1.5 1.5 1.2916 1.3361 1.3876 1.4361 1.4829 1.53 1.5765 1.6251 1.6732 1.7216 1.7712 4.19593 4.24422 4.26954 4.26021 4.28075 4.3193 4.33359 4.35896 4.38392 4.40701 4.42829 4.45327 4.47342 4.49872 4.52174 4.54556 4.56908 4.59007 4.61758 4.64165 4.66588 4.69041 4.7188 4.74107 4.76676 4.79234 4.81776 4.84676 4.86927 4.8952 4.92153 4.94815 4.97504 5.00158 5.02821 5.05468 5.08066 5.10667 5.13223 5.15768 5.18274 5.20779 5.2322 5.25635 5.28013 5.30323 5.3262 5.34867 5.3708 5.3912 5.41174 5.43093 5.45014 5.46824 5.48749 5.50394 5.5232 5.54072 5.55991 
1.5 1.5 1.5 1.5 1.5 1.5 1.5 1.5 1.5 1.5 1.5 1.2985 1.3394 1.3868 1.4392 1.486 1.5332 1.5796 1.6281 1.676 1.7242 1.7735 1.8244 4.21602 4.27897 4.25278 4.27994 4.31898 4.33123 4.35672 4.38365 4.4078 4.4309 4.45531 4.47565 4.50145 4.52595 4.54989 4.57311 4.59412 4.62108 4.6454 4.67043 4.69564 4.72422 4.74561 4.76811 4.79625 4.82162 4.85068 4.87283 4.89828 4.92353 4.94859 4.97392 4.9991 5.02393 5.04875 5.07332 5.09757 5.12161 5.14557 5.16925 5.19278 5.2158 5.23823 5.26055 5.28229 5.30379 5.32499 5.34598 5.36564 5.38452 5.40267 5.42252 5.43863 5.45705 5.47368 5.49058 5.50822 5.5267 
1.5 1.5 1.5 1.5 1.5 1.5 1.5 1.5 1.5 1.5 1.5 1.3013 1.3455 1.3954 1.444 1.4909 1.538 1.5846 1.6328 1.6806 1.7287 1.7778 1.8282 4.2502 4.29216 4.29519 4.32192 4.34302 4.36109 4.38678 4.41149 4.43356 4.45629 4.47888 4.49815 4.52284 4.54552 4.56842 4.59221 4.61343 4.64084 4.66511 4.68939 4.71386 4.7418 4.76305 4.78749 4.81215 4.83641 4.86402 4.88485 4.90909 4.93443 4.95691 4.98083 5.00446 5.02804 5.05123 5.07454 5.09733 5.11996 5.14254 5.16466 5.18679 5.2083 5.22945 5.25037 5.27263 5.29124 5.31107 5.33074 5.34904 5.36717 5.38488 5.40277 5.41924 5.4358 5.45273 5.46921 5.48385 5.50428 
1.5 1.5 1.5 1.5 1.5 1.5 1.5 1.5 1.5 1.5 1.5 1.3106 1.3567 1.4042 1.4515 1.4985 1.5456 1.5924 1.6402 1.6878 1.7357 1.7841 1.8334 1.8817 1.9309 4.31527 4.32977 4.35221 4.37415 4.39654 4.41678 4.43739 4.45834 4.48036 4.4993 4.52441 4.54728 4.57014 4.59304 4.61345 4.63915 4.66213 4.68536 4.70852 4.73482 4.75489 4.77792 4.80115 4.82503 4.84996 4.86974 4.8925 4.91503 4.93723 4.95965 4.98167 5.00374 5.0255 5.04702 5.06853 5.08963 5.11053 5.13122 5.15188 5.17198 5.19195 5.21138 5.23058 5.24973 5.26827 5.28676 5.3039 5.32128 5.33808 5.35472 5.37154 5.38626 5.40315 5.41931 5.43203 5.45203 
1.5 1.5 1.5 1.5 1.5 1.5 1.5 1.5 1.5 1.5 1.5 1.3158 1.3621 1.4094 1.4563 1.5033 1.5503 1.5971 1.6447 1.692 1.7395 1.7875 1.8361 1.884 1.9325 1.9811 4.37014 4.38819 4.40538 4.42438 4.44444 4.46451 4.48426 4.504 4.52138 4.54391 4.56415 4.58488 4.6059 4.6265 4.6483 4.66959 4.69117 4.71266 4.73679 4.75579 4.77712 4.79886 4.82025 4.84412 4.86287 4.88412 4.90525 4.92622 4.9472 4.96769 4.98825 5.00857 5.02878 5.04877 5.06862 5.08928 5.10752 5.12684 5.14572 5.16465 5.1828 5.20088 5.2189 5.23639 5.25378 5.27009 5.28615 5.30269 5.31803 5.33472 5.34774 5.36534 5.3801 5.39326 5.41185 
1.5 1.5 1.5 1.5 1.5 1.5 1.5 1.5 1.5 1.5 1.5 1.3198 1.3662 1.4132 1.4601 1.5071 1.554 1.6008 1.6481 1.6953 1.7426 1.7902 1.8382 1.8858 4.39482 4.41109 4.43064 4.4477 4.46406 4.48184 4.49971 4.51775 4.53563 4.55384 4.57028 4.59151 4.61103 4.6305 4.65011 4.66988 4.68991 4.70981 4.72988 4.74996 4.77246 4.79032 4.81035 4.83051 4.85057 4.87259 4.8902 4.90996 4.92959 4.94911 4.96865 4.98774 5.00691 5.02588 5.0447 5.0634 5.08175 5.10007 5.11821 5.13627 5.1541 5.17186 5.18902 5.20598 5.22309 5.23973 5.2562 5.27205 5.28767 5.3031 5.31838 5.33375 5.34692 5.36361 5.37785 5.39171 5.40767 
1.5 1.5 1.5 1.5 1.5 1.5 1.5 1.5 1.5 1.5 1.5 1.3221 1.3689 1.4158 1.4625 1.5095 1.5564 1.6033 1.6504 1.6975 1.7447 1.7921 1.8397 4.43328 4.44869 4.46399 4.48029 4.49722 4.51262 4.5287 4.54509 4.56153 4.5781 4.59472 4.61064 4.63002 4.64764 4.66561 4.68373 4.7004 4.72016 4.73847 4.75686 4.77535 4.79569 4.81239 4.83093 4.84939 4.86776 4.88791 4.90423 4.92233 4.94039 4.95862 4.97725 4.99441 5.01215 5.02979 5.04728 5.06464 5.08156 5.09866 5.1157 5.13251 5.14921 5.16563 5.18183 5.19779 5.21386 5.22964 5.24526 5.26057 5.27567 5.28962 5.30472 5.31871 5.33192 5.34736 5.36169 5.37514 5.38898 
1.5 1.5 1.5 1.5 1.5 1.5 1.5 1.5 1.5 1.5 1.5 1.3246 1.3715 1.4183 1.465 1.512 1.5589 1.6058 1.6528 1.6999 1.7469 1.7941 1.8414 1.8886 1.9359 4.48259 4.49591 4.51373 4.52803 4.54221 4.5573 4.57218 4.58727 4.60222 4.61634 4.63303 4.64892 4.66518 4.6815 4.69675 4.71439 4.73097 4.74756 4.76421 4.78224 4.79776 4.81466 4.83127 4.84802 4.86629 4.88145 4.89801 4.91493 4.93111 4.94756 4.96402 4.98042 4.9966 5.01275 5.0288 5.04455 5.06039 5.07612 5.09175 5.10734 5.1228 5.13782 5.15279 5.16792 5.18277 5.19746 5.21178 5.2259 5.23935 5.25348 5.2672 5.27963 5.29432 5.30872 5.32166 5.33411 
1.5 1.5 1.5 1.5 1.5 1.5 1.5 1.5 1.5 1.5 1.5 1.3258 1.3727 1.4195 1.4662 1.5132 1.5601 1.607 1.654 1.7009 1.748 1.795 1.8421 1.8893 1.9364 1.9836 4.52002 4.53684 4.54996 4.56362 4.57683 4.59043 4.60417 4.61773 4.63078 4.64565 4.65957 4.67439 4.68897 4.70308 4.71868 4.73367 4.74868 4.76366 4.77964 4.79409 4.80932 4.82442 4.8396 4.85581 4.86996 4.88504 4.90029 4.91542 4.93046 4.94548 4.96054 4.97546 4.99029 5.00513 5.01982 5.03453 5.04914 5.06367 5.07807 5.09241 5.10645 5.12057 5.13468 5.14862 5.16243 5.17607 5.18914 5.20253 5.21526 5.22917 5.24034 5.25525 5.2684 5.28122 5.29258 
1.5 1.5 1.5 1.5 1.5 1.5 1.5 1.5 1.5 1.5 1.5 1.3266 1.3734 1.4202 1.4671 1.514 1.5609 1.6078 1.6547 1.7017 1.7487 1.7956 1.8426 1.8896 1.9366 1.9837 4.5502 4.56529 4.57735 4.5896 4.60248 4.61515 4.62788 4.64056 4.65325 4.66616 4.67895 4.69234 4.70565 4.71873 4.73273 4.74646 4.76003 4.77383 4.78787 4.80136 4.81526 4.82888 4.8426 4.85711 4.8702 4.88408 4.898 4.91187 4.92565 4.93939 4.95317 4.96692 4.98048 4.99407 5.0077 5.02143 5.03483 5.04834 5.06166 5.07492 5.08804 5.10125 5.11447 5.12767 5.14055 5.15374 5.16576 5.17904 5.19076 5.20437 5.2149 5.22916 5.24177 5.2543 5.26497 
1.5 1.5 1.5 1.5 1.5 1.5 1.5 1.5 1.5 1.5 1.5 1.3268 1.3737 1.4205 1.4673 1.5142 1.5611 1.608 1.6549 1.7018 1.7487 1.7956 1.8425 1.8895 1.9364 1.9833 2.0303 4.57567 4.58833 4.59973 4.61215 4.62397 4.63588 4.64779 4.65927 4.67163 4.68364 4.69581 4.70804 4.7203 4.73304 4.74561 4.75808 4.77066 4.78338 4.79593 4.80851 4.82106 4.83362 4.8464 4.85879 4.87146 4.8842 4.89685 4.90936 4.92193 4.93459 4.9471 4.95956 4.97208 4.9847 4.99724 5.00965 5.02209 5.03437 5.04681 5.05903 5.07136 5.08381 5.09615 5.10831 5.12073 5.13225 5.14504 5.1562 5.16925 5.18009 5.19254 5.206 5.21774 5.22783 
1.5 1.5 1.5 1.5 1.5 1.5 1.5 1.5 1.5 1.5 1.5 1.3266 1.3735 1.4203 1.4671 1.514 1.5609 1.6078 1.6546 1.7016 1.7484 1.7953 1.8422 1.8891 1.9359 1.9828 2.0297 4.59317 4.60517 4.61803 4.62851 4.63986 4.65122 4.66263 4.67379 4.68526 4.69662 4.70805 4.71968 4.73125 4.74282 4.75446 4.76604 4.77778 4.78932 4.80098 4.81259 4.82411 4.8357 4.84734 4.85899 4.87061 4.88226 4.89377 4.90528 4.91672 4.92823 4.9398 4.95131 4.96281 4.97443 4.98597 4.99747 5.00902 5.02051 5.03206 5.04362 5.05512 5.06673 5.07837 5.08985 5.10153 5.11288 5.12502 5.13584 5.14838 5.1597 5.17037 5.18425 5.1956 5.2055 
1.5 1.5 1.5 1.5 1.5 1.5 1.5 1.5 1.5 1.5 1.5 1.3264 1.3733 1.4201 1.4669 1.5137 1.5605 1.6074 1.6542 1.701 1.7479 1.7947 1.8414 1.8883 1.935 4.60657 4.61866 4.62893 4.64065 4.65189 4.66327 4.67431 4.68525 4.69635 4.70745 4.71842 4.72947 4.74052 4.7516 4.76278 4.7736 4.78462 4.79548 4.80653 4.81725 4.82833 4.83917 4.85 4.8607 4.87129 4.88241 4.89317 4.90382 4.91447 4.92506 4.93567 4.94631 4.95699 4.96764 4.97826 4.98911 4.99979 5.01042 5.02121 5.03186 5.04266 5.05354 5.06436 5.07528 5.08626 5.09719 5.10817 5.11917 5.13075 5.14117 5.15302 5.16469 5.17424 5.18765 5.19912 5.20882 
1.5 1.5 1.5 1.5 1.5 1.5 1.5 1.5 1.5 1.5 1.5 1.3257 1.3725 1.4193 1.4661 1.5128 1.5596 1.6065 1.6533 1.7001 1.7468 1.7936 1.8404 1.8871 1.9339 1.9806 4.61712 4.62711 4.63841 4.64937 4.66031 4.67112 4.68185 4.69262 4.70353 4.7141 4.72475 4.73538 4.74605 4.7568 4.76699 4.77739 4.78781 4.79824 4.80819 4.81877 4.82909 4.83925 4.84945 4.85919 4.86969 4.87969 4.88971 4.8996 4.90957 4.91945 4.92935 4.93933 4.94939 4.95942 4.96954 4.97952 4.98954 4.99964 5.00982 5.01995 5.03028 5.04058 5.05088 5.06137 5.07183 5.08245 5.09317 5.10421 5.11479 5.12571 5.13761 5.14701 5.15888 5.17098 5.18071 
1.5 1.5 1.5 1.5 1.5 1.5 1.5 1.5 1.5 1.5 1.5 1.3253 1.372 1.4187 1.4655 1.5122 1.5589 1.6057 1.6524 1.6992 1.746 1.7926 1.8393 1.8861 1.9327 1.9794 2.0261 2.0726 4.62028 4.63103 4.64187 4.65272 4.66345 4.67406 4.68527 4.69501 4.70541 4.71568 4.72593 4.73654 4.74626 4.75639 4.76632 4.77635 4.78592 4.79616 4.8058 4.81559 4.82521 4.83423 4.84435 4.85395 4.86337 4.87282 4.88238 4.89185 4.90131 4.9107 4.92029 4.92977 4.9393 4.94883 4.95844 4.96806 4.97786 4.98764 4.99751 5.00747 5.01742 5.02755 5.03768 5.04808 5.05866 5.06911 5.07998 5.09022 5.10216 5.11172 5.12221 5.13473 5.14495 
1.5 1.5 1.5 1.5 1.5 1.5 1.5 1.5 1.5 1.5 1.5 1.3246 1.3712 1.4179 1.4646 1.5112 1.5579 1.6047 1.6514 1.698 1.7447 1.7914 1.8381 1.8847 1.9314 1.9779 2.0246 2.0711 2.1177 4.62041 4.63136 4.64204 4.65267 4.6632 4.674 4.68405 4.69428 4.70448 4.7146 4.72506 4.73462 4.74452 4.75438 4.7642 4.77338 4.78334 4.79287 4.80228 4.8116 4.82031 4.83022 4.83942 4.84864 4.85781 4.86702 4.87621 4.8853 4.89454 4.90366 4.91286 4.92204 4.93121 4.94047 4.94984 4.9594 4.96885 4.97851 4.98818 4.99793 5.00779 5.01773 5.02788 5.03835 5.04854 5.05941 5.06942 5.081 5.09096 5.10064 5.11276 5.12396 
1.5 1.5 1.5 1.5 1.5 1.5 1.5 1.5 1.5 1.5 1.5 1.3238 1.3704 1.417 1.4637 1.5103 1.557 1.6036 1.6502 1.697 1.7435 1.7902 1.8367 1.8833 1.9299 1.9764 2.023 2.0695 4.62102 4.63135 4.6421 4.65279 4.66343 4.67387 4.68464 4.69451 4.70473 4.71484 4.72491 4.73528 4.74457 4.75438 4.76405 4.77366 4.78268 4.79259 4.80202 4.81122 4.82054 4.82898 4.83872 4.84778 4.85677 4.86581 4.8748 4.88388 4.89286 4.90189 4.91081 4.91982 4.92891 4.93791 4.94709 4.95628 4.96557 4.97496 4.98437 4.99401 5.00352 5.01323 5.02315 5.03319 5.04358 5.05366 5.06438 5.0743 5.08545 5.09601 5.10529 5.11637 5.12861 
1.5 1.5 1.5 1.5 1.5 1.5 1.5 1.5 1.5 1.5 1.5 1.3231 1.3696 1.4162 1.4628 1.5094 1.5559 1.6026 1.6491 1.6958 1.7423 1.7889 1.8354 1.8819 1.9284 1.9749 2.0214 2.0678 4.61808 4.62828 4.63905 4.64957 4.66012 4.67047 4.6813 4.69114 4.70127 4.71141 4.72145 4.73181 4.74108 4.75077 4.76048 4.76999 4.77896 4.78879 4.79813 4.8074 4.81661 4.82512 4.83484 4.84385 4.85287 4.86185 4.87078 4.87987 4.88875 4.89772 4.9067 4.91572 4.92477 4.93387 4.94296 4.95216 4.96155 4.97086 4.98027 4.9899 4.99952 5.00915 5.0191 5.02919 5.03953 5.04974 5.06033 5.07053 5.08119 5.09225 5.10162 5.11194 5.12477 
1.5 1.5 1.5 1.5 1.5 1.5 1.5 1.5 1.5 1.5 1.5 1.3223 1.3688 1.4153 1.4618 1.5084 1.5549 1.6014 1.648 1.6945 1.7411 1.7875 1.834 1.8804 1.9269 1.9733 2.0198 2.0661 4.61362 4.62387 4.63428 4.64447 4.65494 4.66532 4.676 4.68586 4.69604 4.70627 4.71628 4.72663 4.73585 4.7456 4.75528 4.76486 4.77384 4.78378 4.79327 4.80267 4.81194 4.82068 4.83043 4.83946 4.84851 4.85755 4.86665 4.87576 4.88485 4.89397 4.90302 4.91228 4.92142 4.93066 4.93988 4.9492 4.9586 4.96803 4.97758 4.98735 4.99702 5.00693 5.01686 5.02714 5.03757 5.04785 5.05851 5.0689 5.0793 5.09052 5.10045 5.11034 5.12296 
1.5 1.5 1.5 1.5 1.5 1.5 1.5 1.5 1.5 1.5 1.5 1.3216 1.3681 1.4146 1.461 1.5075 1.554 1.6005 1.6469 1.6934 1.7399 1.7863 1.8327 1.8791 1.9255 1.9719 2.0183 2.0645 4.60741 4.61758 4.62793 4.638 4.64834 4.65876 4.66946 4.67928 4.68945 4.69953 4.70955 4.71987 4.72965 4.73957 4.74945 4.75914 4.76814 4.77821 4.78766 4.79719 4.80659 4.81537 4.82521 4.83464 4.84407 4.8534 4.86282 4.87216 4.88138 4.89072 4.89996 4.9093 4.91861 4.92805 4.93754 4.94707 4.95671 4.96648 4.97635 4.98622 4.99619 5.00616 5.01636 5.02668 5.03716 5.04761 5.05835 5.06896 5.07934 5.09054 5.10115 5.11095 5.12285 
1.5 1.5 1.5 1.5 1.5 1.5 1.5 1.5 1.5 1.5 1.5 1.3212 1.3676 1.4141 1.4605 1.5069 1.5534 1.5998 1.6462 1.6926 1.739 1.7854 1.8317 1.8781 1.9244 1.9707 2.017 2.0632 2.1094 4.59793 4.60844 4.61858 4.62918 4.6396 4.65042 4.66033 4.67062 4.68082 4.69094 4.70126 4.71111 4.72105 4.73096 4.7407 4.75014 4.76027 4.77006 4.77983 4.78953 4.79879 4.80885 4.81851 4.82815 4.83769 4.84731 4.85691 4.86638 4.87601 4.88565 4.8954 4.90507 4.91485 4.92465 4.93455 4.94446 4.95449 4.96452 4.97465 4.98491 4.99517 5.00546 5.01602 5.02671 5.03727 5.0481 5.05892 5.0694 5.08055 5.09161 5.10159 5.11265 
1.5 1.5 1.5 1.5 1.5 1.5 1.5 1.5 1.5 1.5 1.5 1.3206 1.367 1.4134 1.4597 1.5062 1.5526 1.599 1.6453 1.6917 1.738 1.7843 1.8306 1.877 1.9232 1.9695 2.0157 2.0618 2.1081 2.1543 2.2004 4.58784 4.59821 4.60872 4.61945 4.62935 4.63976 4.65007 4.66037 4.67084 4.68073 4.6908 4.70083 4.71097 4.72063 4.73102 4.74105 4.75105 4.76098 4.77047 4.7808 4.7906 4.8005 4.81042 4.82044 4.83039 4.84032 4.8504 4.86048 4.87044 4.88059 4.89065 4.90081 4.91108 4.92128 4.9316 4.94204 4.9524 4.96298 4.97348 4.98409 4.99484 5.00572 5.0165 5.02741 5.03834 5.04903 5.06015 5.07144 5.08196 5.09238 
1.5 1.5 1.5 1.5 1.5 1.5 1.5 1.5 1.5 1.5 1.5 1.3201 1.3665 1.4129 1.4592 1.5056 1.5519 1.5983 1.6446 1.6909 1.7372 1.7835 1.8298 1.8761 1.9223 1.9685 2.0147 2.0608 2.107 2.1531 2.1992 4.58111 4.59153 4.60184 4.61255 4.62258 4.6329 4.6432 4.65361 4.66424 4.6741 4.68427 4.69462 4.70491 4.71463 4.72515 4.73534 4.74552 4.75565 4.76537 4.7759 4.78605 4.79625 4.80663 4.8169 4.82727 4.83752 4.84789 4.85835 4.86869 4.87915 4.88962 4.9002 4.91069 4.92132 4.93207 4.94274 4.95352 4.96431 4.97522 4.98603 4.9971 5.00798 5.01908 5.03019 5.04123 5.05215 5.06347 5.07487 5.08584 5.09604 
1.5 1.5 1.5 1.5 1.5 1.5 1.5 1.5 1.5 1.5 1.5 1.3198 1.3661 1.4124 1.4588 1.5051 1.5514 1.5977 1.6441 1.6903 1.7367 1.7828 1.829 1.8753 1.9215 1.9677 2.0138 2.0599 2.106 4.5772 4.58757 4.59805 4.60829 4.61874 4.62953 4.63944 4.64988 4.66021 4.6705 4.68115 4.69113 4.70147 4.71174 4.72196 4.73189 4.74248 4.75289 4.76319 4.77358 4.78376 4.79455 4.80504 4.81561 4.82619 4.83673 4.84738 4.85802 4.86875 4.87951 4.89026 4.90107 4.91197 4.92289 4.9338 4.94485 4.95579 4.96685 4.97792 4.989 5.00009 5.01119 5.02238 5.03357 5.04478 5.05599 5.06723 5.07836 5.08977 5.10115 5.11247 5.12274 
1.5 1.5 1.5 1.5 1.5 1.5 1.5 1.5 1.5 1.5 1.5 1.3195 1.3659 1.4122 1.4585 1.5048 1.5511 1.5974 1.6436 1.6899 1.7362 1.7824 1.8285 1.8748 1.9209 1.9671 2.0131 2.0592 2.1053 4.57235 4.58276 4.59323 4.6035 4.61387 4.62412 4.63458 4.64494 4.65528 4.66573 4.6763 4.6864 4.69669 4.70704 4.71739 4.72748 4.73818 4.74869 4.75924 4.76989 4.78019 4.79119 4.80192 4.8128 4.82355 4.83438 4.84532 4.85628 4.86721 4.87828 4.88938 4.90049 4.91171 4.92284 4.93408 4.94533 4.95656 4.96782 4.97909 4.99036 5.00166 5.01298 5.02437 5.03567 5.04709 5.0584 5.06984 5.08109 5.0925 5.10395 5.11543 5.12618 
1.5 1.5 1.5 1.5 1.5 1.5 1.5 1.5 1.5 1.5 1.5 1.3193 1.3657 1.412 1.4583 1.5045 1.5508 1.5971 1.6433 1.6896 1.7358 1.782 1.8281 1.8743 1.9205 1.9666 2.0126 2.0586 2.1047 2.1507 4.56679 4.57726 4.58765 4.59801 4.6087 4.61873 4.62909 4.63944 4.64987 4.66052 4.67061 4.68096 4.69136 4.70185 4.71205 4.72288 4.73349 4.74411 4.75486 4.76554 4.77666 4.78758 4.79858 4.80957 4.82064 4.8318 4.84299 4.85425 4.86551 4.87682 4.88836 4.89979 4.91123 4.92269 4.93426 4.94573 4.9572 4.96869 4.98019 4.9917 5.00324 5.01484 5.02625 5.03788 5.0493 5.06094 5.0723 5.08385 5.09549 5.10709 5.11848 
1.5 1.5 1.5 1.5 1.5 1.5 1.5 1.5 1.5 1.5 1.5 1.3191 1.3655 1.4118 1.4581 1.5043 1.5505 1.5968 1.643 1.6893 1.7355 1.7817 1.8278 1.874 1.9201 1.9661 2.0122 2.0582 2.1042 2.1502 2.1961 4.56164 4.57204 4.5824 4.59318 4.60312 4.61358 4.62394 4.63428 4.64499 4.65517 4.66562 4.67602 4.68663 4.69694 4.70792 4.71872 4.72949 4.74036 4.75101 4.76225 4.77335 4.78444 4.7956 4.8069 4.81823 4.82968 4.84125 4.8528 4.86438 4.87614 4.88772 4.89939 4.91117 4.92285 4.93455 4.94636 4.9581 4.96986 4.98165 4.99346 5.0052 5.01684 5.02869 5.04025 5.05211 5.06379 5.07538 5.08714 5.09896 5.11114 
1.5 1.5 1.5 1.5 1.5 1.5 1.5 1.5 1.5 1.5 1.5 1.3191 1.3653 1.4115 1.4578 1.5041 1.5503 1.5965 1.6428 1.689 1.7351 1.7813 1.8274 1.8735 1.9195 1.9655 2.0116 2.0574 2.1034 2.1493 2.1952 2.2411 4.55608 4.56633 4.5764 4.58685 4.59711 4.60746 4.6179 4.62851 4.63895 4.64957 4.6603 4.67097 4.68153 4.69272 4.70372 4.71477 4.7259 4.73704 4.74853 4.75994 4.77147 4.78311 4.79476 4.80648 4.8183 4.83011 4.84201 4.8538 4.86567 4.87745 4.88934 4.90116 4.91309 4.92485 4.93672 4.9485 4.9603 4.97211 4.98382 4.99546 5.00723 5.0188 5.03049 5.04189 5.0539 5.06493 5.07663 5.08824 5.09986 
