5
s 30 2 31
r 20 0.01 6 4.62573 0.01
r 22 0.01 6 4.26006 0.01
r 24 0.01 6 3.8319 0.01
r 26 0.01 6 3.46788 0.01
r 28 0.01 6 2.91755 0.01
r 30 0.01 6 2.71889 0.01
r 32 0.01 6 2.85753 0.01
r 34 0.01 6 3.27763 0.01
r 36 0.01 6 3.75461 0.01
r 38 0.01 6 4.23763 0.01
r 40 0.01 6 4.75797 0.01
r 42 0.01 6 5.27374 0.01
r 44 0.01 6 5.80583 0.01
r 46 0.01 6 6.23363 0.01
r 48 0.01 6 6.67216 0.01
r 50 0.01 6 7.17259 0.01
r 52 0.01 6 7.66881 0.01
r 54 0.01 6 8.15927 0.01
r 56 0.01 6 8.6297 0.01
r 58 0.01 6 9.08864 0.01
r 60 0.01 6 9.52314 0.01
r 62 0.01 6 9.97135 0.01
r 64 0.01 6 10.4459 0.01
r 66 0.01 6 10.9145 0.01
r 68 0.01 6 11.3617 0.01
r 70 0.01 6 11.7805 0.01
r 72 0.01 6 12.2048 0.01
r 74 0.01 6 12.6358 0.01
r 76 0.01 6 13.0582 0.01
r 78 0.01 6 13.4836 0.01
r 80 0.01 6 13.8991 0.01
s 40 2 31
r 20 0.01 6 7.0115 0.01
r 22 0.01 6 6.54883 0.01
r 24 0.01 6 6.11653 0.01
r 26 0.01 6 6.00421 0.01
r 28 0.01 6 5.27375 0.01
r 30 0.01 6 4.7579 0.01
r 32 0.01 6 4.27658 0.01
r 34 0.01 6 3.80243 0.01
r 36 0.01 6 3.36524 0.01
r 38 0.01 6 2.97471 0.01
r 40 0.01 6 2.84999 0.01
r 42 0.01 6 3.06586 0.01
r 44 0.01 6 3.51868 0.01
r 46 0.01 6 4.04487 0.01
r 48 0.01 6 4.4176 0.01
r 50 0.01 6 4.93031 0.01
r 52 0.01 6 5.41028 0.01
r 54 0.01 6 5.91685 0.01
r 56 0.01 6 6.40051 0.01
r 58 0.01 6 6.87527 0.01
r 60 0.01 6 7.32114 0.01
r 62 0.01 6 7.78448 0.01
r 64 0.01 6 8.28215 0.01
r 66 0.01 6 8.77685 0.01
r 68 0.01 6 9.24925 0.01
r 70 0.01 6 9.68631 0.01
r 72 0.01 6 10.1313 0.01
r 74 0.01 6 10.5863 0.01
r 76 0.01 6 11.0344 0.01
r 78 0.01 6 11.4868 0.01
r 80 0.01 6 11.9285 0.01
s 50 2 31
r 20 0.01 6 9.35097 0.01
r 22 0.01 6 8.90874 0.01
r 24 0.01 6 8.49054 0.01
r 26 0.01 6 8.11215 0.01
r 28 0.01 6 7.66786 0.01
r 30 0.01 6 7.17135 0.01
r 32 0.01 6 6.70156 0.01
r 34 0.01 6 6.24744 0.01
r 36 0.01 6 5.82263 0.01
r 38 0.01 6 5.40244 0.01
r 40 0.01 6 4.94686 0.01
r 42 0.01 6 4.40287 0.01
r 44 0.01 6 3.88861 0.01
r 46 0.01 6 3.45769 0.01
r 48 0.01 6 3.10253 0.01
r 50 0.01 6 2.975 0.01
r 52 0.01 6 3.17061 0.01
r 54 0.01 6 3.60125 0.01
r 56 0.01 6 4.09822 0.01
r 58 0.01 6 4.60275 0.01
r 60 0.01 6 5.00713 0.01
r 62 0.01 6 5.4756 0.01
r 64 0.01 6 5.98382 0.01
r 66 0.01 6 6.49916 0.01
r 68 0.01 6 6.99178 0.01
r 70 0.01 6 7.44265 0.01
r 72 0.01 6 7.90321 0.01
r 74 0.01 6 8.379 0.01
r 76 0.01 6 8.85032 0.01
r 78 0.01 6 9.32104 0.01
r 80 0.01 6 9.79011 0.01
s 60 2 31
r 20 0.01 6 11.5807 0.01
r 22 0.01 6 11.1625 0.01
r 24 0.01 6 10.7647 0.01
r 26 0.01 6 10.4034 0.01
r 28 0.01 6 9.98012 0.01
r 30 0.01 6 9.51004 0.01
r 32 0.01 6 9.05773 0.01
r 34 0.01 6 8.60857 0.01
r 36 0.01 6 8.18569 0.01
r 38 0.01 6 7.76168 0.01
r 40 0.01 6 7.3228 0.01
r 42 0.01 6 6.82526 0.01
r 44 0.01 6 6.52621 0.01
r 46 0.01 6 6.02567 0.01
r 48 0.01 6 5.50572 0.01
r 50 0.01 6 5.03471 0.01
r 52 0.01 6 4.53819 0.01
r 54 0.01 6 4.02535 0.01
r 56 0.01 6 3.52466 0.01
r 58 0.01 6 3.14182 0.01
r 60 0.01 6 2.97532 0.01
r 62 0.01 6 3.19161 0.01
r 64 0.01 6 3.6336 0.01
r 66 0.01 6 4.16354 0.01
r 68 0.01 6 4.72038 0.01
r 70 0.01 6 5.21442 0.01
r 72 0.01 6 5.68356 0.01
r 74 0.01 6 6.14175 0.01
r 76 0.01 6 6.6627 0.01
r 78 0.01 6 7.1416 0.01
r 80 0.01 6 7.55634 0.01
s 70 2 31
r 20 0.01 6 13.7095 0.01
r 22 0.01 6 13.3198 0.01
r 24 0.01 6 12.9465 0.01
r 26 0.01 6 12.6046 0.01
r 28 0.01 6 12.2116 0.01
r 30 0.01 6 11.7698 0.01
r 32 0.01 6 11.3436 0.01
r 34 0.01 6 10.9177 0.01
r 36 0.01 6 10.5132 0.01
r 38 0.01 6 10.1075 0.01
r 40 0.01 6 9.69224 0.01
r 42 0.01 6 9.21511 0.01
r 44 0.01 6 8.73619 0.01
r 46 0.01 6 8.30924 0.01
r 48 0.01 6 7.88142 0.01
r 50 0.01 6 7.43981 0.01
r 52 0.01 6 7.00027 0.01
r 54 0.01 6 6.54567 0.01
r 56 0.01 6 6.08836 0.01
r 58 0.01 6 5.5914 0.01
r 60 0.01 6 5.1917 0.01
r 62 0.01 6 4.64987 0.01
r 64 0.01 6 4.16244 0.01
r 66 0.01 6 3.67693 0.01
r 68 0.01 6 3.35756 0.01
r 70 0.01 6 3.20919 0.01
r 72 0.01 6 3.38208 0.01
r 74 0.01 6 3.74987 0.01
r 76 0.01 6 4.19896 0.01
r 78 0.01 6 4.67864 0.01
r 80 0.01 6 5.18365 0.01
