5
s 30 2 31
r 20 0.01 6 4.58379 0.01
r 22 0.01 6 4.26588 0.01
r 24 0.01 6 3.8052 0.01
r 26 0.01 6 3.39926 0.01
r 28 0.01 6 2.84282 0.01
r 30 0.01 6 2.65576 0.01
r 32 0.01 6 2.78572 0.01
r 34 0.01 6 3.20264 0.01
r 36 0.01 6 3.70385 0.01
r 38 0.01 6 4.20627 0.01
r 40 0.01 6 4.74854 0.01
r 42 0.01 6 5.27883 0.01
r 44 0.01 6 5.80423 0.01
r 46 0.01 6 6.24022 0.01
r 48 0.01 6 6.67183 0.01
r 50 0.01 6 7.17519 0.01
r 52 0.01 6 7.67277 0.01
r 54 0.01 6 8.16655 0.01
r 56 0.01 6 8.63626 0.01
r 58 0.01 6 9.09526 0.01
r 60 0.01 6 9.52058 0.01
r 62 0.01 6 9.96506 0.01
r 64 0.01 6 10.4475 0.01
r 66 0.01 6 10.9309 0.01
r 68 0.01 6 11.3744 0.01
r 70 0.01 6 11.7857 0.01
r 72 0.01 6 12.2095 0.01
r 74 0.01 6 12.6505 0.01
r 76 0.01 6 13.0648 0.01
r 78 0.01 6 13.4816 0.01
r 80 0.01 6 13.883 0.01
s 40 2 31
r 20 0.01 6 7.03612 0.01
r 22 0.01 6 6.57679 0.01
r 24 0.01 6 6.14408 0.01
r 26 0.01 6 6.04247 0.01
r 28 0.01 6 5.28254 0.01
r 30 0.01 6 4.74765 0.01
r 32 0.01 6 4.25048 0.01
r 34 0.01 6 3.75175 0.01
r 36 0.01 6 3.30614 0.01
r 38 0.01 6 2.92557 0.01
r 40 0.01 6 2.80046 0.01
r 42 0.01 6 3.0117 0.01
r 44 0.01 6 3.47967 0.01
r 46 0.01 6 4.04968 0.01
r 48 0.01 6 4.37755 0.01
r 50 0.01 6 4.91296 0.01
r 52 0.01 6 5.46271 0.01
r 54 0.01 6 5.99938 0.01
r 56 0.01 6 6.39731 0.01
r 58 0.01 6 6.87429 0.01
r 60 0.01 6 7.31669 0.01
r 62 0.01 6 7.77765 0.01
r 64 0.01 6 8.28189 0.01
r 66 0.01 6 8.78716 0.01
r 68 0.01 6 9.25749 0.01
r 70 0.01 6 9.67711 0.01
r 72 0.01 6 10.1194 0.01
r 74 0.01 6 10.5789 0.01
r 76 0.01 6 11.0215 0.01
r 78 0.01 6 11.4823 0.01
r 80 0.01 6 11.9261 0.01
s 50 2 31
r 20 0.01 6 9.35062 0.01
r 22 0.01 6 8.91514 0.01
r 24 0.01 6 8.50038 0.01
r 26 0.01 6 8.11921 0.01
r 28 0.01 6 7.67499 0.01
r 30 0.01 6 7.17542 0.01
r 32 0.01 6 6.70177 0.01
r 34 0.01 6 6.28364 0.01
r 36 0.01 6 5.77681 0.01
r 38 0.01 6 5.46572 0.01
r 40 0.01 6 4.92681 0.01
r 42 0.01 6 4.35409 0.01
r 44 0.01 6 3.83037 0.01
r 46 0.01 6 3.39607 0.01
r 48 0.01 6 3.04458 0.01
r 50 0.01 6 2.92796 0.01
r 52 0.01 6 3.12805 0.01
r 54 0.01 6 3.56874 0.01
r 56 0.01 6 4.10414 0.01
r 58 0.01 6 4.59374 0.01
r 60 0.01 6 5.00953 0.01
r 62 0.01 6 5.49994 0.01
r 64 0.01 6 5.98196 0.01
r 66 0.01 6 6.50524 0.01
r 68 0.01 6 7.15136 0.01
r 70 0.01 6 7.43608 0.01
r 72 0.01 6 7.88783 0.01
r 74 0.01 6 8.36957 0.01
r 76 0.01 6 8.83437 0.01
r 78 0.01 6 9.3067 0.01
r 80 0.01 6 9.78072 0.01
s 60 2 31
r 20 0.01 6 11.5765 0.01
r 22 0.01 6 11.1676 0.01
r 24 0.01 6 10.768 0.01
r 26 0.01 6 10.402 0.01
r 28 0.01 6 9.98058 0.01
r 30 0.01 6 9.50773 0.01
r 32 0.01 6 9.05423 0.01
r 34 0.01 6 8.60559 0.01
r 36 0.01 6 8.17672 0.01
r 38 0.01 6 7.75372 0.01
r 40 0.01 6 7.32709 0.01
r 42 0.01 6 6.8156 0.01
r 44 0.01 6 6.50349 0.01
r 46 0.01 6 6.08138 0.01
r 48 0.01 6 5.53255 0.01
r 50 0.01 6 5.01335 0.01
r 52 0.01 6 4.5423 0.01
r 54 0.01 6 4.07852 0.01
r 56 0.01 6 3.48436 0.01
r 58 0.01 6 3.10255 0.01
r 60 0.01 6 2.93598 0.01
r 62 0.01 6 3.15788 0.01
r 64 0.01 6 3.62063 0.01
r 66 0.01 6 4.16568 0.01
r 68 0.01 6 4.74795 0.01
r 70 0.01 6 5.20646 0.01
r 72 0.01 6 5.68691 0.01
r 74 0.01 6 6.19844 0.01
r 76 0.01 6 6.61786 0.01
r 78 0.01 6 7.14821 0.01
r 80 0.01 6 7.6725 0.01
s 70 2 31
r 20 0.01 6 13.7007 0.01
r 22 0.01 6 13.323 0.01
r 24 0.01 6 12.9627 0.01
r 26 0.01 6 12.6214 0.01
r 28 0.01 6 12.224 0.01
r 30 0.01 6 11.7683 0.01
r 32 0.01 6 11.3352 0.01
r 34 0.01 6 10.9056 0.01
r 36 0.01 6 10.499 0.01
r 38 0.01 6 10.0964 0.01
r 40 0.01 6 9.68337 0.01
r 42 0.01 6 9.19921 0.01
r 44 0.01 6 8.71808 0.01
r 46 0.01 6 8.29445 0.01
r 48 0.01 6 7.86715 0.01
r 50 0.01 6 7.43342 0.01
r 52 0.01 6 7.05337 0.01
r 54 0.01 6 6.57342 0.01
r 56 0.01 6 6.09153 0.01
r 58 0.01 6 5.55871 0.01
r 60 0.01 6 5.31175 0.01
r 62 0.01 6 4.67257 0.01
r 64 0.01 6 4.16132 0.01
r 66 0.01 6 3.67657 0.01
r 68 0.01 6 3.34043 0.01
r 70 0.01 6 3.20034 0.01
r 72 0.01 6 3.37125 0.01
r 74 0.01 6 3.76836 0.01
r 76 0.01 6 4.28203 0.01
r 78 0.01 6 4.7144 0.01
r 80 0.01 6 5.21582 0.01
