5
s 30 2 31
r 20 0.01 0 3.67459 0.01
r 22 0.01 0 3.39397 0.01
r 24 0.01 0 3.1376 0.01
r 26 0.01 0 2.97845 0.01
r 28 0.01 0 1.88091 0.01
r 30 0.01 0 1.32667 0.01
r 32 0.01 0 1.88091 0.01
r 34 0.01 0 2.97845 0.01
r 36 0.01 0 3.2209 0.01
r 38 0.01 0 3.53071 0.01
r 40 0.01 0 3.87656 0.01
r 42 0.01 0 4.22114 0.01
r 44 0.01 0 4.51888 0.01
r 46 0.01 0 4.73976 0.01
r 48 0.01 0 5.01583 0.01
r 50 0.01 0 5.35826 0.01
r 52 0.01 0 5.69714 0.01
r 54 0.01 0 6.0222 0.01
r 56 0.01 0 6.3062 0.01
r 58 0.01 0 6.55922 0.01
r 60 0.01 0 6.81236 0.01
r 62 0.01 0 7.10631 0.01
r 64 0.01 0 7.48902 0.01
r 66 0.01 0 7.84384 0.01
r 68 0.01 0 8.06952 0.01
r 70 0.01 0 8.31925 0.01
r 72 0.01 0 8.60308 0.01
r 74 0.01 0 8.92027 0.01
r 76 0.01 0 9.19951 0.01
r 78 0.01 0 9.56602 0.01
r 80 0.01 0 9.84543 0.01
s 40 2 31
r 20 0.01 0 5.13112 0.01
r 22 0.01 0 4.85029 0.01
r 24 0.01 0 4.594 0.01
r 26 0.01 0 4.40341 0.01
r 28 0.01 0 4.20085 0.01
r 30 0.01 0 3.8776 0.01
r 32 0.01 0 3.56891 0.01
r 34 0.01 0 3.28679 0.01
r 36 0.01 0 2.97845 0.01
r 38 0.01 0 1.88091 0.01
r 40 0.01 0 1.32667 0.01
r 42 0.01 0 1.88091 0.01
r 44 0.01 0 2.97845 0.01
r 46 0.01 0 3.43322 0.01
r 48 0.01 0 3.70873 0.01
r 50 0.01 0 4.04944 0.01
r 52 0.01 0 4.39041 0.01
r 54 0.01 0 4.72125 0.01
r 56 0.01 0 5.00529 0.01
r 58 0.01 0 5.26186 0.01
r 60 0.01 0 5.51494 0.01
r 62 0.01 0 5.81069 0.01
r 64 0.01 0 6.19863 0.01
r 66 0.01 0 6.5613 0.01
r 68 0.01 0 6.78944 0.01
r 70 0.01 0 7.03881 0.01
r 72 0.01 0 7.32621 0.01
r 74 0.01 0 7.65055 0.01
r 76 0.01 0 7.93402 0.01
r 78 0.01 0 8.30543 0.01
r 80 0.01 0 8.59418 0.01
s 50 2 31
r 20 0.01 0 6.60049 0.01
r 22 0.01 0 6.32355 0.01
r 24 0.01 0 6.06677 0.01
r 26 0.01 0 5.87649 0.01
r 28 0.01 0 5.67711 0.01
r 30 0.01 0 5.35834 0.01
r 32 0.01 0 5.05152 0.01
r 34 0.01 0 4.76898 0.01
r 36 0.01 0 4.51291 0.01
r 38 0.01 0 4.29614 0.01
r 40 0.01 0 4.07502 0.01
r 42 0.01 0 3.77736 0.01
r 44 0.01 0 3.43599 0.01
r 46 0.01 0 2.97845 0.01
r 48 0.01 0 1.88091 0.01
r 50 0.01 0 1.32667 0.01
r 52 0.01 0 1.88091 0.01
r 54 0.01 0 2.97845 0.01
r 56 0.01 0 3.65191 0.01
r 58 0.01 0 3.90966 0.01
r 60 0.01 0 4.16359 0.01
r 62 0.01 0 4.46019 0.01
r 64 0.01 0 4.85304 0.01
r 66 0.01 0 5.22289 0.01
r 68 0.01 0 5.45135 0.01
r 70 0.01 0 5.70131 0.01
r 72 0.01 0 5.98962 0.01
r 74 0.01 0 6.3184 0.01
r 76 0.01 0 6.60595 0.01
r 78 0.01 0 6.98299 0.01
r 80 0.01 0 7.28043 0.01
s 60 2 31
r 20 0.01 0 8.02652 0.01
r 22 0.01 0 7.7536 0.01
r 24 0.01 0 7.49786 0.01
r 26 0.01 0 7.30823 0.01
r 28 0.01 0 7.11323 0.01
r 30 0.01 0 6.79893 0.01
r 32 0.01 0 6.49505 0.01
r 34 0.01 0 6.21654 0.01
r 36 0.01 0 5.96016 0.01
r 38 0.01 0 5.74357 0.01
r 40 0.01 0 5.52355 0.01
r 42 0.01 0 5.23038 0.01
r 44 0.01 0 4.89139 0.01
r 46 0.01 0 4.61454 0.01
r 48 0.01 0 4.3952 0.01
r 50 0.01 0 4.17193 0.01
r 52 0.01 0 3.91414 0.01
r 54 0.01 0 3.62977 0.01
r 56 0.01 0 2.97845 0.01
r 58 0.01 0 1.88091 0.01
r 60 0.01 0 1.32667 0.01
r 62 0.01 0 1.88091 0.01
r 64 0.01 0 2.97845 0.01
r 66 0.01 0 3.7231 0.01
r 68 0.01 0 4.07138 0.01
r 70 0.01 0 4.31707 0.01
r 72 0.01 0 4.60701 0.01
r 74 0.01 0 4.93639 0.01
r 76 0.01 0 5.22637 0.01
r 78 0.01 0 5.6068 0.01
r 80 0.01 0 5.90894 0.01
s 70 2 31
r 20 0.01 0 9.50753 0.01
r 22 0.01 0 9.24135 0.01
r 24 0.01 0 8.99171 0.01
r 26 0.01 0 8.80331 0.01
r 28 0.01 0 8.61436 0.01
r 30 0.01 0 8.30622 0.01
r 32 0.01 0 8.00849 0.01
r 34 0.01 0 7.73369 0.01
r 36 0.01 0 7.47999 0.01
r 38 0.01 0 7.26561 0.01
r 40 0.01 0 7.04728 0.01
r 42 0.01 0 6.76088 0.01
r 44 0.01 0 6.42599 0.01
r 46 0.01 0 6.14981 0.01
r 48 0.01 0 5.9312 0.01
r 50 0.01 0 5.70923 0.01
r 52 0.01 0 5.45475 0.01
r 54 0.01 0 5.17244 0.01
r 56 0.01 0 4.84862 0.01
r 58 0.01 0 4.55881 0.01
r 60 0.01 0 4.33224 0.01
r 62 0.01 0 4.16267 0.01
r 64 0.01 0 3.7231 0.01
r 66 0.01 0 2.97845 0.01
r 68 0.01 0 1.88091 0.01
r 70 0.01 0 1.32667 0.01
r 72 0.01 0 1.88091 0.01
r 74 0.01 0 2.97845 0.01
r 76 0.01 0 3.7231 0.01
r 78 0.01 0 4.28738 0.01
r 80 0.01 0 4.59166 0.01
