5
s 30 2 31
r 20 0.01 6 4.55253 0.01
r 22 0.01 6 4.11978 0.01
r 24 0.01 6 3.71168 0.01
r 26 0.01 6 3.35821 0.01
r 28 0.01 6 2.83693 0.01
r 30 0.01 6 2.6556 0.01
r 32 0.01 6 2.78558 0.01
r 34 0.01 6 3.18338 0.01
r 36 0.01 6 3.62792 0.01
r 38 0.01 6 4.08153 0.01
r 40 0.01 6 4.57972 0.01
r 42 0.01 6 5.07034 0.01
r 44 0.01 6 5.55491 0.01
r 46 0.01 6 5.93768 0.01
r 48 0.01 6 6.33384 0.01
r 50 0.01 6 6.79598 0.01
r 52 0.01 6 7.25294 0.01
r 54 0.01 6 7.70088 0.01
r 56 0.01 6 8.11036 0.01
r 58 0.01 6 8.5189 0.01
r 60 0.01 6 8.88987 0.01
r 62 0.01 6 9.29468 0.01
r 64 0.01 6 9.74811 0.01
r 66 0.01 6 10.1962 0.01
r 68 0.01 6 10.5772 0.01
r 70 0.01 6 10.9401 0.01
r 72 0.01 6 11.3284 0.01
r 74 0.01 6 11.7376 0.01
r 76 0.01 6 12.1169 0.01
r 78 0.01 6 12.5335 0.01
r 80 0.01 6 12.9555 0.01
s 40 2 31
r 20 0.01 6 6.61817 0.01
r 22 0.01 6 6.19823 0.01
r 24 0.01 6 5.80904 0.01
r 26 0.01 6 5.63467 0.01
r 28 0.01 6 5.06467 0.01
r 30 0.01 6 4.58035 0.01
r 32 0.01 6 4.1284 0.01
r 34 0.01 6 3.68329 0.01
r 36 0.01 6 3.27968 0.01
r 38 0.01 6 2.91592 0.01
r 40 0.01 6 2.80035 0.01
r 42 0.01 6 3.01348 0.01
r 44 0.01 6 3.58974 0.01
r 46 0.01 6 4.01434 0.01
r 48 0.01 6 4.38096 0.01
r 50 0.01 6 4.79668 0.01
r 52 0.01 6 5.20465 0.01
r 54 0.01 6 5.67691 0.01
r 56 0.01 6 6.11527 0.01
r 58 0.01 6 6.54338 0.01
r 60 0.01 6 6.93017 0.01
r 62 0.01 6 7.35205 0.01
r 64 0.01 6 7.82454 0.01
r 66 0.01 6 8.29371 0.01
r 68 0.01 6 8.69506 0.01
r 70 0.01 6 9.06623 0.01
r 72 0.01 6 9.46665 0.01
r 74 0.01 6 9.88937 0.01
r 76 0.01 6 10.2876 0.01
r 78 0.01 6 10.7165 0.01
r 80 0.01 6 11.1421 0.01
s 50 2 31
r 20 0.01 6 8.73366 0.01
r 22 0.01 6 8.33194 0.01
r 24 0.01 6 7.95777 0.01
r 26 0.01 6 7.62795 0.01
r 28 0.01 6 7.24308 0.01
r 30 0.01 6 6.79254 0.01
r 32 0.01 6 6.36176 0.01
r 34 0.01 6 5.93386 0.01
r 36 0.01 6 5.53702 0.01
r 38 0.01 6 5.30877 0.01
r 40 0.01 6 4.8179 0.01
r 42 0.01 6 4.26656 0.01
r 44 0.01 6 3.77576 0.01
r 46 0.01 6 3.37805 0.01
r 48 0.01 6 3.0308 0.01
r 50 0.01 6 2.92782 0.01
r 52 0.01 6 3.12591 0.01
r 54 0.01 6 3.66555 0.01
r 56 0.01 6 4.0356 0.01
r 58 0.01 6 4.49565 0.01
r 60 0.01 6 4.8356 0.01
r 62 0.01 6 5.26662 0.01
r 64 0.01 6 5.76137 0.01
r 66 0.01 6 6.25947 0.01
r 68 0.01 6 6.68553 0.01
r 70 0.01 6 7.07229 0.01
r 72 0.01 6 7.48857 0.01
r 74 0.01 6 7.92894 0.01
r 76 0.01 6 8.34521 0.01
r 78 0.01 6 8.79055 0.01
r 80 0.01 6 9.23251 0.01
s 60 2 31
r 20 0.01 6 10.7396 0.01
r 22 0.01 6 10.3508 0.01
r 24 0.01 6 9.98805 0.01
r 26 0.01 6 9.66967 0.01
r 28 0.01 6 9.30726 0.01
r 30 0.01 6 8.87918 0.01
r 32 0.01 6 8.46836 0.01
r 34 0.01 6 8.06646 0.01
r 36 0.01 6 7.6892 0.01
r 38 0.01 6 7.31767 0.01
r 40 0.01 6 6.94221 0.01
r 42 0.01 6 6.48536 0.01
r 44 0.01 6 6.01746 0.01
r 46 0.01 6 5.61899 0.01
r 48 0.01 6 5.35645 0.01
r 50 0.01 6 4.86102 0.01
r 52 0.01 6 4.42863 0.01
r 54 0.01 6 4.03237 0.01
r 56 0.01 6 3.47323 0.01
r 58 0.01 6 3.08405 0.01
r 60 0.01 6 2.93587 0.01
r 62 0.01 6 3.15799 0.01
r 64 0.01 6 3.6107 0.01
r 66 0.01 6 4.14409 0.01
r 68 0.01 6 4.73873 0.01
r 70 0.01 6 5.0789 0.01
r 72 0.01 6 5.71172 0.01
r 74 0.01 6 6.09506 0.01
r 76 0.01 6 6.29915 0.01
r 78 0.01 6 6.75603 0.01
r 80 0.01 6 7.22355 0.01
s 70 2 31
r 20 0.01 6 12.7153 0.01
r 22 0.01 6 12.3443 0.01
r 24 0.01 6 11.9949 0.01
r 26 0.01 6 11.6892 0.01
r 28 0.01 6 11.3406 0.01
r 30 0.01 6 10.9313 0.01
r 32 0.01 6 10.5356 0.01
r 34 0.01 6 10.1516 0.01
r 36 0.01 6 9.78969 0.01
r 38 0.01 6 9.43622 0.01
r 40 0.01 6 9.0786 0.01
r 42 0.01 6 8.64991 0.01
r 44 0.01 6 8.2131 0.01
r 46 0.01 6 7.82889 0.01
r 48 0.01 6 7.45845 0.01
r 50 0.01 6 7.08224 0.01
r 52 0.01 6 6.66513 0.01
r 54 0.01 6 6.23945 0.01
r 56 0.01 6 5.96918 0.01
r 58 0.01 6 5.4554 0.01
r 60 0.01 6 5.16547 0.01
r 62 0.01 6 4.73827 0.01
r 64 0.01 6 4.14116 0.01
r 66 0.01 6 3.67796 0.01
r 68 0.01 6 3.3449 0.01
r 70 0.01 6 3.20024 0.01
r 72 0.01 6 3.37638 0.01
r 74 0.01 6 3.912 0.01
r 76 0.01 6 4.2435 0.01
r 78 0.01 6 4.69857 0.01
r 80 0.01 6 5.141 0.01
